 [
  4.854378 3.948554 4.453648 4.962261 5.089342 5.266398 5.639604 6.394419 6.5687 6.750199 6.917007 6.956031 7.028354 7.631575 8.116392 8.583805 8.482244 9.206771 9.686 9.812613 10.02814 10.09523 10.39895 
  4.921612 4.804178 4.987422 5.711801 5.999733 5.653196 6.017902 5.921983 6.32728 6.182395 7.342356 7.032929 7.76773 8.306107 8.696503 8.545438 9.253417 9.455046 9.661726 10.30066 10.30685 10.40441 10.55193 
  4.182032 3.765206 4.720535 4.846947 4.847642 4.772156 5.020569 5.226553 5.969553 6.256456 6.299199 6.802232 8.45923 8.661421 7.696936 8.724483 8.53971 9.272106 9.406846 10.11241 10.26237 10.2264 9.987078 
  5.358637 4.040228 4.275723 4.731633 5.258533 5.180443 4.470317 5.096161 5.325645 5.614591 6.990556 7.77516 7.702007 7.890223 8.319764 9.007093 9.009014 9.38971 9.976494 10.23007 10.18685 10.28261 10.5637 
  5.56034 4.498598 4.54261 5.33703 5.666733 4.557268 4.435926 5.509072 6.68195 6.676138 7.108234 7.711641 7.422688 8.045411 8.25621 8.622171 9.614079 10.08053 9.564629 9.693652 10.06341 10.5522 10.99203 
  5.493106 3.581858 4.750189 4.818118 4.895982 5.030021 4.642271 5.422143 6.738575 6.602077 6.990556 7.83868 7.964897 8.365325 8.646577 9.05014 9.201894 9.540162 9.954499 9.852265 9.745991 10.59258 10.63431 
  6.130826 5.022738 4.097798 4.731633 4.460922 5.22342 6.052293 6.686148 6.005326 5.910836 6.872879 6.840682 7.373396 7.60571 7.633382 9.05014 8.66422 9.540162 9.151966 9.622276 10.15158 10.42315 10.97105 
  5.862896 3.979112 4.275723 5.221717 5.306872 5.352353 5.364477 5.835054 6.965074 7.131296 6.519845 6.840682 7.833452 8.14887 8.078259 8.634961 8.654642 8.945429 9.637451 10.04182 10.10749 10.5522 10.80317 
  6.733668 4.712504 3.890219 5.452344 5.355213 5.39533 5.536431 5.465608 6.076871 6.404579 6.990556 6.783008 7.784161 8.424544 7.92573 8.200135 8.769573 9.648236 10.04248 10.06535 10.14276 10.7541 10.99203 
  5.627575 3.85688 4.868805 4.587491 4.485092 4.836622 4.435926 6.008911 6.68195 6.700825 7.342356 6.571535 7.20909 7.359994 8.546724 8.379181 8.482244 9.376643 9.976494 10.06535 9.966419 10.47144 10.84514 
  6.264791 7.620565 9.690211 10.45765 10.16224 9.193231 9.156263 9.895161 10.02282 8.99509 8.65389 8.664428 8.644606 9.312832 10.34407 9.911083 9.45951 9.864385 10.26243 10.48891 10.50697 10.79447 10.38718 
  6.331773 7.778009 10.60836 11.17667 10.57849 8.940371 8.811378 9.778469 10.19269 8.936848 8.719467 8.664428 8.521022 9.253613 10.39399 9.997177 10.07779 10.33271 11.14223 11.33604 10.97393 10.71372 10.62254 
  5.425871 4.16246 6.629719 7.078271 5.306872 5.330864 5.364477 5.270018 5.486622 6.256456 6.416877 6.417737 7.817021 8.72064 8.496798 9.007093 9.407987 9.612212 9.844524 10.18301 10.4625 10.42315 10.5284 
  3.71139 3.39851 5.195001 5.855943 5.500233 5.653196 3.851283 5.009232 6.005326 6.478641 6.622813 7.711641 8.026689 7.903155 8.052837 8.920999 8.961125 8.631819 9.491806 9.757098 10.05459 10.17955 10.21067 
  5.661192 4.590272 4.364685 4.645147 5.186022 4.664711 4.401536 5.465608 5.79069 6.528015 7.078815 7.340526 7.554132 8.246887 8.065549 8.596594 8.491822 9.16757 10.02048 9.772959 10.08104 10.21703 10.78219 
  4.450971 3.887438 4.868805 4.03975 4.920152 5.201931 5.433259 6.569456 5.522395 5.318345 7.473509 7.902199 7.47198 8.019547 8.496798 8.443126 8.86535 9.540162 9.467531 10.01829 9.842979 9.851635 10.80317 
  5.089699 3.520742 4.39434 4.010921 3.953351 4.277913 5.467649 5.117893 5.468736 5.960211 6.7552 7.148278 7.340535 7.851426 8.230788 8.532649 8.817461 9.0761 9.455394 9.463663 9.631368 10.40441 10.38718 
  4.551822 3.5513 4.18676 4.068578 4.702622 4.51429 4.745443 5.530804 5.647599 6.478641 6.990556 7.302076 7.241951 8.174735 8.446872 8.532649 8.53971 9.363576 8.957771 9.693652 9.957603 10.17955 10.7612 
  5.123316 2.909582 4.868805 5.16406 4.871812 5.459797 4.848616 4.813643 6.398826 6.750199 6.26978 7.109829 7.685577 7.644507 7.735068 8.110612 8.740841 9.259039 10.15245 9.971226 10.11631 10.61277 10.90809 
  6.599703 4.437482 4.216414 5.682972 5.113513 4.492801 5.570822 5.552536 5.468736 6.355205 6.81404 7.013705 7.061215 7.916088 8.116392 8.920999 9.356463 9.468113 9.734549 9.852265 10.39579 10.23577 10.66961 
  6.867633 4.944016 5.521196 5.999746 4.992662 5.39533 6.742064 6.977876 6.076871 6.774886 6.563974 6.513861 7.340535 7.709169 8.25621 8.877952 8.846194 9.415845 9.443257 10.13594 10.39579 10.47144 10.92908 
  6.666686 6.439734 9.384162 10.81716 10.41199 10.12038 10.53581 10.47862 11.49506 12.25673 12.45734 12.2215 11.6724 11.20784 11.69207 11.71906 11.93262 11.73767 11.56014 11.94785 11.59655 11.92509 12.50293 
  6.666686 4.31525 9.460674 10.67336 9.496238 8.518938 9.432172 9.370049 10.24932 10.91713 11.01465 10.8876 10.37477 9.786585 10.24421 10.34155 10.59302 10.58488 10.46039 10.77129 10.86275 11.07713 11.36976 
  4.753526 5.10146 6.323669 7.00637 6.915484 7.423213 7.569789 8.028099 7.871072 8.179681 8.45716 8.982023 9.200731 8.365325 8.408739 8.865163 9.614079 9.864385 9.51608 9.860196 10.17803 10.71372 10.44602 
  8.006336 8.565229 11.14395 12.5428 12.24349 12.05897 12.19126 12.17064 12.11794 12.83917 12.71965 12.47557 12.66107 12.21457 12.19133 11.71906 11.8811 11.16127 10.72433 10.91247 10.64039 10.65315 11.15991 
  6.331773 5.88868 9.843236 10.96096 9.163238 8.856085 9.225241 8.96163 9.003569 9.926988 9.637541 9.363138 9.818648 9.075955 9.345543 9.265376 9.717125 9.468113 9.722411 10.27713 10.19567 10.42315 10.92908 
  5.123316 4.865294 5.402579 7.365878 5.749983 6.158916 7.707744 8.261481 7.644572 8.354411 9.244081 10.12537 9.942232 9.490489 10.54377 10.16937 9.974741 10.33271 10.06447 11.03013 11.12959 11.5213 11.76847 
  4.753526 5.258904 6.01762 7.150173 6.582484 7.676073 7.983652 8.319827 8.720445 9.46104 10.22773 10.18889 9.88044 10.49722 10.84333 10.3846 10.74759 10.26066 10.68034 11.17132 11.26301 12.20774 13.02755 
  7.403493 8.014175 10.37882 11.39237 11.24449 11.46897 11.77739 12.28733 12.79743 13.30511 13.83445 13.36484 12.90824 12.9252 12.8903 12.70915 12.96309 12.53021 12.54992 12.58319 12.28587 12.14717 12.88066 
  5.526723 5.337626 8.925088 9.522928 8.413986 8.687511 9.018309 9.545087 10.30594 11.03362 11.40811 11.64983 11.6724 11.74082 12.09148 11.76211 11.98414 11.95382 12.28598 12.72438 12.15245 12.69229 13.00657 
  5.291402 5.967402 9.0016 9.810535 9.829238 9.951809 10.60478 11.00373 11.43844 12.37322 13.04753 13.5554 13.34078 13.2213 13.93875 13.61314 13.52984 13.17866 12.41795 12.65378 12.77507 12.99513 13.65855 
  7.671423 6.439734 7.624379 8.372501 8.330736 7.591786 7.914675 9.019976 9.796317 10.27645 11.47369 11.84038 11.23986 11.3855 12.04156 12.27868 13.01461 12.38612 12.74945 12.8185 12.35258 12.83361 13.59218 
  11.69037 12.81622 12.67419 12.32709 12.32674 11.8904 11.43251 9.836815 11.21194 12.25673 13.24426 13.30132 12.78465 13.33973 12.99015 12.92438 14.19964 13.03456 12.82428 12.72438 12.86401 12.65191 12.58687 
  14.8961 16.5406 16.45724 16.68855 17.43183 18.35497 17.52155 17.05014 17.35304 17.58322 16.79099 15.71505 15.50349 15.59006 15.23159 15.37486 15.92425 14.07928 12.06603 12.98322 13.33754 13.28553 14.08994 
  15.24069 16.1853 16.69942 17.11213 18.21681 19.7054 19.34237 18.37435 18.74288 18.87511 18.45134 17.22787 16.49623 16.79246 16.5619 17.04022 18.03892 15.96725 12.198 14.45337 15.01282 14.78569 15.51686 
  15.04925 15.98226 16.51313 16.72113 18.05327 19.98674 20.25278 19.03645 19.66944 19.84402 19.24198 18.00826 17.2515 17.02894 16.75898 17.4103 18.60283 16.50667 12.54992 13.9455 14.58579 14.64679 15.05228 
  14.97268 15.72847 16.47587 16.52563 18.21681 19.93047 20.61695 19.3675 20.24854 20.70528 19.63731 18.56569 17.96235 17.50189 17.10387 17.53366 18.27388 15.31224 12.46194 14.2128 14.91427 14.00783 13.85765 
  14.92163 15.65233 16.41998 16.42788 18.15139 19.81793 20.61695 20.0296 20.71182 21.02826 19.95356 18.8444 18.53991 18.05367 17.64585 17.84206 18.32088 14.96547 11.91206 13.59801 14.45439 14.50788 14.22268 
  14.93439 15.62695 16.40135 16.49304 18.08598 19.64913 20.61695 20.471 20.82764 21.02826 19.79543 18.78865 18.31777 17.97485 17.64585 18.0271 18.32088 14.88841 12.52792 13.6782 14.58579 14.61901 14.15631 
  14.95992 15.70309 16.45724 16.46046 17.98786 19.59286 20.52591 20.58135 20.94346 21.13591 19.95356 18.90014 18.58434 18.09309 17.69512 17.84206 17.85095 14.27193 12.26398 13.57128 14.48724 14.11895 13.92402 
  15.01097 15.67771 16.45724 16.49304 17.98786 19.59286 20.52591 20.58135 20.82764 21.13591 20.03263 19.01163 18.58434 18.25074 17.69512 17.84206 17.85095 14.19487 12.52792 13.91877 14.48724 14.00783 14.02357 
  15.06202 15.75385 16.4945 16.55821 18.05327 19.59286 20.61695 20.58135 20.71182 21.13591 20.26982 18.95588 18.58434 18.17191 17.79366 18.15046 18.22689 14.46458 13.34807 14.66721 15.11137 14.25786 13.62537 
  15.1003 15.75385 16.55039 16.49304 18.08598 19.59286 20.52591 20.471 20.596 21.13591 20.34888 19.23459 18.6732 18.25074 17.94147 18.21214 18.36787 15.04253 13.17347 14.2128 14.84858 13.89671 13.52581 
  15.11306 15.72847 16.66216 16.23237 17.62808 19.25526 20.34383 20.2503 20.24854 21.02826 20.42795 19.23459 18.45106 18.21133 17.8922 18.27382 18.46185 14.88841 12.99888 13.65147 13.79742 13.59112 13.79129 
  15.1003 15.60157 16.75531 15.80878 17.39912 19.03019 20.16174 20.0296 19.78526 20.81294 20.50701 19.17885 18.40663 18.09309 17.64585 17.90374 18.41486 14.92694 12.94899 13.4109 13.69888 13.84115 13.62537 
  15.07478 15.55081 16.73668 15.45036 17.23559 18.86138 19.88862 19.5882 19.32198 20.38231 20.58608 19.06737 18.18449 18.09309 17.69512 17.47198 17.99193 15.62048 13.32312 13.4109 13.79742 14.2023 14.02357 
  15.03649 15.4493 16.64353 15.28744 17.10476 18.80512 19.6155 19.03645 18.97452 20.05934 20.58608 19.17885 18.31777 18.01426 17.74439 17.7187 18.13291 15.62048 13.22336 12.91263 13.0419 13.70224 13.559 
  14.9982 15.37316 16.47587 15.41778 16.90851 18.69258 19.52446 18.4847 18.2796 19.62871 20.26982 19.29034 18.22892 18.09309 17.69512 17.34862 17.89794 15.08106 12.35196 13.1436 13.33754 13.6189 13.52581 
  14.92163 15.29702 16.41998 15.18969 16.74498 18.58005 19.25133 18.04329 17.7005 18.98277 19.8745 19.12311 18.09563 18.17191 17.54731 17.16358 17.80396 15.7746 13.67231 13.65147 14.12591 14.75791 14.72044 
  14.87058 15.24626 16.27095 15.54811 16.71227 18.46751 18.97821 17.49154 17.00558 18.33682 19.47918 18.95588 18.00678 17.89602 17.44877 16.85518 17.38102 15.81313 13.94668 13.75839 14.15876 14.75791 14.45497 
  14.80677 15.14475 16.04739 15.64586 16.61415 18.46751 18.70509 16.71909 16.5423 17.58322 19.16292 18.78865 17.51807 17.97485 17.20242 16.23838 16.91109 15.7746 14.12127 13.46436 14.15876 14.67457 14.3886 
  14.71743 15.06861 15.58166 15.38519 16.48332 18.35497 17.79468 16.05699 15.73156 16.39899 18.53041 18.39846 16.85165 17.226 16.36481 15.00478 16.06522 15.27371 13.92173 12.91263 13.60033 14.03561 13.89084 
  14.43666 15.06861 15.78658 15.18969 16.3852 17.67976 16.88427 15.28454 14.92083 15.8607 17.10724 17.50658 16.98494 16.79246 15.67502 15.06646 15.87725 14.42605 11.78009 11.57135 12.50823 12.97494 13.42626 
  14.30269 14.94171 15.63755 14.98746 16.54873 16.94828 15.88282 14.29139 14.22591 15.1071 16.63286 17.17212 16.89608 16.98952 15.87211 15.2515 16.11222 14.84988 12.79934 11.21838 12.10798 12.22793 13.09051 
  14.23571 14.78427 15.50515 14.91555 16.15625 16.44187 14.88136 13.62928 13.64681 14.3535 15.60502 16.44747 16.4518 16.08302 14.83742 14.38799 15.64229 14.07928 11.49415 10.41832 11.37419 12.02603 13.06952 
  14.30269 14.94171 15.58166 15.05936 15.32374 15.68329 14.19159 12.98748 13.13718 13.82931 14.94925 15.77857 15.87424 15.76772 14.23831 13.13962 14.45726 13.14263 11.25221 9.907781 10.9517 11.44054 12.14619 
  14.52599 15.17013 15.67481 15.25486 15.07399 14.75614 13.50182 12.46237 12.62756 13.65458 14.75253 15.07986 15.19453 15.05709 13.48941 12.79524 13.58136 12.53021 11.31819 10.15948 10.61815 10.95599 11.83142 
  14.56428 14.94171 15.35212 14.55605 14.15824 13.49184 12.26023 11.29546 11.89144 12.83917 13.90003 14.44466 14.51482 14.28724 12.94023 12.62305 13.01461 12.16997 10.46039 9.693652 10.64039 10.81466 11.66354 
  13.69985 14.31194 14.51049 14.12464 12.74299 11.63754 11.29455 9.720123 9.626442 11.55781 13.04753 13.17428 13.27899 13.2213 11.59222 11.41773 11.52044 10.6209 10.32841 10.11241 10.04577 10.71372 11.3068 
  10.8196 9.824781 9.460674 10.67336 7.831236 8.013219 8.673424 8.436519 7.418073 9.926988 10.49004 10.8876 11.54882 11.14863 10.5937 10.72898 11.52044 11.16127 11.40617 11.03013 11.01841 11.5213 11.62157 
  8.408231 8.092897 7.700891 7.86919 7.997736 8.350365 8.7424 7.969753 9.003569 10.56767 11.80157 12.41205 12.90824 12.39223 12.6906 11.9343 12.70547 12.09792 12.74945 12.53613 12.53047 12.59134 12.58687 
  8.743143 8.486507 7.777403 8.3006 8.996737 8.350365 8.535469 9.019976 7.927697 10.56767 12.26061 12.72965 12.59928 12.80676 13.73905 12.88134 13.83898 13.39481 13.57255 13.4109 13.01967 13.31331 13.36331 
  6.867633 5.49507 6.935768 7.150173 8.413986 8.603225 8.880355 8.553209 9.399942 10.7424 11.86715 14.00003 13.77332 12.98442 13.48941 13.01048 13.73593 13.35878 13.34807 13.54455 13.40324 13.48 13.04854 
  9.814863 8.565229 7.547866 7.86919 8.080986 7.844646 9.432172 8.728247 9.003569 11.55781 12.8508 14.31763 13.64974 13.51739 13.68912 13.3979 13.99355 12.67431 12.7744 13.33071 12.84178 12.71248 12.94361 
  9.747881 8.014175 7.01228 8.947715 9.662738 9.193231 8.121607 7.969753 10.07944 11.73254 12.91638 13.2378 13.21719 13.04364 13.33964 13.01048 14.19964 12.67431 12.99888 13.35744 13.20615 13.03551 12.8177 
  9.412969 7.778009 7.624379 8.012993 9.163238 9.193231 8.880355 8.786592 9.626442 11.49956 12.19503 13.17428 13.1554 13.10286 13.48941 12.62305 13.58136 12.81841 12.7744 13.03668 13.1076 12.69229 12.62884 
  9.212021 8.092897 7.241817 7.941092 8.830236 8.350365 9.225241 9.603432 10.36257 11.32483 12.45734 13.61892 13.1554 12.74754 12.8903 12.83829 14.04507 12.96251 12.69957 12.79497 12.99743 12.79323 12.92263 
  10.28374 8.801395 8.083452 7.725387 6.915484 8.266079 8.190583 8.96163 9.230068 11.73254 12.06388 12.85669 12.78465 12.86598 12.94023 12.49391 13.58136 12.49419 12.52792 12.65378 12.28587 12.63172 12.62884 
  9.948829 7.463121 7.700891 6.790665 7.914486 8.266079 8.7424 8.611555 8.097571 10.39294 11.40811 11.52279 12.04315 12.51067 13.09001 11.97735 12.60242 11.66562 12.28598 12.01844 11.61878 12.12698 11.97832 
  8.609179 8.014175 7.853915 8.012993 7.581485 6.748921 8.328538 8.203135 7.927697 9.694014 11.27696 11.64983 11.61061 11.50394 11.59222 11.24554 12.03567 11.0532 11.60413 11.33604 11.5076 11.5213 11.66354 
  8.408231 8.092897 6.782743 8.084894 8.830236 8.097506 7.638766 7.911407 8.154196 9.46104 10.81792 11.20519 12.10494 11.14863 10.49384 10.98726 10.95368 10.58488 10.94428 10.34772 10.84052 11.03675 11.3068 
  8.676161 8.958839 8.848576 8.3006 7.831236 6.833208 8.052629 7.969753 7.814447 9.111578 10.09658 10.44296 10.9309 9.668146 9.195765 9.738894 10.28388 9.90041 10.02048 10.86541 10.30685 10.9358 11.24385 
  9.948829 9.903503 9.078113 7.581583 8.413986 7.844646 7.086949 7.969753 7.587947 8.82036 10.031 9.807772 9.13894 8.365325 8.446872 8.519859 9.047324 9.612212 9.932505 10.08888 10.39579 11.19827 10.74022 
  10.21676 10.76945 8.00694 8.156796 9.079988 8.350365 7.983652 8.728247 8.324071 8.82036 8.981773 9.109061 8.644606 9.135174 8.696503 8.148979 8.635487 9.16757 9.552491 9.907781 10.52921 10.9358 10.74022 
  10.41771 9.982225 8.619039 8.3006 8.580486 8.266079 7.500813 7.619678 7.248199 8.878604 8.981773 8.918504 8.644606 8.542983 8.281631 8.737272 8.951548 9.402778 9.528217 9.860196 10.32908 10.79447 10.599 
  9.747881 9.116283 8.312989 7.365878 6.415984 7.591786 8.604446 7.853062 7.701197 8.296167 8.326006 9.045542 7.964897 8.306107 8.383318 8.920999 8.510978 9.141436 9.778539 9.820543 10.24014 10.5522 10.48133 
  10.55167 8.092897 8.00694 7.941092 7.831236 7.844646 8.259561 7.502987 7.078324 7.655488 7.670239 7.83868 8.212064 8.161803 8.746428 9.437565 9.356463 9.684261 9.756544 10.15948 10.37356 10.18892 10.46956 
  9.881845 9.195005 8.389502 8.803911 6.582484 6.580348 7.983652 7.036222 7.134949 7.946706 7.407932 7.648122 8.08848 8.097141 8.496798 8.839584 9.098847 9.285173 9.910509 9.89985 10.41803 10.12334 10.45779 
  9.212021 7.856731 7.01228 6.718763 6.082983 7.170354 7.431835 6.627802 5.2541 6.824261 6.887588 8.219794 8.335647 8.058344 8.2435 8.443126 8.846194 9.612212 9.673862 9.804682 10.08986 10.32009 10.92908 
  7.671423 5.809958 6.629719 7.00637 5.833233 5.58873 6.673087 6.161036 6.094758 6.626763 7.539086 7.83868 7.964897 7.967817 8.746428 8.801218 8.740841 9.193704 9.734549 9.701583 10.14276 10.40441 10.51663 
  7.537458 5.022738 6.400182 7.00637 5.916483 5.653196 6.328201 5.813322 5.951667 6.898322 7.137653 6.956031 8.08848 7.967817 9.045986 9.007093 9.098847 9.402778 9.637451 9.638138 10.04577 10.45125 10.74022 
  6.666686 5.416348 5.941108 6.287353 5.583483 6.243202 6.328201 5.617733 6.398826 6.898322 6.372748 6.686884 7.422688 7.709169 8.307054 8.225713 9.30494 9.402778 9.710275 10.13594 10.26237 10.38567 10.78219 
  6.465738 5.809958 6.323669 4.673976 5.113513 6.411775 6.052293 5.878519 6.32728 7.131296 7.122944 6.744558 6.91334 7.98075 9.145838 8.826796 9.047324 9.468113 9.822529 10.06535 10.17803 10.42315 10.97105 
  6.130826 4.743062 4.957767 4.702805 4.847642 4.922577 5.880339 6.511111 6.202076 6.956566 7.735816 7.032929 8.08848 7.463454 8.192657 8.964046 9.253417 9.350509 9.588902 9.796751 10.01932 10.45125 10.2342 
  4.551822 4.345808 3.890219 5.048746 5.355213 4.965555 5.089351 5.574268 5.98744 7.306027 7.342356 6.744558 7.504841 8.187668 8.2435 8.059456 8.817461 9.648236 9.910509 10.01829 10.50697 10.53201 10.71668 
  4.518205 4.681946 4.957767 4.212721 4.920152 5.287887 5.467649 5.639465 6.5687 7.247784 6.563974 7.302076 7.126937 8.135939 8.546724 8.877952 8.894082 9.648236 10.08647 10.20654 10.52921 10.31072 11.01302 
  6.264791 5.88868 6.094132 4.068578 5.282702 6.496061 5.673994 5.682929 5.898008 6.528015 7.211202 7.148278 7.373396 8.483764 8.696503 9.093187 8.434357 9.036899 9.43112 9.630207 10.19567 10.5522 10.55193 
  3.812242 4.101344 5.788083 4.818118 5.234363 5.201931 5.089351 4.770178 5.98744 6.700825 7.167073 7.225177 7.702007 8.187668 8.332475 8.877952 9.253417 9.16757 9.588902 9.876058 10.03696 10.24514 10.46956 ]
