 [
  4.279984 3.745597 5.311601 6.132246 6.047625 4.882655 4.039808 5.529871 6.999476 7.085433 6.097157 7.563656 7.396039 7.886718 8.148243 8.864927 9.03074 9.220381 9.808767 9.756565 9.984571 10.94547 10.70527 
  3.617216 4.27119 5.311601 5.840484 6.047625 6.058864 6.141619 5.756157 6.21968 6.679278 7.02032 7.341257 7.65098 8.331235 8.213018 8.606867 9.262938 9.405216 9.889512 10.01875 10.23851 10.4283 10.41107 
  4.68341 4.027165 5.025621 5.986365 6.350882 6.156578 5.457862 6.550052 6.804527 6.679278 6.448839 7.011842 7.853797 7.800479 7.565265 8.168085 8.779653 9.141166 9.674192 10.01875 9.975981 10.4048 10.68326 
  4.712225 4.083478 3.336087 4.751551 5.72837 6.254291 5.639664 5.846672 6.414629 6.591613 6.338938 7.708987 7.541719 8.214426 8.39115 8.864927 8.672044 8.943128 9.193071 9.788696 10.0467 10.45181 10.55124 
  2.954447 4.083478 4.828509 5.840484 5.223404 5.570297 5.2397 5.484613 5.616178 6.525866 7.176078 7.446071 7.444599 7.110567 8.2616 9.058472 9.607771 9.639172 9.566532 10.12478 10.64131 10.66338 10.83729 
  4.366433 3.144919 4.884827 5.694603 5.97181 5.438058 5.494222 6.449569 5.922593 5.977963 7.02032 7.416124 8.089471 8.272831 8.575129 8.993957 9.377883 9.535397 9.754937 9.997545 10.35359 10.80443 10.96931 
  3.559584 3.332631 4.715874 6.278127 6.123439 4.988446 5.840446 6.449569 5.207624 6.197124 7.445529 6.996868 7.565999 8.623257 8.575129 8.207974 8.959001 9.16757 9.647277 9.872238 9.933032 10.11764 10.66126 
  3.761296 3.182462 4.969304 5.523811 5.452934 5.570297 4.294331 4.398437 5.271461 6.262873 6.954381 6.877081 7.73596 7.524514 7.970111 8.497171 9.262938 9.299596 9.566532 10.10357 10.27687 10.26375 10.3841 
  4.366433 4.27119 5.224929 5.299606 6.047625 4.856207 5.639664 5.846672 6.609578 6.635446 6.7126 7.490991 7.794878 7.903965 8.196824 8.993957 9.205467 9.286393 9.701107 10.08237 9.829955 10.20531 10.63926 
  3.646032 4.346275 4.884827 4.838742 5.895996 6.156578 5.385141 5.824043 5.641712 6.394369 6.80052 7.490991 7.794878 8.272831 8.439732 8.40742 8.887261 9.466213 9.889512 9.997545 9.941622 10.28726 10.35039 
  2.867999 4.196105 5.138257 5.694603 5.72837 5.517402 5.566943 5.484613 6.317155 6.989373 6.88844 6.966921 7.444599 8.214426 8.115855 7.988583 9.262938 8.943128 9.554861 9.602333 9.890083 10.26375 10.57325 
  4.568145 4.177334 4.575079 5.361885 5.774275 5.517402 4.767015 5.552499 5.845989 5.298565 6.97636 7.636322 7.189658 8.076444 8.293987 8.586922 9.262938 9.466213 9.51985 9.679449 9.555082 10.00076 10.26274 
  4.712225 4.7207 5.744962 5.621663 6.350882 5.765724 4.403412 5.258327 5.79492 6.153292 6.8225 7.041789 7.73596 7.800479 8.245406 8.437338 8.325304 8.639469 9.333119 9.955134 9.701108 9.949619 10.9253 
  5.16002 3.914538 4.54692 5.162592 5.797228 5.279372 4.076169 5.03204 5.858757 6.065628 5.723496 6.532692 7.359619 7.662497 8.099661 8.929441 8.899218 9.352407 10.13175 9.685875 10.35359 10.35778 10.29645 
  5.282146 4.083478 4.462443 5.399253 5.131592 3.87764 4.548853 5.7109 6.21968 6.438201 6.88844 7.281363 7.068258 8.506449 8.845922 8.993957 8.672044 8.652671 8.819611 9.97634 10.60294 10.22722 10.41107 
  4.997186 4.327504 5.053781 5.175048 5.521792 4.380147 4.657934 4.873639 6.024732 6.328621 7.265895 7.781652 7.153238 8.331235 8.575129 8.507144 8.863348 8.586658 9.438155 9.912724 10.46868 10.75741 10.83729 
  4.539329 4.177334 5.224929 6.132246 5.452934 4.82976 5.603303 5.575128 6.414629 6.284789 7.445529 7.26639 7.541719 7.507266 7.824367 8.40742 8.707913 9.500805 9.16973 9.891518 10.16179 10.80443 10.61725 
  4.654593 5.188731 6.611684 5.274694 4.741391 5.332267 6.141619 6.14812 5.667247 6.350537 7.265895 7.563656 7.912715 8.272831 7.403327 8.008528 8.731827 9.535397 9.53152 9.795122 10.1426 10.1907 10.24926 
  4.712225 5.656763 6.611684 6.059306 5.659511 4.776864 5.940837 6.14812 6.414629 6.679278 6.360919 7.563656 8.266227 8.564853 8.439732 8.507144 8.99487 9.326001 9.593447 9.933928 9.658159 10.21992 10.8813 
  5.037894 7.903313 7.65175 6.278127 6.199254 5.358715 6.141619 5.756157 6.024732 6.701194 7.894614 8.58097 8.266227 8.331235 8.213018 8.138167 8.636174 9.246786 9.134718 10.10357 10.10424 10.26375 10.52924 
  7.317575 11.08593 10.77195 7.153413 6.502511 6.254291 6.041228 6.951982 5.782153 6.438201 7.71498 8.653635 8.501902 9.090492 8.91362 8.118223 9.205467 9.81213 10.07792 10.06116 10.16179 10.4283 10.61725 
  10.7632 15.11099 15.36557 12.69689 12.56766 10.35825 10.35804 10.87081 10.11866 11.69631 12.74473 12.57756 12.39053 12.18593 10.87687 8.735897 10.75721 10.22723 10.07792 10.10357 10.39196 10.0592 10.9033 
  12.75885 15.67263 16.32497 14.5204 13.85651 11.72624 12.06469 12.47853 11.58077 13.80962 14.63089 14.24886 13.98133 13.93806 12.70472 10.60683 12.71126 12.16436 10.83154 10.1884 9.975981 10.31076 10.39084 
  13.2315 15.76624 15.71226 15.60049 14.00814 12.21481 12.56664 12.47853 12.36057 14.67416 15.16979 14.61218 14.45268 14.17168 12.56933 11.70359 13.4584 12.75242 11.69282 10.25201 9.477775 10.4283 10.70527 
  13.07395 16.23427 15.19223 16.26818 14.76628 14.26679 14.37368 14.18674 14.21258 15.63476 15.88833 15.70216 15.21863 14.4637 13.7202 14.28419 15.64234 14.28167 12.60793 10.73974 10.52622 10.92196 10.9033 
  12.54878 16.04706 14.93221 16.38741 16.29885 17.49133 17.48581 17.00026 16.84439 17.55596 17.95412 16.79214 15.62392 15.79157 16.83432 16.02609 17.05905 15.49584 12.52719 10.973 12.51716 13.34991 11.71743 
  12.33871 16.04706 14.93221 16.29203 16.60862 17.88218 18.69966 18.10557 18.01409 18.32444 18.60609 17.44705 15.68886 16.13623 17.58909 16.73576 16.57811 15.04713 12.5541 11.80002 13.86237 14.85471 12.68559 
  12.23368 16.04706 15.10555 16.24433 16.5742 17.88218 18.9621 18.70847 18.60927 18.99686 18.58284 17.75524 15.927 16.17678 17.99745 17.17489 16.62183 14.38725 12.95783 12.28775 14.6557 15.70358 13.42282 
  12.02361 16.14066 15.36557 16.14895 16.45374 18.07761 19.04082 19.06219 19.07644 19.30682 18.67583 17.60115 16.07853 16.19705 17.4681 17.21137 16.44695 13.85935 13.61971 12.71213 14.27628 15.24056 13.27968 
  11.86606 16.23427 15.53891 15.95818 16.28164 18.23568 18.99709 19.28858 19.54361 19.47214 18.67583 17.06181 15.68886 15.89294 16.83432 16.86479 16.21706 13.79017 13.76003 13.22591 14.06933 14.66179 12.90562 
  11.7085 16.23427 15.79893 15.74356 16.04071 18.35656 18.93585 19.45836 19.8311 19.57546 18.49302 16.64681 15.64557 15.85239 17.03741 16.73576 16.15959 13.79017 13.78342 13.29678 13.68991 13.92868 13.84679 
  11.7085 16.32788 15.79893 15.64818 15.97187 18.36586 18.87462 19.59986 20.01078 19.63745 18.40321 16.42882 15.27754 15.87266 17.19586 16.80027 16.04464 13.72098 13.78342 13.58025 13.20701 13.34991 13.76026 
  11.65599 16.32788 15.79893 15.57664 15.90303 18.33797 18.81338 19.58571 20.08265 19.69945 18.58284 16.50148 15.27754 15.93349 17.63447 17.06544 16.04464 13.30588 13.17536 13.24363 12.75861 13.27274 13.30169 
  11.49844 16.32788 15.8856 15.45741 15.79978 18.39375 18.7434 19.54326 20.11859 19.74077 18.49302 16.28349 15.21863 15.63179 17.60422 17.0472 16.04464 12.75242 13.22214 13.54482 12.48267 13.62 13.60452 
  11.3934 16.32788 15.97228 15.36203 15.69652 18.42165 18.64717 19.54326 20.19046 19.67878 18.49302 16.28349 15.15971 15.45658 17.58909 17.02896 15.81475 12.8216 13.33907 13.72198 12.55165 14.16019 13.66509 
  11.18333 16.32788 16.05895 15.2428 15.59326 18.44025 18.5422 19.50081 20.29827 19.57546 18.40321 16.28349 14.98295 15.28136 17.63447 17.4485 16.15959 13.20211 13.01166 13.50938 13.03455 14.43028 13.56126 
  11.13082 16.32788 16.05895 15.2428 15.52442 18.48674 18.50721 19.45836 20.37014 19.63745 18.49302 16.64681 15.27754 15.16455 17.54372 17.53971 16.15959 13.13293 13.05843 13.45623 13.68991 14.93188 13.68239 
  11.0783 16.32788 16.05895 15.1951 15.52442 18.45884 18.49846 19.40177 20.22639 19.67878 18.62934 16.79214 15.27754 15.63179 17.86133 17.88629 16.73114 13.75558 12.93091 13.36765 13.7244 14.81613 13.3363 
  10.86823 16.32788 16.14562 15.07587 15.44861 18.50533 18.48972 19.37347 20.37014 19.76144 18.65259 16.98476 15.29919 15.6902 17.87646 17.7586 16.64369 13.75558 12.904 13.33222 13.62092 14.77754 13.32764 
  10.71068 16.32788 16.14562 15.09972 15.44861 18.57042 18.48972 19.35932 20.54982 19.8441 18.74558 17.06181 15.45073 15.79157 17.95208 17.72212 16.77486 14.09691 12.87708 13.3145 13.65541 14.66179 13.54395 
  10.50061 16.32788 16.23229 15.00433 15.44861 18.58902 18.51596 19.35932 20.58576 19.86476 18.81532 17.25443 15.27754 15.87266 17.78571 17.63092 17.10277 14.33446 13.03504 13.50938 13.34498 14.39169 13.50069 
  10.18551 16.32788 16.37131 15.00433 15.52442 18.65411 18.55095 19.27443 20.76544 19.94742 18.90831 17.6782 15.51568 16.05513 17.86133 17.57619 16.79672 14.20249 13.19875 13.36765 13.2415 14.46886 13.65643 
  9.922924 16.35191 16.46399 14.98049 15.59326 18.66341 18.59469 19.21783 20.76544 20.17473 19.16404 17.83229 15.68886 16.29842 18.05795 18.01398 17.08091 14.38725 13.38584 13.17277 12.89658 14.19877 13.63048 
  9.678673 16.37594 16.5335 14.98049 15.64489 18.66341 18.59469 19.13294 20.69356 20.29871 19.35002 18.02491 15.66721 16.37952 17.86133 17.9775 17.32138 14.86236 13.78342 13.49166 12.31004 14.08302 13.58721 
  9.312296 16.41199 16.64935 14.8851 15.73094 18.62621 18.60344 19.10464 20.51388 20.25738 19.60575 18.25606 15.8404 16.62281 17.81596 17.86805 17.43068 15.1791 13.83019 13.2082 11.52362 13.58141 13.56126 
  8.660958 16.42401 16.74203 14.81216 15.78257 18.57042 18.61218 19.09049 20.19046 20.25738 19.76849 18.4872 16.31667 16.90665 17.69496 17.64916 17.38696 15.23189 13.83019 13.68655 12.65513 12.80258 13.47473 
  8.29458 16.43602 16.81154 14.73922 15.81699 18.49604 18.60344 19.0056 19.79516 20.09207 19.97772 18.87244 16.59809 16.8661 17.77059 17.77685 17.71487 15.39026 13.97051 13.36765 12.89658 12.68504 13.31034 
  7.724661 16.43602 16.85788 14.66628 15.81699 18.43095 18.57719 18.93485 19.14831 19.90609 20.04746 18.98801 16.64139 16.96747 17.61934 17.30257 17.4744 15.52224 14.3447 12.97788 12.58614 12.75557 13.80352 
  6.910489 16.46006 16.95056 14.59334 15.78257 18.34726 18.53345 18.73676 18.50146 19.43081 20.02421 19.14211 16.4682 16.785 17.4681 17.21137 17.73673 15.46945 13.97051 12.783 12.15659 13.38849 13.73431 
  7.195449 16.50812 17.02007 14.44746 15.73094 18.21709 18.48972 18.5075 17.91661 18.9008 19.97772 19.21916 16.44656 16.80528 17.10511 17.12016 17.82418 15.44305 14.04067 12.60583 12.42512 13.10818 13.57856 
  6.381277 16.54417 17.08958 14.37452 15.64489 17.9799 18.18854 18.20605 17.23429 18.32444 19.81498 19.14211 16.14348 16.50116 16.49583 16.80027 17.49627 15.33747 14.48502 12.58463 12.75861 13.27274 13.31034 
  6.625529 16.60425 17.15909 14.30158 15.55884 17.68676 17.98776 17.80412 16.64944 17.65202 19.74524 19.14211 15.86205 15.91321 16.29273 16.91951 17.43068 15.33747 14.36808 11.99087 12.3484 13.08467 13.23567 
  6.706946 16.65232 17.20543 14.1557 15.44861 17.29591 17.5862 17.40219 16.25955 17.17172 19.46626 18.91096 15.64557 15.28136 16.36043 16.54221 17.10277 15.2055 13.01166 12.1181 12.02233 11.97981 12.88362 
  5.567106 16.68837 17.27494 14.00982 15.29698 16.80734 17.18463 16.89978 15.77217 16.59536 19.21054 18.75687 15.51568 14.87253 16.22503 15.83255 16.04464 15.31108 12.85017 12.41498 12.04151 12.05033 13.16966 
  7.195449 16.7124 17.29811 13.86394 14.99372 16.12334 16.4819 16.39736 15.2848 16.019 18.58284 18.17901 14.68836 14.05487 15.27726 15.50997 16.46881 15.23189 12.25803 11.54555 11.40854 11.36861 12.53156 
  7.195449 16.76046 17.27494 13.49923 14.38721 15.14621 15.37759 15.69398 14.31006 15.34658 17.14577 16.64681 13.92242 12.53636 13.5171 15.12288 16.66555 14.59841 11.58516 10.80336 10.5454 10.7339 11.43138 
  7.765369 16.89264 17.34445 13.28041 13.93232 13.5828 13.97212 14.78964 13.04289 14.38598 14.81053 14.24886 13.62782 11.89391 11.07996 12.92937 14.4929 12.75242 10.26632 10.10357 10.10424 10.4283 10.59525 
  7.887495 17.0849 17.62249 13.35335 13.85651 11.4331 11.9643 13.48336 11.28835 11.88843 14.09199 13.88553 12.50837 11.60188 11.01227 11.3165 13.11357 11.50712 10.64313 9.724433 10.1426 10.47532 10.59525 
  7.765369 16.97676 17.692 13.20747 13.78069 11.33539 11.56273 11.47371 10.11866 10.83177 11.75675 10.90626 10.97648 10.5506 9.929094 9.897167 11.90665 10.46937 9.889512 10.01875 9.804186 10.0665 10.70527 
  7.561826 16.6403 17.29811 12.55101 12.26441 10.26054 10.25765 10.46888 9.338862 9.006631 10.49931 9.961609 9.798111 9.732942 9.590603 9.768137 11.33193 10.19264 10.21249 9.64089 10.02752 10.47532 10.48523 
  8.253872 15.95345 16.51033 11.52984 9.535087 7.915419 8.551003 9.865983 8.461593 9.006631 10.67894 10.54293 9.798111 10.20018 9.861396 8.517116 10.92963 9.673763 9.53152 9.78227 10.01034 9.993451 10.06722 
  8.172455 14.92378 15.2789 10.14397 7.563912 7.426852 8.049048 8.861156 7.779272 9.19875 10.14004 10.03428 9.798111 9.32411 8.91362 8.606867 10.46985 10.29641 9.728023 9.71158 9.898673 10.24914 10.50723 
  7.561826 13.42608 13.63213 8.612223 7.109026 6.547431 7.948658 8.861156 7.194425 9.679049 11.57711 9.743614 10.03379 9.148897 8.981318 8.993957 9.895132 9.742947 9.508179 10.25201 9.967391 10.45181 10.81528 
  6.58482 11.64756 11.81201 6.934591 6.426697 7.329138 7.948658 7.95681 7.584322 7.949972 9.24187 8.944296 10.3873 9.674538 8.642826 8.586922 9.665243 9.81213 9.889512 9.955134 10.10424 10.68689 10.52924 
  5.322854 9.2138 9.818553 6.788711 6.199254 6.742858 7.747875 8.459225 7.876746 8.334211 8.972419 8.508305 9.208925 8.856874 8.845922 8.457282 10.06755 9.466213 9.970258 10.29442 10.37277 10.21261 10.47849 
  5.567106 5.282338 6.525012 5.548722 6.275068 5.961151 6.743965 8.459225 7.486848 7.277553 9.152053 8.508305 8.914332 8.272831 9.049016 8.800412 9.5503 9.569988 9.473167 9.480232 10.02752 10.21261 10.05374 
  4.510513 4.10225 5.831634 7.299294 6.957397 6.156578 7.547093 8.559707 6.999476 8.334211 9.960406 9.452952 8.501902 7.731487 8.981318 8.671382 9.5503 9.569988 9.808767 10.37925 10.06588 10.4283 10.81528 
  3.963008 4.346275 4.772191 5.767544 5.895996 5.765724 8.049048 8.258259 6.902001 8.046032 9.511321 9.307622 8.97325 8.389639 8.778223 8.507144 10.06755 9.742947 9.321448 9.840107 10.25769 10.7339 10.74927 
  5.363563 5.282338 5.081939 5.767544 5.820181 6.449718 7.045138 7.253431 6.512104 7.949972 9.062236 8.944296 8.678658 8.856874 9.387507 8.606867 9.722715 9.673763 9.701107 9.846533 10.21933 10.49883 10.81528 
  5.078603 5.750369 6.09165 5.986365 5.895996 6.156578 7.045138 7.253431 5.973662 7.853912 8.523334 9.016961 9.326762 8.856874 9.116714 8.671382 9.722715 10.26182 9.862597 10.01875 10.25769 10.4048 10.55124 
  4.510513 4.814306 5.110098 5.361885 4.351191 5.570297 5.530582 7.052465 5.820455 7.853912 8.613151 8.290309 8.266227 8.564853 8.845922 8.671382 9.780188 9.299596 9.356461 9.865812 10.02752 10.4048 10.28971 
  4.02064 4.7207 5.571618 6.059306 5.361122 5.668011 5.840446 6.951982 6.317155 7.661792 8.433517 8.362974 8.678658 8.128187 9.116714 8.337614 9.952603 9.569988 9.916428 10.10357 9.915853 10.24914 10.29645 
  5.852066 5.843975 6.611684 5.913424 6.578325 6.156578 6.24201 6.449569 6.317155 7.085433 7.176078 7.371204 7.971634 8.564853 8.213018 8.05839 8.911175 9.352407 9.449825 10.2096 9.769827 10.01537 10.47849 
  4.997186 4.814306 4.912986 5.486444 5.429981 5.961151 5.940837 5.009411 6.024732 7.469673 7.625163 8.072313 8.266227 7.731487 8.91362 9.122987 9.607771 9.022343 9.379802 9.756565 10.27687 10.38129 10.39758 
  5.119311 4.627094 5.571618 6.278127 6.047625 5.517402 5.457862 5.733529 5.411901 7.469673 7.894614 8.58097 8.678658 8.331235 8.778223 8.800412 9.006827 9.431622 10.051 10.03996 10.27687 10.63987 10.47175 
  5.078603 4.533487 5.65829 5.511355 6.275068 5.570297 5.740055 5.947155 6.21968 7.181493 7.804797 7.636322 7.72382 7.541762 8.710525 8.671382 8.64813 9.466213 9.674192 9.499512 9.898673 10.00806 10.43804 
  4.87506 4.346275 5.081939 5.062946 6.047625 5.961151 5.840446 5.258327 6.024732 6.416285 7.176078 7.708987 7.602419 7.71424 9.252111 9.058472 8.755739 9.431622 9.251425 9.666595 10.06588 10.18339 10.50723 
  4.107089 4.327504 4.575079 4.938388 5.751322 6.254291 5.940837 5.213069 6.024732 6.989373 7.086261 6.577613 7.711679 8.389639 8.642826 8.800412 9.607771 9.915904 9.781853 9.933928 10.5454 10.00076 10.47175 
  4.752934 3.689284 4.321649 5.449076 5.200451 5.200028 4.876096 6.047637 5.98643 7.181493 7.355712 7.251416 7.971634 8.0247 7.775785 7.968638 8.815522 9.193975 9.674192 10.03996 9.898673 9.85465 10.43804 
  5.648523 4.439881 5.224929 5.449076 5.062733 4.750416 5.20334 5.348841 5.833222 7.181493 6.86646 7.086709 7.335339 8.197178 8.710525 8.671382 8.887261 9.299596 9.508179 10.01875 9.967391 10.28726 10.55124 
  4.915768 3.989623 4.80035 5.137681 5.384075 5.438058 5.639664 6.349086 5.98643 6.131376 6.646659 7.341257 7.517439 7.765983 7.613847 8.267808 8.624218 8.90352 9.862597 10.48527 10.29605 10.13225 10.42455 
  5.404271 4.7207 5.398273 5.486444 5.895996 5.30582 3.712565 5.597756 5.526807 6.701194 6.77854 7.401151 8.030553 7.990205 8.132049 8.547033 9.147995 9.881312 9.123048 10.03996 9.718287 10.35778 10.61725 
  5.526397 4.083478 5.484946 5.986365 6.123439 5.279372 6.141619 4.715238 5.220391 6.797254 6.690619 7.176549 7.602419 8.076444 8.423538 8.929441 8.815522 9.500805 9.16973 9.698728 10.50704 10.47532 10.47175 
  4.308801 4.627094 5.138257 5.038034 5.797228 5.863438 6.041228 5.846672 5.973662 7.565732 7.804797 8.217644 6.958998 7.541762 8.229212 8.929441 8.982914 9.60458 9.862597 9.891518 10.41114 10.52233 10.70527 
  4.834351 3.726826 4.772191 5.548722 5.407028 4.803312 4.439772 4.421065 5.922593 7.277553 6.80052 6.577613 7.65098 8.389639 7.646235 8.864927 9.262938 9.500805 9.647277 9.724433 10.08506 9.796206 10.55124 
  4.164721 4.346275 4.80035 5.43662 5.384075 5.961151 6.141619 6.248603 5.756618 6.701194 6.646659 7.22147 7.274639 8.272831 8.293987 8.800412 9.090523 9.088355 9.508179 9.891518 10.02752 10.24183 10.68326 
  4.337617 3.783139 5.311601 5.621663 5.131592 5.06779 5.457862 5.529871 5.845989 6.131376 6.646659 6.772267 7.262498 8.214426 8.439732 8.929441 9.147995 9.233583 9.391473 9.885092 10.69885 10.4283 10.59525 
  4.915768 4.439881 5.484946 5.19996 6.047625 4.3537 3.312601 6.248603 6.21968 6.087544 5.679536 7.296337 7.853797 7.886718 8.575129 8.800412 9.262938 9.535397 9.781853 9.602333 9.804186 10.4283 10.45826 ]
