 [
  4.080218 2.637176 4.499437 4.743462 4.779182 4.141638 4.592741 5.49231 6.279257 6.631856 6.923788 7.40987 7.250935 6.95174 7.721418 8.799221 9.174236 9.10999 9.418721 10.14266 9.94354 10.44682 10.60041 
  4.79947 4.575779 4.404255 4.743462 4.882529 4.936515 4.881753 5.808457 6.115058 6.696959 5.690545 6.530621 7.520394 8.194393 7.847915 8.569984 8.835508 9.08322 9.084616 9.561802 9.991433 10.14143 10.54751 
  4.107882 3.631331 4.094914 5.104212 5.118751 5.071814 5.14668 5.49231 5.294065 5.655303 6.434406 7.208367 7.358718 7.616189 7.693308 7.959436 8.525724 9.351414 9.729336 9.809613 9.782351 10.42327 10.50817 
  4.910125 3.631331 4.1663 4.563087 4.587253 5.071814 4.64091 4.780979 5.317523 6.90248 6.943363 6.746956 7.853395 7.598704 8.643686 9.101158 9.297736 9.326329 9.402373 10.13257 10.13511 10.35261 10.57701 
  5.076106 3.382793 3.737982 4.513894 4.690599 5.439578 4.327814 5.676729 6.366851 6.833973 7.063451 6.811856 7.610214 7.721102 8.353903 8.971756 8.705599 8.824445 9.133682 9.900444 9.94354 10.14759 10.42949 
  5.10377 3.382793 3.880755 5.226665 5.504738 5.054902 4.929922 5.887494 5.64592 6.420269 6.943363 6.595521 7.700033 8.688718 8.353903 8.583552 8.555703 9.276161 9.909164 10.17294 10.13511 10.37616 10.65467 
  4.301526 3.482208 4.1663 5.226665 5.089223 4.59827 4.905837 5.834803 5.974317 6.696959 7.003407 7.510622 7.80366 7.021682 8.12902 8.366468 9.452111 9.326329 9.614899 10.04174 10.35063 10.19068 10.81746 
  3.416292 3.631331 4.475641 4.891041 5.177806 4.547533 4.568657 5.91384 6.279257 6.599304 7.003407 7.40987 7.80366 7.895957 8.241461 8.434307 8.988987 9.376497 10.0563 10.03164 10.11117 10.04293 10.46883 
  3.9419 2.836007 3.666596 5.005826 5.722693 4.902691 5.291186 5.597692 5.739748 6.111028 6.316954 7.114725 7.80366 8.194393 8.498795 8.420739 8.595675 8.654902 9.484114 9.809613 9.901943 10.54103 10.41965 
  4.107882 3.87987 4.309073 4.891041 4.838238 4.885778 4.905837 5.91384 6.366851 6.501649 7.003407 6.638788 7.071295 7.965899 8.227406 8.447875 8.515732 9.21707 9.238825 9.74906 9.844747 10.49392 10.61398 
  3.886573 3.183962 4.451846 4.907439 4.80871 5.054902 4.327814 5.307891 5.763205 6.599304 6.630158 6.357553 7.90313 7.633675 7.777639 8.569984 9.328611 9.727674 9.696639 9.316986 10.30274 10.51747 10.38031 
  4.578162 2.736592 3.571414 4.792655 4.661072 5.224024 5.387524 5.91384 6.044687 6.765466 7.003407 6.552255 7.340755 8.194393 8.353903 8.712954 9.513862 9.45175 9.357987 10.2234 10.27879 10.32906 10.84459 
  5.18676 4.675195 4.380459 5.12061 4.602016 5.224024 4.881753 5.360582 6.454446 6.765466 6.649734 7.359495 7.376682 7.686131 8.030633 8.407171 8.865487 9.426665 9.843772 9.779337 9.881145 9.993676 9.957405 
  5.269638 5.36204 5.094323 5.226665 5.940648 5.331801 5.002174 5.808457 5.71629 6.648132 6.943363 7.157991 7.753925 8.070812 8.4022 8.971756 9.112487 9.251078 9.217796 9.610765 10.01538 10.14143 10.64111 
  3.803582 2.935423 4.713596 5.33272 4.720127 5.071814 4.327814 5.07078 6.717229 7.382027 7.303626 6.941657 6.604233 8.441555 8.836876 9.144291 8.958112 8.922602 9.336959 9.398592 10.03933 10.49392 10.35081 
  4.107882 2.090391 3.856959 5.071416 5.089223 4.479884 5.31527 4.939052 6.068144 6.469097 6.767186 6.660422 6.90962 7.581218 7.679253 7.715217 8.485752 9.351414 9.909164 10.02155 10.25485 10.25841 10.64111 
  4.32919 3.730747 4.285278 4.071155 4.867765 4.750481 5.194849 5.834803 6.232343 6.664408 6.160352 6.638788 6.927584 7.703617 8.171185 8.799221 9.205112 9.276161 9.762032 9.83989 9.912342 10.32906 10.03609 
  4.937788 3.382793 4.451846 4.710666 4.232921 5.088726 5.682778 6.592577 6.161972 6.566752 6.258228 5.77345 6.963511 7.843501 8.836876 8.244359 8.425795 9.702591 9.451418 9.382271 9.740755 9.86439 10.21312 
  5.159097 3.333085 4.261482 4.579484 4.985876 4.750481 4.424151 5.439619 4.778013 6.078476 6.258228 6.530621 7.520394 8.379765 7.847915 8.756087 9.328611 9.627338 9.245834 9.480197 9.94354 10.09218 10.95312 
  4.993115 3.581624 3.856959 4.97303 5.177806 4.446059 3.846127 4.227721 5.71629 6.306338 7.36367 7.460246 7.161115 8.503346 8.339848 8.971756 9.328611 8.860138 9.778379 9.88026 9.777152 10.15375 10.85816 
  10.90533 12.86128 13.82364 13.81712 13.13316 15.78616 16.7056 15.61008 16.26503 16.13041 15.11546 14.18263 14.64284 14.80598 14.00468 14.64408 13.02628 12.13575 12.01925 12.58333 11.38034 10.1599 10.83103 
  13.14303 16.83678 16.70144 16.89271 17.38328 19.89493 19.68956 18.03414 19.09044 19.4534 17.33171 16.54646 17.51857 17.79996 16.45527 17.94792 16.64541 14.63002 14.56809 15.30931 13.8031 10.8943 12.50607 
  15.1321 17.92189 16.98922 18.27143 18.90897 20.73912 20.60419 18.32503 20.17369 20.69952 18.03443 17.23831 18.2375 18.4658 17.18035 18.15019 16.85421 14.69856 14.49085 14.95758 13.63459 11.17692 12.20114 
  15.46362 18.41194 17.18107 18.48354 19.21713 19.80113 20.31317 18.22807 19.50311 20.45029 17.33171 16.95004 17.78 18.15508 17.1377 18.35247 17.2022 14.7671 15.03151 16.18866 14.14011 12.30741 13.1003 
  15.80585 18.72696 17.37292 18.58959 19.69825 20.01999 19.98058 19.21749 19.39994 20.118 17.76415 16.89238 17.06107 17.44485 16.45527 17.07139 15.53183 15.17834 15.10875 15.66105 13.68274 12.42516 14.01449 
  15.97745 18.90198 17.4859 18.73196 19.90874 20.08253 19.89743 19.51498 19.55469 20.03492 17.76415 16.71942 16.40749 17.26729 15.8155 16.26229 15.11424 15.45249 15.26323 15.83692 14.11604 13.32617 14.42588 
  16.03107 18.97199 17.58758 18.93169 20.11922 20.30139 20.06373 19.57448 19.65786 20.03492 17.43982 16.89238 16.40749 17.88874 16.54057 17.13881 15.87982 15.45249 15.10875 15.74899 13.56237 13.53874 13.96878 
  15.9989 19.00699 17.71186 19.13142 20.32971 20.61405 20.39632 19.39598 20.27686 20.118 17.98037 16.95004 17.12642 18.4658 16.83913 17.47594 16.29742 16.34351 15.88113 15.30931 13.27351 13.75131 14.28875 
  15.98817 19.042 17.71186 19.21313 20.51013 20.73912 20.2716 19.54473 20.38003 19.95185 17.87226 16.95004 16.93035 18.77653 17.223 17.27366 15.81023 16.75474 16.34455 16.5404 13.92346 13.59188 14.74585 
  15.9989 19.042 17.75705 19.17682 20.72062 20.92672 20.1053 19.66372 20.32845 19.20418 17.49388 16.54646 16.34214 18.37702 16.54057 16.66684 15.39263 15.79519 15.34046 15.22138 12.88898 13.27303 14.79156 
  16.07397 19.042 17.75705 19.24036 20.8409 20.95798 19.98058 20.02071 20.58636 19.28725 17.2236 16.4888 16.08071 18.02191 15.9008 15.92516 15.11424 14.4244 14.41361 14.5179 12.98477 14.17645 15.11153 
  16.11687 19.042 17.79095 19.2676 20.93111 20.98925 20.02216 19.84221 20.74111 18.95495 17.43982 16.20053 16.34214 17.57802 15.8155 16.46456 15.60143 15.1098 14.87704 14.69377 13.08093 14.8673 14.56301 
  16.23484 18.97199 17.74575 19.15866 20.96118 20.77039 19.85586 19.93146 20.63795 18.62265 17.2236 16.14288 16.47285 17.6668 16.32732 16.46456 15.32304 15.24687 14.56809 13.81442 13.03278 15.07987 15.20295 
  16.28847 18.93699 17.75705 18.99524 21.02132 20.70785 19.68956 20.0802 20.38003 18.12421 16.84522 15.85461 16.01535 17.40046 16.19936 15.92516 14.55745 15.04126 14.49085 13.63855 12.48189 14.22959 14.79156 
  16.36354 18.83198 17.74575 18.85906 21.02132 20.48899 19.56484 20.02071 20.01895 17.95806 16.52089 15.45103 15.75392 17.08974 15.8155 15.11606 14.13986 13.94462 13.48676 13.11094 13.00871 15.13301 14.19733 
  16.41716 18.76197 17.77965 18.77735 20.96118 20.23886 19.35697 19.84221 19.81261 17.70883 16.25062 15.16276 15.55785 16.69023 15.13307 14.7115 13.58307 13.60193 13.10057 12.14366 13.24943 15.61129 14.42588 
  16.44934 18.55195 17.88133 18.82275 20.8409 20.01999 19.3154 19.93146 19.86419 17.37653 16.14251 15.1051 15.36178 16.73462 15.38898 14.84635 13.72227 14.28732 13.40952 11.79192 14.50119 16.621 15.11153 
  16.46006 18.30692 18.08469 18.8863 20.66048 19.89493 19.10753 20.1992 20.12211 17.21038 15.81818 14.87448 14.96963 17.00096 16.07141 14.84635 13.72227 15.79519 14.49085 11.70398 14.4049 16.19586 14.60872 
  16.47079 18.0969 18.07339 18.92261 20.5402 19.64479 18.65021 19.69347 19.09044 16.71194 15.38574 14.58621 14.64284 17.00096 15.68754 15.18348 13.44387 14.90418 13.564 11.79192 14.33269 15.82386 13.92307 
  16.47079 17.92189 17.94912 18.90445 20.51013 19.39466 18.23447 19.39598 18.57461 16.21349 15.06141 14.24029 14.64284 16.42389 14.83451 13.6302 12.35436 12.98507 11.78753 10.96014 13.8031 15.39872 13.74023 
  16.42789 17.71187 17.96041 18.99524 20.35978 19.3634 17.88661 19.57448 18.21352 15.88119 14.84519 13.83671 14.2507 16.24634 15.26103 14.10468 12.75573 14.21878 12.40543 11.35225 14.2364 15.45187 13.74023 
  16.33137 17.46684 17.89263 18.98616 20.17936 19.14453 17.68978 19.21749 17.85244 15.46582 14.62897 13.60609 14.11998 16.24634 15.09042 13.45767 12.10736 12.43675 10.92275 10.91977 13.73088 14.4953 13.05459 
  16.20267 17.08181 17.89263 19.00432 19.72832 19.01946 17.98503 18.77126 17.49136 15.2603 14.20866 13.60609 13.67237 15.98 14.53595 14.37438 12.88708 13.12215 11.47858 10.617 14.52527 15.2393 12.68891 
  16.06325 16.74643 17.77965 18.94985 19.36748 18.69613 17.78819 18.35478 17.22857 14.78075 14.08858 13.45496 13.72211 15.23852 14.19787 14.4418 12.88708 12.41167 10.85735 10.92986 14.26047 14.76101 12.32323 
  15.956 16.56573 17.62148 18.92261 19.12692 18.26503 17.88661 18.32503 16.52782 14.16419 13.60822 12.9512 13.4237 15.23852 13.95639 14.06154 12.81748 11.60898 10.33422 10.83903 12.86503 13.32617 12.24184 
  15.79513 16.29467 17.44071 18.79551 18.79999 17.83392 17.98503 17.84022 15.65187 13.54763 13.18792 12.19557 12.87661 14.62061 13.37682 13.06946 11.92211 11.28289 9.958209 11.00051 13.41794 13.64502 12.01122 
  15.62937 16.02361 17.27699 18.69564 18.36408 17.51059 17.98503 17.45237 14.95111 12.86256 12.40735 11.89331 12.57821 14.0645 12.84555 12.89693 11.61336 10.70595 10.00725 11.79192 14.01975 13.69816 11.88913 
  15.38074 15.84291 16.98922 18.48354 17.92817 16.86393 18.15133 17.3554 13.89998 12.10899 11.80691 11.23843 12.03112 13.44659 11.9279 12.68126 11.15023 10.1541 9.582203 10.8794 12.19453 11.43599 11.0752 
  15.1321 15.57185 16.60551 18.16537 17.49226 16.5406 18.0266 16.87059 13.02403 11.49243 11.44665 11.03693 11.93165 13.57017 12.07279 12.29306 10.93411 9.45175 9.140692 10.51608 11.81138 11.6244 10.98025 
  14.96635 15.30079 16.31773 17.74115 16.8384 16.10949 17.19769 15.70704 12.0605 10.67035 10.78617 10.38204 11.53377 13.44659 11.73471 11.99112 10.90323 9.752759 9.811076 10.34451 10.9493 10.8943 11.1566 
  14.80059 15.12009 16.02995 17.21087 16.18453 15.67838 15.91825 14.15565 11.27214 9.985281 9.945553 9.626404 11.23536 13.32301 11.25174 11.43038 10.44011 9.828011 9.231815 9.819706 10.85351 10.87075 10.87172 
  14.80059 15.02974 15.8381 16.89271 15.96658 15.35505 14.93407 12.89513 10.65898 9.642748 9.465202 9.173022 10.48934 12.45794 10.91366 10.39517 9.297736 9.426665 9.182749 9.594443 10.06327 10.28196 11.10234 
  14.80059 15.12009 15.64624 16.57454 15.96658 15.24727 14.93407 12.31336 10.48379 8.957681 8.62459 8.518137 9.991993 11.71645 10.0926 9.532495 8.958112 9.326329 9.484114 10.3546 10.44642 10.00599 10.84459 
  14.80059 15.30079 15.07068 16.04427 15.63964 14.49284 14.5404 11.14981 9.783037 7.861574 7.904064 7.762501 8.499948 9.800947 9.030065 9.058023 9.019862 8.869061 9.084616 10.11238 10.85351 10.61168 11.04807 
  14.80059 15.6622 13.63179 15.08978 15.42169 13.19951 13.65464 10.95588 9.432659 8.615148 8.564546 7.964004 9.942258 11.84004 10.43069 9.661897 8.988987 9.376497 9.467766 10.24358 11.16482 10.68234 11.12947 
  14.63484 15.57185 11.23362 13.3929 14.44089 12.22952 12.67046 10.95588 9.520254 8.1356 8.264327 8.215882 9.743319 11.71645 10.2375 9.01489 9.112487 9.16353 9.631247 10.32432 11.14087 10.75299 10.92598 
  14.05469 14.66833 11.1377 11.16574 12.04339 10.50509 11.09577 9.695374 8.206336 7.51904 8.32437 8.115131 8.897826 10.85139 9.99601 9.532495 9.235987 9.301246 9.925512 9.578123 10.44642 10.87075 10.58685 
  12.72865 13.22269 10.56214 9.044643 9.100995 8.996215 10.11159 9.501449 8.819498 8.272614 8.984852 7.964004 9.34544 10.41885 9.609632 9.748164 8.765557 9.276161 9.94186 10.17294 10.66194 10.19068 10.47866 
  9.993676 10.51212 9.89065 8.090149 8.992018 9.535099 11.88311 11.14981 10.30861 8.752161 9.164984 7.863252 9.146501 9.98632 9.319848 9.877565 9.946111 9.02968 9.745684 9.890352 10.15906 10.35261 10.85816 
  8.418997 9.066484 7.972119 7.453819 8.883039 8.672884 11.88311 11.73158 11.00936 8.820667 8.864765 8.36701 9.245971 9.924529 9.368145 9.446228 9.637362 9.401582 9.196768 9.708691 10.56615 10.49392 10.06559 
  7.673096 7.7112 7.780267 6.605379 7.57531 9.642876 11.58786 11.34373 10.83417 8.752161 8.744677 8.165506 9.594114 10.48064 9.851118 10.3089 10.10049 9.401582 9.598551 9.496517 9.907143 9.88286 10.24262 
  7.673096 8.162961 7.68434 6.287214 6.921445 8.672884 11.19419 12.02247 10.48379 9.505734 9.525247 7.913628 9.44491 10.23348 10.04431 10.22264 10.28574 8.744135 8.937415 9.594443 9.792751 10.14759 10.60041 
  7.175829 8.162961 8.835459 6.711434 7.684288 7.271785 11.19419 11.63462 10.04582 8.957681 9.345116 8.820392 8.748622 9.862738 10.0926 10.22264 9.328611 8.967217 9.266863 10.02155 10.15906 10.35261 10.52784 
  6.181295 6.988381 6.916927 6.605379 6.70349 7.702892 10.40684 10.85892 10.22101 10.05379 10.54599 9.021894 9.494644 9.800947 10.52728 10.4383 10.16224 9.426665 9.598551 9.545481 10.49431 10.77654 10.84459 
  6.512806 6.084858 7.300633 6.711434 7.1394 7.702892 10.99735 10.37411 9.345065 9.231708 9.825465 8.870768 10.09146 9.924529 9.513038 9.661897 9.699111 9.853095 9.811076 9.88026 10.18301 10.75299 10.88529 
  7.258707 5.813801 7.39656 5.969049 6.921445 8.241777 9.52108 9.210562 8.644309 8.683654 9.285071 8.165506 9.34544 9.059461 9.609632 9.489362 8.845501 8.842292 9.533158 9.940814 9.933141 10.44682 10.69537 
  6.098417 5.542745 6.437295 5.12061 5.831671 8.241777 9.914752 9.210562 8.46912 8.54664 8.924809 7.661749 8.201539 8.035841 9.030065 9.144291 9.729986 9.351414 9.582203 10.16284 9.813549 10.17221 10.93955 
  6.678562 6.446268 6.725074 6.817489 7.357355 7.487339 9.225826 8.628787 8.293931 7.656054 8.564546 7.712125 7.853395 8.503346 8.981768 8.885489 8.705599 9.225993 9.336959 9.431233 9.699158 10.20915 10.43932 
  6.015539 7.169086 6.245441 7.029599 8.338153 8.026223 9.02899 9.016637 8.293931 7.51904 7.423714 6.811856 8.450213 8.070812 8.4022 8.407171 9.174236 9.727674 9.909164 9.496517 10.32669 10.63523 10.89885 
  6.181295 7.982257 7.972119 6.075104 6.594513 7.379562 8.930573 8.240938 5.997774 7.108 7.84402 6.444087 7.952865 8.194393 9.126659 8.285062 8.225934 9.10999 8.972463 8.664146 9.818748 10.47037 10.58685 
  7.341585 6.717324 7.012854 5.862995 5.286783 7.487339 9.52108 8.822712 6.892418 7.72456 7.84402 7.208367 7.90313 8.379765 8.255516 8.434307 8.927237 9.127837 9.336959 9.431233 10.06327 10.63523 10.89885 
  6.76144 7.620848 7.780267 5.005826 6.049626 7.379562 8.5369 8.3379 6.366851 6.664408 6.316954 7.049824 7.753925 7.581218 7.819805 8.488578 8.64564 9.426665 9.196768 9.692369 9.839547 10.09218 10.96668 
  6.264173 5.452392 6.533221 6.287214 5.286783 5.331801 7.159048 7.95005 6.629635 6.765466 6.884637 7.460246 7.376682 7.738588 7.974412 8.488578 8.77555 9.092144 9.533158 9.170097 9.610765 10.32906 10.64111 
  5.766905 4.476363 5.573956 5.226665 4.941585 6.086239 7.06063 6.786501 5.927403 6.765466 6.277803 6.768589 8.102069 7.581218 7.80575 8.626686 8.988987 8.735212 9.696639 9.849983 9.829148 10.25841 10.39998 
  7.424462 6.717324 6.437295 4.907439 5.504738 6.40957 7.159048 6.980426 6.980013 6.648132 7.303626 7.309119 8.201539 8.194393 8.114964 8.05441 8.845501 9.476834 9.308921 9.809613 10.03933 10.30551 10.83103 
  6.098417 6.446268 7.492487 6.075104 5.722693 5.156375 7.159048 7.174351 6.279257 6.290062 6.74761 7.006557 7.286863 7.598704 8.325792 8.928622 9.297736 9.276161 9.386025 9.610765 9.719956 10.51747 10.91242 
  3.803582 5.723449 6.916927 5.756939 5.940648 5.224024 7.159048 6.592577 6.54204 7.039493 6.688885 7.359495 8.052335 8.132603 8.353903 8.122249 8.835508 8.976141 9.451418 9.561802 9.709558 9.88286 10.53767 
  7.010073 6.17521 5.046732 5.226665 6.049626 5.978462 6.371704 5.49231 6.021231 6.765466 6.806336 7.071458 7.664105 8.688718 8.595389 8.626686 8.815522 9.401582 9.533158 9.512838 10.08722 10.25841 10.60041 
  7.424462 5.723449 5.765809 4.448303 5.831671 5.978462 5.387524 5.439619 5.786661 6.696959 6.591008 7.093091 6.891656 7.598704 7.45437 7.715217 8.585683 9.225993 9.631247 9.83989 9.94354 10.13528 10.7225 
  5.352516 5.542745 6.149515 5.12061 4.631544 4.699744 5.387524 5.729421 6.232343 6.485373 6.806336 7.40987 7.466502 7.528762 8.547091 8.583552 8.335857 8.886908 9.762032 10.18303 10.06327 10.56458 10.7225 
  5.18676 5.723449 5.669882 4.907439 4.675836 5.224024 5.122596 5.255199 6.892418 7.039493 6.532282 7.309119 7.90313 8.317974 8.547091 8.217223 8.655634 9.1903 9.084616 9.83989 10.13511 10.54103 10.80389 
  4.605825 5.271688 5.286176 5.438775 4.779182 5.037989 5.58436 6.010802 6.454446 6.583028 6.923788 7.812876 7.197043 7.598704 8.100909 8.108682 9.205112 9.45175 9.631247 10.01146 10.32669 10.03677 10.38031 ]
