 [
  4.065892 4.340296 3.521273 4.093579 4.444424 4.408123 4.702335 5.126618 5.703084 5.747422 6.962937 7.032772 6.734739 7.154981 7.508606 8.246995 8.634601 9.815597 9.090709 9.772196 9.688743 10.24764 10.21214 
  3.885315 5.518669 4.329211 4.150971 3.562102 4.160847 5.307082 5.819538 6.396069 6.539239 7.881348 7.528973 7.321839 7.425876 8.117829 8.75337 8.921222 9.244773 9.400412 9.726145 10.00003 10.12825 10.30873 
  3.433873 4.447421 4.127226 5.528379 5.741957 6.386333 7.290891 8.060734 8.73671 9.316536 9.605033 9.513774 9.128302 9.694558 8.173213 8.783156 9.335231 9.339911 9.066885 9.70312 10.22831 10.65058 10.38923 
  4.15618 4.233171 3.453945 3.462267 4.28872 4.605944 4.655816 6.127502 6.769215 7.289381 7.376222 7.677833 8.179909 8.39336 8.394749 8.366142 9.462618 8.959361 9.400412 10.07153 10.31132 10.03871 10.29264 
  3.930459 3.858235 3.319288 3.462267 4.081115 4.704854 3.771954 5.088123 5.543165 6.039144 6.595572 6.486951 7.276678 7.928968 8.173213 8.098061 8.984916 9.197205 9.138355 9.587994 9.834011 10.53119 10.42143 
  4.427046 4.286734 3.319288 3.290092 3.562102 3.864116 5.214045 5.473078 5.543165 5.955795 6.779254 6.338091 6.915386 7.890269 8.367057 8.485289 8.666447 8.626381 9.233648 9.288664 9.543473 9.859626 10.55022 
  3.569306 3.590423 2.578679 3.577052 3.769707 4.408123 4.469739 5.011132 5.863004 6.872635 7.008857 6.586192 7.502486 8.39336 8.256289 8.425715 8.347979 8.864224 9.471882 9.564968 10.31132 9.934244 10.17994 
  3.569306 3.590423 3.319288 3.921403 4.65203 4.85322 4.93493 4.895645 5.436552 6.45589 7.054778 7.677833 7.276678 7.735471 8.671669 9.259745 9.844781 9.030714 9.495706 10.02547 10.47735 11.21324 12.23434 
  3.61445 4.554546 5.271805 4.093579 5.326746 5.051041 4.888411 4.934141 6.502682 7.872825 7.697665 7.528973 7.547647 8.702955 9.253201 9.229958 9.526312 9.815597 10.13894 10.46296 10.74713 11.63831 12.82318 
  3.975604 3.858235 3.655929 3.634444 4.392523 4.75431 4.562778 4.895645 5.809697 5.872446 6.320049 6.883912 7.186355 7.619373 8.311673 8.664009 9.04861 9.102067 9.305119 10.53203 10.76788 10.79982 10.56632 
  4.607623 3.697547 3.319288 3.404876 3.510201 3.567384 5.027968 4.818654 5.756391 6.37254 6.595572 6.735052 7.728293 7.967668 8.090137 8.425715 8.666447 8.769087 9.495706 9.864297 10.1453 10.44165 10.67901 
  4.562479 4.126047 4.059898 4.323148 3.458299 4.358668 4.93493 5.165114 6.449376 6.205842 6.457811 6.784672 7.096032 7.541975 8.477825 9.378892 9.335231 9.292341 9.614822 9.495892 9.813259 10.36703 10.53412 
  7.629618 8.854349 9.103212 7.58029 7.945363 9.273971 10.14957 10.9036 12.22991 13.22793 12.77734 13.9065 15.1589 15.05241 14.05633 13.41521 14.5705 15.66381 14.98865 14.2905 14.27429 15.7083 16.29779 
  6.277959 7.997581 8.881659 7.239815 8.765444 10.29128 10.81246 11.05983 12.22991 13.03253 12.77734 14.05141 15.1589 14.719 14.0117 15.12595 16.09207 16.94017 16.5167 15.77925 15.55993 17.38051 18.10829 
  6.097382 6.482792 6.618368 6.905787 8.398565 10.18358 12.13824 12.2315 11.725 11.84197 10.96047 11.6705 12.069 13.18094 12.62816 14.73492 15.71168 15.40854 14.9194 14.62507 14.07129 15.64858 16.9245 
  7.362376 9.445927 10.71189 10.51753 10.44248 11.26064 11.8068 13.01262 12.31406 10.61533 10.90279 11.48178 11.16126 10.66823 10.93221 13.56184 14.14256 13.92917 14.67704 13.74302 11.5974 13.28543 13.82164 
  8.193794 10.26392 11.40418 10.18531 10.29246 11.04523 11.72393 13.48129 12.56652 10.11024 10.67208 11.21219 11.12634 10.1971 11.82482 13.46408 13.00138 13.88808 14.85015 14.80532 13.02549 13.49796 14.48728 
  8.847052 9.62952 10.15805 8.26124 8.355403 8.369801 8.620561 10.35682 11.28379 10.97611 10.32601 10.56518 11.05652 10.29133 11.86945 12.77979 10.86167 11.83341 12.4612 12.40473 12.29974 12.08994 12.79758 
  10.57631 10.77145 10.71189 9.069867 9.520782 9.542778 9.186902 10.98172 12.22991 12.2749 10.52789 10.59213 10.7423 10.41696 11.82482 13.07306 11.19451 12.36762 13.04978 12.19182 12.11245 12.19621 11.64551 
  10.21436 9.883282 8.035728 7.942044 8.916512 9.738274 9.983845 9.548326 10.37412 11.44512 10.6144 9.783364 10.7423 11.67331 12.89594 14.14838 13.33422 15.24416 15.46251 14.2905 13.35325 13.0729 13.156 
  10.12387 9.017543 8.478835 9.006028 9.024417 9.567215 9.236149 9.49613 10.3438 11.73374 11.4219 11.83225 11.61513 12.6784 13.16373 14.58829 15.09354 16.94017 16.5167 16.004 15.28927 15.58886 15.5318 
  9.619083 9.303133 8.438553 9.538019 9.261808 9.322845 8.792925 9.391738 10.91992 12.38313 12.05636 11.5357 13.01165 12.6784 14.94894 16.20127 16.99341 18.13144 18.27367 17.80202 16.91324 16.5444 17.13341 
  8.045326 8.28317 7.149517 8.26124 8.851768 9.054037 9.900984 9.261248 10.64702 12.34706 11.65261 11.21219 12.52287 12.96108 15.16228 16.93464 17.61856 19.49289 19.50356 18.62612 17.86056 17.6194 17.27267 
  8.757971 7.793588 6.483712 8.325079 8.873349 9.469467 9.556254 9.600523 10.76831 12.45529 12.11404 10.99652 13.04657 13.65207 15.0498 16.65258 18.1916 20.76925 20.55774 18.62612 17.52223 17.6194 17.69048 
  8.134407 7.324405 6.927963 9.261384 9.110742 9.738274 9.162278 9.809308 10.91992 11.9502 11.76797 10.72693 12.73235 13.36939 15.55593 17.21671 18.66046 19.91834 20.03065 18.85087 17.99589 17.67912 18.03866 
  7.510843 7.100013 7.935023 9.47418 9.002836 9.518341 9.482384 9.704915 10.28315 12.09451 12.34475 10.86172 14.42164 14.78568 15.4997 17.44236 19.2335 19.66307 19.67925 19.37529 18.13122 17.97773 18.38683 
  5.059065 6.054293 7.290505 9.261384 9.692384 8.882978 9.137655 9.235149 10.43476 12.16667 11.24886 10.78085 14.50355 14.25222 16.00583 17.6116 19.75445 20.3438 19.15216 18.32645 17.65756 17.67912 18.87428 
  4.246469 5.09017 6.416384 8.580435 9.132322 9.860459 9.45776 10.35682 10.8896 12.31098 11.04699 10.9426 14.42164 14.25222 15.33099 16.7654 18.81674 19.06743 18.71292 17.50235 16.98091 17.85828 18.80464 
  6.768506 6.857729 6.685697 8.793231 9.542363 9.640526 9.482384 10.09639 11.19282 11.22865 11.13351 11.45482 13.46552 13.78544 15.94959 17.55518 18.76465 19.15252 18.62507 17.95186 17.04857 17.38051 18.24756 
  9.975405 9.445927 6.887681 7.048298 8.09643 9.542778 9.679372 8.347813 10.22251 11.51727 12.34475 11.88617 14.74931 14.11885 14.94894 16.99105 17.93113 18.13144 17.74658 16.8281 15.89826 16.12635 16.85487 
  14.64827 14.57786 14.86566 14.33807 12.84281 11.04523 10.39815 10.12249 11.10186 12.85214 12.6043 11.5357 15.65041 14.719 13.69929 15.51698 16.23472 16.51471 15.46251 14.88024 14.54495 14.3347 14.76582 
  15.73412 16.86171 17.63484 17.9925 16.29327 14.061 13.21544 13.48129 15.34354 16.74515 15.14694 15.1383 18.02605 16.98622 17.01809 18.34496 16.47246 14.13464 14.19233 14.62507 11.66763 12.01024 12.28555 
  15.73412 17.24235 18.18868 18.49083 17.64345 14.81494 14.20977 14.41864 15.93261 17.81985 16.1232 15.71797 18.51756 17.51968 17.74916 18.85268 16.42491 12.4909 14.19233 14.65549 11.17599 10.51627 12.00393 
  15.82461 17.36923 18.18868 18.98916 18.24353 15.35347 14.87267 14.8092 16.18507 18.50375 16.77404 16.15273 18.84523 17.8531 18.19905 19.30398 16.52456 12.81965 14.33082 14.59466 11.64422 10.71028 12.41356 
  15.82461 17.49611 18.05022 19.6536 18.84361 15.99971 15.12125 14.88731 16.35337 18.79685 17.18081 16.44256 19.25483 17.8531 18.53647 19.75529 16.88922 13.1484 15.11112 15.03008 12.29974 11.74457 13.00239 
  15.82461 17.62299 17.91176 20.15193 18.99363 16.53824 15.12125 14.8092 16.52168 18.60145 17.42487 16.58748 18.76332 17.453 18.03034 19.07833 16.37736 12.86074 14.71166 14.41216 12.69773 11.82427 13.2328 
  15.73412 17.62299 17.63484 20.15193 18.84361 16.64594 15.03839 15.04353 16.85828 19.18765 17.83164 17.16715 18.84523 17.18627 17.58045 18.68344 16.28226 12.07997 13.67299 13.16512 11.97198 11.47891 12.92559 
  15.64364 17.36923 17.49638 19.48749 18.39355 16.10741 15.12125 14.96542 16.35337 18.89455 18.07571 17.52945 19.00907 17.0529 17.63669 18.96551 17.1497 12.532 14.46931 13.80385 11.97198 10.81475 12.02953 
  15.37217 17.11547 17.35792 18.65694 17.94349 15.67659 14.87267 14.57486 15.84846 18.60145 17.83164 17.31207 18.35372 16.2527 16.90561 18.23214 16.83713 12.40872 14.26157 13.40845 11.8081 11.21324 11.36389 
  15.10071 16.86171 17.08101 18.15861 17.64345 15.13806 14.20977 14.02808 14.75448 17.81985 17.66894 17.02224 17.20686 15.18578 15.83712 16.93464 16.13962 12.16215 12.94591 12.31348 11.08235 10.57597 11.4919 
  14.91973 16.48107 16.80409 17.66028 16.89335 14.59953 13.2983 13.09073 14.24956 16.94055 17.18081 16.94978 16.38768 13.46362 14.99357 15.908 15.52148 13.1073 12.42658 12.31348 11.85492 10.84131 11.64551 
  14.64827 16.10043 16.52717 16.99584 15.69319 13.63017 12.55255 11.99717 12.98728 15.57274 17.42487 16.3701 15.24082 12.20726 13.69929 15.27258 14.52295 13.51824 11.94186 11.40101 10.87165 10.59089 11.09759 
  13.56241 14.07034 14.7272 15.00251 12.84281 11.47605 10.23243 9.809308 10.28315 13.13023 15.87914 15.28322 13.01165 10.57401 12.00334 13.46408 12.62099 12.40872 10.90318 10.55506 11.17599 10.89445 11.04929 
  11.48119 12.29401 11.54264 10.84975 8.89493 8.736356 7.561749 7.590968 7.73607 9.641234 13.19444 12.96453 9.579918 8.509459 8.893205 10.53138 9.74924 10.18967 9.543352 10.07153 10.12455 10.53119 10.9044 
  6.412183 8.609558 8.196858 6.848395 5.430549 5.051041 5.865311 5.935024 6.289456 6.330866 6.962937 7.628212 7.141193 7.774171 8.034754 8.038487 8.984916 9.83938 9.495706 9.726145 10.06229 10.63566 10.56632 
  3.659594 5.197295 5.204477 5.700556 4.28872 4.210302 4.562778 4.318212 4.263808 6.039144 6.595572 7.082392 7.367001 7.774171 8.699361 8.574649 9.335231 9.363694 9.710115 10.00245 10.00003 10.36703 10.17994 
  6.560651 7.385603 8.076012 8.495316 9.369715 8.956289 9.38389 10.82549 11.725 12.41921 12.22939 10.26863 10.14878 9.322145 8.920897 9.557612 10.57637 10.23076 9.567175 9.956399 10.12455 10.75505 13.1304 
  9.559696 10.51768 10.9888 11.6803 11.64265 11.36834 11.8068 12.38773 13.07143 14.10724 13.11308 11.26611 11.16126 11.01373 11.0661 12.73091 13.52442 12.77856 11.31865 11.49226 12.20609 12.5947 14.43608 
  6.530958 8.303569 8.458694 9.686977 7.837457 8.247615 7.807984 8.791481 12.81898 15.08424 14.3334 12.91061 12.76726 12.99249 13.92244 14.63717 16.52456 16.68489 15.9896 15.32975 14.68028 14.8722 15.74071 
  5.194498 6.643479 7.552341 9.069867 9.08916 8.711919 7.70949 7.56487 10.40444 14.49804 14.41475 13.39928 13.81466 14.65231 15.16228 15.85913 18.39998 18.64198 17.21949 16.30367 15.96593 15.7083 16.64596 
  5.781372 6.536355 6.887681 9.240105 8.700701 7.856623 7.955726 8.086832 9.797993 13.03253 13.60121 12.91061 13.36079 14.91905 14.99357 16.1524 18.39998 18.72707 17.65873 16.90301 16.23659 16.84301 17.13341 
  5.149354 6.268543 6.753024 9.495461 9.692384 8.565296 7.906479 9.261248 9.979927 13.42333 13.60121 12.96453 14.09396 14.38558 15.33099 17.10388 18.71255 19.49289 17.92228 16.90301 16.64258 17.14162 17.41194 
  5.781372 7.977181 7.653046 8.112282 9.175485 8.956289 9.285396 9.49613 9.858637 13.03253 12.95037 13.47174 14.42164 14.25222 15.55593 17.55518 19.12931 19.4078 17.65873 17.12777 16.23659 17.0819 17.41194 
  6.323103 7.018416 7.71347 8.303799 8.333822 9.298408 9.728619 9.235149 10.58637 13.91184 13.68256 14.05141 14.09396 14.18553 15.33099 17.89366 18.81674 18.98234 17.92228 17.57727 16.30425 16.96246 17.20304 
  7.778085 7.895584 7.874599 9.133706 9.842403 9.542778 9.507008 9.209051 10.3438 13.71644 13.68256 13.9065 14.50355 13.55784 14.99357 18.28855 18.81674 19.06743 17.92228 17.50235 16.64258 16.90274 16.9245 
  10.93826 12.67465 12.92723 12.01252 11.94269 9.20066 10.14957 10.43493 10.76831 12.45529 12.48895 14.776 15.40466 13.55784 14.5919 16.7654 17.67065 18.04635 16.95594 16.52843 15.22161 15.82775 15.94961 
  9.945711 11.65961 11.95802 10.51753 10.44248 9.860459 10.31529 8.895874 11.49605 12.96038 13.11308 14.12387 14.33972 12.92967 12.85131 15.66361 16.62875 15.91908 15.02327 14.2905 13.8683 14.21526 14.20566 
  7.006054 9.078741 9.042789 9.686977 9.197065 10.18358 9.827113 9.574425 11.80915 13.52103 13.51985 13.03699 13.22113 11.73613 13.07447 15.27258 15.28373 14.75104 13.49988 12.95221 12.67432 12.88693 12.87438 
  7.451457 8.813551 9.224059 9.853087 9.842403 9.664963 9.531631 9.339541 10.95024 12.63568 11.96984 11.61658 11.78969 11.57909 12.40501 13.85511 13.47687 13.47714 12.39195 11.79642 11.24623 11.77114 11.33829 
  8.757971 9.180737 8.237141 8.26124 8.592795 9.968165 9.851737 9.626621 11.64084 12.9243 12.54662 11.13132 11.05652 11.07655 11.91408 13.12194 13.38177 12.94293 10.93781 11.21852 11.33987 10.7849 10.84 
  7.510843 7.304006 7.512058 9.686977 8.959674 9.542778 9.556254 9.470032 11.10186 11.73374 11.85448 11.5357 11.37074 11.35923 13.16373 13.61072 11.81265 10.88826 10.73007 11.03603 10.45659 10.94758 10.9044 
  6.441877 7.691592 7.028669 9.240105 8.506471 10.18358 9.80249 10.09639 11.55669 11.73374 12.05636 11.6705 10.42808 10.35414 13.43151 13.56184 11.52736 10.6417 10.86856 10.97519 10.9887 10.63566 10.43753 
  8.57981 8.691154 9.465754 9.112427 9.175485 8.834105 9.088408 9.156855 11.31411 11.55335 11.96984 10.99652 10.14878 10.9195 12.76205 11.94885 10.81412 9.982086 10.28188 10.76229 10.43584 10.51627 10.80781 
  8.490729 8.344368 8.700388 8.367638 7.815876 8.882978 9.482384 8.817579 10.85928 11.58943 11.22002 10.13383 10.35826 10.85668 11.69093 10.28699 10.22694 10.12479 10.35335 10.91436 11.05894 11.16011 11.001 
  8.07502 7.997581 8.539259 7.005739 7.233186 8.565296 8.719055 8.608794 10.01025 10.1824 9.431998 9.315294 10.35826 9.977238 9.816456 10.0426 10.57637 9.768028 10.90318 10.88395 10.70563 11.16011 11.14589 
  8.490729 7.73239 7.995447 6.331868 7.125281 7.416756 6.946161 6.31998 8.069616 8.247896 9.345481 9.540733 9.904385 8.857753 9.170124 9.94484 11.00432 10.47732 10.79931 11.00561 11.66763 11.50548 11.21028 
  7.689005 8.425964 8.780953 7.069578 6.952632 7.441193 6.702654 6.781926 8.797354 8.522827 9.489676 9.675528 10.28843 9.438244 9.253201 10.62914 10.81412 10.23076 10.66082 10.82312 11.10576 11.66488 11.64551 
  8.936132 9.037942 7.230081 6.984459 7.384254 6.732519 7.340137 7.512673 7.675426 7.831151 9.345481 9.594651 10.7423 10.32273 9.280892 9.76612 10.67147 10.31295 11.28403 11.58351 11.05894 11.37264 11.5687 
  9.737857 9.078741 8.982365 7.346214 6.90947 6.139056 6.823044 6.834122 7.948327 8.414595 9.547355 9.265674 10.00912 10.38555 9.170124 10.09148 10.62392 10.43623 10.49629 10.7927 11.26964 11.87741 11.5687 
  9.351841 8.487163 8.821236 7.729248 6.779984 6.903578 6.749173 6.781926 8.281874 8.558906 9.605033 9.702487 9.35411 9.593041 9.325522 9.795906 10.62392 10.14858 10.76469 11.12727 11.48034 11.55861 11.4407 
  9.025213 8.099577 8.337847 7.261095 7.190024 6.97689 7.020032 6.886319 8.645742 8.331245 9.213043 9.116814 9.263786 9.788785 9.280892 10.14035 10.1951 10.31295 10.6262 10.94478 11.15258 11.69144 11.59431 
  10.0051 9.62952 8.035728 6.044908 6.823146 7.025764 6.330502 6.86022 7.515506 8.122872 8.661997 9.464153 10.2186 9.476943 9.637935 10.0426 10.43373 10.43623 10.56776 11.34018 11.26964 11.66488 11.28709 
  9.76755 9.425528 8.156576 6.848395 6.572378 7.172386 6.702654 6.86022 6.875828 8.739293 9.213043 9.729446 9.904385 9.694558 9.816456 9.646973 10.38618 10.02966 11.00705 11.21852 11.3867 11.58517 11.21028 
  6.857586 5.625794 6.948104 6.274476 6.053365 6.732519 6.970785 7.042907 8.342518 8.775372 9.258964 9.414534 9.489594 9.883011 9.414783 9.85548 10.32248 10.14858 10.40099 10.71623 11.15258 12.06337 11.85032 
  10.21436 8.731954 7.431493 7.027019 6.779984 6.854704 6.702654 6.127502 7.827037 8.558906 8.478314 8.967954 9.037979 9.08995 9.253201 9.993719 9.558159 10.07722 10.6262 10.25573 10.66412 11.66488 11.69671 
  10.57631 8.711555 7.290505 7.388773 7.341092 6.928015 6.051387 6.204493 7.14236 8.450672 8.799758 9.594651 9.904385 9.820193 9.253201 10.53138 10.38618 10.51842 10.59158 10.69321 11.33987 11.61174 11.4663 
  10.30485 8.874748 7.330787 7.027019 7.1037 6.732519 6.004869 5.62706 6.555988 8.739293 9.547355 9.567692 10.14878 9.631741 9.548674 9.617186 10.48128 10.51842 10.83394 10.69321 10.9887 11.63831 11.31269 
  10.39534 8.854349 7.451634 6.504044 6.728082 5.941236 6.42354 6.66644 7.766393 8.039523 9.69155 9.702487 9.625079 9.631741 9.414783 9.993719 10.76657 10.72388 10.73007 10.76229 11.17599 11.55861 11.92713 
  9.678471 8.058778 7.330787 6.733612 6.624279 7.710001 7.118526 6.912417 7.355587 8.883604 9.258964 9.945118 10.18369 10.44837 9.682565 10.53138 11.05186 10.31295 10.66082 10.91436 10.51885 11.29294 11.79912 
  9.975405 8.487163 6.281727 6.96318 7.233186 6.854704 6.921538 6.781926 8.039294 8.811449 9.213043 9.999036 10.56773 10.51119 9.637935 10.43362 11.00432 10.47732 10.79931 11.3706 11.33987 11.77114 11.87592 
  9.945711 8.507562 6.618368 8.005883 6.952632 5.693959 6.896914 7.329987 7.408893 8.247896 9.431998 9.513774 9.974211 9.66315 9.771826 10.58026 10.76657 10.68279 11.18016 11.40101 11.64422 11.93054 11.5431 
  7.748392 8.364767 8.478835 8.431477 6.364773 6.139056 6.872291 7.512673 7.948327 7.331056 9.460837 9.783364 10.14878 10.44837 9.637935 9.527825 10.52882 10.80607 11.11092 11.1881 11.17599 11.77114 11.72231 
  9.084599 8.507562 8.136435 7.644129 6.416675 5.941236 6.42354 7.356085 7.355587 8.522827 10.06646 10.21471 10.53282 10.63682 9.280892 9.993719 10.29064 10.76498 10.90318 11.09686 11.3867 11.69144 11.4151 
  10.75729 8.670755 7.794034 8.452757 8.031687 6.756956 7.069279 7.460477 8.221229 9.063993 9.258964 9.945118 9.128302 10.00865 9.905716 10.4825 10.86167 10.43623 10.76469 11.00561 11.26964 12.08994 12.18314 
  9.916018 9.119539 7.995447 7.473892 6.995794 7.367882 7.364761 6.627944 8.190907 8.955759 9.029361 9.067194 9.534756 9.757376 9.816456 10.28699 10.67147 10.10101 10.73007 11.12727 11.69104 11.45234 11.59431 
  9.054907 10.26392 9.465754 7.920765 7.664808 6.386333 6.872291 6.165998 7.462199 8.081198 9.605033 10.16079 10.04404 9.515642 9.771826 10.4825 10.76657 10.6006 11.28403 11.27935 11.15258 11.55861 11.87592 ]
