 [
  4.619831 3.513817 4.232319 4.429095 4.197511 4.653296 4.72973 5.314023 6.018736 5.788185 6.816349 7.172107 7.119718 7.460006 7.777483 8.485006 8.809739 9.22414 9.327467 9.262691 9.982015 10.02508 10.38474 
  4.724944 2.952816 4.033034 3.978549 3.083046 4.462703 5.014839 5.118427 5.34825 6.246405 6.579447 6.71069 7.564656 7.571917 7.93953 8.644096 9.214499 9.500998 9.557762 9.286971 9.806316 10.29987 10.25809 
  3.77893 2.752459 4.232319 4.699423 5.621195 5.318329 4.703811 4.944564 5.294695 5.635445 7.105895 7.24132 7.350427 7.523955 8.159451 8.987612 8.952665 8.977203 9.582004 9.274831 10.23979 10.24491 10.83676 
  4.19938 2.632244 3.501607 4.519205 3.640279 4.598841 5.398713 5.205359 5.116179 5.686358 6.632092 6.964469 7.28451 8.162519 8.431136 8.280689 8.68587 9.070868 9.691504 9.687608 9.516932 10.00153 10.51139 
  3.884043 3.07303 4.725947 4.579278 4.109527 4.326565 5.040758 5.812601 5.812392 5.966382 6.658414 7.453025 8.009008 7.683827 8.369002 8.889464 9.581068 9.181564 9.636754 10.09497 10.23979 9.985827 10.3576 
  2.412466 2.351744 3.335537 4.399059 4.197511 4.244883 5.040758 4.466442 5.794541 6.093665 7.332496 6.895257 7.366906 7.460006 8.493271 8.532156 9.005033 9.215625 9.315346 9.893996 9.951009 10.40768 10.41188 
  3.463592 3.032959 4.099463 3.828368 4.696088 4.898344 5.040758 5.29229 5.848096 6.917988 6.790026 7.453025 7.778886 8.09355 7.777483 7.950638 9.162133 9.401576 9.801004 10.05477 10.44529 10.36555 10.76447 
  3.831486 3.674103 4.531247 4.429095 5.455906 5.391436 5.118515 5.400954 5.812392 6.679168 7.256962 6.71069 6.938447 7.284146 7.441815 8.938538 8.943137 9.070868 9.485037 9.590484 9.888998 10.40768 10.61987 
  3.621261 3.153173 2.80411 3.708222 4.637432 4.27211 4.885244 5.444419 4.812701 5.355422 6.658414 6.98754 7.432823 7.523955 7.974255 8.453572 8.781155 8.883537 9.582004 10.05477 9.97168 10.30772 10.25809 
  4.146824 3.193245 2.936967 4.729459 3.874903 4.081517 5.471559 5.683481 5.169734 6.144578 6.2899 6.479981 6.87253 6.932426 8.147877 8.644096 8.704927 8.883537 9.691504 10.05477 10.00268 10.22921 10.15858 
  4.514718 2.191458 3.468393 4.848488 5.455906 4.707751 5.471559 6.323977 6.209329 7.123478 7.40803 6.618407 7.531698 8.02458 8.555405 8.644096 9.109766 9.401576 9.965256 10.05477 10.13704 10.95537 10.40283 
  4.094268 4.114889 3.767321 4.489168 3.757591 3.210236 4.626053 5.812601 4.884108 6.068208 7.079573 7.595519 7.663531 7.8437 8.078428 8.202106 9.057399 9.948393 9.048688 9.821154 10.58229 10.82898 10.54757 
  4.409606 3.273388 3.866963 3.257676 4.138855 3.673104 3.667049 5.118427 6.145798 6.849491 6.50048 7.809258 7.86658 7.715802 7.96268 7.589153 8.552473 8.849477 9.448675 9.699748 10.02336 10.36555 10.54757 
  4.987725 2.752459 3.800535 4.489168 4.490791 5.172117 5.092596 6.515743 6.590515 6.780994 7.105895 7.738012 8.009008 7.90765 8.182601 8.044938 9.371601 9.130474 9.910505 10.41652 10.37679 10.87111 10.69217 
  5.408175 3.794317 3.269108 4.848488 5.621195 4.871116 5.471559 6.323977 6.018736 5.966382 6.737381 6.895257 7.366906 7.635866 8.431136 9.134832 9.214499 9.019778 9.521399 9.934191 10.51379 10.36555 10.65602 
  5.83841 3.674103 3.003395 4.937481 5.125329 4.326565 4.937082 5.876523 6.336391 5.890012 6.263577 6.479981 7.383385 7.90765 8.306869 8.840391 8.847853 8.806902 9.097171 9.796872 10.51379 10.66046 10.58372 
  3.77893 2.311673 3.667678 4.759496 4.344151 4.517158 5.118515 5.183625 5.294695 5.253595 6.763703 7.287461 7.86658 7.268158 7.893231 8.092089 8.895494 9.121959 9.557762 9.371955 10.13704 10.22921 10.37569 
  3.936599 3.313459 3.60125 4.489168 4.109527 4.135972 5.040758 5.466152 5.526766 5.151769 5.42126 5.833998 7.531698 7.955611 7.580712 8.107805 8.723984 9.121959 9.060808 9.469079 10.04403 10.29202 10.17668 
  3.305923 2.79253 4.033034 4.338986 4.402807 3.918152 4.211349 5.096694 6.209329 6.322775 6.526802 6.779902 7.86658 7.587904 8.369002 8.595023 8.885966 9.34335 9.691504 9.566203 10.37679 10.32342 10.61987 
  4.514718 3.313459 2.604825 3.768295 3.640279 4.680523 5.325868 4.879366 5.24114 7.054982 7.256962 6.572265 7.218593 7.475993 8.090003 8.938538 8.676342 9.451287 9.636754 10.09497 10.23979 10.74472 11.0175 
  4.882612 2.952816 2.40554 4.188805 4.96004 4.952799 4.859325 5.031496 6.526984 6.849491 6.50048 6.849115 6.856051 7.444018 7.893231 8.280689 8.847853 9.198595 9.497158 9.384095 10.23979 10.36555 10.61987 
  4.935169 3.994674 5.504748 5.115466 5.869128 6.561133 6.345703 7.858106 9.258814 10.75381 12.01558 13.29525 14.34711 13.47314 12.65624 12.12832 11.57101 11.34029 11.55301 11.38119 10.92478 10.53407 10.72832 
  6.274794 4.961107 5.602098 6.005391 5.951772 6.268709 7.074157 8.30556 10.02118 11.78126 12.92199 14.2927 15.55776 14.50767 13.40185 12.91349 12.35651 11.8871 12.15526 11.94391 11.74677 10.87111 10.65602 
  5.77607 4.756032 4.531247 5.560429 6.117061 6.853558 6.928466 5.812601 6.399922 7.260472 7.256962 7.809258 9.006014 8.714272 8.493271 8.742244 8.885966 9.036809 9.472917 9.893996 10.41104 10.49194 10.54757 
  5.408175 5.063645 5.115348 5.026473 6.034416 6.04939 6.85562 6.579666 5.544618 7.328969 6.737381 7.524272 7.795365 8.231487 7.569138 8.453572 9.319234 9.401576 9.691504 9.117004 9.97168 10.36555 10.69217 
  6.150113 6.601706 6.867651 7.429271 6.943504 7.145982 6.127167 6.387899 6.082267 7.054982 9.522973 10.30289 9.362087 9.128086 8.555405 8.840391 9.476335 9.500998 9.2305 9.311253 10.30829 10.53407 10.54757 
  6.150113 6.704243 8.327903 8.141212 8.265814 8.169467 7.80261 8.049872 9.00469 8.493416 10.95811 12.1553 12.56675 13.61108 12.78051 11.09777 11.15208 11.78768 11.77201 12.0645 11.71253 11.12389 11.12595 
  5.092838 6.396631 8.327903 8.230204 9.009613 8.754316 8.676755 8.369482 9.703531 10.20584 10.65598 11.51408 12.42432 14.71458 13.83679 13.06071 13.50859 14.47205 15.11178 15.03889 14.71182 13.90448 13.69249 
  5.092838 6.089019 7.646452 8.230204 8.926968 9.119846 9.040981 9.711844 10.40237 10.27433 10.73151 11.94156 11.92582 13.95592 13.71252 13.89497 14.29409 14.91945 16.37103 16.97486 16.52465 16.57531 15.65903 
  6.087772 6.499168 6.3809 7.607256 8.596391 9.412271 9.769436 9.584001 10.40237 10.75381 11.86452 12.22655 11.99703 13.3352 13.46398 13.40423 15.07959 15.6154 16.59003 17.11314 17.38337 18.13754 17.98443 
  6.773518 7.114393 6.67295 6.717331 8.183169 9.192952 8.458219 9.456157 10.52943 10.47982 11.78898 12.79652 11.99703 12.99035 13.89892 13.74775 14.92249 15.96286 16.48053 16.97486 17.95584 18.84055 19.05024 
  6.274794 6.806781 6.965001 6.806324 8.265814 8.534998 9.332363 9.775766 11.2918 10.9593 11.71345 13.15276 12.21067 14.2318 13.96105 13.50238 14.92249 15.91325 17.13874 17.8737 17.86043 18.91866 19.24402 
  5.77607 8.242304 7.646452 6.806324 8.100525 8.534998 9.040981 9.711844 10.59296 10.54832 11.10918 12.79652 12.78039 14.2318 13.58825 13.20794 13.71805 14.77032 16.48053 17.38971 17.76501 18.5281 20.30982 
  6.773518 6.704243 6.7703 7.429271 8.926968 8.68121 8.312529 9.200468 10.33884 10.75381 12.01558 12.51154 12.70918 13.81798 14.02319 14.14033 14.55593 15.21771 17.02322 18.15027 17.95584 18.37188 20.89117 
  7.147561 7.422005 7.938502 8.052218 9.174901 10.07023 9.69659 9.775766 10.27531 11.78126 12.31772 12.65403 12.78039 13.12829 13.58825 13.6496 14.71303 15.31713 16.76331 17.73542 18.24208 18.44999 20.11604 
  7.02288 7.729617 7.646452 8.230204 7.769948 8.68121 9.769436 10.41499 10.72003 11.84976 12.09112 12.93902 13.13647 14.09386 13.77465 12.91349 14.92249 15.168 17.13874 18.42684 18.24208 18.5281 19.63158 
  6.773518 6.191556 7.549102 8.586174 9.836056 9.704695 9.69659 10.09538 11.80005 12.32924 11.63792 13.08151 13.49254 14.78355 14.64453 13.40423 14.50356 15.11829 16.87882 18.35769 18.71914 18.91866 20.01915 
  7.895647 7.62708 7.938502 8.141212 9.34019 9.485376 9.5509 11.05421 11.41887 12.80872 12.39325 14.57769 14.13347 14.2318 14.70666 14.582 14.97486 15.6154 17.28313 18.01198 18.81455 19.62167 21.08496 
  7.646285 8.344842 7.938502 9.031137 8.926968 10.9475 10.64358 11.05421 12.43536 12.60323 12.77092 14.64894 14.20469 14.50767 14.83093 14.87644 15.5509 16.60775 17.83183 18.77254 19.57785 19.93412 21.08496 
  8.519053 9.677828 9.690805 8.675166 9.174901 9.850907 10.49789 11.50166 12.37183 12.46623 13.22412 15.14766 14.34711 14.71458 15.07946 15.33208 15.65563 16.60775 17.80295 19.1874 19.57785 20.32468 21.27874 
  8.893095 10.60066 10.95636 9.298114 10.33192 11.60545 11.1535 11.56558 12.88008 13.49368 13.75286 14.64894 14.7744 15.40427 16.25389 14.77829 16.0237 16.80618 18.09175 19.39482 20.53197 20.63713 20.79428 
  10.45161 11.31843 11.73516 11.96789 11.15837 11.31303 11.00781 12.46049 12.68948 13.63068 14.05499 15.29016 14.91683 15.74912 16.4311 15.23083 16.60209 16.80618 18.17838 19.39482 19.48244 19.62167 19.4378 
  11.69842 16.75291 17.92941 16.69659 17.68936 16.39227 15.55824 13.54717 13.38832 14.11016 15.11247 16.28761 15.91384 16.30087 16.19481 15.07894 16.91757 16.65736 16.20678 17.45885 17.28795 16.80964 17.30619 
  13.00757 18.40308 18.80211 19.26301 20.23852 19.77534 18.8017 16.69303 16.4601 16.52089 17.70567 18.22431 17.22912 18.31021 18.02606 16.09149 16.91757 17.30226 16.26153 14.87811 14.90265 15.42117 16.33727 
  13.63097 18.59706 18.28495 19.59064 19.76055 21.59699 19.83961 17.69752 17.43084 17.84676 19.02525 19.03171 18.34308 17.76501 17.49441 15.78772 16.49693 17.35187 16.73443 15.31545 15.66594 16.18475 15.75593 
  14.00564 18.38816 17.7678 19.20841 19.76055 22.50782 20.87752 19.70649 18.94089 19.34941 20.34483 20.6465 19.45704 18.20117 18.1442 16.29399 16.75983 17.74873 17.34089 15.31545 16.14301 16.80964 16.14349 
  14.1252 18.17926 17.37993 18.93538 20.15885 22.3777 21.65595 20.9621 19.91163 20.23332 21.12105 21.90244 20.25272 19.67321 19.50286 17.10403 17.18048 17.94716 18.35166 16.14515 15.37971 16.88776 16.53106 
  14.20128 18.08973 17.186 18.93538 20.15885 21.85723 22.43438 21.46434 20.01949 20.32171 21.27629 22.08186 20.14663 20.21841 19.8573 17.30654 17.60113 17.69912 17.7452 16.28344 15.09347 16.96587 16.33727 
  14.23389 18.10465 17.186 18.93538 19.99953 21.46688 22.82359 21.84102 20.34307 20.67528 21.50916 21.99215 20.04054 20.00033 19.68008 17.20528 17.70629 17.74873 17.91847 16.83657 14.521 16.65342 16.0466 
  14.27737 18.13449 17.186 18.88078 19.91987 21.20664 22.82359 21.71546 20.77451 21.02884 21.6644 21.63331 19.98749 19.67321 19.08936 17.45842 17.91661 17.79834 17.97623 16.83657 14.384 17.12209 16.62795 
  14.33171 18.19418 17.28297 18.88078 19.84021 21.20664 22.69386 21.71546 20.88237 21.11724 21.6644 21.27447 19.93445 19.50965 19.03029 17.50904 17.3908 17.35187 18.06287 16.76743 14.90265 17.2002 16.24038 
  14.37519 18.26879 17.34761 18.88078 19.99953 21.33676 22.69386 21.71546 20.77451 20.94045 21.50916 21.00534 19.93445 19.72773 19.32565 17.71155 17.23306 17.74873 18.40941 17.32057 15.18888 18.13754 16.91862 
  14.4404 18.26879 17.31529 18.88078 20.15885 21.46688 22.69386 21.46434 20.45093 20.67528 21.27629 20.46708 19.61617 19.72773 19.44379 17.96469 17.70629 17.69912 18.26502 17.18228 15.18888 17.74699 16.62795 
  14.40779 18.19418 17.186 18.93538 20.31818 21.59699 22.43438 21.08766 20.12735 20.58689 21.19867 20.19794 19.35094 19.83677 19.26658 17.20528 17.54855 16.65736 17.48528 16.28344 14.1785 17.35643 16.43417 
  14.39692 18.03004 16.99207 18.93538 20.55716 21.59699 21.91542 20.58541 20.01949 20.67528 21.12105 19.92881 19.24485 19.61869 18.26235 17.0534 17.70629 16.21089 16.59003 15.52288 14.00725 17.27831 16.24038 
  14.30997 17.57321 16.60267 18.55315 19.99953 20.55605 20.35856 19.20425 19.04875 19.96815 20.11196 18.85229 18.7144 18.85541 16.78554 16.34462 16.75983 14.82003 15.71403 13.91344 13.11676 16.18475 15.17458 
  14.13607 16.95798 15.92122 17.46105 17.13173 17.3031 17.37458 16.94415 17.32298 18.37711 18.01616 16.87866 17.22912 17.54693 14.33386 14.43477 14.50356 13.279 14.72853 13.59188 12.53452 14.87348 13.51175 
  13.90782 16.65037 15.23977 16.25975 13.72034 14.31038 15.29877 15.68855 16.35224 17.31641 16.77421 15.86013 16.6972 16.78365 14.02319 15.43333 15.81337 14.96916 14.40002 13.83305 13.56201 13.60957 13.43945 
  13.69331 16.54783 14.94771 15.70557 12.81125 13.65242 14.65008 15.18631 16.02865 16.96285 16.62314 15.57514 16.26991 16.2319 14.52026 15.78772 16.0237 15.01887 14.89278 13.59188 13.69901 14.073 13.94553 
  13.75566 16.95798 15.53181 16.47817 14.87736 14.96097 15.55824 15.81411 16.35224 17.4932 17.31756 16.4301 16.91084 16.89269 15.20373 15.53459 15.3938 15.41655 15.87828 14.35558 14.00725 13.52531 13.22256 
  14.08173 17.47067 16.21327 17.57026 17.13173 17.56333 17.24484 16.81859 17.10726 18.55389 18.71476 17.95518 17.86567 17.87405 16.37203 16.59776 16.75983 15.71482 16.20678 14.11441 13.25376 12.89336 11.77662 
  14.20128 17.77828 16.60267 18.11631 18.40631 19.25487 18.28275 17.57196 17.75442 19.26102 19.64623 19.21113 18.76744 18.90993 17.67162 17.35716 17.70629 16.55815 16.73443 14.99869 13.93875 15.16839 12.82493 
  14.2991 17.88082 16.79737 18.22552 19.20292 20.29581 19.06118 18.45088 18.40158 19.61458 20.2672 20.01852 19.2979 19.56417 18.73492 17.76218 18.28468 17.10383 16.87882 14.63694 14.28125 15.042 13.83708 
  14.28824 17.94051 16.89472 18.11631 19.52157 20.68617 19.4504 18.82756 18.6173 19.61458 20.42245 20.46708 19.51008 19.89129 19.38472 18.06594 18.81049 17.94716 17.51416 15.03889 14.384 14.95774 13.72864 
  14.22302 17.98527 16.99207 17.9525 19.44191 20.81629 19.70987 18.82756 18.6173 19.4378 20.34483 20.73621 19.66922 20.00033 19.62101 17.91406 18.81049 18.24481 17.62968 15.10803 14.1785 15.25265 14.88539 
  14.17955 18.00019 17.02439 17.73408 19.28258 20.68617 19.58013 18.82756 18.50944 19.26102 20.2672 20.82592 19.77531 19.89129 19.68008 17.81281 18.81049 18.39363 17.77407 15.24631 14.99806 15.71608 15.13843 
  14.1252 18.00019 17.05671 17.57026 18.96394 20.42593 19.32066 18.57644 18.29372 18.81906 20.11196 20.6465 19.56313 19.67321 19.62101 17.6103 18.81049 18.69127 17.65856 15.10803 15.2843 15.8723 14.77694 
  14.03825 18.01512 17.15368 17.35184 18.72496 20.29581 19.06118 18.45088 18.18586 18.4655 20.11196 20.37737 19.45704 19.18253 19.32565 17.40779 18.96823 18.8401 17.65856 14.9183 14.90265 15.58969 14.84924 
  14.01651 18.0748 17.28297 17.18803 18.32665 20.03558 18.67196 18.0742 17.86228 18.11193 19.87909 20.19794 19.13876 18.58281 18.794 17.0534 18.81049 18.79049 17.22537 13.95364 15.37971 16.41908 15.36836 
  14.01651 18.19418 17.4769 16.96961 17.84868 19.64522 18.02327 17.57196 17.43084 17.58159 19.49098 19.56997 18.7144 17.92857 17.90791 16.14211 18.02177 18.04638 16.26153 13.10955 14.61641 15.58969 15.46525 
  14.02738 18.28371 17.60619 16.58738 16.89275 18.7344 16.98537 16.56747 16.67582 16.96285 18.94763 18.76258 18.18394 17.49241 17.02183 14.72922 16.75983 16.70697 15.27603 12.38605 14.247 14.45217 14.63235 
  14.16868 18.37324 17.63851 16.15054 15.61818 16.78262 15.29877 15.18631 15.38149 16.16733 18.17141 17.86547 17.70653 17.38337 16.4311 12.66813 15.34143 15.06858 12.04576 10.77827 12.22627 12.89336 13.22256 
  14.21215 18.74628 18.25263 16.25975 15.69784 14.4405 13.70309 13.9307 14.08717 15.54859 17.47281 17.14779 17.4413 17.32885 16.19481 12.07924 11.98995 12.63276 12.04576 10.85866 11.57553 11.9665 11.30669 
  14.21215 18.80597 18.28495 16.15054 15.69784 14.23727 13.48455 13.67501 13.70598 15.3431 17.0847 16.87866 17.38825 17.16529 16.13574 12.37369 12.19941 12.88132 12.42902 10.97925 11.26728 11.12389 11.30669 
  14.10346 18.77613 18.28495 15.88356 15.53852 14.23727 13.4117 13.48324 13.51539 15.00062 16.77421 16.60952 17.12303 16.71468 15.76294 12.37369 12.04231 12.68247 11.93626 10.97925 11.13028 10.87111 11.12595 
  13.9513 18.79105 18.41424 15.61658 15.37323 14.16417 13.12032 13.03579 13.1342 14.52114 16.01887 15.78888 16.55477 15.61118 14.70666 11.88295 12.67072 13.47784 12.92177 10.81847 11.54128 11.58732 11.37899 
  13.75566 18.82089 18.51121 15.17162 15.04265 13.87174 12.97463 12.58834 12.49889 13.76767 15.11247 14.72018 15.48655 14.71458 14.39599 12.32461 12.61835 13.57726 12.81227 10.93905 11.60978 11.54519 11.55973 
  13.19459 18.82089 18.70514 14.54867 14.62943 13.21379 12.6104 12.33265 11.4824 12.67172 14.9614 14.50644 14.91683 14.85252 14.64453 12.32461 12.25178 13.03045 12.37427 10.85866 11.50703 11.50306 11.55973 
  12.1348 18.77613 19.02836 14.10371 13.6377 11.45924 11.22634 10.86244 10.65649 11.37028 13.45073 14.00772 15.20169 14.99046 13.40185 11.49036 11.15208 11.58884 11.16976 10.5773 11.33578 11.71371 11.55973 
  10.26459 18.43293 19.02836 14.01472 11.24101 8.242573 8.312529 9.392235 9.639999 11.0963 12.77092 12.93902 14.20469 14.30077 13.71252 11.53944 10.62841 11.68826 11.11501 10.17536 10.58229 10.61833 10.98136 
  9.828203 17.67575 18.3496 13.39177 8.844324 8.534998 8.968137 8.816936 9.131752 11.98675 13.14859 12.65403 13.91983 14.02489 13.40185 11.93202 10.36657 10.74376 10.56751 9.675467 10.37679 10.74472 10.90906 
  9.267138 16.75291 17.44458 12.76882 8.265814 7.292194 8.093992 7.154963 8.432912 10.54832 11.63792 11.58533 13.06525 13.81798 12.90478 11.68666 10.31421 10.9426 10.40326 10.01458 10.07503 10.61833 10.69217 
  8.830755 15.11231 16.11592 11.7899 7.108793 6.561133 8.239683 7.218886 8.559974 10.82231 12.01558 11.65658 13.56375 13.54211 12.59411 10.06723 9.895269 10.64434 10.40326 9.809012 9.485927 10.36555 10.83676 
  7.396923 13.1641 14.26626 10.45502 6.695571 6.04939 7.80261 7.794184 8.496443 10.54832 12.61985 12.86777 13.70618 12.71448 11.72423 10.70518 10.68077 10.79347 10.23901 10.09497 10.23979 10.36555 10.14954 
  6.711177 10.7032 11.44311 8.052218 5.207973 6.341815 8.312529 8.561249 8.115257 10.47982 11.63792 12.2978 13.49254 12.85242 11.53783 10.3126 11.15208 10.74376 10.34851 10.05477 10.0957 10.82898 10.69217 
  5.83841 8.139767 9.204054 7.073301 6.117061 6.707345 8.385374 8.177716 8.369381 11.0278 12.09112 11.65658 14.41833 13.74901 12.46984 10.85241 10.78551 11.34029 11.16976 10.5773 9.878663 10.22921 10.76447 
  6.586496 8.857529 8.814653 6.984308 5.621195 5.537648 7.584074 8.30556 8.687036 10.54832 11.41132 12.2978 13.7774 13.05932 12.40771 11.49036 10.94261 10.99231 10.45801 10.77827 10.47954 9.875914 10.3576 
  7.521604 9.780365 8.522604 7.340279 5.621195 5.464541 7.365538 7.602418 7.797603 10.13734 10.95811 11.44284 13.06525 12.50757 11.10289 10.50889 10.52367 10.74376 10.67701 10.33613 10.20554 10.40768 10.53853 
  6.773518 9.062603 8.912004 6.717331 6.117061 5.903178 7.80261 6.196133 6.971701 10.47982 11.18472 11.2291 12.42432 11.542 10.66796 9.920009 9.895269 10.24666 10.18426 10.25575 9.754641 10.61833 10.61987 
  7.957988 8.447379 8.619953 6.450354 4.490791 5.976284 7.147002 7.154963 8.242319 10.68531 10.95811 10.94411 12.85161 11.95582 10.54369 9.920009 9.947637 10.4455 10.29376 9.893996 9.702965 10.53407 10.54757 
  7.957988 6.499168 6.965001 5.827406 5.869128 5.976284 7.219848 7.218886 6.590515 9.589365 9.522973 9.804165 11.00002 10.6454 9.92235 8.889464 8.619171 10.04781 9.801004 9.72403 10.05436 10.74472 10.69217 
  7.957988 8.652454 7.549102 6.539346 5.786483 5.68386 7.147002 7.410652 6.844639 9.931849 10.20278 9.946658 11.14245 10.71437 9.549547 8.938538 9.319234 9.351866 9.569882 9.675467 10.17129 10.27631 10.61987 
  8.643733 9.062603 8.522604 6.895316 6.530282 6.341815 7.001311 6.387899 6.336391 8.150931 8.84317 9.162945 10.43031 9.748807 8.928207 8.595023 9.214499 9.451287 9.485037 10.01458 9.754641 9.946572 10.15858 
  8.581392 8.03723 6.5756 6.005391 6.034416 5.318329 6.272858 5.748679 6.145798 8.013937 8.465502 8.165492 9.718161 9.403962 8.244735 8.312122 9.162133 9.215625 9.448675 9.934191 10.01302 10.32342 10.83676 
  8.830755 6.601706 5.796799 5.115466 5.703839 5.172117 5.981476 6.068289 6.082267 7.808447 7.936766 8.094245 9.362087 8.921179 8.369002 8.029222 9.109766 9.24117 8.806272 9.323393 10.20554 9.946572 10.80061 
  9.267138 7.729617 5.212698 5.471436 5.373262 5.245223 5.066677 5.748679 6.526984 7.602956 7.785698 7.26439 8.64994 8.645302 8.113153 8.343555 8.952665 9.401576 9.448675 9.881856 9.940674 9.938721 10.4933 
  7.583944 5.986482 4.725947 5.738413 5.869128 5.756966 5.690094 5.876523 5.24114 6.849491 7.483563 7.738012 8.222652 8.231487 7.846932 8.390706 8.523888 9.351866 9.746254 9.893996 10.17129 9.985827 9.995749 
  6.835858 6.704243 5.602098 6.005391 4.96004 5.756966 4.885244 5.053228 5.508915 6.195491 7.710165 7.666765 8.436296 8.09355 7.93953 8.547873 8.800211 9.079384 8.842634 9.456939 9.506598 10.1664 10.51139 
  4.514718 5.576332 5.894149 4.848488 4.696088 4.598841 4.44462 6.196133 5.955205 6.653711 7.05325 6.756832 7.300989 7.955611 7.823783 8.644096 8.600115 9.351866 9.855755 9.934191 10.47954 10.44981 10.53853 
  7.147561 7.934692 7.549102 5.382443 6.199705 5.025905 4.263187 5.618282 6.463453 7.054982 7.40803 6.779902 7.350427 7.348095 7.684886 8.500723 8.838325 8.951658 9.109292 9.821154 10.34254 10.24491 10.52948 
  8.20735 7.114393 6.186199 4.369022 3.992215 3.455284 4.366863 5.940445 4.884108 5.406335 6.790026 6.802973 7.119718 7.811726 8.090003 8.579307 8.723984 9.550708 9.424433 9.529781 10.23979 10.70259 10.54757 
  7.147561 6.089019 5.602098 4.579278 4.432136 4.1632 5.144434 5.096694 5.419657 6.119122 6.342545 7.079823 8.009008 8.300457 8.617538 8.453572 8.342848 9.070868 9.024446 9.934191 10.10604 10.1978 10.58372 
  6.586496 5.883944 5.115348 4.729459 4.285495 4.05429 4.522377 4.357778 5.740986 6.399145 6.684736 7.010611 7.515219 7.939624 8.124727 8.013505 8.50483 9.096414 9.582004 10.01458 10.27404 10.25276 10.69217 
  6.773518 4.034746 3.99982 3.618113 4.696088 4.789433 4.548296 4.422976 5.080476 5.482705 6.737381 7.666765 7.795365 7.491981 7.638586 8.154955 9.371601 9.451287 10.12951 10.01458 9.940674 10.30772 10.52044 
  6.898199 5.26872 3.833749 3.678186 4.549448 3.863697 5.544404 5.205359 5.24114 5.737272 6.316223 6.456911 7.712969 7.779751 8.159451 8.264972 8.466717 9.138989 9.691504 9.974385 10.23979 10.09574 10.29428 
  6.150113 5.166182 3.302322 3.257676 4.373479 4.626068 4.963001 5.379221 5.740986 5.533618 6.079321 7.310532 7.218593 7.955611 7.499689 8.233539 9.057399 9.500998 9.691504 9.456939 10.34254 9.820956 9.96861 
  6.461815 5.371257 3.833749 5.026473 3.46431 5.025905 5.544404 4.662037 5.169734 6.042751 6.816349 6.941399 7.465781 7.619879 8.159451 8.46929 8.542944 9.401576 9.497158 9.238409 10.01302 10.66046 10.90906 
  6.025432 4.275175 3.767321 4.729459 4.461463 5.172117 5.325868 5.509618 5.151882 5.839098 6.553124 6.872186 7.548177 8.300457 8.008979 8.076371 8.714456 9.130474 9.424433 9.893996 9.951009 9.977976 10.1043 
  6.150113 4.315247 3.136252 4.278913 5.290617 4.734979 4.859325 5.683481 5.865947 6.780994 7.40803 7.381779 7.729448 7.66784 8.679672 8.595023 8.533416 9.550708 9.636754 10.05477 10.17129 10.61833 10.46616 
  3.831486 3.233316 3.169466 2.837167 3.376326 4.489931 5.196272 5.379221 5.723134 6.780994 6.131966 6.18006 6.740697 7.475993 7.522839 8.249255 8.695398 8.985718 9.254742 9.833294 9.475592 9.915168 10.07717 
  4.462162 4.39539 3.99982 3.437895 3.141702 4.680523 5.76294 5.161892 5.080476 5.660902 6.210933 7.218249 7.564656 7.699815 8.369002 8.595023 8.857382 9.164535 9.460795 10.13516 9.868328 10.29202 10.28523 ]
