 [
  6.826615 7.014678 8.214185 7.959413 8.03796 8.410767 7.777829 9.535401 10.99139 9.451371 10.09017 9.012894 8.450668 10.8786 10.39917 9.883854 10.21283 9.79938 9.794435 10.74407 11.74812 11.25154 11.30058 
  7.043468 7.248753 7.763954 5.645069 6.225778 6.811549 6.737343 8.283134 9.691921 7.981423 8.394888 8.337015 10.0967 11.59123 11.76081 10.90055 11.45829 10.45789 9.794435 10.33403 10.59449 10.55652 11.11439 
  7.94702 7.867381 6.268952 3.998591 5.089622 4.983597 5.774294 6.762523 7.526149 6.947161 7.189583 7.430785 8.417765 9.234051 9.347004 9.012398 9.667946 9.254968 9.417271 9.806472 9.657009 10.45655 11.11439 
  6.428526 6.931079 3.707069 2.955822 4.474205 4.019038 5.321323 5.697319 6.537022 5.993577 6.136325 7.135712 7.266132 8.031265 7.884534 8.414556 9.058854 9.408651 9.794435 9.923984 9.90133 10.2839 10.67773 
  6.555549 6.166893 3.536277 3.34 4.284846 3.192273 5.723964 6.278339 6.149972 6.225529 7.189583 6.659056 7.660977 7.507582 7.228442 8.264493 8.707034 9.116653 9.404005 9.799128 9.38697 10.29405 10.86615 
  5.883241 4.6969 3.479346 4.657183 4.190167 4.524283 4.868352 5.180856 5.97795 6.715208 6.455494 7.090316 6.739672 8.031265 8.789973 8.789713 9.245759 9.408651 9.879753 10.088 10.14565 10.26358 10.52221 
  6.473967 6.403989 4.959545 3.779061 4.568885 5.626637 5.220663 5.95555 6.106967 6.715208 6.80658 7.04492 7.134517 8.205826 8.142284 8.879751 8.87195 9.178126 9.098895 9.791783 9.734163 10.45655 10.80409 
  6.519407 7.332351 5.073407 4.492535 4.758245 5.305117 5.069673 6.536571 6.321995 6.199757 6.966165 7.839347 8.286149 8.009445 8.353171 8.5196 9.14681 8.993707 9.470333 10.25202 10.28685 10.25343 10.72633 
  6.790473 6.688503 4.674891 4.657183 4.568885 6.040019 5.673634 6.181502 6.494017 6.5348 7.189583 7.998232 8.713898 9.179233 9.470789 9.956476 9.97931 9.881694 10.64763 11.15412 11.44048 12.50258 14.03126 
  5.610599 6.830761 5.699645 6.468308 5.752379 6.171862 6.862202 6.56885 7.182105 8.151032 8.758163 10.08303 10.54713 11.15269 11.88459 12.4256 12.85942 12.845 13.03656 14.10644 14.74755 16.11669 18.62377 
  4.883552 6.261731 6.572165 5.315774 5.231642 4.708009 5.572974 6.439734 6.924071 7.755277 8.273796 9.745096 9.996605 10.27559 10.89431 11.19104 11.92533 12.2688 12.52465 13.45037 13.67083 14.72665 15.89309 
  4.974432 5.455606 5.870437 5.535304 4.710905 4.891734 5.925285 5.858713 6.666039 7.153341 8.031612 9.012894 10.14675 11.04305 11.88459 12.4256 12.6259 12.43343 12.01273 12.22024 12.13266 12.57208 12.91416 
  5.065313 5.360768 6.09816 5.480422 5.421001 5.488842 5.925285 6.665687 6.795055 7.642204 7.728883 8.674954 9.996605 10.98823 12.07027 12.57085 13.0151 12.59806 12.18337 12.38425 11.82503 12.08557 12.47973 
  5.337956 5.929797 6.810523 6.500724 7.138236 7.131392 6.98706 7.612276 7.76679 7.333749 8.51598 8.674954 9.696321 9.508142 9.656466 11.11842 12.23669 12.02186 11.33018 11.40015 10.20995 10.32452 10.76521 
  8.200014 8.636486 10.16561 10.06641 10.11425 9.250357 8.568599 8.283134 8.151816 8.659861 9.000347 9.350833 9.796415 9.83705 10.58485 10.61007 11.14692 10.62252 10.56231 11.64617 12.05575 12.64159 12.16943 
  6.246765 7.549707 8.320122 7.019369 6.896003 5.259185 5.019342 6.052387 6.321995 6.405937 7.728883 8.337015 9.095751 10.0015 10.70864 10.68269 10.60204 10.45789 11.15954 11.07211 11.20976 11.73806 12.16943 
  5.974122 6.641085 5.244199 4.657183 4.568885 5.534774 5.623304 5.632761 4.773796 6.689435 7.317251 7.839347 9.245893 10.71414 10.9562 10.3922 10.21283 10.29326 10.22103 10.74407 12.28648 13.26711 13.1624 
  5.337956 6.593665 4.674891 3.504648 3.764109 5.718499 5.572974 5.568203 5.762923 7.179114 6.838497 7.58967 8.516476 8.533129 8.564058 9.15764 8.740018 9.162758 9.523396 9.777094 10.20995 10.55652 10.80409 
  6.718189 5.882379 3.764 5.041361 4.048148 3.835312 4.365051 4.954904 6.020956 6.096666 6.934248 7.476181 7.59517 8.271286 8.423467 8.429562 8.87195 9.470124 9.709115 9.872572 10.20995 10.48702 10.38613 
  5.201634 5.550445 5.130337 6.954538 7.588098 7.77108 7.528113 6.665687 7.053088 8.264106 8.152704 8.393338 7.628074 7.529402 7.861102 8.939776 9.234764 9.132021 9.616256 10.33403 10.14565 10.40577 11.735 
  6.663976 6.847481 6.439744 7.473183 8.660845 8.69063 8.693457 8.953991 9.643793 10.75171 11.11945 10.19568 10.24684 8.740687 10.08971 11.48152 12.6259 13.00963 10.81826 10.66206 10.6714 10.62603 10.86615 
  8.687932 8.168335 8.770353 9.158778 9.698988 8.890532 9.817182 10.69822 10.22133 11.76937 13.54129 12.84287 12.94941 13.40023 13.92704 15.69357 16.67362 16.21987 14.99891 14.43448 15.13209 14.51814 14.21744 
  8.687932 7.984419 8.399574 10.32573 10.70253 10.12993 10.85767 11.19018 10.89513 12.4478 13.54129 13.29346 14.35073 14.55141 15.35056 17.00075 18.77533 18.85392 17.72912 17.22278 17.74698 17.71524 17.25843 
  6.473967 7.048117 7.86989 10.16365 10.70253 9.810082 12.0823 12.21883 11.95395 12.4478 13.90457 13.46243 13.65007 13.89359 15.59813 17.29123 19.24237 20.00632 19.26487 19.02698 18.59298 18.34076 18.43758 
  4.70179 6.024636 8.452542 10.98042 11.06732 10.60969 11.19062 12.44245 13.10903 12.73049 12.99638 13.51875 13.44988 14.49659 14.60785 16.71026 18.30828 19.3478 19.69146 19.60104 19.59279 18.47976 18.18934 
  7.621741 7.850661 8.267153 10.35814 10.14885 11.08946 11.44034 12.08466 13.25341 13.40892 13.48075 13.12449 13.19964 14.11287 15.28867 16.63764 18.38612 19.84169 19.94742 20.25712 20.05424 19.38329 18.43758 
  8.453009 8.636486 8.081764 10.61747 10.66792 10.92953 11.44034 11.81632 13.68657 13.91775 14.02566 13.74405 14.05045 14.98995 16.09327 17.14599 18.85317 20.00632 20.73603 21.35372 20.69197 20.01531 19.6671 
  7.495244 8.335532 8.002312 9.353271 10.35648 10.60969 12.53383 12.58632 13.78228 14.53965 15.23658 15.42707 15.20154 15.64777 16.03138 17.79959 19.50975 20.72931 21.0542 21.62017 21.3297 20.64733 20.06105 
  7.60367 8.084737 8.611448 10.42298 11.06732 11.53668 11.77329 13.28033 13.68657 14.98298 16.06724 14.70154 15.71108 15.70259 16.46462 17.29123 19.50975 21.59003 21.50494 21.64681 21.55746 20.70479 20.84895 
  7.061539 8.703364 9.458942 10.61747 11.43211 12.39857 11.48196 12.44245 13.25341 14.37004 15.17603 15.0958 15.36646 15.70259 16.40273 17.87221 19.08669 21.14246 21.84962 21.83333 21.73967 20.70479 20.91461 
  7.856664 8.335532 9.247068 10.58505 9.283731 10.96951 12.0823 12.88375 13.15716 14.08736 14.75221 15.63901 15.15149 15.9124 16.58841 17.79959 19.16453 20.55717 21.58448 21.72675 21.60301 20.99207 20.98026 
  7.169965 7.817222 7.86989 8.380812 8.868474 10.16991 12.0823 12.48717 13.68657 14.72512 15.41821 15.63901 15.25159 15.37368 16.71829 17.94483 18.93101 20.24731 21.66403 21.40701 21.96743 21.85392 21.76816 
  6.519407 7.36579 7.55208 8.899456 10.11425 10.28985 11.64844 12.08466 13.54218 14.42658 14.99439 14.75786 15.10145 15.59295 16.52651 17.79959 18.77533 20.17846 21.66403 22.09978 22.4685 22.02629 21.96514 
  5.974122 6.451408 8.664416 10.06641 10.01043 11.24938 11.23224 11.63742 12.33898 13.18278 14.57057 13.91302 13.65007 14.2225 15.28867 17.00075 18.93101 20.1096 20.89511 21.9932 22.14964 21.96883 22.0308 
  5.883241 7.516268 8.293637 8.510472 9.595174 10.76961 10.89929 11.81632 12.29085 12.78702 13.4202 13.23714 13.34978 14.11287 15.41245 16.20192 17.7634 19.51243 20.11806 21.51359 22.33185 22.02629 22.35909 
  4.838111 7.165154 8.823321 8.607718 9.975826 10.60969 10.52471 10.78767 12.29085 13.06971 13.54129 13.91302 14.1005 14.60623 15.53624 16.34716 18.07476 19.67706 20.45934 21.40701 22.60516 22.1412 22.42475 
  7.188036 8.185055 8.558479 9.385685 10.46029 10.32983 11.06577 11.19018 11.76144 14.08736 14.81276 13.96934 13.90031 15.09959 15.53624 16.85551 17.99692 19.43012 21.16026 21.78004 22.83292 23.00305 22.68738 
  9.266108 8.97088 9.723783 9.580177 10.32187 11.39303 10.81605 11.95049 12.38711 13.74814 14.14675 13.57508 14.45083 15.20923 15.28867 16.78289 18.46396 20.21289 20.89511 21.78004 22.92402 22.65831 22.88435 
  9.988785 9.429832 11.34124 11.88781 12.16169 11.82397 12.0823 12.88375 12.91652 14.08736 15.23658 15.0958 15.15149 15.53814 15.78381 17.72696 19.43336 20.21289 20.70952 21.51359 21.87633 21.68155 21.70251 
  12.8795 13.25443 12.34892 13.52112 13.62084 12.68587 12.30807 13.18119 12.91652 14.72512 15.67782 14.58889 14.85121 15.31886 15.22678 17.5091 18.54181 19.75937 20.84209 20.8741 20.82863 20.76225 20.58632 
  16.78196 17.69097 17.89115 18.05807 17.81593 15.4152 15.58167 15.85809 17.13209 18.7219 18.27392 16.69872 17.66392 17.59084 16.6503 18.37057 18.54181 18.77161 19.09423 18.37091 18.43916 18.68827 18.18934 
  17.79371 18.3029 19.90651 20.05433 19.82227 17.56993 17.16203 17.74184 19.23768 21.42939 20.87002 18.92411 20.42086 20.31832 18.826 19.58787 18.38612 18.85392 19.94742 18.86296 17.59317 16.04719 16.20339 
  17.93824 18.60887 20.41035 20.78024 21.09904 18.28817 17.83932 18.33671 19.4291 21.94511 21.90846 19.6659 21.45472 21.26245 19.70988 20.80517 19.31877 19.51243 20.62997 19.51904 17.67007 16.81171 17.1343 
  17.93824 18.60887 20.2424 21.50615 21.82862 18.57547 18.40374 18.535 19.52481 22.46082 22.68729 20.08979 21.91421 21.78696 20.04983 21.27857 19.81532 19.67706 20.37402 19.10899 17.74698 17.50673 17.81697 
  17.79371 18.45589 20.07445 21.8691 22.19341 19.15007 18.74239 18.73329 19.71623 22.71868 22.9469 21.04352 22.25883 22.31147 20.45778 22.22536 20.31188 19.51243 19.8621 18.78096 16.9779 16.88121 17.32049 
  17.79371 18.3029 19.57061 22.05058 22.01101 19.86831 18.96815 18.73329 19.52481 22.33189 23.20651 21.25547 22.25883 22.31147 20.93371 22.49587 20.35008 18.93623 18.66763 18.37091 16.43954 16.4642 16.76194 
  17.64917 18.14992 19.40267 21.8691 21.64622 20.15561 18.85527 18.63414 19.33339 22.20296 23.59593 21.1495 22.3737 22.10167 20.93371 22.36062 20.1209 18.60698 18.75295 18.94497 17.36244 16.67271 16.824 
  17.50463 17.84395 19.23472 21.32467 21.28143 20.29926 18.51662 18.33671 19.23768 22.20296 23.33632 21.57338 22.48857 21.89186 20.93371 22.49587 20.1209 18.60698 19.17955 19.43703 17.74698 16.88121 17.56873 
  17.21556 17.84395 19.06677 20.78024 21.28143 20.15561 18.06509 18.13842 18.95056 21.68725 23.33632 21.57338 22.14396 21.26245 20.38978 21.81959 19.73893 18.11309 19.09423 19.51904 17.59317 16.18619 17.1343 
  16.78196 17.69097 18.89883 20.41728 21.28143 19.72466 17.38779 18.03928 18.85485 21.55832 23.33632 21.67935 22.14396 20.84283 19.98184 21.27857 19.28057 17.61921 18.58231 19.191 17.28553 15.00466 16.32751 
  16.20382 17.53798 18.73088 20.2358 21.28143 18.86277 17.27491 17.94013 18.66343 21.04261 23.07671 21.57338 21.68446 20.00361 19.30194 20.53466 18.61965 16.79607 17.89976 18.2889 16.055 13.89262 16.32751 
  15.3366 17.23202 17.89115 20.05433 20.55185 18.00088 16.82338 17.14697 17.99347 20.26904 22.9469 21.99726 21.91421 19.7938 19.50591 20.80517 19.24237 16.05524 16.53465 17.30479 16.055 14.44864 17.1343 
  14.61392 16.31411 17.05142 18.78398 18.7279 16.85169 15.46879 16.05638 16.74925 18.46404 21.38924 21.1495 20.88035 18.11536 17.94212 19.85838 18.30828 15.97293 16.87593 17.87886 16.36263 12.9891 16.38957 
  13.89125 15.85516 16.71552 17.69511 16.17437 14.8406 13.77554 13.47862 14.26082 15.1119 18.66334 18.50022 18.00854 15.70259 15.90759 18.23531 16.20658 14.32665 15.25486 16.56671 15.43973 12.22458 15.02423 
  11.00053 11.87758 13.69249 15.69885 13.80324 10.40979 9.317749 9.40123 9.740049 11.03439 14.75221 15.74498 14.30069 11.59123 12.6273 15.33046 13.09294 10.29326 12.18337 13.86042 12.97865 12.64159 12.97622 
  7.477172 8.084737 9.723783 10.98042 8.349402 7.251334 7.153538 7.030866 6.709044 8.377178 10.69563 11.88538 10.44703 9.672596 9.594573 10.0291 10.21283 9.377914 9.178489 10.41604 10.97903 11.52955 11.4247 
  6.537478 8.318812 9.008711 9.742254 6.861398 5.534774 5.723964 6.665687 5.891939 7.307977 8.21325 9.350833 8.746802 8.184006 8.789973 9.230262 9.512264 8.916865 10.05039 9.755061 9.927049 10.22296 10.68745 
  6.609763 5.26593 6.704586 7.084199 4.568885 5.213254 4.918682 5.245414 6.321995 8.942543 10.514 12.16699 11.44798 9.453323 11.38945 13.95065 13.94919 10.62252 10.81826 11.31814 10.97903 11.73806 13.03828 
  6.065003 5.26593 4.048654 5.096243 4.994943 5.259185 4.818022 5.245414 6.666039 7.333749 7.849975 9.801419 8.845513 8.140366 8.851866 11.48152 11.61397 9.552438 9.51013 9.644894 10.28685 10.76503 11.17645 
  6.473967 4.602062 3.536277 4.82183 5.847059 5.810362 5.522644 6.052387 5.805928 6.328619 5.625654 6.681754 7.726785 7.878524 7.907966 8.699676 9.025871 8.701709 9.576458 9.916639 9.914189 10.55652 11.23851 
  6.473967 5.408187 2.96697 3.230235 3.243371 4.524283 4.516041 5.245414 5.762923 5.710078 6.870414 7.725858 8.187438 8.293107 8.32974 8.759701 8.586096 8.486552 9.364208 9.600827 10.0042 10.32452 10.55137 
  6.428526 4.886577 3.991723 3.55953 4.048148 4.340558 5.371654 5.600482 6.494017 6.740981 7.253417 7.181108 7.529362 7.28938 8.21258 8.594631 8.718029 9.224232 9.709115 9.799128 10.10707 10.45655 10.79437 
  4.520028 3.795937 3.764 3.724178 3.716769 4.340558 4.818022 4.954904 5.762923 6.457482 6.966165 7.839347 8.845513 7.856704 7.626784 8.249487 8.707034 9.254968 9.965073 9.813816 10.44067 10.83453 10.67773 
  3.611219 3.795937 2.796178 3.285117 4.142827 4.019038 3.308118 4.696672 5.203851 6.869843 6.551245 7.226504 7.990015 7.965805 7.392465 7.979373 8.575102 9.362546 9.443802 9.857883 10.44067 10.26358 10.92821 
  9.699714 11.26564 13.3566 14.06555 13.62084 14.26601 14.90437 16.25467 17.13209 16.65904 16.06724 14.30728 13.80021 13.83877 13.49379 14.74949 16.0509 14.07971 12.86593 14.18845 13.74774 13.0586 12.41767 
  12.01228 12.33653 13.52454 14.42851 14.71521 15.4152 14.56572 17.14697 18.3763 17.8194 16.58646 14.87051 15.10145 14.8255 14.91731 16.85551 17.99692 17.78384 16.61997 16.73073 16.59336 15.42167 15.33454 
  11.57868 11.41862 12.51686 14.42851 14.16803 14.69695 13.32401 15.16408 17.32351 18.07726 17.36529 15.95692 15.36646 16.85652 18.14609 19.24973 20.73205 20.45389 19.4355 18.53493 18.66989 17.78474 17.69285 
  9.410643 9.888783 9.82972 10.58505 9.698988 11.82397 11.27386 12.78461 15.1222 17.17476 17.23548 16.27483 16.0557 17.69575 18.41806 19.6555 21.64878 21.59003 20.73603 20.42113 20.32755 19.67057 19.20749 
  6.989254 8.653206 9.6973 9.871915 10.56411 9.930023 10.48309 12.9829 15.50504 16.14333 17.10568 17.33454 16.51519 17.48594 18.69002 19.99364 21.07582 21.93432 21.50494 20.47442 20.32755 20.18768 19.73276 
  6.663976 9.123863 9.591363 10.29331 10.56411 11.53668 11.10738 12.78461 16.07929 16.40119 16.84607 17.1226 16.63006 17.69575 18.62203 19.85838 21.22861 21.96874 21.77008 21.38036 20.78307 20.53242 20.06105 
  5.656039 8.786963 9.997667 10.00158 10.70253 11.39303 11.73168 13.37948 15.98358 16.14333 16.32685 16.3808 17.3193 17.90555 18.01011 19.31736 21.19041 21.89989 21.92917 21.67346 21.10194 20.70479 20.25803 
  7.422959 6.830761 7.73747 9.385685 10.88492 11.39303 11.73168 12.17411 14.83508 14.98298 16.19704 15.95692 16.63006 16.96143 17.53418 19.79076 21.57238 22.17532 22.30037 21.43365 21.3297 21.10699 20.455 
  7.422959 7.8841 8.584964 9.158778 9.837407 10.16991 11.85653 12.48717 13.15716 14.53965 15.67782 15.53304 16.17057 16.22711 17.80614 19.31736 20.73205 21.7966 21.611 21.06062 21.14749 20.93462 19.79842 
  7.404888 7.90082 8.452542 8.089073 9.664383 9.970004 11.64844 12.30828 14.0694 15.1119 15.54802 15.74498 15.82595 15.9124 17.53418 19.11448 20.80844 21.72775 20.94814 20.8741 21.19304 20.64733 19.86408 
  6.627833 7.700184 8.664416 9.093948 10.42569 10.84957 12.30807 11.54797 13.49406 14.72512 15.54802 15.42707 15.48133 15.70259 17.33021 17.94483 19.81532 21.3146 21.611 21.32707 20.73752 20.41751 19.53579 
  7.188036 8.770244 9.061679 10.61747 10.70253 10.28985 11.85653 11.45853 13.68657 14.72512 14.8733 15.3211 15.36646 15.4285 16.71829 17.87221 19.16453 21.34903 21.34586 21.06062 21.14749 20.93462 19.79842 
  8.236156 8.686646 7.260754 10.2609 10.4949 11.2094 11.77329 11.5927 13.44593 14.59619 16.19704 16.16886 15.82595 15.70259 16.78628 19.31736 19.73893 21.28017 21.18677 21.00733 20.50976 20.30259 19.53579 
  6.201324 7.767063 8.240669 9.353271 10.18345 12.11127 11.02415 11.90577 14.54795 14.42658 15.35767 14.75786 14.65102 15.80749 16.40273 18.84397 19.89172 21.03917 21.37237 21.08726 20.91973 20.13022 19.40447 
  6.989254 7.532988 7.181301 10.03399 10.39108 10.04996 12.0823 11.99521 14.73937 14.59619 14.8733 14.64522 14.50088 15.53814 16.21705 17.72696 20.23549 21.52117 21.18677 21.22049 20.41866 19.84294 19.01052 
  7.350675 7.349071 8.743869 10.16365 10.07964 9.170395 11.02415 12.9829 13.20529 13.35239 14.75221 15.0958 14.50088 15.31886 16.6503 18.57345 20.00631 21.00474 20.97466 21.06062 20.46421 19.61312 19.27315 
  7.712096 9.276848 9.247068 10.03399 9.525965 10.84957 12.19518 12.68546 14.16511 13.63507 14.26784 14.75786 15.00135 15.15441 16.03138 18.70871 19.66254 21.0736 20.97466 20.79417 20.05424 19.24429 19.07618 
  7.838593 8.402411 9.035194 9.839499 9.837407 9.690141 10.52471 11.10074 12.91652 13.06971 13.78347 14.47625 14.65102 14.93514 17.05824 18.37057 20.46467 21.34903 20.683 20.42113 20.14534 19.31379 18.62377 
  8.055446 8.45257 9.82972 9.612593 10.21806 10.04996 10.69119 11.36908 13.30154 13.69161 14.51003 14.02566 13.95035 15.64777 17.53418 18.91159 19.73893 21.00474 20.89511 20.17511 19.6697 19.55566 18.74789 
  12.59043 13.25443 13.0207 11.52486 11.24971 11.96762 12.64671 12.48717 13.20529 13.97429 14.44948 14.75786 15.59621 15.9124 17.05824 18.4382 19.96811 20.66046 20.54465 19.68305 19.51588 18.75777 17.87904 
  11.86775 12.6425 13.69249 11.1619 10.88492 10.88955 12.30807 11.72687 13.49406 13.74814 14.44948 14.53257 14.9513 15.53814 15.66002 17.43648 19.24237 20.21289 18.75295 18.2889 18.66989 17.64574 16.824 
  8.814429 9.7358 11.17329 11.1619 11.43211 10.24987 11.149 11.95049 12.00208 10.97786 13.11747 13.01184 13.09955 14.44177 15.16488 16.78289 18.69749 19.43012 17.72912 17.22278 17.05481 16.81171 15.3966 
  7.368746 8.235214 10.33356 10.79895 10.18345 10.08994 11.02415 10.96656 11.80957 12.05205 11.66437 11.77273 12.99945 13.50986 13.61757 15.83881 17.21851 16.9607 15.93742 14.92653 14.90137 14.72665 13.34859 
  8.163872 8.97088 9.997667 9.450516 9.629779 8.970493 10.64957 10.87712 11.32828 10.75171 10.81672 10.81524 12.04855 11.59123 12.75108 14.60424 15.03897 14.57359 13.46316 12.46626 12.36339 12.15507 11.67294 
  6.645905 7.850661 9.617847 9.029118 9.560569 8.130903 9.109652 10.51933 12.19459 11.54322 10.93782 10.36465 10.94751 11.75568 12.68919 13.95065 13.87135 12.68037 11.33018 11.23613 11.05594 11.25154 11.48676 
  7.513314 7.90082 9.591363 9.28844 9.595174 7.291315 8.735077 10.20626 11.47267 9.847127 9.54526 10.42097 10.64722 10.71414 11.14188 12.71609 12.54806 11.61029 10.22103 10.00599 10.82522 10.90403 11.05233 
  10.42239 10.19475 9.432458 8.575303 9.145312 8.970493 8.48536 9.580126 10.94326 9.394835 10.02963 9.914065 10.24684 10.16596 10.89431 12.4256 12.39238 11.1164 10.64763 10.90809 10.51758 10.76503 10.53193 
  10.856 10.04177 8.637932 7.862166 8.107169 8.570688 8.360501 8.909267 9.980691 9.338299 8.939801 9.350833 10.04665 9.234051 9.904036 11.19104 11.06908 10.86946 9.879753 10.41604 10.01706 10.83453 10.92821 
  8.326511 8.034577 5.813506 6.727631 7.899541 7.291315 8.818316 8.596201 9.403152 8.886006 8.455434 9.238187 9.696321 9.453323 8.540626 9.302883 9.356583 9.408651 9.218286 9.70365 9.837035 10.33468 10.39585 
  8.8325 8.168335 6.784039 6.824877 7.795726 7.091413 8.651837 8.596201 8.969997 7.642204 7.189583 8.449661 9.095751 8.489488 8.728081 8.63965 9.278742 9.193495 8.860113 9.527382 10.13279 9.928427 10.63885 
  8.724074 7.081556 6.382813 6.6628 7.622703 7.651138 8.069165 9.40123 9.643793 8.659861 7.476835 8.505984 9.396035 9.179233 8.58749 8.819726 9.434423 9.470124 9.629521 9.549416 10.20995 10.45655 10.46389 
  5.837801 6.166893 7.86989 6.630385 6.653769 6.771569 7.985927 8.864544 9.547537 7.981423 7.413002 8.337015 8.845513 8.140366 8.259443 8.774707 8.61908 9.377914 9.443802 9.755061 9.682727 10.13155 11.23851 
  6.155884 5.645283 7.446143 6.824877 6.178437 6.131882 7.070299 8.327858 7.959303 7.642204 7.971066 8.043629 8.845513 9.014778 8.657785 9.15764 9.014877 9.439387 9.695849 9.923984 10.44067 10.39562 10.57081 
  4.656349 5.78754 6.439744 6.139013 6.480746 7.211354 7.195157 7.925343 8.777484 7.86835 7.910521 8.168045 8.81261 8.249466 8.657785 8.624644 9.036865 9.552438 9.794435 10.00599 10.44067 10.34483 10.62913 
  5.701479 6.546246 6.572165 6.248778 7.138236 6.89151 8.360501 9.982639 9.066254 7.230659 7.728883 8.066326 8.64809 8.576769 8.47033 8.624644 8.827972 8.517289 9.709115 9.630205 9.682727 10.23312 10.99027 
  7.133822 6.593665 6.041229 6.59797 6.861398 6.771569 7.902688 9.311782 9.018126 7.755277 7.444919 8.02093 8.713898 8.685869 8.353171 9.012398 9.434423 9.881694 9.965073 9.696305 10.0042 10.19249 10.56109 
  7.928948 6.964519 5.756576 5.480422 7.518888 7.291315 7.944307 8.372581 8.873741 7.981423 7.63642 8.787601 8.995656 8.685869 8.446898 8.099423 8.685045 9.470124 9.231551 9.520038 10.17137 10.45655 10.80409 
  7.242249 6.214313 5.642714 7.375937 7.207446 6.971471 8.735077 9.535401 8.248073 7.698741 7.849975 8.618631 8.713898 8.031265 8.32974 8.444569 9.135815 9.634752 9.669318 9.549416 10.20995 10.45655 10.42501 
  7.639812 5.360768 6.325882 6.08413 6.480746 6.08595 6.945441 8.685648 7.911175 7.359522 6.583162 7.70316 9.145798 8.511308 8.446898 8.489588 8.992888 8.793919 9.390739 9.62286 10.14565 10.4464 10.43473 
  7.802451 5.977217 5.301129 4.547417 5.184302 6.371764 7.777829 8.23841 7.574277 7.642204 7.789429 8.066326 9.095751 8.576769 7.556488 8.864745 9.278742 9.101285 9.51013 9.542071 10.09422 9.99952 10.30837 
  7.657883 7.700184 7.843406 6.59797 6.619164 6.731588 6.737343 6.807247 8.103688 7.529131 7.12575 7.771254 9.045703 8.740687 8.142284 8.609638 9.201781 9.162758 9.51013 10.088 10.44067 10.69553 11.4247 
  7.892806 7.165154 7.949343 7.473183 6.411536 6.571667 7.361635 7.343933 7.22511 6.895616 7.789429 7.793952 8.483572 8.795506 8.789973 8.834732 9.135815 9.552438 9.483599 9.909295 10.10707 10.90403 10.86615 
  7.621741 7.165154 7.790438 7.311106 6.036418 6.651628 7.153538 6.213781 7.526149 6.921389 7.728883 7.135712 8.615187 9.014778 9.099435 9.15764 8.849961 9.393283 10.13571 10.00599 9.734163 9.99952 10.42501 
  7.404888 7.315631 7.393175 7.181445 7.588098 7.091413 6.778963 7.165038 7.76679 7.585668 7.668337 8.224368 8.187438 8.074905 8.282875 8.699676 9.058854 9.377914 9.589725 10.00599 10.36376 10.55652 10.80409 
  7.965091 7.650025 6.810523 6.029247 6.58456 7.011451 6.529246 7.030866 7.622406 7.333749 7.349168 6.976827 8.995656 8.402207 8.47033 8.92477 9.745787 9.964008 9.709115 9.821161 9.965626 10.55652 10.73605 
  8.200014 7.482828 7.763954 6.358543 6.273117 5.994087 5.874955 6.342897 7.959303 7.359522 7.2215 8.111722 9.095751 8.402207 8.634354 8.939776 9.113826 9.347178 9.29788 9.453938 10.19709 10.20265 10.53193 
  8.543364 8.251933 7.287238 6.857292 5.70504 5.672568 6.378256 7.657 8.05556 7.153341 7.444919 8.337015 8.549379 8.096725 8.789973 8.594631 9.356583 9.634752 9.364208 9.542071 10.08136 10.76503 10.75549 
  7.928948 8.201775 7.73747 6.760046 6.757584 5.994087 5.572974 7.120314 7.139099 7.153341 7.728883 7.453483 8.253245 8.402207 8.728081 9.085019 8.838966 9.316442 9.695849 10.00599 10.11993 10.55652 10.64857 
  8.8325 8.168335 7.313722 6.59797 6.51535 6.040019 5.170333 6.504292 8.151816 7.585668 7.12575 7.566972 7.8584 8.380387 8.423467 8.819726 9.22377 9.634752 9.60299 10.25202 10.10707 10.69553 10.73605 
  8.254227 7.215313 6.704586 6.857292 5.941739 5.856294 5.572974 6.24606 7.718662 8.03796 6.072491 7.771254 7.726785 8.162186 8.58749 8.384543 9.267748 9.470124 9.523396 9.475971 9.965626 9.83702 10.47361 
  9.266108 8.569607 6.268952 6.413426 5.70504 5.121391 5.522644 5.923271 7.354127 7.101796 6.359743 7.226504 8.516476 8.685869 8.97565 9.085019 9.278742 9.270336 9.470333 10.17001 10.17137 10.22296 10.61941 
  8.47108 7.683465 7.393175 6.029247 5.799719 6.211843 5.925285 6.439734 7.139099 7.230659 6.998082 7.635066 9.195846 9.124414 8.851866 8.534606 8.860955 9.454756 9.709115 9.615516 10.13279 9.969051 10.18202 ]
