 [
  6.090251 6.279091 4.557003 4.7878 6.115431 6.530564 7.608541 9.104227 10.18972 9.371909 8.71483 8.74402 9.641223 10.11156 11.68313 12.1564 12.28631 12.48543 12.08179 11.63757 10.36396 11.17663 11.87129 
  5.694114 6.409216 6.078079 7.305456 8.111588 8.389067 10.0952 11.97846 13.47464 12.13111 10.82895 10.91759 11.65555 11.90597 13.61916 13.43312 12.47648 11.83256 11.5972 12.47945 11.95577 12.03656 12.63626 
  6.11666 6.721516 6.502565 7.305456 7.31359 7.587496 7.976935 9.104227 11.01095 11.17966 9.983305 8.961377 9.0657 9.427979 10.83128 10.24133 9.877429 11.22991 10.52034 11.48901 11.45309 11.73558 12.30842 
  6.539207 6.903691 8.68772 8.636621 8.410837 8.689655 9.174213 10.00243 12.16067 13.08256 11.6746 9.722126 10.40859 9.940667 10.75384 9.794479 9.433687 10.12506 10.25112 10.7957 10.57341 10.87565 10.83312 
  6.037433 6.695491 6.714808 5.968183 5.33432 5.596083 6.485159 6.270203 7.580337 8.253458 7.527888 7.520475 7.565922 8.267364 8.662925 9.156122 10.13099 9.673075 9.639478 10.64713 10.44774 10.54734 11.16097 
  6.301524 7.200494 5.688966 3.339147 4.709432 6.145778 6.779657 6.16785 6.886674 8.353659 8.148733 8.091949 8.682018 8.829843 8.035367 8.964616 9.370296 9.622853 10.14343 9.78345 10.44774 10.3195 11.05169 
  7.144218 7.471272 8.314363 7.3942 6.146675 6.68573 6.687559 6.654024 7.007311 8.153256 7.981583 8.417985 9.16162 9.000739 8.662925 8.681852 8.946616 9.723295 9.294363 10.49857 10.24833 10.66067 10.9424 
  7.682022 8.464124 9.341097 7.571689 5.146853 6.420625 6.779657 6.091086 6.223171 6.717041 7.575645 7.461357 8.586098 9.000739 8.895248 8.779154 9.243513 9.823736 9.587188 10.10239 10.32207 10.74666 10.78343 
  9.295431 8.464124 6.36107 5.807221 5.084365 5.321236 5.896359 6.16785 6.615241 7.318247 8.397712 8.091949 8.586098 8.658947 8.97269 8.964616 9.008884 9.335503 9.874214 10.15192 10.44774 10.43797 10.36928 
  11.83079 11.53294 8.221023 6.950479 5.771742 6.228231 5.85956 6.142262 6.193012 7.251447 8.292006 8.309306 10.0249 10.62425 8.662925 8.377788 9.180121 9.227418 9.670852 10.35 10.44774 11.09064 10.81656 
  14.59663 15.14331 14.38143 13.16258 11.30358 9.992208 9.818901 9.643147 8.875759 9.276765 9.983305 10.48288 12.03923 12.07687 9.514778 9.602972 9.148988 9.673075 9.04337 10.59761 10.74097 10.66067 10.62605 
  15.13444 16.22642 16.4349 13.96128 12.00183 10.59339 10.73988 11.08027 10.60034 10.70394 11.35749 12.00437 14.34132 14.04217 10.52151 11.07119 9.560471 8.730225 9.981901 11.29092 10.82475 10.74666 10.9424 
  13.67469 16.22642 15.68819 11.83142 10.00683 8.188674 8.437427 9.283867 9.040005 9.086474 9.771893 10.59155 13.09436 12.58955 9.050131 10.24133 9.306905 9.421971 10.14343 11.04331 10.69908 10.44709 10.55979 
  14.67346 14.51149 13.07468 12.00891 10.50558 9.090441 8.25323 7.936567 7.731133 8.353659 9.56048 9.504769 12.13515 11.90597 9.205013 8.766991 9.433687 9.622853 10.3588 11.73662 11.24365 11.30562 10.9424 
  15.67224 17.39979 16.99494 15.38119 13.69757 12.09633 11.84506 11.88864 11.33944 12.70198 12.94308 13.30852 15.87605 15.58023 11.14104 11.70955 10.00421 9.873957 11.27414 12.18232 11.36932 11.99356 11.48881 
  15.8259 18.12186 17.27496 16.44613 14.89457 13.69947 13.77913 14.4036 13.80313 15.2709 15.48003 16.24283 17.79446 16.77651 13.38684 14.58216 12.3497 11.17969 13.21251 14.8565 13.75703 11.99356 11.70737 
  16.3637 18.84461 18.20835 17.06734 15.59282 14.40085 14.33172 14.94252 14.70648 16.50778 16.53709 18.09037 20.09655 19.0836 15.32287 16.68874 13.93449 12.48543 14.72012 16.39168 15.39073 13.67043 13.45587 
  16.67102 19.1689 18.67505 17.24482 16.19132 14.80163 14.79221 15.12216 15.8562 17.26894 16.95992 18.63376 20.57615 19.51084 15.9424 17.07175 13.8711 13.18852 14.72012 16.24312 15.55829 14.14339 14.05691 
  16.93752 19.26869 19.26697 17.95478 18.48556 17.50693 16.44998 16.37964 18.48413 20.59902 19.81398 19.9379 21.12814 19.51084 18.5754 19.46122 16.0898 15.14712 16.38927 17.13057 16.55208 16.91933 16.13326 
  17.30671 18.95687 19.14774 18.83692 20.15653 20.10165 19.11461 19.01094 19.52205 22.01589 21.8224 20.91601 21.52448 19.84878 19.98969 21.03324 17.70953 15.69955 16.38927 17.74096 17.19617 17.31985 17.17142 
  17.36074 18.80719 18.90929 18.60204 20.44229 20.91281 20.05103 19.7433 20.24859 22.8843 22.73598 21.56808 21.74466 20.35569 19.92819 20.78172 18.31649 17.04045 18.34622 17.96584 17.25217 17.60022 17.66319 
  17.41476 18.79472 19.00684 18.56848 20.37505 21.15315 20.5618 20.0902 20.71565 23.15854 23.10141 22.00279 21.63457 20.5669 19.59 20.15291 18.18871 17.83395 18.4955 18.1586 17.4202 17.31985 17.82711 
  17.46879 18.74483 19.09355 18.52374 20.22377 21.24328 20.90231 20.47565 21.18271 23.20424 23.06081 22.33018 22.00889 20.77812 19.2518 19.46122 17.86926 18.69357 18.94333 18.19072 17.4482 17.44001 17.85388 
  17.43277 18.68247 19.12607 18.52374 20.15653 21.30336 21.07257 20.70692 21.54598 23.47848 22.9593 22.52275 22.25109 20.84148 19.2518 18.51801 17.96509 19.15644 19.29165 17.86946 16.91613 17.19969 18.25543 
  17.36074 18.60763 19.12607 18.44545 20.0893 21.30336 21.1577 20.78401 21.64977 23.43277 22.79689 22.39758 21.94283 20.73587 19.12882 17.76344 18.09287 19.35481 19.49068 17.38758 16.32805 16.91933 18.36251 
  17.2797 18.4829 19.11523 18.36715 19.93801 21.27332 21.11514 20.70692 21.54598 23.29565 22.43146 22.32055 21.61255 20.60915 19.00584 17.51192 18.02898 19.35481 19.44092 17.1627 15.96399 16.39865 18.36251 
  17.20766 18.39264 19.15858 18.37834 19.83716 21.24328 21.07257 20.66838 21.49409 23.34136 22.10663 22.33018 21.5465 20.39793 19.09807 17.13463 17.86926 19.42093 19.44092 17.06632 15.85198 16.03523 18.49636 
  17.18965 18.30238 19.21277 18.44545 19.78673 21.24328 21.03001 20.70692 21.59788 23.24995 22.04572 22.12797 21.21622 20.06 18.79062 16.88024 17.77342 19.48706 19.49068 16.96994 15.76797 16.03523 18.2822 
  17.25268 18.30238 19.27781 18.52374 19.78673 21.24328 21.07257 20.70692 21.64977 23.15854 22.12693 22.1376 21.0841 19.8699 18.69838 16.81641 17.83731 19.68543 19.63996 17.00207 15.87998 16.23844 18.46959 
  17.31571 18.30238 19.36452 18.6244 19.80354 21.21323 20.98744 20.66838 21.75357 23.06713 22.18783 22.14723 21.06208 19.63757 18.5754 16.88024 17.70953 19.75156 19.5902 16.77719 15.76797 16.15833 18.25543 
  17.35173 18.30238 19.44039 18.68033 19.82035 21.21323 20.94488 20.70692 21.70167 22.97571 22.14723 22.07982 20.95199 19.2545 18.26564 16.56107 17.51786 19.75156 19.5902 16.34216 15.55829 15.77725 17.98773 
  17.32472 18.30238 19.44039 18.68033 19.83716 21.21323 20.90231 20.70692 21.64977 22.93001 22.08632 22.04131 20.86391 19.16905 18.26564 16.75257 17.67758 19.94993 19.63996 16.24312 15.43262 15.73426 18.06804 
  17.33372 18.30238 19.42955 18.66915 19.83716 21.18319 20.81718 20.62983 21.54598 22.8843 22.10663 22.08945 20.86391 19.0836 18.26564 16.81641 17.61369 20.01606 19.73948 16.42381 15.55829 16.03523 18.46959 
  17.32472 18.39264 19.45123 18.68033 19.83716 21.1231 20.64693 20.5142 21.44219 22.74719 22.02542 22.00279 20.67207 18.91271 18.18819 16.75257 17.64564 19.94993 19.63996 16.29264 15.43262 15.94924 18.25543 
  17.31571 18.39264 19.44039 18.69151 19.82035 21.03298 20.51923 20.43711 21.23461 22.79289 22.08632 22.03168 20.76799 18.82726 18.18819 16.56107 17.29424 19.68543 19.39116 16.34216 15.43262 16.35859 18.57667 
  17.30671 18.39264 19.41871 18.65796 19.80354 20.94285 20.39154 20.32147 20.92323 22.8386 22.12693 22.07019 20.67207 18.82726 18.26564 16.24189 16.97728 19.55318 19.34141 16.14407 15.34884 16.23844 18.33574 
  17.2797 18.4829 19.37535 18.63559 19.78673 20.88276 20.26385 20.24438 20.61186 22.74719 22.10663 22.1376 20.76799 18.74181 18.11075 16.11422 16.8505 19.28869 19.14237 16.04503 15.34884 16.15833 17.98773 
  17.26169 18.4829 19.31032 18.59085 19.78673 20.79263 20.09359 20.12875 20.35238 22.65578 22.26904 22.17611 20.76799 18.99816 18.34308 16.43339 16.91389 18.69357 18.79405 16.14407 15.68396 15.94924 17.66319 
  17.18965 18.52032 19.21277 18.50137 19.7363 20.67246 19.92333 19.97457 20.19669 22.47295 22.45176 22.16648 20.90795 19.16905 18.49796 16.36956 16.78711 17.90007 17.9979 16.45593 15.82398 16.07823 17.17142 
  17.13562 18.54527 19.11523 18.37834 19.71949 20.4922 19.75307 19.7433 20.04101 22.29013 22.57357 22.32055 21.30429 19.4254 18.72913 16.56107 16.59693 17.1727 16.60464 16.74506 16.18803 15.99224 16.89822 
  17.07259 18.55774 18.996 18.24412 19.66907 20.2819 19.58282 19.51203 19.72963 21.92448 22.63447 22.30129 21.52448 19.72206 18.85211 17.26039 15.77284 16.24696 15.95852 17.13057 16.44006 16.67901 17.49927 
  16.95553 18.57021 18.86594 18.19938 19.58502 20.01152 19.28487 19.12658 19.21067 21.46742 22.71568 22.38795 21.87678 20.18672 19.34403 18.39225 16.0898 15.85021 15.95852 17.35545 16.7201 17.44001 19.00498 
  16.9015 18.55774 18.76839 18.17701 19.50097 19.71109 18.90179 18.74113 18.58792 20.64472 22.53296 22.43609 22.00889 20.18672 19.46702 19.02106 16.59693 15.64933 15.52778 17.38758 16.83212 17.76043 19.37976 
  16.82468 18.57021 18.67505 18.13227 19.38331 19.41066 18.47614 18.35568 18.15564 19.64757 22.35025 22.55164 22.05293 20.31345 19.71298 19.5241 16.97728 15.44844 15.42009 16.87357 16.6921 18.201 19.51361 
  16.74785 18.57021 18.58171 18.04352 19.28356 19.00988 18.01565 18.08622 17.90927 18.60097 21.7167 22.43609 22.07495 20.10224 20.05118 20.02715 17.93315 14.8458 15.09703 16.24312 16.44006 18.60152 19.51361 
  16.74785 18.58269 18.48837 18.04352 19.08406 18.60909 17.64726 17.81676 17.49866 17.74467 20.97675 22.60942 22.03091 19.97551 20.23565 20.27867 18.38038 15.04668 15.52778 15.69837 15.90799 18.28111 19.00498 
  16.67102 18.57021 18.48837 18.04352 18.78481 18.20831 17.18677 17.5473 17.17017 16.98351 19.70828 22.25315 21.85476 20.08112 20.29714 20.40443 18.82761 15.24756 16.1739 16.24312 15.82398 18.28111 18.81759 
  16.59419 18.54527 18.39503 18.04352 18.48556 17.70732 16.81837 17.27784 17.08804 16.1272 17.91127 21.56808 21.5465 20.29233 20.32788 20.59307 19.11512 16.31308 17.40079 17.90159 15.68396 18.04079 19.03175 
  16.44053 18.4829 18.39503 18.04352 18.18631 17.10615 16.44998 16.91856 17.00592 15.46119 16.43139 20.26394 20.67207 20.37681 20.23565 20.53019 19.17901 16.44533 17.94814 18.4156 16.04801 17.64027 18.76405 
  16.44053 18.4829 18.39503 18.04352 17.78732 16.60516 16.08159 16.73892 16.84167 15.17575 15.90285 18.74244 19.71287 20.60915 20.42012 20.65595 19.21095 16.11471 17.84863 18.09435 15.96399 16.87927 18.2822 
  16.44053 18.50785 18.48837 17.95478 17.48807 16.20438 15.80529 16.55928 16.51318 14.89032 15.69144 16.89491 19.04143 20.65139 20.51236 20.71884 19.30679 15.85021 17.84863 17.90159 16.44006 16.11828 17.55391 
  16.44053 18.54527 18.39503 17.77729 17.18882 15.90379 15.6211 16.28982 16.26682 14.70003 15.58574 15.15605 18.84959 20.31345 20.05118 20.21579 18.69983 15.04668 16.70416 16.39168 14.84616 13.79942 15.80541 
  16.44053 18.52032 18.30169 17.68855 16.98932 15.6032 15.4369 16.11018 16.18469 14.50974 15.37432 14.72134 18.4659 19.80654 19.40553 19.77562 18.18871 13.84138 15.52778 15.10411 14.00837 13.36945 14.9858 
  16.44053 18.4829 18.30169 17.51106 16.78982 15.50301 15.2527 15.93054 16.02045 14.41459 15.16291 16.46019 18.17814 18.91271 18.5754 19.02106 17.16746 12.88719 13.48172 13.66797 14.05026 13.06848 14.76724 
  16.3637 18.30238 18.11501 17.15608 16.29107 15.20242 15.0685 15.7509 15.93832 14.60488 15.90285 17.98169 19.32919 18.05823 17.33634 18.2036 16.27998 13.23874 13.48172 13.56893 13.63136 13.67043 14.33012 
  16.28687 18.39264 17.64832 16.53487 15.49307 14.70144 14.79221 15.57126 15.77408 14.89032 16.53709 17.32962 19.61695 18.99816 14.70334 15.47586 13.1104 11.53124 10.73571 14.65841 14.97183 14.74534 14.33012 
  16.28687 18.39264 17.835 16.44613 15.29357 14.40085 14.33172 15.3018 15.52771 14.70003 16.00856 16.78623 19.32919 18.74181 14.00637 14.39065 12.09613 11.02903 11.27414 15.35172 15.43262 15.08931 14.65796 
  16.28687 18.21212 17.64832 16.26864 15.09407 14.20045 14.14752 15.12216 15.36346 14.50974 16.00856 16.67755 19.23327 18.82726 14.23869 14.58216 12.3497 11.4308 11.27414 15.40124 15.43262 14.83133 14.38476 
  16.21004 18.12186 17.55498 16.09115 14.99432 14.00006 14.05542 15.03234 15.1171 14.41459 16.00856 16.46019 18.94551 18.57092 14.16125 14.39065 12.28631 12.13388 11.43567 15.7479 15.68396 14.57335 13.72907 
  16.21004 18.0316 17.46164 16.0024 14.89457 13.89986 13.96333 14.94252 14.95285 14.60488 15.90285 16.13416 18.65775 18.40002 13.92893 13.43312 11.01848 11.07925 11.70489 15.7479 15.64207 14.48736 13.78371 
  16.13321 17.94135 17.3683 16.0024 14.69507 13.69947 13.77913 14.76288 14.70648 14.70003 15.90285 16.24283 18.65775 18.40002 14.31613 13.75229 12.09613 11.07925 11.48952 15.05459 14.92994 14.27238 13.67443 
  16.05639 17.76083 17.27496 15.91366 14.59532 13.59928 13.59493 14.58324 14.54224 14.79517 15.90285 16.46019 18.75367 18.57092 14.78078 14.51832 13.04701 11.98322 10.30496 13.81654 14.25971 13.75642 13.40123 
  15.97956 17.67057 17.27496 15.73617 14.49557 13.39888 13.50283 14.4036 14.29587 14.98546 15.79715 16.46019 18.94551 18.65636 14.85822 14.96517 13.68092 12.63609 10.78955 13.07371 12.96112 13.75642 13.56515 
  15.8259 17.49005 17.18162 15.46994 14.19632 13.09829 13.22654 14.13414 14.0495 15.55633 15.79715 16.35151 18.75367 18.48547 14.85822 15.7312 14.25145 13.48984 11.32799 12.8261 12.37467 13.58443 13.67443 
  15.74907 17.30953 16.99494 15.29245 14.39582 14.20045 13.77913 14.13414 13.88525 16.41264 17.17133 16.78623 18.4659 17.88733 15.71008 16.49723 15.07554 14.69514 11.11261 12.28136 12.75168 14.48736 14.76724 
  15.59541 16.76798 16.4349 15.46994 15.39332 15.10222 14.60801 14.8527 14.13162 16.22235 18.86263 17.65565 17.21894 15.75113 15.9424 16.17805 14.82197 13.1383 10.89724 13.22228 13.17057 15.94924 16.29718 
  15.44175 16.0459 15.78153 13.96128 14.49557 13.79967 13.87123 13.23594 12.16067 13.74858 15.90285 15.26473 14.43724 13.44403 13.85149 12.66709 12.92022 11.12947 11.11261 13.46989 12.20711 13.9714 15.09508 
  15.13444 14.24072 14.10141 12.1864 11.70258 12.19653 11.75297 11.34972 11.33944 14.12916 15.58574 14.3953 13.38212 12.58955 14.39358 14.13531 11.589 10.4766 11.11261 14.11367 12.96112 13.49844 14.33012 
  14.44298 13.06735 11.86127 10.41151 9.508085 9.791815 10.64779 10.90063 10.35397 12.60684 13.68302 12.00437 11.36779 11.39328 12.53499 12.09257 9.687254 10.07484 11.00493 12.77658 11.8301 11.69259 12.63626 
  12.67591 11.26216 11.30123 8.636621 8.909586 9.892012 10.73988 9.553326 9.286373 12.60684 13.78873 12.22173 12.51884 11.22239 10.98616 9.666808 9.497079 10.42638 9.981901 11.48901 10.86664 10.70367 11.59809 
  9.833235 8.915421 9.901134 9.346577 8.510587 8.489264 9.634705 8.834766 9.614864 12.41655 12.83737 11.13495 11.46371 9.684322 9.979425 9.666808 9.243513 9.773516 9.367569 10.25096 10.32207 10.22836 10.88776 
  6.671252 6.877666 8.314363 8.459132 7.912088 6.68573 7.516443 8.565307 8.875759 11.36995 11.5689 9.939484 10.21675 9.940667 8.740366 8.964616 8.759812 9.216609 9.712684 9.574866 10.17458 10.78966 11.21561 
  6.407161 5.784616 6.113452 6.77299 7.51309 7.186711 6.687559 8.834766 8.711514 10.51365 10.40613 8.635342 9.641223 9.427979 8.48073 9.028451 9.024451 9.216609 9.304821 9.531411 10.15351 10.41063 10.6509 
  7.067389 7.200494 7.660985 7.571689 7.51309 6.585533 6.650759 6.807552 7.731133 9.467054 9.137655 8.526663 9.353461 8.573499 8.399755 9.028451 8.868782 9.389545 9.262989 9.818214 10.29047 10.46532 10.80827 
  6.671252 7.381012 8.407701 6.950479 7.31359 6.886122 7.516443 7.128188 7.972407 8.80104 8.71483 7.894889 8.538648 8.092429 8.541462 9.156122 8.728679 8.795075 9.378027 10.0268 10.48963 10.27393 10.88776 
  5.377204 6.122941 5.653593 5.324337 5.115609 5.953384 6.153959 5.221092 7.399382 9.18162 8.820537 7.362826 8.348847 8.28923 8.096098 8.766991 8.66641 8.881544 9.766527 9.618321 10.06924 10.31038 10.30302 
  6.327933 6.174991 6.502565 5.431645 5.646764 5.953384 6.779657 6.03991 7.308904 9.276765 8.609124 7.402238 7.921797 8.28923 8.177073 8.243999 8.183834 9.119332 9.388485 9.574866 10.23779 10.33773 10.45211 
  5.878978 6.643441 5.582845 6.07549 5.990453 6.283201 5.93316 7.128188 8.218776 9.276765 8.005462 7.816065 7.969247 7.830028 8.460486 8.90078 8.884349 8.978821 9.493065 10.04418 9.647841 10.57468 10.88776 
  5.984614 6.565366 5.72434 5.968183 5.490542 5.596083 5.87796 5.860794 7.339063 8.705894 7.456252 7.185472 7.423572 8.114296 8.136585 8.438601 9.024451 9.151758 9.127034 10.10239 10.09031 10.21925 10.65918 
  6.459979 5.264115 5.688966 5.270684 4.615698 5.018904 5.988359 6.193439 6.946993 8.153256 7.551767 7.658417 8.111597 8.398564 7.934148 8.730503 8.837647 9.259843 9.766527 9.687849 10.12191 10.74666 10.44383 
  7.221047 6.018841 6.113452 6.34376 6.615342 6.063323 6.025159 6.858728 7.670815 7.852654 7.002557 7.855477 7.589647 7.808161 8.217561 8.365624 8.183834 9.043673 9.451233 10.05287 10.06924 10.47443 10.57635 
  6.486388 6.929716 7.567646 5.377991 6.177919 6.886122 6.963854 6.219027 6.826356 7.652251 6.787649 7.362826 8.372573 8.507898 8.740366 8.888618 9.370296 9.378737 9.766527 10.03549 10.07977 10.70367 11.05169 
  6.380752 6.409216 8.034344 6.397413 5.428053 5.348721 6.521959 5.604913 7.520019 8.086456 7.456252 7.24459 8.206497 8.026829 7.367321 8.523739 8.573009 8.730225 9.608104 10.04418 10.0587 10.26482 10.6509 
  5.958205 5.524365 5.795088 4.948761 6.052942 6.008354 6.190759 6.142262 6.25333 7.819253 7.527888 7.323414 8.443748 8.201763 8.379512 8.365624 9.180121 9.367929 9.378027 10.30048 9.890143 10.08255 10.55151 
  6.988162 6.227041 6.042705 5.807221 5.740498 5.128842 6.374759 6.091086 6.042215 6.282836 6.763771 7.44165 7.826897 8.070562 8.662925 9.475301 8.962184 9.184183 9.116576 9.992035 10.12191 10.21925 10.38585 
  6.776889 6.929716 7.287627 6.612028 6.334142 6.338171 5.87796 5.349032 6.524763 7.986255 7.074193 7.126354 8.016697 7.764428 8.97269 8.876454 9.180121 9.28146 9.712684 9.496647 10.0587 10.52 10.73373 
  7.451535 6.461266 6.219574 6.07549 5.990453 6.420625 6.282759 6.270203 7.429541 7.55205 7.336859 7.205178 7.589647 7.523893 8.258049 8.584552 8.977751 8.827501 9.179324 9.887742 10.32207 10.56557 10.88776 
  7.014571 5.966791 6.608686 5.968183 7.11409 6.68573 5.50996 6.065498 7.248585 8.220057 7.050314 7.205178 7.969247 7.174025 7.974635 8.219673 8.386205 9.151758 10.19728 10.0268 10.09031 10.10989 10.3113 
  5.79975 6.174991 7.007608 6.77299 6.334142 6.173262 5.988359 6.807552 8.136653 8.353659 7.31298 7.717535 7.898072 7.873762 8.258049 8.730503 8.573009 8.957204 9.04337 9.879051 10.57341 10.78966 10.88776 
  7.297876 7.110235 5.795088 6.34376 7.11409 7.286907 6.669159 6.948548 7.550178 6.950843 7.026436 8.091949 7.992972 7.414559 8.622437 8.402113 8.650844 8.946396 9.367569 9.644394 9.879608 10.52911 10.72545 
  6.037433 5.34219 4.80462 5.485299 6.146675 5.678537 6.04356 6.423731 7.791452 7.385048 7.504009 6.830764 8.111597 8.179896 8.096098 8.365624 8.61971 9.522412 9.472149 9.800833 9.932282 10.22836 10.57635 
  6.829707 5.784616 6.396443 6.290106 5.490542 6.986319 6.172359 6.858728 8.300899 7.819253 7.193587 7.303709 7.399847 7.873762 7.873416 8.57239 8.635277 9.421971 9.68131 9.514029 10.23779 10.57468 10.75029 
  7.067389 7.922568 6.785556 6.290106 6.490364 6.145778 6.282759 6.858728 8.383021 8.42046 7.336859 7.835771 8.040422 8.311097 7.792441 8.171023 8.448473 9.522412 9.928058 10.05287 10.24833 10.4562 10.69231 
  7.374706 6.617416 6.82093 6.665682 7.812339 6.420625 5.80436 6.398143 7.972407 7.785852 7.718917 7.402238 8.087873 8.245497 8.116342 8.122373 9.306905 8.892353 9.766527 9.809524 10.00603 10.34684 10.53494 
  7.758851 7.381012 6.608686 8.1929 6.584097 5.321236 6.337959 6.654024 8.05453 7.351648 7.623403 7.756947 7.067697 8.004962 8.177073 8.621039 8.962184 9.421971 9.712684 9.653085 10.29047 10.70367 10.88776 
  7.297876 6.825616 6.714808 7.216712 6.914591 5.87093 6.687559 6.807552 6.977152 7.418448 7.098072 7.382533 7.731997 7.895628 7.711466 8.511576 8.246102 8.924778 9.357111 9.826905 9.953352 10.00052 10.40241 
  6.592025 5.706541 5.72434 5.538953 5.865476 4.82651 5.988359 5.732853 6.343808 7.852654 7.886068 7.382533 7.660822 8.004962 7.913904 8.596714 9.243513 9.472192 9.534897 9.583557 9.689981 9.99141 10.66747 ]
