 [
  4.481649 3.980736 5.299661 5.73388 5.123686 5.398987 5.787189 5.491962 6.348667 6.300809 6.44333 6.979717 7.709566 8.043739 8.194099 8.69867 8.884008 9.615582 9.637566 9.802867 10.19037 10.23053 10.63709 
  4.224336 4.780454 5.708103 5.752934 5.000211 5.372038 6.357882 6.623701 6.65443 6.81506 7.45285 7.207739 7.545033 8.150219 8.228378 8.452849 9.51476 9.391449 9.833242 10.05065 9.921253 10.06022 10.21627 
  4.996275 4.233279 4.832869 5.562393 5.59701 5.398987 5.844258 6.321774 5.725423 6.074539 7.329236 7.405359 7.791831 8.217979 8.648879 8.82891 9.016858 9.615582 9.469371 9.817443 9.876399 10.48599 10.89712 
  4.81248 4.906725 5.503882 5.486177 5.88512 5.722378 4.560197 5.944587 5.654195 6.547649 6.937789 7.31415 7.52858 7.966299 8.500612 7.792208 8.950434 9.382113 9.486191 9.715413 10.34778 10.54682 10.67535 
  5.400624 6.085258 6.554163 6.655423 5.926279 5.237292 4.902613 5.510822 5.707616 6.62993 7.123211 6.614881 6.821091 8.140539 7.731336 8.744761 8.89508 9.671616 9.746892 10.2099 10.20533 10.73565 10.95062 
  4.555167 5.748534 5.970674 5.657663 5.555852 4.644411 5.501842 6.359492 7.041028 6.012829 7.329236 7.329351 7.051436 7.830779 9.044257 8.882331 8.884008 9.214046 9.833242 9.715413 10.34778 10.73565 10.84362 
  3.856746 5.36972 5.795627 5.657663 5.370638 5.533733 5.901328 5.812572 5.796651 7.087685 7.772335 7.937871 8.304158 8.570428 8.648879 8.667942 8.950434 9.232721 9.587107 9.671686 9.846497 10.12105 10.19714 
  5.91525 6.211529 5.912324 6.229284 6.346905 4.806106 6.421459 6.699495 8.703399 10.36441 11.09138 10.83865 10.15342 8.43826 8.550035 8.989172 9.222378 9.783682 9.894364 10.27495 10.48319 10.43733 10.64666 
  6.059894 6.527817 6.554163 8.007602 8.242555 7.373353 7.612865 7.116364 9.476594 11.07857 11.61294 10.68861 10.7555 9.936167 11.11999 10.96574 9.573236 9.951781 10.44446 10.14485 10.34778 10.92448 11.05763 
  8.205443 10.36481 10.59953 10.62269 10.27815 9.341899 8.594023 7.230055 9.940511 12.30639 12.46641 11.73889 10.45446 10.72918 10.77404 10.05759 9.690189 9.186036 10.07773 10.27495 10.34778 10.79859 11.69965 
  7.530439 10.77939 11.02709 10.9551 9.81239 8.935691 7.75303 7.154261 9.708552 12.39995 12.32416 11.53883 9.938387 9.936167 10.23039 9.737064 9.51476 9.288742 9.671205 10.34 10.5509 10.67271 10.41712 
  9.000984 9.43703 9.74443 9.151752 6.346905 6.935898 7.717989 7.192158 7.427626 7.507778 10.66464 11.28877 9.551333 9.319382 9.637324 10.32469 9.982572 9.615582 10.07773 10.79533 10.25018 10.32785 10.52232 
  8.518838 8.30293 8.357804 8.007602 7.561306 7.279612 7.647906 6.77529 5.689809 6.62993 8.957706 9.838379 8.82023 8.702597 8.797146 9.630222 9.339331 9.214046 9.50301 10.05065 10.34778 10.54682 10.95062 
  5.91525 7.366065 7.355856 7.123485 6.850437 7.310859 6.186675 6.585804 6.206211 6.321379 7.246826 7.587777 8.39017 8.614484 8.747724 8.760125 8.717946 9.316753 10.07773 9.977775 10.20533 10.30352 10.84362 
  5.253588 5.243449 5.095439 5.848204 6.67272 6.435949 6.186675 6.41607 5.992527 6.485939 7.020199 7.177336 8.132134 8.1599 8.108402 8.299212 9.690189 9.895748 9.763712 10.2099 10.34778 10.14538 10.65622 
  4.628685 4.107008 5.562231 5.92442 5.967438 5.749327 5.958397 6.227477 5.672002 6.62993 6.649354 6.660485 7.462767 7.637178 7.988427 8.606487 8.596168 9.447482 9.894364 10.0798 10.25018 10.49816 10.79012 
  5.731455 5.706444 5.474708 6.191176 6.346905 6.207463 5.530376 5.755993 6.77041 7.045676 6.999596 7.11653 7.100796 7.753339 8.365493 8.529669 9.105425 9.214046 9.50301 10.14485 9.921253 10.31569 10.89712 
  3.562674 4.738364 4.978742 5.695771 5.741066 5.668479 4.874079 5.454244 5.725423 6.547649 7.102609 6.903709 7.96011 7.879179 8.005567 8.452849 8.585096 8.971287 9.755302 9.802867 10.34778 10.42517 10.70404 
  4.224336 5.201358 5.153788 5.448069 5.88512 5.64153 5.701585 6.038883 6.063755 6.835629 7.432248 7.359755 7.495673 8.043739 8.279797 9.202856 9.748666 9.727649 9.955485 10.0798 10.5509 10.73565 10.50319 
  5.069793 5.790625 5.999848 6.305501 6.346905 4.617461 5.359169 6.661598 6.206211 6.444799 6.690559 7.283747 7.96011 8.482316 8.698301 8.268484 9.083283 9.503515 10.26109 9.744565 10.13057 10.67271 11.05763 
  6.662576 5.916896 5.474708 5.581447 6.029175 5.345089 5.758654 5.378807 6.65443 6.424229 7.72492 7.42056 7.215968 7.733979 8.500612 8.775489 9.748666 9.447482 9.772121 10.0798 10.28008 10.4495 10.89712 
  8.036692 7.90846 6.029022 7.383519 6.554242 5.64153 7.963278 8.821735 8.548759 9.986326 12.79831 14.11322 12.34673 10.59701 10.23039 10.21785 11.03515 10.56815 10.99455 11.57591 11.36335 11.42802 11.43214 
  7.675083 6.897632 7.319421 9.411787 8.983044 8.591976 9.435015 9.731266 10.05649 10.15436 13.60437 14.73187 14.38032 13.97471 14.13475 14.54494 14.30983 14.09824 14.11173 15.15355 14.88398 14.63813 14.10724 
  7.530439 6.971595 7.665549 9.073742 9.131141 9.373146 9.855512 9.95865 10.21113 9.902308 13.13022 13.58938 12.26071 13.59282 14.38186 15.55994 16.59041 16.69226 16.12873 16.77975 16.98282 16.90409 16.67533 
  6.903649 6.626434 7.738418 8.345646 8.805326 9.466887 9.960636 9.920753 10.01783 10.28039 12.27675 13.13926 13.37887 13.63688 13.68995 15.23941 15.65479 18.00993 17.99615 17.95061 18.06609 18.47767 18.49161 
  6.035786 6.169438 8.284935 8.033605 8.775706 8.310756 9.435015 9.390192 9.631233 10.70048 11.66036 12.28903 12.56176 13.54877 14.18417 15.07915 17.00268 17.23861 18.91731 19.39092 19.9203 20.00155 20.12052 
  6.855434 6.94694 8.904322 9.931856 8.983044 9.435639 9.680305 10.18603 10.32711 10.02834 11.94485 12.83918 12.00268 13.24037 14.43129 15.45309 17.07764 17.52785 17.7959 19.17204 19.52182 20.98015 21.05133 
  7.096508 7.070212 8.12098 9.385783 9.249619 9.654367 9.995677 10.03444 9.901852 10.61647 11.56553 12.38906 11.87366 13.02009 14.87705 15.82115 16.74032 17.8171 17.99615 19.44565 20.36305 20.91025 21.20646 
  7.289366 7.242793 7.556245 8.215629 8.805326 10.3418 10.34609 11.01977 10.52041 11.28861 12.79831 13.33932 12.73378 13.4166 14.87705 15.7692 16.7778 17.91352 18.99741 19.77397 20.58442 21.25975 21.3616 
  7.313473 7.390719 7.59268 8.52767 9.19038 9.654367 10.31105 10.98187 11.44824 11.6667 12.84573 13.98949 13.29286 13.97471 14.6784 16.18477 16.9652 17.75282 19.19767 20.1023 20.76152 21.88885 21.74943 
  6.108108 7.020904 7.993459 7.799574 9.990108 10.50187 10.34609 11.43664 11.1003 11.16259 11.94485 12.73915 12.69077 13.19632 14.62897 15.34625 16.81528 17.72069 19.47802 20.97783 21.16 22.09855 22.0597 
  6.108108 8.228967 8.97719 10.62269 10.78683 10.3418 9.785429 11.53985 11.65546 11.16259 12.18192 13.03924 12.51875 13.06415 14.28302 15.7692 17.82722 17.91352 19.43797 21.08727 21.42565 22.09855 21.5943 
  5.106552 7.957769 8.795018 9.801838 10.10859 9.404392 9.680305 11.20926 11.92916 11.87675 12.98797 13.78944 13.24985 13.68093 14.62897 15.61336 16.81528 17.8171 19.95863 20.97783 21.38137 22.16845 22.21484 
  6.903649 8.253621 8.813235 9.463794 9.723532 9.560627 10.99909 11.64306 12.38533 12.39995 12.98797 14.23695 13.24985 13.59282 13.93706 16.23672 17.04016 17.49572 20.11883 21.03255 21.29282 22.16845 22.21484 
  6.54204 7.785189 8.394238 9.177756 10.07897 9.091925 9.364933 11.53985 12.11163 11.87675 13.13022 14.60814 14.00478 13.63688 14.87705 16.28867 16.74032 17.52785 19.75837 21.36088 21.73557 23.00725 22.52511 
  7.409903 8.475511 9.174359 9.385783 9.753151 10.2793 10.24097 12.0559 11.4869 11.45665 12.18192 13.43934 13.62923 13.85716 15.07666 16.08088 16.9652 17.46358 19.15762 21.14199 21.3371 22.09855 22.21484 
  7.867941 8.64809 8.503542 9.463794 9.930868 9.935588 11.12646 11.53985 11.74669 11.6667 12.32416 13.98949 13.50405 13.63688 14.57955 16.34061 17.30251 17.52785 19.27777 21.85336 21.38137 22.44805 22.2924 
  8.784019 9.673841 8.376021 9.619814 9.930868 10.82201 11.38122 11.84948 11.56422 12.08679 13.13022 14.11322 12.99182 13.85716 14.97685 16.39256 17.8647 18.10635 19.59817 21.36088 21.16 22.02865 21.74943 
  8.494731 9.673841 8.703932 10.29027 11.12595 11.46229 10.87171 11.84948 12.02039 11.58268 14.04942 14.60814 13.8796 14.09226 16.67356 17.11982 18.08957 18.20276 18.67701 20.3759 20.67297 21.11995 20.97376 
  9.425075 11.19398 10.59953 10.62269 10.61727 10.50187 11.12646 11.13346 11.65546 10.99455 14.13844 15.10307 14.12996 15.03268 16.17453 16.28867 16.81528 16.7244 17.41228 19.11732 18.54002 18.60355 18.41404 
  12.71178 16.99812 17.86792 17.10475 17.2301 16.26439 14.05611 13.81049 14.11879 15.20692 16.80878 16.95903 15.75732 16.32575 17.3722 15.39967 15.1285 14.82667 14.6007 14.56812 14.61316 15.01579 14.53526 
  13.55996 18.24187 18.01044 20.26268 19.94307 17.70502 15.96675 15.46187 15.39607 16.61041 18.5 19.06245 17.38467 17.50126 18.96909 16.86008 16.23955 16.05941 15.63976 14.56812 14.34235 15.77111 15.07028 
  14.1961 18.24187 17.44037 20.42888 20.11263 18.98558 17.11314 16.18435 15.66978 16.89111 18.32198 20.29976 18.26094 18.08902 18.96909 17.22371 16.29803 15.89131 16.3121 15.47879 14.13923 15.89699 15.28428 
  14.62019 18.24187 17.29785 20.09647 19.26482 19.78593 17.62264 16.08113 15.94348 17.35894 19.12308 20.91842 19.01203 19.38209 20.56599 17.58734 16.89024 16.17147 16.67883 16.06422 13.93612 15.45639 15.12378 
  15.04428 18.10368 17.29785 19.76406 20.11263 20.26614 18.00477 16.90682 16.67336 17.92033 18.76704 20.91842 19.8883 19.8523 20.56599 18.10681 17.6773 16.94937 16.80107 15.67393 13.73301 15.58228 15.33779 
  15.36235 17.82729 17.7254 19.43164 20.79086 20.42621 18.51427 17.93893 17.312 18.10746 19.2121 21.41334 20.51421 20.32251 20.86541 18.52239 18.16453 17.59213 16.80107 15.80403 13.80071 15.51933 15.6588 
  15.57439 17.4127 17.15533 18.2682 20.79086 19.946 18.8964 17.93893 17.22076 18.10746 19.2121 21.78453 21.14012 20.79272 21.06502 18.88602 18.83915 18.33131 17.53452 16.64965 14.20694 16.27465 15.55179 
  15.68041 16.85993 17.15533 18.2682 19.77351 19.78593 18.3869 17.42288 16.85582 17.63963 18.94506 21.53707 21.2653 21.02782 21.06502 18.88602 18.95159 18.58842 17.9561 16.97489 14.27464 16.27465 15.49829 
  15.57439 16.16896 17.15533 18.2682 19.60394 20.26614 17.62264 17.21646 16.76459 17.54607 18.85605 21.53707 21.2653 21.14537 20.86541 18.62628 18.76419 18.36345 17.10668 16.32441 13.52989 15.07873 14.64226 
  15.25632 15.61618 16.72778 17.76958 20.11263 19.946 18.13214 17.31967 16.67336 17.26537 18.5 21.28961 21.01493 21.14537 20.26657 18.10681 18.31445 17.78496 15.94537 15.15355 12.58203 13.75692 13.57222 
  14.72621 15.61618 16.44275 17.76958 19.26482 19.46579 17.75002 16.80361 16.30842 16.98467 18.41099 21.04215 20.88975 21.02782 19.76754 17.74318 18.12705 17.65641 14.90631 14.56812 13.05596 14.51224 13.83973 
  14.09007 15.61618 16.0152 17.10475 19.43439 19.46579 17.87739 16.80361 16.39965 17.1718 18.58901 21.16588 21.14012 21.26292 19.36832 17.69124 18.16453 17.88138 15.4564 14.56812 13.52989 15.45639 14.74926 
  13.55996 15.47799 15.87268 16.93854 19.09526 18.98558 17.36789 16.7004 16.12595 17.07824 18.58901 21.16588 21.2653 21.02782 18.37026 16.91203 17.52739 17.23861 15.39528 13.78754 12.98826 15.39345 14.90977 
  12.60576 14.09605 14.87506 15.7751 18.24747 17.86509 15.83938 14.8426 14.75743 15.58119 17.52088 20.17603 20.13866 19.6172 16.27433 15.29283 15.94717 15.94734 14.47846 12.35648 11.90499 13.94575 13.57222 
  12.8178 14.37244 14.73254 16.43992 17.90834 17.22481 16.09413 15.04902 15.03113 16.04902 18.05494 20.54722 20.88975 19.38209 16.17453 15.50652 16.23955 16.56371 15.21192 12.61668 12.1081 13.37926 13.51872 
  6.855434 9.535647 11.88219 13.61441 14.17803 12.58278 9.189726 7.495336 7.930203 9.020113 11.61294 15.47426 14.88105 13.4166 9.143102 9.309697 10.62581 10.96038 10.38333 9.832019 10.6186 10.67271 10.84362 
  5.216829 7.612608 10.02946 11.78613 8.686848 7.59208 6.982121 6.813187 7.041028 8.55801 9.811174 11.98895 11.14256 10.9054 9.736169 9.790485 11.91229 11.96898 10.93343 11.05552 12.37892 11.86863 11.64615 
  5.657937 5.453901 8.521759 9.957859 6.214389 6.373456 6.072536 6.321774 7.079688 5.909979 8.056824 8.638058 8.476182 8.702597 8.211239 8.935751 9.51476 9.783682 9.612336 9.890321 9.966106 10.12105 10.53189 
  6.132215 6.253619 7.683766 8.657687 6.029175 6.153564 5.758654 5.661696 6.241825 6.877639 7.164416 7.937871 8.132134 8.614484 8.228378 8.545033 8.729017 9.279406 9.629156 9.9632 9.891351 10.4495 11.16463 
  5.437383 4.233279 5.737278 6.889454 5.411797 5.722378 5.102356 6.397211 5.689809 6.547649 6.917186 7.481367 7.917104 7.811419 8.142681 8.82891 9.397807 9.092667 9.301176 9.146963 10.28008 10.60976 11.11113 
  4.44489 4.191188 5.737278 6.681426 5.658748 5.749327 6.15814 5.982306 5.476126 7.045676 6.958391 7.572576 7.495673 8.19862 8.45119 9.202856 8.939363 9.139351 10.01661 9.788292 10.26513 10.60976 10.75186 
  4.959516 4.527912 5.445533 6.681426 6.346905 6.261361 6.386417 7.267952 6.615771 6.62993 7.349838 7.31415 8.046122 8.350147 8.211239 8.391395 8.917221 9.036645 9.730073 10.2099 10.68631 10.86154 11.32514 
  5.033034 4.990906 5.766452 6.343609 5.761644 5.237292 5.245029 5.548541 5.992527 5.971689 6.834776 7.737817 7.917104 7.966299 7.971288 8.0073 8.806513 8.793884 9.629156 10.0798 10.25018 10.2427 11.11113 
  5.474142 5.201358 5.328835 5.867258 5.823382 4.99475 5.273564 6.359492 6.526736 6.77392 7.308633 7.298948 7.512126 7.946939 8.382632 8.268484 9.222378 9.447482 9.772121 10.2099 9.906301 10.53465 11.11113 
  4.885998 3.686103 4.920393 5.695771 6.049755 4.806106 4.874079 5.812572 5.832265 5.519148 6.216702 7.466165 7.917104 7.869499 8.698301 9.202856 9.397807 9.167362 9.587107 9.75914 10.34778 10.54682 11.00413 
  5.768214 5.706444 6.174895 6.591311 7.117013 7.59208 8.103444 8.745941 9.012676 8.978104 8.815462 8.488018 8.648207 8.570428 8.245518 8.529669 8.839725 9.20471 9.894364 10.47009 10.28008 10.67271 11.48564 
  9.000984 11.05578 11.73967 12.11855 13.66934 13.38313 14.69299 15.35866 16.30842 16.61041 15.3846 14.23695 13.50405 12.93198 12.80035 12.62179 12.49706 13.14568 15.15079 15.28364 14.13923 12.30923 11.48564 
  10.59132 11.60856 12.02471 12.45096 13.16067 12.74285 13.29186 14.01691 15.2136 15.76832 14.40547 13.23929 12.47574 11.34596 11.56479 11.98074 11.26905 12.75344 14.47846 14.37297 14.34235 13.63104 12.9837 
  9.63712 9.95023 9.74443 11.12131 10.78683 9.8106 10.62642 11.39874 13.29768 14.64553 14.49448 14.11322 13.8796 13.06415 13.54169 14.33126 14.30983 14.88271 16.92331 17.17004 17.25364 17.6594 15.92631 
  6.638469 8.993252 8.32137 9.35978 9.368097 9.373146 10.38113 9.882855 13.11521 15.58119 14.85053 14.23695 14.25514 13.97471 14.2336 14.75862 15.18697 15.55511 17.75585 18.3409 18.94625 18.67345 17.53137 
  7.361688 8.179658 7.902373 8.033605 9.693913 9.248159 9.399974 9.996547 11.2936 14.4584 14.31646 14.48441 14.00478 13.15226 14.18417 15.02573 14.95307 15.55511 17.67575 18.2108 19.30045 19.09285 17.71594 
  6.638469 8.30293 9.031842 8.579677 9.279239 9.091925 9.785429 9.920753 10.79103 13.42917 14.22745 13.98949 13.33586 13.19632 13.98649 15.02573 15.30393 15.77924 17.1678 18.40595 19.389 19.09285 18.49161 
  7.361688 7.34141 7.79307 8.37165 9.753151 10.50187 9.575181 11.01977 11.4869 12.49352 13.96041 13.43934 13.12083 12.84387 13.93706 14.75862 15.77174 16.11544 17.7959 18.57011 19.65465 18.95305 18.25891 
  7.819726 7.809843 7.993459 8.60568 10.10859 10.21681 10.41617 11.09556 11.56422 12.49352 13.60437 13.2893 13.24985 14.09226 15.17647 15.29283 15.88869 16.28354 17.4734 18.40595 19.52182 19.58215 18.41404 
  7.144722 7.489336 8.248501 9.073742 9.87163 9.8106 10.99909 11.09556 10.98433 12.77421 13.96041 13.13926 14.00478 14.20982 15.27627 15.61336 15.83021 16.39561 18.23645 19.22676 19.96457 19.72195 18.33648 
  6.493825 7.760534 9.316877 9.099746 9.664292 9.560627 10.73155 11.39874 10.52041 12.00277 14.31646 13.98949 13.29286 13.46066 14.77724 15.82115 16.00564 16.62798 18.55686 19.55509 20.05312 19.23265 18.41404 
  6.132215 7.711226 7.082597 8.891718 9.427336 9.591873 9.294849 10.52711 11.25494 11.96076 14.22745 13.78944 12.99182 13.4166 14.57955 15.61336 16.06412 16.28354 18.23645 19.60981 20.31878 19.37245 18.64674 
  5.963464 7.612608 8.32137 9.333776 9.87163 10.2793 10.87171 11.20926 11.52556 12.08679 12.89314 13.73942 13.16384 14.09226 15.07666 15.23941 16.3565 16.28354 18.1964 19.22676 20.14167 19.65205 18.56918 
  5.584419 6.29571 7.319421 9.047739 9.131141 9.52938 9.995677 10.22393 10.82969 11.03656 12.60865 13.78944 13.07783 13.85716 14.97685 15.97699 16.70284 16.50767 18.1163 19.55509 20.2745 19.72195 18.80188 
  6.855434 6.253619 6.973294 8.137619 9.81239 10.2793 10.87171 11.13346 10.71371 11.33062 13.41471 13.48936 12.99182 13.59282 14.33244 15.55994 16.59041 16.45164 18.55686 19.50037 20.00885 19.44235 18.49161 
  6.614362 7.686571 6.827556 8.267635 9.87163 11.14215 10.41617 11.43664 11.21628 10.74249 13.31988 12.93921 12.60476 14.20982 14.38186 15.61336 16.66537 16.56371 18.35661 19.82869 19.87602 19.51225 18.10377 
  6.590254 7.045558 7.191901 8.813707 9.723532 9.904341 10.13584 11.53985 11.21628 10.74249 13.17763 12.13899 12.94881 14.32737 14.97685 15.61336 16.66537 16.59584 18.1163 19.3362 19.34472 18.95305 17.87107 
  6.445611 6.552471 7.282987 9.021735 9.723532 10.50187 10.45121 10.6029 11.21628 11.2466 12.94056 12.43908 13.03482 14.20982 14.77724 15.61336 16.29803 15.89131 17.59565 18.84372 19.16762 18.74335 17.63837 
  6.638469 7.686571 7.301204 9.905852 10.95639 10.02933 9.995677 9.655472 10.63639 11.07857 12.94056 12.03897 12.30372 13.63688 13.54169 15.29283 15.83021 15.94734 17.7959 18.62483 18.94625 18.54061 17.10335 
  5.290347 7.242793 7.282987 8.37165 9.693913 10.21681 10.87171 9.769163 9.901852 11.28861 12.84573 12.68914 12.51875 13.72499 13.64053 15.45309 15.65479 15.83527 17.53452 18.40595 18.40461 17.28175 16.40783 
  6.445611 6.37989 7.046163 7.981598 8.894184 10.06058 10.31105 10.26183 11.13896 12.04478 13.13022 12.58912 12.34673 13.54877 14.28302 14.91889 14.71916 14.71461 16.67883 17.49528 17.59216 16.96703 15.8193 
  4.481649 4.948816 6.809339 8.293639 9.397717 9.748107 9.505098 10.11024 10.71371 11.75072 12.98797 12.5391 12.47574 13.72499 13.83822 13.90389 15.1285 14.49047 16.3121 16.8448 16.91512 16.21171 15.17728 
  6.903649 7.070212 7.210118 8.787704 10.27815 9.716861 9.855512 10.6029 10.44309 12.08679 13.0828 13.33932 13.37887 13.76905 13.344 13.4231 13.60811 13.36981 15.57864 15.80403 15.69644 15.39345 14.48175 
  9.743143 11.19398 11.02709 10.78889 11.29551 11.78243 11.63597 12.15911 12.38533 12.1288 13.27246 13.6394 13.50405 13.10821 12.75093 12.67521 13.1403 12.75344 14.35622 14.76326 14.47776 14.51224 13.30471 
  6.686684 8.919289 9.031842 10.78889 10.44771 10.50187 11.89072 11.05767 11.37092 12.86778 13.55695 12.63913 11.95967 11.52219 10.57635 11.33969 11.85382 11.07245 13.56164 13.78754 13.32678 12.87572 11.75315 
  6.927756 7.834497 7.39229 9.645818 9.990108 9.904341 12.40022 11.53985 10.63639 12.21282 12.56124 11.18874 10.15342 9.803999 10.13155 10.21785 10.45038 10.28798 11.66688 12.03124 11.63417 11.23919 10.70404 
  8.301872 8.056386 7.993459 9.957859 9.634673 9.904341 10.55634 10.07234 9.669892 10.65847 11.23362 10.13846 8.605201 8.702597 9.439635 9.363118 9.51476 8.924602 10.38333 10.34 10.68631 10.73565 10.51276 
  6.80722 8.204312 7.610897 7.825577 8.923804 8.623223 9.084601 8.556456 8.548759 10.49044 11.09138 9.488285 8.476182 8.526372 8.500612 7.930481 9.072212 9.298079 10.01661 9.919473 10.11562 10.60976 11.00413 
  5.216829 8.253621 7.902373 7.045474 7.176252 8.623223 8.629065 8.253278 8.742058 10.7845 11.37587 8.688071 7.52858 8.306091 8.945413 8.82891 8.917221 9.372775 9.833242 9.977775 10.25018 10.54682 11.21813 
  6.80722 8.450856 7.26477 7.357515 7.29473 7.654573 8.243609 8.594353 8.703399 10.19637 10.47498 7.987884 8.777225 8.043739 8.194099 8.935751 9.339331 9.344765 9.955485 10.53514 10.34778 10.86154 10.73273 
  5.437383 8.228967 7.811287 5.771987 6.613481 7.529586 7.858154 8.708044 8.316801 8.810066 9.242196 8.688071 8.519188 8.834764 8.945413 8.637215 9.222378 9.335427 9.637566 9.875746 10.16047 10.73565 11.32514 
  6.276859 7.809843 7.811287 5.409961 6.820817 8.154522 8.453857 8.329073 8.007523 8.852076 8.768047 8.237951 7.396954 8.101819 8.382632 8.376031 9.339331 9.671616 9.444141 10.03608 10.28008 10.86154 10.76143 
  6.927756 7.292101 6.058197 5.92442 6.090913 8.810704 8.909395 7.609027 7.698244 8.726048 8.862877 7.837844 7.627299 8.526372 8.45119 9.042593 9.339331 9.447482 9.50301 10.2099 10.23523 9.987232 10.46494 
  8.398302 6.626434 6.700035 6.967464 6.820817 7.49834 7.963278 7.078467 7.466286 7.633806 7.914579 7.637791 7.726019 8.526372 8.846568 8.545033 8.76223 9.783682 10.26109 10.2099 10.41549 10.47383 10.44581 
  8.904555 8.08104 7.191901 6.629419 5.638169 7.435846 7.577824 7.230055 6.65443 6.341949 7.53526 7.466165 7.775378 7.724298 8.846568 9.042593 9.573236 8.924602 9.233898 9.555081 10.26513 10.29136 10.43624 
  7.650975 6.37989 6.40829 5.752934 6.317286 6.935898 7.858154 6.661598 6.615771 7.38175 8.056824 7.687804 7.693112 8.12118 8.348353 8.775489 8.396893 9.447482 9.772121 10.0798 10.22028 10.49816 10.79012 
  8.615267 8.450856 6.349941 7.045474 6.029175 6.342209 8.103444 7.30585 6.188404 7.045676 7.677505 7.359755 8.003116 8.005019 8.416911 9.149435 8.518672 9.102003 9.833242 10.2099 10.08572 10.43733 10.62753 
  9.000984 8.278275 6.754687 6.457933 6.406144 6.498443 6.771873 6.284055 6.313053 7.465769 7.677505 7.587777 8.046122 8.262035 8.039845 8.406758 8.839725 9.148688 9.688025 9.715413 9.323206 9.768264 10.61796 
  8.422409 8.746708 7.483377 6.305501 6.132072 6.153564 6.10107 6.095461 6.134983 7.045676 7.185019 7.253344 7.380501 7.743659 7.971288 8.935751 9.690189 9.783682 9.772121 10.0798 10.28008 10.92448 10.95062 
  7.361688 8.08104 8.066328 7.383519 5.370638 5.398987 6.10107 6.77529 6.366473 6.81506 7.53526 7.101329 7.742472 8.43826 8.211239 8.935751 9.573236 9.391449 10.01661 10.0798 10.19037 10.54682 10.66578 
  8.374194 7.834497 7.337639 6.759437 6.090913 6.654676 6.386417 6.15204 6.886389 6.650499 8.199069 8.488018 8.218146 8.922877 8.599457 8.882331 9.51476 9.148688 9.755302 10.27495 10.6186 10.60976 10.95062 
  10.59132 9.812036 8.066328 6.095906 5.473535 6.234412 6.243744 6.302914 5.850072 6.424229 6.958391 7.787831 7.084342 8.306091 7.35427 8.452849 8.939363 9.447482 9.376863 9.846594 10.04086 10.60976 10.76143 
  10.06121 8.968597 7.829504 6.305501 5.658748 6.180514 6.421459 6.77529 7.234327 6.81506 6.875981 7.268546 7.215968 7.627498 8.108402 8.468213 8.983646 9.102003 9.360044 10.2099 10.10067 10.53465 10.95062 
  9.63712 8.672745 8.029894 6.889454 6.554242 6.342209 7.367575 7.002673 6.580157 6.383089 7.267428 7.637791 7.183062 8.350147 8.550035 8.406758 8.551884 9.615582 9.570288 9.9632 10.34778 10.86154 10.49363 
  9.743143 9.535647 7.811287 7.955595 7.561306 5.479835 6.666748 6.378351 6.597964 7.213713 7.582675 7.025321 7.758925 8.014699 8.279797 8.545033 9.163901 9.391449 9.679614 9.992351 10.41549 10.30352 10.42668 
  9.955189 9.535647 6.612512 6.553203 5.9057 6.779664 6.421459 6.208617 5.74323 6.835629 7.205621 7.025321 7.874098 8.111499 8.599457 8.989172 8.740088 9.195374 9.833242 9.948624 10.20533 10.52249 10.84362 
  9.21303 7.711226 6.40829 6.553203 6.19381 6.31526 6.129605 6.529226 6.77041 6.321379 7.020199 7.268546 7.495673 8.16958 8.698301 9.202856 9.105425 9.335427 9.713253 10.14485 10.41549 10.38867 10.66578 
  8.422409 7.883806 8.084545 7.773571 7.028154 6.81091 5.901328 6.77529 6.69309 7.38175 7.494055 7.222941 7.857645 7.975979 8.005567 8.422122 9.072212 9.671616 9.833242 10.0798 10.6186 10.79859 10.57971 
  9.425075 8.993252 7.79307 7.955595 6.968915 5.884073 5.530376 6.095461 6.134983 6.588789 6.731764 7.687804 7.57794 8.217979 7.90273 8.57576 8.90615 9.727649 9.894364 9.9632 10.5509 10.73565 11.05763 
  9.955189 9.812036 8.503542 7.513536 6.880056 6.529689 6.736831 5.793712 6.117176 7.507778 7.63009 7.42056 7.446314 7.598458 7.90273 8.437486 8.396893 9.447482 9.536649 9.65711 9.831546 10.21837 10.17801 
  9.955189 9.95023 8.32137 6.400771 5.432376 6.654676 6.561624 6.284055 6.437701 6.753349 7.432248 6.934112 7.561486 7.946939 8.279797 8.406758 8.518672 9.391449 9.721663 9.817443 10.23523 10.60976 10.72317 ]
