 [
  4.161272 2.624903 3.217179 4.504275 4.559216 4.427001 4.716876 5.933126 6.134255 6.595819 6.535604 6.925006 7.37928 8.339715 8.666116 8.844165 9.19738 10.0645 9.601605 9.795296 10.29006 10.46876 10.43348 
  3.729038 3.133672 4.08455 4.616055 5.94901 6.118962 5.549134 5.294754 6.267553 6.941412 6.483929 7.283545 7.796124 7.827091 7.780412 8.504486 8.600493 9.039473 9.474097 9.960182 10.51411 10.28871 10.6039 
  5.129769 3.467003 4.08455 4.839614 5.193933 5.234234 5.308799 5.890369 6.667446 6.380556 6.173873 6.976763 7.305614 7.7167 8.300211 9.113767 8.922853 9.716087 9.686611 9.877739 10.27138 10.14329 10.64618 
  3.774537 3.502091 4.37133 4.727835 4.947 5.107844 5.549134 5.847611 6.22312 6.74393 7.176004 7.207788 7.23195 7.882287 8.211465 8.49011 9.045212 9.865409 10.02663 9.910716 10.00999 10.24635 10.62504 
  4.024777 3.30911 4.778504 4.727835 4.947 4.79187 5.020397 5.281498 6.178688 6.546448 6.908492 7.121681 7.320348 7.429682 8.008616 8.511675 9.045212 9.666314 9.856623 9.715956 9.916326 10.2047 10.921 
  5.666034 3.642441 3.883196 4.88752 5.571471 5.676598 5.164598 4.738025 5.730095 6.471043 6.908492 7.359301 7.283515 7.83813 8.80333 8.799232 9.045212 9.417445 9.3527 9.566587 10.04733 9.829431 10.47706 
  4.411512 2.958235 4.007106 5.507777 4.681674 4.79187 5.741402 6.317945 6.356418 5.988445 6.908492 7.283545 7.562137 7.683582 8.198787 8.799232 9.045212 9.367671 9.771617 9.671145 10.29006 10.4264 10.4982 
  5.196803 3.815662 4.452765 5.064736 4.702084 3.332394 4.156529 5.33452 5.738693 6.365474 6.501154 6.935358 7.971615 8.282537 8.894807 9.338434 9.146657 9.268124 9.814119 9.762319 10.21537 10.16376 10.45963 
  4.727571 3.502091 4.452765 4.360558 4.395938 3.811284 5.789469 6.146914 6.134255 6.892041 6.018846 7.007817 7.737628 8.51125 8.483164 9.518168 8.624372 9.181395 9.729115 9.762319 9.903775 10.26753 10.47706 
  4.297766 3.988883 4.192971 4.280715 5.344948 5.171039 4.763572 5.135688 5.687106 6.793301 6.908492 6.624818 6.996222 8.568429 8.666116 8.934032 9.095934 8.834476 9.329939 9.74583 9.878674 10.16376 10.14583 
  4.660538 4.075494 4.20846 4.976128 5.118424 4.381392 4.24992 5.082666 6.178688 6.094013 6.55283 6.531656 7.386646 7.495917 8.666116 9.248568 9.045212 9.61654 10.11164 9.811784 10.00999 10.41581 10.25043 
  4.411512 4.248715 3.743797 6.482468 7.081626 5.550208 6.07787 6.959308 7.511664 8.027561 9.382981 8.722911 9.492533 9.025857 10.40417 11.54018 11.0234 9.126203 9.337526 9.678614 9.552357 10.32049 10.46835 
  4.861637 3.988883 3.573421 5.773602 5.420455 4.541022 5.068464 5.377278 6.000957 6.595819 7.109126 7.738081 7.679131 8.053823 8.849069 9.652969 10.87123 10.31337 9.559103 9.708488 10.12202 10.27812 10.39861 
  5.397902 3.642441 3.232668 5.241953 5.042917 4.769066 5.212665 6.23243 5.618324 7.138894 8.714201 7.510813 8.322596 9.025857 9.169235 10.01244 11.37846 10.91066 9.856623 10.0756 10.49544 10.53231 10.75188 
  4.024777 3.274022 3.480488 4.88752 5.042917 5.234234 4.203225 5.321265 5.738693 7.089523 7.777907 8.116862 7.679131 8.396894 8.57464 8.619497 10.21183 10.56224 9.771617 10.15805 10.43942 9.931776 10.54048 
  5.129769 3.902272 4.452765 3.961344 4.620445 5.550208 4.740224 5.847611 6.178688 6.793301 6.690632 7.435057 8.147105 8.568429 8.483164 8.799232 9.450994 9.865409 9.941628 10.224 10.02866 9.993183 10.4422 
  3.319554 2.519641 4.20846 4.77574 4.722493 4.47261 4.646832 5.321265 5.317401 6.04877 6.604506 6.821493 7.20985 7.816051 8.391687 8.288841 8.648251 9.367671 9.644109 10.02614 9.753167 10.28871 10.51934 
  3.137561 4.248715 4.452765 3.865533 5.344948 5.234234 5.260732 6.40346 6.04539 6.350393 6.673407 7.738081 8.205602 7.882287 7.818446 8.889099 8.994489 9.566767 9.360288 9.715956 10.04733 10.04094 10.32888 
  5.330869 7.193474 5.755723 4.88752 4.130612 5.802988 5.837536 5.109178 5.912093 6.645189 6.908492 7.435057 7.202484 7.738778 8.345949 8.41104 8.934793 9.467218 9.814119 9.811784 9.734342 10.44758 10.64618 
  7.74406 9.878401 7.873031 5.684994 5.26944 4.91826 5.741402 6.189672 6.134255 6.645189 6.841614 6.469548 6.988855 7.175782 8.345949 8.526052 8.719886 8.968513 9.345113 9.927205 10.42075 10.48995 10.77302 
  10.42538 11.78383 10.31608 10.29262 8.440765 7.572443 6.895009 6.74552 6.889608 7.83008 9.316103 8.419887 8.030111 8.282537 8.300211 9.068832 9.450994 9.566767 9.984131 9.656209 9.941427 10.75473 10.921 
  11.83308 13.08299 11.94478 13.92556 14.6324 12.88081 10.2597 9.653035 10.44421 12.81649 15.00074 13.26828 11.30593 10.91275 10.35843 10.73137 10.76978 10.4627 10.53667 10.27347 10.71949 11.09365 11.80888 
  9.151754 9.878401 9.420294 12.242 14.17935 12.31206 8.961889 8.541338 9.422264 12.12531 15.41452 13.72281 11.9494 11.8276 10.58712 11.09084 10.66834 10.0645 11.25922 10.66919 10.62613 11.37961 12.31624 
  10.89461 11.524 11.5376 12.68504 12.89572 12.43845 11.17297 10.63646 10.9774 12.42153 13.86381 13.04101 12.06639 11.88478 10.95302 12.16925 12.5958 11.95591 11.98176 10.91652 11.24228 11.36902 12.69676 
  12.63747 13.86249 14.06208 16.22937 17.506 15.77062 13.52738 12.98359 13.44417 15.20524 17.68171 16.29852 14.87424 15.08678 13.74305 15.32568 15.73754 15.63917 14.95798 11.85638 12.47309 12.6448 13.18298 
  13.53366 14.72859 14.63213 16.63356 17.84407 15.90197 13.931 13.1468 13.71405 15.32521 17.82798 16.82882 14.87424 15.20114 14.15469 15.46206 16.11334 16.14804 15.30618 12.14469 13.07616 13.24617 14.32432 
  13.89357 15.4831 15.55889 17.3072 18.68924 16.55874 14.26734 13.85404 14.41573 16.34493 18.77873 17.77295 16.55535 16.88486 14.49102 14.23619 15.98808 16.40248 15.43675 12.97758 13.67923 13.61625 14.65568 
  14.15751 15.74179 15.84095 17.84611 19.19635 16.75578 14.73822 14.12605 14.68561 16.64485 19.43694 18.71707 16.77463 16.62583 14.71524 14.37099 15.86281 16.19893 15.26266 12.97758 14.06691 14.17136 14.98704 
  14.25349 15.82802 16.00213 18.07065 19.4499 16.82145 15.0073 14.12605 14.68561 16.58487 19.58322 19.16137 17.57864 17.53245 15.5 14.84834 15.487 16.50426 15.61085 12.75334 13.76538 14.17136 14.39796 
  14.37346 15.91425 16.08271 18.25029 19.61893 16.88713 15.20911 14.12605 14.68561 16.4649 19.65635 19.27244 18.09028 18.18004 16.06055 16.0076 16.23861 16.09716 14.91446 12.94554 14.19614 14.26388 15.13431 
  14.46944 15.97893 16.2036 18.38502 19.87249 16.95281 15.27638 14.18045 14.90151 16.58487 19.72948 19.55013 18.45574 18.50383 16.45293 16.55314 16.65618 16.40248 15.13208 12.94554 13.07616 13.61625 14.6925 
  14.56542 16.02204 16.24389 18.47483 19.957 17.01849 15.41091 14.23485 14.95549 16.58487 19.87576 19.88335 18.74811 18.89238 16.95742 17.37144 17.28252 17.26756 15.78495 13.10571 13.59307 13.8938 14.32432 
  14.58941 16.0436 16.24389 18.47483 19.87249 16.88713 15.27638 14.23485 14.84754 16.4649 19.72948 20.04996 18.74811 18.89238 17.29375 17.7124 17.57481 17.72555 16.2202 13.45809 13.67923 13.52373 14.43478 
  14.6374 16.0436 16.24389 18.38502 19.70345 16.75578 15.0073 14.07165 14.68561 16.16498 19.65635 20.21657 19.11357 19.28093 17.51797 17.7124 17.86711 18.18354 16.69897 12.88147 14.15306 14.21762 14.32432 
  14.66139 16.0436 16.2036 18.2952 19.36538 16.55874 14.67096 13.85404 14.52369 16.16498 19.51008 20.32765 19.18666 19.21618 17.40586 18.18974 18.11765 18.79419 17.56946 12.27282 13.46385 14.49517 14.91341 
  14.68539 16.0436 16.2036 18.20538 18.85828 16.42739 14.46915 13.79963 14.41573 15.98503 19.36381 20.21657 18.8212 18.89238 17.63008 18.32613 18.07589 18.69241 17.43889 13.6503 12.34387 13.56999 14.98704 
  14.66139 16.06516 16.28419 18.2952 18.43569 16.23036 14.40188 13.79963 14.41573 15.80508 18.99814 20.04996 18.96738 18.89238 17.63008 18.5307 18.11765 18.79419 17.56946 13.23385 14.36844 13.43121 15.50249 
  14.66139 16.0436 16.36477 18.38502 18.09762 15.83629 14.1328 13.63643 14.25381 15.68511 18.85187 20.21657 19.33284 19.28093 17.68613 18.5307 18.07589 18.79419 17.61299 13.39402 15.05766 13.66251 14.80295 
  14.68539 16.08671 16.52595 18.69938 17.84407 15.70494 13.931 13.63643 14.19983 15.62512 18.48619 20.32765 19.47903 19.21618 17.63008 18.5989 18.03413 18.7433 17.61299 13.49013 13.89461 13.1074 15.17113 
  14.66139 16.06516 16.72742 19.01375 17.75955 15.17952 13.46011 13.25561 13.87598 15.32521 18.04738 20.1055 19.40594 19.08666 17.63008 18.66709 18.07589 18.84507 17.65651 13.36199 14.32537 13.06114 14.91341 
  14.58941 16.02204 16.92889 19.05865 17.59051 14.52275 13.0565 12.98359 13.6061 14.9653 17.31603 19.77228 19.40594 19.21618 17.63008 18.5989 18.03413 18.69241 17.52594 13.45809 13.67923 12.59855 14.80295 
  14.54142 15.91425 17.13036 18.83411 17.33696 13.80029 12.51835 12.60278 13.33622 14.54541 16.58468 19.32798 19.33284 18.95714 17.29375 18.39432 17.90886 18.18354 17.00364 13.87454 13.50692 12.04343 13.80888 
  14.46944 15.78491 17.13036 18.02574 16.74534 13.47191 12.182 12.27636 12.95839 14.24549 15.92647 18.93922 19.11357 18.63335 17.18164 18.25794 17.95062 17.97999 16.82954 13.58623 13.67923 12.41351 13.77206 
  14.25349 15.69868 17.17065 17.08265 15.64661 13.14352 11.84566 11.67793 12.47261 13.64566 15.26825 18.38385 18.89429 18.50383 16.90137 17.91698 17.74184 17.522 16.43782 12.5291 12.51617 11.58084 13.69842 
  13.55765 15.26753 17.13036 16.58865 14.48138 12.24886 11.02877 10.80749 11.55503 12.86586 14.46572 18.10617 18.52883 17.98576 16.34082 16.68952 16.23861 15.99538 15.26266 12.91351 12.43002 11.8584 13.99297 
  13.17374 14.72859 15.80066 15.34329 12.97123 10.6058 9.346425 9.225459 9.86659 10.89105 12.66001 17.1065 17.43246 16.69059 15.05157 14.91653 14.77688 14.79301 13.25685 11.0979 10.83151 10.62763 12.12598 
  12.30231 12.90977 13.81778 13.03948 10.85701 7.825223 7.471813 6.488975 6.445283 7.87945 9.44986 14.32886 14.46476 13.60014 11.68483 10.95604 11.07412 11.01021 9.856623 9.596461 10.14069 10.33108 10.96328 
  12.23528 13.68927 14.46926 12.41922 10.55498 8.141197 6.462406 6.531733 6.311985 6.645189 6.908492 11.98042 12.82685 12.57092 9.580879 9.1587 9.552439 10.01473 9.984131 9.74583 10.00999 10.15694 10.64618 
  8.61549 10.13823 11.70047 9.760973 6.25104 5.487013 5.356866 6.104156 5.738693 6.941412 7.510395 8.116862 8.322596 8.625607 8.345949 8.432605 8.624372 8.763515 9.10232 9.910716 9.853573 10.36285 10.58276 
  7.74406 6.847032 6.814377 6.571076 6.175533 5.487013 4.24992 4.963367 5.86766 6.69456 6.397802 7.813838 7.562137 7.83813 8.849069 9.1587 9.248102 9.367671 9.390637 9.910716 10.02866 10.43699 10.64618 
  7.341861 6.240758 5.837158 5.064736 4.88577 5.297429 5.260732 5.162199 6.311985 6.69456 7.309761 7.283545 6.91519 7.396564 7.995938 8.353535 8.313951 9.268124 9.276828 9.844762 10.12202 10.82887 10.6039 
  6.67153 6.154147 7.465856 7.988808 8.063227 7.256469 6.462406 6.959308 7.95599 8.225043 8.647323 9.935009 10.25299 9.254571 8.80333 9.113767 9.704607 9.666314 9.307177 9.678614 10.49544 10.76532 10.87872 
  6.872629 7.193474 7.628726 8.343241 9.044827 8.457171 7.856349 7.386884 7.95599 7.928821 8.580444 10.08652 10.60397 9.140214 8.711854 8.664431 8.994489 9.118319 9.147843 10.00965 9.72179 10.74414 11.00556 
  5.263836 5.201431 5.022809 6.039427 6.477564 5.866182 5.645268 5.082666 6.178688 6.335312 6.036071 7.510813 7.796124 7.996644 7.91987 8.619497 9.045212 9.000051 9.644109 9.811784 9.815921 10.17741 10.85758 
  4.434261 4.508546 4.778504 4.88752 6.100025 4.381392 5.404933 5.33452 6.489716 6.109095 6.535604 7.132032 7.971615 8.111001 8.345949 8.619497 9.19738 9.417445 9.254066 9.267852 10.34607 10.43699 10.66732 
  4.794604 3.729051 5.185678 5.596386 6.704087 5.676598 5.93367 6.617248 7.156204 7.83008 7.978541 8.116862 8.61508 8.396894 8.849069 8.799232 9.146657 9.467218 9.644109 9.596461 10.21537 10.40522 10.35503 
  5.867133 3.344197 4.697069 5.596386 6.25104 5.360624 5.645268 6.317945 6.934041 7.040153 7.242882 7.813838 9.024558 8.9115 8.249498 8.454169 8.922853 8.763515 9.729115 9.86125 10.47677 11.19956 11.49178 
  5.464935 3.729051 3.604398 4.200872 4.538806 3.811284 4.78692 5.321265 5.583933 6.124176 7.042248 7.662325 8.556583 8.454072 7.488818 8.159454 8.791521 9.467218 9.559103 10.14156 10.42075 10.4264 10.66732 
  4.593505 4.595157 4.859939 4.727835 4.559216 4.563827 3.526139 4.764535 5.43777 6.335312 6.774736 6.945709 6.974122 8.111001 8.122719 8.619497 8.839278 8.897552 9.337526 9.409752 9.953978 10.34167 10.54048 
  4.660538 4.075494 4.20846 5.064736 5.420455 3.993719 3.642878 4.486171 5.325999 5.581254 6.707858 7.080276 7.37928 8.225358 8.224143 8.978966 8.230376 9.815636 10.06914 9.894227 9.822196 10.57468 10.31145 
  3.820035 3.396828 4.452765 4.711866 4.763312 4.63224 4.623485 5.420035 5.618324 6.595819 7.042248 7.359301 7.37928 7.996644 7.932549 8.367911 8.576614 9.094665 9.559103 9.993159 9.847297 9.788492 9.919195 
  3.660791 3.624897 4.452765 5.330561 5.571471 4.47261 4.156529 6.23243 6.445283 6.69456 7.376638 6.821493 6.952022 7.33033 8.300211 8.533239 8.767643 9.566767 9.644109 10.17453 10.00999 10.19105 10.29401 
  4.115773 3.815662 4.615634 4.743803 5.420455 4.335784 5.164598 5.975884 5.738693 6.595819 6.656182 7.283545 7.290882 7.816051 8.300211 8.709364 8.516918 9.118319 9.474097 9.566587 9.99132 10.44758 10.17198 
  3.638042 3.642441 4.08455 4.584117 3.66119 5.107844 4.997049 5.377278 6.267553 5.958283 6.139422 7.100978 7.386646 7.939465 8.274855 8.590745 9.298825 9.268124 9.5166 9.844762 9.702965 10.0273 10.4982 
  4.861637 3.274022 4.115527 5.330561 4.212251 4.358588 5.164598 5.548308 5.773084 6.516286 6.97537 7.283545 7.50364 7.495917 8.345949 8.382288 8.851217 9.094665 8.996098 9.27532 9.69669 10.09553 10.58276 
  5.330869 6.154147 6.407202 6.836901 6.100025 5.929378 5.693335 5.890369 5.807476 6.842671 7.443517 7.662325 7.796124 8.396894 8.57464 8.339159 8.994489 9.61654 9.559103 9.60393 9.602559 10.0273 10.43348 
  9.084721 9.358738 10.07177 10.73566 8.893811 8.330782 8.337019 8.199278 8.31145 8.620007 8.580444 9.404716 9.785017 10.5125 9.30645 8.303218 9.146657 9.516993 9.729115 9.910716 10.02866 9.931776 10.37246 
  6.604497 7.020253 7.058681 8.786282 6.402056 6.182157 6.07787 6.146914 6.445283 6.892041 7.176004 6.573061 6.988855 8.339715 8.021295 8.468546 8.636311 9.01582 9.686611 9.574057 9.778269 9.986361 10.6039 
  4.411512 4.335325 3.650864 4.976128 5.26944 5.171039 3.993095 5.162199 5.956525 5.973364 6.908492 7.059573 7.150918 7.58423 8.072006 9.383368 8.540797 9.063127 9.474097 9.506841 9.797094 10.28871 10.58276 
  4.995703 3.902272 4.20846 5.596386 4.967409 4.91826 5.453 4.923601 5.609726 5.988445 6.311676 7.11133 7.246683 7.33033 8.528902 8.664431 8.994489 9.317898 9.413399 9.844762 10.02866 10.40522 10.8153 
  5.062737 3.519634 4.069061 4.536212 4.844951 4.91826 5.501067 5.029645 5.781682 5.747147 6.156648 7.283545 7.913118 8.396894 8.021295 8.978966 8.994489 8.850245 9.109907 9.663677 9.99132 10.5429 10.921 
  4.024777 3.30911 4.289895 4.66396 4.681674 4.723457 4.436703 5.33452 6.04539 6.645189 5.605438 6.966412 7.796124 7.805013 7.881836 8.934032 9.40027 9.516993 9.163018 9.778807 10.10335 10.68059 10.85758 
  4.45701 2.74771 4.37133 5.064736 5.118424 4.312979 4.646832 5.377278 5.816073 6.74393 6.122197 7.059573 7.386646 7.45176 8.437426 9.023899 9.552439 9.317898 9.5166 9.910716 10.12202 10.22517 10.47706 
  5.263836 2.975778 4.37133 5.241953 4.355119 3.902502 5.308799 5.548308 6.04539 6.793301 7.109126 7.132032 7.971615 8.111001 8.345949 8.889099 9.146657 9.865409 9.814119 10.15805 9.659038 10.15011 10.46835 
  5.196803 3.502091 3.557932 4.456369 5.722486 5.107844 4.483398 5.215221 5.816073 5.867796 6.707858 7.132032 7.971615 8.053823 8.249498 8.619497 9.045212 9.157741 8.98851 10.10858 10.42075 10.58527 11.15354 ]
