 [
  3.984185 3.798817 4.834101 5.594566 5.530764 4.985842 4.586054 5.317893 6.47203 6.702351 6.542486 7.945597 8.013273 8.224337 8.284212 8.683117 9.327555 9.042253 9.552469 9.678134 10.10583 10.61476 10.95353 
  4.212502 3.639112 3.828424 4.13632 4.86906 4.835842 5.320242 6.442863 6.59093 6.120032 6.012521 7.888084 8.013273 7.293087 7.979129 8.600892 9.213243 9.161106 9.393675 10.32832 10.08696 10.25237 10.4638 
  4.811832 4.343806 3.987834 4.078909 4.409773 5.657824 5.569337 6.32333 6.65038 6.767368 6.383496 7.370469 7.925486 8.376531 7.940124 8.198463 8.844054 9.01254 9.919047 9.813841 10.00663 10.43258 10.35567 
  5.657399 4.971477 4.010607 4.882659 5.278481 4.554593 4.056344 5.531487 5.89243 6.386724 7.448934 7.233108 7.511026 8.14824 8.203409 8.518667 9.584755 9.693117 10.24897 9.653295 10.2549 10.50545 10.90902 
  5.581404 4.164472 3.691786 3.189042 4.715964 5.184683 5.045136 6.263563 6.53148 6.353387 6.047852 7.312956 7.837698 8.14824 8.493197 8.765342 8.495643 8.963017 9.479154 10.0381 10.3841 10.13746 10.48542 
  5.125435 4.433474 4.306655 5.973485 5.783046 5.004591 4.709653 5.550904 5.949751 5.786667 6.365831 7.233108 7.163939 7.355422 8.242414 8.642005 9.013199 9.397681 9.772416 9.886395 10.35429 10.50545 10.76437 
  5.581404 3.905286 4.306655 5.499836 5.44667 5.657824 5.942979 5.845196 6.41258 6.507301 6.68381 7.658033 7.925486 7.781381 8.125399 8.642005 8.956043 9.545399 9.809074 9.702974 10.15552 10.21543 10.57192 
  5.125435 3.745582 4.03338 3.705739 5.44667 5.184683 5.693884 5.647992 5.987966 6.131144 7.306036 7.830571 8.057167 7.843716 8.193658 8.642005 9.156088 8.933305 9.256909 10.0447 10.55306 10.66335 10.63085 
  5.733394 5.150811 4.101699 5.026186 3.969624 3.917095 5.115765 5.964729 5.968859 5.808891 7.234588 7.715546 7.881592 7.996046 8.576792 8.423471 8.893827 9.002635 9.222718 10.08427 10.45367 10.27469 10.32684 
  5.809389 4.343806 4.261109 5.405106 5.156114 4.742093 4.303542 5.845196 6.59093 7.482551 7.09169 6.853831 7.881592 8.795063 8.057139 8.380201 9.013199 9.249963 9.992363 10.24917 9.524606 10.34149 10.58634 
  4.89745 4.074805 4.124472 5.120916 5.278481 4.967092 5.507063 5.964729 6.179037 6.507301 7.09169 7.013527 7.881592 7.729434 8.284212 9.176467 8.682291 9.091775 9.45636 10.02491 10.15552 10.15387 10.57192 
  3.67025 2.654271 3.987834 4.911365 5.362576 5.252275 5.257969 5.414981 6.083501 6.331163 7.020241 7.830571 8.408317 8.414578 8.076642 8.600892 8.657405 8.755025 9.137239 9.595335 9.845953 10.11284 10.56471 
  4.497897 3.506026 5.008642 4.997481 4.811649 4.479593 5.115765 5.725662 6.29368 6.386724 6.948792 7.093374 7.653945 7.906051 8.242414 8.276351 8.508086 9.022444 9.279704 9.272419 10.3046 10.29898 10.78663 
  3.556092 3.718965 4.352201 4.681722 5.278481 5.252275 4.956851 5.785429 5.911537 5.964461 7.020241 7.173222 7.449776 7.996046 7.871864 8.765342 8.881384 8.794642 9.279704 9.479417 10.06911 10.4508 10.75325 
  3.07092 3.559261 3.737332 3.964087 4.199267 4.573343 4.850909 5.376145 6.82873 7.027434 6.913462 7.133298 8.057167 7.407369 7.7646 8.432126 8.984621 9.299202 9.772416 10.13704 10.13564 10.22774 10.25476 
  4.383739 3.532643 3.395738 5.026186 4.830786 4.760842 4.515426 5.084881 6.274573 6.767368 7.163139 7.033489 7.388525 7.615153 7.871864 8.72423 9.241821 9.49616 9.33669 9.678134 10.48349 10.50545 10.69761 
  3.413395 3.160001 3.828424 4.394668 4.830786 5.387458 5.693884 5.298475 6.29368 6.131144 7.020241 7.233108 7.837698 7.739824 9.036561 8.518667 9.213243 9.249963 9.462058 9.912779 10.10583 10.60262 10.50705 
  3.185078 2.920444 4.101699 4.94007 4.888196 4.760842 4.974508 5.065464 6.35313 6.507301 6.153845 6.43463 7.123105 8.680918 8.994763 8.12923 8.844054 9.200724 9.735759 9.794053 9.961994 10.35363 10.69761 
  4.583516 3.346322 3.2591 4.279846 5.194387 5.023342 4.515426 5.492651 6.29368 6.507301 6.383496 7.427981 7.551861 7.677488 8.409603 8.259043 8.769394 8.863974 9.552469 9.92597 9.988773 10.42651 10.42776 
  4.041265 2.281628 3.509602 4.853954 4.92647 5.725416 5.942979 5.084881 6.083501 6.702351 6.736806 7.485494 7.694779 7.833327 7.979129 8.72423 9.156088 9.397681 9.6991 10.3613 10.22509 10.06769 10.42776 
  4.440818 3.319705 4.283882 5.026186 4.792512 4.367094 4.126972 4.482936 6.198144 5.85334 6.3305 7.658033 6.898518 7.646321 8.154653 8.642005 9.013199 9.299202 9.552469 9.711254 10.34435 10.25647 10.38451 
  4.583516 3.985138 4.834101 5.310376 4.42891 5.117091 4.744967 4.599442 6.47203 6.897401 7.234588 6.334821 6.531013 7.957997 8.367806 9.053129 10.042 10.43171 9.88239 10.63832 11.26863 11.41611 12.61868 
  4.868911 2.86721 4.147244 5.310376 5.614858 5.657824 5.257969 5.201387 6.35313 6.637334 6.295169 6.554402 6.592263 7.635931 8.284212 9.176467 9.7848 9.988552 9.809074 10.47343 11.0301 11.16123 12.41599 
  4.355199 3.532643 4.397747 4.710427 5.041292 4.329594 4.568398 4.735365 5.08993 6.10892 6.948792 7.60052 7.925486 8.072143 8.057139 8.518667 8.881384 9.111584 9.45636 9.866608 10.42386 10.51153 10.68648 
  5.657399 3.106766 4.74683 5.310376 4.352363 4.254594 4.003373 5.026628 5.567608 5.964461 6.507155 7.273032 7.881592 7.996046 8.008383 8.111922 9.213243 9.742356 9.662443 9.702974 9.953068 10.1867 10.55751 
  5.20143 4.074805 5.008642 4.968776 5.194387 5.522641 4.921537 4.987793 5.109036 5.942237 6.560151 7.073412 6.959769 7.91644 7.706092 8.475396 8.984621 9.081871 9.462058 9.711254 10.04233 9.993826 10.36288 
  5.733394 3.905286 4.485018 5.784026 5.136977 5.184683 5.320242 5.453816 5.739573 6.297826 7.163139 7.60052 8.013273 8.034094 8.284212 8.371547 9.013199 9.348441 9.515812 9.264139 9.917363 10.47509 10.51426 
  9.609131 10.3515 11.37941 12.79404 12.76285 11.94385 11.54761 11.52304 11.76307 12.55385 13.45063 13.40932 13.4561 13.71988 13.59245 13.78107 14.55612 14.51857 14.02473 13.2839 13.14644 13.20027 13.5308 
  8.773188 8.737495 9.721264 11.65728 11.41735 9.713322 9.243484 9.4312 9.682325 10.60335 11.66441 11.56891 12.7538 12.25747 11.87877 12.87659 13.64218 14.51857 15.09028 15.1358 14.68775 15.11187 16.06446 
  5.35342 5.868148 6.579516 8.152273 8.053584 7.280023 7.250727 9.311666 9.860676 9.172983 9.806744 11.16632 12.40265 12.67601 12.79831 13.61662 14.67036 15.70647 16.25983 15.92947 15.87337 16.64115 15.96311 
  5.429414 5.509479 6.317704 6.352405 7.54902 7.617981 7.624369 8.415166 8.671677 10.27827 11.73586 12.20155 12.35875 12.44772 13.77684 15.36984 16.04127 17.12828 17.09521 16.72314 16.46619 17.15091 16.57119 
  5.125435 4.523141 5.968621 6.447135 6.539892 7.482798 7.998011 8.8933 8.909476 10.47332 12.236 11.51139 12.31486 13.49696 14.69876 15.36984 16.49823 17.28062 17.84706 18.17821 17.65181 18.17043 16.77389 
  5.581404 4.971477 5.88135 5.878756 6.876268 7.077248 8.558474 9.371433 8.552777 9.82315 11.59296 11.28134 11.61256 12.93966 13.68464 15.86634 16.49823 17.99153 18.43184 18.17821 17.88893 18.17043 17.07792 
  5.505409 5.240478 5.183184 5.594566 7.380832 8.293898 8.745295 8.833533 8.909476 8.717867 10.80703 10.93626 11.52477 13.05112 13.77684 15.86634 16.61248 17.5853 17.76353 17.78138 17.77037 18.29787 17.07792 
  5.20143 3.825434 5.968621 7.204974 7.633114 6.942065 8.745295 8.714 8.790577 9.498067 11.52151 11.62642 12.40265 13.60842 14.42218 15.66774 17.41217 17.53452 18.26476 18.31049 18.12606 18.29787 17.07792 
  5.581404 5.330145 6.579516 6.447135 7.296738 6.874474 8.371653 8.833533 9.325626 10.60335 10.94992 11.62642 12.0076 13.71988 14.2378 15.76704 16.72672 16.97595 18.09768 18.31049 18.48174 18.42531 16.77389 
  7.785255 7.392488 7.626765 7.394434 6.455798 7.009657 8.060285 9.4312 9.503976 10.0182 11.59296 11.68393 12.31486 13.83134 14.2378 16.06494 17.52641 18.2962 18.59891 18.31049 18.0075 18.80763 17.58466 
  11.05303 10.62051 8.23766 7.204974 7.296738 8.091123 9.181211 9.909334 10.03903 10.73338 12.3789 11.79896 12.18318 12.7521 14.14561 16.56143 17.98338 18.34698 19.4343 18.97188 18.36318 19.06252 18.39543 
  13.71285 14.11752 14.17207 13.74134 13.01513 11.60589 10.8626 10.38747 11.58472 13.85418 14.16512 13.12175 13.32442 14.83448 15.3441 16.95862 17.98338 18.60088 19.26722 18.97188 18.83743 18.29787 17.88869 
  14.32081 15.58827 15.81929 15.63593 14.69701 12.21421 11.36079 11.9414 12.71427 15.74216 16.98746 14.6746 14.69447 17.2866 15.89725 17.55441 18.66883 18.60088 18.59891 18.04593 17.41468 17.66067 17.17927 
  14.5488 16.21698 16.61377 16.67796 15.28567 12.75494 12.48172 12.24024 13.18987 16.08724 17.97471 16.22993 15.57902 17.62098 16.5426 17.05792 18.44035 17.88997 17.34583 17.25226 16.22906 15.87651 16.26715 
  14.78407 16.48643 17.32462 17.24275 15.87433 13.56604 13.04218 12.65861 13.66547 15.56961 18.67989 17.69886 16.64048 18.62411 17.83329 18.6467 19.35429 18.2962 17.17875 14.87124 14.56919 14.72955 14.74696 
  14.92496 16.57625 17.8264 17.53895 16.14633 14.14834 13.27387 13.19651 13.98466 15.33956 18.77391 18.64934 17.17121 19.06995 18.47863 19.34179 19.58277 18.65166 17.51291 14.73896 14.09494 13.71003 14.24022 
  14.96172 16.55828 18.1191 17.69844 16.09935 14.25678 13.44329 13.58936 14.14743 15.45459 18.77391 19.51341 17.7904 19.62725 19.12397 19.83829 19.81125 18.70244 17.42937 14.87124 14.45063 14.21979 15.15234 
  14.96785 16.52236 18.20273 17.67566 16.0054 14.09413 13.10445 13.37581 13.90327 15.05199 18.16276 19.68622 18.14422 19.85017 19.40055 20.03688 19.35429 18.34698 17.01167 14.20985 14.33207 14.09235 15.45638 
  15.01073 16.55828 18.20273 17.63009 15.87433 14.03991 12.85536 13.07697 13.60602 14.76441 17.59862 19.59982 18.40958 19.51579 19.21617 19.34179 18.21186 17.53452 16.17629 13.2839 13.97638 13.20027 14.34157 
  15.0046 16.59421 18.1191 17.56173 15.53795 13.76882 12.60626 12.59884 13.30877 14.56936 17.5516 19.77263 18.67495 19.18142 18.8474 18.5474 17.41217 17.22984 15.59152 13.01934 12.6722 11.79843 12.92272 
  14.85758 16.52236 18.07729 17.49338 15.20158 13.43086 12.17035 12.3 12.95207 14.50435 17.50459 20.03185 18.94031 18.73557 18.38644 18.05091 17.29793 17.68686 15.59152 12.22567 12.31651 12.69051 13.93618 
  14.73506 16.34273 17.86821 17.24275 15.20158 13.22809 12.10807 12.18047 12.95207 14.50435 17.88069 20.11826 19.02877 18.06681 17.55671 17.05792 16.38399 17.17906 15.00674 11.69655 11.48657 11.67099 12.61868 
  14.5488 16.09124 17.61733 17.05688 15.28567 13.16049 12.10807 12.00117 12.95207 14.76441 18.53885 20.03185 19.02877 16.95222 16.81917 16.06494 15.24157 16.67127 15.09028 11.432 11.0301 11.41611 12.2133 
  14.39681 15.85772 17.32462 17.15161 15.62205 13.16049 12.23262 11.9414 13.18987 15.56961 19.05598 19.77263 18.05576 15.16886 15.98945 15.36984 14.44188 16.1127 14.75613 11.03516 11.35807 11.54355 12.0106 
  14.39681 15.69605 16.94829 17.51616 15.70614 13.02531 12.17035 12.53907 13.98466 16.77741 18.82092 18.82215 16.02129 13.9428 15.15972 14.57546 13.52794 16.1127 14.75613 11.03516 11.48657 11.00949 11.88821 
  14.39681 15.58827 16.78103 17.78958 15.95842 13.16049 12.41944 13.37581 16.01934 17.52509 18.02172 17.61245 13.98683 13.05112 14.51437 14.17826 12.72825 15.75725 14.58905 10.59875 11.22887 10.69371 11.20945 
  14.4728 15.53438 16.73922 17.88072 16.28726 13.70123 13.14681 14.72829 16.75183 16.89244 17.22252 16.40275 13.19273 11.95309 13.96122 13.78107 12.3568 15.25716 13.95141 10.26236 10.89096 10.43258 10.64197 
  14.5488 15.57031 16.73922 17.88072 16.66308 13.98569 13.528 15.72485 17.07738 16.25978 16.79941 15.45226 12.0076 10.96383 13.04909 13.20549 12.04245 14.814 13.47486 10.22938 10.46361 10.60262 11.25396 
  14.62479 15.6242 16.73922 18.01742 16.85099 14.41943 14.07861 16.15195 17.15876 16.25978 17.08148 14.61709 12.13928 11.23017 12.25494 12.9177 12.04245 14.91248 13.4382 10.38768 11.0798 10.1785 11.432 
  14.62479 15.64216 16.73922 18.33641 17.13286 14.90739 14.58687 16.65023 17.15876 16.60487 16.94045 14.15698 11.87592 11.23017 12.33854 12.79437 12.0996 14.814 13.32823 10.17661 11.05992 10.62084 11.81032 
  14.70443 15.69605 16.6974 18.4959 17.41472 15.28692 14.96806 17.07733 17.48431 17.1225 17.17551 13.98444 11.91982 11.03992 12.42213 12.9177 11.89956 15.15868 13.65815 10.30193 11.35807 10.51153 11.71017 
  14.72281 15.78587 16.57196 18.58704 17.64961 15.72066 15.17984 17.29088 18.05402 17.81267 17.78666 13.81191 11.83203 11.30626 12.8401 13.12327 12.21391 15.45412 13.84144 10.37449 10.91084 10.86375 12.31464 
  14.74119 15.83976 16.44651 18.58704 17.88449 15.93753 15.3069 17.6468 18.8679 18.33029 18.30379 14.09947 12.18318 11.38236 13.04909 13.32883 12.55685 15.75725 14.17136 10.57236 11.13943 10.12515 11.98835 
  14.69218 15.7679 16.23744 18.38198 18.02542 15.99175 15.3069 17.86034 19.03067 18.38781 18.30379 14.6746 12.49043 11.5726 13.17448 13.32883 12.614 15.80803 14.2549 10.32172 11.36801 11.79843 12.82137 
  14.70443 15.7679 16.19563 18.31362 18.26031 16.20862 15.3069 17.71798 18.94929 18.33029 18.30379 15.02023 12.57822 12.02918 13.42526 13.53439 12.614 15.96037 14.42197 10.54598 10.9506 11.28867 12.31464 
  14.67993 15.71401 15.98655 18.10856 18.40124 16.31706 15.34926 17.36206 18.70512 17.87018 18.30379 16.05712 13.19273 12.18138 13.59245 13.61662 12.3568 15.50336 13.91475 10.10406 10.44374 10.68156 11.432 
  14.68605 15.69605 15.86111 17.83515 18.35427 16.69658 15.43396 17.36206 18.62374 17.46758 18.44483 17.35323 13.63301 12.40967 13.86903 13.78107 12.614 15.75725 14.17136 10.16342 10.16546 10.86375 11.55439 
  14.6983 15.60624 15.69385 17.78958 18.77706 17.02189 15.56103 17.36206 18.46096 17.35255 18.16276 17.95808 14.25219 13.05112 13.68464 13.97966 12.32823 15.10944 13.58483 10.07767 10.40398 11.03379 11.64341 
  14.73506 15.57031 15.5684 17.72123 18.91799 17.18455 15.56103 17.43324 18.54235 17.06498 17.31654 17.87167 14.69447 13.16258 13.68464 14.07896 12.15676 14.61705 13.21825 10.1964 10.61269 10.48116 11.87708 
  14.75344 15.49846 15.48113 17.58452 18.82404 17.13033 15.60338 17.50443 18.46096 16.66238 16.65838 17.78526 15.40211 13.27404 13.46706 13.88036 12.12818 14.66629 13.25491 10.63832 10.74189 10.34149 11.96609 
  14.78407 15.46253 15.48113 17.40224 18.73008 17.13033 15.64574 17.50443 18.54235 16.20227 16.09423 17.35323 15.84438 13.60842 13.38347 13.5755 11.95671 14.07541 12.81502 9.752653 10.42386 10.34756 11.54327 
  14.75344 15.37286 15.39386 17.26554 18.58915 16.96767 15.56103 17.50443 18.46096 15.74216 15.59409 17.52604 16.46357 13.16258 12.58932 12.9177 11.55662 13.6815 12.55841 9.769214 10.97047 10.4508 11.04255 
  14.72281 15.37286 15.39386 17.3111 18.58915 17.02189 15.7728 17.50443 18.29819 15.39707 15.1654 17.094 16.10975 13.05112 12.54752 12.17768 10.5564 10.23475 10.02902 10.34151 11.84226 10.68764 10.75325 
  14.74119 15.19353 15.39386 17.26554 18.54218 16.80502 15.56103 17.29088 17.97264 14.99447 14.66526 16.14352 15.75593 12.8282 12.50573 10.82097 9.841955 11.85965 11.27539 10.63832 12.19795 10.72407 10.60859 
  14.75344 15.19353 15.39386 17.15161 18.40124 16.7508 15.60338 16.93496 16.99599 14.56936 13.95077 16.14352 16.10975 12.33357 12.63112 10.90319 9.899111 12.10584 11.16541 10.63832 11.7237 10.73015 10.80888 
  14.77794 15.01419 15.48113 16.96215 18.16636 16.58815 15.47632 16.93496 16.2635 13.98421 13.16483 15.10664 15.49056 11.80089 11.75338 10.20428 9.927689 13.53378 12.52175 10.36789 11.13943 10.27469 11.00917 
  14.80245 14.83486 15.5684 16.77269 17.79054 16.4255 15.22219 16.7926 16.18212 13.39907 12.80759 14.76101 15.40211 12.14333 11.96236 10.53318 10.47067 13.09063 12.11852 10.55917 11.84226 10.49331 11.29847 
  14.80857 14.56586 15.5684 16.67796 17.13286 16.10019 14.92571 16.00958 15.44963 12.87893 12.66469 14.09947 15.2252 12.10528 11.92057 10.20428 9.956266 11.90889 11.0921 10.18981 11.36801 10.21954 11.09818 
  14.78407 14.47619 15.48113 16.67796 16.71006 15.66644 14.75629 16.22313 14.47298 12.61887 12.30745 13.52434 14.60601 12.29552 12.54752 10.08094 9.756222 10.9241 10.35894 10.05129 11.16924 10.46902 10.84226 
  14.66155 14.11752 14.95751 16.29904 16.14633 14.52787 14.841 16.08076 14.14743 11.83867 11.80731 12.37409 14.07528 11.76284 11.4608 9.505367 9.7848 11.56421 10.79884 9.892991 10.80152 10.19081 10.55751 
  14.62479 13.93819 14.43388 16.20432 16.09935 13.76882 15.13748 15.15538 12.65482 10.86342 10.59268 11.16632 12.92937 11.45846 10.08149 9.38203 10.44209 11.56421 10.87215 10.09746 10.3841 10.19081 10.64197 
  14.4728 13.84852 13.56118 15.16228 15.20158 13.43086 14.12097 14.6571 11.40637 9.498067 8.449217 8.4057 10.51522 9.746275 9.579924 9.423142 9.184666 9.49616 9.6991 10.37449 10.3046 10.25647 10.87564 
  14.24482 13.57952 12.51393 13.07823 12.59466 11.80866 12.48172 11.70234 9.206726 8.977934 8.735012 8.693264 9.549554 8.034094 8.827575 8.72423 9.7848 9.348441 9.845732 9.939162 9.979847 10.40829 11.08706 
  14.09283 13.22085 11.20487 10.89944 9.651371 9.510547 10.6135 9.730034 8.077178 8.392784 8.80646 8.578238 7.881592 8.110191 9.161952 8.929792 9.098932 8.774834 9.515812 9.820436 10.3841 10.10052 10.78663 
  13.56086 12.50352 9.372181 7.962813 8.053584 8.767038 8.932116 8.594466 8.612226 8.4578 8.091972 9.383418 9.549554 8.414578 8.660386 9.094242 9.213243 9.299202 9.625785 9.727814 9.863805 10.60869 10.76437 
  12.49694 11.33784 7.975848 8.436462 7.801302 9.172588 8.558474 9.371433 8.909476 7.547567 8.377768 8.865803 9.549554 9.1375 8.576792 8.600892 8.931157 9.081871 9.393675 9.800649 9.89951 10.09642 10.43497 
  11.12903 9.992836 6.841329 8.341733 8.137678 9.24018 8.869843 7.757731 8.136627 7.092451 7.448934 8.175649 8.101061 8.262385 8.203409 8.423471 8.918714 8.76493 9.114446 9.495976 10.02448 10.15387 10.52867 
  8.773188 8.91683 8.674014 10.52052 8.558148 8.226306 8.433927 7.578431 7.244879 7.157468 7.877626 8.175649 8.144954 7.996046 8.409603 8.642005 8.632519 9.002635 9.467756 9.800649 10.20521 10.16619 10.66423 
  8.621199 9.992836 8.412202 9.857411 7.54902 8.023531 7.935737 7.638198 7.482678 7.677601 7.591831 7.427981 7.969379 8.490676 7.7646 8.518667 8.806725 9.299202 9.772416 10.15023 10.00663 10.74229 10.79775 
  7.253291 8.827163 7.539495 9.289032 7.464926 6.874474 7.437548 7.219831 7.066529 6.962418 6.895796 7.773058 7.592694 7.781381 8.018134 8.501359 9.356133 9.071966 9.194225 9.562216 10.1257 10.74837 10.42776 
  8.317219 9.365166 7.714036 8.247004 7.801302 7.415206 7.873463 8.534699 8.433877 8.522818 8.735012 8.520725 9.198403 9.061402 8.827575 8.362892 9.298977 9.249963 9.552469 9.346938 9.881658 10.50545 10.75325 
  9.305152 9.903168 8.412202 8.720653 8.894525 8.361489 8.99439 9.4312 9.444526 9.172983 9.592397 9.555956 10.12017 10.16481 9.747112 8.683117 9.156088 9.299202 9.188527 9.972141 10.00663 10.19081 10.78663 
  7.86125 8.28916 5.706809 5.499836 5.530764 5.928191 6.005253 6.622163 6.947629 7.222484 7.66328 7.312956 7.881592 8.338482 8.284212 9.012017 9.12751 9.594638 9.382278 9.545656 10.02448 10.10052 10.32684 
  6.037374 7.213155 4.74683 3.849266 5.194387 5.117091 4.480112 5.570322 6.217252 6.442285 6.948792 7.830571 7.735613 7.708656 8.618589 8.362892 8.732064 9.397681 9.433565 9.645015 9.953068 10.42043 10.59747 
  6.873317 7.840824 5.095913 4.308552 4.983881 4.498343 4.568398 5.609157 6.41258 7.157468 6.153845 6.694136 6.735182 7.843716 8.154653 8.250389 9.070354 9.299202 9.515812 9.603615 9.908437 10.54796 11.05368 
  6.341352 7.66149 5.270454 4.853954 5.362576 4.967092 5.320242 5.686827 5.968859 6.086695 6.789803 7.312956 7.881592 8.376531 8.115647 8.414818 8.396096 8.784739 9.234116 9.272419 10.16546 10.29291 10.98691 
  5.429414 6.764819 4.485018 5.405106 6.035328 5.079591 5.133421 6.263563 6.255466 6.064471 6.948792 7.173222 7.969379 7.822937 8.576792 8.44078 9.213243 9.397681 9.625785 10.01831 10.05126 10.55404 10.86452 
  5.581404 6.40615 2.940279 4.653017 4.86906 4.423344 5.133421 4.580024 5.242786 5.975574 5.8182 7.013527 8.144954 7.677488 8.409603 8.224426 9.270399 9.062062 9.45636 9.919374 10.09589 10.69371 10.80888 
  5.277425 6.226816 5.095913 5.689296 5.698952 5.45505 5.631611 6.024496 6.121716 6.442285 6.719141 7.173222 7.776447 7.833327 7.940124 8.55978 8.520529 9.151201 9.382278 9.892991 10.71207 10.72407 10.84226 
  4.355199 4.792142 4.572289 5.310376 5.86714 5.184683 5.818432 5.904963 6.274573 7.092451 6.701475 6.494516 7.796864 7.947608 7.862113 8.39751 9.013199 9.594638 9.809074 9.454577 9.881658 10.23185 10.42776 
  4.29812 4.343806 4.74683 6.162945 5.44667 4.723342 5.507063 5.845196 6.236359 6.442285 6.312834 6.195087 7.735613 8.64287 8.618589 8.293659 8.644961 9.643877 9.662443 9.611896 10.13564 10.0718 10.33405 
  3.613171 3.745582 4.170018 5.310376 5.44667 5.319866 4.480112 5.904963 6.35313 5.786667 5.994855 6.833869 7.470193 7.583985 7.949875 8.215772 8.956043 8.745121 9.319593 9.827032 9.837027 10.19081 10.71986 
  4.098343 2.36148 4.352201 5.310376 5.041292 5.319866 4.338856 4.832453 5.070822 6.507301 6.418827 7.543007 7.592694 7.552817 7.61833 8.501359 8.682291 9.594638 10.06568 9.760934 10.26484 10.09642 10.34126 
  5.809389 5.150811 5.88135 5.878756 4.849923 5.793007 5.115765 5.686827 6.59093 6.832385 6.772138 7.543007 7.837698 8.300433 8.193658 8.181155 8.806725 9.052157 9.662443 9.769214 10.22509 10.79695 10.74212 
  4.554976 3.452791 4.397747 4.796543 5.060429 4.010845 4.797938 6.024496 5.835108 6.153368 6.418827 6.614288 6.918935 7.854105 8.326009 8.328276 8.159675 9.052157 9.17713 10.00512 10.09589 10.1867 10.27638 
  3.242157 2.601037 3.372965 4.337257 4.103582 4.010845 4.850909 6.263563 6.47203 5.731106 7.020241 6.554402 7.368108 8.490676 8.409603 8.518667 8.495643 8.566841 9.251211 9.92597 10.15552 10.32934 10.75325 
  3.384855 2.281628 3.919515 4.767838 4.715964 4.742093 5.382516 5.725662 5.796894 6.286714 6.948792 6.035391 7.531444 7.583985 7.881616 7.964802 8.483199 9.840835 9.552469 9.919374 9.783468 10.40829 10.12501 
  3.527553 3.053531 4.101699 4.997481 4.103582 4.610843 4.356513 5.785429 6.007073 6.053359 6.153845 7.15326 7.531444 8.186288 8.409603 8.414818 8.732064 9.249963 9.422168 9.694695 9.970921 10.24826 10.60859 
  3.755869 2.947062 4.485018 4.94007 4.849923 5.060842 5.44479 6.622163 6.47203 6.397836 6.948792 6.614288 7.143521 8.072143 8.284212 8.806455 9.470444 9.091775 9.625785 9.84682 9.845953 10.63906 10.52867 
  4.269581 4.612808 5.008642 4.94007 4.811649 4.460844 4.744967 5.550904 6.65038 7.027434 6.948792 7.370469 7.75603 7.833327 8.660386 8.518667 8.86894 9.249963 9.439263 10.0381 10.33441 10.27469 10.87564 ]
