 [
  5.478625 6.202346 7.402025 5.031257 4.252072 5.337956 6.970119 6.006497 6.542552 7.670619 7.523915 7.04297 7.527411 8.108809 8.708011 9.102898 9.209208 9.1618 9.286267 9.586823 10.32097 10.60666 10.49538 
  5.050664 5.356098 6.370162 4.119384 4.335966 5.916745 6.67104 5.637222 6.691395 6.134912 6.465397 7.426988 7.088685 8.144065 8.728717 8.628008 9.063786 9.467778 9.539261 9.962113 9.745841 10.35236 10.92469 
  5.633355 5.609972 6.45615 5.275176 4.902248 5.56056 5.47669 5.18323 5.640127 6.134912 6.537199 6.402941 7.693366 8.214578 8.060924 8.661928 8.882538 8.640394 9.991431 12.02987 11.31038 11.07142 11.56346 
  5.050664 4.810049 5.940218 4.642866 5.592276 5.616211 5.381796 6.399232 6.579762 7.103697 7.576084 8.037577 7.797788 7.72728 8.397417 8.442327 9.245563 9.213942 9.302596 11.34713 11.4241 10.95742 11.3186 
  5.398383 3.308413 4.640288 5.06503 5.028088 4.892747 5.318534 6.251956 6.877449 7.052159 7.941265 8.648166 8.372108 7.845762 9.225668 9.577787 8.909407 9.120089 9.12298 11.58496 10.78724 10.80835 11.37183 
  5.023917 3.672446 3.802524 5.048143 4.881274 5.226654 4.68591 5.080051 6.171563 7.516004 7.054397 7.026969 7.745577 7.993865 8.314591 8.899373 9.500051 9.099232 10.29695 10.2699 10.19587 10.22246 10.55034 
  3.847025 4.218495 4.189184 4.929937 5.007115 4.308412 4.14818 5.327682 6.061611 6.070141 7.263072 7.64902 8.215475 8.179321 8.205483 8.514536 8.748191 8.807244 9.171967 9.962113 10.04267 10.37867 10.93534 
  5.023917 4.810049 4.962505 5.06503 4.923221 4.809271 5.381796 5.740402 6.46813 6.846005 6.5731 7.058971 7.413668 7.593987 8.314591 8.236013 8.784017 9.331159 9.710352 10.116 9.975644 10.10159 10.16558 
  5.633355 4.901057 5.059171 5.50034 5.226986 5.087526 5.856264 5.761038 6.244865 6.313035 6.770555 7.815544 7.511162 8.108809 8.166058 8.607376 8.658627 9.631722 9.698132 9.892163 10.3096 10.26562 10.72242 
  4.381976 4.810049 4.446958 6.926372 6.176738 5.862943 6.077682 5.81013 6.134912 5.989177 5.801231 6.914965 7.745577 8.426117 8.314591 8.514536 8.954719 9.05752 11.05464 13.00867 12.08946 10.9925 10.92469 
  4.756442 3.444926 3.899189 5.183235 5.153929 4.697969 4.68591 5.637222 6.356497 6.393999 6.770555 7.482496 7.511162 7.090438 8.192342 9.068977 9.172852 9.036663 9.575923 11.09531 10.25273 10.17066 10.60531 
  5.707842 3.808959 3.448085 4.744185 5.070035 4.50319 5.919526 5.81013 6.282076 6.151105 6.17819 6.866962 7.36492 8.144065 8.074065 8.967215 8.954719 9.659046 9.649248 9.658343 10.22999 10.91358 10.87146 
  4.061005 3.899967 4.446958 5.275176 4.902248 5.504909 4.780804 6.35014 6.505341 6.45877 7.002228 6.706955 7.348671 8.28509 8.273179 8.607376 8.810886 9.54975 9.465884 9.794232 10.57116 10.48389 10.60531 
  5.78233 4.855553 5.349166 4.507774 3.81163 3.974505 4.68591 5.265775 6.22654 6.134912 6.501298 6.738956 7.592408 7.386643 7.903223 8.483589 8.551148 9.067947 9.376076 9.772777 10.5143 10.51897 10.32361 
  6.974126 6.879344 5.41361 5.275176 4.923221 4.809271 5.255271 5.451498 5.98831 6.00537 7.158734 6.61095 7.332422 8.108809 8.192342 8.586745 8.739234 8.984523 9.588144 9.658343 9.832017 10.47513 10.80759 
  9.804642 9.671963 8.433889 6.926372 6.10368 5.809141 5.160378 5.761038 5.713429 6.102527 6.932108 7.362985 7.543661 7.786521 8.500948 8.933294 9.245563 9.182657 9.376076 9.572518 9.793716 9.868499 10.63725 
  12.70964 13.05696 12.04541 10.15371 8.806818 8.284037 7.36889 7.086518 6.989081 7.155235 6.878257 7.250979 7.693366 8.008676 8.273179 8.112226 9.136497 9.440454 9.612586 9.71556 9.755416 10.04979 10.44041 
  14.1249 14.66483 13.16327 11.80491 10.63326 10.75893 10.01075 9.050192 9.072887 8.649848 7.784759 7.92656 7.283675 8.28509 8.770129 9.035056 9.172852 9.385806 9.367911 9.6798 9.583064 10.46636 10.52973 
  14.19939 14.2417 13.93716 11.6548 11.29078 11.02794 10.11044 9.688386 9.184521 8.907539 8.254277 6.962966 6.779952 7.74209 8.418123 8.628008 8.730278 9.27651 9.31076 9.694103 9.918193 10.33482 10.77565 
  14.42285 14.41095 13.93716 12.03007 11.65607 11.40456 10.55906 9.78657 9.705472 9.062155 8.671627 7.410987 7.072436 7.564367 7.995215 8.524852 9.136497 9.495102 9.575923 9.864182 10.21862 10.36113 10.79694 
  14.57183 14.66483 14.02315 12.48039 12.02136 11.56596 10.90799 9.933846 9.482206 8.907539 7.836927 7.538004 7.494913 8.249834 8.074065 8.695849 9.281919 9.631722 9.893664 10.01807 10.35509 10.35236 10.52973 
  14.64631 14.83408 14.19513 12.78061 12.38665 11.72737 10.95783 10.32658 8.886833 9.010616 8.097771 7.410987 8.058843 7.964244 8.192342 8.390748 8.694452 8.963666 10.06476 9.892163 10.12885 10.07569 10.64789 
  14.7208 14.9187 14.4531 13.23094 12.825 11.99638 10.80829 10.57204 8.998466 8.59831 9.297652 8.204101 8.372108 8.038296 8.273179 8.695849 8.900451 9.140944 9.188295 9.878173 9.927768 10.12749 10.765 
  14.79529 15.08795 14.71106 13.60621 13.04417 12.10398 10.35968 10.86659 10.52411 9.474462 9.767171 8.925706 8.006632 8.602399 7.837513 8.967215 8.900451 9.877639 10.13808 9.758472 9.927768 9.773535 10.2068 
  14.86977 15.2572 15.05502 13.98148 13.3364 12.31919 10.85814 11.35751 11.3468 10.76292 10.34103 9.702819 8.47653 8.531886 8.335298 8.865453 9.136497 8.94281 9.551481 10.03206 10.48018 10.50143 10.61596 
  14.94426 15.42645 15.48496 14.65697 13.92086 12.642 12.1043 12.18907 12.0247 11.74215 11.43657 10.47993 9.207483 9.342784 8.956486 9.035056 9.645473 9.686371 10.05254 9.465238 10.54842 10.52774 10.67983 
  15.09324 15.68032 16.17287 15.4417 14.61761 13.06981 12.69022 12.47763 11.85522 11.69061 11.90609 11.70111 11.03486 10.18894 10.53016 10.4258 10.66343 9.959611 10.11364 10.00408 10.26411 10.65928 10.92469 
  15.23272 16.10345 17.09866 16.64042 15.29134 13.64022 12.45323 11.21023 10.07758 10.35061 10.70621 10.53544 9.311905 8.849194 9.163548 10.2562 10.40894 10.09623 10.05254 9.920143 10.54842 10.33482 10.59157 
  15.44195 16.51645 18.0684 17.98018 16.6388 15.92186 13.65131 10.96477 10.30085 10.29908 9.454159 10.31341 10.40833 9.060732 9.122136 11.51127 11.35418 11.35314 9.96699 10.17196 10.43469 10.32605 10.89275 
  15.65117 16.86672 18.88298 19.10839 18.21083 17.49049 15.84808 12.76619 11.51627 11.32984 11.28006 12.08967 11.81803 10.04791 10.26098 13.23235 13.02653 13.3207 12.25461 11.27718 10.74175 11.44848 12.99494 
  15.72091 17.06375 18.96056 19.24941 19.67057 19.34432 18.04486 14.20897 13.21102 12.66984 12.89729 13.92143 13.27993 10.85881 11.31123 14.89478 14.62702 14.50526 13.69456 12.65275 11.65155 11.84235 13.33725 
  15.72091 17.28267 18.61145 19.10839 20.11972 20.48514 19.69244 15.65175 14.05839 13.46828 13.89306 15.20141 14.32415 11.45817 12.06208 15.59475 15.0713 15.05198 14.53454 13.27562 12.16244 12.33468 13.59398 
  15.72091 17.41402 18.45629 19.10839 20.68116 20.48514 19.82974 16.80598 14.56682 14.17591 14.82199 15.98236 14.63626 11.81073 13.02747 16.8197 16.07092 16.05429 15.25451 13.63155 12.67333 12.63008 13.08052 
  15.72091 17.50159 18.30114 19.10839 21.2426 20.19993 19.28054 18.10448 15.24472 15.02507 15.75092 16.65174 14.84434 12.55112 13.67105 17.16968 16.5152 16.50989 16.21449 14.3434 13.33019 13.41781 13.76514 
  15.75579 17.56726 18.18477 19.10839 21.57946 20.48514 20.24163 19.9801 16.43104 16.01575 16.81255 17.43269 15.36452 13.10726 14.10011 16.90719 16.18199 16.78325 16.69447 14.87729 13.33019 13.61474 13.85071 
  15.79066 17.54537 17.91324 18.89685 21.46718 20.62774 21.20272 20.99005 17.95631 16.86491 17.47607 18.10208 15.57259 13.29265 14.52917 17.34468 16.45966 17.32997 16.93446 15.3222 13.33019 13.81167 14.19302 
  15.84296 17.4797 17.68051 18.68531 20.79345 20.62774 20.92812 20.7015 18.97316 17.28949 18.00689 18.6599 15.26048 13.57072 14.95823 17.69466 16.62626 17.23885 17.29445 15.50017 13.47616 14.69787 14.79207 
  15.89527 17.43591 17.52535 18.40325 20.23201 20.91295 20.51623 20.7015 19.82053 17.57254 18.5377 19.10615 15.05241 13.66341 15.28003 17.78216 16.5152 17.42109 17.65444 15.76711 13.03825 14.79633 14.87765 
  15.94758 17.41402 17.48656 18.26223 19.78286 21.19815 20.37893 21.13433 20.32895 18.28017 19.33393 19.55241 15.46856 14.12686 15.81635 17.86965 16.45966 17.51221 17.77444 16.301 13.25721 14.79633 14.44976 
  15.98245 17.37024 17.48656 18.19172 19.67057 21.48335 20.24163 20.84577 20.83738 19.27086 19.86474 19.8871 16.19681 14.59032 16.45994 18.48213 16.62626 17.9678 18.13443 17.19082 13.18422 15.28867 14.62091 
  16.01732 17.32645 17.52535 18.1212 19.44599 21.62596 20.24163 20.55722 21.68475 20.12002 20.39556 20.33336 17.02911 14.96108 16.889 18.39463 16.45966 17.87668 18.01443 16.56795 14.06003 15.58406 15.0488 
  16.05219 17.34834 17.52535 18.05069 19.33371 21.48335 20.10433 19.9801 21.3458 20.82765 20.92637 20.89118 18.17351 15.70261 17.31806 18.39463 16.45966 18.15004 18.61441 16.47897 14.35197 15.97793 14.70649 
  16.08706 17.32645 17.56414 17.98018 19.22142 21.34075 19.96704 19.54727 21.17633 21.95986 21.32448 21.22587 19.00581 16.07337 17.53259 18.04465 16.62626 18.4234 18.61441 15.76711 14.86286 16.66719 15.47669 
  16.13937 17.34834 17.40898 17.69812 18.54769 20.62774 19.69244 19.25871 20.6679 22.10139 21.8553 21.56057 19.94214 16.62952 17.53259 18.04465 16.73733 18.51452 18.49441 16.21202 15.00883 16.47026 15.99016 
  16.19167 17.41402 16.67198 17.13402 18.09854 19.62952 18.73135 19.11443 19.65105 21.53528 21.7226 21.33744 20.25425 17.09297 17.63985 18.48213 16.73733 18.4234 18.13443 16.03406 15.51972 16.76566 15.64785 
  16.19167 17.34834 16.63319 17.0635 18.09854 19.34432 18.45675 18.6816 18.63421 20.68612 21.8553 21.33744 20.56636 17.37104 17.42533 18.21964 17.07054 18.33228 17.89443 16.12304 16.24956 17.65185 17.3594 
  16.17424 17.26078 16.5944 17.13402 18.09854 19.20172 18.18215 18.10448 17.95631 20.26154 21.988 21.33744 20.87847 17.8345 17.10353 17.43217 16.90394 16.87437 16.93446 16.301 15.73867 16.86412 15.819 
  16.06962 16.91051 16.51682 17.13402 17.98625 18.3461 17.08377 16.80598 16.76999 19.55391 21.19178 21.00274 20.77443 18.39064 16.56721 16.29472 16.29306 15.05198 15.25451 15.76711 14.71689 16.0764 15.13438 
  16.1568 17.1951 16.25886 16.28786 16.30193 13.78282 13.7886 12.76619 12.87207 16.86491 18.00689 18.10208 18.58966 15.98068 12.16935 12.80025 15.68218 14.14078 12.13461 11.85191 11.65155 13.31934 13.16609 
  16.1045 16.66969 16.51682 16.42888 16.30193 13.21241 13.23941 13.19902 11.51627 16.29881 17.34337 17.87895 18.79773 16.35144 10.15745 12.93594 16.18199 14.41414 11.65462 11.19324 11.94349 13.81167 12.65263 
  15.96501 16.42888 16.63319 16.56991 16.18964 13.21241 13.37671 13.19902 11.17733 15.7327 17.21066 17.65582 18.48562 16.07337 10.21957 12.96986 15.34897 13.59406 10.99354 11.09531 11.87051 13.41781 12.48147 
  15.8604 16.20996 16.82714 16.4994 15.85278 13.35502 13.65131 13.3433 10.71016 15.44965 17.21066 17.43269 18.38159 16.07337 10.42663 12.73241 15.34897 13.7763 11.17464 11.50102 11.41273 12.72855 12.31032 
  15.65117 16.01882 17.02109 16.42888 15.51592 13.35502 13.37671 12.76619 10.18921 15.16659 16.67985 17.32113 18.06948 16.16606 10.61299 12.96986 15.46004 13.59406 11.53463 11.67395 11.72454 12.92548 11.87219 
  15.35477 16.10345 17.25382 16.21734 14.95448 13.06981 12.82752 11.89752 10.30085 15.30812 16.94526 17.43269 18.27755 16.35144 10.98943 14.10731 16.23752 14.2319 12.4946 12.29682 11.94349 13.31934 12.56705 
  15.09324 16.51645 17.40898 15.65324 14.50533 12.78461 12.50307 12.0448 10.33806 15.30812 16.94526 17.43269 18.17351 16.35144 11.20396 13.75732 16.01538 14.2319 13.09458 12.47478 12.01647 12.53161 12.39589 
  14.94426 16.69159 17.44777 14.80708 14.21309 12.21159 12.55292 12.33335 10.26363 15.02507 16.81255 16.87487 17.44526 15.7953 10.98943 13.40734 15.29344 13.41182 12.6146 12.02987 11.24214 11.74388 12.39589 
  15.01875 16.66969 17.44777 14.58192 14.43227 12.37299 12.69022 12.47763 11.17733 15.02507 16.41444 16.42861 16.92507 15.14646 10.63369 12.29144 14.29381 12.95622 11.89462 11.94089 11.48097 11.12403 12.31032 
  15.26759 16.84483 17.48656 14.50686 14.61761 12.37299 12.96481 12.47763 11.85522 15.59117 16.81255 16.87487 17.02911 15.05377 10.79934 12.18968 14.40488 12.77398 12.01461 12.65275 12.60035 11.42218 11.96801 
  15.21529 16.88861 17.25382 14.13159 14.21309 11.99638 12.40338 11.94661 11.51627 14.88354 16.28173 16.20548 16.19681 14.7757 10.69581 10.52757 12.73569 11.51708 11.17464 12.47478 12.3814 11.39587 11.54216 
  14.7208 16.18807 16.17287 13.30599 12.97111 10.32852 10.45937 9.884754 9.817104 11.9483 14.42388 14.42101 14.42819 13.19995 9.908975 10.62933 11.97222 10.67004 10.32139 11.76293 11.79752 11.02757 10.92469 
  13.45452 13.81858 13.33524 11.20447 10.56021 7.638412 9.512286 9.050192 9.444996 11.74215 12.84513 13.19983 13.54099 12.82919 10.24027 11.00246 12.19036 10.88863 10.27251 11.23521 11.19665 10.7645 11.11632 
  11.59234 11.19521 10.75558 9.703383 9.756569 9.790495 9.960904 9.933846 9.556628 11.99984 12.79296 13.58838 13.95868 13.47803 12.27661 12.12184 13.02653 11.27116 10.35806 11.02536 10.94646 10.27425 11.11632 
  8.165922 9.841212 10.41163 10.45393 10.85244 10.92034 10.85814 10.52295 10.67295 12.82446 13.62766 14.97828 14.84434 13.47803 13.242 13.14485 12.84476 11.32581 9.649248 10.8295 11.08293 11.08896 11.21214 
  8.165922 8.656466 10.66959 9.47822 8.879876 9.9519 11.40645 9.393835 9.668261 13.18522 12.84513 13.75491 13.69762 12.09278 12.70567 13.05735 13.53551 11.38046 10.7369 11.09531 12.52736 14.20554 14.96322 
  7.570024 8.064092 9.637731 8.652622 8.879876 9.037266 9.761518 8.804733 10.33806 12.92753 12.89729 14.53202 13.74983 11.66971 12.38388 12.96986 12.95382 11.46243 10.48026 11.01137 12.60035 14.20554 14.79207 
  7.793486 7.725593 10.15366 9.178003 8.149298 10.38232 11.40645 9.541111 9.928737 12.66984 12.58428 13.0333 12.54898 10.85881 11.95482 13.31984 12.04494 11.0799 9.449555 10.24191 10.8896 10.96619 10.80759 
  7.718998 7.894842 9.121799 8.27735 8.222356 9.306276 9.611979 8.510181 10.85901 13.18522 11.48874 13.36635 13.1233 11.24663 10.88217 11.95224 11.13605 10.72468 9.844782 10.07403 10.62803 11.25557 11.22278 
  6.601689 9.07959 10.23965 8.352406 8.514587 8.660651 9.362747 8.264723 11.00785 12.56676 10.5497 12.53373 12.02687 9.942142 9.929681 10.2562 10.19081 10.23285 9.685911 10.56369 10.67352 11.21172 11.26537 
  7.346562 7.556343 7.917957 6.701209 6.907316 8.12263 9.263054 7.67562 9.779894 11.99984 10.34103 12.42271 12.02687 9.87163 9.681206 9.950914 9.899961 10.1782 9.930327 10.2699 10.57116 10.80835 10.93534 
  7.272075 8.233341 9.465754 6.476046 6.615085 9.14487 9.163362 6.448324 9.891526 11.32984 9.923676 11.20154 10.51276 8.778681 8.770129 8.933294 9.100141 9.413131 9.474049 9.948123 10.29822 10.57158 10.36483 
  7.793486 8.402591 9.207787 7.151535 6.834258 8.875859 8.116587 7.331977 8.886833 10.55677 9.662833 10.20239 9.938436 8.637655 8.894367 8.661928 9.245563 9.741018 9.710352 9.758472 10.26411 10.7382 10.6266 
  8.538359 7.894842 7.058071 5.875611 5.373102 6.938984 7.917201 7.184701 8.030985 10.35061 9.297652 10.09138 9.259694 8.743424 8.790836 8.597061 8.730278 9.245226 9.551481 10.01807 10.07139 10.45759 10.54347 
  7.272075 7.387094 7.058071 5.350231 4.776407 6.885182 8.714744 7.331977 7.584455 9.371386 8.723796 9.203246 8.737585 8.28509 9.577674 9.509946 8.954719 9.067947 9.649248 9.651192 10.19587 10.85219 10.74371 
  7.421049 7.556343 7.488014 5.50034 5.738391 7.207995 8.365819 6.448324 7.547244 8.392157 8.254277 9.536295 9.05085 8.28509 8.915073 9.883074 8.954719 9.631722 10.57803 10.98339 10.66214 11.54695 11.12697 
  6.527202 6.710095 6.714116 5.132576 5.884507 6.777578 6.920272 6.644691 9.556628 10.29908 9.141146 9.203246 9.05085 9.060732 9.867561 11.0703 10.44529 9.741018 10.49249 10.77354 10.46881 11.0188 11.00986 
  6.676177 5.609972 5.682252 5.50034 5.111982 6.56237 7.418736 7.773804 11.85522 12.41215 10.28886 8.759182 8.842007 9.519066 10.69581 12.054 11.1724 9.904963 9.771457 9.850193 10.98057 11.37833 11.48893 
  5.344888 5.609972 6.628128 5.800557 6.249795 6.83138 8.016893 6.791967 8.663568 8.649848 6.626951 7.346984 7.446166 7.919814 8.93578 8.566114 9.35463 9.22437 9.502598 9.765624 10.29822 10.61543 11.23343 
  6.378228 5.03757 5.596263 5.200122 4.860301 6.185755 6.920272 5.859221 6.171563 8.082926 7.419578 8.370625 8.006632 8.038296 8.687304 8.628008 8.748191 9.467778 9.318925 9.920143 9.764991 10.7645 11.38247 
  6.303741 6.117722 5.768241 4.744185 4.587646 6.078151 6.920272 6.006497 5.823381 7.464466 6.950059 7.871052 8.058843 8.672912 8.438829 8.831532 9.02743 9.303834 9.482213 10.07403 10.46881 10.22246 10.48164 
  6.378228 5.609972 6.112195 6.02572 6.834258 6.777578 7.568276 5.69913 6.356497 7.670619 7.471746 7.090972 7.90221 8.179321 7.771805 8.72977 8.991075 9.413131 9.734794 9.962113 10.21862 10.20519 11.09503 
  5.344888 5.03757 4.930284 4.524661 5.300045 5.56056 6.172576 5.59595 7.026292 7.412927 7.210903 7.871052 7.797788 7.890193 8.293885 8.72977 8.461584 9.440454 9.67369 10.01807 10.05224 10.30015 10.63725 
  4.809937 4.719041 5.445831 5.425285 4.650567 5.532734 6.621194 5.957405 6.098262 6.361613 5.944835 7.704528 7.624906 7.608798 8.192342 8.452641 9.063786 9.151373 9.649248 9.71556 10.3096 10.33482 10.60531 
  4.569209 6.371596 6.972082 5.01437 5.300045 5.809141 6.272269 4.832419 5.860032 6.021563 7.054397 8.315117 7.849999 7.934624 8.231767 8.695849 9.35463 9.82299 9.033172 9.990093 10.12885 10.35236 10.5366 
  6.676177 5.310594 6.542139 6.02572 5.884507 5.616211 5.793002 4.873691 6.542552 7.773696 6.896208 7.982069 8.267686 8.144065 8.376711 9.170739 8.891494 9.467778 9.82034 9.722712 10.10012 10.27425 11.27601 
  6.005792 5.609972 6.370162 5.50034 5.153929 5.862943 6.421808 5.761038 5.603477 6.846005 7.367409 8.315117 7.797788 8.320347 8.397417 8.763691 8.873581 9.172229 9.335254 10.38182 10.09054 10.37867 10.44728 
  5.53212 4.855553 4.736954 5.350231 4.986141 6.508568 7.319044 6.153773 6.765817 6.296842 6.662852 7.058971 8.267686 8.108809 8.376711 8.865453 9.02743 9.099232 9.490377 9.400869 10.19587 10.15339 10.39231 
  6.154766 4.901057 5.123614 6.100774 5.519217 6.185755 6.920272 5.81013 5.915008 6.794467 7.471746 7.815544 8.424319 8.461373 7.929506 8.308223 9.245563 9.54975 9.163802 9.565367 9.860743 10.19656 10.92469 
  5.291392 5.128578 5.854229 5.115689 4.818354 5.56056 6.222423 6.006497 7.323979 7.516004 7.367409 8.315117 9.155272 9.765861 11.52576 13.75732 13.57187 11.18919 9.685911 9.636888 10.45744 10.16202 10.50225 
  4.756442 4.719041 5.596263 6.02572 6.176738 6.347161 6.371962 7.67562 9.59384 9.371386 8.93247 9.924851 10.56497 11.3524 13.45652 16.11973 15.90432 12.95622 10.57803 10.78753 10.9692 10.91358 10.74371 
  6.080279 5.948472 5.854229 5.650448 5.300045 6.669974 6.82058 8.019263 10.26363 9.680615 8.567289 10.09138 10.46054 9.836373 10.6544 12.15576 11.31783 9.904963 9.722573 10.66162 10.73038 10.65928 11.16955 
  5.558868 5.694597 5.445831 5.950665 5.153929 5.477083 5.255271 4.811783 7.026292 6.639852 6.393596 7.538004 7.641155 8.073552 8.418123 8.421695 8.828799 9.358482 10.07698 10.32586 10.3892 10.61543 11.12697 
  6.229253 4.855553 4.86584 5.425285 5.226986 6.347161 6.172576 4.914963 6.024961 6.691391 6.662852 6.850962 7.745577 8.179321 8.521654 8.091594 8.775061 9.27651 9.759235 10.14398 10.10012 10.15339 10.765 
  6.005792 5.609972 5.220279 4.896164 5.226986 6.024349 6.222423 5.472134 5.951659 6.491156 6.465397 7.482496 7.641155 8.179321 8.03464 8.514536 9.100141 9.182657 8.967856 9.336501 9.985219 10.46636 10.45415 
  6.154766 5.948472 6.370162 5.575394 5.226986 4.976224 5.698108 5.908313 5.969984 5.827248 6.303843 7.760036 8.163264 8.249834 8.60448 8.797611 8.918364 9.05752 9.376076 9.836203 10.3892 10.69435 10.91405 
  6.452715 6.371596 6.45615 5.725502 4.273045 5.970547 6.870426 5.908313 6.46813 6.199684 6.339745 7.426988 7.429917 7.919814 8.645892 8.576429 9.063786 9.172229 9.685911 10.08802 10.74175 10.6242 10.37857 
  4.622704 5.174082 5.596263 4.440228 5.44616 6.239557 6.67104 5.451498 6.171563 6.248263 7.106565 7.871052 8.215475 8.28509 8.625186 8.72977 8.64967 9.54975 10.07698 9.493846 10.01394 10.51897 10.81823 
  5.931304 5.174082 5.316945 5.275176 5.665333 6.938984 7.917201 8.117447 9.407785 8.186003 7.367409 8.037577 8.528741 8.355603 9.681206 11.00246 10.19081 9.522427 10.48026 10.91344 10.99195 10.93111 11.72315 
  5.856817 4.582528 4.318071 4.524661 4.713487 6.131953 6.920272 5.513406 7.323979 6.34542 7.471746 7.64902 7.608657 7.20892 8.087207 9.136818 8.819842 9.27651 9.416898 9.701256 10.26411 10.46636 10.52286 
  5.291392 5.525348 6.198184 5.575394 5.226986 5.862943 5.698108 5.678494 6.024961 6.474963 6.5731 6.642952 7.234927 7.416264 8.218625 9.170739 8.425758 8.629966 9.180131 9.765624 9.956493 10.36113 10.96728 
  6.527202 5.609972 5.596263 5.875611 6.10368 5.970547 5.919526 5.908313 6.244865 5.551969 5.998686 7.330983 7.954421 8.144065 8.708011 8.797611 8.846712 8.99495 9.918106 10.4098 10.22999 10.23972 10.81823 
  6.676177 6.62547 4.67251 5.350231 5.519217 5.449258 6.222423 5.368955 6.542552 7.309851 7.367409 7.871052 8.058843 8.28509 8.60448 9.781311 9.536407 8.848957 9.343418 10.22793 10.5143 10.43128 10.91405 
  5.707842 5.128578 5.510275 4.727299 5.300045 5.755339 5.666477 5.554678 6.803027 7.309851 7.576084 8.81469 9.364116 9.201757 9.681206 11.27382 10.518 9.604399 9.991431 10.08802 10.65077 10.70312 11.56346 
  4.890179 5.128578 6.370162 4.62598 5.007115 5.393607 5.097116 5.141959 6.282076 6.949082 7.263072 7.538004 7.693366 7.697659 8.218625 9.001136 8.954719 9.495102 9.698132 9.822212 10.11927 10.38744 10.5366 
  3.847025 5.525348 5.510275 4.693526 4.252072 5.755339 6.046051 6.104681 6.579762 7.052159 7.054397 7.218978 6.601212 8.038296 7.390693 8.060647 8.954719 9.413131 9.722573 9.71556 10.46881 10.11023 10.45415 
  4.435471 5.863847 6.112195 4.288249 5.665333 6.185755 6.322115 5.69913 5.713429 6.11872 6.680802 7.760036 7.90221 7.7569 7.824372 8.628008 9.427341 9.303834 9.433227 9.658343 10.10012 10.21382 10.50912 
  4.970422 5.779222 6.800105 5.132576 5.226986 6.400964 6.421808 6.006497 5.969984 6.11872 7.263072 7.593512 7.745577 7.460695 8.152916 8.628008 8.34515 8.99495 9.482213 10.00408 10.65077 10.17929 10.60531 
  5.371635 6.117722 6.542139 5.350231 5.665333 5.970547 6.571347 6.202865 6.803027 7.309851 6.806456 7.202978 6.974941 7.668039 7.863797 8.72977 8.991075 9.303834 9.600365 9.47239 10.1097 10.12749 11.08438 
  5.558868 5.174082 5.596263 5.200122 4.650567 6.347161 6.272269 6.35014 5.548501 6.588314 6.950059 7.426988 7.251176 7.460695 8.087207 8.555799 9.063786 9.358482 9.490377 9.772777 10.03309 10.72943 10.93534 
  6.303741 5.863847 5.155836 5.950665 6.249795 6.239557 6.970119 6.202865 7.472822 6.45877 7.576084 8.370625 7.478664 8.073552 8.480242 8.019384 9.318274 9.495102 10.17474 9.920143 10.60528 10.22246 10.61596 
  6.154766 5.440723 5.381388 4.592207 5.028088 5.616211 6.421808 5.575314 5.640127 6.134912 7.002228 7.250979 7.511162 7.505126 7.469544 8.246329 8.873581 9.82299 9.449555 9.458086 9.956493 10.11886 10.23429 
  4.488966 2.443835 4.253628 5.098803 5.070035 4.864922 5.761371 5.957405 5.603477 6.426385 6.950059 7.410987 8.006632 7.934624 8.166058 8.246329 8.991075 9.303834 9.893664 10.15797 10.10012 10.42251 10.61596 
  5.53212 4.400512 5.252501 4.913051 4.60862 4.419714 4.591016 5.59595 5.072041 5.551969 6.214091 6.962966 7.137433 8.038296 8.376711 8.153488 8.569061 9.358482 9.359747 9.622583 10.6394 10.29152 10.55721 
  6.303741 5.440723 5.445831 4.794845 5.373102 5.365781 5.47669 6.301048 6.208214 6.846005 7.263072 7.202978 6.942443 7.593987 8.218625 7.967806 9.02743 9.54975 9.539261 10.00408 10.45744 10.71189 10.82888 
  4.783189 5.356098 4.898062 4.913051 4.776407 4.169284 4.274704 5.740402 5.860032 7.103697 6.14229 6.626951 7.251176 8.038296 7.732379 8.695849 8.792974 8.60911 9.408733 9.787081 10.19587 10.26562 10.56409 
  5.130907 5.694597 6.198184 5.200122 4.73446 4.670144 4.179811 5.327682 5.969984 6.361613 6.860307 7.538004 7.641155 7.919814 8.152916 8.899373 8.730278 9.495102 9.408733 9.878173 10.08097 10.27425 10.29612 
  5.78233 5.694597 5.478053 4.980597 4.776407 4.169284 4.179811 4.440336 5.75008 6.639852 6.644902 6.81896 7.413668 7.431074 8.293885 8.72977 8.380976 9.193085 9.67369 9.976104 10.33234 10.57158 10.65854 
  4.301733 4.764544 4.930284 5.50034 5.519217 5.532734 4.875697 4.460972 5.603477 6.474963 6.088438 6.898964 7.478664 7.801332 8.087207 8.287592 9.209208 9.331159 9.408733 9.794232 10.65077 10.16202 10.30299 ]
