 [
  5.517941 3.74451 3.958198 4.686575 5.019405 4.819805 4.651185 5.501502 5.479798 6.352497 6.514053 7.245001 7.374503 7.537169 7.857553 7.444145 8.597502 9.27276 9.345879 9.735329 9.811436 10.14812 10.21102 
  5.313657 3.66726 3.906255 5.118033 4.794271 5.341522 5.039262 4.997397 6.144288 6.472054 7.176446 7.430842 7.691399 8.0983 8.659951 8.438807 9.202651 9.306658 9.252462 10.13249 9.831961 10.25657 10.78249 
  5.528828 4.388264 3.646542 5.31938 5.441532 5.060597 4.827583 5.293929 5.944941 6.113382 6.999808 6.935267 7.163239 7.639193 8.116806 7.742544 8.705 9.553612 9.556064 10.06654 10.36862 10.57329 10.08461 
  5.149718 3.512759 3.750427 4.485228 5.160114 4.699409 4.757024 4.878784 5.778819 6.017735 6.955648 7.306948 7.973083 8.251335 8.207544 8.717313 9.054368 8.976159 9.977015 9.478887 9.924321 10.30402 10.47438 
  4.98578 3.564259 4.399711 3.996243 4.428429 4.217824 5.3215 5.442195 6.277186 6.5677 7.220606 7.306948 7.691399 7.766723 8.194582 8.51838 8.911037 8.815147 9.53271 10.06654 10.36862 10.50613 10.2953 
  6.584836 4.208013 4.01014 4.485228 4.850555 4.699409 5.28622 5.916647 6.70767 6.806815 7.441404 7.306948 7.480135 7.945264 8.259395 8.63774 8.74979 9.128697 9.616199 10.39631 10.1193 10.64044 10.91152 
  5.670355 4.388264 5.074965 4.629047 4.175153 4.940201 5.3215 5.471848 6.576207 6.974196 6.82317 6.253851 7.656188 7.588181 7.974217 8.558167 8.893122 9.196492 9.112339 9.786616 9.760125 9.937984 10.50598 
  4.063627 3.461259 4.269854 4.744103 4.203294 4.940201 5.35678 5.293929 5.778819 6.08947 6.82317 6.811373 6.846344 8.200323 8.570498 8.999221 9.152908 9.502466 9.856743 9.786616 9.554879 10.37181 10.71797 
  5.129226 4.723016 3.542656 5.233088 5.160114 5.180994 4.968702 4.582252 5.878492 5.898178 6.293255 7.121108 7.444924 7.868746 8.013104 8.259768 8.794581 9.553612 9.53271 9.663525 10.16035 10.36503 10.78249 
  4.657904 4.929017 5.492369 6.142998 5.666666 3.535578 4.474786 4.671212 5.579472 6.041647 5.895819 6.501638 6.951976 7.664699 8.376059 8.838131 8.597502 9.400175 9.29917 9.745586 10.05773 10.22268 10.51651 
  5.211195 4.336764 4.685395 5.578255 5.131972 3.977031 4.227828 4.700865 4.549511 6.113382 6.602372 7.430842 7.515346 7.588181 8.09088 8.717313 9.202651 9.604757 9.556064 9.386567 10.06799 10.50613 10.97604 
  6.225575 5.974106 7.840664 9.05433 8.400652 7.270474 8.405917 7.958759 7.120928 8.253462 10.49905 10.31816 11.32427 12.60317 11.32971 12.05994 10.59544 9.809339 9.439294 9.848163 10.01668 10.03966 10.65346 
  5.942522 6.838943 7.553118 8.284076 8.172819 7.173271 8.22494 6.723837 6.542982 7.308957 9.694363 9.041462 9.908713 11.34829 9.788017 10.85176 9.600589 9.655903 9.856743 9.85842 10.15009 10.64044 11.04055 
  5.129226 4.336764 4.607481 5.348144 5.469674 5.020465 4.898143 5.056704 5.247226 6.256851 6.911489 6.935267 7.268871 7.766723 8.622349 8.379128 8.678125 8.806673 9.439294 9.530175 9.503568 10.18879 10.37957 
  4.350519 3.61576 4.01014 5.031742 5.945127 4.257956 4.792304 5.175316 5.579472 6.280762 7.264766 6.87332 7.515346 7.435146 8.129768 8.379128 8.758749 9.120223 9.29917 10.33035 10.07826 10.24302 10.49545 
  4.084119 3.950511 3.932226 5.233088 4.794271 4.458616 4.333667 4.256066 6.01139 6.519877 6.381574 7.368895 7.585767 7.613687 8.03903 8.838131 8.973744 9.553612 9.796607 10.00059 9.985895 9.985434 10.3585 
  4.698888 4.697266 3.698484 4.974214 4.625421 4.619144 4.192548 5.412542 5.380124 6.543789 6.82317 6.315798 7.515346 7.97077 8.350133 8.359235 9.117076 9.298183 9.556064 9.848163 10.01668 9.992212 10.49545 
  5.430848 4.053512 4.295825 5.779602 5.24454 5.341522 4.651185 5.293929 4.748858 6.041647 7.043968 6.935267 7.79703 7.40964 8.622349 8.838131 8.588543 8.95921 9.486002 9.827647 10.05773 10.50613 10.57972 
  6.203802 5.212225 4.815252 5.970947 5.610383 6.104032 5.533178 6.280531 6.609431 6.304674 6.602372 6.935267 7.480135 7.690205 8.026068 8.478594 9.108117 8.849045 9.53271 10.06654 10.2992 10.12778 10.57972 
  5.313657 4.645765 3.698484 5.607018 6.400792 6.347041 6.415172 6.185538 6.609431 7.35678 7.971319 7.616683 8.008294 7.792229 8.427909 9.321403 9.252393 9.553612 9.856743 10.13249 9.934584 10.05322 10.27423 
  5.170211 4.259513 5.61218 6.315049 7.31212 7.197572 7.061518 6.248867 7.279873 9.042542 9.99612 10.74193 10.44797 9.720333 9.336791 9.603311 9.948786 10.2185 10.99933 11.45157 11.20171 10.90908 10.91152 
  4.862826 5.521096 5.074965 7.404705 7.185547 7.319077 6.67371 7.452124 8.106389 9.975091 10.53258 11.68918 12.4702 11.41612 12.00655 11.33503 11.24209 11.9063 14.00612 13.9578 13.21499 13.52827 13.55667 
  5.334149 5.932923 5.755953 7.863507 8.805687 8.631325 8.871286 8.592052 8.964695 9.688152 10.83434 11.26541 11.79612 12.73883 13.39783 13.75139 14.0774 13.64525 15.20884 15.6726 15.02 14.40133 14.39538 
  5.550601 4.697266 6.043499 8.245842 8.248764 8.169607 9.103971 9.668651 8.233545 9.759888 11.33727 12.38715 11.93094 12.90841 12.9466 13.75139 15.0225 15.33305 16.59196 16.85976 16.54732 15.81166 15.94376 
  5.844542 5.953515 6.019537 8.207609 7.843729 8.096704 8.819578 8.877034 8.932905 10.26203 11.43785 12.88571 12.26798 13.17974 13.32263 13.79166 15.27121 15.89565 17.75765 18.11288 17.17213 17.02052 16.65344 
  7.025434 6.303568 6.474819 8.226726 9.28653 8.801431 9.846212 9.700315 10.3952 11.66085 12.00784 13.08513 13.4139 13.58219 14.17661 14.2712 16.26797 15.84451 17.44738 18.24479 18.42176 18.16222 17.94376 
  5.931635 6.282976 5.023023 7.672339 8.350022 8.534121 8.69031 10.04863 9.791211 11.40978 12.47724 12.83585 13.14427 13.48271 13.86779 14.2142 16.10173 15.97078 17.07305 18.44327 19.39238 19.22063 19.19589 
  5.964295 4.723016 6.067461 8.669203 9.855906 9.897429 9.129825 9.795309 9.981945 11.98366 12.64488 13.70695 14.25414 13.48271 13.68249 14.1572 15.51992 14.87274 17.91279 18.62881 19.60852 19.5573 19.83578 
  6.138482 5.665235 4.997051 6.831202 10.0457 10.06815 9.724463 10.9604 10.6813 12.01953 12.47724 13.40919 13.69398 13.68166 14.11484 14.3852 15.76927 15.48649 17.52495 18.24479 19.21948 19.74669 19.76468 
  6.149369 5.89174 6.882176 8.284076 9.096738 9.165944 9.846212 10.85277 11.67472 12.27441 12.87958 13.85583 13.83402 13.58219 12.98421 13.34867 14.97276 15.23076 17.36981 18.04693 19.15464 19.93606 20.22683 
  6.886785 5.932923 7.313496 9.05433 9.28653 9.555988 9.414217 9.288675 11.15814 12.27441 12.71194 13.0602 13.04316 13.48271 13.09701 13.38894 13.87843 15.12847 17.19333 18.24479 19.414 20.27274 20.90227 
  6.040502 6.118245 7.121799 8.669203 9.096738 8.752829 9.56934 10.42222 11.15814 12.14697 13.16007 14.00472 13.04316 12.77275 12.909 13.63057 14.47534 14.87274 17.36981 18.17884 19.54368 20.29378 20.72452 
  5.354641 5.994697 6.666516 9.439458 10.0457 8.825731 9.000555 10.6375 11.77804 12.5293 13.59917 14.00472 13.07687 13.34932 14.23837 13.98621 15.17173 15.63992 17.07305 18.24479 19.39238 19.97815 20.15573 
  6.726362 6.427116 7.57708 8.245842 8.906945 8.850033 9.181532 10.20695 11.26146 12.78418 13.16007 14.00472 13.4139 13.38323 13.55896 13.10703 14.87327 15.23076 16.95278 17.98098 19.11141 19.97815 20.68897 
  6.225575 6.015288 6.81029 7.84439 9.28653 9.214546 9.543486 10.74513 10.95151 11.84019 12.64488 12.86078 13.83402 13.58219 13.4972 12.94594 13.87843 14.8216 17.13319 18.17884 19.34916 20.02023 20.72452 
  5.996955 5.994697 6.690479 8.284076 9.666115 9.555988 9.846212 9.985297 10.26805 11.62499 12.3096 12.71121 13.83402 14.378 13.74426 13.75139 14.62456 15.02618 17.71887 18.70832 19.414 19.91502 20.97337 
  5.25218 5.232816 7.385383 7.710573 8.856316 9.726709 9.724463 10.20695 10.45878 12.5293 13.16007 12.98542 13.31279 13.78114 13.43543 13.10703 14.72405 14.87274 16.29129 19.23843 19.45722 19.5573 20.93782 
  5.376415 5.953515 6.498781 7.806157 8.527225 9.385267 9.846212 11.28331 11.77804 12.65674 13.30644 13.55807 13.21168 13.48271 13.28502 13.22785 14.87327 15.28191 16.53183 18.68182 19.34916 19.87294 20.90227 
  5.909862 6.324159 7.217647 8.47664 9.476322 8.971538 10.45496 10.6375 10.74488 12.78418 13.30644 13.28455 13.69398 13.78114 13.20982 13.67085 14.87327 14.97503 17.07305 18.94687 19.5869 19.91502 21.11556 
  5.419961 5.273999 6.331046 8.188492 8.679113 8.995838 10.21146 10.74513 10.17268 11.87606 13.0137 13.40919 13.4139 13.48271 13.99131 13.63057 14.6743 14.46358 16.59196 18.41677 19.28432 19.49418 20.86672 
  6.443309 7.39491 7.001987 9.05433 8.55254 9.117343 9.310801 9.795309 10.42699 11.76845 12.44371 13.3344 14.25414 14.378 13.80602 14.2142 14.87327 15.17961 16.95278 18.65531 19.67336 19.32584 20.93782 
  6.661042 5.665235 7.073874 8.207609 8.755057 9.214546 10.21146 10.17529 10.95151 12.14697 12.81253 13.70695 13.97406 13.88062 14.42367 14.72719 14.82353 15.43534 17.36981 18.97338 19.9111 19.64147 20.54677 
  8.41193 7.250771 9.144692 9.824585 10.23549 9.555988 10.69846 11.60622 12.60456 13.29395 14.03828 14.00472 14.39418 14.47748 14.73249 14.5562 15.68616 15.58878 18.1455 19.26494 19.54368 19.91502 21.11556 
  8.134631 6.900718 9.144692 10.20971 10.23549 10.75103 10.69846 11.17568 11.67472 12.27441 13.59917 14.30248 14.67426 14.87538 14.79425 14.3852 16.35108 16.0459 17.07305 18.31075 19.54368 20.04128 21.15111 
  10.07573 9.689409 9.581047 10.7874 10.42528 11.09248 9.967963 11.06804 10.58594 12.14697 13.30644 13.55807 13.69398 13.58219 13.74426 13.87221 16.93289 16.57178 16.77237 17.91502 19.30593 19.49418 19.72914 
  14.23521 16.65701 16.56272 17.142 16.68843 14.16545 13.86397 14.18949 14.8775 16.7349 17.69751 17.13125 16.63482 14.97486 13.74426 13.50976 16.93289 16.49665 16.89264 16.79381 17.38041 17.35631 17.62118 
  14.92846 17.79127 16.99907 19.83789 18.20677 16.89699 16.42072 15.80404 16.63386 19.4112 20.62489 19.66226 19.99578 17.66073 15.28837 15.81018 19.5926 19.12602 18.45577 18.41677 16.06136 15.20724 16.26634 
  14.65116 17.9533 16.99907 20.41558 19.15573 18.09203 16.66422 16.44985 16.73718 20.04841 22.08857 21.15109 21.39618 18.6555 16.40013 16.66516 20.58999 20.32802 19.03753 18.94687 15.71424 14.73712 16.0728 
  14.65116 17.79127 16.99907 19.83789 18.77615 18.77492 16.78597 16.44985 17.04712 19.92097 22.23494 22.04439 21.8163 19.05341 17.01778 17.17815 20.6731 20.55339 19.69687 18.97338 15.99193 15.40871 16.26634 
  14.78981 17.62923 16.99907 19.06764 19.9149 19.79924 16.90772 16.77276 17.04712 19.15631 21.94221 22.49104 22.23642 19.65027 17.3266 17.46315 20.75622 20.62852 19.6193 18.76134 15.99193 16.14746 16.20183 
  15.06711 17.62923 17.28997 18.68251 20.48428 19.96996 17.39473 16.98803 17.25376 19.4112 22.23494 22.63992 22.09638 19.65027 17.14131 17.17815 20.00818 19.87727 19.42538 18.54929 15.92251 15.34155 15.62119 
  15.20576 17.46719 17.14452 18.48995 20.86386 19.96996 17.27298 16.98803 17.04712 19.02887 21.94221 22.7888 21.95634 18.85445 16.77072 16.83616 19.26013 19.50164 19.19267 18.52279 16.26963 16.14746 15.94376 
  15.48306 17.30516 17.43542 18.68251 20.67407 19.11636 16.78597 16.55749 16.63386 18.39166 21.64947 22.7888 21.53622 17.76021 16.2766 16.32317 18.42898 19.12602 18.92118 18.17884 15.78366 15.67735 15.81473 
  15.48306 16.81904 17.28997 18.48995 19.72511 17.06771 15.81197 15.15822 15.49739 17.88189 21.06399 22.34215 20.83602 16.36754 15.72072 16.15217 17.84717 18.60015 18.10671 17.65121 15.15885 15.20724 14.84699 
  14.23521 15.03664 14.96275 16.56431 16.68843 14.16545 12.64647 11.82149 12.50125 14.69582 18.72209 19.3645 16.77486 13.3154 12.98421 13.46948 14.27637 15.3842 14.9683 14.88116 13.63153 13.12532 13.42764 
  11.04627 12.60608 12.63553 11.94279 11.56404 8.898635 7.526886 7.483789 7.915655 10.36963 13.30644 14.1536 12.87464 9.720333 10.38965 11.05313 9.998528 10.52538 11.1196 11.78133 11.13228 10.90908 11.55668 
  7.718683 10.4996 10.74466 7.691456 8.223449 5.702711 5.956535 6.502184 6.834826 6.854638 8.923203 9.103409 7.620977 7.588181 8.376059 8.797858 9.202651 9.451321 9.676335 10.2644 10.01668 10.35147 11.04055 
  7.995982 8.879224 8.128211 6.219465 5.691981 5.542182 5.215661 6.153873 5.812043 5.969913 6.514053 7.368895 8.008294 8.378865 8.735155 8.717313 9.351877 9.298183 9.275816 9.837905 9.821698 10.37181 10.22156 
  6.671929 7.291954 5.492369 6.162115 5.638524 4.980333 5.497899 5.738728 5.778819 6.304674 7.220606 7.492789 7.19845 7.945264 8.622349 8.717313 9.202651 9.086326 9.322524 9.212187 9.575403 9.992212 10.84701 
  5.909862 6.159428 5.540293 5.913597 5.638524 5.782975 5.25094 5.056704 5.247226 6.065558 7.043968 7.492789 7.973083 7.664699 8.389021 8.379128 8.579585 9.400175 9.916879 9.601978 10.2992 10.20235 10.78249 
  4.780857 4.594265 4.399711 4.686575 4.400287 5.261258 5.003982 5.323583 6.077839 6.5677 6.514053 7.554736 7.550556 7.894252 8.03903 8.498487 9.000619 8.95921 9.509356 9.704556 9.924321 10.43897 10.51651 
  5.170211 4.362514 3.776398 4.283881 4.400287 4.779673 4.157269 5.353236 5.380124 6.328585 6.160776 6.625532 7.19845 7.435146 8.697554 8.797858 8.579585 9.655903 9.856743 10.13249 10.50747 10.35147 9.979273 
  5.670355 4.130763 4.088055 5.607018 5.160114 5.261258 5.180381 5.798034 5.446573 6.08947 6.072457 7.121108 7.691399 7.588181 7.948292 8.677526 9.152908 9.34903 9.676335 9.632751 10.10904 10.30402 10.08461 
  6.563062 5.006268 4.503596 5.664546 5.767925 5.943503 5.956535 5.471848 5.845267 6.663346 7.397244 6.935267 7.550556 8.047288 8.116806 8.200089 9.550847 9.21344 9.345879 9.745586 9.955108 10.37181 10.65346 
  8.55058 10.01348 10.59921 11.36509 12.70279 13.14113 14.59447 15.58876 15.60071 15.07815 14.62376 14.30248 13.69398 13.17974 13.17222 12.98621 13.62972 15.84451 16.23115 15.34283 14.04807 14.33417 14.65345 
  10.35302 11.47182 11.61737 12.9056 14.22113 14.33617 15.32497 16.44985 16.53055 16.09769 15.64834 14.89801 14.39418 14.17905 14.42367 14.10021 14.37585 16.49665 16.89264 15.87046 14.88116 16.41609 15.81473 
  10.90762 11.14774 11.03556 12.9056 14.22113 13.99473 13.62047 14.94294 15.91066 15.71536 15.20923 14.45136 13.83402 13.88062 14.79425 13.87221 15.51992 16.27127 16.6521 17.5193 17.44983 16.8862 16.45989 
  7.580033 7.580233 6.762365 10.59484 11.37425 11.2632 10.21146 11.17568 12.81119 14.56838 14.9165 14.89801 14.8143 14.77591 15.35013 15.01219 16.68354 17.47327 17.95158 19.15891 19.52206 18.96812 18.45988 
  6.748136 6.097654 6.786327 9.246894 10.0457 8.728528 9.259093 10.20695 10.61773 12.78418 14.03828 14.89801 14.25414 14.378 14.79425 15.29718 16.4342 17.92402 18.76604 19.98058 20.25692 19.83085 19.76468 
  6.214689 5.788784 5.779915 7.72969 8.805687 9.214546 9.646901 9.921968 9.695844 11.40978 13.30644 12.86078 13.11057 12.90841 13.55896 14.10021 15.76927 17.69865 18.68848 19.63601 20.40821 20.04128 19.97798 
  4.98578 5.974106 6.091424 7.90174 8.223449 8.655625 8.922994 9.985297 9.791211 10.08269 12.87958 13.20976 13.11057 12.90841 13.02181 13.34867 15.9355 16.79715 18.10671 19.26494 19.60852 19.45209 19.69358 
  5.703015 5.376956 5.228784 7.347354 8.020931 8.266811 8.948848 8.718711 9.886578 10.83591 12.34313 12.51179 12.73983 12.8745 13.17222 13.30839 15.60304 16.49665 17.6413 19.84805 20.17047 20.12544 19.90688 
  6.258235 6.015288 5.492369 7.748806 8.425966 8.558422 8.354209 9.383669 10.74488 11.05111 12.74547 12.98542 12.97576 12.97624 12.68339 12.74458 15.0225 16.19615 17.13319 19.50348 19.93272 20.06232 20.12018 
  6.301782 5.191634 5.708028 6.735618 6.729883 8.291112 9.388363 9.446999 10.8482 11.69672 12.67841 13.55807 13.3802 12.80667 13.02181 13.10703 15.68616 16.87227 17.25346 19.05289 19.60852 19.7046 19.94243 
  4.350519 5.89174 5.178851 7.385588 6.831141 8.121006 9.56934 10.20695 10.14089 10.58484 12.98017 13.20976 12.90835 13.24757 13.62073 13.83194 14.97276 15.97078 17.33103 19.50348 19.78143 19.7046 19.62249 
  4.063627 4.903267 5.61218 7.767923 7.869043 8.485519 8.638601 9.921968 10.52236 10.7283 12.34313 13.20976 12.60501 12.56926 12.38257 13.18757 15.47018 16.42152 17.71887 19.39746 19.78143 19.74669 19.87133 
  5.703015 5.109268 5.660104 6.831202 7.869043 9.141644 8.922994 9.383669 9.886578 10.47723 12.27607 12.38715 13.07687 12.77275 12.909 13.87221 16.18485 16.72202 17.56373 18.76134 19.67336 19.43105 19.40919 
  4.350519 3.66726 4.945108 7.328238 8.274078 8.582723 9.181532 9.446999 10.23626 10.54897 11.97431 12.91063 12.97576 13.17974 12.98421 13.67085 16.01862 15.97078 18.10671 19.31795 19.414 19.13646 19.01814 
  5.931635 4.851767 5.204822 7.462055 8.425966 8.534121 9.465924 9.826974 10.33162 10.5131 12.57783 12.58657 12.67242 13.11191 13.09701 13.83194 15.9355 15.89565 18.53334 19.23843 19.04657 18.98916 18.9115 
  6.214689 4.723016 5.048994 6.831202 8.096875 9.385267 9.129825 9.352004 9.568687 10.76417 12.04137 12.73614 12.97576 12.90841 12.98421 14.4422 16.51731 16.3464 18.02914 18.97338 18.90772 18.56517 18.71795 
  5.293165 4.723016 5.074965 6.54445 7.74247 8.631325 8.095671 9.320339 10.1091 11.15871 14.03828 13.18484 13.24539 13.24757 13.4972 15.35418 18.0134 16.6469 18.10671 18.84085 18.97715 18.76664 19.12479 
  6.127595 5.315182 6.067461 7.25177 8.55254 9.04444 8.793724 9.25701 9.886578 11.76845 13.45281 13.3344 12.5039 12.56926 12.23216 15.29718 17.93028 16.6469 17.71887 18.04693 18.69945 18.29653 18.33085 
  5.833655 5.459321 4.711367 7.672339 7.869043 7.197572 8.095671 8.655382 8.837538 11.15871 12.5443 13.40919 12.4702 12.60317 12.23216 15.52518 17.18224 16.19615 17.13319 17.12358 18.49118 18.0279 17.6857 
  6.007842 6.880126 6.474819 6.276815 7.565267 8.096704 8.767871 9.668651 9.664055 12.27441 13.0137 13.11005 12.53761 12.43359 12.38257 15.29718 16.01862 15.74221 16.41156 17.38739 18.42176 17.35631 16.84699 
  6.258235 5.974106 5.827839 6.773851 8.248764 8.77713 8.405917 9.352004 9.568687 10.6207 12.47724 12.83585 12.23427 12.2301 12.57058 14.3282 14.37585 15.79336 16.23115 16.20023 16.75559 15.81166 15.87925 
  5.334149 5.479913 6.426894 7.538522 8.805687 8.072404 8.199086 8.117083 8.964695 10.6207 11.6055 12.63643 11.5602 11.99269 12.45778 13.55003 14.57482 14.41243 14.60748 14.61734 15.99193 15.00576 14.39538 
  5.757448 6.097654 6.546705 8.207609 9.855906 9.214546 9.543486 8.592052 9.823 12.5293 12.57783 12.46194 12.67242 11.51787 12.15696 13.98621 15.12199 14.56587 14.36694 13.9578 15.50597 14.33417 13.81474 
  6.138482 5.747601 6.187273 8.092908 8.805687 9.897429 10.33321 9.510327 11.26146 11.84019 12.91311 12.68629 12.06575 11.11088 11.55532 13.06676 13.57997 13.54296 13.70544 13.8259 14.1175 13.72974 13.49216 
  8.68923 9.851447 9.144692 8.226726 8.831001 9.214546 10.82021 10.04863 11.88135 11.69672 12.64488 13.35933 12.67242 11.68745 11.1417 13.30839 13.43075 13.49181 12.50272 13.43017 13.49269 13.39395 14.33087 
  9.243828 11.14774 10.89011 8.284076 8.653798 10.40959 11.42897 10.52986 11.67472 11.84019 11.67255 12.51179 13.27909 12.50142 10.16404 10.73094 10.94363 10.93454 11.23987 12.37492 12.10421 12.72236 13.75022 
  6.748136 8.393112 8.176135 7.634106 7.691841 10.23887 10.45496 10.52986 10.8482 12.01953 13.16007 13.23469 13.4139 12.2301 9.261586 9.200584 9.899043 10.06507 10.33783 10.66012 10.99344 10.64044 11.04055 
  5.528828 6.118245 8.417436 8.47664 8.299393 9.093041 9.967963 10.31459 9.47332 11.44565 12.67841 12.83585 13.4139 12.36576 9.675211 9.200584 10.44621 9.553612 9.676335 10.19845 10.50747 10.84192 10.60079 
  7.025434 8.231075 8.562887 7.098836 7.261491 7.732192 8.89714 8.972029 9.823 10.83591 11.10257 13.23469 12.84094 12.09443 9.637609 9.039494 10.1975 10.11621 10.09729 10.59417 10.36862 10.84192 10.71797 
  6.552176 7.168406 8.080286 7.309121 7.084288 8.874333 9.646901 8.655382 9.568687 10.83591 10.93492 12.86078 12.84094 12.43359 9.411996 8.958948 10.1975 10.06507 9.676335 10.33035 10.43805 10.7076 11.04055 
  6.606609 7.147814 7.481232 7.309121 7.084288 8.801431 9.362509 7.927094 8.297124 9.437082 11.16962 13.55807 13.11057 11.68745 9.14878 8.51838 9.749816 9.962775 9.135693 9.376309 10.36862 10.77476 10.65346 
  6.748136 5.89174 6.978025 6.6018 4.93498 8.655625 9.414217 7.705441 8.710382 9.867489 10.49905 12.43701 12.4702 11.75528 9.900825 8.918676 9.550847 9.502466 9.556064 9.766102 10.64632 11.0434 10.97604 
  7.164084 8.069038 8.417436 6.678267 6.198274 8.364015 8.819578 7.42046 8.328913 9.652286 9.493191 11.06599 11.72872 11.07696 9.900825 8.677526 8.955829 9.451321 9.53271 9.68404 10.36862 10.43897 10.64292 
  6.171142 8.717187 8.85379 6.238582 6.55268 7.829395 8.871286 8.117083 6.803037 9.508816 9.761419 10.66715 10.81872 11.21263 9.336791 8.878404 9.501104 9.238863 9.042277 9.345536 10.15009 10.57329 10.71797 
  6.886785 8.393112 8.271984 6.238582 6.653939 7.100368 7.733717 7.230472 6.771248 8.217594 9.224961 10.86657 10.6839 11.17871 9.411996 8.259768 9.650331 9.604757 9.240786 9.85842 10.36862 10.50613 10.78249 
  6.661042 7.907001 8.562887 5.549491 5.767925 6.638651 7.914694 7.293801 6.961982 8.719736 9.325547 11.43991 10.75131 10.5004 9.336791 8.958948 9.948786 9.707047 9.856743 9.934631 10.16035 10.29725 10.78249 
  6.410649 6.880126 7.720853 6.640034 6.17296 7.367678 8.483479 6.565514 7.756709 9.580551 9.459661 10.69208 9.841306 9.75425 8.697554 9.28113 9.302135 9.604757 9.856743 10.13249 10.2992 9.985434 10.48491 
  5.920748 7.312545 7.193685 5.491963 5.41339 7.246174 7.966402 6.438855 7.597764 8.863205 8.789089 10.4428 9.841306 9.75425 8.81036 8.299555 9.152908 9.238863 9.676335 9.868678 10.36862 10.43897 11.10507 
  6.084048 7.024266 8.22406 6.735618 6.527365 6.808758 7.733717 6.40719 6.642656 7.715453 9.023789 11.06599 10.14464 9.652502 8.064956 8.558167 9.152908 9.086326 9.736471 9.934631 10.36862 10.33792 10.84701 
  5.703015 8.393112 9.581047 6.353282 6.451421 6.590049 7.630302 6.787166 7.216295 8.074125 8.589553 11.09092 10.07723 9.143766 8.337171 8.418914 8.624376 9.010056 9.521032 9.704556 10.02694 10.64044 10.97604 
  6.530402 8.555149 9.290144 6.984136 6.097015 5.461918 6.274053 6.153873 6.739459 8.719736 9.359076 10.51758 9.537971 9.822081 8.622349 8.838131 9.799559 9.255812 9.474325 9.934631 10.2992 10.43897 10.63239 
  7.302734 7.744964 8.248022 5.549491 5.497816 6.735855 7.526886 5.264276 7.120928 7.858922 8.633713 10.21845 9.369453 9.177682 8.609386 8.717313 9.009578 9.604757 9.616199 10.2644 10.36862 10.33114 10.55865 
  6.171142 7.147814 7.505194 5.031742 5.469674 6.0639 7.21664 6.153873 6.739459 8.28933 9.660833 10.79179 9.87501 10.12732 9.261586 8.918676 8.937912 9.221914 9.521032 9.68404 10.2992 10.27013 10.44278 
  4.924303 5.747601 6.019537 5.146797 5.075689 6.784457 7.68201 6.280531 6.67588 8.038259 9.929063 10.76686 9.470564 9.075934 8.885565 8.999221 9.40162 9.809339 9.41594 9.868678 10.2992 10.64044 10.48491 
  6.280009 7.147814 8.0084 5.779602 3.865593 7.367678 7.397617 5.649768 6.509758 7.715453 9.426133 11.01614 9.504268 9.34726 8.570498 8.51838 9.072285 9.027005 9.439294 9.755844 10.43805 10.37181 10.97604 
  6.584836 8.393112 8.562887 6.142998 5.525957 7.14897 7.55274 5.975954 6.866615 7.643718 8.923203 10.26831 9.200934 9.177682 8.544573 8.219982 9.351877 9.502466 9.29917 10.06654 9.903796 10.33114 10.91152 
  6.192915 8.069038 8.417436 5.69331 5.869184 6.395642 6.958102 5.679421 7.311662 8.5404 8.722032 10.41787 9.369453 9.177682 8.622349 9.039494 8.982703 9.21344 9.916879 10.19845 10.16035 10.25657 10.47438 
  5.833655 7.188996 8.056324 6.123881 5.945127 6.023767 6.647856 6.312196 7.470608 8.504533 9.292019 10.21845 9.369453 9.75425 9.073575 8.757586 9.126034 9.204967 9.796607 10.33035 10.05773 10.64044 10.71797 
  5.877202 6.385933 7.265572 6.563567 5.666666 6.662952 6.67371 6.47052 7.152717 8.755604 9.962591 10.31816 9.200934 8.991007 8.28532 8.418914 9.134992 9.043954 9.616199 10.13249 10.16035 10.50613 10.45331 
  4.780857 5.953515 7.481232 5.83713 5.970442 5.060597 5.215661 6.47052 7.05735 8.14586 9.057318 10.46773 9.470564 9.075934 7.961254 8.299555 9.252393 9.010056 9.053954 9.934631 10.16035 10.29725 10.78249 
  4.98578 7.518458 7.864627 6.009181 4.372145 6.104032 6.466879 6.375525 6.898404 7.404603 9.157904 10.59237 9.099823 9.584671 8.735155 8.558167 8.928954 9.247337 9.497679 9.632751 10.10904 9.99899 10.65346 
  5.583261 7.907001 8.271984 6.984136 6.147645 6.176934 6.062374 6.438855 6.37686 7.428514 9.124375 10.81672 8.642085 8.735948 8.772758 9.240857 9.009578 9.052428 9.616199 10.00059 10.22978 10.35825 11.29862 
  4.391504 6.48889 6.762365 5.549491 4.259578 5.180994 5.815416 6.064913 6.70767 8.432798 8.501234 10.79179 9.064612 8.837972 7.79274 8.279661 8.785624 9.655903 9.736471 10.19845 10.03721 10.43897 10.46384 
  4.043135 5.809375 6.043499 5.664546 5.843869 6.541448 6.492733 4.967744 6.177513 7.141576 7.927159 10.03261 8.466032 9.042019 8.09088 8.140409 8.687083 8.849045 8.808738 9.663525 9.975633 10.33114 10.20049 ]
