 [
  5.632629 6.180753 5.656876 5.516869 5.470091 5.061982 6.853061 6.012286 6.186482 9.024672 11.27705 11.0428 10.36981 9.299505 8.703611 8.751735 8.994439 9.370655 9.29914 9.811441 10.55532 10.42613 10.37461 
  4.583984 5.880491 6.119641 5.082996 6.529623 6.304996 5.692744 6.209903 6.237409 8.654582 10.45523 10.56722 10.63602 9.524115 8.236266 8.932633 9.376082 9.623679 9.853437 9.903043 10.20934 10.42613 10.76862 
  3.962712 5.129838 5.19411 5.256545 6.953435 6.374969 5.487983 5.650927 6.237409 8.495972 10.94832 9.79442 9.970501 9.41181 8.828459 8.691435 8.899028 9.059629 9.042809 9.811441 10.04292 10.92421 11.00951 
  3.082576 5.279968 6.196768 5.34332 6.247081 5.535309 5.829252 5.381784 7.103158 9.183281 11.0579 9.853867 9.770844 8.96259 9.140575 8.872334 8.817409 9.075926 9.434845 9.455635 10.08353 10.66052 10.52772 
  3.859166 3.532024 4.05653 5.430094 5.681998 4.767748 6.170522 6.605138 7.103158 9.34189 11.38663 10.80501 10.10361 9.86103 9.265422 8.992933 9.328377 9.212516 9.465001 9.538303 10.39806 10.71912 10.69979 
  3.652076 4.372614 6.582406 6.731711 6.317717 5.535309 7.262584 7.132117 6.950378 8.443102 10.61959 10.56722 10.17016 9.917182 9.390268 9.053232 9.232965 9.180887 9.52675 10.17785 10.49241 10.63122 10.85465 
  5.29837 5.054772 5.579748 6.037515 6.670893 5.955139 6.853061 6.40752 6.492041 8.760322 10.67438 10.9239 10.30326 9.636419 8.766035 9.173832 9.566904 9.592052 9.853437 9.857243 10.42951 10.54333 10.48945 
  4.880546 4.979707 6.273896 6.644937 7.02407 6.02511 5.373622 6.605138 7.255937 7.808663 10.18129 9.853867 9.704292 9.299505 8.890882 9.41503 9.423787 9.528795 9.1182 9.403967 10.08353 10.17238 10.76862 
  3.237894 4.979707 6.428151 6.644937 7.165341 6.374969 7.467345 6.67101 6.593894 8.654582 10.07171 9.853867 9.438084 8.681828 8.641189 8.440054 8.621523 9.433911 9.666759 9.538303 9.951307 10.07215 10.50476 
  4.583984 4.792909 5.888258 6.558162 6.600258 5.395366 6.716553 6.209903 7.459642 8.125883 10.51002 9.853867 9.770844 9.299505 9.015728 8.751735 9.280671 9.528795 9.48008 9.662306 10.14644 10.17238 10.54493 
  3.729735 4.185816 4.19062 5.690417 6.247081 5.885167 5.96576 5.814669 7.001305 7.650054 9.633404 8.664938 7.707727 8.401066 8.391496 8.751735 9.137555 8.815183 9.20867 9.579638 9.97879 10.86561 11.06113 
  3.807394 4.792909 5.116983 5.430094 5.328821 5.815196 6.511791 6.9345 6.950378 7.279964 8.208907 8.011027 7.23097 8.064023 8.391496 8.297382 9.376082 9.592052 9.314219 10.22365 10.14644 10.54333 10.83744 
  4.247461 5.655295 5.425493 3.620696 5.116914 4.794496 5.897506 5.814669 6.542967 7.332834 8.592425 7.713795 6.97092 7.519981 8.315814 8.631136 8.760276 8.709255 9.52675 9.765641 9.566544 9.537601 10.56214 
  3.419099 5.430099 4.637586 4.496927 5.258185 4.981736 5.829252 5.880541 6.746673 7.015615 7.277505 7.535456 7.360994 7.29486 8.329072 8.872334 8.882704 8.96185 9.48008 10.04045 10.39806 10.33823 10.32102 
  4.014484 4.933007 5.039855 4.996222 4.654124 3.403569 5.760998 5.528589 5.886988 7.174224 7.606235 7.11965 7.840832 7.688822 7.798753 8.872334 9.280671 9.339027 9.666759 9.857243 10.01544 10.20579 10.59655 
  3.574417 4.74621 3.609564 3.780011 4.111141 4.847993 5.258357 5.112642 5.544708 6.804135 6.947397 6.585043 6.320796 6.919659 8.329072 8.416275 8.743952 9.092222 9.389609 9.994644 10.00627 9.938515 10.45117 
  4.96411 4.045718 3.788351 4.045535 4.503295 5.815196 5.235303 5.880541 5.5661 6.539785 6.919659 6.971148 6.754212 7.013459 7.984365 8.261715 8.531742 8.921109 9.359453 9.994644 9.850536 10.2392 10.38993 
  5.716194 3.90562 3.296688 3.036543 3.115671 5.185451 5.327516 5.259447 6.288335 6.055956 6.198454 6.882047 7.360994 7.33238 8.196492 8.392497 8.417476 9.010739 9.806768 10.08625 9.740603 10.07215 10.61376 
  4.195689 3.672122 4.101227 4.257955 3.779317 4.901491 5.692744 5.577524 5.972558 5.986837 6.89192 7.386954 7.534361 7.726342 8.578765 8.356829 8.646008 9.116667 9.52675 9.948844 10.24079 10.17238 10.64817 
  4.558098 3.06503 3.967137 3.036543 3.2665 4.580507 5.419729 5.112642 5.587492 6.125074 6.780965 7.134501 7.360994 7.651301 8.453918 8.451943 8.768437 9.402284 9.48008 9.70364 10.05208 10.25034 10.29806 
  4.713416 3.625423 2.447453 3.859668 5.116914 3.992038 4.751187 5.33285 5.780025 6.429196 6.864181 6.941448 7.165957 8.082783 7.745721 8.451943 8.670494 9.180887 9.57342 10.08625 9.639832 10.10556 10.21385 
  6.802538 6.405949 5.039855 3.859668 3.960312 4.553759 4.77424 5.880541 6.237409 6.346253 7.387082 6.852346 7.339324 7.913942 8.27604 8.631136 8.899028 9.14926 9.1182 9.713973 9.951307 10.48473 10.36696 
  5.799759 6.255818 5.116983 4.735898 4.925616 4.954988 3.944326 5.33285 6.058127 6.346253 6.864181 7.520606 7.686057 8.120303 8.329072 8.380608 9.137555 8.929257 9.465001 9.765641 9.465772 10.08329 10.69979 
  5.214805 5.129838 4.816372 4.822673 5.116914 5.605281 6.580045 6.539265 6.186482 6.373901 6.808704 6.985998 7.23097 8.120303 7.984365 8.691435 10.28249 10.6674 10.64682 10.63585 10.14644 11.3344 12.73017 
  5.799759 6.030622 5.271238 6.384613 5.681998 5.815196 7.262584 7.790841 6.237409 6.443019 8.09933 7.431504 8.040488 8.457218 8.453918 8.932633 9.662314 10.22461 10.13346 10.04045 10.68113 11.2172 11.95587 
  5.549065 6.105687 5.502621 6.297839 5.016113 5.815196 7.603853 7.922585 7.255937 6.857005 7.44187 8.367705 9.171875 9.355658 9.452692 10.01803 12.1907 12.2488 12.00025 12.28468 12.56826 13.9713 14.74512 
  6.551843 6.931406 4.861069 5.34332 4.442964 5.955139 7.945123 7.000372 5.865595 6.22184 6.697749 8.308259 7.907384 8.176455 8.453918 8.631136 9.328377 9.592052 9.620089 10.04045 10.42951 10.71912 11.56012 
  6.969667 7.757125 8.664848 9.161396 9.355039 9.873549 10.33401 10.82097 11.2282 11.19234 11.66057 11.99394 12.36638 13.11787 13.94717 15.14349 15.59901 13.86592 12.79363 13.10909 13.04005 14.09307 14.74512 
  10.73009 10.98494 11.44144 12.1985 12.39236 12.25258 13.13242 14.18046 13.99724 13.6609 14.62717 15.31577 15.89364 16.1006 17.31117 17.96021 18.41901 16.6226 15.45381 15.92451 15.78823 16.95983 17.54366 
  10.73009 11.88572 12.21272 12.71915 13.16935 13.02227 13.7467 14.31686 13.87977 13.6609 14.70658 15.23018 16.2264 16.38041 17.61637 18.39613 19.68059 18.20978 17.34939 17.70278 18.31289 19.45668 19.55861 
  10.56296 10.08415 12.13559 13.06625 12.463 12.25258 12.04036 12.13842 12.04302 13.30713 15.10366 14.72847 17.15306 16.75348 16.77706 19.19532 19.68059 18.46038 18.1691 18.74011 19.20874 19.82659 19.7825 
  10.47939 11.06 11.59569 14.19431 13.23999 12.88233 12.8594 12.46778 12.65413 16.84475 17.72437 15.31577 16.2264 16.2405 16.85336 18.61409 19.23533 18.20978 17.45185 18.34493 18.63866 19.17925 19.33473 
  10.14513 10.83481 11.51857 13.41334 13.6638 13.23219 12.24512 11.80906 12.70506 16.84475 17.56554 15.40135 17.50947 16.70685 16.00714 18.03286 18.04796 17.54149 16.99077 17.70278 17.98713 18.43945 18.32725 
  12.81921 12.33611 11.67282 13.15302 13.09872 12.67241 12.92766 12.07255 13.29241 16.72683 16.61255 14.72847 16.2264 14.91475 15.81987 17.08837 15.45059 15.36957 15.50504 16.31968 16.11399 16.40497 15.97648 
  17.24029 17.97001 17.3586 17.59163 16.76372 15.4197 14.56097 14.65786 16.11172 17.55227 16.93021 16.59953 17.15306 15.30782 16.31926 16.28918 14.76679 14.11653 15.70997 16.46787 15.46247 15.29526 14.52124 
  18.39644 18.64639 19.23419 20.00637 18.85443 16.58785 16.29033 16.63564 18.46113 20.26444 19.07443 19.93731 20.28945 18.0126 19.8291 19.70389 16.48953 15.36957 16.8883 16.81364 17.09128 17.79211 14.85706 
  18.44462 18.71403 19.56038 20.6725 19.3562 16.40814 15.95917 16.63564 18.69607 20.73612 18.99501 20.5364 20.71714 18.24578 20.51581 20.35777 16.56375 15.28603 17.24693 17.60399 17.66137 17.97707 14.969 
  18.39644 18.71403 19.80502 20.58924 19.3562 16.40814 16.03276 16.63564 18.69607 20.6182 18.59794 20.19407 20.43202 18.10587 20.66841 20.21247 16.2669 15.11896 17.65678 17.90037 17.00984 17.32973 14.4093 
  18.34827 18.78167 19.96811 20.6725 19.3562 16.58785 16.21674 16.90844 18.93102 20.38236 18.43911 20.19407 20.00433 18.24578 21.12621 20.64839 16.78638 15.36957 18.68142 18.69071 17.90569 17.32973 14.52124 
  18.25193 18.78167 19.96811 20.75577 19.18894 16.72264 16.21674 16.90844 19.28343 20.50028 18.04203 20.10848 19.7192 18.10587 21.04991 20.86635 16.78638 15.53664 18.22033 17.90037 18.06857 17.88459 14.29735 
  18.15558 18.78167 19.96811 20.83904 18.93806 16.81249 16.29033 16.77204 19.75331 20.6182 17.96261 19.93731 19.43407 17.96597 21.04991 20.57573 17.00901 15.36957 17.50309 17.55459 17.41705 17.60716 14.07347 
  18.05923 18.84931 19.88657 21.00557 18.51991 16.85742 16.32712 16.77204 20.10572 20.6182 17.8832 20.19407 19.64792 18.05924 21.04991 20.64839 17.30585 15.36957 17.50309 17.4064 17.57993 17.51469 14.74512 
  17.96289 18.84931 19.96811 21.08884 17.93451 16.90235 16.29033 17.18124 20.10572 20.0286 17.40671 19.76614 19.36279 17.82607 20.89731 20.28512 16.63796 14.95189 17.29816 17.20881 17.49849 17.42221 13.84959 
  17.91471 18.84931 19.96811 21.08884 17.18186 16.85742 16.17994 17.59044 20.10572 19.55692 17.16846 19.85173 19.36279 17.5929 20.4395 19.92185 16.63796 14.95189 17.40062 17.357 16.76552 16.86735 14.18541 
  17.7702 18.78167 20.04966 20.83904 16.68009 16.76756 16.10635 17.93143 20.10572 18.96731 17.00963 19.50939 18.86382 17.35972 20.058 19.41328 16.41532 14.70128 17.50309 17.4558 16.68408 15.94259 13.84959 
  17.67385 18.64639 20.04966 20.58924 16.59646 16.63278 15.95917 17.93143 20.10572 18.14187 16.77138 18.99589 18.50741 17.35972 20.058 19.34062 16.56375 14.61775 17.65678 17.50519 17.00984 16.77488 14.18541 
  17.57751 18.51112 19.96811 20.33944 16.84735 16.40814 16.03276 18.13603 19.63584 17.31643 16.69197 19.33822 18.79254 17.49963 20.1343 19.19532 16.56375 14.61775 17.50309 17.75218 17.90569 16.3125 13.40182 
  17.43299 18.37584 19.96811 20.1729 17.0146 16.18349 16.21674 18.34063 19.04849 16.49099 16.37431 19.25264 18.72126 17.35972 19.9054 18.97736 16.78638 14.70128 16.27352 16.81364 16.27688 15.94259 13.6257 
  17.28847 18.17292 19.80502 19.83984 17.09823 15.95885 16.40071 18.47703 18.34366 16.13722 15.89781 18.99589 18.72126 17.49963 19.9817 18.83205 15.82164 14.20007 16.01736 16.31968 15.46247 14.09307 12.04191 
  17.09578 17.90237 19.47883 19.1737 17.09823 15.77913 16.36392 18.27243 17.52137 15.4297 15.34191 18.3968 18.36485 17.07992 19.52389 18.54144 15.15374 13.19764 16.01736 16.46787 14.89238 14.0006 11.86984 
  16.80674 17.4289 18.98955 18.50757 16.76372 15.4197 16.4743 17.79503 16.46413 14.48634 14.07126 17.36979 17.36691 16.42704 18.60828 17.52429 15.00532 13.07113 15.81243 15.62813 13.7949 13.942 12.60972 
  16.5177 17.0907 18.66336 18.1745 16.4292 15.19506 16.43751 17.24944 15.05448 13.04278 12.97549 16.51395 16.79666 15.58762 17.54007 16.16858 14.52827 11.80601 15.45381 15.03272 13.16586 13.15093 12.31721 
  16.22866 16.75251 18.25562 17.75817 15.76018 14.88056 15.7752 16.09005 14.23218 12.03826 11.82494 15.1446 15.62743 15.25167 17.15857 15.86708 14.00351 11.33159 13.82037 13.8877 13.13441 12.30126 12.33442 
  15.89145 16.34668 17.76634 17.34183 15.09115 14.34142 15.55443 14.99886 11.99209 10.76938 11.27705 14.66903 15.29467 13.7917 16.00714 15.32439 12.85858 11.52136 13.58702 13.9793 14.07798 13.03373 12.36883 
  15.69876 15.39974 16.38003 16.75896 14.84027 13.79196 15.84879 15.06706 11.48283 9.817719 10.34565 12.05338 13.0319 12.38789 14.69625 14.41989 12.1907 10.57252 11.90691 12.92589 13.95217 12.74075 11.59453 
  15.60241 14.99391 15.48301 16.34263 14.42212 14.07184 15.11289 14.11459 11.53375 10.13494 10.67438 11.75615 12.16672 11.99482 13.88475 13.2139 11.09348 9.908331 11.48688 11.27706 12.411 11.83248 11.57733 
  15.40972 14.58807 14.91218 15.84303 14.08761 14.34142 13.95147 12.99476 11.27912 10.18781 10.61959 12.35062 12.43293 11.77021 14.44656 13.7566 11.42741 10.35112 11.81357 11.46027 12.411 12.03757 11.00951 
  14.9919 14.06262 13.98665 15.14883 13.59316 14.52113 14.15623 12.13842 10.82078 9.65911 9.688192 11.57781 11.5012 10.47871 13.13567 12.61091 11.2843 10.31949 11.16019 11.27706 11.81341 12.38916 11.43967 
  14.23981 13.76235 10.90155 11.59108 11.4741 12.11264 10.88004 10.42574 9.496697 8.601711 9.08552 9.79442 9.238427 8.681828 9.515115 9.234131 10.18707 9.465539 10.64682 11.04806 11.56179 11.68598 11.31923 
  12.56852 12.48624 9.590379 8.727524 8.295507 8.614059 8.559408 8.713055 6.64482 7.174224 7.44187 8.427153 8.506353 8.082783 7.984365 8.812035 9.566904 9.275771 9.760098 10.40685 10.64967 10.95351 10.717 
  8.975225 8.883106 7.970701 7.425907 6.812164 6.724826 7.19433 6.868627 6.143698 6.138898 7.332293 7.951581 9.105323 8.344913 8.516342 9.053232 9.185261 9.497168 9.760098 10.54425 10.17789 10.60192 10.59655 
  7.387492 7.381799 6.273896 7.165583 6.388351 6.864769 7.330838 6.9345 7.357789 7.015615 7.551446 8.427153 7.77428 8.906438 9.140575 8.570836 9.519198 9.370655 10.36681 10.77326 10.3666 10.71912 10.90627 
  7.220363 7.68206 5.734003 6.558162 6.741529 6.514912 6.511791 6.802755 7.459642 7.279964 7.606235 8.843277 7.686057 9.41181 8.890882 8.751735 9.853136 9.781819 10.08679 10.68165 10.46096 10.77772 10.87186 
  6.886103 7.68206 6.813788 6.471388 6.529623 7.284599 7.399092 7.593224 7.408716 6.645525 7.167928 8.308259 8.506353 8.625675 8.641189 8.812035 9.757726 9.339027 10.18013 10.77326 10.52386 10.66052 10.66538 
  6.718973 6.481014 6.273896 6.992034 6.8828 6.44494 6.511791 7.724968 6.950378 5.793306 6.808704 8.486599 8.040488 8.513371 8.828459 8.631136 8.874542 8.758144 10.2268 10.40685 10.3037 10.36753 10.32868 
  8.306705 7.156602 6.736661 6.12429 5.752633 6.654855 6.580045 7.988458 7.968906 6.804135 7.222716 8.248813 7.840832 8.569523 9.140575 8.547057 9.042144 9.244143 9.57342 9.948844 10.42951 10.25034 10.75141 
  6.551843 7.606995 5.965385 5.082996 5.893904 6.724826 4.958665 6.144031 7.306863 7.174224 7.332293 8.011027 7.707727 8.457218 9.327845 9.294431 9.042144 9.592052 9.806768 9.948844 9.786408 9.994198 10.34399 
  7.972446 8.732975 7.662191 6.731711 5.046279 5.185451 4.981719 6.144031 7.154084 7.174224 6.919659 8.724384 7.973936 8.176455 8.302556 8.812035 9.089849 9.180887 9.329296 10.04045 10.14644 10.16125 10.06839 
  9.727309 9.858955 8.510593 7.339132 5.681998 5.115479 5.166144 5.724329 6.288335 6.909875 7.387082 8.427153 7.599373 8.344913 8.516342 8.547057 9.137555 9.465539 9.57342 9.641639 10.14644 10.13897 10.03777 
  9.727309 8.582844 6.351023 6.211064 5.470091 4.901491 5.235303 5.880541 6.441114 6.857005 7.551446 7.535456 8.040488 8.28876 8.103686 8.4995 9.137555 9.14926 9.760098 10.04045 9.777247 9.871696 10.3593 
  6.718973 6.781276 6.042513 6.558162 5.681998 6.02511 5.419729 5.675394 6.122305 6.645525 7.222716 8.011027 7.144287 8.232608 8.953305 8.631136 8.946733 9.051481 9.666759 10.13205 9.758925 10.60192 10.61376 
  8.139576 6.330884 4.995159 4.709346 4.292135 5.035233 5.235303 5.748796 5.694455 6.373901 7.277505 7.713795 7.77428 7.726342 8.169976 7.905036 8.670494 9.3074 8.515067 9.104294 10.14644 10.25034 10.61376 
  7.554622 6.105687 4.816372 4.523479 4.955782 4.821245 5.62449 6.341648 5.630278 6.083603 6.919659 7.134501 7.707727 8.344913 8.516342 8.451943 8.784761 8.815183 9.57342 9.517636 10.11498 10.22806 10.80303 
  5.883324 6.481014 5.19411 4.151745 5.611362 5.885167 5.027825 5.699862 6.16509 6.290959 6.226192 7.713795 8.10704 7.970222 8.315814 8.631136 8.678657 9.497168 9.359453 9.589971 9.694798 10.15011 10.9751 
  6.802538 6.556079 5.348366 5.256545 4.925616 5.395366 5.556237 6.012286 5.48053 6.06978 5.283079 7.193901 7.973936 8.064023 8.329072 8.558947 8.376666 8.96185 9.449923 9.569304 9.850536 10.30894 10.83744 
  7.721752 7.456864 6.273896 4.909447 4.714456 4.179278 5.829252 5.33285 6.237409 6.498314 6.309408 7.223601 7.907384 7.595021 7.984365 8.154712 8.580713 8.627773 9.52675 9.765641 10.11498 10.51403 10.52772 
  7.805317 8.207518 5.965385 4.996222 5.681998 4.607256 5.004772 5.308382 6.390188 6.909875 7.11314 7.045399 7.840832 8.101543 7.480562 7.809922 8.556228 9.124815 9.666759 9.811441 10.14644 10.66052 10.54493 
  6.134019 4.69951 4.32471 4.337612 4.352467 4.099032 5.28141 5.814669 5.951165 5.655069 6.198454 7.045399 7.447678 8.344913 7.944591 8.285494 9.423787 9.180887 9.133278 9.672639 10.08353 10.33823 10.13729 
  4.635756 1.990943 3.564868 4.496927 4.955782 3.510563 4.635921 4.892435 5.437745 5.903895 6.309408 7.000849 7.274312 7.876422 8.453918 8.463833 8.801085 9.370655 9.806768 9.744974 10.05208 10.2392 10.4282 
  3.05669 3.765522 2.670936 4.417269 4.714456 4.553759 5.166144 5.014772 5.48053 6.539785 6.115238 7.892134 7.840832 8.120303 8.156718 8.631136 8.760276 8.904813 9.434845 9.857243 10.39806 10.06102 10.20619 
  3.289667 2.971631 2.939116 3.859668 4.714456 4.928239 4.359283 4.182878 5.90838 7.174224 7.058352 6.763246 6.992591 7.444941 7.520336 8.130933 8.850057 9.592052 9.465001 9.631305 10.05208 10.42613 10.2215 
  4.558098 3.625423 2.536846 4.231402 4.654124 5.115479 5.419729 5.650927 6.237409 6.751265 6.170715 6.941448 7.642715 8.120303 8.116944 8.631136 8.994439 8.64407 9.042809 9.4143 9.813891 10.33823 10.44351 
  4.40278 4.185816 4.011834 4.576584 3.839649 4.660753 4.612868 4.867968 5.459137 6.000661 7.030613 7.401804 7.360994 8.28876 8.262782 8.463833 8.73579 8.839627 9.806768 9.70364 9.832214 10.1167 10.4282 
  4.454552 3.812221 2.179273 4.629689 4.623959 5.675252 4.935612 4.916903 5.501923 6.498314 6.309408 6.718695 7.035933 7.1823 7.984365 8.992933 9.328377 9.14926 9.389609 10.08625 9.987952 10.02761 10.9751 
  5.632629 3.85892 3.475475 4.496927 5.046279 5.395366 5.373622 5.186045 4.817363 5.779482 7.222716 7.892134 7.77428 8.064023 8.453918 8.751735 9.280671 9.718563 9.48008 9.765641 10.05208 10.39683 10.52007 
  5.632629 4.69951 5.039855 4.470374 5.328821 5.255423 5.487983 5.880541 6.441114 6.804135 7.44187 8.248813 9.970501 10.19794 9.265422 8.992933 9.185261 9.10037 9.284061 9.651972 9.813891 10.66052 10.90627 ]
