 [
  3.746773 3.327712 3.212897 4.044288 4.010733 4.158862 4.721388 5.003169 5.462343 6.659133 6.801029 6.820254 7.374032 7.53675 7.953515 8.890143 9.417954 8.832794 8.917292 9.937534 10.08777 10.56758 10.62601 
  3.671006 2.099311 3.347909 4.617755 4.234317 5.032817 4.853114 6.194804 6.631209 6.464574 6.244022 6.177983 7.096643 8.067862 8.340043 8.890143 9.326042 9.503564 9.753725 10.05559 10.16901 10.54397 10.35203 
  4.580215 2.672565 3.572928 4.940331 5.464028 4.073598 4.510627 5.283554 5.990218 6.325603 6.781822 6.995419 7.710862 7.920331 7.633249 8.287415 8.724328 9.282601 9.194408 9.48033 10.46149 10.44951 10.00702 
  4.883285 3.409605 3.70794 3.327453 4.532429 4.32939 5.116566 4.337255 4.708236 5.325013 6.416886 7.199778 7.889184 7.733458 8.063951 8.73539 8.783113 8.915294 9.256983 9.678198 10.16901 9.942778 10.37232 
  4.655982 3.327712 3.48292 4.402705 4.271581 4.670445 5.142911 4.933073 5.726281 5.964279 5.975122 7.520913 7.374032 7.880989 8.493156 8.470052 8.47743 9.025293 9.5687 10.04247 10.18526 10.61481 11.05818 
  3.822541 2.918245 3.527924 4.331021 4.718749 4.563866 4.457937 4.477447 4.406593 6.019867 6.263229 7.199778 7.53254 8.107203 8.063951 8.812766 8.689057 9.025293 9.256983 9.727665 10.31525 10.23265 10.75689 
  2.231425 2.918245 3.167893 5.191223 4.830541 5.28861 4.721388 5.108313 5.349227 5.43619 6.263229 6.761866 7.790116 7.585927 8.340043 8.73539 8.841898 9.17212 9.015623 9.858833 10.15276 10.1481 10.42306 
  3.746773 4.801793 4.292991 4.868647 5.203181 5.437821 5.327327 6.194804 5.613165 6.297809 6.877858 6.090401 7.611794 7.684281 8.493156 9.199651 8.547973 9.17212 9.355315 9.858833 10.08777 10.56758 10.42306 
  4.277145 4.556112 5.463092 5.262906 4.867805 5.730663 5.74885 5.143361 5.537754 6.742516 7.089136 6.878642 7.591981 7.890824 7.986646 8.73539 8.958396 9.245774 9.319558 10.01624 9.839466 10.17226 10.30129 
  6.247098 7.012914 4.833037 4.546072 3.787149 6.023505 6.34201 6.95177 5.990218 7.215792 7.286625 7.871243 7.889184 8.058026 8.875939 8.658012 9.096264 9.17212 9.033502 9.487397 9.905192 10.4259 10.32159 
  5.716726 6.685341 4.51801 4.295179 5.091389 6.023505 5.353672 5.844323 6.70662 6.825898 7.108343 8.182603 7.829743 7.910495 8.284824 8.436845 9.326042 9.245774 9.489404 9.699398 10.31525 10.37759 10.70667 
  4.352913 3.982859 3.392913 2.969036 3.339982 5.730663 6.084948 5.774227 5.009879 6.047661 6.416886 7.520913 8.114484 7.703952 7.99769 8.420242 8.958396 8.640295 9.265923 9.452064 10.3315 10.30512 10.35203 
  4.580215 4.801793 2.67285 4.151813 5.426764 4.606498 4.800424 5.35365 6.14104 6.547956 6.993101 8.10801 7.730675 7.585927 8.141257 8.73539 9.417954 9.135293 9.806589 9.740782 9.634981 10.09979 10.78199 
  5.337889 4.883686 4.112975 5.119539 6.097463 4.691761 5.011185 6.159757 6.819736 6.631339 7.286625 7.141389 8.20109 8.087533 8.416599 8.486655 9.096264 9.126126 9.885885 9.642864 10.01474 10.44951 10.46365 
  5.413656 7.012914 4.74303 4.546072 4.756013 4.11623 5.827885 6.580334 6.518094 6.436779 6.647372 7.579301 8.460908 8.25761 7.942472 8.337225 8.630272 9.282601 9.700861 9.529798 9.744527 10.68566 10.78199 
  6.853238 7.98313 5.721965 5.89605 5.91117 4.819658 5.195601 6.440141 6.329567 7.215792 7.286625 7.958825 8.008064 7.910495 7.887253 8.453448 9.050307 8.823627 9.149713 9.699398 10.15276 10.82734 10.83221 
  6.398633 7.840321 5.637533 6.167398 5.818023 5.28861 6.427698 7.026057 7.343804 6.270015 6.935479 8.406381 8.807332 8.332814 8.141257 8.237604 9.280087 9.42991 9.595132 9.753899 10.31525 11.18156 11.88674 
  6.474401 7.012914 6.735155 7.07189 7.215221 5.925891 7.113198 8.214652 8.017606 7.306317 7.451116 8.853936 8.720726 8.408017 8.273781 8.187795 10.24516 10.35059 9.310618 9.87195 10.3315 11.15794 11.40969 
  8.431936 8.768583 7.157317 6.981441 6.470049 5.224661 6.599073 7.843216 7.493538 7.306317 7.146758 8.704751 9.240362 8.483221 8.284824 8.486655 9.371998 10.0928 9.515836 9.793249 9.949011 11.44131 11.93696 
  11.56149 11.26775 8.170507 8.699976 7.680954 6.609189 7.541636 8.883237 7.418671 7.306317 6.993101 8.704751 8.980544 8.25761 8.218563 8.812766 9.050307 9.650871 9.373194 10.04247 10.05856 11.4177 11.88674 
  14.90442 14.62378 10.78791 9.694918 9.450739 7.487715 7.541636 9.32896 9.365208 8.392617 8.026835 9.749048 11.2323 10.2881 8.569713 8.812766 9.601777 9.393083 9.489404 9.753899 10.26651 11.39409 11.83653 
  16.26677 16.12328 13.99635 13.85558 11.49996 10.22091 10.11226 11.78044 10.18874 8.664192 9.425011 10.71875 12.44478 11.34095 9.182165 9.97342 9.46391 9.724525 9.489404 9.706465 9.620376 11.9136 12.11271 
  16.18469 15.40923 15.09397 14.94097 12.43143 11.48989 12.16876 13.11761 11.68608 10.47469 11.31666 13.03112 13.91709 12.09299 10.33051 10.20555 10.33707 10.12962 10.46739 11.26234 10.91646 12.71649 13.26768 
  16.47784 15.76625 15.685 15.93591 14.01492 14.02785 13.45408 13.71191 13.70748 14.54832 13.78403 13.70246 14.69654 13.67226 13.08655 13.68751 13.64589 12.818 12.10618 11.82633 11.98889 13.04709 13.6443 
  16.82963 16.19468 16.27603 16.87472 17.18191 16.66343 15.68195 15.4948 16.10322 16.99249 15.92241 15.11972 15.73581 15.70275 15.61292 16.00882 15.49577 13.84916 12.81985 12.90558 14.26961 15.50303 14.98853 
  16.92344 16.6227 16.71501 17.38084 18.08808 17.93241 17.1857 16.76696 17.86821 18.51455 17.48508 16.90994 18.16078 17.87684 16.91438 17.40161 16.79762 15.34906 13.8489 13.29531 14.57535 15.71929 14.88203 
  16.89999 16.6939 16.78191 17.35511 18.23801 18.67767 18.16021 17.78376 19.05458 19.32475 18.16376 17.6287 19.11345 18.9682 18.4451 18.53373 16.89776 15.34906 13.59788 11.10493 12.77912 13.6648 14.04777 
  16.8179 16.70458 16.76853 17.23501 18.19116 19.39188 18.74492 18.34865 19.75245 19.69302 18.19699 17.84223 19.57912 19.5426 19.14847 18.9755 16.831 16.21151 14.62985 11.64645 12.93199 12.97625 13.46854 
  16.66546 16.66186 16.69494 17.11491 18.07871 19.70241 19.03727 18.80056 20.17117 19.65619 17.76504 17.56769 19.57912 19.28412 19.05673 18.72306 16.26353 15.98652 14.54618 11.76637 12.51159 13.21239 13.87027 
  16.5482 16.67254 16.64812 17.14923 18.11619 19.85767 19.42708 19.36545 20.5201 19.58254 18.09731 18.05576 19.74729 19.399 19.91301 19.66972 16.79762 15.79904 13.96047 11.61648 11.81015 12.55119 13.82006 
  16.46612 16.65118 16.7217 17.20928 18.18179 19.82662 19.71943 19.42194 20.65968 19.3984 17.93118 17.90324 19.6438 19.1118 19.85185 19.89061 16.76424 15.31157 13.51421 11.40662 12.13513 13.70084 14.34952 
  16.43094 16.61914 16.69494 17.14923 18.16305 19.88872 19.86561 19.64789 20.72946 19.3984 17.89795 17.81172 19.78609 19.28412 20.03534 20.23771 16.66409 15.49905 13.93258 12.12612 12.47337 14.31358 14.88203 
  16.38403 16.63338 16.68156 17.19212 18.16305 19.88872 19.86561 19.64789 20.79925 19.50889 18.06408 17.81172 19.77316 19.31284 20.06592 20.39549 16.831 15.64904 13.82101 12.12612 12.62624 14.2415 14.79328 
  16.36058 16.60134 16.65481 17.11491 18.09745 19.82662 19.86561 19.53491 20.79925 19.43523 17.73182 17.50668 19.34628 18.91076 19.76011 20.14305 16.46381 14.89909 13.5421 11.79635 12.24407 13.35408 14.40277 
  16.34885 16.56218 16.5946 17.03771 18.00374 19.73346 19.76816 19.30896 20.65968 19.36158 17.56732 17.2829 19.11345 18.59484 19.14847 19.63816 16.19677 15.27407 13.62577 11.94625 12.08639 12.99986 14.34952 
  16.30195 16.54082 16.55446 16.98624 17.93814 19.6403 19.62198 19.02651 20.38053 19.28792 17.56732 17.05912 18.94023 18.2502 18.59801 18.94395 15.49577 15.12408 13.76523 11.82633 12.03764 13.48458 14.84653 
  16.36058 16.55506 16.58791 17.02055 17.985 19.70241 19.76816 19.19598 20.65968 19.84033 17.99763 17.56769 19.65674 18.93948 19.51545 19.85905 15.76282 15.46156 14.12781 12.12612 12.93199 13.48458 14.52703 
  16.33713 16.4803 16.54108 17.02055 17.87254 19.5782 19.67071 19.083 20.72946 19.98764 17.79827 17.50668 19.605 18.681 19.2708 19.57505 15.52915 14.41162 13.79312 12.48587 12.43515 14.09732 14.50928 
  16.29022 16.5337 16.51432 16.9605 17.79757 19.48504 19.57325 18.85705 20.65968 20.2086 18.06408 17.99475 19.54032 18.3938 19.14847 19.29106 15.12859 14.22413 13.12373 12.0062 12.3205 13.59271 14.65128 
  16.26677 16.5515 16.40729 16.8404 17.64764 19.39188 19.42708 18.63109 20.45032 20.13495 18.06408 18.05576 19.47564 18.19276 19.08731 19.19639 15.12859 14.41162 13.65366 12.39593 12.43515 14.16941 14.03002 
  16.20814 16.64406 16.4608 16.97766 17.75072 19.48504 19.32963 18.80056 20.5201 20.68736 18.82829 18.69636 19.92838 18.73844 19.6072 19.76439 15.6293 14.89909 14.35094 12.45589 13.04664 13.88106 13.76984 
  16.20814 16.69746 16.48087 17.02055 17.79757 19.39188 19.23217 18.51812 20.24096 20.76101 18.99442 18.72686 19.46271 18.30764 19.45429 19.51194 15.59592 15.23657 13.98836 11.82633 12.66446 13.77293 13.6443 
  16.18469 16.64406 16.44742 16.92619 17.73198 19.17451 18.98855 17.95323 19.40352 20.35592 19.0941 18.78787 19.02684 18.04916 18.96498 18.81773 14.51905 14.29913 13.82101 11.64645 12.66446 13.59271 13.76984 
  16.18469 16.61558 16.41398 16.8404 17.71324 19.0503 18.69619 17.78376 19.05458 20.2086 19.42637 19.21493 19.54032 18.04916 18.56742 18.40751 14.61096 14.41162 14.26727 12.42591 13.23773 13.98919 13.87027 
  16.18469 16.59422 16.36046 16.74995 17.68512 18.80188 18.25766 17.38834 18.35672 19.61937 19.39314 18.94039 19.35922 17.73324 18.32277 18.17538 14.47309 13.96165 13.87679 11.94625 13.27595 13.59271 13.99452 
  16.18469 16.61914 16.38053 16.74995 17.64764 18.52241 17.86786 16.93643 17.72864 19.25109 19.29346 18.9709 19.15225 17.58284 18.65917 18.43906 14.565 13.96165 12.95639 11.02623 12.35872 13.18878 13.41833 
  16.18469 16.55506 16.41398 16.90903 17.81632 18.4603 17.42933 16.65398 17.51928 19.21427 19.82509 19.42846 19.90251 17.87684 18.81208 18.84928 15.09521 13.14944 13.09584 11.38039 11.64767 13.84502 13.6443 
  16.18469 16.52302 16.4006 16.8833 17.76946 18.14978 16.79589 16.0891 16.40269 18.44089 19.49282 18.94039 19.35922 17.05641 18.13928 18.43906 14.79478 14.14914 12.74055 11.76637 13.27595 14.96237 14.18977 
  16.18469 16.4803 16.36046 16.87472 17.55449 17.73718 16.45314 15.64337 15.80375 17.71669 19.22701 18.78787 19.26867 17.35722 17.90961 18.17538 14.86154 13.40723 12.58196 11.49656 12.9702 14.45776 14.08327 
  16.11356 16.4803 16.36046 16.91761 17.3682 17.34673 16.11039 15.34622 15.42942 17.17354 19.0941 19.0014 19.74729 18.07788 18.65917 19.10172 15.52915 13.51771 12.87271 11.35415 11.94015 13.44853 14.17202 
  16.04243 16.4089 16.27603 16.74995 16.99561 16.76104 15.59627 14.67764 14.30642 16.17777 18.39635 18.45232 19.39803 17.93428 18.06273 18.50217 15.12859 13.22309 12.34407 11.06558 13.16129 14.60193 14.27852 
  16.04243 16.33749 16.19159 16.56906 16.34359 15.88252 14.91076 13.93477 12.65935 14.72937 17.32059 17.68971 18.16078 16.98121 16.37848 16.85997 14.42714 12.818 11.39252 10.39662 13.08486 14.06128 14.65128 
  15.90018 16.26609 16.10716 16.65951 15.87785 15.19922 14.73939 14.23192 12.13528 14.18622 16.74487 16.76075 17.81435 16.60519 16.30193 16.78259 14.10544 11.75001 11.31322 10.48844 12.16763 13.48458 14.63353 
  15.75793 15.83766 15.76943 16.11681 15.03953 14.02785 14.05389 13.93477 11.76095 13.28097 15.84017 15.56727 16.42866 15.17632 14.84735 15.54456 13.00251 10.49789 10.81101 10.38351 11.63142 12.9054 14.06552 
  15.54455 15.48063 15.1784 14.85052 13.54919 11.97796 12.85426 13.48904 12.21015 11.74204 13.12606 14.07542 14.35011 11.79217 11.17264 11.90784 10.06133 9.650871 9.806589 9.858833 10.41275 12.03167 12.31358 
  15.54455 15.12361 15.09397 14.39828 13.1766 11.48989 12.34014 13.56333 12.21015 10.83679 10.57645 13.55327 13.74387 10.43851 9.105609 9.277028 9.785601 9.687698 10.38809 10.04247 10.3965 11.67746 10.8071 
  15.47342 15.19501 15.1784 14.57917 13.64234 11.78273 12.68289 14.08334 12.43475 11.65152 11.15217 13.03112 13.65727 11.04014 9.947731 10.36031 9.785601 9.79818 9.29274 9.8326 10.3315 11.7483 10.93264 
  15.4023 14.9808 15.00954 14.39828 13.45604 11.5875 11.99739 13.48904 11.98555 11.10837 10.82318 12.65816 13.39745 11.19054 10.02429 10.90194 10.38303 9.650871 9.991613 9.976885 10.3965 11.27601 10.75689 
  15.33117 14.76659 14.75624 14.12693 13.08346 11.29466 11.74033 12.89475 12.06041 10.83679 10.4942 12.95653 13.39745 10.96493 9.641504 10.74719 10.56685 9.908661 10.38809 9.898184 10.3965 11.65384 10.90753 
  15.33117 14.69518 14.58738 13.94603 12.52458 11.19705 11.65464 12.37474 11.91068 11.19889 11.3989 13.77705 14.1769 11.34095 10.02429 11.44358 10.84258 9.614044 10.04448 10.19987 10.15276 11.22879 10.85732 
  14.90442 14.19535 13.40532 12.86064 10.75479 10.41613 11.2262 12.22616 11.53635 10.20312 10.00073 13.32949 13.65727 11.34095 9.029052 10.90194 10.01538 9.11696 9.780157 9.727665 10.3315 11.96083 10.8071 
  14.97554 13.69551 11.63224 11.41345 10.38221 9.83045 9.8552 11.55758 11.01228 9.297867 10.32971 11.98683 12.44478 10.81453 8.416599 8.470052 8.55973 9.577218 10.07091 9.572198 10.28275 12.12613 11.38459 
  14.83329 13.62411 10.45018 10.50896 9.357593 8.561469 8.569887 10.88899 10.18874 9.116817 9.671747 10.94253 11.57872 10.2129 8.416599 8.237604 8.79487 9.17212 9.542268 10.01624 10.44524 11.67746 11.08329 
  14.40653 13.4813 11.71667 7.614585 7.308368 6.609189 6.941823 9.774683 9.290341 9.659967 10.16522 10.12201 11.2323 9.686476 7.854122 8.658012 9.004352 9.135293 9.489404 9.767015 10.26651 11.2524 11.00797 
  13.55302 13.19568 11.63224 8.609527 8.053541 7.878171 7.798699 8.734663 8.766273 9.116817 9.671747 10.1966 10.27963 10.2129 8.952496 8.503259 9.234131 8.768628 9.453647 9.885067 10.13651 11.2524 11.38459 
  12.34387 12.19601 10.87235 9.42357 7.960394 7.487715 7.798699 9.031812 9.440075 8.845243 10.08298 10.86794 10.88588 10.43851 8.875939 9.122274 8.853655 9.245774 9.885885 9.664064 10.10402 10.7565 11.08329 
  10.99248 10.05387 9.268129 8.338179 8.053541 7.780557 7.884386 8.660376 8.841141 8.754717 9.260519 10.94253 11.14569 10.36331 8.416599 8.580636 8.383374 8.548629 9.408951 9.586331 10.12027 10.70927 10.98286 
  9.214324 8.911393 7.410615 6.438745 7.587808 7.585329 7.884386 9.626109 9.664676 9.207342 9.260519 9.972826 10.19303 9.611272 8.416599 8.658012 8.888927 9.577218 9.912317 9.911301 9.751829 10.54397 10.78199 
  7.08054 8.911393 8.086075 6.076949 5.724876 6.316347 7.541636 9.32896 9.440075 8.935767 9.753992 10.34579 10.45285 9.536069 8.569713 9.044897 8.91244 9.126126 9.489404 9.713531 10.00743 10.13603 10.48395 
  7.720675 7.012914 5.283077 7.343238 6.563196 7.487715 7.455949 8.586088 8.61654 10.02207 9.589501 9.823641 9.673391 8.859238 8.722826 8.890143 9.050307 9.540391 9.753725 9.600465 9.817556 10.38966 10.90753 
  5.868261 7.340487 6.650723 7.252789 6.842635 6.511575 7.541636 8.883237 8.391939 8.754717 9.013783 9.599863 9.240362 8.633628 8.64627 9.277028 9.371998 9.356256 9.595132 9.388464 10.13651 10.30512 10.95775 
  7.507297 7.840321 6.22856 6.710093 7.308368 6.999645 6.513386 9.106098 9.290341 8.392617 8.520308 9.226899 9.413574 8.558424 8.875939 8.503259 9.188175 9.282601 9.346375 9.937534 9.82486 10.5912 11.00797 
  8.431936 8.26875 5.508096 5.443804 4.644221 5.535435 6.427698 7.694642 8.61654 7.125267 7.451116 8.630158 8.980544 8.558424 8.875939 8.121381 8.465673 9.06196 9.542268 9.87195 9.810253 10.32927 10.83221 
  8.147432 8.12594 6.988452 6.438745 5.724876 7.097259 6.599073 7.248919 7.568405 7.939992 8.10908 8.630158 9.06715 9.686476 8.64627 8.658012 9.280087 9.356256 9.753725 10.08182 10.06586 9.930699 10.64631 
  9.000946 8.482965 7.91721 6.800543 6.004316 5.925891 6.599073 7.100344 7.268938 7.939992 8.602554 8.928529 8.20109 9.385662 8.875939 8.890143 8.783113 9.03446 9.373194 10.0687 10.46149 10.52036 10.88243 
  8.716441 8.554369 7.57948 6.076949 6.842635 6.706803 6.770448 8.066078 8.167339 7.215792 7.451116 8.10801 8.460908 8.859238 9.411835 8.658012 8.91244 8.961127 9.912317 10.18675 10.28275 10.17226 10.95775 
  8.076305 8.12594 5.975263 4.832806 6.376903 6.511575 6.599073 6.728908 7.568405 7.396842 7.533361 7.958825 8.027878 9.009645 8.569713 8.436845 8.747842 9.126126 9.328497 9.536864 10.07316 10.18434 10.44336 
  8.289684 9.197012 7.24175 4.940331 6.004316 6.023505 6.427698 6.054612 7.418671 7.306317 8.273572 8.406381 7.889184 8.018684 8.722826 8.967521 8.818384 8.878628 9.806589 9.607532 10.23401 10.85096 10.54483 
  9.000946 9.482632 6.650723 5.9865 6.376903 6.121119 5.327327 5.634035 6.329567 6.10325 6.704993 7.579301 8.460908 8.859238 8.416599 8.470052 8.818384 9.03446 9.364254 10.30481 10.47774 10.78011 10.52454 
  8.289684 9.054203 5.89083 6.257847 6.563196 5.633049 4.141795 4.79288 6.216451 6.853692 7.36887 8.182603 8.114484 7.969508 8.251694 8.403639 9.188175 9.282601 9.542268 9.858833 9.766436 10.4259 10.4738 
  8.005179 7.483297 6.22856 6.167398 6.190609 5.416505 5.511743 6.728908 7.418671 6.659133 7.204379 7.666884 7.889184 7.674446 8.11917 8.187795 8.595001 9.043627 9.647996 10.10805 9.868677 9.652905 10.17952 
  9.143198 8.411559 7.91721 5.353355 6.563196 5.395189 5.432708 6.95177 7.119204 6.464574 7.204379 7.63769 7.968437 8.182407 8.284824 8.580636 9.050307 8.869461 9.006684 9.780132 10.3315 9.882387 10.60572 
  8.858693 7.697512 7.072885 6.076949 5.165916 5.373874 6.084948 8.140365 9.065741 7.487367 7.36887 8.331788 8.720726 8.25761 8.24065 8.054968 8.747842 9.00696 9.621564 9.473264 9.788344 10.25681 10.52454 
  6.474401 5.21126 5.463092 4.438546 4.383373 4.96887 4.457937 5.704131 6.631209 6.158838 6.685786 7.199778 7.175898 7.595762 8.130214 8.171191 8.430403 9.071127 9.727293 9.593398 9.693405 10.16018 10.65646 
  7.293918 6.521554 4.608018 4.402705 4.346109 4.798342 4.98484 5.91442 5.688575 5.602954 6.436093 7.725272 7.552354 7.989179 8.493156 8.658012 8.958396 8.805294 9.239104 9.275396 10.3965 9.966933 10.45351 
  7.934053 7.411892 5.5531 5.047856 5.277709 4.862289 4.510627 5.318602 6.027924 6.798104 7.533361 7.053807 7.730675 8.332814 8.416599 7.440642 8.159991 9.245774 9.515836 9.565131 9.832163 10.25681 10.78199 
  7.934053 5.538834 4.337995 4.832806 5.091389 4.670445 5.775195 6.405093 6.480388 7.215792 6.090365 6.995419 6.759814 7.477737 8.340043 8.453448 9.050307 9.503564 9.727293 10.18675 10.16901 10.70927 10.63616 
  5.489424 4.310432 4.022967 3.47082 3.973469 4.457286 4.774078 5.073265 5.198406 5.074865 6.916272 7.228972 7.591981 8.067862 8.20752 8.503259 8.865412 9.42991 9.355315 9.508597 9.832163 10.11187 10.75689 
  3.595238 3.819072 4.608018 3.614187 3.973469 4.158862 6.427698 8.80895 9.514942 8.573668 7.94459 7.63769 7.4731 7.90066 7.99769 8.503259 9.371998 9.761353 10.09734 9.819483 10.08777 9.725372 10.51439 ]
