 [
  4.261413 5.574639 5.165237 4.799664 5.044292 5.597385 5.370831 5.496478 5.328557 6.540588 7.290126 7.104963 7.207736 7.657339 7.67806 7.989192 8.802931 9.069486 9.859463 9.523368 9.983274 10.28669 10.39351 
  4.893809 5.833779 5.433129 6.170435 5.943503 5.393616 5.696458 5.853884 5.242571 6.788944 7.974206 7.124596 7.654223 8.020993 8.448984 8.462641 8.938654 9.267406 9.228923 9.473631 9.835843 9.743948 10.7235 
  5.368106 4.458819 4.416467 5.165651 5.206934 5.133517 5.64994 5.228424 5.271233 5.596838 7.218405 7.654681 7.715808 7.818963 8.526035 8.596178 9.250121 8.853572 9.404836 9.805212 10.15355 10.47325 10.24228 
  6.079646 4.513 3.952943 5.084321 5.15272 5.003467 5.138239 6.710808 6.475045 6.714437 6.572912 7.222759 7.685016 7.913243 8.448984 8.786193 9.440945 9.401716 9.536771 9.772054 10.11432 9.891132 10.50495 
  4.538086 4.133733 3.275484 3.864364 5.071399 5.683013 5.556903 5.734748 5.242571 5.894865 6.023048 6.417815 7.084567 8.15568 8.031799 8.414083 8.908494 8.817587 9.624538 9.606263 9.999654 10.55759 10.48107 
  3.233768 2.020673 3.31114 4.433678 4.041333 4.77588 4.719574 5.109289 5.844477 6.490917 6.811984 7.399455 7.330904 7.293684 8.181458 8.584038 8.606886 9.015508 9.765493 10.05924 10.23202 10.04752 10.74829 
  3.74759 2.074854 4.523435 4.515008 4.61058 3.572922 2.858841 5.109289 5.529193 6.962792 6.811984 7.262025 7.146151 8.007524 8.26309 8.632597 8.606886 8.691637 8.855108 9.490211 9.852224 10.28669 10.41739 
  4.814759 4.133733 3.632041 3.864364 4.990078 4.970955 5.045202 5.883667 6.188423 6.639931 6.979334 6.535612 7.176943 7.886306 8.208669 8.389803 8.863253 9.300984 9.906447 9.936505 10.37587 10.50137 10.40147 
  5.289057 4.404638 2.883271 2.888399 4.962971 5.683013 4.952166 5.526262 6.217085 6.093549 6.357748 6.673041 6.86902 8.209041 8.75719 8.620458 9.107003 9.368139 9.605744 9.738895 9.704795 9.992322 10.57658 
  3.154719 2.995932 3.418107 3.620373 4.719008 4.613318 3.928762 5.407127 6.303072 6.341904 7.242312 7.635048 7.908335 7.670807 8.072616 8.992047 9.440945 9.502449 9.662127 10.47799 9.999654 10.75438 10.82267 
  3.708066 3.483561 3.097206 4.433678 4.312403 3.898046 4.719574 5.347559 5.701166 5.795522 6.979334 7.674314 7.346301 7.738151 7.514796 8.049891 9.202415 9.401716 9.020026 8.810471 9.065933 10.05672 10.11493 
  4.65666 3.700285 3.596386 4.637004 3.960012 3.345335 4.393946 4.573181 5.758491 6.36674 6.142584 6.810471 7.531054 8.315763 8.526035 8.669016 9.202415 8.781601 9.514782 9.075735 10.25817 10.12111 10.28208 
  5.605255 3.42938 4.701713 5.588039 4.719008 5.511757 6.383158 5.883667 5.959126 7.25874 6.118677 6.673041 7.46947 7.603464 7.650849 8.244126 9.48865 9.334561 9.140966 9.871528 10.1274 10.29589 10.79788 
  5.170482 5.054811 3.489419 5.124987 6.440789 5.939898 5.914177 5.675181 4.869963 6.813779 6.501191 7.458353 7.854373 7.589995 7.501191 8.450501 8.576725 9.051493 9.99102 9.943725 10.11432 10.04752 10.40147 
  5.051908 6.092919 4.024254 5.490973 5.777741 6.111156 5.091721 6.270856 6.073774 7.331169 7.591482 7.360189 7.731205 7.926712 7.950167 8.786193 8.802931 8.736619 9.371852 9.788632 9.442698 9.946327 10.52883 
  3.945214 5.00063 3.418107 5.450308 5.860622 6.025527 6.304995 5.675181 6.102437 6.913121 7.314034 6.810471 7.423282 8.369123 8.195064 9.197903 9.96571 9.502449 9.042016 10.117 10.11432 10.61382 10.84746 
  4.221888 5.488259 4.345156 5.450308 5.69486 6.111156 6.226831 6.092154 5.586517 7.983024 7.361848 6.712307 7.685016 8.422485 8.26309 9.403757 10.53818 9.703914 9.840669 10.18198 10.51972 10.7825 11.02099 
  4.617135 5.833779 5.522426 5.588039 5.777741 5.166029 5.914177 5.943235 6.938261 8.417594 7.821116 7.8026 7.392489 7.818963 8.004588 10.57027 11.15836 9.703914 9.305885 10.05924 10.71589 12.89098 12.31011 
  6.000578 7.64776 7.576261 7.626424 6.026384 5.426128 6.773976 6.211289 5.987788 8.12788 7.897661 7.8026 7.500262 7.805494 8.23588 9.609612 10.39506 9.737491 9.897051 10.13144 10.79435 13.48136 13.22737 
  6.791262 7.56138 7.576261 7.626424 6.938074 4.970955 6.383158 6.121938 6.860288 9.141877 8.20384 8.379892 8.447954 7.832431 8.526035 9.129284 10.10883 10.03969 10.3763 10.64404 11.51362 12.80664 12.50844 
  10.82375 10.15278 9.183609 8.694149 7.43536 8.251864 7.555612 7.790979 7.951906 8.924592 8.51002 8.70061 8.60984 8.902735 8.680139 8.717575 9.72718 10.64408 12.59093 12.93377 12.27888 14.03284 13.79756 
  14.30276 14.03988 10.70166 11.02373 9.673145 9.450663 8.962557 8.871151 8.419743 9.141877 9.352013 10.3042 10.49851 9.916595 9.527704 11.18783 12.11247 13.66519 15.85763 16.06967 15.83598 16.87962 16.49728 
  15.09344 14.29902 12.30901 12.86798 11.82805 9.621919 10.05685 11.34011 11.85054 13.05301 11.18909 10.49663 11.09209 10.93045 10.37527 12.35434 13.01889 14.96351 16.7723 17.63762 17.79852 18.50635 17.84715 
  14.77717 13.69436 12.7555 12.57679 11.99381 10.56383 10.52583 10.49141 11.30473 12.18387 11.95454 11.71536 12.38717 11.35734 11.22283 12.76605 14.30695 16.16195 17.55631 18.20778 18.28916 19.11637 18.42566 
  14.61903 13.60798 12.6662 12.28559 11.49652 10.22132 11.54195 11.57158 11.77257 12.11144 11.87799 12.03607 13.14264 12.85145 11.60809 13.04052 14.97483 16.46157 17.81765 19.20557 19.39309 20.03141 19.29343 
  14.77717 13.86712 12.84479 12.38265 11.91093 10.13569 10.68216 10.87718 11.07082 12.47358 13.10271 12.42093 14.7615 14.02539 12.91797 13.65808 16.36668 17.3604 18.73232 19.77573 19.51574 20.33642 19.87194 
  15.17251 14.3854 14.00566 13.54744 12.24245 11.33449 10.83848 11.03149 11.77257 13.34272 13.86816 14.34524 15.84774 14.34556 14.7672 15.16768 16.76703 18.55885 18.86299 19.34811 19.02511 20.13308 19.29343 
  15.80506 15.42196 15.52371 15.29463 13.73431 11.677 12.01094 12.11166 12.16243 13.92215 15.01633 15.43568 17.11503 15.37724 15.53771 16.88314 17.81793 19.85716 18.99366 18.92048 18.77979 19.92974 18.81133 
  16.52128 16.82786 17.43357 17.33302 14.06583 13.30394 12.9489 12.57459 12.86419 15.15343 16.47068 16.20604 18.47284 16.42082 16.15413 17.36346 18.31836 18.95833 18.34032 18.35032 17.92118 18.20134 17.55789 
  17.05844 17.80247 18.59787 18.66723 14.56312 14.67399 13.49604 13.88623 14.42364 16.95675 18.34999 17.49144 19.01597 17.59485 18.15746 17.9259 18.06814 17.75988 15.72696 15.64204 14.85471 15.45623 15.051 
  17.33981 18.27405 19.06359 19.30627 15.06041 15.27339 14.27768 14.34916 15.28134 17.95599 19.34199 19.41955 20.28326 18.63843 20.60254 20.23413 17.76789 16.26182 14.68161 14.35918 13.75078 13.36891 13.07863 
  17.41655 18.49413 19.34303 19.64459 15.39193 15.35902 14.6685 14.81209 15.82715 18.58051 20.33399 20.46394 20.4643 19.095 21.73017 21.3275 18.16823 15.6626 14.55095 14.64426 14.97737 13.93117 14.27965 
  17.41655 18.52557 19.43617 19.83255 15.55769 15.53028 14.90299 14.88925 16.06107 19.14257 20.86306 20.94597 19.74013 18.76888 21.78655 21.26676 17.96806 14.56402 14.94295 14.50172 14.24142 13.28457 13.72319 
  17.39097 18.49413 19.48274 19.94532 15.64057 15.70153 15.05931 15.35218 16.68485 19.892 21.32599 20.54428 18.20128 18.24709 21.6174 21.14528 17.51767 14.16454 15.20429 14.21664 13.87344 12.52551 13.02904 
  17.36539 18.49413 19.48274 20.17087 15.88921 16.04405 15.37197 15.81511 17.64325 20.32916 21.32599 20.06225 16.93399 17.59485 21.05359 20.72007 17.46763 14.06467 14.28961 13.50393 13.62813 12.24438 13.47528 
  17.31423 18.39981 19.52932 20.28364 16.30362 16.38656 15.68462 16.35519 18.60164 20.39161 20.79692 19.25887 16.11931 16.87739 20.37701 20.17339 17.11733 13.66519 13.63627 12.93377 12.15622 12.55363 14.66533 
  17.26308 18.24261 19.43617 20.24605 16.92093 16.65085 15.84095 16.81964 19.49614 20.0169 19.93719 18.21448 15.03306 15.96425 19.58767 19.50522 16.21655 13.53174 12.19892 11.50836 11.57901 12.0757 14.08681 
  17.21192 18.08542 19.24988 20.0205 17.60682 16.75657 16.15499 17.68217 19.49614 19.26748 19.14359 17.17009 14.54565 15.24679 19.02385 19.01927 15.9163 13.22955 11.93758 11.22328 10.99052 12.30061 13.52486 
  17.16076 17.89678 19.11017 19.83255 18.01836 16.86228 16.55876 18.74376 19.68782 18.83031 18.54839 15.88469 14.3298 14.98589 18.79833 18.7763 15.26574 12.62515 11.93758 11.22328 10.99052 13.39702 13.77277 
  17.1096 17.73959 18.92388 19.56941 18.3613 16.80942 16.91766 19.2082 19.36836 18.58051 17.95318 14.66596 13.57434 14.50564 18.46004 18.3511 15.16565 12.49084 11.15358 10.68014 11.0559 14.33785 13.9904 
  17.08402 17.70815 18.87731 19.607 18.84143 16.968 17.36629 19.67264 19.56004 18.58051 17.68865 14.15281 13.35849 14.2922 18.15746 18.04739 14.83171 12.39011 9.934639 9.656 11.00359 13.59381 13.79756 
  17.1096 17.64527 18.83073 19.68218 19.45873 17.17943 17.7252 19.93804 19.81561 18.76786 17.55638 14.40938 13.57434 14.45228 18.29089 18.10813 15.07024 12.89377 10.01921 10.13144 11.9109 14.03284 13.59923 
  17.1096 17.58239 18.64445 19.83255 20.00745 17.49658 18.0841 20.20343 20.07118 19.20502 17.95318 14.60181 13.6283 14.82581 18.62918 18.53333 15.36582 12.9945 9.934639 10.52852 12.64686 14.23618 13.89398 
  17.00728 17.55095 18.45816 20.0205 20.41899 18.28945 18.12897 20.07074 20.07118 19.45483 18.34999 14.79425 13.57434 14.77245 18.46004 18.3511 15.41587 13.66519 9.878257 9.900407 12.5242 14.03284 13.79756 
  16.90497 17.55095 18.17872 20.20846 20.62476 19.24089 18.17383 20.07074 20.32675 19.64219 18.94519 15.43568 14.22188 15.44246 19.193 18.95853 15.96634 14.26441 10.28233 10.74512 12.40154 13.93117 13.9904 
  16.77707 17.51952 17.89929 19.94532 20.55617 19.50518 18.0841 20.26978 20.58232 19.51728 19.40812 16.04536 14.70754 15.76858 19.24938 19.01927 16.2666 14.56402 10.60182 10.9382 12.40154 15.65957 15.43668 
  16.64918 17.39376 17.57329 19.607 20.62476 19.50518 18.48787 20.53518 20.71011 19.82955 20.00332 16.7684 15.03306 15.96425 19.47491 19.08002 16.11647 14.26441 9.887654 10.46355 12.03356 15.45623 15.24384 
  16.52128 17.23656 17.29385 19.1935 20.55617 19.45232 18.66732 20.33613 20.51843 19.20502 20.06946 17.33077 14.94254 15.76858 19.24938 18.83704 15.26574 13.86493 10.3763 10.79565 11.34361 14.13451 13.57444 
  16.3678 17.11081 17.10756 18.81759 20.41899 19.6109 18.39814 19.87169 20.39064 18.64296 19.60652 17.65212 14.85202 15.50768 18.96747 18.41184 15.16565 13.9648 10.89224 11.22328 11.78825 14.84621 14.76175 
  16.21433 16.95361 16.96785 18.59205 20.21322 19.71661 18.03924 19.80534 20.19897 17.70618 19.07745 17.97347 14.7615 14.98589 18.15746 17.62219 14.30695 12.92735 10.76157 10.79565 12.03356 15.04955 14.56891 
  16.03527 16.82786 16.8747 18.40409 20.00745 19.71661 17.90465 19.73899 20.00729 17.45637 18.34999 18.05381 14.85202 15.57291 18.79833 18.22961 14.92712 13.46459 10.76157 10.9382 11.56593 15.65957 15.5331 
  15.85622 16.7021 16.73499 18.25373 19.87027 19.71661 17.77006 19.53994 19.75171 17.20656 18.15158 18.29482 15.30462 15.76858 18.74195 18.04739 14.784 13.2967 10.31991 10.58628 11.70978 13.67815 13.69839 
  15.72599 16.5449 16.59527 18.06577 19.6645 19.50518 17.81492 19.3409 19.24057 16.95675 17.75478 18.4555 15.75723 15.70336 18.29089 17.5007 14.68859 13.66519 10.29172 10.53574 11.78825 15.04955 14.56891 
  15.64692 16.45852 16.41668 17.91541 19.52732 19.29375 17.85979 19.3409 19.04889 16.45714 17.15958 18.37516 15.84774 15.63813 18.34727 17.43208 14.35465 13.56532 9.981624 10.42023 10.78128 14.74454 14.37607 
  15.40972 16.19938 16.23808 17.81834 19.32156 18.9766 17.7252 19.00915 18.34607 15.95014 17.15958 18.29482 16.11931 15.76858 18.23451 17.15761 15.46591 13.53174 10.14137 10.32637 11.14745 13.65004 13.57444 
  15.33065 16.02662 16.05949 17.81834 19.25297 18.76517 17.41116 18.87646 18.0266 15.87771 16.77686 18.05381 16.30035 16.0947 18.23451 17.29485 16.06643 14.56402 10.89224 10.46355 11.72286 14.03284 13.47528 
  15.17251 15.6811 15.88089 17.62421 19.0472 18.39516 17.63547 19.0755 18.15439 16.02257 16.70031 18.29482 16.57191 16.22515 18.51642 17.62219 15.86625 14.16454 10.76157 10.65848 10.91205 13.84683 13.35132 
  15.09344 15.42196 15.7023 17.52715 18.77284 18.13087 17.32143 19.00915 17.57935 15.37071 15.78178 17.65212 15.84774 14.82581 17.464 16.33419 14.40236 12.82662 9.765493 10.24695 10.79435 12.58174 12.63239 
  15.01438 15.2492 14.98792 16.55649 17.94977 17.70801 16.91766 18.61106 16.52891 14.35672 14.48051 16.20604 15.2141 14.87917 17.00169 16.05972 13.82989 12.75946 10.61122 10.9382 10.63742 13.87494 13.25216 
  14.93531 14.99006 14.36284 15.48876 16.71516 16.38656 16.69335 17.54947 14.57959 12.83572 12.64344 14.02452 12.98075 12.31784 14.99835 13.65808 12.78036 12.35653 9.784287 9.878747 10.38895 12.38495 12.16137 
  14.85624 14.64454 14.18425 15.29463 15.72345 15.78716 16.15499 16.04657 13.79986 12.54601 12.56689 12.86994 12.0634 11.78423 13.07207 11.94263 12.16018 12.02076 10.0474 10.16032 10.1274 12.55363 12.01262 
  14.85624 14.21264 13.20198 14.12984 14.97752 14.67399 14.82483 13.65477 12.39635 11.82173 11.95454 12.8058 12.00944 10.98382 12.0704 11.05059 12.92347 12.39011 9.58695 10.34803 10.5328 11.40099 10.92183 
  14.14462 13.34884 11.86252 12.96505 13.07126 12.44765 12.47992 13.11468 12.08446 11.96658 12.18417 12.8058 12.22529 10.39684 9.681807 10.15856 10.729 10.34188 9.514782 10.27583 10.58511 10.50137 11.02099 
  14.14462 13.69436 10.61236 10.63547 9.010098 9.108149 10.13501 11.10865 10.75892 8.924592 9.352013 9.598619 10.01285 8.902735 8.222274 8.786193 9.822592 9.468871 9.925241 10.18198 10.50665 10.3608 10.64913 
  13.59114 13.0897 11.32674 8.597083 7.103836 8.50875 9.353374 10.56856 10.29109 8.997021 8.280386 9.470332 9.74304 8.68929 8.75719 8.992047 9.440945 9.905378 9.934639 9.914846 10.17971 10.30509 10.64913 
  12.48419 13.00332 10.88025 7.917622 5.943503 7.566838 8.649902 9.565546 9.901224 9.141877 9.045834 9.213758 9.689078 9.2229 8.526035 8.717575 9.345533 9.401716 9.470803 9.929286 10.44126 10.33269 10.32983 
  10.74468 12.05314 9.987284 6.752831 6.606551 7.224324 8.571738 10.10563 10.60298 9.141877 9.275468 10.62492 9.797002 10.07668 9.990012 9.197903 9.059298 9.240417 9.662127 10.34803 10.25817 10.30509 10.7235 
  8.530767 10.32554 8.201341 6.946962 5.860622 7.99498 9.04072 9.951322 10.52501 8.200309 9.198923 10.24006 10.39058 10.82373 9.373601 9.472375 9.584063 9.703914 10.0568 10.23973 10.4151 10.52948 11.2689 
  6.791262 8.3388 7.486963 5.685105 5.559325 6.111156 7.321121 9.179771 10.75892 9.431591 9.887826 10.81735 10.06681 10.29012 9.681807 9.609612 9.584063 9.569604 10.0474 10.0809 9.753939 10.04752 10.77309 
  7.740083 7.64776 6.593992 5.976303 5.943503 7.566838 8.728065 9.565546 10.13514 9.576447 9.352013 8.893041 9.74304 9.649789 9.450653 9.266521 9.631768 8.943536 9.316879 9.67258 9.901368 10.33269 11.12016 
  9.321451 7.12948 6.415398 6.558699 6.026384 6.196784 7.242958 8.022445 9.043524 8.779736 8.739655 9.534476 9.635117 10.07668 8.911293 8.854812 9.536356 9.569604 9.690317 10.117 10.23202 10.69816 11.19453 
  10.34934 6.52482 6.058209 5.782171 5.342469 6.111156 7.321121 8.022445 8.185824 8.12788 8.816199 9.342045 8.933612 9.062818 8.911293 9.060666 9.154709 9.368139 9.272902 10.10256 9.966892 10.29589 10.82267 
  9.637725 6.95672 6.861883 6.267501 5.69486 5.939898 7.790103 8.0996 8.887579 8.56245 8.816199 9.149614 8.87965 9.276261 8.680139 9.266521 9.014056 9.132461 9.633936 10.0809 10.2451 10.61382 10.36167 
  8.530767 7.56138 6.147506 6.170435 6.689432 6.111156 6.383158 7.173738 8.731633 8.417594 8.127295 8.315749 8.232107 9.329622 8.75719 8.669016 8.742609 9.195436 9.371852 9.108892 10.19279 10.5857 10.1388 
  6.474988 6.6112 5.254535 5.879237 5.559325 4.808393 6.539485 7.482359 7.79596 7.765739 8.127295 8.50818 8.771726 8.047931 8.371933 8.717575 8.833092 9.401716 9.437819 9.854949 9.999654 9.91873 10.57658 
  7.344741 6.95672 6.593992 5.409643 5.777741 6.539297 6.304995 8.0996 8.419743 7.331169 7.974206 8.315749 8.124183 8.742651 8.371933 8.559759 9.297827 9.141457 9.915845 9.878747 10.4151 10.41703 10.67392 
  6.949399 6.78396 5.611723 5.685105 5.15272 4.77588 5.789495 7.405204 7.406097 7.476026 8.20384 8.123319 7.854373 8.142211 8.276695 8.992047 8.712448 9.141457 9.58695 10.06646 10.01604 10.55759 10.18656 
  7.423809 5.325716 4.202533 5.206317 5.640646 5.003467 6.930304 9.102615 8.653661 7.838167 6.835891 7.203127 7.377093 8.047931 8.344723 7.940633 9.250121 9.401716 9.349863 9.979824 10.20586 10.47325 10.49699 
  5.684304 6.1793 5.165237 4.149021 5.478004 6.539297 6.461322 6.556498 7.406097 7.548454 7.744572 7.674314 7.638827 8.074867 8.371933 8.923429 9.059298 9.435294 9.55876 9.821791 9.901368 10.41703 10.27412 
  7.028467 5.325716 4.808681 5.368978 6.440789 6.282412 5.992341 6.479343 7.717988 7.838167 7.514937 7.301291 8.070221 8.15568 8.526035 8.329104 8.561645 9.603181 9.338869 9.821791 9.999654 10.2131 11.31848 
  6.474988 6.6112 6.593992 5.782171 6.026384 5.296079 5.463867 6.865119 8.107851 7.910595 7.514937 7.738457 8.232107 8.422485 8.680139 8.854812 8.802931 8.997515 9.690317 9.423894 10.2451 10.50137 11.04578 
  7.502878 7.21586 6.236803 5.450308 6.026384 4.938442 5.417349 6.787963 6.561031 6.739273 6.716355 7.8026 8.232107 8.369123 8.680139 8.705436 8.908494 9.177443 9.709111 10.03758 10.09794 10.50137 11.2689 
  5.56573 5.379897 5.022614 5.490973 5.342469 4.288195 5.463867 6.710808 6.782315 6.764108 7.242312 8.251605 8.070221 7.832431 8.195064 8.414083 8.938654 9.435294 9.944036 9.473631 9.950511 9.854337 10.54474 
  5.051908 5.163173 4.3095 4.880995 5.860622 5.426128 4.673056 5.347559 6.704342 6.068713 6.572912 7.203127 8.663802 8.529207 7.841324 8.304825 8.094152 8.80859 9.624538 9.958164 10.17971 10.61382 10.87225 
  6.554057 6.092919 5.433129 6.073369 6.357908 6.453669 5.417349 6.479343 6.782315 6.764108 7.266219 7.517251 7.330904 8.209041 8.127037 8.365523 8.77277 9.150454 9.547765 9.639421 10.01604 10.3608 10.48107 
  6.237783 6.006539 4.773025 6.073369 6.52367 4.808393 4.905647 6.633653 7.640015 6.913121 7.170591 8.123319 8.016259 8.742651 8.526035 8.923429 8.486242 9.069486 9.140966 9.357578 10.37587 10.3608 10.62434 
  3.945214 5.488259 4.808681 5.976303 5.206934 4.028095 4.905647 5.943235 6.331734 6.59026 6.955426 7.124596 8.016259 8.209041 7.841324 8.134869 9.059298 9.15945 9.393842 9.950945 10.21894 10.50137 10.12288 
  6.474988 4.946449 4.095566 5.043656 4.719008 5.328591 5.836013 6.479343 6.27441 5.770687 5.831791 7.242392 8.070221 8.074867 8.26309 9.060666 8.591805 9.078482 9.633936 9.606263 9.7867 10.25909 10.48107 
  6.791262 5.271535 5.254535 5.124987 5.777741 5.198542 5.914177 6.092154 5.787152 6.987628 7.514937 7.995031 8.501916 8.635929 8.448984 8.854812 8.591805 8.961529 9.151961 10.09534 10.40203 10.30509 10.82267 
  5.526205 5.379897 6.058209 6.073369 5.450897 5.683013 5.556903 7.713824 7.717988 7.476026 8.127295 8.315749 7.454074 7.980587 8.526035 9.266521 9.584063 10.24115 10.19775 10.7018 10.48049 10.33269 11.14495 
  5.170482 5.488259 6.504694 6.558699 6.275027 5.263566 6.148668 7.173738 7.48407 7.186312 8.20384 8.379892 7.715808 8.15568 8.526035 8.923429 9.059298 9.569604 9.784287 9.656 10.0488 10.7825 11.31848 ]
