 [
  5.390058 5.173418 6.093607 7.158967 6.629413 6.644972 6.560547 6.278968 7.297881 6.936806 7.047311 7.346297 7.49223 8.020255 8.140983 8.668953 9.359105 9.167296 9.470062 9.814005 9.862647 10.14222 10.98544 
  5.183922 6.21475 5.776179 6.646488 5.390709 5.656718 5.866885 5.925065 5.936984 6.71511 7.565023 7.165848 7.49223 7.741415 8.565362 8.728912 9.009877 9.935122 9.789401 9.565904 10.19424 10.7876 10.76761 
  4.271987 5.694084 6.040703 6.040832 6.393652 5.656718 5.823532 5.885743 6.685532 7.201179 7.795476 7.256073 6.740599 7.425838 9.033412 8.903906 9.045173 9.00312 9.69716 9.842028 10.17068 10.42903 10.55236 
  5.667441 5.991607 6.35813 5.505107 5.587818 5.342274 5.823532 6.00371 6.54145 7.289303 7.703295 7.256073 7.389632 8.020255 8.140983 8.377725 9.214111 9.465106 9.415623 9.972799 10.22565 10.33342 10.80721 
  5.944825 5.396561 6.411036 5.528353 5.252732 4.928133 6.083654 5.885743 6.721552 7.333366 7.196299 5.960248 7.406274 7.978098 7.703115 8.454815 8.692214 9.226997 9.730702 10.14093 10.19424 10.10398 10.50857 
  5.320712 4.875895 5.033757 5.994243 6.818021 5.836401 5.69347 6.475581 7.658086 7.157117 7.426751 7.145062 7.664141 7.709857 8.955403 8.77174 8.568678 8.876257 10.00743 9.711601 9.908751 10.27606 10.78741 
  5.459404 4.795205 5.776179 6.739666 6.252196 5.189695 5.389993 5.067992 6.685532 7.113054 6.801148 7.256073 7.578185 8.357505 8.526358 9.168238 9.214111 9.189684 9.424696 9.334112 9.549137 10.60831 11.02505 
  5.875479 5.694084 5.67037 4.947202 6.252196 6.016083 5.866885 4.907997 6.57747 6.428681 7.472842 7.932755 8.093918 8.52613 8.409346 8.837823 9.823085 9.444671 9.070842 9.842028 10.46123 10.60831 11.12407 
  4.545568 5.842845 6.199417 6.320365 5.686372 4.884539 5.520055 5.690194 6.004147 6.625601 7.047311 7.020345 7.289781 8.315349 8.565362 8.903906 9.417103 9.444671 9.370257 10.16896 10.61042 10.37167 10.82702 
  4.0896 5.173418 6.093607 6.413544 4.641694 5.342274 6.040301 5.832411 6.026534 6.804619 6.422437 7.165848 7.173288 8.610442 8.799387 8.394855 8.63927 8.861332 9.397477 9.785982 10.2178 10.68675 11.16367 
  5.138325 5.694084 4.720488 5.365631 5.370998 5.432115 5.476701 6.00371 6.138473 6.106449 6.933697 6.687766 7.223214 6.96825 8.297363 8.223545 8.90399 8.824019 9.361184 9.776641 9.862647 10.49626 10.74781 
  5.944825 5.024656 5.405846 5.481861 5.780676 5.167898 5.303286 5.885743 5.623557 6.034842 5.986918 6.791697 7.449252 7.741415 8.409346 8.61756 9.053997 9.424235 9.460989 9.823345 10.43767 10.18684 10.61804 
  6.707629 5.694084 5.776179 6.320365 5.827828 5.276883 4.968842 5.210209 6.228023 6.160154 6.933697 7.21096 7.449252 8.315349 8.234811 8.870865 8.701038 9.505977 9.495907 9.718224 9.733555 10.11673 10.62899 
  6.499591 4.015205 5.56456 5.854475 5.733524 3.947272 4.482378 6.396936 5.892209 5.945333 6.839019 6.687766 6.940301 7.883425 7.869922 8.804782 9.098117 9.587719 10.06612 10.05687 10.46123 10.46264 10.98544 
  6.430245 4.714515 5.829084 6.180599 5.922132 6.150846 5.34664 6.947453 7.189819 7.157117 7.426751 7.752306 7.223214 8.020255 8.109706 8.61756 8.912813 9.342493 9.521063 9.698356 10.50049 10.46264 10.76761 
  6.499591 5.619703 4.64217 5.947654 5.272443 5.656718 5.02965 4.872442 6.295186 5.658904 5.892241 7.21096 7.578185 7.962319 8.203535 8.643257 8.780454 9.100134 9.333964 9.860709 10.56331 10.76519 10.78741 
  5.183922 4.580032 4.986767 4.947202 5.43013 5.01532 4.95364 6.200323 6.54145 6.285467 7.066246 7.346297 6.956943 8.146724 8.721378 8.804782 8.533382 9.06282 9.672004 9.823345 10.3827 10.27606 10.57425 
  5.459404 5.099037 4.877122 5.714709 6.110741 6.285607 6.213716 5.58353 6.07131 6.553994 6.933697 7.752306 7.621163 7.883425 8.526358 8.903906 9.089293 9.62859 9.562991 10.0195 10.10239 10.97809 10.98544 
  5.875479 4.606929 4.438545 5.994243 6.3465 6.195766 6.473839 5.01466 5.131029 7.113054 7.028375 7.571858 7.707118 8.357505 8.370341 9.003031 9.127115 9.144909 9.397477 10.04753 10.32773 10.02113 10.51404 
  5.806133 4.418653 4.422881 5.66812 5.331576 5.477036 4.999246 5.139101 5.108641 6.71511 7.196299 7.145062 8.093918 8.357505 7.922049 8.591864 9.156115 9.62859 9.479136 9.963459 10.20209 10.49626 10.62899 
  7.955853 8.148652 10.00855 11.2588 11.15601 10.77767 10.85258 10.84039 10.93595 10.77022 10.83745 10.63949 10.45769 10.33885 9.77449 10.62206 12.34597 11.89693 12.78465 13.41447 12.99063 14.25426 14.58728 
  11.28445 10.52884 11.80731 13.87314 13.77169 13.01033 12.93755 13.05205 12.98353 13.26187 13.00371 12.75976 13.72545 13.85537 13.55587 15.15377 15.89983 15.26126 15.57485 15.79844 15.61797 16.72234 17.06289 
  10.31361 10.52884 10.69632 12.05207 11.43892 10.82259 11.70201 12.54419 11.15207 12.44459 11.75926 11.76729 14.77719 14.97834 16.16136 16.40953 15.75612 15.0266 14.85737 14.79871 14.90788 15.95106 16.19643 
  8.441275 9.636269 10.16727 11.11903 12.47704 10.77767 10.80922 10.91903 11.28289 11.43115 11.71317 14.30193 14.66033 14.57728 15.58236 15.24347 13.67224 13.8533 13.42241 13.49137 13.06164 14.10001 13.90648 
  9.966883 9.115602 10.96084 10.97926 11.72183 11.09212 10.9298 11.52847 11.00799 11.9599 13.83756 14.4381 13.258 13.69494 13.74887 13.71863 13.31295 13.14932 12.54549 12.26093 12.20953 12.63458 13.1638 
  11.28445 9.487507 8.95046 10.23384 11.53322 10.1937 8.164639 9.385452 10.82789 12.71701 13.83756 14.4381 12.26276 12.78391 13.32387 12.53847 12.37497 12.15202 11.82801 12.64544 11.99651 12.94309 14.4016 
  11.3538 12.76027 12.07184 9.861128 9.835751 9.654655 9.378546 9.031549 11.54453 13.80673 13.97654 12.71465 12.13382 11.3506 11.52968 11.64635 11.56301 10.93646 10.55249 10.68271 10.24136 10.72036 12.01521 
  12.87941 14.62406 12.70749 11.49174 11.72183 11.25892 10.67916 11.12218 13.37598 14.07916 13.14268 12.39886 11.44618 11.3506 11.33466 10.72119 11.12803 10.69123 9.797787 9.526168 10.30418 10.89965 12.62911 
  15.90602 16.50028 16.30951 16.11445 15.39 13.67753 13.70976 14.77878 16.25397 16.12237 14.81039 11.99285 10.67258 11.0555 10.98362 10.68815 11.621 10.28253 9.638461 10.03819 9.89953 11.17978 12.94596 
  16.08783 17.46682 18.11052 18.91609 17.54775 15.51234 15.25418 17.31808 19.3936 19.52773 18.28478 14.30193 12.90742 13.93558 13.74887 13.00105 13.52853 11.91736 9.655232 10.50523 10.64183 11.94044 14.09215 
  16.16055 17.35311 17.79269 18.91609 17.76353 15.67914 15.71751 16.81022 19.00115 19.2553 18.56273 14.16575 11.96191 13.20547 13.36287 13.00105 13.60039 11.81518 10.25899 10.43984 10.59472 11.4151 14.58728 
  16.37873 17.69424 18.3224 19.89666 18.51874 16.09614 15.56307 16.81022 19.3936 20.61744 20.36942 17.29771 14.66033 15.94089 16.64385 15.06408 15.39683 12.91466 11.66857 11.56881 11.1444 12.09469 15.63941 
  16.45146 17.86481 18.21646 20.17683 18.19508 16.34634 15.71751 16.40393 18.73952 21.02608 21.06429 19.20412 15.12778 16.0211 16.93335 14.79499 15.03754 12.26935 11.42941 10.95359 10.79889 11.57197 15.0824 
  16.45146 17.92166 18.3224 20.17683 18.08719 16.17954 15.64029 15.99765 17.43134 20.75365 21.34224 19.88498 16.29638 16.6628 17.80185 15.60226 15.68426 13.26665 11.98745 12.41474 11.99651 11.86331 16.19643 
  16.48782 17.97852 18.53428 20.31691 17.9793 16.17954 15.56307 15.7945 16.90806 20.61744 21.48122 20.42967 17.23127 17.14407 18.28435 15.87135 15.89983 13.79464 12.30633 12.87615 12.20953 12.09469 15.39185 
  16.45146 17.97852 18.64022 20.31691 17.65564 15.84594 15.25418 15.59136 16.38479 19.80015 21.75917 21.11053 18.39988 17.78577 18.76684 16.67862 16.18727 14.43995 12.62521 13.41447 12.42256 12.63458 16.13453 
  16.41509 17.92166 18.74617 20.17683 17.43986 15.59574 15.02252 15.48978 16.12316 18.43801 21.06429 21.2467 19.68535 18.34726 19.44234 17.39619 16.69027 15.08526 13.58185 13.95278 12.99063 13.02022 14.64917 
  16.37873 17.80795 18.74617 19.89666 17.43986 15.01193 14.09587 14.77878 15.59988 17.48451 21.06429 21.51904 20.26965 18.18683 19.34584 17.66528 16.90584 14.79194 13.34269 14.4142 13.55871 13.32873 14.71106 
  16.23328 17.52368 18.53428 19.19625 17.00831 14.67833 13.55532 14.16934 14.81498 16.25858 19.95249 20.97435 19.91907 17.62535 18.57384 17.1271 16.04355 13.73597 12.14689 12.87615 12.13852 12.24895 13.41136 
  16.19692 17.40997 18.53428 18.21568 16.46888 14.26133 13.40088 13.66148 14.16089 15.71373 19.67454 21.11053 20.15279 18.10662 18.86334 18.20346 16.83398 14.20529 12.38605 12.95305 12.84862 14.02288 13.90648 
  16.12419 17.35311 18.42834 18.0756 15.82155 14.01113 13.09199 13.25519 13.89925 15.30508 19.25761 21.2467 20.26965 18.42747 19.24934 18.65195 17.33699 14.96793 13.34269 14.18349 13.77173 14.10001 14.77295 
  16.19692 17.18255 17.58081 17.37519 15.71367 13.92773 13.09199 12.84891 13.37598 14.4878 18.00683 20.56584 19.91907 18.42747 18.76684 18.29316 17.26513 15.61325 12.62521 13.10686 12.63559 13.56011 13.59703 
  16.12419 16.84142 17.0511 16.81486 15.28212 13.92773 13.40088 12.74733 12.59107 13.26187 15.36629 19.06795 19.33477 18.10662 17.89835 17.2168 16.11541 14.79194 12.38605 12.64544 12.35155 12.78884 13.34947 
  16.19692 16.61399 16.52139 15.55412 12.58493 13.01033 13.24643 11.42689 11.08003 12.71701 14.39347 18.38709 18.16616 16.18153 16.25786 14.79499 15.54055 15.31992 12.54549 12.56854 12.49357 13.63724 13.72081 
  16.23328 15.81802 15.14415 14.1533 12.04549 12.25972 11.85645 8.874259 8.774721 9.888976 12.49671 15.25513 15.82894 14.97834 15.09986 14.61559 13.38481 12.91466 11.82801 12.56854 12.63559 12.63458 13.1638 
  16.12419 15.36318 13.7669 13.03265 10.92025 11.25892 10.5491 8.913582 8.378496 8.963669 11.02182 14.30193 14.77719 14.7377 13.74887 13.89802 12.80995 12.56268 10.45186 11.64571 11.85449 12.09469 12.84694 
  15.86965 15.13576 12.4956 10.97926 10.02436 9.430052 9.205131 8.166452 8.522578 8.787419 10.56091 12.94021 13.72545 13.37409 12.23175 11.74547 11.56301 11.56996 9.397477 9.751337 10.5476 11.8409 12.03501 
  15.25149 14.39664 11.48989 10.88609 9.930054 9.879259 8.468115 7.458646 8.306455 9.712727 11.89754 12.71465 12.1768 12.48881 11.84171 10.58902 10.17107 10.44601 9.279525 9.618884 9.954856 11.04532 11.42111 
  14.19698 13.28093 10.80212 9.814539 7.289541 7.723068 8.338054 7.930517 8.702681 10.3296 11.06791 11.00038 10.6296 11.18197 10.86661 9.729943 9.794086 10.01686 9.839715 10.01016 10.28847 10.18684 10.45384 
  12.67137 12.01646 10.27308 8.975938 7.242389 8.351957 8.814946 8.599001 11.15207 12.26834 11.114 9.91769 9.082405 9.664348 10.12553 9.465611 10.43206 10.30296 9.755859 9.751337 10.68895 10.85483 10.728 
  10.38296 10.00817 8.315604 7.48509 6.205045 7.004337 7.817808 8.245098 9.42309 10.6821 10.33046 10.54926 9.727071 8.652598 9.423453 10.02732 11.36002 11.40648 10.04935 10.77611 11.2154 11.15737 11.00525 
  7.193049 7.256082 5.458751 6.040832 6.299349 7.453544 6.560547 7.380001 8.702681 9.228043 8.947741 9.511682 9.898981 8.610442 9.462458 10.68815 11.795 11.14081 10.30092 10.5893 10.87741 11.30304 11.16367 
  7.886508 6.735416 5.617465 5.807887 6.393652 6.061004 6.950731 6.986775 7.694106 9.228043 9.224283 9.737242 9.598137 8.18888 9.189428 10.15948 11.21502 11.3043 10.19191 10.4305 10.9952 10.96688 11.00525 
  5.736787 6.363512 6.199417 6.227188 6.723717 5.79148 6.950731 6.436259 8.018291 8.963669 10.46873 10.50415 9.039427 8.863379 9.189428 9.961233 11.12803 10.42557 10.15837 10.24368 10.57116 11.28063 11.3419 
  6.083516 5.396561 5.881989 5.854475 6.157893 6.150846 6.387132 6.947453 7.730127 8.875545 9.593008 9.782354 9.039427 8.821223 8.643371 8.837823 10.72204 10.44601 9.915185 10.3838 10.11161 11.33666 11.22308 
  6.568937 6.21475 5.617465 6.320365 6.3465 5.74656 6.343778 6.868807 7.333901 8.875545 9.454737 9.511682 8.480717 7.930762 8.721378 8.936948 10.25807 9.649025 9.588148 9.704979 10.29632 10.54108 10.61804 
  7.539779 5.545322 6.093607 6.879434 6.535109 5.926242 6.300424 6.632872 7.153799 8.302735 8.348562 7.977867 7.836051 7.851867 8.838391 8.804782 9.156115 9.383365 9.424696 9.907413 10.30418 10.48505 10.60709 
  6.776975 5.470942 5.352942 5.412123 6.016437 4.775554 4.908034 5.547976 5.825046 6.892743 7.841567 8.293653 7.49223 8.146724 8.760383 8.634691 9.997077 9.587719 9.764245 10.44918 10.16283 10.66434 10.66859 
  6.014171 5.917226 4.610843 4.691495 5.252732 5.566877 5.166468 5.58353 6.026534 6.733012 7.33457 6.957986 7.707118 8.231036 8.916399 8.969989 9.098117 9.526413 10.01581 9.698356 9.954856 10.7988 10.88643 
  5.459404 5.545322 4.501199 5.202909 4.99649 4.361413 5.520055 6.632872 6.721552 6.661405 7.196299 6.708552 6.640747 7.82031 7.96375 8.703216 8.886341 8.980733 9.479136 9.982141 10.12083 10.17409 10.39363 
  5.138325 4.391757 4.90845 5.13317 5.43013 4.187038 4.330358 6.514904 6.57747 6.679306 7.472842 5.835531 6.341193 7.220712 8.526358 9.168238 9.4751 9.137446 9.831329 9.935436 9.751997 10.12948 10.64879 
  6.083516 5.396561 5.881989 5.226154 6.252196 5.342274 4.892832 5.867966 5.981759 5.82002 7.150208 7.041131 7.023511 7.851867 8.643371 8.804782 9.272109 9.322058 10.0829 9.879391 9.881089 10.66434 10.49215 
  5.320712 4.284171 5.049421 6.180599 5.686372 6.285607 5.433347 6.672194 7.045737 6.71511 7.33457 6.812483 7.836051 8.357505 8.526358 9.168238 9.036349 9.219534 9.672004 10.41182 10.5319 10.44023 10.6884 
  4.636761 4.875895 5.511656 5.947654 6.205045 6.240686 5.69347 7.183388 6.901655 6.980868 7.009439 6.064179 7.173288 7.914983 7.713541 8.514773 9.185113 9.010583 9.890028 9.751337 10.19424 10.03387 10.62899 
  5.390058 4.606929 5.300037 4.040606 5.292154 5.29868 5.136064 5.964388 6.937675 7.553677 6.649663 6.812483 7.289781 7.978098 8.526358 8.737478 9.045173 9.567284 9.579762 9.757959 10.05629 10.44023 10.55236 
  2.493714 3.235205 4.297573 5.66812 6.063589 5.701639 5.303286 5.441313 5.825046 6.980868 7.565023 8.068091 8.05094 8.399661 8.255662 8.837823 9.243111 9.4038 9.848101 10.43984 10.55546 10.47385 11.04485 
  4.682358 3.800033 4.95544 5.574942 5.528685 5.058914 4.892832 4.748002 6.793593 7.113054 7.196299 7.707194 7.223214 8.357505 8.721378 9.168238 9.330107 9.055358 8.898451 9.744714 10.17854 10.46264 10.2951 
  3.998406 4.068998 5.352942 5.226154 4.97678 4.492194 4.938438 5.050214 6.721552 7.068992 6.119467 6.583835 8.093918 8.146724 8.34949 8.804782 9.071645 9.301622 9.62169 9.711601 10.01018 10.39079 10.42647 
  2.40252 3.154516 5.174729 4.993694 5.733524 5.656718 5.389993 6.436259 6.272799 6.536092 5.949047 7.145062 7.323065 7.646742 8.07843 8.69465 9.214111 9.322058 9.646847 9.972799 10.13927 10.54108 10.43742 
  2.630504 4.149688 5.617465 5.179662 5.666661 5.167898 4.968842 6.829484 6.685532 6.661405 6.70647 7.21096 7.449252 8.652598 8.34949 8.804782 8.965757 8.988195 9.1525 10.24368 10.30418 10.1486 10.86662 
  4.49997 3.880723 4.375891 5.412123 5.827828 5.836401 4.603994 5.139101 6.793593 7.641801 7.703295 7.301185 6.890376 7.741415 8.838391 9.234321 9.620093 9.362928 9.098062 9.65862 10.26491 10.36529 10.27868 
  4.545568 3.342792 4.720488 5.412123 5.607529 3.969069 4.923236 6.357614 6.57747 7.068992 7.518932 7.61697 7.273139 7.709857 7.995027 8.651822 8.842221 9.322058 9.915185 9.926095 9.936414 10.2442 10.55236 
  4.819148 4.44555 5.159065 5.086678 4.424874 4.557585 5.303286 6.396936 6.613491 7.509615 7.196299 7.041131 7.123362 8.146724 8.565362 8.737478 9.156115 9.286697 9.588148 9.605639 9.991739 10.36529 10.54688 
  4.591164 4.526239 5.112075 5.528353 5.733524 5.521956 4.80162 5.33465 7.189819 7.289303 6.839019 7.526746 7.707118 7.772973 8.318214 8.446249 9.562096 9.730767 9.297671 9.645375 10.39841 10.49626 10.62899 
  4.408777 4.875895 5.458751 5.435369 6.299349 5.255086 5.242477 5.121323 6.362349 6.936806 7.104117 7.061917 8.480717 8.104568 8.245236 9.069114 9.214111 9.152371 9.12528 9.638752 9.982518 10.56349 10.59615 ]
