 [
  4.673574 5.073706 6.291562 6.591166 6.730577 5.987892 6.286235 7.026728 7.281402 7.415708 6.638793 6.761391 7.527092 8.107641 8.571598 9.01834 9.559996 9.459413 9.278256 9.911403 10.23209 10.05849 10.46334 
  3.680656 4.115969 6.330991 6.477645 6.181278 6.197203 5.046935 6.383869 6.078656 7.172652 7.342976 6.589641 7.644194 8.310647 7.8774 8.168732 9.086894 9.400847 9.961198 10.08569 10.71436 10.42648 10.9901 
  4.763839 5.286537 6.015557 5.172155 5.998178 6.280927 5.782769 6.053866 6.386335 6.470492 6.926867 6.652095 7.343075 7.800852 8.254682 8.672997 9.222066 9.251946 9.864444 10.21641 10.40433 10.63117 10.57354 
  5.440828 5.87182 5.502976 5.001873 5.845595 5.527409 6.170051 5.806364 6.498219 5.984382 7.086909 6.964367 7.543821 8.689551 8.571598 8.91186 9.15448 9.517978 9.391589 9.520498 10.12874 10.66528 10.88101 
  4.944369 5.499367 6.133845 6.818208 6.333861 5.904168 6.170051 5.751364 6.498219 6.470492 7.102913 7.261026 8.009487 8.452736 8.11886 8.182001 8.710986 8.730007 9.309737 9.86783 10.06331 10.37496 11.17192 
  5.711624 5.392952 5.660694 7.052647 6.089728 6.848437 6.131322 5.311359 6.386335 6.362468 7.022892 7.479616 6.807752 7.999363 7.907583 8.712807 8.507792 9.752238 9.816067 9.670065 9.681133 10.4606 11.09919 
  5.215165 4.701253 4.79325 5.427577 6.181278 6.15534 5.937682 5.33886 6.414306 7.091634 7.022892 7.49523 8.194657 8.21592 8.69789 8.712807 8.528112 9.635108 9.303441 9.72164 9.980676 10.42648 11.13555 
  5.847022 5.925028 5.700123 6.477645 7.015709 5.276236 5.744041 5.888865 6.526189 6.173425 7.134922 7.245412 7.627465 7.891084 8.269773 8.832238 9.15448 9.09135 10.00958 9.412191 10.33543 10.42648 10.9901 
  5.485961 4.701253 5.936698 6.023561 6.425411 6.364651 5.860226 6.301369 6.386335 6.092406 6.814838 6.495959 8.287243 8.053502 8.073586 8.580106 8.629709 9.071275 9.670935 9.505026 10.40433 10.4044 10.84465 
  5.621358 3.849931 6.449279 6.704687 6.028695 6.197203 5.860226 5.696363 5.966773 6.0654 7.519022 7.842959 7.058684 7.584294 8.239591 8.593376 9.066575 8.94079 9.719313 9.998548 10.33543 10.59705 11.06283 
  5.847022 5.446159 5.976128 6.865096 6.089728 6.5321 5.97641 4.926356 6.21851 6.740554 7.390988 7.026822 8.194657 7.818898 8.299955 9.218352 9.357238 9.576543 9.561588 9.86783 10.19764 10.63117 11.06283 
  4.583309 4.75446 5.660694 6.506025 6.059212 4.397131 5.589129 5.311359 6.442277 7.361695 7.054901 7.011208 6.707378 7.782805 8.69789 8.646457 8.629709 9.021089 9.284553 9.824257 10.36988 10.27193 10.65069 
  5.215165 6.084651 6.291562 5.569478 5.235263 4.815753 4.969479 5.806364 5.994743 6.227437 6.494755 6.667709 7.493634 7.223365 7.907583 8.407594 9.49241 8.930753 10.00958 9.780684 10.04265 10.63117 10.68375 
  3.996585 3.211439 3.925806 5.484337 5.204746 5.025063 3.962548 4.816355 5.715035 6.740554 7.439001 7.073663 7.092142 8.107641 8.435777 9.01834 9.424824 9.576543 9.448256 9.61849 9.991005 10.35288 10.52946 
  4.854104 3.477478 4.79325 5.058634 5.662496 4.271545 4.969479 6.081367 6.190539 6.497499 6.958876 6.979981 7.963195 8.263284 8.315046 8.261622 9.066575 8.90064 9.334923 9.86783 10.64547 10.80174 10.88101 
  4.131982 4.062761 4.872108 5.8249 5.631979 4.062234 5.511673 6.356369 7.141547 7.010615 7.621223 7.385934 7.209244 7.638434 8.48105 8.540296 9.066575 9.635108 9.17122 9.407034 10.26654 10.52882 10.73886 
  3.861187 3.6371 5.108684 5.541098 5.570946 5.066925 5.550401 5.943865 6.582131 6.713548 7.503018 7.530003 7.916903 7.277505 7.862309 8.500484 9.49241 9.810803 9.574181 9.998548 10.07364 10.18361 10.88101 
  4.222248 3.211439 4.75382 5.484337 5.113196 4.690166 4.466014 5.613862 5.491269 6.713548 7.006888 8.016824 7.87061 8.500099 8.887329 8.288162 8.954819 9.693673 9.622558 9.780684 10.0943 10.52882 10.56252 
  5.30543 4.275592 4.596104 5.768139 4.960613 4.438993 4.582198 5.036357 5.826919 6.335462 6.958876 7.464003 8.148365 8.642188 8.69789 9.751719 10.10068 9.517978 10.00958 10.12927 10.61102 10.49471 11.57192 
  6.569143 5.499367 4.674962 5.739759 5.815079 5.987892 6.441147 5.723863 6.134598 6.659535 6.718813 7.089276 7.527092 7.782805 8.435777 9.085011 8.91418 9.282059 9.385293 9.551443 9.92903 10.4044 10.74988 
  7.354623 7.851646 5.897269 6.841651 7.587088 7.97222 9.613163 8.667313 7.578559 8.314701 9.52898 8.747056 7.225973 8.310647 9.329351 9.885059 9.627582 10.10363 10.05795 10.25998 10.54212 10.4606 10.95374 
  7.014248 8.770655 8.193319 8.435838 8.648219 9.122761 9.735165 9.664531 10.58727 10.89987 10.17625 9.581607 9.583434 9.684177 11.41317 13.28526 12.93929 13.03188 12.0898 11.65431 11.33443 11.34756 11.31737 
  7.459353 7.765489 8.312774 9.092268 9.117565 9.818437 9.186161 9.696699 11.07015 11.94165 11.33454 10.27707 10.09265 11.05771 13.49699 16.01876 15.43997 15.43305 14.50866 14.35581 13.71136 13.53087 13.31736 
  7.852093 8.253713 7.882737 9.092268 9.662432 9.042491 10.34517 10.69392 11.59018 11.13138 11.9545 11.35503 11.43514 12.19442 14.25475 17.48552 17.2648 16.83862 15.76646 15.31441 15.17269 15.50518 15.6297 
  7.145162 8.311151 8.073864 9.209487 9.93591 9.87195 11.35961 11.39668 12.34834 12.59759 12.32895 11.45935 12.3147 13.3785 16.6543 18.53403 17.90331 17.80783 16.92698 16.90996 17.17975 17.16671 17.45903 
  6.34348 7.966522 8.193319 9.561146 9.799171 10.82586 11.2328 10.86961 11.92448 12.36608 12.85318 12.10459 12.9165 14.13631 17.36574 18.59571 18.48225 18.40428 17.70067 16.84348 17.32842 17.95792 17.86555 
  6.909518 7.995241 8.073864 10.12302 10.89308 11.32054 11.54982 11.57237 11.7759 12.76592 13.37741 12.81749 14.02799 14.666 17.47519 19.1508 19.55743 19.14983 18.40988 18.63848 18.22045 18.98649 19.01735 
  8.349564 10.09173 9.507322 9.819029 11.16656 11.32054 10.59878 11.22099 11.70161 12.68175 13.30252 12.97592 13.70347 14.23104 17.55728 19.58254 20.13637 19.22439 19.18356 18.97088 19.18681 19.61946 19.62712 
  6.961883 7.708051 8.312774 9.819029 10.61961 10.57851 9.887665 11.8359 11.55303 12.52042 12.02939 11.94617 14.28761 15.08884 18.37818 20.26098 20.71531 19.82083 18.92566 19.03736 19.03814 19.22385 19.69488 
  10.58206 10.96207 9.923563 9.819029 10.75634 10.49607 10.40857 11.92375 12.03591 12.85008 12.32895 12.50065 14.54722 15.33549 17.99509 20.56937 21.21155 19.96994 18.53882 18.17311 18.22045 18.59089 18.88184 
  12.4564 11.18517 10.47855 10.73099 10.75634 9.390328 10.07067 10.11489 13.05131 13.35507 11.9545 10.79866 14.87174 14.77171 16.92793 19.70589 19.64014 18.85161 16.99146 16.777 16.4364 16.53375 16.646 
  11.13333 10.96207 11.17229 11.64295 11.85026 10.57851 10.47197 11.13314 11.85019 13.18674 11.87961 11.56366 14.41741 13.80477 16.52801 18.47235 16.45376 15.49162 14.94405 14.57368 14.46922 14.79309 14.62645 
  15.87432 16.98583 16.86091 17.72269 16.36265 14.45356 13.26169 13.68065 15.39453 16.21664 14.80032 15.19384 16.04001 14.84218 15.20194 16.28545 16.25101 13.96893 12.42844 12.00289 12.9535 14.11081 14.73554 
  16.4256 17.32048 17.83213 19.39461 18.14025 15.36049 13.89572 14.47125 16.95667 17.89993 15.84878 16.69886 17.79241 15.96975 16.92793 17.35218 17.7379 15.31592 13.05734 12.3079 12.8846 14.79309 15.24463 
  16.86662 17.32048 17.83213 18.33066 17.5933 15.0307 13.26169 13.68065 15.70696 17.14245 16.37301 16.93649 16.94866 16.14593 16.46486 16.08543 16.38618 14.08606 12.38006 11.8286 12.19564 12.95093 14.22645 
  16.64611 17.32048 18.24837 19.09063 17.18308 15.27804 13.95912 14.5591 16.1756 17.81576 16.59768 15.90674 14.87174 14.2784 15.45452 16.08543 15.43997 11.50919 10.29984 12.22075 12.85016 11.72282 13.57191 
  16.31535 17.09738 18.10963 18.48265 15.67895 14.78335 13.5153 14.20772 15.55074 17.39494 16.37301 15.19384 13.70347 13.71004 14.63363 15.61874 14.15584 10.27932 9.76769 11.30573 12.43678 11.31345 12.73555 
  15.65381 16.42807 16.99965 17.26671 13.35439 12.88705 12.31065 13.06573 14.37913 15.79582 16.37301 16.69886 14.09289 12.85751 14.06531 13.95197 11.58757 9.927934 9.912821 11.08786 12.29898 10.76762 11.93555 
  14.66151 14.86636 14.91845 14.68282 12.80743 11.73278 11.1694 11.8359 12.27024 14.61753 14.80032 14.71857 11.15738 11.01034 12.23407 11.68517 9.830339 9.635108 9.961198 9.592703 11.23109 10.80174 11.53555 
  13.99998 14.19705 13.53098 11.33896 9.799171 8.560869 7.234151 6.672876 8.804332 10.39827 10.58506 10.79866 8.611291 9.068457 9.581936 8.938399 8.782104 9.231872 9.555292 9.510183 10.19764 10.42648 10.68375 
  12.78717 12.96999 12.14351 11.18697 8.444155 6.113479 5.782769 6.081367 6.666043 7.658763 8.336632 8.712283 7.69438 7.873038 8.315046 8.394323 8.934499 8.98094 9.47344 9.998548 9.856727 10.42648 10.80828 
  10.36154 10.51587 8.551683 9.819029 6.577994 5.736719 5.16312 5.916365 6.022715 6.011388 7.022892 7.058049 6.97504 8.358009 8.330138 8.381054 8.58907 9.181685 9.864444 9.690695 10.02199 10.41912 10.54048 
  6.909518 7.363422 6.903207 8.342062 6.455928 5.987892 4.737111 5.531362 5.966773 5.930369 6.942872 7.599548 8.287243 8.035456 8.224499 8.845509 8.934499 9.09135 9.816067 9.706167 9.887714 10.38968 10.95374 
  9.370687 11.85448 12.55975 11.94694 12.39721 13.62908 14.02252 15.78893 16.01938 15.71166 14.2012 13.92646 14.02799 13.09432 13.74958 15.0187 14.89929 12.79762 11.21901 12.3079 12.67791 11.65459 13.17191 
  11.24359 13.19309 12.83725 12.7069 12.39721 13.62908 14.33954 16.22815 16.72235 16.46914 13.97653 14.9562 14.80684 14.13631 15.45452 16.55213 17.2648 16.54579 14.21839 14.48653 14.43478 14.41784 15.42645 
  7.82591 9.632226 9.45954 10.12302 9.662432 9.497355 9.948666 10.95745 14.22292 14.4492 13.22763 13.84724 13.83328 15.58215 17.1742 19.58254 20.5499 18.62794 17.57172 16.777 16.4364 16.92935 16.91701 
  6.298347 6.616727 6.998771 7.521525 8.219685 8.908707 9.369162 9.568026 12.42645 12.93425 12.7034 13.29276 14.2227 15.96975 17.83092 20.38434 21.70779 19.82083 18.28093 17.30885 17.40276 18.35352 17.9333 
  7.983006 7.909084 5.581835 7.685633 8.505374 8.373571 8.94216 10.34007 12.81699 13.60756 12.10428 12.73828 13.96309 16.42782 17.22893 20.50769 21.37696 19.67172 19.11908 18.70496 17.99744 18.35352 18.27207 
  8.401928 8.426026 6.950989 6.534406 7.872777 8.534113 8.94216 9.503689 12.27024 12.85008 11.40267 12.57986 13.19425 15.86404 17.61201 21.24781 22.94838 20.56639 19.50593 19.23681 18.59212 19.06561 19.28836 
  9.60633 8.856812 7.763282 6.789827 7.240179 7.891951 8.88116 9.246343 12.42645 11.94165 11.40267 12.65907 13.5183 16.4983 17.61201 20.63104 21.45967 20.34272 19.82829 19.50273 18.7408 19.30297 19.62712 
  9.292138 10.29276 8.742811 7.732521 8.750251 7.945464 8.515158 9.149837 11.07015 11.51722 10.68726 12.34223 14.2227 15.96975 17.44783 21.37117 22.03861 20.86461 19.37698 19.43625 19.03814 19.7777 19.62712 
  9.265956 8.62706 8.097755 6.888539 7.158554 7.276545 8.576159 9.246343 10.88443 11.55581 10.99387 11.80708 13.76838 15.4412 18.24136 20.87775 21.70779 21.46105 18.99014 19.03736 18.9638 19.61946 19.55937 
  9.004129 9.747102 8.933939 8.084179 9.525693 7.73141 8.210156 8.89249 11.14444 10.78411 10.27846 11.56366 13.83328 15.15931 18.35081 20.7544 21.8732 20.86461 18.47435 18.83792 18.7408 19.7777 19.15285 
  10.36154 9.948135 8.862267 8.201399 8.668625 8.614383 8.97266 9.117669 11.25588 11.36288 11.02793 11.73753 13.47201 15.68786 17.94037 20.38434 22.45214 21.5356 18.53882 18.30607 18.59212 19.46121 19.55937 
  10.69231 11.18517 9.45954 7.31053 7.954402 9.764923 9.613163 9.696699 11.59018 11.59439 10.65319 12.10459 13.76838 15.37073 18.26872 19.45918 21.54237 20.34272 18.3454 18.04014 17.84877 18.35352 18.74634 
  10.91282 10.40431 9.363976 8.365506 8.260498 8.694653 9.613163 9.439352 12.27024 11.90307 10.8576 12.57986 15.06645 15.33549 18.18664 18.78074 20.5499 20.34272 18.53882 18.04014 17.7001 17.8788 18.20431 
  10.36154 11.63138 9.784816 8.037292 8.668625 10.33117 9.796165 10.3079 12.27024 11.98024 11.53894 11.49412 14.1578 15.12407 17.74883 19.1508 20.63261 20.11905 18.3454 17.57477 17.10542 17.32495 17.45903 
  9.920522 10.40431 9.923563 8.060736 9.423661 10.16627 9.979165 10.78176 12.19213 11.86448 11.43674 11.0073 12.87021 14.45458 17.33838 18.71906 19.97096 19.00072 17.31383 16.44459 15.99038 16.61287 16.84925 
  11.02308 10.96207 10.06231 8.646833 8.933908 9.684652 9.796165 11.0453 12.58267 12.85008 12.32895 11.94617 12.87021 15.19455 17.80355 18.41067 19.55743 17.65872 16.54014 16.04571 15.17269 16.37551 16.10397 
  11.4641 11.74293 10.20106 9.186043 9.240004 9.738166 9.918165 10.86961 13.05131 12.76592 12.32895 11.14639 12.40728 14.45458 16.6543 17.08549 18.48225 17.21139 15.89541 15.38089 14.50367 14.65664 14.40827 
  10.91282 10.96207 9.220631 9.537702 9.662432 10.13952 10.97919 10.53308 13.12942 12.85008 11.60707 10.13797 12.03694 12.4786 14.75992 15.4854 16.31859 14.78884 13.3476 13.22292 12.57457 12.33687 12.51737 
  10.80257 10.20661 9.784816 10.427 10.34613 10.16627 10.85239 10.59741 11.62732 11.86448 10.8576 9.51206 10.60187 11.34189 12.6761 13.55195 13.75033 12.68049 11.31576 10.82643 11.12774 10.76762 10.9901 
  9.161225 8.512183 8.910048 9.819029 8.770658 10.24872 11.0426 10.46874 11.62732 11.78731 10.00592 9.129559 9.768604 10.44199 11.53946 12.08519 11.9255 11.39206 10.25146 9.998548 10.64547 10.73351 10.80828 
  8.742303 9.258879 8.95783 9.561146 9.403255 10.57851 10.25367 11.13314 11.88734 12.68175 10.92573 8.886147 9.583434 10.58408 10.97115 11.01846 11.11447 11.62632 9.76769 10.21641 10.40433 10.80174 10.80828 
  8.794668 9.431192 9.387867 8.342062 9.301223 11.2381 10.47197 10.37223 10.62442 11.20854 10.24439 9.02524 9.583434 9.778903 11.41317 11.1518 10.77654 10.68928 9.816067 9.68038 9.805081 10.56294 10.91737 
  9.449234 9.431192 7.811064 7.240198 9.423661 10.57851 10.78899 9.503689 10.84729 11.05421 9.903718 8.816602 8.842753 10.06308 10.40284 10.35175 10.64137 10.45502 9.719313 9.998548 10.01166 10.73351 11.17192 
  8.21865 8.598341 8.336665 8.342062 8.81147 9.550869 10.40857 10.43657 11.92448 11.36288 9.767449 8.399326 9.259386 9.731541 10.52913 10.28508 10.64137 10.98211 10.25146 10.21641 10.36988 10.29401 11.02646 
  6.83097 7.765489 9.507322 9.186043 9.301223 10.41362 10.72558 11.48452 11.36731 11.40147 10.38066 8.712283 8.981631 9.068457 9.518789 10.21841 9.965511 10.22076 10.05795 9.664907 9.949689 10.69939 10.69477 
  7.485536 8.540903 8.790593 9.608034 8.056435 9.604383 10.07067 10.46874 10.36441 11.3243 10.68726 9.199104 8.796461 8.784278 10.2134 10.81845 9.830339 9.752238 9.622558 9.737112 10.50767 10.52882 10.40823 
  7.485536 8.799374 9.507322 10.12302 8.423749 8.988977 10.10117 10.3079 11.62732 11.13138 9.733383 9.02524 7.916903 9.257909 10.33969 11.08513 9.695168 9.810803 9.460848 10.08569 10.0943 10.42648 10.06659 
  8.113919 8.856812 9.507322 10.73099 8.301311 8.988977 9.857164 10.50091 11.33017 11.3243 10.03999 8.747056 8.148365 9.494724 11.22373 11.28514 10.5062 10.51358 9.561588 9.613333 9.970346 10.66528 10.4964 
  7.249892 7.650613 7.906628 9.631477 9.137972 8.320059 9.094661 9.825373 10.17868 10.66836 9.801517 8.67751 8.426121 9.068457 10.65542 10.88512 9.762753 9.752238 9.670935 9.737112 10.47323 10.03642 10.44129 
  5.982419 6.932637 7.285462 8.857828 9.444067 9.818437 9.308162 9.085501 9.547224 10.35968 9.052041 8.955693 8.518705 9.352635 10.33969 10.4851 9.49241 9.517978 9.435663 10.3907 10.23209 10.27929 10.51844 
  8.192467 7.708051 8.241101 9.279819 9.403255 9.149517 9.125161 9.342848 9.510079 9.472239 9.597115 8.712283 8.472413 9.257909 10.0871 10.61844 9.965511 9.869369 10.05795 10.34713 10.50767 10.26457 11.02646 
  7.145162 7.966522 8.910048 8.295175 8.280904 8.373571 9.033661 9.793204 10.25297 9.549408 9.222376 9.060013 7.744567 8.689551 9.897667 10.95179 9.965511 10.04506 9.353811 9.628805 10.36988 10.69939 11.06283 
  8.611389 7.765489 8.073864 7.263642 8.791063 8.988977 8.97266 9.761036 9.807237 9.935253 9.801517 8.329781 8.981631 8.926367 9.581936 10.55177 9.086894 9.272021 9.719313 9.86783 10.33543 10.66528 10.74988 
  8.271015 7.708051 6.831534 7.84974 8.974721 8.988977 8.332157 8.860323 8.395741 9.703746 9.665249 8.67751 8.842753 8.642188 9.960813 10.28508 9.056415 9.131499 9.548996 9.57723 9.753436 10.56294 10.88101 
  9.004129 7.851646 7.452699 8.951604 8.301311 8.774923 7.966155 8.635144 10.06725 10.24393 9.426779 9.303423 8.935339 8.547462 10.33969 10.28508 9.695168 9.292096 9.622558 9.911403 10.12874 10.27193 10.69477 
  8.21865 7.794208 7.930519 8.92816 8.117653 8.641139 8.91166 8.088283 10.43869 10.70695 8.915772 7.73864 8.05578 8.926367 9.455644 10.35175 9.627582 9.517978 9.76769 10.08569 9.433235 10.12473 10.7609 
  8.192467 8.052679 6.664298 6.562786 6.669544 6.901951 7.783154 8.635144 9.43579 9.742331 8.71137 7.947278 8.240951 8.831641 9.01362 9.218352 9.424824 9.517978 9.670935 9.422506 9.949689 10.38968 11.06283 
  7.537901 8.339869 7.882737 6.789827 7.566681 8.346815 8.545658 8.249125 9.101488 9.973838 9.222376 8.08637 8.102073 8.017409 8.887329 9.618377 8.528112 8.800268 9.190108 9.86783 10.33543 10.32344 10.95374 
  8.585207 8.081398 8.264992 8.248286 8.668625 8.480598 8.423657 7.412748 9.807237 9.626576 8.915772 7.530003 7.058684 7.060947 8.887329 9.618377 8.8837 9.322207 9.574181 9.716482 10.0943 10.27193 11.09919 
  7.590266 7.449579 8.169428 7.732521 8.036028 7.865194 7.081651 7.348411 9.398645 9.858084 8.268497 7.842959 7.008498 7.385784 8.36032 9.151682 9.036096 9.101387 9.719313 9.998548 9.784424 10.36024 10.77192 
  7.511719 7.708051 8.575575 6.958871 8.872689 8.106005 8.576159 7.541421 9.138634 9.047808 8.13223 8.051597 7.125599 8.310647 9.01362 8.394323 9.49241 9.342282 9.622558 10.08569 10.57657 10.69939 10.88101 
  8.244833 6.457105 7.548263 8.131067 7.933996 6.875194 7.844154 7.895273 7.91286 7.813101 7.961894 7.385934 7.778025 7.927177 8.315046 8.646457 8.91418 8.94079 9.574181 10.04212 9.887714 10.73351 11.02646 
  7.276075 7.334703 8.145537 7.802852 7.485056 7.196275 7.661154 7.251906 8.618608 8.006024 7.553089 7.354707 7.963195 7.981317 7.832127 9.151682 9.015777 9.400847 9.454552 9.86783 10.06331 10.63117 10.95374 
  7.354623 7.794208 8.121647 6.911983 8.423749 7.891951 6.715649 6.576371 7.801426 7.851686 7.086909 7.058049 7.40999 8.089596 8.496141 8.95167 8.436675 8.699895 9.622558 9.70101 10.0943 10.24985 10.48538 
  7.983006 7.13367 6.37042 7.521525 7.138147 6.74141 6.715649 6.769381 7.689992 8.237532 7.471009 7.214185 7.527092 7.692574 7.605758 8.102381 8.89386 8.830379 9.567884 9.86783 9.681133 9.955458 10.39721 
  7.799727 6.244274 6.664298 6.335744 6.913677 7.570869 7.691654 7.18757 7.950005 7.658763 7.553089 7.089276 6.958311 8.547462 8.69789 9.01834 9.559996 9.635108 9.567884 9.530813 9.918701 10.38968 10.7609 ]
