 [
  2.683645 3.712315 3.233048 5.032692 5.503875 5.203953 5.130381 5.974484 6.580545 6.269398 7.243322 7.352431 7.040395 7.43609 8.040606 8.9287 8.667615 9.088941 9.751045 9.437799 9.973546 10.30243 10.26318 
  3.911458 3.64888 4.487845 4.720606 5.596155 4.447276 3.919496 5.28832 5.761047 5.849414 6.887293 7.08639 7.746907 7.923218 7.893215 8.295746 9.504761 9.2915 9.374846 9.579518 10.08124 10.74724 10.61044 
  4.275254 3.680597 4.577473 4.77262 5.411594 4.988094 4.833838 4.965084 5.803055 5.970988 7.20636 7.165098 8.260346 7.874505 8.040606 8.565385 8.95132 9.71578 9.430891 9.744857 10.0577 9.965152 10.86558 
  3.001967 3.046248 3.740942 5.33716 5.411594 5.490985 5.575229 6.302512 6.083106 5.716787 6.050563 7.453577 7.652267 8.101831 8.217475 8.266856 9.346635 9.564252 9.296385 10.17808 10.31275 9.816123 10.41587 
  4.729999 3.109683 4.039703 4.547225 4.431983 4.827852 4.537294 5.735878 5.719039 6.47757 6.43974 7.689585 7.789694 7.793317 8.084824 8.488345 9.030383 9.10056 9.072208 9.335446 10.23035 10.4254 10.26742 
  4.411677 3.1414 4.457969 4.859311 4.636752 4.287034 4.389023 5.163999 5.957083 5.970988 6.692705 7.521008 7.102619 7.793317 7.790041 8.315006 8.70514 8.484731 9.397264 9.532278 10.00669 10.20046 10.51859 
  4.275254 4.219794 4.816483 5.540138 5.411594 4.327095 4.512582 4.219154 5.929078 5.970988 6.634328 6.90274 7.600413 7.955693 8.485106 8.717339 8.95132 9.200583 9.5294 10.19023 10.27351 10.56844 10.21653 
  4.502626 5.563365 5.837697 5.540138 6.334397 6.256403 6.699842 6.466526 6.881948 7.600543 7.20636 7.285 7.351516 7.598466 8.099563 8.122407 8.412445 9.382417 9.273968 9.910717 10.1558 10.336 10.24621 
  3.729559 3.934337 4.786606 4.893987 5.160049 4.928003 5.006821 5.313184 5.635024 5.915727 6.751081 7.217569 7.83248 8.234026 8.364866 8.801884 8.532525 8.740358 9.094626 10.05655 10.11263 10.62208 10.72271 
  4.911897 3.077965 4.248836 3.94039 4.477487 5.048185 5.3775 5.735878 5.789052 6.47757 5.778139 6.692853 7.704121 8.46594 8.173258 8.016478 8.352405 9.261194 9.898809 9.8378 9.905946 10.37176 10.51859 
  4.957372 3.934337 4.069579 4.49521 5.503875 6.447757 7.737946 7.614624 6.429844 7.747017 7.612943 7.757016 9.116078 9.857428 10.04821 9.351423 8.697636 9.2915 10.78539 10.7128 10.57518 10.92603 11.0697 
  5.855475 3.046248 4.278712 4.616577 5.411594 6.447757 6.699842 5.810471 6.580545 6.819344 6.420281 7.112626 7.96084 8.349983 8.404946 8.199447 8.645101 8.647403 9.997318 10.56697 10.17149 10.63996 10.72271 
  5.790111 3.109683 4.607349 5.032692 4.022446 4.467307 4.685566 5.785606 6.354493 6.346764 7.058512 7.08639 7.789694 8.697855 7.893215 8.151297 8.872257 9.170277 9.652536 9.910717 9.770746 10.12987 11.22278 
  5.594015 3.204835 3.860446 5.235671 4.978033 4.948033 4.932685 5.512099 5.565011 6.916994 7.02155 5.538479 7.569301 8.523919 8.645424 8.9287 8.872257 9.473334 9.997318 10.22669 10.07732 10.53268 11.12072 
  5.548541 3.299988 4.159207 4.789958 5.503875 5.108276 4.957397 5.586692 6.125114 6.37992 6.342446 6.640382 7.299663 8.292005 8.364866 8.632794 9.148977 9.2915 9.972691 9.995786 10.26959 10.72935 10.34377 
  5.002846 3.997772 4.577473 4.720606 4.818769 4.327095 5.105669 5.338048 5.915075 6.247293 7.058512 6.981447 7.527819 7.760842 8.404946 8.603905 9.267571 9.50364 9.206715 9.705491 9.987066 9.98084 10.36497 
  6.051571 4.061207 5.025615 4.68593 4.318223 4.7277 5.155092 5.974484 6.580545 6.672869 7.391171 7.7233 7.289292 7.858268 8.845821 8.632794 9.22804 9.412723 9.603282 9.736984 9.676105 10.58632 11.16155 
  5.048321 2.887661 3.770818 5.33716 5.000785 4.507367 4.883261 6.384519 6.731246 5.993093 6.634328 7.757016 7.569301 7.533516 8.173258 8.801884 8.911788 9.170277 9.997318 9.311827 9.669346 10.31812 10.36073 
  4.957372 3.1414 4.159207 4.113771 3.863181 4.527398 4.537294 6.138498 5.663029 5.672578 6.225693 6.928976 7.330775 7.760842 8.099563 8.045367 8.38993 8.891411 9.455519 9.500786 9.642305 10.29459 10.37346 
  5.412117 2.855943 3.711066 3.923052 4.887024 5.29963 6.007772 6.056491 5.789052 6.169928 7.391171 7.655869 7.361887 8.176047 7.775302 8.151297 8.832726 9.11218 9.167483 9.587392 9.838346 10.6042 10.68188 
  5.548541 6.047296 7.049707 8.077365 9.379647 10.4662 11.11178 11.63296 12.23184 12.33656 11.71573 11.62558 12.19671 11.77072 10.92996 11.63413 12.39056 12.4433 11.9675 10.46974 9.561185 10.21615 10.93702 
  8.47008 9.725174 10.33945 11.32502 13.3477 15.72845 15.61024 15.32328 17.15043 17.33203 15.40986 15.41562 16.96432 15.92725 14.52348 15.84666 16.67239 16.58128 16.31557 13.75162 10.91859 12.57099 11.03908 
  7.424238 9.531602 10.59917 11.32502 13.25542 14.96303 15.00467 14.91324 16.27443 16.34778 14.68906 14.39878 15.67239 14.72763 13.25458 14.23344 15.0273 14.42624 13.99047 12.13902 10.32452 11.58759 11.22278 
  8.731541 11.56411 11.98432 11.93395 13.90138 15.82413 15.61024 15.48729 16.91683 17.11331 15.13956 14.76854 16.22607 15.3654 13.5979 14.80281 15.6513 14.72556 14.35759 12.77429 10.88997 12.60675 11.64121 
  12.84954 16.30664 16.4662 16.60245 17.57474 18.92076 18.40383 17.69826 18.61043 18.64436 16.76137 15.87782 16.77976 15.92725 14.93485 15.56197 16.33203 15.20445 14.60234 13.36069 11.31923 13.08029 11.95704 
  13.96075 17.46689 16.44051 17.92181 19.18763 20.43763 19.759 19.13884 19.60323 19.51925 17.39208 17.35686 18.9945 17.9832 16.73458 17.03285 17.46658 16.82073 16.43794 14.38689 12.14914 14.17309 12.77073 
  14.14961 17.60156 16.42337 18.02329 19.42957 20.19297 19.70688 18.69177 18.26003 17.11331 15.49996 15.41562 17.61029 16.66429 15.60332 16.55838 17.06949 15.08473 15.09183 13.36069 12.23499 14.90162 12.93347 
  14.2047 17.717 16.56043 18.02823 19.46989 20.29084 19.4984 18.39371 18.43523 17.33203 15.86037 15.6005 17.51801 16.35396 15.19195 15.84666 16.2753 15.14459 14.7859 12.82315 12.03467 14.24594 12.86837 
  14.23617 17.80357 16.68892 18.03316 19.42957 20.33977 19.18566 18.54274 18.96083 17.87884 15.77027 14.95342 16.5952 16.00483 14.72916 14.85026 15.48112 15.20445 14.29641 12.92089 11.77711 14.02738 12.90092 
  14.24404 17.86129 16.76601 18.09728 19.42957 20.3887 18.97717 18.79112 19.25283 18.09756 15.31976 14.39878 16.13379 16.23758 15.08911 15.70432 15.59457 14.84528 14.23522 12.87202 12.17776 14.28237 12.86837 
  14.31487 17.88053 16.74888 18.22058 19.55053 20.43763 18.50808 19.23819 19.13603 18.09756 15.40986 14.76854 16.50292 16.27637 15.19195 15.65687 16.10512 14.78542 13.8681 13.31182 12.14914 14.20951 13.32404 
  14.37782 17.86129 16.68035 18.27977 19.63118 20.3887 18.0911 19.38722 18.96083 17.87884 15.59006 14.86098 16.68748 16.27637 15.50048 15.46708 15.93494 14.90514 14.23522 13.50729 12.03467 13.99096 13.61697 
  14.40143 17.82281 16.64609 18.33403 19.63118 20.29084 18.03898 19.38722 18.84403 17.66011 15.13956 14.49122 16.31836 16.31516 15.24337 15.79921 16.38876 15.20445 13.74573 13.16522 11.46232 13.40813 13.42168 
  14.44077 17.75547 16.54329 18.33403 19.6715 20.19297 17.98686 19.33754 18.84403 17.33203 14.77916 14.2139 16.04151 16.27637 15.19195 15.84666 16.33203 14.72556 13.74573 13.31182 11.66264 13.08029 13.19385 
  14.45651 17.67852 16.4919 18.28964 19.6715 20.04618 17.77837 19.23819 18.37683 16.78522 14.14845 13.65926 15.94923 16.31516 15.08911 15.13494 15.6513 14.36638 14.11285 13.70275 12.29223 14.02738 13.58442 
  14.44077 17.63042 16.45764 18.3143 19.55053 19.85045 17.62201 19.18852 17.90963 16.34778 13.51775 13.19706 16.04151 16.78066 14.83201 15.41963 15.76476 14.78542 13.8681 13.16522 11.54817 13.7724 13.42168 
  14.44077 17.55347 16.40624 18.27484 19.42957 19.65473 17.41352 19.13884 17.26723 15.80098 12.97714 12.8273 14.74958 16.16 14.52348 15.27729 15.36766 14.24666 13.37861 12.72542 10.7755 13.18957 13.8448 
  14.40143 17.47651 16.33772 18.20086 19.26828 19.45901 17.30927 19.13884 17.26723 15.25417 12.61674 12.73486 14.74958 16.19879 14.31779 14.85026 14.80039 13.76776 12.43542 11.18676 10.6038 13.04387 13.25894 
  14.40143 17.40918 16.32915 18.17126 19.10699 19.16542 17.15291 19.28787 16.62483 15.03545 12.16624 12.3651 14.1959 16.54791 14.47206 14.80281 14.63021 13.7079 13.31742 11.79695 10.46579 13.66312 13.1613 
  14.37782 17.3707 16.28632 18.1318 18.90538 18.92076 17.25715 19.33754 16.39123 14.70737 11.89593 12.08778 14.01133 16.6255 14.11211 14.28089 13.94948 13.04941 12.88911 11.84582 10.2382 13.62669 12.99856 
  14.33847 17.3226 16.26919 18.07262 18.66344 18.67611 17.15291 19.43689 16.44963 14.0512 11.80583 11.71802 13.82677 16.12121 13.64932 13.9591 14.28984 13.46845 12.88911 12.04129 10.51795 13.59026 12.80328 
  14.29126 17.28412 16.22636 18.06768 18.38119 18.43145 17.25715 19.43689 16.15763 13.5044 11.71573 11.53314 13.64221 15.81087 13.49506 13.91683 13.85322 13.28886 12.58318 11.02877 10.09694 13.33528 12.77073 
  14.24404 17.2745 16.22636 18.07755 18.01829 18.13786 17.04866 19.08917 15.92402 12.62951 10.8656 10.89255 12.92409 15.6945 13.29466 14.04365 13.89275 12.92819 12.88911 11.79695 10.68965 13.04387 12.38015 
  14.18109 17.2745 16.22636 18.09728 17.73603 17.84427 16.38881 18.64209 15.77332 12.62951 11.23523 11.43199 13.18081 16.31516 14.47206 14.85026 14.63021 13.7079 13.13386 12.38335 11.00444 13.33528 12.21742 
  14.12601 17.2745 16.13979 18.09728 17.41345 17.55069 16.47532 17.40021 14.86912 11.55536 10.34814 10.58911 12.62458 15.53933 13.75216 14.28089 13.81369 12.68575 12.31228 11.13815 10.71827 12.64318 11.92449 
  14.04731 17.2745 16.13979 18.12687 17.13119 17.35496 16.63169 16.30736 13.96491 10.48121 9.645857 10.11709 11.76885 14.5537 13.29466 13.70547 13.65556 12.01902 11.81974 11.30829 10.48148 11.82003 11.53916 
  13.97649 17.2745 16.13979 18.10221 16.85435 17.06793 16.2158 15.5693 13.5128 10.38356 9.756742 10.15081 11.85442 14.32178 13.13434 13.32502 12.90447 12.04932 11.91825 10.72495 10.43439 12.30279 11.41669 
  13.83002 17.2745 16.13979 18.09235 16.66979 16.7809 16.47532 14.74923 12.4579 9.895313 9.313198 10.18452 11.64049 13.16221 12.65339 13.15593 12.86493 12.17055 11.86899 10.54266 10.37161 12.23127 11.27381 
  13.69929 17.2745 16.13979 18.02329 16.48523 16.30251 16.38881 14.09317 11.02623 8.918815 8.389147 9.307924 10.87033 12.69838 12.49307 12.98684 12.31149 11.04923 11.32719 10.15377 9.845106 11.31939 11.00846 
  13.50319 17.17772 16.22636 17.82032 16.48523 15.9198 15.35071 13.10909 10.64948 10.18826 9.424084 9.746224 10.74197 11.94466 11.81171 12.69094 12.62775 11.23107 11.45033 10.77356 10.48933 10.76511 11.09011 
  13.50319 17.31298 16.36341 16.80543 15.93155 16.11116 12.92847 11.46895 10.64948 10.38356 10.16333 10.38682 11.21262 10.72711 11.0502 12.22594 12.1929 10.83709 10.90853 9.825647 10.12833 10.87239 11.64121 
  13.37247 17.40918 16.59469 16.19649 15.56243 16.20684 12.40941 10.15684 10.19738 10.28591 10.34814 10.18452 11.51213 11.36487 11.13036 11.50731 11.00696 10.23098 11.22868 10.28745 9.994914 10.63996 11.35545 
  13.17637 17.31298 16.59469 15.89202 15.65471 16.39819 13.36101 11.14092 11.55369 11.84831 10.90257 10.48796 12.49622 12.9303 12.49307 11.25368 10.8093 10.20067 10.14508 9.862105 9.716665 11.14059 11.7943 
  12.78418 16.98415 16.22636 14.67415 14.2705 15.25006 12.92847 10.48487 9.971324 10.92064 9.941553 9.678793 11.81163 11.77072 11.6514 9.858691 9.030383 9.412723 9.701791 10.05655 10.1401 10.83663 11.61059 
  11.93443 16.79057 16.4919 12.84735 12.51718 12.18839 10.59273 9.746804 9.368519 10.62769 9.793705 8.734762 10.35689 10.03136 10.24861 9.224607 9.069914 9.170277 10.02195 9.910717 10.09694 10.46116 10.79414 
  10.88859 16.20985 16.22636 10.61459 10.39473 9.413752 9.554628 8.434692 9.217817 9.114115 8.500032 7.925592 9.244438 9.045727 9.527176 8.844156 8.67512 9.412723 9.554028 9.406306 9.730186 10.55056 10.90641 
  9.973478 15.14521 15.18749 10.20864 10.21017 8.45698 8.343507 8.106665 8.765714 9.162939 8.426108 8.53247 8.859359 8.92977 8.765662 8.218706 8.990851 9.007605 9.578654 9.453546 9.736946 10.21615 10.79414 
  8.796906 13.69341 14.06205 9.70119 9.748769 8.265625 8.343507 7.286595 7.635454 8.528215 7.612943 7.824447 9.372798 9.277641 9.04622 9.013245 8.47999 9.50364 9.430891 9.445672 9.669346 10.23968 10.41163 
  6.966682 11.56411 12.15747 8.077365 6.795799 7.308852 8.083981 7.778637 7.786155 8.137616 8.019526 7.959308 9.458371 8.813812 8.925982 8.970973 8.787696 9.50364 9.824927 9.563771 9.594985 10.53268 10.39466 
  7.228143 8.950884 9.127439 6.352051 6.242117 7.40453 7.910963 6.63054 7.786155 8.625866 8.241298 7.655869 8.602639 8.349983 8.276432 8.546124 8.990851 8.763597 9.324408 9.947175 10.02631 10.46116 10.48798 
  8.143255 7.305517 7.049707 6.656518 6.057557 8.45698 8.949067 8.024658 7.484753 7.307593 7.834715 8.127885 9.073292 8.523919 8.364866 9.09779 9.267571 9.261194 9.156275 9.935022 10.403 10.6042 10.66147 
  7.358873 7.111945 7.13628 5.134181 6.518958 6.734789 7.737946 6.876561 7.786155 7.649367 7.280284 7.891877 8.003627 8.118069 8.845821 9.266879 8.697636 9.147038 9.504773 10.00794 10.10086 10.30243 10.47949 
  7.032048 7.305517 7.742285 5.438649 6.334397 7.595884 8.516524 6.712547 7.710804 9.016464 8.019526 8.026739 8.388706 8.407962 9.406937 8.717339 8.872257 9.170277 10.04657 9.789188 10.35984 10.53268 11.31463 
  8.273985 7.208731 7.309424 6.352051 5.688435 7.213175 8.256998 6.220505 6.429844 7.600543 7.686867 7.453577 8.0892 8.407962 8.725583 8.844156 9.109446 9.352111 9.726418 9.764883 10.23035 10.18477 10.31408 
  8.143255 7.111945 6.616847 6.149072 6.149837 6.256403 7.045877 6.876561 6.580545 8.235266 7.908639 7.419862 8.645426 8.053119 8.445025 8.517235 8.911788 9.261194 9.184297 9.359066 10.24605 10.37176 10.47101 
  9.319827 7.595876 6.963135 5.33716 5.688435 5.682339 7.47842 6.958568 7.032649 7.991142 6.984588 6.71909 7.875267 8.292005 8.187997 9.055517 9.307103 8.937888 9.139462 9.721237 10.18719 10.37176 10.50839 
  7.685699 7.015159 5.318264 5.946094 5.137298 5.682339 6.353807 7.122581 7.258701 7.502892 6.965129 6.273081 7.486336 7.760842 8.805742 8.759611 8.66011 9.352111 9.627909 10.09301 9.998838 10.20831 10.82476 
  7.293509 6.918372 6.010841 5.844605 5.872996 6.543435 6.007772 6.220505 6.580545 7.551718 7.391171 7.7233 8.559853 8.871791 8.925982 8.603905 8.69013 9.077321 9.341221 9.959328 10.04593 10.55056 11.11052 
  7.685699 5.466578 5.404836 4.998016 5.872996 6.447757 7.045877 6.794554 7.032649 7.600543 7.575981 7.191334 7.96084 8.581898 8.30591 9.09779 8.872257 9.030844 9.726418 10.23884 10.25782 10.37176 10.886 
  6.966682 6.628014 6.616847 4.876649 5.780715 6.065048 6.267299 6.384519 6.580545 6.428745 6.498116 7.191334 7.918054 8.292005 8.084824 8.759611 9.109446 8.949508 9.414078 10.08086 10.26174 10.07496 10.40739 
  6.443762 5.95051 6.789991 5.134181 5.319314 5.29963 5.402212 5.561828 6.429844 6.721694 6.575952 7.386147 8.003627 7.923218 8.645424 8.886428 9.22804 8.844933 9.677164 10.02009 10.45401 10.6042 10.82476 
  5.002846 5.176219 5.231692 4.703268 4.613999 5.068215 5.25394 5.892478 6.505194 5.959936 7.243322 7.925592 7.746907 7.858268 8.187997 9.013245 8.67512 9.382417 9.726418 9.813495 10.44617 10.5148 10.48798 
  5.457592 4.251512 4.965863 5.134181 5.046289 5.490985 5.575229 5.561828 6.195127 6.624044 7.058512 7.453577 7.662638 7.728367 8.335388 9.055517 9.109446 9.352111 9.430891 9.705491 9.791026 10.44328 10.48798 
  7.358873 5.95051 5.751125 5.134181 5.411594 5.29963 5.48872 5.387777 6.279142 6.28045 6.751081 7.191334 7.569301 7.078864 8.525185 8.886428 8.802706 9.473334 9.554028 9.75273 10.30098 10.55056 10.25046 
  7.162778 6.821586 7.049707 6.45354 5.228306 4.827852 5.575229 5.810471 6.429844 7.161119 7.280284 7.138862 7.746907 8.46594 8.335388 8.759611 9.030383 9.230888 9.726418 9.24884 9.865386 10.28674 10.93702 
  6.443762 6.047296 5.318264 5.134181 5.411594 5.203953 5.661737 5.892478 5.733042 6.302555 6.751081 7.7233 7.83248 7.695892 7.421563 8.334266 8.81021 9.230888 9.335616 9.571645 9.554425 10.26321 10.45404 
  7.162778 6.628014 6.530274 4.408519 4.978033 5.490985 5.921264 5.661284 6.580545 6.114667 6.653787 7.285 7.590043 8.234026 8.525185 8.675067 9.22804 9.158657 9.430891 9.935022 10.19503 10.47904 10.79414 
  5.855475 4.88586 5.751125 5.438649 5.023537 5.008124 5.402212 4.791034 5.845062 6.357816 7.02155 7.060155 7.538189 7.955693 8.605344 8.536495 8.911788 9.382417 9.430891 9.801341 9.811306 9.863185 10.26742 
  5.412117 5.466578 5.231692 5.032692 4.591248 3.826337 3.820648 4.915355 5.523003 6.258346 6.400822 7.060155 7.96084 8.292005 8.565265 8.565385 8.607575 9.065701 9.285176 9.789188 9.750465 10.11418 10.32256 
  6.574492 5.466578 5.231692 5.134181 4.682256 4.086731 5.130381 5.362913 5.382977 6.291502 5.817057 6.430496 7.061136 8.407962 8.805742 8.886428 9.069914 8.426634 9.39166 9.658251 10.39516 10.63996 10.62065 
  7.162778 5.369792 5.231692 5.540138 5.411594 4.02664 5.031533 4.989948 5.382977 5.694683 5.739222 6.666618 7.25818 8.292005 8.485106 8.759611 8.802706 8.798455 9.554028 9.935022 10.11263 9.933778 10.44556 
  5.594015 4.982647 5.14512 4.980678 5.251058 4.827852 5.575229 5.63642 5.607018 6.770519 7.20636 7.217569 7.144102 8.234026 8.525185 8.449825 8.727655 8.995985 9.257154 9.92287 9.912706 10.16124 10.82476 ]
