 [
  4.282814 2.80817 3.561173 4.337152 4.665205 4.671801 4.694597 3.966802 5.216903 6.582578 6.446086 6.280494 7.254805 7.700323 8.509956 9.038321 8.947492 9.113638 9.259498 9.74996 9.790649 10.10135 10.69025 
  4.893126 3.086018 4.45684 5.337694 5.515656 4.612657 4.855956 5.433646 5.749745 6.986134 7.151599 6.870497 7.359747 7.791691 7.72578 8.33527 9.013061 9.113638 9.073456 10.00463 9.943972 10.12495 10.46597 
  4.266198 2.653811 3.971687 5.066873 5.014071 4.730945 4.31137 5.193617 5.948011 6.42276 6.619853 6.807282 7.524656 7.870007 8.231926 7.973596 9.092468 9.288837 9.386789 9.645381 10.02063 10.18787 10.65869 
  4.249582 3.425609 4.158284 4.988688 4.864557 3.695927 4.694597 5.273626 6.075636 6.331435 6.658469 7.123355 7.755939 8.500896 9.04585 8.33527 8.580302 9.101124 9.367206 10.09768 10.12285 10.23507 10.29929 
  4.59851 4.043047 4.120965 4.285028 4.764881 4.257794 4.2912 4.233501 5.650611 6.262942 6.446086 6.406923 6.640145 7.870007 8.285204 8.868292 9.026175 8.82581 9.494497 9.787989 10.12285 10.2508 10.37773 
  4.166504 3.271249 4.232923 4.780196 4.615366 4.81966 3.988653 5.193617 5.551478 6.943831 7.006004 7.573194 7.990427 8.0002 8.338483 8.464439 8.790125 8.487926 8.897206 10.00463 10.13137 10.29013 10.27968 
  3.983733 3.024274 2.702826 4.519582 5.848432 6.100007 4.432389 5.406976 6.346983 6.732317 6.677776 7.357893 7.677777 8.273307 8.931015 8.541941 9.092468 9.395136 9.705578 9.902074 10.03767 10.36092 10.75336 
  4.282814 2.80817 3.113339 4.49352 4.590447 3.42978 5.077824 5.801666 5.588653 6.399929 6.948082 7.444013 6.745087 7.204323 7.952214 8.322353 8.698327 8.725697 8.965748 9.911581 10.12285 10.20361 10.56402 
  5.924283 3.7652 4.270243 5.273482 5.571118 5.233667 4.855956 5.486985 5.625828 5.578008 6.561931 6.996926 7.584622 7.400113 8.125369 8.412771 8.213113 9.08861 9.632895 9.540803 9.943972 10.59553 10.36792 
  5.040434 3.826944 4.41952 5.20927 5.515656 4.96752 5.259352 5.220286 5.452345 5.82915 6.619853 7.271773 7.449697 7.765586 7.619224 8.374021 8.868808 8.888382 9.494497 9.578832 10.18247 10.21147 10.56402 
  5.556012 3.518224 3.449214 4.832319 4.839638 4.790089 4.654257 4.900248 5.960403 7.239951 7.20013 7.271773 8.068589 8.682967 8.258565 8.2061 8.711441 8.963468 9.279081 9.303124 9.637327 10.01483 10.65869 
  5.408704 3.147761 4.195603 4.649889 5.113747 5.056236 5.097993 5.801666 5.985187 6.491253 6.272318 7.102284 7.11988 7.713375 8.701347 8.386938 8.396708 9.288837 9.318248 9.826016 10.13137 10.49126 10.26988 
  4.893126 2.530323 3.673131 4.884442 4.739962 5.115379 4.573578 4.660219 5.19212 5.509515 6.349548 6.76514 7.359747 8.091236 8.351802 9.004315 9.453064 9.643167 9.923625 9.892567 9.935453 10.29013 10.62713 
  4.893126 2.468579 3.673131 5.145057 5.063909 5.468187 4.936635 4.873578 6.482656 6.690014 6.484701 6.196208 7.677777 7.804744 8.258565 8.834286 8.84258 9.607734 9.814602 9.778481 9.986562 10.5434 11.1636 
  4.232966 3.363865 4.382201 4.806258 5.063909 4.908376 4.936635 5.460316 5.34082 5.144217 5.770322 7.102284 7.239813 8.136753 8.311844 8.464439 9.052402 8.888382 9.386789 10.03565 10.31023 10.56946 10.62713 
  4.166504 2.345091 3.710451 4.12866 4.366176 4.080362 5.279522 5.326966 5.402778 6.125955 6.291625 6.470138 7.599614 7.883059 8.548235 8.593609 8.790125 9.466002 10.03265 10.06666 10.24635 10.77801 10.56402 
  4.819472 3.487353 4.270243 4.832319 5.238342 5.292811 5.279522 4.873578 6.301758 6.732317 7.20013 7.060141 7.716858 7.843902 8.285204 9.106333 9.212667 9.714032 9.190956 9.973614 10.4859 10.05416 10.46597 
  4.745818 3.055146 3.934367 4.389275 5.113747 4.908376 4.452559 5.326966 5.71257 6.308604 6.407471 6.722996 6.93998 7.622007 8.09873 8.141516 8.527846 9.188724 9.560213 9.797496 10.58172 10.43912 10.27968 
  4.000348 3.888688 5.016632 3.789861 4.241581 4.849232 5.198843 5.006927 5.229295 5.600839 6.465393 6.891569 7.584622 7.765586 8.624791 8.67111 9.172601 9.784898 10.03265 9.816509 10.0547 10.43912 11.00582 
  4.59851 4.700515 5.876944 5.273482 5.349267 5.322383 5.751267 5.673675 5.687787 6.514084 6.465393 6.954783 7.599614 7.073797 8.471679 8.936303 9.69346 9.607734 9.74192 9.807003 10.15692 10.59553 11.06893 
  4.465585 4.320895 4.904673 4.832319 4.465852 5.085808 5.656919 6.356297 6.075636 7.155345 7.442788 7.444013 7.755939 7.635059 8.4184 11.1807 11.57657 10.35182 10.17801 10.99715 11.33231 12.15961 11.73163 
  3.601574 4.60561 4.904673 6.814583 6.23667 5.516789 6.317363 6.569617 7.432372 8.72055 9.18992 9.510896 10.10081 11.00438 11.30425 14.13085 16.06901 14.87644 13.41238 14.77395 14.86603 15.57862 15.47481 
  4.249582 4.320895 5.248405 6.750371 6.957685 7.752459 7.63825 7.849535 8.608211 9.355092 9.966425 11.4486 11.70314 12.55198 12.68226 13.18564 16.40221 16.19168 16.61633 17.52514 17.08312 17.16261 17.50833 
  5.114088 5.17504 5.248405 7.007221 6.458521 7.16924 7.921298 8.958797 8.427313 10.11654 10.83999 11.53472 12.40661 12.64302 12.06981 12.94901 14.66216 15.51528 16.83044 18.56612 18.56119 19.34059 19.05767 
  4.33266 5.839375 6.348349 8.22726 8.677028 8.335677 7.496727 8.916134 9.512702 10.41266 11.32531 12.35286 12.25028 13.18923 13.33299 13.44638 14.55109 14.9516 16.87326 18.34305 18.87791 19.93459 20.41334 
  5.261396 5.649565 7.134022 8.355684 8.399714 8.77309 9.006313 9.214781 10.55287 10.45497 11.76209 12.43898 12.60201 12.82509 13.29471 12.54093 14.36598 13.78882 16.48787 17.97127 18.87791 19.73659 20.60701 
  4.96678 4.98523 5.798377 8.098835 8.177864 8.481482 8.77044 9.556092 11.05034 10.70878 11.6165 12.26674 12.40661 13.18923 13.45903 12.915 14.58811 14.38792 15.97402 17.67385 18.77234 19.53859 20.70384 
  4.216351 5.459755 5.09127 6.943008 8.51064 8.675888 8.534567 8.788141 10.59809 10.66648 12.63566 12.48204 12.05488 12.82509 13.17988 12.915 13.98053 14.0873 16.1453 17.30206 18.66676 19.73659 20.21968 
  4.96678 4.60561 5.169838 7.328284 7.456849 7.80106 9.525233 10.11072 10.86944 11.17411 12.82978 12.80204 12.05488 13.00716 12.7971 13.15304 13.66 13.86183 16.23094 17.37642 18.35003 19.34059 20.41334 
  3.535111 4.79542 6.191214 6.750371 6.735835 7.655256 8.157171 10.11072 10.77899 11.76635 12.68419 13.04862 13.10008 13.23475 13.06504 13.15304 13.82027 13.89941 15.9312 17.45078 18.66676 19.24159 20.51018 
  5.187742 5.17504 5.248405 4.858381 6.735835 6.926233 8.723266 9.982732 10.32674 11.13181 12.29594 12.35286 12.36753 12.96164 12.95021 13.18564 13.57987 13.54079 15.71709 17.079 17.82215 19.14259 20.51018 
  4.349276 5.36485 5.248405 6.621945 6.23667 8.384278 8.723266 8.745478 10.01017 9.947331 11.71356 12.43898 11.5859 12.23336 12.68226 12.57494 13.17921 13.43449 15.20324 16.48415 18.03331 19.93459 20.31651 
  4.498816 5.17504 5.562675 6.814583 6.791297 6.974834 8.959139 9.64142 9.919723 9.905028 12.05328 12.56816 12.65182 13.32579 13.21816 12.88099 13.98053 14.12488 15.07478 16.48415 17.92773 19.63759 20.31651 
  3.634805 4.228279 5.326972 7.264071 7.789625 7.217842 8.393044 9.85474 10.37197 10.79339 11.6165 12.35286 12.36753 12.91613 13.37127 13.11904 14.58811 14.27519 15.24606 16.5585 17.71658 19.04359 19.83234 
  5.114088 5.93428 7.055455 7.649346 6.403059 7.120639 8.581742 9.982732 10.68854 10.87799 11.37384 12.39592 12.40661 13.32579 13.41515 13.15304 13.70007 13.86183 15.97402 16.85593 17.39985 19.14259 20.21968 
  4.96678 4.166535 6.584051 7.649346 7.956013 8.092669 8.676091 9.812077 10.32674 11.17411 11.90768 12.7404 12.80124 13.64441 13.81006 12.88099 13.74014 13.89941 15.07478 16.03801 17.39985 19.24159 20.31651 
  5.408704 5.080135 6.426916 7.456709 8.28879 9.307707 8.77044 10.15339 10.95989 11.89326 11.51943 12.43898 13.59814 14.24565 14.24885 12.98301 14.66216 14.38792 14.9035 16.63286 17.82215 19.43959 20.60701 
  6.366207 8.212001 8.783937 9.318873 9.619894 9.988129 9.619583 11.36517 12.04617 11.42793 12.87831 13.60341 13.2993 14.44973 14.16109 13.70713 14.95834 14.91402 15.37453 16.85593 18.24446 19.24159 20.60701 
  6.881785 7.073141 8.3911 8.805173 9.786282 10.13393 10.46873 11.82619 12.22766 12.23547 13.71472 14.52806 14.19582 14.90892 14.81928 14.22863 15.84688 15.44012 15.88838 17.00464 18.13888 19.43959 20.51018 
  7.471018 8.686526 8.548235 9.575724 10.17452 10.32834 11.52516 12.13354 12.22766 11.59714 13.88028 14.65135 14.0464 14.14361 14.73152 13.9027 14.92131 14.87644 16.48787 17.37642 17.92773 17.9546 18.67033 
  11.30103 14.95026 15.32761 14.57374 14.64319 12.76576 11.73245 10.40937 10.73376 11.76635 13.93546 14.1582 13.34911 14.44973 14.46825 13.3486 15.43963 14.53824 15.71709 16.48415 15.92179 14.98462 15.86215 
  13.5843 17.33056 17.03489 17.9754 18.0515 15.98839 14.63454 13.74713 13.58886 14.44235 16.58443 15.88421 14.09621 16.08239 15.34583 13.08503 14.7362 13.93698 13.44872 14.03039 13.38797 13.99463 14.99064 
  14.40122 17.34595 16.10637 18.12659 17.75076 17.54414 15.25642 14.66918 14.04259 14.49618 16.25331 16.19243 15.19195 16.64361 15.8285 14.06566 15.92092 14.23761 14.17554 14.62524 13.70469 14.19262 14.79698 
  14.59518 17.269 16.10637 17.52185 18.55272 18.54427 16.50017 15.74491 14.08797 14.65766 16.08775 16.19243 15.44098 16.94973 16.13566 14.06566 16.36519 14.91402 14.34682 13.63355 12.22663 14.29162 14.60331 
  14.63397 17.17667 15.8967 16.9927 18.65296 18.54427 17.64028 15.97542 14.17871 14.3347 15.75663 16.19243 15.73982 16.18443 15.78462 14.19604 16.51328 15.36496 14.94632 13.88168 12.43778 14.39062 14.89381 
  14.63397 17.08433 15.71699 16.69033 18.15174 18.09977 17.84757 15.89858 13.99722 14.44235 16.3085 16.62394 15.64021 15.6232 15.30195 14.55457 15.80985 14.80129 15.37453 14.25346 11.9232 14.09363 14.70014 
  14.6469 17.03816 15.62713 16.46355 17.75076 17.87752 17.84757 15.82174 14.63244 15.08827 15.64626 15.576 14.94292 14.90892 14.90704 15.04347 16.29115 14.12488 15.20324 13.95603 11.87529 13.99463 14.35085 
  14.65983 16.99199 15.53728 16.38796 17.55028 17.76639 17.74393 15.51439 14.26946 14.55 15.64626 15.63764 14.7935 14.70483 14.16109 14.58716 15.84688 14.12488 14.94632 14.1791 12.21066 13.48908 14.16151 
  14.73742 16.9766 15.53728 16.23678 17.34979 17.65527 17.53663 15.82174 14.49632 14.01174 15.09439 15.576 14.54447 15.72524 14.29273 13.77232 14.88429 14.0873 15.1176 14.40217 12.43778 13.25447 13.71971 
  14.73742 16.93043 15.53728 16.31237 17.34979 17.54414 17.43299 15.74491 14.63244 14.87296 15.59107 14.65135 14.84331 16.49055 14.68764 13.96788 15.36558 13.82425 13.84847 13.78863 12.54336 13.69763 13.40414 
  14.69863 16.83809 15.53728 16.31237 17.34979 17.54414 17.32934 15.59123 14.5417 14.98061 16.69481 14.46642 14.39505 15.16402 13.81006 13.64195 15.47665 13.43449 14.06652 13.47846 12.03499 12.52457 12.42588 
  14.63397 16.73036 15.56723 16.31237 17.34979 17.21077 16.81111 14.97653 14.45095 15.41122 16.58443 14.46642 13.79737 14.44973 13.37127 13.51157 14.7362 13.22189 13.59408 13.29237 12.16275 12.4985 12.55211 
  14.54346 16.46874 15.44742 16.01 17.04905 16.43289 15.8783 14.36183 14.13334 15.41122 15.59107 13.66505 13.79737 14.24565 13.33299 13.15304 13.61994 12.4778 12.83092 12.67204 11.2844 11.66432 11.8263 
  14.37536 16.08912 14.99076 15.32967 15.84612 14.65489 14.11631 13.13243 13.27125 14.87296 14.54252 12.5251 13.79737 14.44973 12.14637 12.57494 11.57657 10.17466 11.55898 11.49342 10.75739 10.93442 11.70007 
  14.1814 15.7095 14.36222 14.42256 14.4427 12.76576 12.35433 12.05671 12.54527 14.3347 14.37696 11.83614 13.74756 14.14361 11.61048 12.67696 11.33617 10.59986 12.06775 11.86561 10.43799 10.5434 11.22672 
  14.02623 15.61459 13.73368 13.74223 13.13952 11.87675 11.62881 11.13466 12.0008 13.58113 13.21803 10.54434 12.05488 12.46095 10.95975 11.86082 10.69511 9.92663 10.75947 10.99715 10.4859 10.19574 11.00582 
  13.95257 15.51969 13.34085 13.36426 12.33756 10.96016 10.61025 10.45203 10.73376 11.72405 11.4709 10.54434 12.25028 12.32439 10.30902 10.6026 10.25438 9.784898 10.65045 11.4624 10.69351 10.08562 11.25827 
  13.95257 15.61459 13.18371 13.10741 12.00479 10.96016 10.23285 10.36671 10.46242 11.51254 10.79146 10.19986 11.78131 12.23336 10.42386 12.09886 12.17756 11.13135 11.99507 10.71801 10.78933 10.6998 11.6054 
  14.02623 15.8044 13.18371 12.91478 11.72748 11.34897 10.98765 10.23872 10.01017 12.02017 12.15034 11.49166 11.93763 12.27888 10.92147 12.09886 12.93881 11.80457 11.41361 11.21427 10.6456 11.03869 11.92097 
  14.12967 16.08912 13.65512 13.36426 12.43781 11.6545 11.31787 11.00667 10.37197 12.88139 12.34447 11.27636 12.85105 13.73545 11.49564 12.16687 11.7769 11.37938 11.81337 11.4624 10.62963 11.06476 11.66851 
  14.28484 16.46874 14.20509 14.27137 13.5405 12.76576 12.14704 11.90303 11.68348 13.312 14.04584 12.56816 13.59814 14.50075 12.45259 12.74497 12.41796 11.62741 12.03141 11.80358 11.7635 11.76859 12.01564 
  14.49173 16.96121 14.99076 14.49815 14.64319 14.43264 13.28714 13.05559 12.59065 13.47348 14.70808 13.1719 13.39892 14.90892 12.60571 13.25082 12.57822 12.19434 13.04897 12.70306 11.84335 12.31602 12.67834 
  14.73742 17.22284 15.2078 14.72493 15.84612 15.54389 13.70173 13.67029 13.13513 13.74261 15.09439 14.46642 13.19969 15.52116 14.68764 12.77898 12.41796 12.44237 13.55774 12.85814 10.85321 12.08141 13.90906 
  14.84087 17.29978 15.23775 14.72493 16.2471 15.65501 13.80537 14.05448 13.31662 13.58113 15.4807 14.5897 12.48477 14.60279 15.03868 14.35901 14.06067 12.33607 14.06652 13.5405 12.0829 12.4985 14.35085 
  14.815 17.29978 15.2677 14.72493 16.14685 15.54389 13.70173 14.13132 13.22587 13.58113 15.0392 14.40477 12.48477 14.55177 15.52135 14.61976 14.403 12.93843 14.43247 13.13728 12.22663 12.42029 14.57175 
  14.76328 17.28439 15.2677 14.72493 16.04661 15.54389 13.59808 13.90081 13.22587 13.74261 14.87364 15.14449 12.28936 14.70483 15.8285 15.20644 14.47704 12.76126 14.1392 12.85814 11.68365 12.62884 15.08748 
  14.67277 17.269 15.29766 14.57374 15.74588 15.32164 13.28714 13.67029 13.1805 13.74261 14.81845 15.45271 12.40661 14.14361 15.56523 14.75013 14.18086 13.04473 13.88481 12.64102 11.68365 12.52457 14.60331 
  14.53053 17.25361 15.44742 14.49815 15.24465 14.87714 12.56162 13.20927 12.95363 13.20435 13.99065 14.71299 12.44569 12.96164 14.86316 14.26123 14.0206 13.89941 12.21312 12.73407 11.25246 12.21175 14.25618 
  14.42708 17.05355 15.06933 13.81782 14.24221 13.87701 11.73245 12.28722 12.36378 12.074 13.49397 13.84998 12.2112 11.68714 14.07333 14.16345 14.44002 13.22189 11.95873 12.08273 10.61366 12.02927 13.97217 
  14.37536 17.23823 15.53728 13.17163 11.78294 11.54338 10.79895 10.87867 11.77393 10.58187 11.4709 12.00838 11.03876 10.13954 11.45737 12.16687 13.45967 12.40693 12.54019 12.7961 10.45396 11.2733 12.01564 
  14.3107 17.43829 15.95661 13.36426 10.951 10.18254 10.56307 9.940067 11.32168 9.77812 10.30614 11.79308 11.46866 10.73127 11.18942 9.922476 11.85703 11.48568 11.84971 11.74155 10.78933 10.93442 11.57384 
  14.07795 17.31517 15.8967 13.17163 10.89553 9.40491 9.430884 9.556092 11.36691 9.77812 10.40321 11.40554 10.64795 10.59472 11.38081 9.922476 11.69676 11.48568 12.14044 11.8346 10.39008 10.80408 10.81647 
  13.73161 17.16128 15.8967 12.72214 10.84007 9.161902 10.3272 9.513429 11.27646 10.07424 10.79146 11.06106 10.02265 10.41265 10.84492 9.956482 11.69676 11.76914 11.81337 11.98968 10.51784 11.03869 11.06893 
  13.36334 16.99199 15.86675 12.14423 10.61822 8.675888 10.1385 9.129454 10.77899 10.20115 11.03412 11.27636 10.99968 10.36713 10.38558 9.378381 10.97558 10.70615 11.55898 11.86561 10.08026 10.80408 11.47917 
  12.92142 16.77653 15.8368 11.30946 9.952669 8.77309 9.855455 9.086789 10.91466 10.66648 10.98559 11.36248 10.9606 10.27609 10.27075 9.582417 10.05406 10.03293 10.28704 10.56293 10.18247 10.46519 10.69025 
  12.47949 16.59186 15.86675 9.575724 8.732491 9.356309 8.487392 8.062855 9.512702 9.862725 11.4709 11.79308 11.70314 10.86782 10.11763 9.446393 10.57491 9.962063 9.814602 10.15971 10.24635 10.75194 10.91115 
  12.03757 15.99421 15.14789 8.548323 8.066938 7.946865 8.25152 7.678879 9.603151 9.482 11.4709 11.49166 10.45254 10.32161 10.11763 9.038321 9.533195 9.855764 10.4324 10.74902 10.11433 10.6216 10.69025 
  11.22737 15.14007 14.36222 8.22726 7.290462 7.606654 7.7326 7.46556 9.377028 9.058972 10.5488 10.28598 9.710001 9.092628 9.543464 8.834286 9.412997 9.430569 9.959967 10.09768 10.50187 10.6998 10.27968 
  10.19622 14.28592 13.57655 6.878796 6.902223 8.044067 7.11933 6.526953 8.472537 8.297522 9.335516 8.692755 8.498483 8.364343 8.969294 8.2061 9.332865 9.32427 10.03265 10.46988 10.34217 9.888978 10.22085 
  9.017753 13.14706 12.4766 6.878796 6.403059 7.072038 7.213679 6.441626 8.020291 8.212915 8.461948 8.132975 8.381239 8.455379 8.231926 8.645276 9.613328 9.138666 9.596555 10.28378 10.27829 10.41306 10.56402 
  7.250055 11.15406 10.66955 6.23667 6.01482 5.711195 6.553236 5.759003 7.568046 7.493768 8.122229 8.735815 7.79502 8.045718 8.045451 8.102765 9.039289 9.113638 9.279081 10.15971 10.08878 10.6216 10.5248 
  5.776975 8.022191 7.369724 5.273482 5.903894 5.322383 6.317363 5.673675 5.923228 6.262942 7.297193 7.400953 7.951345 8.091236 8.391761 9.106333 9.412997 9.395136 9.455331 9.973614 10.31023 10.05416 10.5248 
  5.408704 5.269945 5.562675 5.01475 3.643524 6.343015 6.08149 5.673675 6.754004 6.605409 7.297193 7.357893 7.716858 7.817796 8.471679 8.868292 9.372931 9.263809 9.288873 9.730946 10.23038 10.21147 10.53461 
  5.703321 4.79542 5.169838 4.154721 4.690124 5.954203 6.08149 6.014986 7.070576 7.282254 7.491319 8.219094 8.303077 7.804744 8.191967 9.004315 9.412997 9.201238 9.161581 9.911581 10.61366 10.5434 10.14241 
  5.482358 4.79542 5.71981 6.108245 5.848432 6.440218 6.506061 6.356297 6.61833 6.901528 7.831039 7.831554 7.569631 7.68727 8.624791 8.696944 8.685213 8.938438 9.249706 9.645381 9.841757 10.72587 10.84803 
  4.249582 6.029185 6.976888 5.594544 5.088828 5.759797 5.56257 6.185642 5.799312 6.42276 8.17076 7.357893 7.677777 8.182271 8.548235 8.67111 8.763897 9.226266 9.523872 9.692917 10.08878 10.31373 10.69025 
  5.556012 7.168046 7.21259 5.915607 6.125745 5.905601 5.939966 5.620335 6.527881 6.943831 7.733976 7.702374 7.404722 8.546414 8.854459 8.834286 8.672099 9.251295 9.523872 10.06666 10.51784 9.857515 10.3189 
  5.261396 7.737476 7.21259 6.23667 5.40473 5.233667 5.656919 6.526953 6.980127 6.732317 6.755006 7.228713 8.576645 7.504533 8.058771 9.004315 8.47539 8.975982 9.814602 10.1287 10.43799 10.72587 11.47917 
  5.997937 6.218995 5.876944 5.594544 5.626581 5.711195 5.656919 6.228306 5.985187 6.445591 7.20013 7.102284 7.554639 7.765586 8.138688 8.80028 8.84258 8.875868 9.15179 9.721438 10.08026 10.24293 10.54441 
  4.59851 5.55466 5.484107 3.972291 4.615366 4.435225 4.634088 5.801666 5.737353 6.103124 7.103067 6.870497 7.254805 7.726428 8.391761 8.834286 9.172601 9.572301 9.596555 9.740453 9.926936 9.865381 10.25027 
  4.000348 4.259151 5.326972 5.97982 4.391095 5.056236 4.634088 5.300296 6.301758 5.82915 6.291625 6.680853 7.20983 8.045718 8.586513 8.834286 8.868808 9.32427 9.705578 9.673903 10.0547 10.33732 10.30909 
  4.415738 4.104791 4.195603 5.118995 5.238342 5.808398 5.219012 5.647005 5.972795 6.605409 6.561931 6.786211 7.599614 7.752533 8.931015 8.33527 8.47539 8.950953 9.386789 9.88306 10.29426 10.36092 10.45617 
  5.408704 6.12409 5.876944 5.01475 5.293805 5.662593 5.656919 6.228306 5.724961 6.816923 6.388163 5.880135 7.014938 8.136753 8.09873 8.244851 9.172601 9.251295 9.465122 10.19073 10.91709 10.75194 10.7218 
  5.261396 4.700515 6.505483 6.429308 4.739962 5.204095 6.411712 5.929658 6.12086 6.354266 6.967389 6.828354 7.951345 8.182271 8.969294 8.477356 8.973719 9.395136 9.669237 9.607353 10.50187 10.49126 10.84803 
  4.448969 4.166535 3.897048 5.145057 5.626581 4.021218 5.56257 5.140277 5.19212 6.125955 6.755006 7.357893 7.239813 8.364343 8.739625 9.820458 10.01399 9.607734 9.328039 9.521789 10.21441 10.6216 11.70007 
  5.408704 4.98523 6.112646 5.530332 5.349267 5.516789 4.210521 4.020142 6.030411 6.605409 6.195088 6.343709 7.164855 7.896112 8.854459 11.38473 11.61663 10.17466 9.814602 10.19073 10.99694 10.77801 12.96235 
  4.365891 4.700515 5.326972 5.20927 4.640285 5.322383 5.279522 5.84433 5.216903 5.988968 6.17578 7.228713 7.569631 7.765586 8.548235 8.50319 8.724555 8.963468 9.504289 10.09768 10.18247 9.90471 9.936513 
  5.408704 4.4158 4.232923 4.076537 4.540609 4.790089 5.138333 5.759003 5.427561 7.155345 7.636914 7.123355 7.716858 7.909164 7.685822 8.868292 9.292799 9.359703 9.347623 9.654888 9.790649 10.06989 10.65869 
  4.672164 4.98523 5.169838 3.477123 5.063909 5.370985 4.795446 5.086937 5.910837 5.760657 7.006004 6.722996 7.329763 7.954682 8.09873 8.554858 8.60653 8.788268 9.357414 9.816509 10.3262 10.43912 10.28948 ]
