 [
  4.90132 4.018386 3.233567 3.331523 4.043308 3.657209 5.129593 5.714412 5.258654 6.192088 6.960862 6.81574 7.716489 7.989148 8.400044 8.63232 9.232065 9.627934 9.471275 10.07912 10.00784 10.35243 10.5975 
  5.024271 3.207087 2.515463 3.489188 3.712887 3.619012 4.796708 4.968113 4.401031 5.888196 6.123422 7.260249 7.254821 8.138632 8.233988 9.179155 8.971361 9.523265 9.556356 9.82293 10.3681 10.44703 10.86845 
  3.794749 3.207087 3.712304 4.056782 5.274858 4.841327 4.981645 5.424184 6.116277 6.018436 6.681715 7.199635 7.254821 7.950407 8.524586 8.68101 8.809973 9.362331 9.420226 9.969272 10.02698 10.15272 10.40677 
  4.737383 3.397981 3.233567 4.277514 3.566033 3.275236 5.388504 6.460711 6.721658 6.365741 6.774765 7.139019 7.375257 7.892296 8.109446 8.573891 8.809973 9.056558 9.607406 9.969272 10.25666 10.15272 10.56738 
  3.671797 2.252617 2.635147 2.921594 3.602746 4.573946 5.092607 5.507107 6.267622 5.975023 7.302042 6.89656 6.773082 8.076314 8.647008 9.089692 9.194821 9.748818 10.0418 10.07912 10.26623 10.08966 10.05542 
  3.917701 3.11164 2.754831 2.2594 2.831764 5.032314 4.241899 5.009574 6.368519 6.192088 6.247488 6.997584 7.575981 7.747019 7.953768 8.651796 8.809973 9.153118 9.505308 10.04706 10.63475 10.17375 10.54731 
  4.737383 3.922939 2.694989 3.457655 4.300302 4.230169 4.685747 5.25834 6.065828 6.886698 7.053911 6.85615 7.395329 8.076314 8.945644 8.73944 8.797559 8.927812 9.77757 9.941833 10.12268 10.31039 10.57742 
  5.106239 3.302534 1.438305 3.363056 3.125472 3.619012 4.389849 5.963178 6.418967 6.409154 6.526634 7.543119 7.094242 7.911666 8.296259 8.710225 9.021019 9.201398 9.641438 10.14323 10.07483 10.79389 10.69788 
  5.979885 3.922939 3.233567 2.606264 2.941905 4.726735 5.536453 5.880256 6.01538 5.844784 7.177977 6.89656 7.844094 7.901981 7.964147 8.78813 9.182407 9.627934 10.0418 10.015 10.14182 10.28937 10.3365 
  5.229192 4.018386 3.413094 3.489188 3.235612 3.924591 5.573441 6.294867 6.267622 6.886698 6.619683 6.351025 7.294967 7.872926 8.696781 8.58363 9.058263 9.330145 9.386193 9.484515 9.84514 9.858416 10.45696 
  4.61443 3.016193 4.011514 3.772985 3.198899 4.573946 5.31453 5.507107 6.519864 6.192088 6.929846 6.916765 7.134387 7.960092 7.933011 8.719963 8.934118 8.895625 9.02885 9.585125 9.730296 10.08966 10.47704 
  4.860335 2.729852 2.814673 2.66933 3.786314 4.994116 5.166581 6.129023 5.35955 6.278914 7.612205 7.644144 7.154459 8.076314 8.389666 8.573891 9.330441 9.201398 9.658455 9.950979 9.787718 10.14221 10.86845 
  2.934083 2.968469 1.737516 3.394589 3.52932 3.007854 4.389849 4.719347 4.855067 5.410653 6.278504 8.105507 7.495691 7.46615 8.265123 8.457033 8.723072 9.555451 9.862651 9.877808 9.921702 10.53112 10.51719 
  5.270176 4.113833 2.216252 3.331523 4.337015 4.573946 4.463823 4.346197 5.510896 6.452567 6.929846 7.797932 7.355184 7.756704 8.067932 8.447295 8.437539 8.847344 9.97909 9.969272 9.912132 10.47856 10.51719 
  5.475097 4.400174 3.173725 2.98466 3.052045 4.268367 4.722734 5.963178 5.914483 5.757957 5.627162 6.795535 7.911481 7.872926 7.995282 8.486248 8.524441 9.297958 9.794586 9.832076 10.32366 10.53112 10.52723 
  5.434113 3.397981 3.054041 3.394589 4.777576 4.764933 5.351517 4.968113 5.864035 6.409154 7.302042 7.341069 7.555909 7.727649 8.431179 8.866035 9.033434 9.024371 9.641438 9.630857 10.26623 10.24732 10.31642 
  5.557065 3.875216 2.814673 3.363056 3.823027 4.306564 4.944657 4.926652 5.157757 6.148675 6.216471 6.6541 7.254821 7.708279 8.119824 8.388866 8.673414 9.297958 9.828618 10.04706 9.711156 10.14221 10.69788 
  3.384908 3.11164 2.754831 3.867584 4.520583 5.2233 5.203568 5.963178 6.267622 6.365741 6.991879 7.874825 7.234749 7.931037 8.296259 8.797869 8.54927 8.557665 9.284095 9.557686 9.912132 10.37345 10.62761 
  4.90132 2.777575 2.216252 2.890061 3.933167 3.50442 4.685747 5.755873 6.368519 6.322328 6.619683 6.97738 7.515764 7.8245 8.597236 8.642058 8.735486 9.040464 9.335144 10.2394 9.988694 10.08966 10.26623 
  5.065256 3.541151 2.335937 3.173858 3.859741 3.886394 5.462479 5.880256 6.217174 6.365741 6.588667 7.361274 7.274894 7.688908 8.109446 9.134424 8.88446 9.297958 9.062882 9.960125 10.45698 10.48908 10.52723 
  8.93963 10.24623 10.46725 10.15595 9.385915 7.376507 9.547683 9.865455 10.82136 12.92892 13.60113 12.18087 10.80914 12.06463 11.08587 10.11852 10.6585 12.52918 10.98249 12.67568 13.83458 12.67708 11.7213 
  10.4195 12.76249 12.53037 11.5051 11.53488 9.300529 11.15692 11.16807 11.50529 14.46435 15.21354 13.0267 11.5504 13.80952 12.23064 10.56583 11.88819 14.0201 11.57826 14.11822 14.94563 14.03473 12.87265 
  13.23831 15.37194 14.18086 13.23972 12.84294 10.87473 11.15692 11.10294 10.76437 11.92755 13.14044 11.95019 11.75257 13.18635 11.83246 9.850126 11.49469 13.29479 12.70709 14.19987 14.50121 14.38509 13.76814 
  13.66113 15.09236 14.26338 13.72156 13.68384 11.66183 11.99652 11.55885 10.4794 12.52837 13.90826 12.71913 11.34824 11.62841 11.23519 10.87895 12.18332 13.25449 13.86728 15.66973 16.23783 16.00551 15.51648 
  13.30878 14.62638 13.76824 12.46878 10.97428 9.562895 9.757583 9.800324 9.909469 11.46024 12.60298 12.41156 11.88734 12.81244 11.93201 11.54992 12.92113 13.81863 14.88303 15.99636 17.23038 17.27022 16.83996 
  13.44972 14.16041 12.94299 10.54142 10.13338 9.300529 10.10742 9.279279 10.13744 10.25859 11.83517 11.71951 11.95473 13.06171 12.6786 12.04196 13.36382 14.74541 14.8172 16.24134 17.68154 17.61515 17.75176 
  13.80207 14.06721 12.61289 10.05958 10.13338 9.300529 9.477716 10.12598 10.99234 11.25996 12.83332 12.48845 11.5504 12.81244 12.92746 13.38391 14.24919 14.66482 15.21221 16.40466 17.63643 18.64993 18.28364 
  13.44972 13.78763 11.78764 10.44505 9.479347 9.300529 8.708083 10.45163 11.44829 10.7259 12.98688 13.48807 13.30248 14.24574 14.22155 13.60756 14.00326 14.78844 16.3314 17.3029 18.4034 18.94558 18.51159 
  13.59066 14.16041 11.54007 11.11963 9.012182 9.300529 10.31732 10.64702 11.16333 10.85942 13.29401 14.18011 12.49383 14.86892 14.47042 14.41273 14.88863 15.64895 16.46307 17.71119 18.35829 19.04413 18.54959 
  14.22489 14.81277 13.43814 12.17967 10.69398 10.52491 11.57672 13.31738 14.18398 13.12919 15.82778 16.56382 15.45888 16.05295 15.72174 15.13758 16.15742 16.12223 17.71393 19.26271 18.85456 19.24123 18.43561 
  14.87198 15.83791 15.00611 14.7816 13.77727 12.01165 12.83611 13.25225 12.93012 13.19595 15.98135 17.10207 16.20014 17.03165 16.74937 15.75795 17.22458 17.45602 18.10893 19.01773 18.80945 18.05862 17.67578 
  15.09304 16.67666 16.03965 16.51622 15.17877 13.67331 13.60575 13.38251 13.1011 14.19732 16.67238 17.25586 16.4023 17.03165 15.99577 15.08795 16.56787 16.93971 17.12141 17.87451 17.18526 16.0493 15.55912 
  15.15752 17.04944 16.60327 17.06753 15.5525 14.11058 13.39585 13.64304 13.21509 14.13056 16.51881 17.958 17.05064 17.76567 16.68086 14.54692 15.47888 15.30475 15.14637 15.42475 15.74559 14.91063 15.00477 
  15.09304 17.14264 16.60327 17.43441 15.45907 14.28549 13.25591 13.38251 13.27209 13.99705 16.05813 17.72227 17.00433 17.61275 16.50959 14.71573 15.47888 15.3908 14.09302 13.60531 14.67898 14.38509 14.62099 
  15.03778 17.14264 16.60327 17.52246 15.36563 14.46041 13.53578 13.51277 13.44307 14.06381 16.05813 17.91871 17.56004 17.70451 15.24218 14.50219 15.4297 15.13264 13.96135 14.77149 15.39006 13.94714 13.59757 
  14.9733 17.23583 16.52975 17.53714 15.36563 14.54786 13.67571 13.51277 13.50006 14.13056 16.28847 17.958 17.65266 16.63405 15.0709 15.18721 15.03619 13.89922 12.83252 13.34886 14.54566 13.99093 14.02399 
  14.91804 17.23583 16.45623 17.53714 15.2722 14.63532 13.88561 13.64304 13.61405 14.46435 16.74916 18.31159 18.25468 16.90931 14.42064 14.50219 14.49513 14.58423 13.08337 12.54745 13.87902 13.46539 14.36513 
  14.93646 17.14264 16.44398 17.41973 15.36563 14.63532 13.88561 13.7733 13.84202 14.93166 17.28662 18.50804 18.39361 15.30514 14.12201 14.09961 13.95407 14.46335 12.67574 12.41923 13.7457 12.89606 14.49306 
  14.93646 17.14264 16.37047 17.24363 15.64593 14.81023 13.95558 13.90356 14.18398 15.46573 17.44019 18.15444 17.65266 14.37038 13.47496 13.29444 13.65894 13.45597 12.23675 11.52165 13.12351 12.58949 14.57834 
  14.95488 17.04944 16.24794 17.15558 15.92623 15.07259 14.23545 14.22921 14.52594 15.93303 17.36341 17.40965 16.81909 14.61965 13.62428 12.75767 13.01951 13.49627 12.4876 11.55371 13.21239 12.41431 15.1327 
  14.8904 17.04944 16.13767 17.12623 16.20653 15.42242 14.37538 14.29434 14.8679 16.4671 17.28662 17.02518 16.13275 13.68489 12.57905 13.11552 14.00326 13.25449 11.86047 11.84222 13.39016 13.15883 15.47383 
  14.86277 17.14264 16.01514 17.15558 16.6737 15.94715 15.00508 14.94565 15.94516 17.29189 17.55411 17.48654 15.8632 12.75012 12.03155 13.5181 14.59351 13.49627 12.36217 10.65613 12.50132 14.34129 16.38406 
  14.83514 17.23583 16.00289 17.21428 17.14086 16.64679 15.56481 15.47135 16.64659 17.57077 17.706 17.48654 15.3241 12.81244 12.18087 13.47337 14.64269 13.29479 12.01725 10.2394 12.94574 15.08581 16.34607 
  14.75224 17.29538 16.06415 17.46376 17.70098 17.38585 16.11844 15.96605 17.53932 18.59333 18.69332 18.07586 14.31329 13.31098 12.6786 14.05488 15.52807 13.77833 12.61302 10.78436 13.87902 15.83033 16.87795 
  14.73382 17.31664 16.10091 17.43441 18.33578 18.08144 16.73358 16.32583 17.85815 19.05813 19.37684 18.58661 14.44806 13.49793 13.37541 14.88943 16.29424 13.77833 12.4876 10.7523 14.81231 15.78653 17.06791 
  14.70619 17.33366 16.08866 17.40506 18.93323 18.73355 17.34873 16.91047 17.92192 19.24405 19.68063 18.70448 14.91978 14.18342 14.02246 15.55943 16.18478 13.89922 12.83252 10.81641 15.52338 16.58037 16.80197 
  14.67856 17.31239 16.02739 17.31701 19.41867 19.29871 18.0869 17.54009 17.98569 19.15109 19.56671 19.05807 15.72843 15.05587 14.76905 15.98128 16.59523 14.58423 13.74185 11.07286 15.87892 16.33399 16.91595 
  14.67856 17.26135 15.89261 16.97948 19.49335 19.38566 18.64053 17.94484 18.49582 19.29053 19.41482 19.72597 16.63385 15.55441 15.20792 16.15498 16.67732 14.54394 13.7105 12.06661 15.56782 16.43254 16.61201 
  14.66935 17.23583 15.74883 16.75935 19.41867 19.34219 19.00961 18.03479 18.81465 19.47645 19.37684 19.9617 17.14326 16.08353 15.58472 15.85721 16.59523 14.78844 13.83592 12.70774 16.01225 16.87602 16.07083 
  14.60487 17.23583 15.74883 16.65662 19.19462 19.29871 19.19415 18.1697 18.94218 19.61589 19.18698 19.21522 17.51373 16.35879 15.96152 15.93165 17.00568 14.66482 13.20879 12.96419 15.52338 16.0493 16.15611 
  14.57724 17.23583 15.6663 16.65662 19.00792 19.21176 19.3787 18.12473 18.81465 19.61589 19.149 18.82234 18.48623 16.26704 15.8245 15.70832 16.92359 14.96054 13.83592 13.47709 16.05736 15.47997 15.98554 
  14.57724 17.23583 15.6663 16.62727 18.89589 19.16829 19.31718 17.98981 18.68712 19.66237 19.22495 19.01878 19.3198 16.51171 15.58472 15.46017 16.73204 15.5629 14.15885 13.79765 15.9678 16.13689 16.61201 
  14.50677 17.2571 15.74883 16.61259 18.74653 19.03787 19.25567 17.98981 18.49582 19.47645 19.33887 18.54732 18.76409 16.81756 15.65323 15.70832 16.86886 15.47685 13.96135 13.89382 16.23783 16.5311 16.11347 
  14.50677 17.31664 15.83135 16.68597 18.70919 19.03787 19.31718 17.80992 18.11322 19.42997 19.56671 18.39017 18.76409 17.42924 15.65323 15.83239 16.86886 15.5629 14.09302 14.19987 16.55364 16.7282 16.57402 
  14.57724 17.35917 15.83135 16.75935 18.74653 19.12481 19.44021 17.8549 18.11322 19.42997 19.64266 18.23302 18.90302 17.85743 15.75599 16.13017 16.92359 15.95013 14.75136 14.77149 17.50108 16.97457 16.07083 
  14.57724 17.3847 15.83135 16.68597 18.67185 19.03787 19.31718 17.67501 17.85815 19.33701 19.68063 17.958 18.85671 17.97976 16.13279 16.10535 16.73204 15.77802 14.29052 14.52651 16.64387 16.62964 16.34607 
  14.57724 17.39745 15.88036 16.68597 18.55982 18.95092 19.25567 17.58506 17.60309 19.19757 19.68063 17.87942 18.3473 17.79626 16.23555 16.08054 16.81413 15.95013 14.35635 15.01646 17.32061 16.87602 16.80197 
  14.57724 17.38895 15.8436 16.64194 18.52248 18.8205 19.07113 17.18031 17.22049 19.10461 19.64266 17.958 18.48623 17.85743 16.23555 15.73313 16.70468 15.99315 14.55386 14.60817 16.37317 16.23545 16.53603 
  14.57724 17.37619 15.83135 16.61259 18.52248 18.77702 18.9481 17.09036 16.96542 19.10461 19.64266 17.87942 18.25468 17.521 16.03003 15.48499 16.64996 15.86408 14.8172 14.60817 16.46341 16.28472 17.02992 
  14.57724 17.38895 15.83135 16.51622 18.55982 18.77702 18.76355 17.09036 16.96542 19.24405 19.83253 17.958 18.3473 17.64334 16.6466 15.43536 17.25194 16.81063 14.55386 14.68983 16.28294 16.5311 16.99193 
  14.58645 17.37619 15.74883 16.41986 18.59716 18.69007 18.57901 17.04539 16.83789 19.01165 19.52874 17.48654 17.74528 17.39866 16.95489 15.55943 17.0604 16.63853 14.42219 14.77149 17.2755 16.5311 17.1059 
  14.57724 17.3932 15.83135 16.51622 18.6345 18.69007 18.45598 16.95545 16.71036 18.68629 19.22495 17.52583 17.51373 17.49041 17.12617 15.38573 16.67732 16.29433 14.88303 15.01646 17.04992 16.13689 16.30808 
  14.57724 17.41447 15.83135 16.51622 18.59716 18.60313 18.20993 16.64064 16.45529 18.22149 18.88319 17.02518 17.05064 17.49041 16.98915 15.38573 16.78677 15.95013 14.42219 14.85314 17.77177 17.07312 16.46005 
  14.57724 17.43573 15.86811 16.51622 18.55982 18.55965 17.96387 16.3708 16.07269 17.84965 18.54142 16.94829 16.58754 16.87873 16.54384 15.31128 17.0604 15.95013 13.96135 14.44485 17.63643 16.82675 16.30808 
  14.58645 17.46551 15.88036 16.41986 18.29844 18.29881 17.47175 15.92108 15.56256 16.92005 17.66803 16.02556 15.8632 15.866 15.27643 14.54692 16.29424 15.17567 13.96135 14.68983 16.77922 16.23545 16.15611 
  14.62329 17.48252 15.85586 16.22712 18.03705 17.99449 17.10267 15.69621 15.05243 16.78061 17.59208 15.94867 15.99798 16.29762 14.81882 14.59165 15.82906 15.34777 14.48802 15.01646 17.09503 15.91792 15.47383 
  14.64171 17.49953 15.86811 16.03439 17.66364 17.6467 16.7951 15.42638 14.52594 16.66737 17.20984 15.4873 15.8632 16.51171 14.96814 14.18907 15.52807 14.30217 14.09302 13.79765 16.28294 16.9253 14.70627 
  14.6325 17.49528 15.83135 15.74528 17.25289 17.25543 16.3645 14.75026 14.06999 16.40034 16.9795 15.02594 15.12194 15.866 14.22155 14.2338 15.28213 14.34246 13.58507 13.12447 15.61227 16.13689 15.30327 
  14.57724 17.47401 15.83135 15.26344 16.48683 16.64679 15.56481 14.09895 12.87313 14.66463 15.44388 14.79526 14.65023 15.05587 13.47496 13.65229 15.03619 14.42305 13.80457 13.0283 15.74559 15.61135 14.91948 
  14.50677 17.50378 15.90487 14.7816 15.92623 16.12206 15.35491 14.68513 13.89901 15.26545 15.82778 14.94905 14.31329 14.55733 13.67405 12.93659 14.69188 14.22158 13.39693 12.45129 15.30117 14.82304 14.87684 
  14.4363 17.43148 15.83135 14.29977 15.45907 15.77224 15.56481 15.33643 14.52594 16.06655 15.90456 14.41079 14.04374 14.05879 12.6786 12.62347 13.60976 14.0604 13.74185 11.93838 14.54566 14.60406 14.45042 
  14.29536 17.30388 15.6663 13.72156 14.89847 15.07259 14.93511 15.2713 14.9249 16.73413 14.67607 13.33428 12.35905 13.31098 12.72837 12.31035 14.05244 14.0201 12.95794 11.42548 14.32345 14.2537 13.68285 
  14.22489 17.14264 15.41873 12.95062 13.96414 14.19804 14.37538 14.94565 14.69692 16.53386 14.21538 13.41117 11.81995 13.18635 12.82792 11.99723 14.05244 13.73804 13.491 10.94464 14.41233 14.16611 14.19456 
  14.15442 16.95625 15.08863 12.37241 13.21667 13.41094 14.02555 14.48973 13.95601 15.33221 13.83147 12.18087 11.81995 12.87476 12.28042 11.90777 13.36382 12.69036 12.55031 10.39968 13.16795 13.4216 13.85342 
  14.01348 16.67666 14.67601 11.31236 11.53488 12.09911 12.90608 12.99173 13.67104 14.66463 12.9101 12.48845 11.68518 12.99939 12.72837 11.77358 13.31463 11.88446 11.73505 10.7523 13.70126 13.20262 13.38436 
  13.80207 16.21069 14.09833 10.73416 10.88084 12.09911 12.90608 12.40555 13.89901 14.8649 12.9101 11.64262 10.60698 12.37622 12.28042 11.68411 12.62601 11.76357 11.60962 10.65613 13.07907 12.58949 12.65944 
  13.52019 15.55833 12.94299 9.192272 10.03995 11.13709 11.92655 11.62398 13.27209 13.26271 12.60298 11.64262 10.40482 11.44146 11.93201 11.63938 12.82275 11.60239 12.39353 10.81641 12.23467 12.4581 12.61679 
  12.74502 14.3468 11.12745 8.999537 10.97428 10.61236 12.20642 12.01477 13.61405 13.52974 12.37263 12.64224 11.81995 11.94 12.28042 11.37099 11.15038 11.11885 12.11132 10.5279 11.70136 11.626 12.19037 
  11.61749 13.22846 10.38473 8.999537 10.03995 9.825262 12.20642 12.60094 14.41195 14.53111 12.98688 11.33504 10.74175 11.69073 12.1311 12.13143 12.47844 11.28003 11.67233 10.68819 12.14578 12.15154 11.76394 
  9.996681 11.55096 9.311905 8.035858 10.22681 11.31201 12.13645 12.27529 13.55705 13.66326 12.5262 11.71951 10.60698 11.31682 12.52928 11.72884 12.08494 11.40092 11.70369 10.49585 11.47915 12.02015 12.14773 
  7.953048 9.407484 8.651708 8.421329 9.105616 10.52491 12.20642 11.88451 13.44307 13.46298 13.21723 12.41156 11.28085 11.56609 12.57905 12.0867 12.42925 10.7562 11.48419 10.39968 11.39027 11.88877 11.93451 
  6.825526 8.848316 9.559479 8.614065 9.759647 10.43745 11.50675 11.36346 12.98712 13.19595 12.44942 11.18126 10.80914 11.50377 11.93201 11.2368 11.34713 10.67561 11.42148 10.55996 12.45688 12.37051 11.50809 
  5.557065 8.289148 8.15656 8.903168 10.50711 10.69982 11.64668 11.42859 12.70215 13.19595 12.67976 11.71951 10.27004 10.69365 11.68314 11.46046 12.03576 10.39354 11.23334 10.17529 11.83469 12.06395 11.63602 
  6.191296 7.264008 8.239084 8.228594 8.731883 9.475439 11.99652 12.01477 12.47418 12.7954 12.5262 11.8733 10.4722 9.88352 11.43428 10.87895 11.00282 10.35325 11.17063 10.00586 11.03473 11.53841 10.68784 
  6.543646 8.568732 8.734232 8.903168 9.666214 9.737806 11.57672 11.42859 12.41718 12.46161 12.21907 11.25815 9.596168 10.38206 11.28496 11.2368 11.39632 9.990589 10.85707 10.30351 11.07917 11.66979 11.29488 
  5.229192 7.170813 7.166265 8.517696 10.22681 10.00017 10.10742 10.71215 12.47418 12.12782 10.76023 10.10474 9.124455 9.696568 10.98633 10.92368 11.34713 9.668228 10.32401 9.859515 10.94584 11.27564 11.20959 
  5.434113 7.264008 8.899282 7.746755 8.451584 8.863251 10.31732 10.58189 12.13222 11.527 10.68345 10.02785 9.394005 9.135711 10.98633 10.78948 10.6585 9.990589 10.44943 9.749759 10.67919 10.83769 10.69788 
  5.31116 6.891229 8.321609 7.168548 8.63845 8.425973 8.638117 10.32137 11.84725 11.66051 11.06735 10.18164 8.98968 9.073393 10.93655 10.11852 10.31419 9.627934 10.10452 10.14323 10.54587 10.83769 10.56738 
  5.51608 5.586504 6.175969 6.783076 8.264717 7.726329 8.218316 8.367449 10.99234 10.85942 10.52989 9.566487 8.585356 8.138632 9.891326 9.402812 9.920691 9.789114 10.10452 10.07912 10.50142 10.48908 10.91109 
  6.473176 6.052477 7.743937 6.879444 6.209189 7.376507 8.288283 7.651011 10.82136 10.7259 9.454951 8.79755 8.315805 8.263267 9.343826 9.760663 10.16663 9.587638 10.10452 10.015 10.3681 10.5101 10.65773 
  7.107407 7.357202 8.15656 6.783076 5.181425 7.376507 8.708083 8.041796 9.738488 10.19183 9.531733 9.028232 8.383193 8.512536 9.194508 9.939589 10.06825 9.708524 9.811602 10.07912 10.59031 11.05666 10.99638 
  4.819351 6.891229 7.248789 6.397605 5.64859 6.939229 8.987949 8.302319 9.966462 9.858044 9.454951 8.336187 8.113644 9.198029 8.696781 8.661534 9.194821 9.072651 9.97909 10.49585 10.41254 10.66251 10.467 
  5.768475 5.259197 4.909145 5.723031 6.022323 7.813784 8.848017 8.172057 8.085677 9.123705 9.608514 7.951719 7.978868 8.037574 8.451937 9.223886 9.379628 9.539358 9.845634 9.886954 9.940844 10.27886 10.69788 
  6.543646 5.772893 5.268198 5.144824 6.209189 5.802307 8.078383 7.716142 9.11156 9.190462 7.457123 7.502709 6.692792 7.863241 8.483072 9.179155 9.576378 9.458891 10.01045 9.877808 10.28537 10.33141 10.82581 
  7.177877 6.891229 6.175969 4.373881 4.777576 4.421156 7.168817 7.52075 9.339534 9.457495 8.456797 8.1824 7.636199 7.48552 8.192473 8.73944 8.99619 9.072651 9.573373 9.585125 9.730296 10.79389 10.99638 
  6.191296 4.35245 3.951672 3.394589 4.887717 5.977218 6.609084 7.129966 7.629729 8.189091 8.533578 7.603734 7.776706 7.456465 8.483072 8.642058 9.330441 9.627934 9.930717 9.62171 10.41254 10.79389 10.50715 
  5.434113 5.400115 5.84587 3.899117 3.933167 5.452485 6.749017 6.999704 8.085677 8.189091 7.765767 6.835945 7.844094 7.969778 8.348151 8.466771 9.008605 9.474984 10.10452 9.813784 10.15139 10.33141 10.78317 
  5.475097 5.306921 5.84587 3.61532 5.181425 5.802307 7.168817 7.651011 8.142671 7.798373 7.426107 7.199635 7.575981 8.037574 8.265123 8.58363 8.958947 9.829409 9.692488 10.33557 9.959984 9.984548 10.31642 
  5.838945 5.116027 5.208355 4.566617 5.461724 5.977218 6.202224 6.668016 7.074797 7.364242 7.612205 6.97738 6.492067 8.076314 8.846099 9.447543 9.232065 9.281864 9.573373 9.713174 10.15139 10.53112 10.60754 
  5.838945 5.679699 5.84587 3.29999 4.594009 4.80313 6.202224 6.668016 7.27659 8.322607 7.99611 7.058199 7.575981 8.512536 8.586857 8.437557 8.958947 9.869704 9.947733 9.950979 10.09397 10.66251 10.86845 
  5.838945 5.400115 5.680821 3.867584 4.740863 4.07738 5.277543 6.543633 6.570312 6.756459 7.115944 7.21984 7.375257 7.611427 8.400044 8.242794 8.660999 9.708524 10.13587 10.27145 9.854711 10.4155 10.78317 
  6.120825 5.16375 5.088672 4.277514 5.181425 5.2233 5.684402 6.170484 6.873003 7.103764 6.836797 7.280454 7.776706 7.960092 8.846099 8.612844 8.934118 9.314052 9.284095 9.713174 10.45698 10.08966 10.63765 
  6.050355 4.06611 3.772146 3.142325 4.777576 5.032314 6.313186 5.880256 6.9739 7.103764 6.960862 7.118814 7.676344 7.679223 8.254745 8.729701 9.52719 9.442798 9.181997 9.429637 9.969554 10.48908 10.95374 
  5.188208 4.113833 3.89183 3.457655 3.896454 4.421156 5.499466 5.424184 6.065828 6.105262 6.867813 7.300659 7.194604 8.200949 8.514208 8.603106 8.909289 9.104838 8.858686 9.969272 10.00784 10.66251 10.56738 ]
