 [
  3.635112 2.861406 4.373252 5.381391 5.413769 4.601816 4.835416 4.799313 5.86456 6.829029 7.184574 7.214872 7.525781 7.994558 7.723767 8.120901 9.078649 9.322072 9.387586 9.681558 9.351047 9.84698 10.31764 
  3.071798 3.172156 4.264538 5.255369 5.448732 5.194443 4.931133 4.760849 6.168905 6.829029 6.890746 7.574987 7.88808 7.637234 8.208296 8.165968 9.078649 9.783809 9.638183 9.894407 10.36867 10.25453 10.62236 
  2.977913 3.265381 2.90561 4.589254 5.262264 5.080476 5.103424 5.491646 6.059341 6.374098 6.785818 7.156068 7.761372 7.847425 8.343965 8.090857 8.827129 9.194412 9.638183 10.12685 10.14342 10.43284 10.48275 
  3.071798 4.119835 5.226328 5.417397 5.134068 5.777327 5.333145 5.555751 6.083688 6.462968 6.326759 6.274009 7.245076 7.74233 8.53312 8.361259 9.022372 9.675164 9.795998 9.842753 10.4301 10.19859 10.44973 
  4.702188 2.985706 4.427609 5.417397 5.888199 5.331203 4.739699 5.724366 5.791518 6.196356 6.81205 6.72974 7.013188 7.574177 8.217987 8.862242 8.937957 8.709557 9.71709 10.10102 10.00204 10.31846 10.38368 
  2.977913 1.742703 3.829681 5.518961 5.697601 5.607995 6.028032 5.427541 5.876734 7.013534 6.825166 6.568028 7.330508 8.32852 8.495289 8.785382 8.966095 9.26775 9.756543 10.04937 10.28676 10.33444 10.70914 
  2.649313 2.302054 4.291717 5.057335 5.343844 4.920923 5.680589 5.65288 6.22475 6.921281 7.098521 7.097264 6.976574 7.658253 8.419627 9.361832 9.247479 9.102059 9.677636 10.38512 9.796462 10.17462 10.48275 
  1.4288 2.58173 4.536324 4.895307 4.842711 3.895221 4.509977 5.724366 6.503976 6.42742 6.851398 7.620002 7.379326 7.931501 8.53312 8.526505 9.078649 9.090515 9.77627 9.789021 10.00204 10.05475 10.13933 
  3.541226 3.234306 4.838801 5.518961 5.983498 5.861993 4.950276 5.350616 5.815865 5.645357 7.012468 6.920853 7.171848 7.090739 8.1017 8.746952 9.303756 9.865292 9.310629 10.30764 10.00204 10.27051 10.76951 
  3.963711 3.203231 4.481967 5.309379 5.495349 5.692661 6.028032 5.517288 5.974124 6.875155 6.969442 7.185471 7.634663 8.142985 8.343965 8.165968 8.494647 9.102059 9.443554 10.02354 10.32771 10.59099 10.56199 
  3.541226 2.426355 3.992753 4.589254 5.075796 5.057683 5.333145 5.938825 6.059341 6.480742 6.916978 6.715039 7.245076 8.068771 8.419627 8.862242 9.331894 9.810969 9.303633 9.269612 10.12294 10.6189 10.72424 
  3.212626 4.119835 4.563502 5.363388 4.842711 4.510642 5.593728 5.581393 6.144557 6.320775 6.457919 7.349916 7.049802 7.994558 8.121081 8.045789 8.842962 9.240589 9.697363 10.33346 9.922091 10.24654 10.51671 
  4.057597 3.700432 4.74192 4.571251 5.483695 5.10327 5.199141 5.724366 6.671513 6.320775 6.930094 7.484959 7.135234 7.826406 8.159843 8.939102 8.779632 9.376394 9.77627 10.30764 9.922091 10.50726 10.83366 
  4.433139 2.51958 4.23736 5.620525 5.888199 5.607995 5.767449 5.132658 6.280595 6.921281 7.399707 6.920853 7.55019 7.616215 8.150153 8.24108 8.510479 8.998161 9.394582 9.583049 10.34819 10.28649 11.05015 
  4.702188 3.420757 4.400431 5.722089 5.7929 5.30841 4.797129 6.367743 6.156731 6.875155 6.890746 7.141367 7.281689 8.105879 8.495289 8.586596 8.288824 8.94044 9.233672 9.583049 9.807882 10.20658 10.19216 
  5.32997 3.669357 3.66661 4.337211 5.099104 5.10327 5.420006 6.367743 5.925429 6.21413 6.641542 6.685637 7.88808 7.721311 8.150153 8.331215 8.779632 9.15978 9.261657 9.341255 9.89925 10.30247 10.64877 
  4.522822 2.954631 3.884038 5.345385 5.507003 6.031325 5.275715 5.414721 6.280595 6.747355 6.654658 7.126667 7.049802 7.721311 7.77222 8.481439 9.360033 9.217501 9.429563 9.502451 9.853566 10.73984 10.55444 
  5.778386 4.119835 4.128645 4.967319 5.437078 5.080476 4.452547 5.504467 6.22475 6.622936 6.916978 6.979656 7.592427 8.068771 8.082318 8.631662 9.275618 9.430716 9.317625 9.574094 10.01346 10.12667 10.55067 
  5.240287 3.925671 4.645038 5.518961 5.888199 4.738576 4.107965 5.65288 6.448131 6.782903 7.055495 7.304901 7.972552 8.105879 8.873601 9.054392 8.779632 9.090515 9.756543 10.04937 10.28676 10.28649 10.99213 
  5.419653 3.389682 3.585074 5.823653 6.745889 5.523329 5.854311 5.555751 8.34687 8.904703 7.743919 9.195504 10.42225 9.367514 9.289744 9.515552 9.05051 9.919613 9.638183 9.547228 10.2458 10.56308 10.74688 
  6.047435 4.79941 5.9045 6.839294 7.603579 7.385983 6.722919 8.369358 10.24561 10.42686 9.981297 10.95107 11.52039 11.51971 11.37046 10.59159 10.40115 10.32703 10.19053 10.56591 10.32771 10.56308 11.16619 
  5.419653 5.77023 5.807619 7.448679 8.556568 7.555315 8.199554 10.37097 11.86512 11.9029 11.74538 11.40121 11.77381 11.48261 12.08925 12.62838 12.31456 11.65791 11.35441 11.65064 11.51541 11.36315 11.34025 
  4.433139 4.896492 6.679554 7.448679 9.604856 8.486643 8.460137 10.29949 11.53005 10.51912 12.47683 12.25648 13.0321 12.67003 13.07286 12.85896 13.17423 12.60855 12.25235 13.01946 12.58024 12.32 12.67471 
  5.778386 5.576066 6.970199 8.769012 8.556568 8.740641 8.894442 11.3003 11.47421 10.93425 11.78841 12.25648 12.5763 12.96183 13.18636 13.47384 12.97117 13.08133 12.51363 13.37854 13.31879 13.00515 12.96481 
  5.419653 5.478984 7.260844 9.073705 9.22366 9.163971 8.981302 9.727597 11.47421 12.41028 12.58248 12.21147 13.73843 13.4242 13.32995 13.51227 13.88495 12.71719 12.94909 13.21758 13.29202 13.26208 13.31293 
  7.213316 8.003117 7.842134 8.565885 8.080073 8.31731 9.415607 10.87138 11.53005 12.68704 12.95224 12.84167 14.01592 13.4786 12.9972 13.76098 13.91033 12.95995 13.25392 13.1486 13.69356 13.43336 14.00917 
  5.778386 7.323543 8.907833 8.46432 9.700154 9.925966 9.849912 10.87138 12.47942 12.82996 12.68812 13.20264 13.88979 14.13136 13.96177 13.99464 14.13877 13.76915 13.51519 13.72345 13.55971 13.86158 14.29927 
  5.688703 6.643968 8.617188 9.276833 10.08135 9.756634 9.936772 9.87057 11.30667 13.04434 13.37482 13.58994 13.48617 14.45775 14.50744 14.36848 13.68189 13.4657 12.99264 13.60848 13.3991 13.60465 14.35729 
  6.7649 6.546886 8.617188 9.073705 10.27195 9.41797 10.11049 10.44246 11.08329 11.58002 12.13262 13.23491 13.30959 13.5602 13.53099 14.04137 14.11339 13.99168 12.70959 13.70046 13.85417 13.99005 14.64738 
  6.675217 6.352722 6.970199 8.972141 9.033062 8.232644 9.241885 10.94286 11.5859 11.58002 11.96052 12.97671 13.66275 14.10417 13.27251 13.69089 13.14885 13.34432 13.1015 13.56249 13.58648 14.24697 14.18323 
  6.944266 6.74105 6.292027 6.839294 6.65059 6.962653 8.546998 10.15652 10.69237 11.99515 11.91749 12.97671 13.56185 13.5874 13.18636 13.01268 12.86964 13.28363 12.68781 13.28656 13.21171 13.39054 13.71907 
  5.060921 6.74105 7.260844 7.448679 6.65059 7.89398 8.981302 10.51395 9.575467 10.88812 11.40117 11.71631 12.87195 12.15053 11.86226 12.3978 12.51153 12.58139 12.0054 12.60623 12.45737 12.61975 13.37095 
  9.276028 8.876855 9.682886 10.39404 9.128361 8.063313 10.5448 11.94367 11.13914 10.98038 10.66972 11.40121 12.95642 13.31541 12.73238 12.43623 12.69197 13.32409 13.21037 13.1486 13.21171 13.3049 13.19689 
  13.6705 14.41053 14.43009 14.65973 14.1792 13.90527 13.58493 12.01516 11.36252 11.11875 10.32551 10.63596 11.73157 10.81468 11.1813 11.32176 10.42929 10.95173 10.72316 10.85 10.83965 11.17709 11.51431 
  16.17323 16.84949 17.69846 18.95706 17.70526 17.67398 17.24507 15.10453 13.03788 12.22578 12.13262 13.68676 14.14205 13.15222 14.16281 14.41522 12.56505 12.39126 11.86731 12.76119 12.15021 11.07475 10.50916 
  15.8229 17.46415 18.11611 19.84835 18.55142 18.33297 17.9991 15.72601 13.65535 12.50254 12.52966 13.91269 14.54566 13.66899 14.88079 15.02272 13.35191 13.18248 12.42654 13.35554 12.83695 11.54921 10.82611 
  16.24222 17.59221 18.69036 19.68416 19.15961 18.82722 18.03879 15.22882 13.92595 12.7585 12.30473 13.62221 14.34385 14.07697 14.99566 14.78906 13.25038 13.48593 12.36122 13.09694 12.86372 11.13988 10.96195 
  16.29589 17.66904 18.69036 19.80144 19.21249 18.99196 17.7213 15.04238 13.65535 12.7585 12.00354 13.42856 14.46998 13.96817 14.96695 14.64887 13.25038 13.60731 12.14349 12.94198 12.60071 11.63486 11.05015 
  16.35722 17.74587 18.66426 19.82489 19.29182 18.88213 17.4435 15.29097 13.52005 12.68704 11.96052 13.39629 14.46998 13.94098 14.90951 14.67223 13.32653 13.34432 12.04485 12.58041 12.19116 10.77705 10.08649 
  16.39555 17.77148 18.61206 19.89526 19.37115 18.99196 17.4435 15.04238 13.4524 12.59479 11.83144 13.17036 14.04114 13.85938 14.85207 14.6255 13.225 13.14202 11.80813 12.55458 12.21164 11.00963 10.96949 
  16.38788 17.72026 18.55985 19.8718 19.3447 19.32146 17.56256 14.79379 13.38475 12.68704 11.91749 13.20264 13.96546 13.69619 14.70847 14.55541 13.25038 13.2634 11.21633 12.99364 12.75664 11.29803 10.93554 
  16.38021 17.64343 18.50765 19.77798 19.23893 19.43129 17.40381 14.73164 13.3171 12.59479 11.91749 13.29946 13.94024 13.4242 14.33512 14.018 13.02194 13.0611 11.61086 13.79243 12.7031 11.53991 10.90912 
  16.34188 17.5666 18.45544 19.66071 19.08028 19.43129 17.12601 14.58866 13.3171 12.54866 12.04657 13.26719 13.81411 13.34261 14.13409 13.87781 12.89503 12.77788 11.82786 13.58549 12.53928 11.54921 11.05015 
  16.29589 17.51537 18.40324 19.56689 19.00095 19.43129 16.96726 14.44569 13.20541 12.36416 11.96052 13.29946 13.68798 13.04343 13.93305 13.5507 12.48339 12.63571 11.76868 12.81285 12.49833 11.41897 11.10817 
  16.28056 17.46415 18.40324 19.49652 18.97451 19.59604 17.32444 14.44569 13.09372 12.36416 12.21867 13.46084 13.86456 13.17942 13.99049 13.59743 12.94579 13.08133 12.31767 13.30956 12.33451 11.04684 10.49595 
  16.25756 17.38732 18.40324 19.51998 19.00095 19.65095 17.60224 14.51718 13.3171 12.54866 12.58248 13.88041 14.01592 13.28821 14.13409 13.59743 12.74273 12.87903 12.6225 13.83842 12.33451 11.07475 10.49595 
  16.27289 17.36171 18.32493 19.59034 19.05383 19.59604 17.88004 14.73164 13.4524 12.90142 12.89941 14.20316 13.83933 13.04343 14.01921 13.69089 12.71735 13.12179 12.81845 13.63147 12.29355 11.53991 11.05015 
  16.30355 17.36171 18.27272 19.70762 19.21249 19.15671 18.03879 15.29097 13.8583 13.25872 13.63893 14.68729 13.7132 12.93463 14.10537 13.92454 12.76811 13.4657 12.75313 13.72345 12.64167 11.27942 10.82989 
  16.29589 17.31049 18.19441 19.82489 19.31826 18.88213 18.55471 15.91245 14.2642 13.68749 14.32562 15.01004 13.41049 12.74424 14.22025 14.018 12.53967 13.38478 12.79668 13.63147 13.15818 11.84896 10.89026 
  16.25756 17.25927 18.09 19.82489 19.31826 18.71738 18.83252 16.47178 14.46714 13.83041 14.69538 14.88094 12.70301 12.29896 13.99049 14.11147 12.45525 13.10156 12.55718 14.13735 13.18495 11.76332 10.67141 
  16.22689 17.20805 17.98559 19.77798 19.29182 18.44281 18.83252 17.15541 14.60244 14.18771 15.27643 14.52591 12.02723 11.70525 13.64586 14.06473 12.3427 12.8588 12.42654 13.88441 13.23848 11.63486 10.85253 
  16.19623 17.13121 17.90728 19.73107 19.26538 18.11331 18.67377 17.59045 14.73774 14.68793 15.59336 14.17089 11.60486 11.14865 13.32995 13.87781 12.08946 12.55423 12.47008 14.11435 13.72033 11.89179 10.86007 
  16.1579 17.05438 17.77677 19.66071 19.21249 17.78382 18.71346 18.08764 15.14364 15.18815 15.59336 13.20264 11.35145 11.00022 12.73238 13.59743 12.00504 12.22829 12.70959 14.59723 14.28248 11.54921 10.99213 
  16.08123 16.95194 17.64626 19.56689 19.13316 17.61907 18.95157 18.64697 15.68484 15.75984 15.59336 12.70662 10.84461 10.81468 12.46756 13.39698 11.83621 11.63075 12.68781 14.36729 14.38956 12.27718 10.9129 
  16.01224 16.82388 17.48964 19.42616 18.94806 17.28957 18.5944 18.64697 16.29368 16.61736 15.80466 12.21147 10.5912 10.25808 12.01359 13.08954 11.72366 10.89741 12.42654 13.83842 14.1754 12.06307 10.6865 
  15.95091 16.64461 17.35913 19.19161 18.65719 16.96008 17.7213 18.64697 16.83488 17.04612 15.69901 11.49124 10.29554 9.924117 11.55962 12.55152 11.49855 10.08258 11.82786 13.26357 14.01479 11.53061 10.85253 
  15.92024 16.41411 17.22861 18.86325 18.31344 16.6855 17.20538 18.52267 17.30843 17.18904 15.32925 11.13112 10.29554 9.515942 10.80299 11.55234 10.87951 9.53936 11.1966 12.65789 13.90771 11.67768 10.93176 
  15.91258 16.15801 17.0459 18.4176 17.9168 16.19126 16.45134 18.14979 17.51138 17.18904 14.53691 10.99608 9.999889 9.924117 11.21913 11.6292 10.62626 9.512198 10.28917 12.29631 13.45264 11.93461 10.44312 
  15.92024 15.96384 16.85213 18.01135 17.51466 15.76793 15.93017 17.83904 17.57903 17.04612 14.58974 10.63596 10.04213 9.77569 10.50034 11.36019 10.40115 9.485038 10.44698 11.72812 13.13141 12.10589 10.99213 
  15.8229 15.76968 16.36772 17.40196 17.03817 15.3446 15.40901 17.40401 17.30843 17.11758 14.58974 10.45591 9.197402 8.959337 9.365406 9.746131 10.11977 9.322072 9.77627 10.41094 12.0683 11.37245 10.81479 
  15.64353 15.28427 15.49579 16.08163 15.89458 14.66727 14.19296 16.40964 16.22603 16.11714 13.90304 10.09579 9.028458 8.885124 9.554563 10.01514 10.48557 9.810969 9.835451 10.95331 11.84305 11.37245 11.16619 
  15.64353 14.99302 14.81762 15.26912 15.22749 14.75193 13.32435 15.41527 15.54954 14.40209 13.53329 9.015447 8.310442 8.476948 9.970705 9.669271 9.472586 9.512198 9.352606 10.41094 11.69971 11.36315 10.62991 
  15.55385 14.70178 14.04256 14.35504 14.2745 13.90527 12.28202 13.44488 13.79065 13.25872 12.74095 8.205189 7.592427 8.142985 8.987095 9.131251 9.613278 9.53936 9.499523 10.79835 11.31063 11.512 10.4035 
  15.37448 14.60469 13.07375 12.73001 12.94032 12.88928 10.9791 11.65773 12.64696 12.68704 11.6163 8.790375 8.141497 8.32852 9.214082 8.708522 9.444448 9.729486 9.795998 10.41094 10.59392 10.93521 10.48935 
  14.92606 14.0222 12.10493 11.30812 10.74844 10.94196 10.02363 11.65773 13.09372 12.68704 11.65933 9.735677 9.408583 9.627262 10.12203 10.092 10.2886 9.675164 9.855178 10.95331 10.92156 11.2143 10.69405 
  14.11892 13.14846 10.6517 8.46432 7.889475 9.163971 8.025833 8.798276 11.02744 11.85677 11.70236 10.36588 9.662 9.738583 10.72733 10.24572 11.18903 10.7616 9.973538 10.95331 10.83965 11.26082 11.16619 
  12.95304 11.98348 9.004715 7.347115 7.50828 8.063313 7.591528 9.370166 10.74822 11.76452 10.7988 10.09579 10.21107 10.29519 10.19769 10.28415 11.86435 11.63075 10.0919 10.41094 10.63488 10.70263 11.10817 
  11.51811 10.43017 6.582672 6.940859 6.841187 8.147978 7.591528 8.369358 9.519622 10.19623 10.41156 9.330547 7.634663 7.553158 8.457458 8.785382 8.966095 9.620843 9.855178 9.894407 10.49153 10.77705 10.87894 
  10.08318 8.973936 4.74192 6.128346 7.412981 7.216651 6.375476 6.868146 9.352086 9.965603 9.421952 9.375562 7.761372 7.95252 8.457458 8.862242 9.163064 9.485038 9.697363 9.305433 10.05914 10.32645 10.45633 
  8.737928 7.614788 6.098264 5.823653 6.936487 6.962653 6.462337 6.79666 9.017015 9.781098 9.852217 8.970432 8.563859 8.068771 8.911432 8.286147 8.716302 9.182868 9.282644 9.403942 9.887829 10.40493 10.4035 
  7.751414 6.74105 5.032565 5.620525 5.507003 5.353997 5.854311 6.79666 8.402716 9.227585 8.174184 7.710031 7.719135 8.217199 8.760108 9.208112 8.827129 9.485038 9.548495 10.30764 10.49153 10.79566 10.57331 
  6.495851 5.77023 5.9045 5.823653 6.174096 5.438663 5.420006 6.510715 7.509192 9.043081 8.948661 7.755045 7.379326 8.365627 8.457458 8.271125 8.700469 8.986617 9.756543 9.359165 10.08198 10.80496 10.69405 
  5.419653 5.576066 4.935683 5.722089 5.602302 6.031325 6.201754 6.296256 6.894894 7.013534 7.48576 7.935102 7.049802 7.616215 8.53312 8.391304 7.972174 8.501761 9.527507 9.278567 9.887829 9.99082 10.53935 
  5.957752 5.381902 5.420092 5.823653 6.174096 6.623988 5.199141 5.65288 6.615667 6.231905 7.270627 7.845074 7.88808 8.773803 8.684445 8.331215 8.557977 9.322072 9.618456 9.806932 9.636569 10.06274 10.89403 
  4.791872 5.187737 5.226328 6.026782 5.888199 6.115992 5.941172 5.376257 6.12021 7.52092 7.313654 7.710031 7.232871 7.994558 8.684445 8.376282 9.05051 9.756647 9.597467 9.645736 10.34819 10.35042 10.28462 
  3.682055 3.731507 4.291717 4.265199 4.854365 6.285324 5.941172 5.248047 5.608911 6.782903 7.141548 7.185471 6.842324 8.031665 8.495289 8.090857 8.241326 9.376394 9.71709 9.971888 10.08198 10.38632 10.7016 
  4.522822 3.420757 4.645038 4.91331 5.00587 5.331203 5.333145 5.1583 5.389783 6.267453 6.510383 7.214872 6.769096 8.068771 8.014484 9.015962 8.827129 9.02125 9.795998 9.60096 9.990618 10.02278 10.23839 
  4.881555 4.119835 4.019931 5.345385 5.215647 4.738576 5.593728 6.010311 5.754996 6.967408 6.825166 7.349916 7.489167 8.180093 8.314893 8.436371 9.078649 9.566521 9.894631 9.60096 10.07056 10.04676 10.30443 
  4.702188 4.605246 4.935683 6.128346 6.078796 5.438663 5.680589 6.010311 6.336441 6.551839 6.720238 7.214872 8.43715 8.43984 8.237368 8.631662 8.906292 9.067427 9.408574 9.842753 10.65535 10.31846 10.42331 
  4.612505 4.314 5.129447 6.026782 5.507003 4.898129 4.35683 4.991627 6.22475 7.428668 6.418571 7.439944 7.245076 6.64934 8.208296 9.284971 8.906292 9.078971 9.61146 9.565138 9.830725 10.35841 10.33745 
  4.433139 4.314 4.373252 5.219363 4.761131 4.898129 4.931133 5.196764 6.071515 6.498517 6.87763 7.755045 7.55019 7.553158 8.150153 8.670093 9.557001 9.512198 9.874905 10.1785 10.34819 10.66541 10.69782 
  4.386197 3.203231 3.884038 5.620525 5.483695 5.353997 5.294858 5.401899 6.336441 6.829029 7.270627 6.318112 7.269485 7.553158 8.285821 9.054392 8.994233 8.721101 9.562488 9.753201 10.14342 10.39562 10.66386 
  3.728997 3.925671 4.935683 5.363388 5.602302 5.861993 4.892846 5.196764 6.336441 6.765129 7.313654 6.964955 7.232871 8.32852 7.927269 9.015962 8.700469 8.848087 9.170708 10.02354 10.6144 10.73054 10.23179 
  3.77594 4.314 4.74192 5.620525 5.602302 5.692661 5.160854 5.867338 5.779344 6.765129 7.098521 6.788544 8.057025 7.931501 8.033866 8.55655 9.21934 9.53936 9.677636 9.806932 10.05914 10.46075 10.60727 
  3.118741 3.576132 4.645038 5.381391 5.238955 4.738576 5.680589 5.478825 5.828039 6.569613 6.602194 6.964955 7.972552 8.514054 8.237368 8.526505 8.684637 9.53936 9.604464 10.0752 9.910671 10.59099 10.49595 
  4.881555 4.022753 4.838801 4.931314 5.602302 4.784163 5.275715 5.724366 6.392286 6.409646 6.575963 7.009058 7.761372 8.142985 8.381796 7.670229 7.924676 8.928896 9.562488 9.538272 9.956354 10.03877 10.98459 
  4.10454 3.731507 4.74192 4.301205 5.064142 4.487849 4.739699 5.54293 5.791518 6.089711 7.829972 7.349916 8.225969 8.476948 8.873601 8.785382 8.573809 9.113604 9.338614 10.12685 10.0363 10.46075 10.64123 
  4.151483 3.451832 3.693788 5.219363 5.157376 5.262823 5.122567 5.312152 6.132383 6.569613 6.130019 7.214872 7.845844 7.847425 7.995103 8.631662 8.890459 9.593681 9.795998 10.02354 10.47106 10.37702 10.55821 
  3.165684 2.737105 4.481967 5.518961 5.367152 5.438663 5.045994 4.940343 5.621085 7.013534 6.838282 7.141367 7.049802 7.616215 7.77222 9.131251 9.191202 9.032794 9.815724 9.60096 10.30724 10.38632 10.72801 
  4.245368 3.638282 4.935683 5.183357 5.029179 4.670196 5.08428 5.581393 6.059341 6.42742 7.055495 7.214872 8.099261 8.551162 8.646614 8.746952 9.21934 8.975073 9.697363 10.35929 10.73726 10.70263 10.81857 ]
