 [
  6.480562 4.862122 6.868857 7.494661 6.387804 6.281007 6.277705 6.648179 5.48579 6.5502 7.401075 8.760982 9.106694 8.645539 7.780888 8.368814 9.006063 9.589005 9.598181 10.07925 10.49543 10.63142 11.44859 
  5.011823 4.378002 4.80555 5.893409 6.746039 5.259701 6.415443 6.648179 5.839746 7.336454 7.699443 8.404692 8.849379 8.251562 8.412736 8.683182 8.416976 9.081015 9.438924 10.25284 10.06118 10.49062 10.56047 
  5.956012 5.668989 6.811543 7.140335 6.208686 6.36642 6.071097 6.026845 6.193702 7.497342 7.221152 7.418327 7.830149 8.251562 8.458932 8.260411 8.533432 8.961863 9.518553 9.530876 10.06118 9.922013 10.65203 
  4.277453 5.265555 6.35303 5.992587 5.125654 4.016689 4.865887 6.288459 5.703609 6.058791 6.090398 7.073266 7.536502 7.934647 8.182973 8.368814 8.329634 8.470358 9.630032 10.30243 10.38195 10.1549 10.65203 
  5.326552 4.620062 5.321377 6.190942 5.502548 4.703617 5.41684 5.372809 4.941243 6.943327 7.079808 6.923239 7.474681 7.65032 9.059474 8.999679 8.814867 9.021439 9.759022 9.685626 9.979092 10.44369 10.97066 
  4.592183 3.893881 5.779889 6.422357 4.777752 4.572773 5.210233 5.143897 5.458563 6.419158 7.281728 7.620853 7.799238 7.65032 7.493684 8.596459 8.659593 9.478721 9.673028 9.767552 10.03773 10.53755 10.36213 
  4.697093 4.458688 4.289723 4.769396 4.632793 4.540063 5.692317 6.517372 6.139247 6.058791 7.079808 7.977143 7.351041 7.697708 7.737807 8.498898 8.843981 8.872498 9.582254 9.485362 10.23065 10.31327 10.43112 
  4.382363 5.346242 5.09212 5.000811 5.038679 4.736328 5.141363 6.615478 6.384294 5.894988 6.675967 7.834628 8.031065 7.697708 8.551323 8.596459 8.766344 9.170379 9.407073 9.248686 10.08464 10.53755 10.891 
  5.116733 4.539375 4.232409 5.298344 5.53154 5.652231 4.762583 4.751475 6.275384 6.124312 6.877888 7.977143 7.660142 6.678872 8.211693 8.20621 8.873095 9.478721 9.630032 9.53998 9.721097 9.847488 10.32764 
  5.116733 3.732508 4.51898 5.397521 4.864728 4.0494 4.383802 5.143897 5.621927 5.534622 6.453855 6.833223 7.474681 7.768789 7.766527 8.498898 9.227383 9.334214 9.673028 9.722038 10.3063 10.29464 10.43974 
  4.592183 3.571134 4.576293 5.166107 4.255899 4.703617 5.072494 4.65337 5.621927 6.091552 7.140384 6.968247 7.150125 8.589257 8.139893 8.498898 8.795458 9.081015 9.263742 9.467156 10.08464 10.53755 10.5001 
  4.697093 3.893881 4.920178 5.397521 5.328598 5.652231 5.347971 6.386565 6.00311 6.681242 7.059616 6.773213 7.876513 8.251562 8.736105 8.954465 8.941028 9.081015 10.017 9.521773 10.19282 10.63142 10.97066 
  5.956012 4.862122 4.690922 5.133048 5.734483 5.488677 4.96919 5.601722 5.948656 6.419158 7.059616 6.848226 7.443771 7.982034 7.96757 8.488057 8.882799 9.423578 9.630032 9.794862 10.41978 10.2108 10.52597 
  5.431462 6.717916 4.977492 4.934692 4.690777 4.605484 5.347971 5.56902 6.220929 6.058791 6.635583 6.968247 7.861059 8.195279 8.398376 8.325453 8.57225 9.423578 8.913379 9.631009 10.04945 10.30395 10.81135 
  4.802003 6.314483 5.206748 4.670218 4.487834 5.259701 5.451275 5.863336 6.656567 5.960509 6.837503 7.163282 7.366496 8.251562 8.643714 8.336293 9.006063 9.533863 9.888013 9.594597 9.568645 10.10833 10.891 
  4.697093 4.135942 4.117781 4.967752 5.386581 4.638195 4.797017 5.045791 5.676382 6.419158 6.79712 6.878232 7.088305 7.271218 8.197333 8.628981 8.921618 9.259744 9.716025 9.856071 10.03773 10.58449 10.26727 
  4.277453 2.925641 3.315384 5.232225 4.922711 4.867171 4.314933 4.555264 5.948656 6.714003 6.857696 6.938242 7.582867 7.318606 8.197333 8.282092 8.795458 9.081015 9.231892 9.856071 9.990819 10.53755 10.65203 
  2.074345 3.167701 4.633608 5.43058 5.676499 4.572773 4.487106 5.078493 5.812519 5.239776 5.989438 7.253298 7.181035 7.792483 8.920887 9.044892 8.941028 9.754433 9.845016 10.15364 10.23065 10.44369 10.57771 
  3.647994 3.651821 4.404351 4.967752 5.444565 5.488677 5.175798 5.242002 5.621927 7.041609 6.918272 6.518168 7.613777 7.910953 8.283494 8.818823 8.601364 9.215061 9.716025 9.485362 9.850095 10.11764 10.41387 
  7.005111 6.959977 5.951832 5.496699 5.473557 5.652231 5.623447 6.059547 5.703609 5.927749 6.756735 8.262176 8.399075 8.476692 8.643714 8.90925 9.116723 9.478721 9.614106 9.485362 10.3063 11.10075 11.05031 
  11.10775 11.53647 9.923425 8.911968 6.656481 5.652231 5.520144 5.961442 6.815357 6.484679 7.81879 9.758595 9.042365 9.827473 9.93719 9.225747 8.766344 10.14043 9.802019 10.57521 11.74367 13.11887 11.92652 
  14.28135 15.41421 14.76568 13.6068 9.522366 8.16008 7.984627 7.68152 8.065203 8.14089 9.131607 11.18375 10.90791 10.84056 10.72252 8.773609 9.282713 10.25071 9.802019 11.51752 12.57583 14.47993 13.47979 
  15.13579 15.48602 16.32212 14.22687 12.03002 10.46621 9.450506 9.032812 9.643955 9.052584 9.429976 11.82508 11.5512 12.13506 11.73882 11.57686 12.71318 11.7947 10.66196 11.41833 12.84061 14.71459 13.59928 
  15.13579 15.3424 16.14918 14.22687 12.65693 10.3808 10.34632 10.14564 9.643955 10.17879 10.68312 11.96759 11.67986 12.24762 12.20077 13.38542 14.7604 13.44897 13.19877 14.28493 16.59686 16.35725 15.71014 
  15.07475 15.19878 15.71684 14.31545 12.47781 10.12457 9.694819 9.748202 10.63068 10.60783 10.56377 12.68017 11.87284 12.86673 13.40186 13.47584 16.03299 15.65467 16.11475 17.04087 17.797 17.97278 17.62321 
  15.01372 15.12697 15.45743 14.22687 11.8509 10.20998 9.287631 10.30462 10.69646 10.12516 11.04116 12.60892 12.06583 14.16123 14.61393 13.79234 16.3008 15.8201 16.81554 18.22198 19.23718 19.25098 18.65332 
  14.95269 15.05516 15.28449 13.87254 11.49266 10.29539 9.450506 9.589227 9.578175 10.23242 11.22018 12.75143 12.0015 13.65469 14.32577 14.19926 15.59035 16.48181 16.44178 18.71411 19.87725 19.61618 19.02122 
  14.89166 14.98335 15.28449 13.78396 11.76134 9.953739 9.613382 10.62257 10.17021 11.14412 11.45887 13.46401 12.51613 13.03558 13.77142 13.92798 16.36775 16.91621 16.4885 18.91096 20.03727 20.16398 19.75701 
  14.89166 14.91154 15.02508 13.42963 11.31354 10.03915 9.857695 9.986666 10.36755 10.01791 11.51855 13.17898 13.09509 13.76725 14.70999 14.47055 15.92233 17.10238 17.60978 19.20624 19.55721 20.10311 20.19849 
  14.83063 14.83973 14.85215 13.42963 11.58222 10.46621 10.91639 10.70206 11.22271 11.03686 11.33953 13.46401 13.35241 14.10495 14.99815 15.04889 15.97766 17.07135 17.51634 19.10782 19.79724 20.28571 20.34565 
  14.95269 14.91154 14.76568 13.69538 12.11957 10.29539 10.99782 11.33796 11.22271 10.87597 12.05561 14.81791 13.73838 13.76725 15.47843 15.46199 15.81167 17.44369 17.4229 18.41883 19.47721 20.04224 20.27207 
  15.13579 15.12697 15.02508 14.13829 12.83605 11.57657 11.48645 11.41745 11.42005 11.84129 13.24908 14.6754 13.86704 13.65469 14.61393 15.62723 15.36903 16.54387 17.09586 17.72985 18.19705 19.67704 19.90417 
  15.44094 15.48602 15.71684 14.75836 13.46296 11.40575 11.24214 11.65591 12.27521 12.32395 13.4281 15.53049 14.51033 14.44264 15.57448 14.80103 15.64568 17.13341 17.98353 18.22198 17.797 18.76405 18.80048 
  15.86815 16.0605 16.84093 15.90992 14.44811 12.34529 12.62658 12.76874 11.88052 12.91387 14.26353 16.83079 16.18289 15.88099 16.34292 14.71841 15.25837 16.48181 18.07697 17.82828 17.07692 17.60758 17.91752 
  16.23434 16.63498 17.96502 16.79573 15.3437 13.28482 13.03377 12.84823 12.20943 13.34291 14.38288 17.17793 17.01926 17.48615 17.97585 14.96627 15.867 16.37152 17.04914 17.23772 16.75688 16.02872 16.44593 
  16.63543 17.13765 18.754 17.41581 15.97061 13.71188 13.27808 13.08669 12.53834 13.55742 14.80059 17.58292 18.43468 18.04795 18.45612 16.04033 16.63556 16.42667 15.36723 15.6629 15.2367 15.37165 15.47117 
  16.87979 17.53349 19.32641 17.59297 16.23928 14.30977 13.76671 13.72259 12.9988 13.71831 14.91994 17.75649 19.07163 18.85052 19.41666 17.36225 17.77374 16.88518 15.04764 14.87549 15.2367 16.69458 16.15162 
  16.98451 17.80054 19.5866 17.85872 16.32884 14.56601 14.01102 13.96105 13.39349 13.8792 15.01353 17.17793 19.42548 19.01104 20.08905 18.10583 18.51021 17.59883 15.46067 14.38336 15.71676 17.48585 15.71014 
  17.04036 17.99342 19.63863 17.85872 16.32884 14.4806 13.92958 14.12003 13.52505 14.14734 14.91994 16.77293 19.42548 19.17156 20.37721 18.76679 19.31364 18.09529 15.69427 14.08808 16.43684 18.15538 16.74025 
  17.04036 18.17145 19.69067 17.85872 16.32884 14.56601 14.01102 14.04054 13.59084 14.14734 14.86027 16.59937 19.56703 19.57284 20.37721 19.42776 20.05011 18.34352 16.02131 14.28493 16.1168 17.85105 16.74025 
  17.0264 18.21596 19.66465 18.03588 16.4184 14.56601 14.01102 14.12003 13.59084 14.14734 15.01353 16.77293 19.77934 19.73336 20.28116 19.67562 20.18401 18.40557 15.92787 14.08808 15.55674 17.24238 16.74025 
  16.96356 18.21596 19.56058 17.85872 16.23928 14.4806 14.01102 14.04054 13.59084 14.04008 14.86027 16.59937 19.56703 19.81362 20.1851 19.67562 20.25096 18.4366 15.92787 13.3991 15.55674 17.36411 16.15162 
  16.90073 18.21596 19.4565 17.77013 16.06017 14.30977 13.84814 13.80208 13.59084 13.98645 14.80059 16.45685 19.6378 20.05439 19.70483 19.01465 19.6484 17.785 15.41395 13.49752 15.07668 16.93805 15.63048 
  16.80997 18.12694 19.27437 17.68155 15.97061 14.13895 13.84814 13.80208 13.65662 13.93283 14.86027 16.88865 20.27474 20.45568 18.93639 18.43631 19.24669 17.47472 14.78966 13.00539 13.63495 15.46552 15.11272 
  16.71921 18.03792 19.11826 17.85872 16.14973 14.22436 14.01102 13.88157 13.65662 14.20097 15.48149 18.56647 20.77014 20.21491 17.30346 17.19701 18.37631 17.07135 14.83265 12.21186 12.61366 14.24526 13.87807 
  16.60052 17.88956 18.88409 18.12446 16.14973 14.22436 14.09246 13.96105 13.91974 15.07074 17.07253 18.97147 19.70857 18.60975 14.99815 15.62723 17.37203 16.2061 14.31669 12.31105 11.85715 14.1514 13.36031 
  16.41743 17.7412 18.72798 18.24024 16.14973 14.39518 14.1739 14.19952 14.64334 16.70157 17.35331 16.88865 17.58543 16.44279 13.12468 13.61149 16.23385 15.15839 13.54275 10.6992 10.87368 12.60261 12.68324 
  16.05125 17.45931 18.44177 18.42548 16.14973 14.39518 14.49965 14.75593 16.1769 17.46262 15.66867 15.1742 16.31155 14.55521 11.83121 12.662 15.25837 14.33125 12.8118 10.22804 10.87368 12.64954 13.32048 
  15.19682 17.13765 18.23362 18.56441 16.14973 14.65142 14.66252 15.31235 16.6368 16.48412 14.3232 14.6754 15.41094 12.9793 11.73882 12.11943 14.48375 13.94526 11.95186 11.31914 11.17629 13.21274 13.79841 
  15.01372 17.06584 18.18159 18.86543 16.59752 15.42013 15.15115 16.10722 17.47995 15.94051 14.44255 14.88917 15.08929 12.58532 11.9236 11.89336 14.31776 14.0004 11.95186 10.6992 12.00845 14.71459 14.63479 
  15.74609 17.06584 18.3377 19.28223 17.31399 16.18884 15.88409 16.82261 18.3231 16.91901 15.2943 15.88678 15.21795 12.3039 11.46164 11.84815 14.42842 14.3864 12.63981 10.52561 12.68931 15.74712 15.71014 
  16.47846 17.29611 18.36372 19.58325 18.25588 17.04297 16.45415 17.07508 18.6297 18.11495 16.60458 16.83079 15.41094 12.24762 11.50784 12.20986 14.98172 14.93782 12.98379 9.955262 13.67278 16.69458 16.07804 
  16.7611 17.45931 18.41575 19.46747 19.19776 17.9209 16.94278 17.45378 19.08959 19.52833 18.00845 17.75649 15.79691 12.58532 12.06219 12.662 15.59035 15.87524 14.2307 9.880869 13.33235 16.93805 16.29877 
  16.78903 17.53349 18.38974 19.12014 20.13965 18.86155 17.49558 17.7904 19.31954 20.3981 19.5059 18.74004 15.9899 13.20443 12.57034 13.29499 15.75634 16.2061 14.61767 9.880869 14.39146 17.18151 15.8573 
  16.80299 17.51865 18.3377 18.9349 20.61059 19.67677 18.37086 18.42156 19.24289 21.05043 20.629 19.7236 16.31155 13.65469 13.26327 14.15405 16.70251 16.94724 15.22707 11.09596 15.15669 17.66845 16.37235 
  16.75412 17.44447 18.15557 18.68019 20.34896 20.17845 18.92366 18.80026 19.39619 20.94171 20.81618 19.95502 16.6654 14.16123 13.63284 14.47055 16.90337 16.97826 15.27379 11.19515 14.46711 16.81631 15.63048 
  16.75412 17.4148 18.10353 18.42548 19.98267 20.61742 19.2922 19.05273 19.47284 20.83298 20.5354 20.18645 17.79774 14.8929 14.18718 14.71841 16.90337 16.97826 15.60083 11.69111 13.93756 15.55939 14.67462 
  16.74016 17.37029 18.07751 18.3097 19.77336 20.80555 19.5686 19.22104 19.70279 20.72426 20.25463 20.18645 18.43468 15.4797 14.27957 15.04889 16.83642 16.85415 15.69427 11.98868 15.07668 16.87718 14.91359 
  16.71921 17.35545 18.10353 18.28655 19.72103 20.93097 19.84501 19.43143 19.93274 20.83298 20.34822 20.2443 19.1424 15.88099 14.61393 15.37937 17.37203 17.41266 16.2549 12.8566 15.63675 17.36411 15.78372 
  16.71921 17.28127 18.05149 18.14762 19.61638 20.99368 19.84501 19.43143 19.77944 20.72426 20.06745 19.66574 19.28394 15.88099 14.51788 14.88365 17.23813 17.16443 15.55411 12.98059 14.95885 16.99891 15.39152 
  16.69827 17.28127 18.05149 18.14762 19.56405 20.93097 19.79894 19.47351 19.85609 20.72426 19.97386 19.60789 19.56703 16.20202 14.70999 14.88365 17.10422 16.91621 15.27379 13.30067 15.07668 17.12065 15.93088 
  16.6843 17.28127 18.05149 18.14762 19.61638 20.93097 19.79894 19.43143 19.77944 20.83298 20.06745 19.26075 19.21317 16.36254 14.70999 15.04889 17.17118 17.10238 15.36723 13.7928 14.99667 16.45111 15.43134 
  16.6843 17.28127 17.96502 18.12446 19.61638 20.93097 19.66074 19.26312 19.62614 20.61554 19.78668 18.91361 19.1424 16.68357 14.80604 14.96627 17.23813 17.07135 15.27379 14.48178 15.07668 15.98178 15.43134 
  16.69128 17.20946 17.96502 18.12446 19.66871 20.93097 19.5686 19.17896 19.62614 20.50682 19.41231 18.45076 19.07163 16.76382 14.61393 14.96627 17.17118 16.94724 15.13363 14.67864 15.2367 16.63371 15.59066 
  16.69827 17.13765 17.87856 18.14762 19.77336 20.74284 19.4304 18.96857 19.62614 20.3981 19.13154 18.04577 19.07163 16.92434 14.70999 14.96627 17.30508 17.10238 14.91865 13.89123 15.2367 16.07565 15.0729 
  16.6843 17.13765 17.87856 18.21708 19.82569 20.55471 19.154 18.75819 19.47284 19.96321 18.56999 17.52506 18.647 16.92434 14.42182 14.38012 16.36775 16.09581 14.01571 13.3991 14.27799 15.60632 15.23221 
  16.69128 17.06584 17.87856 18.28655 19.93034 20.30387 18.96973 18.67403 19.54949 19.63705 17.82126 16.77293 18.08083 16.76382 14.14099 14.24448 16.1669 15.70981 14.01571 13.3991 13.97538 15.27779 15.27203 
  16.67034 17.13765 17.96502 18.35601 20.03499 19.99032 18.7394 18.63195 19.47284 18.76727 16.97894 15.88678 17.01926 16.20202 13.91001 13.88277 15.59035 14.93782 13.49975 12.931 13.89973 15.60632 15.78372 
  16.64939 17.06584 17.96502 18.49495 20.13965 19.61406 18.60119 18.58987 19.31954 17.68006 16.04303 15.03169 16.24722 16.12176 13.26327 13.6567 15.36903 14.55182 12.7688 11.7407 13.408 15.70019 15.93088 
  16.60052 17.06584 17.96502 18.58757 20.13965 19.2378 18.37086 18.84234 18.93629 16.81029 14.91994 13.96282 15.73258 15.96125 13.35566 12.97849 15.25837 14.3864 11.86587 12.33585 13.44582 15.46552 15.63048 
  16.60052 17.06584 18.05149 18.70334 19.93034 18.92426 18.18659 19.05273 18.3231 15.61435 14.14418 13.3215 14.76765 15.39944 12.89371 12.93328 14.87106 13.77983 11.99486 12.50944 12.76496 15.79405 15.8573 
  16.53949 17.06584 18.05149 18.74965 19.4594 18.48529 18.09446 18.67403 17.4033 14.41841 13.12973 12.18137 13.15942 14.38636 12.70892 12.25507 13.76446 12.67698 11.60789 11.44313 11.70585 14.57379 14.39583 
  16.47846 16.92222 18.07751 18.74965 18.77915 18.17174 18.23266 18.84234 15.33376 13.55742 12.11528 11.46879 12.32315 13.42956 12.70892 12.3455 14.2071 13.00784 11.4359 10.55041 11.32759 15.13699 14.7941 
  16.3564 16.85041 18.10353 18.7265 18.51751 17.98361 18.23266 18.08494 15.41041 12.86024 11.87659 11.32627 11.48687 13.03558 12.43175 12.20986 14.53908 13.83497 11.4359 10.42642 11.55454 15.09006 14.87376 
  16.23434 17.13765 17.96502 18.37917 18.62217 17.9209 18.32479 17.95871 14.64334 12.53847 11.81692 11.39753 11.80851 12.81045 12.57034 12.30029 14.26243 13.66954 12.16685 10.55041 11.55454 14.99619 14.47548 
  16.11228 17.37029 17.61915 17.77013 18.41286 17.85819 18.60119 17.15924 14.90646 12.9675 12.41365 12.32388 13.5454 13.14814 12.75512 12.43593 14.31776 13.66954 12.08085 10.52561 11.55454 14.57379 13.79841 
  15.92919 17.48898 17.27327 17.41581 17.94192 17.85819 18.37086 17.15924 14.70912 13.07476 12.65235 12.68017 14.446 14.16123 13.26327 12.70721 14.37309 13.44897 12.16685 10.37682 11.44107 13.96366 13.47979 
  15.74609 17.63734 16.75446 17.15006 17.5233 17.79548 17.86412 16.82261 14.7749 13.18202 12.65235 12.89395 14.83198 14.44264 13.54045 12.25507 13.48781 12.29098 11.65088 10.35203 11.6302 13.35353 13.6391 
  15.62403 17.75603 16.32212 16.88432 16.95576 17.60735 17.67985 16.02774 15.10381 13.23565 12.47332 12.75143 15.08929 14.83662 14.0024 12.52635 12.9345 11.90499 11.4789 10.74879 11.40324 12.97807 13.28066 
  15.50197 17.85989 16.14918 16.61857 16.23928 17.04297 17.63379 14.83542 15.03803 12.86024 11.87659 12.32388 14.70332 14.33008 13.72523 12.52635 11.38526 11.24328 11.77987 10.87278 11.13846 13.25967 14.27635 
  15.25785 17.37029 15.88977 16.35283 14.71678 15.84719 16.61703 14.27901 12.9988 11.35863 10.20573 10.89872 13.86704 13.71097 13.21708 12.43593 11.38526 11.07785 11.13492 10.47602 10.94934 12.41487 13.51962 
  14.7696 16.99403 14.93862 15.0241 12.29869 13.28482 14.25533 12.92771 12.01208 12.05581 10.86214 11.18375 13.15942 12.07877 11.46164 11.39601 9.891345 10.25071 10.017 10.60001 10.38195 11.24155 12.32479 
  14.28135 16.63498 14.59274 12.80956 10.23884 11.83281 12.70802 12.3713 11.42005 11.89492 10.32508 10.47117 12.77345 11.23454 9.890994 10.0396 9.780684 10.08529 9.359296 10.10405 10.19282 10.63142 11.6079 
  13.30486 15.27059 12.86336 9.797785 8.895453 10.3808 11.56789 10.78154 9.972862 10.60783 9.788016 9.616078 11.35821 10.44658 9.244256 8.773609 10.168 11.18814 9.759022 9.694729 9.744551 10.53755 11.64772 
  11.53497 13.25991 10.52871 9.974948 7.910306 8.16008 10.59064 10.54308 9.512393 9.320728 8.892914 8.618465 10.07163 8.983234 8.643714 8.954465 9.836015 10.96757 10.017 10.42642 10.26847 10.18285 10.58634 
  10.19229 11.32104 9.231674 8.911968 7.104275 8.330904 9.694819 9.509739 8.788797 9.374357 8.236505 8.547208 10.0073 8.870669 8.458932 9.406603 9.725354 9.975002 9.888013 10.20324 10.01427 10.44369 10.5346 
  10.07023 9.884842 8.280518 7.140335 7.283393 8.330904 10.10201 9.907178 7.802077 8.14089 7.81879 7.905886 9.364011 9.208364 9.336647 9.270961 9.282713 9.533863 9.20004 9.880869 10.41978 10.44369 10.61221 
  8.84961 8.376831 7.934642 7.93757 8.089423 8.587142 8.717566 8.555885 8.065203 8.301777 7.520422 7.549595 8.913708 8.476692 8.211693 8.6073 9.116723 9.91986 9.295593 9.712935 10.19282 10.40642 10.57771 
  10.55847 7.847531 8.539924 8.734804 7.910306 7.135131 7.496 7.204594 8.065203 8.409035 7.759117 7.478337 8.463404 8.029422 8.736105 9.090106 9.448704 9.864717 9.845016 10.07925 10.23065 10.41574 10.06894 
  10.25332 9.741221 8.366986 8.291896 7.641629 7.733018 8.22894 8.953324 8.196766 7.819116 7.1 6.623187 8.72072 8.983234 8.597518 8.357974 9.061393 9.533863 9.974007 9.703832 9.791459 10.42505 10.48286 
  9.826104 9.023121 8.280518 7.848988 7.372952 7.220544 7.984627 8.476398 7.93364 7.926373 7.079808 7.620853 8.334746 8.589257 8.154253 8.6073 9.172053 9.69929 9.45485 9.98006 10.03773 10.20148 10.48286 
  10.31435 8.951311 7.588767 6.620712 6.835598 7.220544 8.066065 8.39691 7.867859 7.270933 6.877888 7.163282 8.206088 7.982034 8.736105 8.954465 9.116723 8.529934 9.375221 9.722038 9.885276 10.06175 10.1293 
  10.25332 8.664071 8.021111 6.653771 5.676499 7.049719 7.740314 8.476398 8.130984 7.205412 7.759117 7.403324 7.691053 8.053116 7.98193 8.728395 8.950732 8.91718 9.534478 9.831273 10.23065 10.1549 10.11205 
  9.704042 7.686157 7.242892 7.406079 6.208686 7.391368 8.310378 7.999471 6.574885 7.303694 7.699443 6.893234 7.629232 8.005728 7.594205 8.19537 8.756639 9.155485 9.550404 9.98006 9.814914 10.13627 10.60358 
  10.31435 8.951311 7.242892 8.026151 5.154646 5.97934 7.251687 7.68152 6.520431 7.604599 7.63977 7.549595 8.656391 8.532974 8.398376 8.683182 8.756639 9.274637 9.630032 9.930464 10.155 10.44369 10.34488 
  9.826104 9.023121 7.848173 6.963171 5.067671 6.110183 7.333125 7.443057 7.144264 6.845046 7.341402 7.358316 7.907424 7.934647 7.694726 8.097807 8.688706 9.036332 9.20004 9.794862 10.03773 10.42505 10.06031 
  10.19229 8.879501 6.639601 7.583243 6.477363 6.622657 7.170249 7.204594 7.144264 7.390083 8.117158 7.549595 8.334746 8.364127 8.154253 8.336293 8.59166 9.364002 9.422998 9.785758 9.404467 10.42505 10.69186 
  8.26403 8.735881 7.156423 6.554594 5.299605 6.195595 6.844498 6.223056 7.078483 7.550971 6.99904 6.878232 8.270417 8.07681 8.643714 8.999679 9.172053 9.533863 9.391148 9.685626 10.07291 10.63142 10.43974 
  8.84961 8.879501 7.675236 6.653771 5.415573 5.455966 6.681623 6.727667 7.275826 8.087261 7.401075 8.119659 8.07743 8.307844 8.643714 8.90925 9.227383 8.708663 9.550404 9.930464 10.4576 9.856804 10.69186 
  8.159121 8.448641 6.926171 6.786008 5.850451 5.390544 6.600185 7.284081 6.683794 7.390083 6.494239 7.692111 7.629232 7.910953 8.412736 8.347134 8.843981 9.533863 9.716025 9.576391 9.885276 10.24806 10.46561 
  8.36894 7.444097 6.06646 6.224001 5.676499 5.455966 6.925936 6.648179 7.078483 7.336454 7.079808 7.358316 8.141759 7.958341 8.398376 8.542258 8.465499 8.991651 8.610792 9.740244 10.00255 10.36916 10.35351 
  8.78858 7.847531 6.754229 5.595876 6.029568 5.783074 6.681623 6.96613 6.749576 7.172651 6.918272 6.563176 7.830149 7.887259 8.139893 8.336293 8.824572 9.423578 9.45485 9.53998 10.38195 10.58449 10.65203 
  8.68367 7.686157 6.582287 6.786008 6.208686 5.61952 5.692317 6.886642 7.012701 6.746764 7.341402 7.133276 7.551957 8.07681 7.99629 8.683182 8.911914 9.304426 9.931009 9.53998 9.955638 10.44369 10.35351 
  8.054211 8.089591 7.675236 7.583243 6.656481 6.36642 6.208836 6.550074 7.736296 7.765487 7.221152 7.448332 7.706508 7.934647 8.458932 8.650661 8.843981 9.589005 9.716025 10.07925 10.23065 10.58449 10.77152 
  8.47385 7.605471 7.069954 7.317498 6.746039 6.793482 6.518747 5.470915 6.139247 7.497342 7.938137 7.76337 8.399075 7.910953 8.211693 8.683182 8.552841 9.364002 9.582254 10.02966 9.897003 10.39711 10.65203 
  8.78858 8.089591 6.639601 6.323179 5.53154 6.964306 6.139967 5.56902 6.302611 7.765487 7.938137 7.373319 7.629232 7.934647 8.283494 8.531418 9.061393 9.125697 9.566329 9.98006 10.07291 10.12696 10.65203 
  9.398888 8.161401 6.983485 5.695054 5.096663 6.708069 6.31214 6.321161 6.248157 7.074369 7.241344 7.073266 8.206088 8.307844 8.398376 8.999679 9.559364 9.140591 9.582254 9.722038 10.07291 10.16422 10.13792 
  9.337857 8.161401 6.35303 5.628936 3.994973 5.717653 6.036663 5.961442 6.602112 7.390083 6.635583 7.133276 7.969244 7.839871 8.297854 8.954465 8.950732 8.84271 9.759022 10.10405 10.19282 10.25737 10.61221 
  10.25332 9.023121 7.675236 7.140335 5.763475 5.423255 5.761186 6.451968 6.248157 7.819116 7.341402 6.953245 7.861059 7.910953 8.068091 7.989405 9.006063 8.574616 8.977081 9.558186 10.155 10.17353 10.45699 ]
