 [
  5.138653 3.827584 4.076996 5.15641 5.278006 5.156823 4.928905 5.764563 5.135891 5.904879 6.787359 7.068819 7.655162 8.373754 7.826123 8.437253 9.097215 9.208675 9.230451 9.703371 10.36681 10.13457 10.40628 
  4.99887 3.518453 4.70217 5.193162 5.646305 4.935069 4.763166 5.177251 5.094966 5.826625 6.606996 7.210219 7.344384 7.375803 7.682968 8.548783 8.878407 8.719022 9.404637 9.717764 9.77473 10.70035 10.5861 
  4.393143 3.3948 4.620625 4.948146 3.682045 3.777023 4.77974 4.925546 6.500157 6.661333 6.967723 6.856718 7.316132 7.857727 8.451423 8.540817 8.977227 9.277478 9.675613 10.06756 10.37893 10.35364 10.35491 
  3.927199 3.291757 5.137074 5.033902 5.093857 4.737955 4.431689 5.798124 5.831615 6.843925 6.823432 7.316269 7.443268 8.441158 8.603207 8.699673 9.257197 9.243077 9.574506 9.955248 9.9298 9.995153 10.34848 
  3.740821 3.250539 5.109893 5.131908 4.97109 4.393005 4.696871 6.066824 6.240865 6.95287 6.949687 7.437926 7.160742 8.104133 7.594872 8.413353 9.61716 9.483889 9.466115 9.86889 9.940877 10.35364 10.48335 
  3.368066 4.013062 4.70217 5.413677 5.431464 5.475471 5.3764 6.268619 6.411436 6.165725 7.108668 7.924551 8.222282 8.575969 9.615103 9.642735 9.097215 9.018254 9.844127 10.09383 9.918724 10.92704 10.9858 
  3.83401 3.106278 4.647807 5.741706 5.735338 5.900335 5.629516 5.428956 5.667915 6.087471 6.390559 6.414841 6.75108 8.036727 7.991303 8.413353 8.454877 8.88224 9.608208 10.22523 10.54863 10.71368 11.12976 
  3.973793 3.518453 4.375992 5.474931 5.063165 3.924859 4.614002 5.227592 5.852077 6.243979 6.967723 6.556242 7.174869 7.706265 7.682968 8.357588 8.572524 9.172405 9.5071 9.545048 9.697194 10.19431 10.41913 
  5.045464 4.280975 3.995451 5.033902 5.55423 5.008987 4.580854 4.992667 5.442828 6.348317 7.108668 6.980443 7.188995 8.104133 8.178506 8.661951 9.097215 9.415085 9.709316 10.12011 9.675041 9.845782 10.30995 
  4.719303 3.642105 4.104177 5.046153 5.735338 4.984348 4.614002 5.63032 6.220402 6.400486 6.156085 7.316269 7.718176 8.022958 8.134459 8.477085 8.443112 9.655897 9.911531 10.27778 10.13649 9.716328 10.65675 
  5.364691 5.302073 7.026229 7.014331 5.247314 4.91043 5.7395 6.066824 6.03624 7.284313 6.498777 6.414841 7.844203 8.022958 9.05856 8.277924 9.017222 9.449487 9.574506 9.674585 10.04057 10.28394 10.71845 
  6.49488 7.085532 6.518418 6.420439 6.180505 5.581687 6.069452 5.697442 6.322714 7.201452 7.796658 8.107036 8.033242 8.022958 8.653802 8.81284 9.177206 8.827834 9.363652 9.962444 9.342747 9.945363 10.79043 
  5.967458 4.926608 5.587431 5.30342 6.091472 5.263039 5.519531 6.268619 6.855044 7.035731 7.452662 7.559582 8.53735 8.643374 8.603207 9.190064 8.925467 9.090796 9.404637 9.804122 10.3062 10.48699 10.67731 
  6.570226 5.395939 5.164256 6.250756 6.091472 5.156823 4.431689 5.529638 6.677601 6.870009 7.108668 6.980443 7.655162 8.575969 8.957371 8.524884 8.796054 8.900375 9.445622 10.22523 9.907647 10.42032 11.12976 
  4.626115 4.074888 5.333526 4.70313 5.185931 4.491562 5.127791 5.043008 5.299591 5.826625 6.138049 7.280919 7.302005 7.485957 8.451423 8.405387 8.584289 9.518291 9.066509 9.919266 10.05164 10.1744 10.65675 
  5.213999 3.786366 4.240085 5.340172 5.462155 4.885791 4.514558 5.345054 5.013116 5.878795 6.228231 6.980443 7.781189 7.733803 8.277614 8.624228 9.177206 9.208675 9.641911 9.904873 10.17286 10.40698 10.59895 
  6.419534 4.926608 4.104177 4.923645 5.308698 5.107544 5.011775 5.865245 6.261327 6.19181 6.426631 6.185065 7.047732 7.458418 8.350233 8.405387 8.572524 9.027323 9.220204 9.681782 9.807959 10.43365 11.44853 
  4.859087 3.580279 3.886725 5.389175 5.462155 3.727745 4.34882 6.066824 5.893003 5.200595 6.192158 7.227894 7.415015 7.155495 8.123446 8.365555 8.666642 9.243077 9.332913 9.796926 10.33044 10.20427 10.57326 
  5.74142 4.36341 5.418161 6.505281 6.536639 5.581687 4.86261 6.268619 5.565603 6.113556 7.383863 7.377098 7.542152 7.472188 8.211542 8.81284 9.257197 9.081728 9.302175 9.530655 10.11225 10.55367 11.03721 
  4.719303 4.116106 4.674989 5.327921 5.124548 4.491562 4.696871 5.965927 6.097627 6.53091 7.003796 6.715317 7.781189 7.78888 8.079398 8.737395 8.890172 9.483889 9.476361 9.988723 9.852264 10.20427 10.36775 
  8.981296 10.18312 11.08871 11.51094 11.61155 11.42357 11.01874 11.41437 12.26706 13.00171 13.16298 13.15578 13.20034 14.0358 14.11804 14.11596 14.05669 13.57768 13.94539 14.27877 14.26839 14.93906 15.4987 
  9.131988 10.74632 11.51189 12.01999 12.05671 11.52978 11.12872 11.61617 12.44451 13.33315 13.43817 13.33826 13.32637 14.23801 14.32042 14.30748 14.24815 13.61209 14.1112 14.4017 14.40164 15.13421 15.80264 
  11.31702 14.6887 14.98193 13.8865 14.90578 14.50383 14.31826 13.53321 13.42044 13.16743 11.8558 10.96596 12.00309 12.21585 11.28473 11.03846 11.49696 11.68559 11.05742 10.80335 10.70622 11.39376 11.59249 
  14.25551 16.81739 16.44767 17.04562 17.7931 18.54004 18.82762 17.3673 17.3242 16.89616 15.36454 14.0682 14.83869 15.3165 14.11804 13.95181 14.15242 13.57768 12.74255 11.01357 11.20321 12.4996 12.33769 
  14.63224 16.66406 16.1333 16.80162 17.84398 19.25093 19.26755 18.17448 17.86634 16.97902 15.63974 14.67648 15.15376 15.65352 14.26983 13.67821 14.40769 13.33687 12.47293 10.96101 10.83956 12.35323 12.33769 
  14.70759 16.50375 16.20475 16.7129 17.6659 19.42062 19.48752 18.99766 18.61536 17.47618 15.77734 15.10228 15.59485 16.26017 14.62399 13.18864 14.21624 13.50888 13.2818 11.72308 11.60323 12.79234 12.21611 
  14.78293 16.37829 16.24047 16.69072 17.51325 19.31457 19.88242 19.49449 18.80262 17.55231 15.63974 15.04145 15.72088 16.81145 15.3186 13.1132 13.33677 13.09606 12.47293 12.11725 11.34867 12.40202 12.21611 
  14.78799 16.28443 16.19046 16.5909 17.42421 19.14488 20.06295 19.62601 18.80262 17.60306 15.63974 15.04145 15.65786 17.08068 15.51859 13.37726 13.61674 12.92405 12.60774 12.35376 11.54262 12.30445 11.69532 
  14.78293 16.19056 16.1333 16.49109 17.34788 18.97519 20.19834 19.68446 19.11471 17.90757 15.63974 15.10228 15.65786 16.7625 15.3186 12.50964 13.89671 13.02726 13.04588 12.64282 11.73649 11.83381 11.97295 
  14.70759 16.09669 16.08329 16.40236 17.25884 18.75247 20.0968 19.69907 19.30197 17.93295 15.29575 14.55483 15.02773 16.12536 14.47221 12.50964 13.73673 13.23367 13.48401 13.51045 11.82532 12.20687 12.2769 
  14.70759 16.00283 15.99755 16.26207 17.11891 18.54004 19.9614 19.69907 19.30197 18.0852 15.29575 14.25068 14.9017 15.99055 14.67459 12.54736 13.69673 13.23367 13.41661 13.44898 12.09184 12.4996 12.39848 
  14.78293 16.09669 15.99755 16.34691 17.14435 18.64626 20.07423 19.7283 19.48922 18.44046 15.63974 14.9198 15.27978 16.6646 14.97576 13.03775 13.9767 13.93997 13.48401 12.80049 11.7809 12.64597 12.2769 
  14.80821 16.28443 15.99755 16.34691 17.10619 18.77368 19.98397 19.80136 19.64527 18.2882 15.84614 14.9198 15.59485 17.08068 15.37574 13.76029 14.18433 13.79424 13.94539 13.32605 11.60323 12.79234 12.15532 
  14.85877 16.28443 15.99755 16.34691 17.08075 18.75247 19.84857 19.68446 19.64527 18.31358 15.97213 15.04145 15.77195 17.30096 15.6043 13.73293 14.0886 13.37127 13.82104 13.11582 12.003 11.72713 11.79815 
  14.92955 16.37829 16.03328 16.34691 17.08075 18.78429 19.90499 19.66985 19.4268 18.0852 16.01413 15.19014 15.84856 16.95831 15.40431 13.22637 13.45676 13.79424 14.40137 13.35678 11.48201 12.30445 11.65419 
  14.95483 16.49678 16.01899 16.40236 17.13163 18.84792 19.88242 19.65523 19.30197 18.05982 16.26612 15.45372 15.97625 17.54572 15.74715 13.45933 14.69486 14.45 14.23556 13.57191 11.86974 12.64597 11.36627 
  14.96494 16.53163 16.0047 16.36909 17.08075 18.89034 19.91627 19.66985 19.4268 18.38971 16.43412 15.54158 16.02732 17.30096 15.77572 14.00652 14.88631 15.10577 14.94025 13.84851 11.7809 12.15808 11.36627 
  14.97506 16.47587 16.01184 16.34691 17.06803 18.83732 19.92755 19.71368 19.45801 18.66884 16.8541 15.93695 16.33377 18.01075 16.43283 14.58107 15.42876 14.96004 15.43767 14.4017 11.26382 12.0605 11.37655 
  14.97506 16.46193 16.02613 16.34691 17.04259 18.83732 19.98397 19.66985 19.33317 18.92259 16.8121 16.02481 16.81898 18.08418 15.91857 14.28012 15.52448 15.1422 15.68639 14.61684 11.44564 11.94049 11.15033 
  15.00034 16.49678 16.03328 16.358 17.04259 18.82671 19.9614 19.65523 19.17713 18.92259 16.98009 16.06874 16.79344 18.0597 16.57568 15.1009 16.06693 15.76153 15.9351 15.26223 11.44564 12.15808 11.57192 
  15.05089 16.58739 16.03328 16.39127 17.04259 18.86913 19.98397 19.65523 19.0835 18.94797 17.10609 16.42018 17.07435 18.20655 16.37569 14.74523 15.5883 15.6158 15.81074 14.6783 11.64765 12.74355 11.7056 
  15.05089 16.63618 16.04042 16.39127 17.04259 18.91155 20.04038 19.58217 18.92745 19.07485 17.23209 16.28839 16.99774 18.0597 16.37569 14.74523 15.52448 15.90725 16.43253 15.1393 11.73649 11.42043 11.48966 
  15.10145 16.61527 16.16903 16.48 17.05531 18.95398 20.05167 19.52372 18.80262 19.07485 17.52608 16.55197 16.94667 17.52124 15.77572 13.45933 14.37578 14.37714 14.94025 14.4939 11.37291 11.78047 12.03374 
  15.10145 16.64315 16.15474 16.49109 17.04259 18.90095 19.99525 19.3922 18.4281 18.99872 17.77806 16.55197 16.79344 17.32544 15.40431 13.48669 14.69486 14.59573 15.18896 14.70903 11.49413 12.0605 11.83928 
  15.0964 16.6083 16.18331 16.48 17.05531 18.86913 20.08551 19.40682 18.20964 18.59271 17.86206 16.63983 16.64022 16.90936 15.09004 13.45933 14.59914 14.41357 14.94025 14.61684 11.38504 11.82047 11.56164 
  15.07112 16.66406 16.11187 16.45782 17.04259 18.97519 19.9614 19.31914 17.92875 18.56734 18.32405 17.12305 17.32973 17.74152 15.80429 14.11596 14.85441 14.77789 15.39622 14.83197 11.56686 11.82047 11.92154 
  15.05595 16.62921 16.069 16.39127 17.04259 18.95398 19.82601 19.14379 17.67908 18.2882 18.49204 17.3427 16.94667 17.03173 15.20432 14.0886 15.49258 15.32435 15.89365 14.73977 12.003 13.03628 11.97295 
  15.02056 16.60133 16.02613 16.38018 17.04259 18.95398 19.57778 18.88076 17.3242 17.80607 18.45004 17.43056 16.94667 17.49677 15.89 14.41692 15.52448 15.21506 15.31332 14.6783 12.26952 12.15808 11.68503 
  14.98517 16.61527 15.91292 16.40236 17.04259 18.86913 19.15757 18.37627 16.88059 17.31046 17.98806 17.29877 17.09989 17.59467 15.89 14.96411 15.42876 15.47008 15.23041 14.64757 12.40277 12.25566 12.15532 
  14.95989 16.75467 15.91292 16.45782 17.04259 18.84792 18.60765 17.66999 16.25953 16.48186 17.90406 17.65021 16.84452 17.03173 15.11861 13.81501 14.95013 14.85075 14.56718 14.61684 12.49161 12.40202 12.70242 
  14.99022 16.75467 15.99755 16.45782 17.08075 18.64626 18.27769 17.06461 15.54976 15.81897 18.03006 17.86986 16.74237 16.5972 14.5228 13.86973 14.0886 14.34071 14.31846 14.52464 12.18068 12.10929 12.64163 
  14.90933 16.71982 15.91292 16.49109 17.16979 18.43382 17.94774 16.66102 15.10616 15.48753 17.61007 17.60628 16.0784 16.05795 14.06745 13.1132 13.29677 14.12212 14.06975 13.94071 11.91416 12.00716 12.64163 
  14.80316 16.50375 15.82828 16.34691 17.14435 17.90274 17.39782 16.15654 14.4851 15.40467 17.23209 17.25484 16.25716 16.81145 14.77577 12.69825 13.09679 13.72138 13.82104 13.32605 12.09184 11.80714 12.70242 
  14.63224 16.37829 15.65901 16.17723 17.04259 17.26545 16.8479 15.75295 14.21894 14.9075 16.72811 16.94733 15.92517 16.12536 13.81447 12.13241 12.69684 13.57768 13.3829 13.27349 11.60323 11.76713 13.06715 
  14.48155 16.28443 15.40511 16.00754 16.86452 16.52194 16.07801 15.34936 14.13022 14.32748 16.35012 16.72768 15.84856 15.72093 13.15674 12.66053 13.0168 13.61209 12.77626 13.24722 11.51838 11.36709 12.76321 
  14.25551 16.28443 15.1512 16.00754 16.68645 15.99086 15.41811 14.13859 13.15428 13.33315 15.22695 15.54158 14.9017 15.04688 12.95436 12.58508 12.1369 13.23367 12.64145 13.16838 11.59111 10.66035 11.80843 
  14.02947 16.28443 14.8973 15.75302 16.15225 15.14113 14.31826 11.71706 11.2024 12.67026 14.95175 14.85897 14.01951 14.17061 10.72819 11.9438 11.137 12.23602 11.86628 11.4603 10.64561 10.50033 11.73645 
  13.65274 16.09669 14.55876 15.07428 14.19352 13.54789 12.44853 11.31347 11.11368 12.00738 13.85097 13.03412 12.57021 12.41807 10.37403 11.11391 10.77704 11.44478 11.19223 10.56684 10.33044 10.01507 11.35598 
  12.74859 15.15803 13.37386 12.95324 11.07734 10.36141 10.79877 10.90989 10.40391 12.50454 12.88778 11.57424 11.87706 11.87883 10.07046 10.66124 10.1771 10.13752 10.01264 9.883283 10.31832 10.34369 10.45124 
  10.56356 12.90524 11.17335 10.06863 10.36508 10.68006 10.68879 9.598224 10.75879 11.26163 12.47499 11.81756 11.30994 11.40699 11.23414 11.15163 11.29698 10.44713 11.25964 11.32891 11.22745 11.52711 11.26344 
  7.851107 10.08925 8.888202 9.389896 9.474743 10.04276 10.02888 10.4054 11.2024 11.51021 13.02538 12.36501 11.87706 12.55288 13.35912 13.07548 11.89692 10.92876 11.52926 12.01214 11.95858 12.03383 12.33769 
  6.11815 7.085532 7.70331 8.032431 8.940542 9.830328 10.13887 10.80899 10.49263 10.84733 12.68139 11.6959 11.49898 12.14845 11.43652 11.52886 11.45697 10.61914 11.76518 11.80192 11.60323 11.67379 12.70242 
  5.364691 5.489806 5.925972 6.674964 8.317308 8.343304 8.709072 8.891944 8.718198 9.770136 11.03021 10.35768 10.86884 10.73294 10.12105 9.755901 10.53706 9.999913 10.28226 10.88218 10.88804 11.46043 12.15532 
  4.020388 3.868801 5.756701 6.590123 7.694074 6.962495 7.609231 7.27759 8.27459 7.947199 9.379034 10.05354 9.923644 10.39591 10.22224 9.906791 10.1771 10.03432 10.31596 10.2515 10.585 11.32709 11.65419 
  5.816766 5.114341 5.841337 7.268856 7.783108 8.555735 8.489103 8.589252 7.830982 8.610085 10.41102 10.41851 9.923644 10.66553 10.12105 10.73668 10.41708 9.7247 9.911531 10.22523 10.70622 11.32709 11.17089 
  7.851107 6.897799 7.364769 9.389896 9.830877 10.14898 9.478962 8.992842 8.629477 8.858667 10.75501 10.41851 10.11268 10.53072 9.716293 10.39718 10.25709 9.621495 9.03577 10.09383 10.56076 11.02038 11.16061 
  7.851107 7.460997 7.449404 6.759806 7.783108 8.237087 8.049168 7.479384 7.74226 9.272971 10.54862 9.688569 9.041457 9.587049 9.513913 9.303232 9.817139 9.965511 9.168972 9.688978 9.807959 10.24411 10.80071 
  8.303183 8.39966 8.380391 7.777905 7.694074 7.599791 9.478962 8.891944 8.185868 9.770136 9.379034 8.836974 9.29351 9.587049 8.957371 8.516917 8.977227 9.346282 9.743018 10.56684 10.05164 10.44699 10.65675 
  6.570226 7.836462 8.211121 7.014331 7.426974 8.980599 10.46882 9.598224 9.073085 9.521553 10.27342 8.472005 9.356524 8.980401 8.299638 8.102661 8.184288 9.03639 9.776721 10.015 9.907647 10.54033 10.59895 
  6.946956 7.742596 7.195499 6.590123 7.33794 8.874383 10.46882 10.70809 8.540754 9.272971 10.82381 8.715318 8.285296 8.373754 8.299638 8.850563 8.748995 9.063593 9.117741 9.537851 10.05164 10.71368 10.91382 
  7.248339 7.930328 8.549662 8.456638 8.940542 9.193031 11.23871 10.60719 8.540754 10.59874 10.41102 8.472005 8.34831 9.519643 9.615103 10.81213 10.49707 9.690298 10.48448 11.14496 10.82743 11.60712 11.63362 
  8.604567 9.90152 9.903824 9.305055 9.65281 10.04276 10.24885 9.598224 8.097147 10.18444 10.27342 8.836974 8.34831 9.721859 9.969267 10.24629 8.937231 8.646481 9.363652 10.04128 10.14862 10.567 11.11948 
  6.645572 7.930328 7.787945 6.590123 5.824371 6.218983 9.258993 8.185664 7.564817 8.941528 8.209452 7.316269 7.485647 8.373754 8.552612 8.624228 8.548995 9.208675 9.911531 9.530655 10.24559 11.06039 11.41768 
  5.967458 6.6162 5.925972 5.91139 5.646305 7.918439 9.478962 8.589252 7.830982 8.361503 7.727859 7.263244 8.159269 8.171537 7.980291 8.341655 8.937231 9.154269 9.675613 10.19895 10.17286 10.02503 10.45124 
  5.590728 6.428468 6.264513 5.741706 5.492847 6.537631 7.279278 7.075796 6.943766 7.781477 7.65906 7.316269 8.096256 8.171537 8.09041 8.118594 8.231347 9.31188 9.675613 9.988723 10.02949 10.79369 10.60537 
  5.213999 5.771404 5.333526 5.058403 5.584921 5.794119 6.839341 6.57131 6.855044 6.95287 6.462704 7.62041 7.844203 7.830188 8.350233 8.586506 8.784289 9.346282 9.776721 9.674585 9.652888 10.22419 10.29068 
  4.299954 4.551143 4.729352 5.401426 6.269539 5.794119 7.499247 6.974898 7.298652 7.615756 7.383863 7.559582 7.844203 7.885265 8.112434 9.378677 9.337189 9.172405 9.466115 10.06756 9.863341 10.47366 11.10919 
  5.515382 4.551143 5.248891 5.996232 5.735338 6.537631 6.399405 7.075796 6.500157 7.201452 6.625031 6.856718 7.513899 7.41711 8.400827 8.28589 8.666642 9.108932 9.394391 9.674585 10.02949 10.36698 10.70816 
  5.364691 5.020474 4.756533 5.572023 5.15524 3.949498 5.29353 5.663881 5.831615 5.722287 7.039869 7.377098 7.217247 7.761342 7.903207 8.28589 8.643113 9.136134 9.312421 10.015 10.1971 10.28394 10.62464 
  4.952275 3.88941 3.832363 5.389175 5.063165 4.713316 6.179437 5.61354 6.056702 6.426571 7.039869 7.104168 7.443268 7.692495 8.288626 8.230124 8.73723 9.199608 9.675613 9.609817 9.697194 10.33373 10.43839 
  4.532926 4.21915 3.42464 5.0094 4.694866 4.417645 5.519531 5.579979 6.322714 6.843925 7.108668 7.192544 7.655162 7.720034 8.079398 8.81284 8.596054 9.243077 9.42513 10.04128 10.39105 10.567 10.86241 
  4.160171 3.044452 3.723637 5.229915 5.185931 5.058266 4.365394 4.891985 5.483753 6.426571 6.516813 7.086493 7.302005 8.022958 7.980291 9.152342 8.572524 8.628345 9.394391 9.732157 10.16074 10.66035 10.61822 
  3.647633 3.415409 5.164256 5.741706 5.15524 3.579909 5.409547 5.61354 6.19994 7.118592 6.498777 6.538566 7.400889 8.036727 7.74904 8.038929 8.666642 8.855037 9.540803 10.09383 10.16074 10.32377 10.91382 
  4.066982 4.645009 4.430355 5.487182 5.646305 4.984348 4.812888 5.882025 5.831615 6.165725 5.88554 6.626942 7.372637 8.104133 7.947255 8.198258 9.177206 9.380684 9.641911 9.501869 9.796883 10.68701 10.49619 
  3.647633 3.3948 4.783715 4.997149 5.247314 4.171252 4.746593 5.714222 6.138552 5.800541 6.498777 6.220415 6.849964 7.912804 8.299638 8.261991 9.017222 9.03639 8.851337 9.962444 10.24559 10.12461 10.24573 
  2.156612 4.198541 5.164256 5.487182 5.735338 4.984348 4.879184 5.932366 7.20993 6.870009 6.697177 7.498754 7.499773 7.761342 8.178506 8.775118 8.977227 9.380684 9.978937 10.06756 9.708271 10.10469 10.73901 ]
