 [
  5.149908 4.082913 4.593823 4.275745 4.370788 4.655026 5.247871 6.20547 6.48729 7.079341 6.726459 7.297591 7.829441 8.258821 7.862676 8.800108 8.826859 9.787818 9.935416 9.892313 10.07159 10.30751 10.52085 
  4.91719 4.290822 5.100603 5.017428 5.260495 4.788288 5.599459 5.48781 6.59121 7.599055 7.738639 7.774378 7.288399 8.003557 8.866644 9.517342 9.426843 9.206198 9.401291 9.846247 10.1812 10.63102 10.5045 
  5.208087 4.221519 5.192744 4.687791 3.614536 4.688341 5.375721 5.789983 6.792054 7.541309 7.635894 7.252831 7.561349 7.139968 8.323207 8.770597 9.078161 9.239086 9.298386 10.35136 10.2302 10.41627 10.28373 
  6.138958 5.399668 4.501682 4.728996 4.860127 4.754972 5.215909 6.840171 6.859002 6.702766 6.444724 6.879829 7.572721 7.397207 7.738208 9.169844 9.52736 8.997904 9.746042 10.33553 10.1567 10.45783 10.37367 
  4.742652 3.112673 4.040973 4.687791 4.504244 4.288556 4.864321 6.243242 6.258665 6.351297 5.83791 7.01411 7.106432 7.378833 8.198739 9.062922 8.826859 8.888276 9.483616 10.12183 10.3086 10.31292 10.34096 
  4.742652 2.974067 4.225256 4.522973 4.6377 4.388503 4.384883 5.676668 6.321017 6.125353 6.379708 7.297591 7.25428 8.301037 8.602439 9.036191 8.873978 8.932127 9.432162 9.59288 10.35271 10.21026 10.65945 
  3.92814 3.667096 4.547752 3.740086 5.082554 5.321335 4.992171 5.185637 5.759847 6.401507 7.138226 7.07379 7.265653 8.021931 8.273419 8.637801 9.52736 9.64145 9.596812 9.9398 10.10724 10.17243 10.16108 
  3.98632 4.152216 4.040973 5.141042 4.726671 4.98818 5.759272 6.499069 6.154744 5.698568 6.314692 7.267751 7.083686 7.342085 8.348101 8.564026 9.329465 9.261011 9.607102 9.995202 10.12506 10.2859 10.34096 
  5.789881 5.122457 6.02202 6.465058 5.705349 6.154221 5.695347 5.450038 6.59121 6.828291 6.249677 6.820148 7.424874 8.216606 8.543727 9.169844 9.12528 9.495082 9.442453 10.12975 10.02703 10.50633 10.55356 
  6.720752 6.023394 6.57487 7.168081 7.11781 6.354113 6.704373 6.499069 6.092392 7.137087 6.40138 6.924589 7.951342 8.077054 8.223633 8.416473 9.031042 9.592661 9.793386 9.995202 10.1616 10.40934 10.47997 
  6.022599 5.330365 6.620941 7.168081 7.11781 6.519232 6.704373 6.092155 6.59121 7.599055 7.584522 8.944328 8.885921 8.680972 9.306985 10.77368 9.426843 9.21716 9.746042 10.19307 10.05377 10.15622 10.69854 
  7.651622 6.577817 6.989508 8.222616 8.336482 8.390497 7.343446 6.111041 7.863222 8.869469 9.279817 10.30147 9.861133 9.398628 10.48123 12.35078 10.18072 9.14042 10.10112 10.33553 10.2939 10.53403 10.91351 
  7.651622 6.716423 7.71793 6.37718 6.836577 7.01167 6.430485 5.034551 6.092392 7.194833 7.892757 9.318713 9.251625 9.525273 10.45187 11.65579 9.879169 9.787818 10.05377 9.830891 9.91117 10.04276 10.56173 
  7.717371 6.64712 5.929878 5.800316 6.37263 5.954328 6.334597 6.499069 6.658158 7.054236 8.046875 8.476349 8.317047 7.819815 8.631795 9.276766 9.728394 9.397503 9.586521 10.11392 10.2547 10.15082 10.37367 
  7.360725 6.300605 6.02202 4.605382 6.461601 7.110158 5.823197 5.997726 6.48729 7.714548 7.635894 7.72758 8.438949 8.807617 9.130848 9.223305 9.929428 9.836607 9.959087 10.44633 10.60261 10.76264 10.75717 
  6.662572 6.924331 5.929878 6.37718 6.649089 6.913182 6.704373 6.754896 6.59121 7.599055 7.687267 8.289156 9.61733 10.24293 9.600545 9.303496 9.376584 9.739029 10.24315 10.3751 10.77901 10.97046 11.38255 
  5.90624 6.508514 6.298445 6.552936 7.305298 7.701084 6.704373 8.204582 8.26491 8.753977 8.457855 9.365511 10.10494 10.74951 9.952818 9.864839 9.929428 9.739029 10.45619 10.20889 10.49481 10.91504 11.28483 
  5.848061 5.884788 6.06809 6.81657 7.774018 8.587473 7.891223 8.801512 9.938608 9.158199 10.46139 10.44187 11.28332 10.83394 10.62801 10.39945 10.18072 10.3245 10.1958 10.77874 11.24784 11.5851 11.92976 
  7.128007 7.409451 7.070444 7.431715 7.399042 7.701084 8.347703 8.375134 8.800493 9.100452 9.844915 10.39507 10.99888 10.58065 10.53994 11.25483 10.73356 10.61724 10.76393 10.97986 11.71667 11.66256 12.08611 
  7.535263 8.023386 7.475122 7.168081 7.399042 8.193522 8.530295 8.716236 9.603868 9.446929 10.20452 11.05024 11.77092 11.08723 10.92157 10.69349 10.3315 10.61724 10.7876 11.50127 11.40412 11.43018 12.04702 
  7.980369 7.409451 7.71793 8.48625 8.148994 8.095035 8.530295 8.204582 9.87166 10.5441 10.15315 10.48866 11.20205 11.34052 11.00964 10.77368 10.83408 11.44666 10.90596 11.72474 11.63853 12.12731 12.71149 
  6.546213 7.270845 8.041673 7.607471 7.680274 8.29201 8.621592 8.801512 10.13945 9.908897 10.66688 10.39507 11.32395 11.93153 12.24259 11.73598 11.99003 12.03213 11.90017 12.5441 12.02922 12.28223 12.80921 
  7.914619 8.483836 8.28448 8.134739 8.336482 8.390497 9.169369 10.2512 10.2064 10.6596 12.00256 13.53069 14.80493 14.38887 14.37424 13.60607 13.74908 13.73976 13.88743 14.77872 14.29523 14.60602 14.7292 
  7.84887 9.021029 7.71793 8.574128 8.805202 9.670837 9.717145 11.35978 12.54958 12.91169 13.8006 13.81194 14.49505 14.67326 14.93253 14.07893 14.40244 14.95949 14.67799 15.59808 15.70171 16.15521 16.24369 
  11.00484 11.32328 10.46975 10.94683 10.58634 9.473863 10.44751 12.21254 13.21906 12.7962 12.77315 12.82857 13.16701 12.86026 12.85163 12.66036 13.49778 13.30065 12.78942 13.66141 13.8264 13.90888 14.07292 
  14.48956 17.28042 16.86367 17.27404 17.42966 17.35288 16.83824 16.39105 14.82581 12.16099 11.69433 11.56502 12.7055 13.5357 12.21323 11.89636 14.35218 14.56918 11.63978 11.42679 10.77901 10.89426 11.63661 
  16.25656 18.74522 18.04891 19.81294 19.77982 19.49803 19.33672 19.58808 17.17136 14.75073 14.07445 13.81194 15.11481 16.55024 14.93253 14.18026 17.85172 18.15677 14.63407 13.51243 11.56039 12.59207 12.75058 
  16.41408 18.64917 18.55553 19.70878 20.31454 19.76528 19.5401 19.85312 17.03731 14.89068 14.21137 13.95257 15.02627 17.06214 15.44006 14.51801 18.54688 18.75983 15.42464 14.33179 11.95108 13.05683 12.84829 
  16.50859 18.64917 18.57965 19.53518 20.56408 19.82891 19.5401 19.45556 17.17136 14.96065 14.27983 13.95257 14.8492 17.11902 15.38931 14.58556 18.41654 18.65932 14.85367 13.95936 12.26364 13.21175 13.77003 
  16.5821 18.57713 18.60378 19.3963 20.67102 19.79073 19.74349 19.49973 16.97028 14.89068 14.21137 13.85882 14.62786 16.32273 15.2878 14.55179 18.06896 18.55881 14.32663 14.25731 11.79481 12.35969 14.12341 
  16.6241 18.55312 18.70028 19.43102 20.70667 19.76528 19.91782 19.54391 16.63515 14.75073 14.00599 13.62444 14.40652 16.03834 15.2878 14.28158 18.11241 18.4583 14.50231 14.40628 11.95108 12.59207 13.06327 
  16.67661 18.50509 18.79677 19.46574 20.67102 19.71437 19.94688 19.36721 16.16595 14.54081 13.69786 13.43694 14.22945 16.09522 15.33855 14.1127 18.24275 18.40805 14.50231 14.10833 12.02922 12.59207 14.22437 
  16.71861 18.43305 18.86915 19.46574 20.59973 19.65074 19.8016 19.01382 15.62974 14.23985 13.38962 13.06256 13.83103 16.03834 15.13554 14.04515 18.02551 18.05626 13.97527 13.43795 11.79481 12.51461 14.57775 
  16.72911 18.36101 18.86915 19.3963 20.42149 19.58711 19.51105 18.52791 15.16055 13.83563 12.8759 12.78177 13.34408 15.41268 14.67876 13.87628 17.15656 17.55371 13.09687 12.76756 11.1697 11.43018 13.87099 
  16.71861 18.28897 18.86915 19.32685 20.27889 19.52348 19.13333 17.90948 14.75886 13.5469 12.51629 12.40738 12.98994 14.8439 14.37424 13.50474 16.80898 17.25218 13.09687 13.06551 11.1697 11.05359 13.61858 
  16.69761 18.21693 18.8209 19.25741 20.1363 19.44713 18.78466 17.33522 14.35717 13.14268 12.20805 12.12659 12.5836 14.78702 14.47574 13.40342 16.98277 17.25218 13.44823 13.36346 10.93529 10.83884 13.71954 
  16.66611 18.1449 18.79677 19.18797 20.02936 19.3835 18.58127 16.98798 14.08938 12.85395 12.05394 11.8926 12.42106 14.78702 14.5265 13.03189 17.02621 17.15166 13.49215 13.21448 10.47521 10.52018 12.80921 
  16.6241 18.07285 18.74852 19.11853 19.92241 19.35804 18.40694 16.73215 13.82159 12.56522 11.79707 11.70541 12.25853 14.8439 14.5265 12.89679 16.93932 16.95064 13.00903 12.69307 10.3576 10.58253 13.31568 
  16.5716 17.95279 18.67615 19.04909 19.85112 19.28169 18.23261 16.47632 13.62075 12.50747 11.84844 11.65862 12.17726 14.78702 14.42499 13.13321 16.76553 16.69937 12.30259 11.9482 10.33801 10.79035 12.41834 
  16.50859 17.80871 18.60378 18.97965 19.81547 19.17988 18.14544 16.39105 13.35295 12.39198 11.64295 11.42462 12.05536 14.67326 14.22198 13.20077 16.3745 16.29733 12.0422 11.72474 10.3184 11.21291 12.90692 
  16.42458 17.68865 18.50728 18.94493 19.81547 19.0908 18.1745 16.30577 13.21906 12.39198 11.54021 11.56502 12.05536 14.50263 13.96821 13.09944 15.89657 15.99579 11.92384 11.50127 10.58301 11.02588 12.69195 
  16.35107 17.54457 18.41078 18.91021 19.85112 19.02717 18.31978 16.39105 13.08516 12.27649 11.64295 11.56502 12.09599 14.44575 13.71444 12.66036 15.45787 15.74452 11.49775 11.05435 10.93529 10.90118 12.28154 
  16.29857 17.44851 18.31428 18.91021 19.88677 18.92868 18.6975 16.73215 13.28601 12.27649 11.69433 11.61182 12.01473 14.21824 13.40992 12.40424 15.30709 15.54496 11.40306 10.63628 10.55851 10.99124 11.75387 
  16.25656 17.32845 18.19366 18.91021 19.88677 19.02717 19.19144 17.15853 13.68769 12.50747 11.84844 11.65862 12.54297 14.50263 13.25766 12.86301 15.40761 15.44738 11.42673 10.53339 10.56831 11.2337 11.49981 
  16.23556 17.28042 18.07303 18.87549 19.88677 19.02717 19.48199 17.60026 14.29023 12.85395 12.3108 12.033 12.98994 14.8439 13.20691 12.93056 15.45787 15.44738 11.119 10.19307 10.85715 11.2337 11.8125 
  16.21456 17.25641 17.92828 18.73661 19.70852 19.1417 19.22049 17.99783 14.89276 13.08493 12.46492 12.40738 13.78677 14.55951 12.85163 12.55903 15.30709 15.3498 11.02431 10.27221 10.75941 11.35272 12.30108 
  16.19356 17.2324 17.78354 18.49356 19.38769 19.28169 18.49411 18.61626 15.62974 13.43141 12.92727 12.87536 14.67213 14.44575 12.29334 12.21713 15.30709 15.20344 10.97697 10.41467 11.24784 11.43018 12.06656 
  16.16205 17.15565 17.66291 18.25052 19.10251 19.47258 18.34883 19.7206 16.63515 14.12436 13.59511 13.71819 15.33615 14.16136 11.83161 12.1904 15.55838 15.44738 11.30838 10.36719 10.48011 11.1852 12.37925 
  16.13055 17.07891 17.54229 18.00748 18.81732 19.54893 18.23261 19.94147 17.17136 15.03062 14.27983 14.79632 15.77883 13.40906 11.74354 12.1904 15.85312 15.59375 11.54509 10.11392 10.72511 11.12286 12.41834 
  16.10955 17.07891 17.44579 17.79916 18.63908 19.52348 17.9338 19.36721 17.70758 15.52044 14.89599 15.5932 15.20334 12.64919 11.24448 12.03001 15.80968 15.59375 11.33205 9.692691 10.76921 11.35272 12.96555 
  16.06754 17.00217 17.34929 17.62555 18.46084 19.49803 17.9338 19.14634 18.64596 16.08022 15.71753 16.10882 14.62786 12.05818 10.71608 12.03001 15.80968 15.59375 11.85283 9.979373 10.2792 11.27526 13.92148 
  16.00179 17.00217 17.26835 17.4498 18.27335 19.42167 18.02509 19.14634 19.2492 16.64001 16.53907 15.9682 13.96384 11.59381 11.27384 12.21713 16.20071 15.99579 12.65766 10.68377 11.01343 11.35272 13.87099 
  15.93604 16.92543 17.18742 17.36192 18.17961 19.34532 18.11639 19.10217 19.38326 17.47969 17.36061 16.3432 13.21128 11.12945 11.24448 11.94982 16.11381 15.99579 13.14079 10.90537 10.74471 11.27526 14.37582 
  15.87029 16.84869 17.10648 17.27404 18.08587 19.19261 18.11639 18.83713 18.91407 18.03948 17.77138 16.39007 12.9493 11.08723 11.18577 11.81617 15.98347 15.84503 13.14079 10.79457 10.51441 11.2614 14.77969 
  15.80454 16.84869 16.94461 17.18616 17.89838 19.02717 18.11639 18.57208 18.78001 18.38935 17.83984 15.92132 12.66487 10.53843 11.24448 11.78944 16.02691 15.89528 13.31647 10.43842 10.2645 11.21984 14.4263 
  15.73879 16.84869 16.86367 17.09829 17.89838 18.83019 18.02509 18.30704 18.78001 18.66924 18.11368 15.54632 12.7055 10.91837 11.42062 11.97655 15.89657 15.99579 13.66783 9.931886 10.2988 11.43018 15.23403 
  15.6073 16.92543 16.7018 17.09829 17.89838 18.63322 17.8425 17.95365 18.78001 18.80919 18.11368 15.64007 12.54297 11.0028 11.65547 12.24386 16.15726 16.04605 13.88743 9.838569 10.34781 11.89494 15.28451 
  15.41005 16.92543 16.37806 16.92253 17.99212 18.23927 17.7512 17.51192 18.5119 18.87916 17.97676 16.01507 12.5836 10.83394 11.68483 12.37751 15.89657 15.89528 13.62391 10.17724 10.38211 11.03973 14.62824 
  15.0813 16.92543 16.05432 16.6589 18.08587 17.84532 17.56861 17.07325 17.90866 18.87916 17.77138 16.06195 12.38043 10.24293 11.5674 12.24386 15.70916 15.30102 13.44823 10.28804 9.786397 10.61024 13.51761 
  14.62106 17.00217 15.73057 16.6589 18.17961 17.84532 17.56861 16.81742 17.70758 18.45932 17.70291 15.73382 12.50233 10.41179 11.0977 11.97655 14.65373 14.76433 12.92119 9.784824 9.822046 10.63795 13.87099 
  14.16081 17.15565 15.73057 16.92253 17.71089 17.9438 17.47732 16.2205 16.56812 18.10945 16.60753 15.21819 12.25853 10.24293 10.89221 11.94982 13.89985 14.03249 12.65766 10.3751 10.39681 10.90811 13.97196 
  13.83206 17.25641 16.05432 16.6589 16.77345 17.35288 16.83824 15.87939 14.95971 17.47969 16.53907 14.32757 12.62423 10.36957 11.15642 11.89636 13.54804 13.83734 12.18423 10.63628 10.85715 11.74002 13.41665 
  13.56907 17.56858 16.78274 15.69224 15.55477 16.66346 15.19491 15.28246 15.76379 17.05985 16.74445 15.87445 14.7164 11.5516 12.12517 12.4577 14.10089 13.69097 11.68712 10.11392 10.42131 10.65873 13.06327 
  12.78007 17.59259 17.26835 13.93468 14.24236 15.28464 13.73417 15.53829 15.16055 17.12983 16.40214 15.35882 14.22945 11.12945 11.68483 11.57559 12.69365 12.71518 11.04799 9.947715 10.2155 10.45091 11.8125 
  11.72808 17.2324 17.10648 11.91349 13.02369 12.13303 11.63436 13.7475 13.15211 15.17057 15.2383 13.43694 13.60969 11.72046 10.5693 10.50637 11.23615 10.27571 10.05377 10.01895 10.32331 10.25348 11.18712 
  10.87334 16.46498 16.37806 10.50744 10.68008 12.23152 10.7214 12.98002 13.01821 14.61078 14.55368 12.40738 12.86804 12.10039 11.00964 11.06771 9.979687 10.3245 10.10112 10.24847 10.10724 10.2859 11.06986 
  10.08435 15.08363 15.08309 9.804419 10.21136 10.45874 9.625849 12.72419 13.21906 14.47084 13.54374 12.96896 13.21128 12.56476 11.15642 11.25483 10.0802 10.66603 9.55565 9.861602 10.48501 10.82498 10.97214 
  8.046118 12.93486 13.14063 8.398373 9.742643 10.85269 9.899737 11.18923 12.81737 14.18211 13.8006 12.82857 12.8274 12.31147 11.5674 12.4577 10.28124 10.61724 9.793386 9.554491 10.52421 10.59638 10.9526 
  6.429854 10.70935 10.87443 8.574128 10.58634 10.45874 9.991034 10.33647 12.08094 14.06661 13.54374 11.79901 11.60839 11.67824 11.44998 12.4577 10.53253 9.787818 9.514487 10.01895 10.55851 10.49247 11.28483 
  6.837111 8.714062 8.608223 8.134739 9.461411 10.95118 10.7214 9.82482 12.08094 14.12436 13.28688 11.65862 10.95825 12.01596 11.00964 11.70925 9.52736 9.337751 9.617393 9.861602 10.41151 10.58945 11.03077 
  6.429854 9.097771 8.446352 8.48625 10.58634 11.04967 10.26492 9.995371 11.7462 13.20042 11.43746 10.11428 9.61733 10.28514 10.74543 11.62906 9.728394 9.162346 9.55565 9.638947 9.581414 10.47862 10.75717 
  7.477084 7.79316 8.28448 7.958982 8.805202 10.26176 9.534553 9.483717 10.60809 10.83283 10.66688 11.00344 9.414161 9.398628 10.30509 10.93406 9.879169 9.348714 9.576231 9.830891 10.14289 10.55482 10.5045 
  7.535263 8.483836 8.041673 7.431715 8.898947 9.375375 8.804184 7.692928 9.603868 10.48636 9.999033 9.505905 9.414161 8.174392 8.807932 10.42618 9.828911 9.543871 10.10112 10.08226 10.0805 10.45091 10.60082 
  8.046118 8.407094 9.336645 8.310494 8.336482 8.587473 9.078073 7.778204 8.733545 8.753977 9.074327 8.476349 8.520216 7.525827 8.485015 9.437149 9.577619 9.592661 9.675027 10.02686 10.03594 10.73493 10.83534 
  9.624103 9.174512 8.28448 7.695349 8.148994 7.898059 8.712888 7.010723 7.662378 7.83004 8.406483 8.382752 8.195146 7.709569 8.099165 9.276766 9.627876 9.739029 9.504197 10.09809 10.1518 10.40934 10.37367 
  9.689852 9.097771 7.556058 6.640814 8.05525 8.29201 7.25215 7.095998 6.859002 7.310325 7.327659 8.101964 8.438949 7.709569 8.024485 8.696822 9.376584 9.446293 9.56594 9.784824 10.01812 10.06437 10.26737 
  9.098108 8.714062 8.365417 7.519593 7.399042 7.996547 7.982519 6.584344 6.154744 6.928711 6.444724 7.07379 7.910708 8.427682 8.260973 8.755842 9.21952 9.446293 9.535069 9.708047 9.813134 10.18864 10.65945 
  9.558353 9.251254 8.203545 8.046861 7.305298 7.405621 7.160854 7.095998 7.26069 7.425817 6.748131 6.641108 7.754688 7.985183 8.543727 8.726333 8.716913 8.647094 9.524778 9.995202 9.91117 10.61024 10.69854 
  8.637862 8.176869 8.527287 6.640814 6.461601 7.405621 6.978261 6.754896 6.13396 6.752976 7.159898 7.252831 7.504484 8.216606 7.738208 8.770597 9.015336 8.723833 9.401291 9.400936 10.11615 10.40934 10.54538 
  8.835111 7.946644 6.897366 6.37718 5.393951 6.354113 6.521781 5.903297 6.13396 5.874303 6.50974 7.402031 8.276413 7.874937 8.161399 8.239411 8.983923 9.495082 9.746042 9.585202 10.37231 10.22106 10.42273 
  8.243366 10.01867 8.041673 6.81657 6.742834 7.307133 6.613077 6.07327 6.725106 6.702766 7.327659 7.446792 7.481739 8.113802 8.024485 8.97717 9.12528 9.337751 9.627684 9.470036 9.643801 10.10219 10.93306 
  9.361105 9.404737 8.608223 6.006339 5.349466 6.08759 6.046934 6.243242 6.48729 6.803186 7.533149 7.387111 7.788807 8.132176 8.273419 8.608291 8.716913 9.041755 9.793386 9.807858 10.11615 10.16163 10.12837 
  9.163857 9.021029 7.232315 6.335976 5.21601 4.754972 5.759272 5.789983 6.03004 6.978921 7.029866 7.431871 7.25428 8.216606 8.074271 8.372208 9.062455 9.184272 9.72237 9.447002 10.1518 10.16163 10.39002 
  8.572113 8.790803 7.71793 4.110927 5.21601 4.321872 5.088058 5.771097 5.884551 7.714548 7.051538 8.055166 7.322517 8.095428 8.543727 8.283677 9.015336 8.647094 8.969087 9.600558 9.973556 10.47169 10.9526 
  8.046118 8.253611 8.28448 5.264656 6.461601 5.587858 5.375721 6.035498 5.261028 6.150457 6.986522 6.969349 7.083686 7.544201 8.161399 8.416473 9.21952 9.348714 9.535069 9.995202 10.46541 10.74185 10.60082 
  8.046118 6.439211 6.989508 5.635497 5.616379 6.519232 5.120021 5.714439 5.863767 6.677662 7.224914 7.446792 7.436247 7.525827 8.778576 8.445984 8.842565 8.986941 9.793386 9.995202 10.67611 10.30751 10.89397 
  9.229607 8.330353 6.390587 5.635497 5.393951 4.788288 5.599459 5.336723 6.466506 5.472624 6.40138 7.16331 7.060941 7.746318 8.223633 8.386963 8.889684 9.195234 9.817058 10.31178 10.2498 10.34534 10.63991 
  9.229607 8.560577 6.897366 5.759111 4.993583 5.454597 5.151984 5.110094 6.03004 6.652556 6.899835 6.715708 7.356637 8.427682 10.15831 10.05195 10.0802 9.836607 9.113154 10.02686 10.2302 10.32913 10.60082 
  7.84887 6.924331 6.620941 4.728996 5.127039 5.288019 5.088058 5.865526 6.13396 6.652556 7.051538 7.04395 7.424874 6.956226 7.700868 8.711577 9.376584 9.173309 9.411581 9.59288 10.12506 10.18864 10.55356 
  8.637862 6.577817 6.943437 6.006339 6.417116 6.187536 5.631422 5.714439 6.175529 6.225772 5.83791 7.252831 7.288399 7.489079 8.223633 8.637801 8.371371 9.495082 9.959087 9.800179 10.2596 10.32913 10.54538 
  10.08435 8.790803 7.313251 4.811405 5.927776 5.687804 5.727309 6.148813 5.926119 5.773883 6.162989 7.633984 7.379382 7.893312 8.385441 8.09186 8.387077 9.14042 9.651356 9.908142 10.33311 10.43705 10.25102 
  9.295356 8.63732 7.475122 5.058633 6.105718 6.420744 6.521781 6.413793 6.13396 5.623253 7.138226 7.05887 7.675078 8.512112 7.688421 8.549271 9.093868 9.206198 9.72237 9.692691 10.2057 10.09679 10.2592 
  8.769361 8.176869 6.436657 5.141042 5.838806 5.654489 5.791234 5.355609 5.593574 7.029131 6.488068 6.670948 7.151924 7.727943 8.260973 8.268922 8.449903 9.118495 9.817058 10.2643 10.43601 10.38856 10.26737 
  8.506364 7.639677 7.313251 5.058633 5.482923 5.887697 6.078897 5.26118 6.59121 6.903606 6.054629 6.491907 7.33389 8.095428 8.248527 8.313188 8.968216 9.129457 9.442453 9.431647 9.715099 10.26969 10.03843 ]
