 [
  3.890036 4.066309 2.780682 4.00428 4.608942 5.02964 4.660754 5.438541 5.253882 5.872297 7.186066 7.007887 6.998139 7.601393 7.699365 8.151117 8.984162 9.113967 9.61805 9.742869 10.32885 10.49878 10.15395 
  4.431531 4.633239 4.338475 4.211929 4.244258 4.199815 4.738208 5.707743 5.972175 5.951776 6.686096 6.94588 7.473411 7.536233 8.245154 8.018303 9.217215 9.169943 9.365881 10.27721 10.32885 10.34263 10.38115 
  4.130701 4.129302 3.711591 3.173681 3.18336 4.377634 4.389666 4.967439 5.599727 5.845804 6.578959 6.837368 7.441726 7.840313 7.918899 8.466553 8.721706 9.953599 10.12239 9.888599 9.978821 10.26455 10.48697 
  3.769704 3.845837 3.472896 4.508572 4.277411 3.488536 4.467119 5.214207 5.386899 5.156986 5.900429 6.868371 7.093194 7.340753 7.73314 8.549562 8.867637 9.393845 9.61805 9.840023 10.11008 10.08274 10.02242 
  3.228209 3.278907 2.947768 4.36025 4.476329 5.088913 4.893116 5.505841 5.759348 6.004762 6.436111 6.94588 6.728818 6.471952 7.648704 8.483154 8.558896 9.057992 9.668484 9.35201 10.02257 10.25109 10.20776 
  2.897295 3.404891 3.520635 4.182265 4.443176 4.347998 4.622027 5.23664 5.573123 6.084241 7.186066 7.178407 7.742732 7.492793 7.885125 8.068109 8.483753 8.642196 9.085299 9.117495 9.835494 9.8942 10.12406 
  3.769704 3.562372 4.045763 4.241593 4.04534 3.784902 3.886216 5.303941 6.105193 6.190213 6.293262 6.713353 7.647677 8.379212 8.128974 8.101312 8.809374 8.947928 9.971087 9.664698 10.4601 10.38167 10.07623 
  3.82987 3.751348 3.616113 4.36025 4.310564 4.288724 4.079851 4.608504 5.200675 6.375664 7.150354 7.364429 7.061509 7.775153 7.935786 8.673023 8.984162 9.225918 9.668484 9.205438 9.520174 9.954804 10.33332 
  3.739621 4.255286 3.114854 3.58898 4.04534 5.237096 5.164204 5.012306 4.748416 5.660353 6.864657 7.444113 6.903084 7.775153 7.42917 8.001701 8.558896 9.281894 8.884848 9.791446 10.15383 10.00194 10.38115 
  3.378624 3.940325 3.711591 3.499988 3.581197 3.873812 5.551473 5.460975 5.573123 6.826045 7.07893 7.069895 7.742732 7.210433 6.990103 7.487044 8.671611 9.505795 9.61805 10.13148 9.892824 10.12988 10.52793 
  4.010368 2.869458 3.544504 3.944951 4.476329 4.229451 3.305313 5.326374 5.918968 6.852538 6.650384 7.007887 6.966454 7.471073 8.070884 8.416747 8.47123 8.801176 9.466748 9.791446 10.02257 9.833597 10.56888 
  4.100618 3.625364 3.425157 3.677973 4.343717 3.607082 4.350939 5.824881 6.211607 6.269692 6.471823 6.635844 8.13189 8.144131 8.053997 8.734755 9.217215 9.393845 8.988786 9.449725 10.11008 9.840331 10.52793 
  2.686713 2.617489 3.353549 4.211929 5.073084 4.436908 4.622027 5.348807 5.386899 5.607367 5.471883 7.240415 7.520938 8.097115 8.128974 8.400145 8.671611 9.113967 9.517182 9.791446 10.28509 10.49878 10.40507 
  3.378624 3.121427 3.496766 3.707637 3.94588 4.377634 4.815661 4.877706 5.573123 7.003646 6.936081 7.1164 7.552623 8.097115 8.303246 8.001701 8.045418 8.691113 9.270903 9.985752 9.692166 10.04234 10.23766 
  3.198125 2.963946 4.021894 4.093272 4.012187 3.903449 4.738208 5.752609 5.759348 6.534622 6.150414 7.085396 7.615993 8.097115 7.918899 8.611293 8.646564 8.801176 9.567616 9.508354 9.599004 10.24435 10.17787 
  3.408707 3.215915 4.21285 4.36025 3.481738 4.466544 4.815661 5.214207 5.174072 5.660353 5.686156 6.403317 7.915691 7.818593 7.665591 8.383543 8.709183 9.009075 9.61805 9.625611 9.563172 10.16355 10.48697 
  4.100618 2.837962 4.21285 4.00428 4.410023 4.585091 4.738208 5.595575 6.211607 5.739832 6.614672 7.302422 7.520938 7.644833 8.303246 8.483154 8.032893 8.715571 9.365881 9.273838 9.570338 10.03561 10.24364 
  3.529039 3.688356 4.308327 4.152601 4.841013 5.177823 5.590199 5.618009 5.014451 6.296185 7.150354 7.193909 7.26746 7.166992 8.128974 8.796486 8.809374 9.225918 9.092724 9.791446 9.885658 10.38167 10.21374 
  4.251033 3.341899 4.39877 3.826294 5.460643 6.370785 5.888064 5.191773 5.679537 6.057748 6.507535 6.85287 7.915691 8.238163 8.535606 8.673023 8.007846 8.92347 9.819785 9.596297 9.670668 10.34263 10.36919 
  6.200256 5.108083 4.069633 6.041757 6.587928 7.356291 6.721903 6.222372 6.39783 6.322678 7.5789 7.444113 8.13189 8.379212 8.037109 8.919948 9.158952 9.337869 9.567616 9.694012 9.957322 10.30359 10.89652 
  5.499568 5.767589 5.755408 5.925596 6.743415 6.828341 7.555741 7.63166 8.49401 8.816943 9.786811 9.63472 10.51008 9.460588 9.348871 10.09284 11.54773 11.68884 11.58497 12.02597 10.98514 11.90413 12.04325 
  7.508207 8.155309 8.167209 8.635996 8.842497 7.778651 7.590485 8.101423 9.452956 9.572483 9.916344 10.4136 11.37488 10.02478 11.49821 12.809 13.93651 13.75993 14.66143 14.84341 13.65407 14.75388 14.82816 
  9.253512 10.33633 10.20325 10.15868 10.42956 10.27272 8.250607 8.86027 9.578036 10.57987 9.829988 10.60832 11.98023 11.99947 12.95047 13.11766 14.86872 15.21529 15.01447 15.62064 15.75773 15.88833 15.78767 
  5.195937 5.767589 4.730392 6.777436 7.909572 8.41219 7.694715 8.137558 8.869249 9.068789 9.873167 10.70568 10.76952 11.62334 13.9961 15.03132 15.97572 16.11089 15.77097 16.39529 16.35281 16.32721 16.41957 
  5.546281 5.477407 5.60467 6.312797 5.499515 7.708258 8.146378 8.209829 9.11941 9.925069 10.7799 10.9004 11.15868 12.70471 13.76374 14.7844 16.89833 16.93132 16.47676 16.92649 17.36445 16.89148 16.55999 
  4.61203 4.870661 7.232635 8.210075 8.414906 8.201011 9.049703 9.293898 10.4536 11.43615 11.94569 11.19249 12.49911 12.6577 14.51891 15.52517 17.21398 17.18435 17.23297 18.03719 17.90002 17.89463 16.98126 
  5.849912 6.585376 6.388505 7.939036 8.026187 8.482584 9.640339 10.56064 11.0373 11.28504 11.51392 12.11741 13.14771 13.8331 15.81407 16.08075 17.84528 18.04464 17.63628 18.18206 18.13805 18.14542 17.50784 
  5.873268 6.453475 6.870866 7.048476 7.209878 7.602668 9.848799 10.23342 10.24513 11.23467 11.85934 12.65289 13.55187 14.0047 15.50645 16.8016 17.84528 18.65191 18.54373 18.80984 18.61412 18.08272 17.85889 
  6.223612 6.928319 7.051751 7.590556 7.404237 8.130617 8.70227 10.83464 10.78714 11.63763 12.507 12.75025 13.68908 14.25386 15.50645 17.12021 18.43148 18.80372 18.49331 18.56839 19.03067 18.5216 17.40252 
  5.779843 6.981079 6.418653 7.435676 7.909572 8.693764 8.980216 9.438439 10.03666 11.23467 11.90252 12.89629 13.8263 14.37844 16.04479 16.96091 18.38639 18.95554 18.94704 18.95472 18.91166 19.14857 17.85889 
  5.849912 6.427094 6.539243 7.939036 8.29829 9.010533 10.23097 10.74331 10.82884 11.08356 11.72981 12.36081 14.5124 15.49966 15.81407 17.08835 18.56676 18.50009 18.89663 18.71326 19.32821 19.21127 17.82379 
  5.826556 6.664516 7.473816 8.326236 8.881369 8.94014 9.883541 10.26956 10.37021 11.28504 12.72289 12.75025 13.96352 14.25386 15.96789 17.15207 19.10787 19.41099 18.64456 19.00301 18.91166 18.33351 17.57805 
  10.77832 10.33633 10.82972 11.1906 11.47116 10.40014 9.327649 10.12502 10.16174 11.28504 12.507 13.74214 14.5124 14.12928 16.04479 17.34323 18.47658 18.95554 18.09001 17.4577 17.54297 17.26766 16.55999 
  15.35276 16.00698 16.78122 16.52221 15.63757 13.96799 13.1422 13.57472 14.67611 16.95497 17.02904 17.0957 18.08008 17.24379 17.04458 16.14248 16.09224 15.94297 15.6701 15.96068 15.09792 14.79291 14.82816 
  15.6069 17.02478 18.03416 18.58606 17.57198 15.49706 14.68878 15.12742 16.25156 19.23944 19.40077 19.29286 20.4128 19.36165 19.04414 17.56625 15.39309 13.75993 12.44234 14.01761 12.47274 13.62179 14.58243 
  15.47983 17.17019 17.87754 19.78997 18.46478 16.38902 15.32561 15.67544 16.68918 19.92478 20.27457 20.10235 21.23611 20.23371 19.35177 18.1716 15.62614 13.53603 11.7867 14.64911 12.91027 13.89505 15.64725 
  15.47983 17.17019 17.56431 20.47792 19.20879 17.02614 15.78049 15.94944 16.95176 20.15322 20.77388 20.44927 21.64777 20.98119 19.7363 18.45835 15.62614 13.8159 11.4841 14.50338 12.91027 12.95815 15.03293 
  15.35276 17.02478 17.25107 20.13395 19.05999 16.89872 15.87147 16.13212 17.12681 20.38167 21.02354 20.68055 21.92221 21.47951 20.19774 18.45835 15.6844 13.70395 11.68583 14.64911 13.21654 14.24639 16.03341 
  15.22569 16.73398 17.25107 19.27401 19.20879 16.51645 15.59854 15.94944 16.95176 20.26745 21.02354 20.68055 21.78499 21.47951 20.19774 17.91672 15.39309 13.31212 11.4841 13.72615 12.56025 13.15334 16.34936 
  14.97156 16.44318 16.93783 19.10202 19.50639 16.7713 15.59854 15.85811 17.03928 20.38167 21.14837 20.91183 21.78499 21.72867 20.35155 17.50253 15.10177 13.20017 11.08063 12.31743 11.77269 12.29451 15.1558 
  14.71742 16.15238 16.31136 19.27401 19.65519 17.53583 15.68952 15.76677 16.95176 20.38167 21.02354 20.91183 21.64777 21.47951 20.04393 16.89718 14.57741 12.80834 10.37456 12.65747 11.72894 13.34852 15.68236 
  14.59035 16.00698 15.84151 18.75805 19.50639 17.9181 15.96244 16.13212 17.30186 20.49589 21.14837 20.56491 20.96168 20.60745 18.81343 15.71037 13.41215 12.41652 12.89625 14.01761 15.75773 16.20182 15.52439 
  14.33622 15.42537 15.37165 17.89811 19.20879 16.89872 15.41659 15.31009 16.51413 20.039 20.52423 19.98671 20.13836 19.98455 18.65961 16.32767 13.06257 11.18506 11.0302 13.28896 14.17911 14.3635 14.62339 
  13.82795 14.55296 14.43194 17.38215 18.46478 15.87933 13.32415 13.30071 14.50106 18.78254 19.40077 18.71466 18.76618 18.98791 17.65983 15.71037 11.78078 10.12152 9.718917 11.88024 11.20391 11.00627 13.64048 
  13.82795 15.13457 15.21503 17.38215 18.16718 17.02614 15.23464 15.49277 16.77671 19.81055 20.52423 20.56491 19.86393 19.73539 18.12127 15.89556 12.47994 10.90518 9.971087 13.28896 12.95403 11.47472 13.39475 
  12.30314 13.38975 13.49223 17.21016 18.46478 15.87933 13.68805 14.03139 15.37631 19.81055 20.3994 19.98671 19.17783 19.48623 17.3522 15.46344 11.66426 10.23348 9.300598 12.90035 12.42899 11.27953 12.00229 
  11.2866 10.62713 10.35987 14.45836 15.04237 11.8018 9.501366 8.968677 9.11941 15.47006 16.52973 14.43598 13.23419 13.8331 15.04173 13.67324 11.95557 10.28945 9.256054 11.20017 11.20391 11.12338 12.0842 
  12.93847 13.53515 13.49223 14.11439 14.00077 11.2921 10.16149 10.16115 11.24577 12.49391 13.53386 14.08906 13.06123 12.84576 13.35711 12.43862 10.20768 9.393845 9.517182 11.3459 11.29141 10.88916 11.67466 
  11.92193 13.09895 13.33561 15.3183 14.44717 11.16468 9.605595 10.05274 11.07899 12.54428 14.03317 14.66726 12.88827 13.26891 13.18283 12.43862 9.450266 9.113967 9.308022 10.08291 10.4601 10.38167 11.1832 
  7.7287 8.882315 10.6731 12.73849 10.28076 8.41219 8.146378 8.173694 9.11941 12.09095 15.03179 14.32034 10.59656 10.40091 11.38203 10.64842 9.217215 9.169943 9.308022 10.18006 10.15383 10.53782 10.65079 
  8.491106 9.46392 9.733392 11.01861 9.308959 8.130617 7.451511 7.667796 7.951997 10.63024 13.53386 13.13969 9.429085 8.755342 9.871684 10.83361 9.799844 9.729697 9.466748 9.557211 10.89763 10.96723 10.77366 
  5.102511 5.002563 5.48408 6.971036 5.499515 4.970366 4.234758 5.707743 6.424434 7.003646 8.966435 7.882234 7.362514 7.775153 8.187064 8.919948 8.671611 9.057992 9.416314 9.791446 10.11008 10.09621 10.60984 
  5.219293 4.349774 4.260588 5.189917 3.282819 4.76291 5.396565 4.877706 4.881433 5.845804 6.114702 6.697851 7.742732 8.050098 7.699365 8.317136 8.596468 8.764488 9.718917 9.985752 9.957322 10.09621 10.77366 
  4.845592 4.412766 3.830938 4.763997 3.680656 4.674001 5.319111 5.393674 5.759348 5.580874 6.650384 6.930378 6.839715 8.050098 8.245154 8.184321 8.558896 8.886782 9.517182 9.888599 10.28509 10.53782 10.65079 
  4.635386 3.940325 3.425157 2.788046 3.216513 4.140542 4.389666 4.496337 5.386899 5.819311 6.614672 7.085396 7.457569 7.536233 8.651787 8.858217 9.450266 9.505795 9.218933 9.479039 9.92149 10.13661 10.11808 
  4.822237 3.908829 3.687721 3.737301 5.073084 4.555454 4.157304 4.31687 5.200675 6.216706 6.971793 6.77536 7.378357 7.818593 8.020222 8.300534 8.867637 9.113967 9.365881 9.791446 9.76383 9.833597 10.20178 
  6.270325 6.585376 5.60467 3.707637 4.012187 4.259088 4.660754 6.041694 8.49401 10.57987 9.657278 8.222996 8.21837 8.614294 8.884149 9.228603 10.61553 11.12908 11.08063 11.10301 11.33516 11.39664 10.97843 
  7.982835 9.027717 9.733392 10.67464 11.02476 11.03726 11.41366 12.47869 14.06343 13.98516 12.37747 11.33853 10.94248 10.68301 10.45259 10.52496 11.48947 11.52091 12.24061 12.31743 11.16015 10.26455 10.35126 
  8.872309 9.754723 9.89001 11.1906 11.32236 11.2921 11.59561 12.75269 14.85116 14.78472 12.55018 11.38721 10.856 10.77704 10.56877 10.71015 11.95557 12.19262 12.79538 12.9975 11.37892 10.26455 11.79752 
  10.39712 11.20873 10.6731 12.05054 12.21516 11.54695 11.68659 13.11804 14.06343 14.2136 12.67972 11.38721 11.15868 11.10616 11.67249 12.12996 13.81999 15.27126 14.51013 14.06619 13.30405 13.19237 13.55857 
  7.134507 7.455923 7.835586 9.986691 9.153471 9.080927 8.563296 11.83934 13.62581 13.75671 13.40903 12.55553 11.98023 12.84576 13.58947 14.7844 16.15051 17.58919 16.88008 16.20213 15.57921 15.26136 15.19675 
  7.601632 8.009908 6.931161 8.868316 9.386703 8.83455 10.12674 10.83464 12.83808 14.55627 14.03317 13.43177 12.45587 13.69205 14.46082 16.38941 16.98851 17.6904 17.88835 17.55428 16.82887 16.32721 16.13873 
  6.644025 7.614204 6.659833 8.403676 9.270087 9.116123 9.536108 9.76366 12.92561 15.47006 13.90834 14.43598 13.96352 13.69205 15.39027 16.32767 17.25907 18.65191 18.14042 17.60257 17.18592 17.07957 16.98126 
  5.639706 5.767589 6.870866 8.713436 9.697678 9.3625 10.5039 10.01661 12.83808 15.69851 14.65731 13.74214 13.27743 13.55101 15.44836 16.45114 18.02565 18.75312 18.09001 17.55428 17.781 17.45576 16.6302 
  6.503888 7.535064 7.323078 9.449116 10.24188 10.27272 10.5039 10.05274 12.31293 15.81273 14.78214 13.62649 13.19095 14.25386 15.73717 16.67416 17.75509 18.29767 17.93876 17.9889 17.7215 17.83194 17.05147 
  6.480531 7.297642 7.684849 8.674716 9.853165 9.749662 10.77683 10.16115 11.78778 13.87093 13.2842 14.32034 14.10074 14.25386 15.15791 16.26595 17.52963 18.09525 17.78752 17.74744 17.18592 17.14227 17.05147 
  5.266006 7.271261 8.137061 10.33067 11.47116 10.90983 10.59488 10.4693 12.75056 14.2136 13.90834 14.89854 14.23796 14.12928 15.39027 17.34323 17.57472 18.39888 18.34207 18.08548 17.54297 17.07957 16.5951 
  7.578276 8.009908 7.926028 11.1906 10.57836 9.749662 10.19623 10.65197 12.22541 13.29982 13.11149 13.74214 13.41465 14.37844 15.66026 16.86532 17.93546 18.70251 18.19083 18.42352 17.60248 16.89148 16.70041 
  8.109903 7.957148 8.167209 8.945755 9.775421 9.820057 10.41293 10.56064 12.57551 13.64249 13.78351 14.32034 13.55187 14.25386 15.44836 16.92904 17.93546 19.00614 18.54373 17.69915 17.60248 17.14227 16.73552 
  6.9243 7.324022 7.051751 9.449116 10.42956 9.397696 10.77683 10.4693 12.40046 12.64501 13.40903 15.70802 14.5124 14.25386 15.96789 17.91672 18.65695 19.10736 17.6867 17.26453 16.94789 16.76609 16.34936 
  6.036762 7.930767 6.720128 9.565275 10.57836 10.1453 10.8678 9.619118 11.20407 12.69538 12.55018 13.18837 13.14771 13.88012 15.81407 17.02463 17.43944 18.34827 17.28338 17.16795 16.65035 16.26451 16.06852 
  5.779843 7.324022 6.478948 9.371675 10.0864 10.01787 10.95878 9.619118 10.91222 12.49391 12.46383 13.23705 13.14771 14.0047 16.1217 16.70602 18.11583 18.90493 17.73711 16.92649 15.81724 15.70024 15.71746 
  6.9243 7.403163 7.081898 8.403676 9.658806 8.764156 10.12674 9.727524 10.57868 12.79612 12.63654 13.33441 12.88827 13.8331 16.04479 17.18393 18.25111 18.50009 17.43463 16.68504 15.69822 15.51215 15.75257 
  4.962374 6.875558 6.991456 9.371675 10.16414 9.010533 9.883541 10.37796 10.66206 12.3428 12.67972 12.26345 12.75855 13.55101 15.89098 17.05649 17.84528 18.04464 17.08173 16.73333 16.17429 15.44945 15.44248 
  6.270325 7.16574 8.016471 8.907036 9.969781 9.538483 9.953028 10.16115 10.4119 12.19169 12.80925 13.09101 12.93151 13.36294 15.33218 16.89718 17.80018 17.94343 16.77925 16.82991 15.93625 15.38676 14.91007 
  6.503888 7.772486 7.624554 8.984476 9.425575 9.644073 10.41293 10.26956 11.41254 11.38578 12.76607 14.08906 13.55187 13.88012 15.50645 17.50253 18.16093 17.94343 16.67842 16.44359 15.01042 14.71484 14.58243 
  5.592993 8.155309 8.793682 8.984476 9.308959 8.552977 9.953028 10.08888 11.16238 12.19169 12.03205 12.65289 12.02347 12.93979 14.40273 16.83346 17.21398 17.33616 16.47676 15.86352 15.14168 14.9881 14.62339 
  6.223612 6.216053 7.926028 9.100636 9.153471 9.608876 10.32195 9.546846 11.32915 12.49391 11.68663 12.36081 11.41812 12.6577 15.15791 16.45114 16.67286 16.22285 15.61967 15.37776 14.48538 13.93409 13.8043 
  8.109903 7.376782 7.413521 9.565275 10.16414 9.89045 9.675081 10.16115 11.78778 13.98516 12.93878 12.11741 11.02896 12.32858 14.63509 15.83383 16.26703 15.60712 14.20753 14.06619 12.95403 12.88007 13.02616 
  9.634715 10.04552 9.106918 9.642715 10.87596 11.03726 9.570852 10.4693 11.6627 13.04797 11.85934 10.657 10.33712 10.77704 12.36957 14.41401 14.34435 14.15175 12.79538 12.41458 11.99146 12.09932 12.24802 
  5.756487 7.06022 6.991456 7.087196 7.443109 9.221713 9.119189 8.679592 11.45424 11.38578 9.916344 8.904518 7.872451 8.802359 9.871684 11.69785 11.43121 9.673721 9.870218 9.888599 10.19759 10.61589 10.93748 
  5.266006 6.084151 6.659833 6.003036 6.743415 9.010533 8.737013 7.740067 9.828196 8.514727 8.836903 9.050558 7.785972 8.238163 8.651787 9.413796 9.217215 9.617746 9.668484 9.127266 10.41635 10.4207 10.14199 
  3.559122 4.349774 5.785555 5.615837 6.315825 8.376994 7.277795 8.462778 10.4536 9.068789 8.793725 8.661117 7.520938 7.775153 7.682478 8.217525 9.158952 9.337869 9.24863 9.283609 9.964488 10.18375 10.40507 
  4.892305 4.73876 4.165111 4.686557 6.121465 6.687555 5.853321 7.487118 9.161102 8.011033 8.232415 7.930914 7.829212 7.319033 7.614929 8.858217 9.625055 8.960157 9.819785 9.888599 10.11008 9.867266 10.25559 
  3.859953 4.765141 4.39877 5.306077 6.510184 6.300392 5.20293 6.872813 8.11877 7.305862 7.930171 7.255916 8.21837 8.238163 7.952673 8.673023 9.275477 9.393845 9.256054 9.888599 9.978821 10.17702 10.81461 
  4.281116 4.38127 3.783199 4.686557 6.004849 7.074718 7.138822 6.40305 7.451677 7.205123 8.14606 7.784874 8.002171 8.520261 8.187064 8.200923 8.759278 9.169943 9.315447 9.723327 9.892824 10.21742 10.52793 
  4.190867 5.503787 3.75933 5.073757 6.160337 7.250701 6.826132 5.730176 7.36829 7.104385 8.059704 8.125635 8.13189 7.557953 7.54738 8.611293 8.809374 8.764488 9.003633 9.985752 9.885658 10.49878 10.35723 
  4.551864 4.286782 4.579655 5.112477 5.577259 6.300392 6.27024 5.640442 6.424434 6.852538 7.5789 7.364429 8.13189 8.097115 8.361336 8.549562 8.867637 8.642196 9.567616 9.888599 10.11008 10.45974 10.69175 
  4.311199 5.582927 5.182605 4.880157 4.542635 5.355642 5.667653 5.824881 6.701197 6.16372 7.150354 7.364429 7.66352 7.862033 8.070884 8.101312 8.283371 9.281894 9.315447 9.840023 10.28509 10.69397 10.37517 
  4.431531 4.538751 4.368622 5.189917 5.421772 6.089212 5.667653 6.439186 6.451037 5.89879 7.221778 6.961382 8.26161 8.238163 7.631816 8.673023 8.79685 8.678884 9.003633 9.42041 9.770996 10.00867 10.20776 
  5.382787 5.134463 5.031868 4.686557 4.774707 6.124409 5.783834 5.303941 6.951357 6.746566 8.189238 7.444113 7.695205 7.449353 8.037109 8.673023 8.984162 8.275316 9.070451 9.625611 9.541673 9.981739 10.12406 
  5.079155 3.593868 3.544504 4.725277 4.841013 5.237096 5.888064 4.765538 6.078589 6.69358 7.757461 7.395432 7.915691 8.191147 8.419426 8.549562 9.450266 9.225918 9.567616 10.08291 10.3726 10.26455 10.29745 
  6.200256 4.923422 3.854807 5.499677 5.927106 5.385279 6.096523 5.595575 6.909664 7.205123 8.14606 7.37993 7.410041 8.332196 8.361336 8.08471 8.709183 9.337869 9.15954 9.283609 9.677834 10.30359 11.14225 
  5.312718 4.71238 3.807068 4.880157 4.874166 5.266733 5.922807 5.861016 7.076437 7.154754 7.973349 7.687513 7.299145 7.557953 7.716252 8.516357 8.684135 8.911241 9.28575 9.888599 9.978821 10.20395 10.85557 
  5.219293 5.398266 5.453933 4.241593 5.305156 6.194802 6.895619 6.366914 7.409984 8.162142 8.664192 7.882234 7.742732 8.28518 8.303246 8.919948 9.100689 8.92347 9.315447 9.888599 9.785329 10.23089 11.14225 
  5.079155 6.136912 6.177473 6.119196 7.67634 8.025027 6.791389 6.366914 8.577396 7.859925 8.275593 7.833554 7.695205 7.956066 8.187064 8.981679 8.867637 8.886782 9.28575 10.22864 9.942989 10.08274 10.60984 
  4.658742 5.451026 5.453933 5.577116 6.665671 7.250701 6.860876 6.692135 7.910304 8.363619 9.311857 7.979595 7.785972 7.796873 8.245154 8.44995 8.734231 8.972387 9.040754 9.733098 9.978821 10.34263 10.32734 
  5.382787 5.662068 4.489212 3.974615 5.732747 5.666852 5.922807 7.270304 8.577396 7.104385 9.311857 8.807158 7.915691 8.473245 8.037109 7.752674 8.809374 8.996845 9.063026 9.664698 9.957322 10.25109 10.40507 
  5.242649 5.239985 5.12231 4.271257 6.471312 6.863538 6.999849 7.342575 8.410624 7.507339 8.016526 7.784874 7.378357 7.449353 8.303246 8.796486 8.79685 8.911241 9.365881 9.576755 10.28509 10.57686 10.48697 
  5.663062 5.741209 5.2429 5.460957 6.276953 8.552977 7.729458 7.378711 8.36893 8.011033 8.491481 7.979595 8.391329 8.614294 7.750027 8.611293 8.809374 8.764488 9.24863 9.312924 9.899991 10.49878 10.48697 
  5.546281 6.189672 5.875998 4.686557 5.732747 8.51778 7.625228 6.439186 8.660783 8.212511 8.88008 7.833554 8.30485 7.557953 7.986448 8.151117 8.867637 9.225918 9.233782 9.635383 10.02257 10.85012 10.77366 
  5.733131 5.239985 5.664965 5.731997 5.927106 7.039521 6.513443 6.945084 7.660143 8.111772 8.491481 7.638834 8.045411 7.862033 7.834463 8.549562 8.759278 9.281894 8.99621 9.742869 10.02257 10.11641 10.69175 
  5.382787 6.638136 5.96644 5.151196 5.460643 7.004325 6.409213 6.872813 8.535704 7.859925 8.405126 8.563757 8.002171 7.492793 7.665591 8.134516 8.533849 8.960157 8.840303 9.518126 9.928657 10.34263 10.56888 
  5.055799 6.558995 5.996588 4.211929 5.305156 7.180308 6.027037 7.089626 8.535704 8.31325 7.757461 7.930914 8.21837 7.709993 8.037109 8.068109 8.696659 8.996845 9.033331 9.371553 10.06633 10.4207 10.52793 
  4.868949 5.266365 5.48408 5.460957 5.888234 5.948425 5.853321 7.089626 8.910943 8.665834 8.70737 8.369036 8.564288 8.66131 8.419426 8.317136 8.809374 9.169943 9.466748 9.674469 9.885658 10.53782 10.77366 
  3.980285 4.659619 5.906145 5.886877 6.743415 7.250701 7.208309 7.198033 8.827557 7.859925 8.102882 7.930914 8.521049 8.849376 8.128974 8.734755 9.100689 8.483214 9.416314 9.985752 10.06633 10.30359 10.33332 
  5.382787 6.242433 5.72526 6.699996 7.05439 7.250701 6.27024 5.897151 7.24321 7.154754 7.843816 8.222996 8.17513 7.909049 8.651787 8.611293 8.867637 9.057992 9.063026 9.694012 9.971655 10.26455 10.48697 
  6.690738 7.693345 6.629685 6.041757 5.965978 6.933931 6.37447 6.40305 8.077077 7.708817 8.577836 7.882234 8.780487 8.896392 8.767968 8.673023 8.546372 8.691113 9.365881 10.18006 9.685 10.26455 10.93748 ]
