 [
  4.593868 6.209226 5.213356 4.647592 6.696875 7.528853 6.633276 5.935605 6.280621 7.843067 7.829636 7.453868 7.773278 7.933329 7.591522 8.325773 8.705374 9.105581 9.275564 9.6074 9.72464 9.998233 10.14455 
  4.882799 4.95673 5.321499 6.053582 7.236857 7.79017 6.712652 5.891089 7.475391 8.65912 9.101149 8.100057 7.529963 7.818658 8.43436 8.277441 8.549834 9.269579 9.81348 9.752264 9.804904 10.03914 10.76292 
  4.834643 5.29832 4.348213 7.290853 7.128861 7.715508 6.75234 6.18044 7.967356 9.596069 9.948824 8.621979 7.335312 7.818658 8.390203 8.548654 9.09913 9.198276 9.683311 9.739095 9.760313 10.27944 10.46671 
  4.545713 4.330483 4.456356 5.378707 5.886901 5.923625 6.276084 6.336245 8.271905 9.777414 9.563517 8.945072 7.383975 8.162671 8.125264 7.8787 9.140117 8.787593 9.373201 9.765433 10.38633 10.43219 10.76292 
  4.160472 5.127525 4.99707 4.591352 5.130926 5.512986 4.887005 5.824316 7.33483 8.568447 9.024088 7.602989 7.578626 7.530483 8.013644 8.301607 8.588719 9.169754 9.407658 9.58106 10.10359 10.29642 10.27336 
  4.353092 4.330483 5.429642 5.716145 5.832903 5.475655 4.847317 5.37916 6.163486 6.936342 7.598452 7.230187 7.773278 7.961997 8.213577 8.634253 8.342448 9.032608 9.340655 9.51611 10.18159 10.11277 10.43553 
  4.064162 3.382121 4.402285 4.310154 5.346919 5.065015 5.621233 5.824316 4.622358 6.664324 7.367268 7.379308 6.938314 7.360806 8.103186 7.939116 8.374852 9.02616 9.836452 9.567891 9.831658 10.15368 10.41994 
  3.695374 3.442517 4.131927 4.647592 5.184924 6.035618 4.986225 5.512707 5.21944 5.392311 6.750777 6.745387 7.335312 7.151204 8.103186 8.434521 8.692412 9.02616 9.568456 10.04199 10.02559 10.35582 10.2279 
  3.808906 3.818098 3.13105 3.558652 4.428949 4.467721 4.966381 5.423676 5.976072 6.362082 5.999341 6.534032 7.060467 7.630294 8.368125 8.548654 9.078636 8.671534 9.190945 9.4557 9.867332 10.20307 10.31882 
  3.831613 3.704235 3.753427 3.803998 4.320952 4.505052 4.101583 4.834648 6.186913 6.150513 6.442498 7.155627 7.080826 7.430673 8.064811 8.011614 8.873701 9.198276 9.809651 9.378029 9.742476 9.785519 10.31124 
  3.899732 3.523046 3.915641 4.028956 4.644942 3.829213 4.142064 4.984151 5.102936 6.241186 6.461766 7.081067 7.797609 7.933329 7.885729 8.337856 8.549834 9.405055 9.568456 9.87079 10.02559 10.38976 10.14455 
  3.286656 3.160667 3.86157 2.650874 3.354648 3.747234 5.482325 5.646254 5.577815 6.301634 6.712246 7.528429 7.304773 7.231052 8.787612 8.89105 9.406532 9.797224 9.798166 9.936637 10.82506 10.83952 10.71615 
  3.672667 4.159688 3.092959 3.860238 4.234675 4.293759 4.263509 4.814714 5.059247 5.85655 7.174614 7.031337 7.627289 7.847326 8.522673 8.548654 8.407256 9.08419 9.53017 9.85762 10.10359 10.21156 10.40434 
  3.967852 4.672072 3.753427 3.803998 4.320952 5.102346 4.425435 6.135925 6.561743 6.150513 6.866369 6.931876 7.335312 7.78999 8.191499 8.577187 8.955675 9.412186 9.58377 9.883959 9.947596 10.22853 10.37316 
  3.422895 4.558209 3.150096 2.233786 4.234675 4.293759 4.986225 6.403018 6.842866 6.724772 6.789307 6.85728 7.131723 7.818658 8.257733 8.096195 9.017156 9.533401 9.690968 9.765433 10.32783 10.37279 11.07473 
  4.256782 4.387414 3.569101 4.816311 4.968931 4.953022 3.939656 4.844615 5.76523 6.845669 6.192018 6.956741 6.928135 7.847326 8.213577 8.719851 8.955675 8.890758 9.099816 9.59423 9.840577 9.670979 10.57584 
  4.112317 4.444346 3.092959 4.422634 4.644942 3.829213 3.393155 5.203423 6.21034 5.487539 6.692978 7.130774 7.4813 7.69018 7.783396 8.03578 8.935182 9.383664 9.729253 9.976146 10.24983 10.43219 10.60702 
  3.286656 4.95673 5.051142 5.547425 5.994898 5.289 4.906849 4.984151 5.059247 5.487539 6.288356 7.081067 8.138249 7.760047 7.911312 8.434521 8.771234 9.045504 9.679482 10.20003 10.53257 10.40674 10.22032 
  7.290554 9.511259 9.863501 12.37828 12.99615 10.00198 7.228596 7.693969 8.107917 10.21622 11.64417 10.13804 9.476479 9.739397 10.04607 9.461713 8.718336 8.948788 9.434458 9.559261 10.19134 9.769156 10.60702 
  7.097933 8.600353 8.782072 12.24072 13.46639 10.1153 5.938736 6.759142 7.451964 9.868087 12.08287 10.2623 8.98985 9.223377 10.024 9.747044 8.996662 9.51914 9.449772 9.015566 9.885168 10.02278 10.52907 
  3.7862 4.159688 3.969713 9.990354 11.23273 7.230206 5.125133 6.848173 6.21034 7.299032 7.328737 7.180481 7.651621 8.076668 8.279812 8.548654 8.647047 8.864966 9.321128 9.725925 9.376829 9.891875 10.2582 
  10.1317 10.99148 11.15251 11.00267 11.82053 10.34194 9.303084 9.063202 9.796794 11.14458 12.6678 12.74174 12.13952 12.13161 12.25946 12.20576 10.1238 9.162624 9.327637 9.58106 10.48382 10.38976 10.54466 
  11.5169 12.71913 12.5591 14.02903 15.22981 12.94828 10.76743 10.93481 11.60591 13.23339 15.88493 15.22117 14.6742 14.82022 14.75368 14.22869 12.68091 9.996873 9.499542 10.59511 10.9518 10.86498 11.79189 
  12.28645 13.62842 13.14518 14.71684 15.34737 13.28824 11.4996 11.48528 11.60591 13.34943 16.03116 15.92958 15.01215 14.98826 15.41881 15.18066 13.37797 10.46425 9.384686 11.25359 11.19554 11.28079 13.25606 
  12.97905 14.53771 13.84847 15.81733 16.28786 13.40156 12.47583 11.70547 12.17126 13.46548 15.88493 15.75248 15.68807 15.99648 16.25021 15.41865 12.33237 9.875657 9.568456 11.25359 11.44662 11.08562 14.37698 
  13.5947 15.26514 14.90341 16.6427 17.34591 14.64807 13.81815 12.58623 12.62354 13.81361 16.76233 16.9922 17.71581 17.8449 17.2479 16.7276 14.59784 11.79961 10.0331 11.99965 11.86508 11.89513 14.09675 
  13.90252 15.71978 15.72392 17.7432 18.52152 15.4413 14.55032 13.79727 13.8673 15.20615 17.93219 17.87771 18.89865 19.35724 19.077 17.32258 14.85923 11.86637 9.618226 12.66282 12.53462 11.98289 15.03084 
  14.36425 15.99257 15.95835 18.56857 18.63908 16.12122 14.91641 14.67803 15.22414 16.83078 19.68699 19.47163 19.57457 20.02939 19.90841 18.15556 15.20777 12.46729 10.54266 13.57468 12.86939 13.03603 15.96494 
  14.59512 16.26536 16.42722 18.70613 18.40396 16.34786 14.91641 14.89821 15.56335 17.17891 20.71062 20.71135 20.25048 20.70154 19.74213 17.44158 14.7721 12.46729 10.96729 13.98916 13.20416 14.08917 15.68471 
  14.90294 16.44722 16.89608 19.25638 18.2864 16.34786 14.91641 15.00831 15.67642 17.17891 20.85685 21.24265 20.9264 21.54173 20.9061 19.10752 16.16623 12.80112 11.30699 14.65232 13.79001 14.08917 15.5913 
  14.97989 16.53815 17.24772 19.39394 18.05128 16.12122 14.67235 14.78812 15.45028 16.94682 20.56438 21.41975 21.09537 22.04585 21.40494 19.58351 16.51476 13.53557 11.90147 15.1497 14.29217 14.44022 16.15176 
  14.97989 16.62907 17.59937 19.5315 17.58103 15.89458 14.55032 14.56793 15.33721 16.83078 20.41815 21.41975 20.9264 21.87781 21.40494 19.46451 16.8633 14.13648 11.64669 14.98391 14.29217 14.87903 15.87153 
  14.97989 16.72 17.8338 19.66906 17.11079 15.66794 14.30626 14.45784 15.22414 16.59869 20.27192 21.41975 20.75742 22.04585 21.23866 19.34552 16.68903 13.20173 11.90147 14.90101 14.20848 15.05455 16.5254 
  14.90294 16.72 17.95102 19.5315 16.40542 15.32798 13.94018 14.12755 14.88493 16.3666 19.97945 21.06555 20.9264 22.04585 21.23866 19.22652 16.68903 14.20325 13.00551 15.1497 14.45955 14.61574 15.5913 
  14.74903 16.53815 17.8338 19.11881 15.81761 14.87471 13.57409 13.68717 14.43265 15.90242 19.39452 20.71135 20.41946 21.54173 20.73982 18.63154 15.73057 14.20325 15.21358 16.47604 16.46818 16.80979 18.20678 
  14.59512 16.44722 17.59937 18.56857 15.22981 14.42143 13.08598 13.35689 13.98037 15.55429 18.95582 20.35714 19.91253 21.20566 20.40725 18.39355 15.20777 12.93466 14.10954 15.64708 14.79432 15.05455 16.5254 
  14.4412 16.26536 17.48216 17.88076 14.87712 14.08147 12.71989 13.02661 13.64116 15.20615 18.51712 19.82583 19.57457 21.03762 20.07469 18.15556 14.85923 13.66911 13.51506 15.64708 16.30079 16.80979 17.64632 
  14.21034 15.99257 17.24772 17.46807 14.40688 13.74151 12.3538 12.69632 13.30196 14.85802 18.37089 19.47163 19.06763 20.5335 19.40956 17.20359 13.7265 11.66607 11.56177 14.15495 14.71063 15.49336 16.71222 
  13.82556 15.53793 16.89608 17.05539 13.93664 12.94828 11.4996 11.70547 12.28433 13.81361 17.63972 18.40901 17.88478 18.85313 17.74675 15.41865 13.02944 11.66607 12.41103 12.41413 11.6977 12.94827 13.16265 
  11.43995 12.17356 15.6067 15.26708 10.80074 9.208743 7.472653 8.402635 8.779166 10.33227 15.88493 16.81509 15.35011 16.5006 15.08624 13.27672 10.59515 9.725921 9.863251 11.58517 11.53031 12.33394 12.0881 
  11.36299 11.17334 10.56643 10.04659 7.506848 5.923625 5.224353 5.735285 6.186913 7.57105 9.948824 11.50202 10.44974 11.25879 10.9292 11.91556 9.611466 9.198276 9.560799 9.976146 10.04509 11.11956 11.62039 
  11.59386 11.9917 10.91808 9.034281 7.398852 6.856897 5.343417 6.358502 6.186913 7.419929 9.486456 10.2126 9.938776 8.908032 10.37725 11.85849 11.80957 10.19718 10.11803 10.26587 9.885168 10.72072 11.21504 
  8.831516 8.657285 6.511071 6.503499 5.02293 5.662309 4.708409 4.834648 5.030121 6.120289 7.290206 8.12491 9.281827 10.48476 11.76061 12.08676 12.07097 11.13193 10.37281 10.29221 10.9323 12.59722 12.97583 
  7.242398 6.778542 5.699999 4.366394 4.644942 4.990353 5.363261 5.7798 6.421182 5.916068 6.326892 7.901229 10.23075 11.45946 10.48764 10.34624 10.73861 10.33071 11.30699 12.33123 13.53893 13.73813 13.16265 
  5.55697 6.152294 5.916286 5.941103 6.966866 7.155544 6.196708 5.824316 6.21034 6.482979 7.714044 8.224324 10.01177 11.45946 10.17854 9.718511 9.98035 9.961222 10.62758 11.91675 13.12047 13.29932 12.6956 
  5.55697 6.664679 6.619214 5.828624 7.128861 7.752839 6.792028 6.269471 6.58517 6.664324 7.598452 8.373445 9.403484 9.481387 9.670743 10.60304 11.37391 11.13193 11.05221 11.33648 12.36724 12.86051 12.32196 
  4.642023 5.582978 4.672642 4.422634 4.536945 4.403064 4.425435 4.874516 5.539825 5.630382 6.9049 9.29302 11.80156 11.45946 10.55387 12.32475 13.37797 13.00143 12.83566 12.9944 14.37586 14.96679 14.28356 
  3.740787 3.704235 3.86157 4.366394 4.428949 4.691706 4.688565 5.37916 5.788657 5.725611 7.059022 7.056202 8.235576 7.990664 8.013644 8.748385 9.468012 9.419316 9.863251 9.897128 10.04509 10.64434 10.99678 
  3.672667 3.080139 3.645284 5.209988 4.644942 3.911191 5.045757 5.512707 6.468036 6.27141 6.9049 7.801816 7.432638 7.530483 7.489189 8.463054 8.832714 9.483489 9.360183 9.791773 10.16209 10.63586 10.46671 
  4.353092 4.273551 4.131927 3.607722 3.8378 4.239106 4.926693 4.904416 5.539825 5.237565 6.230553 7.379308 8.357232 8.277342 7.962478 8.277441 9.386038 9.262448 9.790509 9.673247 10.08409 10.4916 10.74733 
  4.064162 2.979478 4.131927 3.607722 4.200164 4.321085 5.383105 5.033986 5.335944 5.832743 6.307624 7.379308 9.354822 8.793362 8.323969 8.634253 9.488505 9.269579 9.347165 9.686417 10.09384 10.76315 10.70056 
  4.642023 3.704235 4.24007 4.253915 4.69894 4.990353 4.708409 5.445934 5.525262 5.927971 6.750777 6.695656 6.683828 8.048 8.588907 8.241192 8.465584 9.2981 9.203963 9.542001 10.22058 9.744612 10.17486 
  4.690178 3.1808 3.569101 3.485049 4.200164 4.43039 5.700609 5.223356 5.741803 6.120289 6.981961 6.981606 7.101185 8.191339 8.323969 8.548654 8.894195 9.233928 9.472743 9.712755 10.21083 10.17822 10.05363 
  4.449403 3.200932 4.077856 3.460514 4.200164 4.542383 5.264041 5.024019 5.648096 6.452755 6.827838 7.652696 7.627289 7.78999 7.489189 8.662786 8.75074 8.742459 9.347165 9.59423 10.19134 10.38128 10.46671 
  4.593868 2.576836 3.245325 2.896219 4.69894 5.027684 5.144977 5.690769 6.046352 5.332793 6.346159 7.379308 7.602958 7.875994 8.721377 9.005183 8.873701 9.071295 9.472743 9.778603 9.519521 10.0146 10.26578 
  2.855232 2.415779 2.673954 4.197675 4.806937 4.654375 4.807629 5.668511 5.554388 6.603876 7.174614 6.534032 7.505632 8.105335 8.43436 8.748385 9.078636 9.162624 9.549313 9.59423 9.986594 10.32187 10.59143 
  4.112317 3.221064 3.645284 3.803998 4.968931 4.293759 3.494359 4.774847 5.263129 6.059841 5.941538 6.422139 7.1928 8.076668 8.43436 8.634253 9.037649 9.08419 9.461257 9.533371 9.929759 9.891875 9.841484 
  3.036885 2.878818 2.769182 3.264238 3.371904 4.505052 4.30399 4.585476 5.190314 6.603876 7.328737 7.180481 7.213159 7.650256 8.478517 8.398272 8.601681 8.690877 9.14538 9.712755 9.967094 10.89044 10.40434 
  4.304937 3.931962 2.426359 2.503666 4.02761 4.43039 4.162305 5.735285 6.14006 5.868454 6.712246 7.230187 7.773278 7.933329 8.077602 8.919583 9.181104 9.397925 9.499542 9.712755 9.957345 10.27944 10.31124 
  3.559134 3.241196 3.112005 2.945288 3.216605 2.681511 3.5146 5.063886 5.539825 5.547057 6.403963 7.727256 7.408306 7.460616 7.578731 8.132444 8.497988 9.362273 9.641197 9.962976 10.19134 10.1455 9.864214 
  4.064162 3.988893 3.511964 4.310154 4.182909 4.129801 4.607602 4.934317 5.671523 5.273275 5.999341 6.956741 6.83652 8.048 7.936895 8.491587 8.914688 8.716668 9.080289 9.343509 9.688967 10.52554 10.41994 
  3.422895 4.672072 3.550056 3.681325 3.64799 5.214338 5.204509 5.423676 5.423321 6.513204 6.384695 6.57133 6.846699 7.620313 7.847354 8.776918 9.037649 9.362273 9.197453 9.058716 9.457093 9.949144 10.28851 
  3.71808 4.159688 3.359599 4.703832 3.578969 4.467721 4.926693 5.512707 5.21944 5.499443 6.269089 6.670791 7.408306 7.818658 8.16942 8.748385 8.335967 8.716668 9.4804 9.52474 9.635458 10.33885 10.54466 
  4.256782 3.704235 2.86441 4.647592 4.113887 3.009426 4.688565 4.974185 6.022925 5.975585 5.479113 6.28538 6.979032 7.460616 7.757812 8.084112 8.43966 9.169754 9.50337 9.49022 9.742476 10.19458 10.38875 
  4.353092 3.761167 3.340553 4.141436 4.374951 4.157127 4.162305 5.490449 5.539825 5.547057 6.057144 6.981606 6.958673 7.770028 7.783396 8.577187 8.976169 9.013265 9.396173 9.4557 9.546275 10.40674 10.52907 
  4.353092 3.321725 3.607193 4.197675 4.428949 4.293759 4.748097 5.557223 5.161188 6.301634 7.174614 7.429015 6.867058 7.600351 7.489189 8.948116 8.832714 9.098451 9.366693 9.559261 10.04509 10.12095 10.00817 
  4.160472 4.102757 3.915641 4.760071 4.303697 4.184454 4.807629 4.894449 5.577815 5.999393 7.367268 6.894578 8.211244 7.620313 8.279812 8.491587 8.935182 9.233928 8.956614 9.51611 10.19134 10.33885 10.06121 
  2.514635 3.704235 4.185999 4.760071 5.130926 5.214338 4.587361 5.223356 5.306818 5.880357 6.307624 6.907011 7.223338 7.600351 8.125264 8.253275 8.562796 9.661747 9.243018 9.42981 9.822741 10.22004 10.46671 
  5.942211 6.949337 6.673285 7.459572 6.966866 6.670243 7.472653 8.072351 8.553027 8.29643 8.831434 8.025496 8.430227 9.481387 9.891526 8.337856 8.335967 9.112712 9.625883 10.18686 10.46432 10.58494 10.54466 
  6.905313 7.803311 6.727357 7.628291 6.588879 6.408927 7.030156 8.072351 8.666097 8.810241 9.024088 7.478722 8.16258 8.736026 8.920082 8.97665 8.812221 8.845623 9.430629 10.12101 10.10359 10.66131 11.05914 
  4.979109 4.216619 4.077856 5.041269 3.906822 4.21178 4.688565 6.046894 6.374329 7.903515 8.60025 8.348591 8.357232 9.166042 8.964238 8.919583 8.75074 8.948788 9.164907 9.673247 10.07434 10.71223 11.35536 
  5.268039 4.216619 4.077856 3.730394 4.536945 5.102346 4.364713 5.043952 5.601242 6.906118 7.829636 7.230187 6.877237 8.134004 8.235655 8.463054 8.955675 9.08419 9.553142 9.42981 9.957345 9.801881 10.38875 
  5.075419 5.070594 3.588147 3.411445 4.590944 4.654375 4.465917 5.445934 7.147415 7.812843 7.868167 7.776962 7.152082 7.660237 8.279812 8.89105 9.119623 9.119842 9.295092 9.633739 10.12309 10.19458 10.76292 
  5.219884 4.216619 3.915641 3.607722 3.578969 4.293759 4.344472 6.269471 7.311403 7.57105 7.213145 7.279894 7.992261 8.67869 8.390203 8.362022 8.43966 9.105581 9.457429 9.326249 10.06459 10.33036 10.31882 
  3.468308 3.039875 4.402285 3.754929 3.906822 4.729037 5.105289 5.557223 6.819439 7.661722 6.827838 7.10592 7.967929 8.334678 7.284524 7.661205 9.017156 9.454967 9.671825 9.42981 10.17184 10.35582 10.32639 ]
