 [
  3.670274 3.866109 5.582952 7.032017 7.432998 8.069109 6.85065 5.695784 6.646287 7.534314 7.587609 8.397085 8.808599 8.832615 8.793218 8.666303 9.207404 9.061943 9.710964 10.13463 10.18923 10.59084 11.29786 
  4.220619 4.856089 6.199404 6.729299 6.712311 6.977353 7.145327 6.780066 6.79636 8.147454 8.552787 8.939396 9.199341 9.673249 9.25441 8.619342 9.331937 9.634815 9.458499 9.843855 9.861753 10.18993 10.24607 
  4.890604 5.444696 6.551661 6.628393 6.30049 7.901147 7.440003 7.056873 6.862227 7.943074 7.949551 7.448042 7.440999 8.121308 8.332026 8.316778 9.132685 9.342982 9.776824 9.843855 9.786201 10.43374 10.3388 
  5.109319 6.285564 5.142629 3.71802 6.09458 6.72541 6.85065 6.872335 7.125695 9.067164 10.3625 11.312 10.37157 7.769701 8.661448 8.528573 8.833806 9.069388 9.727428 10.08617 10.45626 11.07788 11.72746 
  5.184465 5.444696 4.229687 4.09925 4.728878 6.557447 6.261297 5.713116 6.706316 8.862784 9.698936 11.44758 10.82744 8.315301 9.056756 9.041992 9.356843 10.17754 10.28231 11.07966 11.58998 11.69061 12.89691 
  4.507755 4.515302 5.142629 4.180943 5.610319 6.557447 5.382297 5.019857 5.625794 6.972269 6.833222 8.058141 10.04595 10.19056 11.49448 12.56408 10.65198 9.941875 10.08054 10.42541 10.4646 10.73224 11.46492 
  4.244547 3.866109 4.257155 4.017558 4.728878 4.548171 5.102707 5.141178 5.325649 6.339766 6.818107 7.176887 8.48298 8.703286 9.517948 12.00054 10.75161 9.118028 9.727428 9.977128 10.60646 10.60655 11.03533 
  5.184465 4.131688 4.394496 3.990327 4.682486 4.079549 4.077543 5.227835 5.505736 6.314466 6.394887 7.118784 7.345768 7.99198 7.981461 8.995031 9.207404 9.099788 9.403615 10.04982 10.4646 10.29234 10.14621 
  5.710488 4.544811 4.119814 4.09925 4.914444 4.352911 4.403731 5.366487 6.286114 5.960264 6.848337 6.847638 6.713525 7.454806 7.917645 8.180625 8.591174 9.017271 9.601196 9.85597 9.846642 9.887789 10.30314 
  3.502778 3.689057 3.8726 4.643865 4.868052 4.313859 5.475493 4.81188 6.136041 6.795168 6.122817 7.118784 8.222485 9.479257 10.17679 9.276798 9.531189 9.42202 10.21505 11.7498 12.26787 11.2507 11.36946 
  4.483828 3.246425 3.625386 4.83448 4.404136 4.938689 4.357133 4.655897 6.106027 5.783163 6.576267 6.653962 7.270502 8.509294 9.320294 8.807186 9.057964 9.276104 9.749382 10.70407 11.27711 10.55942 11.10693 
  5.109319 3.275934 3.515513 4.126481 3.847436 4.626274 5.452194 4.655897 4.875432 5.580762 6.666957 6.595859 7.104914 7.99198 8.266141 7.938574 8.783993 9.543617 9.398127 9.746929 9.955574 9.863935 10.43867 
  4.244547 2.715267 3.213363 4.371558 4.264961 4.352911 5.079408 5.857379 6.226085 6.466267 6.349542 7.118784 7.636371 8.250636 8.661448 8.558829 8.958339 9.184906 9.012807 9.490303 10.06406 10.11042 10.4864 
  4.627396 2.833302 3.158427 3.472943 2.919604 4.782482 5.056108 4.967863 6.526229 6.516867 6.908797 7.060681 6.95438 7.658562 8.099975 8.760225 8.958339 9.257864 9.529848 9.807508 10.21426 10.44945 10.11054 
  3.670274 2.774285 2.883744 3.690789 3.151562 3.806186 5.405596 5.76511 6.286114 6.137365 6.153047 6.499021 6.713525 7.602992 7.972344 8.94807 8.71972 9.221385 9.952452 10.08617 10.28102 10.20583 10.58186 
  4.100979 3.866109 4.614242 4.153712 4.172178 5.094896 4.590125 5.661121 6.286114 5.353061 6.893682 6.789535 7.571247 7.325143 7.671499 8.94807 8.983245 8.875809 9.265008 9.85597 10.00564 10.63798 10.46253 
  4.962389 3.482495 2.856276 3.826943 4.543311 4.509119 5.312399 5.037189 5.385678 5.606062 7.044696 7.244675 7.074807 7.677085 7.79913 8.362163 8.629738 8.69712 9.809754 9.759045 9.972263 10.51229 10.65346 
  4.794892 3.895618 3.350704 4.317096 4.172178 4.001445 4.590125 5.27983 5.895925 6.339766 6.017012 7.118784 7.961989 8.379965 7.671499 8.044471 8.706865 8.630112 9.398127 9.622504 10.2226 10.43374 10.30314 
  5.109319 3.836601 3.405641 4.07202 4.21857 4.157652 4.496928 4.898538 6.4662 6.415666 6.576267 7.448042 6.412456 7.010248 7.6168 8.135241 8.526901 9.251784 9.199622 9.547782 9.846642 9.983202 10.4244 
  4.340259 3.954636 3.817664 3.935866 3.893828 4.235756 3.984346 5.366487 5.955954 5.757863 6.772762 7.176887 7.270502 7.99198 7.990577 8.619342 8.526901 9.324742 9.315802 9.599512 9.854198 10.17403 10.2532 
  9.918675 10.57399 10.33844 9.958288 8.874371 11.17641 12.4495 13.51569 13.44893 11.21316 11.20703 12.80336 12.58578 11.48385 11.29683 11.15524 9.904787 8.808801 9.28836 9.427077 9.763535 10.22949 10.65346 
  12.77423 12.67616 11.74747 11.27007 12.27189 13.35993 14.02111 15.63787 15.9361 12.95039 12.77544 14.83702 14.60461 13.35911 13.9981 13.92595 12.82872 9.172746 10.55132 13.18093 11.22497 12.35516 13.79275 
  14.05172 14.18972 13.59682 14.70087 15.46351 15.29149 14.80691 14.80745 15.22733 13.30805 12.47382 13.68461 14.53949 15.23437 15.64521 14.44252 12.14337 9.780732 11.33596 13.80108 11.92893 12.9636 14.49082 
  15.65788 15.59546 15.8865 17.22351 19.69459 19.28161 17.26255 18.72901 18.94835 15.59729 14.7058 15.5827 16.14351 17.76652 18.12995 16.06305 13.79964 10.97879 10.7755 13.22863 12.18965 13.31128 14.78999 
  15.54621 16.05251 15.90501 17.92986 19.72312 19.0837 17.95013 19.82757 19.74571 17.1789 17.18791 19.05463 19.07966 19.03941 18.23684 16.7197 13.85676 10.22467 11.2687 13.22863 11.955 13.74588 15.18889 
  15.68021 16.73808 16.55283 18.64889 20.6646 20.17221 18.67242 21.036 20.80886 18.0416 18.20332 21.1604 21.15224 20.98618 19.7333 17.67482 14.54211 11.07306 10.91001 13.9919 12.55467 13.52858 14.93958 
  15.90355 17.02373 16.86748 18.81663 20.77872 20.17221 18.71024 20.48671 20.0115 17.82593 17.97767 20.48655 20.63409 20.23742 19.57296 17.19726 14.25655 12.39276 10.75309 13.61027 12.63289 14.2674 15.88696 
  15.99288 17.16656 16.96002 18.74674 20.77872 20.02378 18.91826 20.59657 20.1001 17.75403 17.92126 20.40232 20.28866 19.93792 19.46607 17.37635 15.17036 12.06284 10.84276 13.22863 12.2418 13.78934 16.08641 
  16.03754 17.16656 16.96002 18.80265 20.86431 19.92482 18.99391 20.6515 20.1001 17.75403 17.97767 20.31809 20.11595 19.63841 19.46607 17.43604 15.34169 10.79026 11.40321 14.0396 12.55467 13.74588 15.18889 
  16.03754 17.13799 16.94151 18.81663 20.80725 19.77639 18.95609 20.54164 19.92291 17.61025 17.97767 20.23386 20.2023 19.78817 19.46607 17.25696 14.25655 11.68578 11.06694 14.23042 12.21572 14.35433 15.8371 
  16.05988 17.08086 16.97853 18.83061 20.63607 19.57848 18.84262 20.54164 19.92291 17.53836 18.09049 20.23386 20.11595 19.86304 19.35918 17.67482 15.22747 11.68578 10.32714 12.41766 11.45962 14.96277 16.63489 
  16.05988 17.08086 16.96002 18.76072 20.43637 19.43004 18.86153 20.48671 19.83431 17.75403 18.25973 20.31809 20.2023 20.01279 20.00052 18.39117 15.45592 12.81696 10.41681 12.70388 12.21572 14.39779 16.23599 
  16.05988 17.10943 17.03406 18.95642 20.52195 19.38057 18.89935 20.54164 19.83431 17.68214 18.09049 20.14963 19.85688 19.48866 19.51952 17.9733 15.05613 11.82717 10.28231 13.65797 12.13751 13.57204 15.23875 
  16.03754 17.16656 17.05257 19.01234 20.40784 19.23213 18.89935 20.54164 19.83431 17.61025 17.97767 19.98117 19.5978 19.33891 19.41263 18.033 15.57015 12.20423 10.43923 13.51486 12.29394 13.65896 15.33847 
  16.01521 17.16656 17.03406 18.99836 20.23666 19.03422 18.84262 20.43178 19.65712 17.68214 18.1469 20.0654 19.42509 19.33891 19.57296 18.033 15.57015 11.45011 10.46165 13.61027 12.29394 14.0501 15.68751 
  15.97054 17.10943 16.99704 18.99836 20.15107 18.88579 18.76698 20.32193 19.39133 17.32269 17.97767 19.98117 19.33873 19.26403 19.41263 17.61513 15.05613 11.96857 10.43923 13.08552 12.18965 14.87585 15.93682 
  15.90355 17.0523 16.96002 19.01234 20.09401 18.73735 18.76698 20.15714 19.03695 17.32269 18.03408 19.8127 19.16602 19.18916 19.30574 17.43604 14.42789 11.92144 10.37198 13.9442 11.87678 14.96277 15.93682 
  15.83654 16.9666 16.9045 19.01234 20.03695 18.58892 18.91826 20.21207 18.68257 17.03512 17.80844 19.56001 18.73423 18.88965 18.98507 16.83909 13.74253 10.74313 9.743894 12.60847 11.40748 14.57163 15.63765 
  15.74721 16.8809 16.84897 18.94244 19.95136 18.39101 18.975 19.93743 18.23959 16.67566 17.58279 19.22309 18.47516 18.66503 18.77129 17.01818 13.97098 10.696 9.721941 11.22505 10.44791 13.22436 14.78999 
  15.68021 16.76664 16.81195 18.94244 19.8943 18.24257 19.08846 19.71772 17.61942 16.38809 17.30073 18.88617 18.04337 18.29065 18.50406 16.89879 13.62831 10.88453 9.667057 12.27454 11.25104 14.2674 15.33847 
  15.61321 16.59525 16.77493 18.94244 19.83724 18.09414 19.23975 19.498 16.91065 15.95675 17.1315 18.63347 17.61158 17.84139 18.0765 16.24214 12.54316 10.50747 10.28231 11.7498 10.88183 14.61509 15.73737 
  15.47921 16.42386 16.7009 18.88653 19.72312 17.84675 19.16411 19.1135 16.29048 15.38161 16.45456 17.79116 17.00708 17.61676 18.02306 16.60031 12.31471 10.03614 10.17022 11.65439 10.83177 13.05052 14.59054 
  15.30055 16.19533 16.53432 18.80265 19.55194 17.64884 19.1452 18.83886 15.40453 14.6627 16.00327 17.37001 16.57529 17.09263 17.38171 15.64519 11.97203 9.84761 9.463987 10.9585 10.55639 12.22478 13.49357 
  15.03255 15.82398 16.33072 18.7747 19.32371 17.40145 18.975 18.28958 14.76627 14.08756 15.32633 16.86462 16.22986 16.71825 16.95415 15.22732 11.00068 9.580096 9.480453 10.41329 10.83177 11.75345 13.30264 
  14.65289 15.36694 16.07159 18.7048 19.06694 17.0551 18.69133 17.57551 14.1076 13.51243 14.76221 16.27501 15.71172 16.269 16.63348 14.63037 10.52745 9.543617 9.798778 10.23156 10.99032 12.09909 13.13558 
  14.20201 15.11468 15.8865 18.53705 18.75808 16.71918 18.48331 16.92963 13.64653 13.05258 14.28353 15.85385 15.06048 15.49303 15.64521 13.55026 9.182497 9.324742 9.110886 9.940781 10.33109 11.12501 12.37185 
  13.97657 15.03059 15.71037 18.13167 18.03739 16.71918 18.04836 16.09921 13.25133 12.59272 13.6803 15.10818 14.08362 14.65239 14.92048 13.2685 8.732574 8.592885 9.274348 10.01348 10.04737 11.31355 12.34798 
  14.05172 15.03059 15.79844 17.82895 17.83148 16.71918 17.75368 16.09921 13.11959 12.49053 13.37868 14.70144 13.95338 14.65239 15.31579 14.30164 8.833806 9.017271 9.650592 9.593764 9.831532 10.84222 12.08545 
  13.97657 14.69424 15.35811 17.0217 17.00784 16.38325 17.459 15.36106 12.72439 12.13287 12.35318 13.61682 12.32528 12.00116 13.00983 12.98673 8.883619 9.349062 9.04083 9.490303 9.733314 10.59084 11.77519 
  13.90142 14.44198 14.74166 16.21445 16.28715 15.62742 16.86965 14.89972 12.26332 11.41754 11.68962 12.73557 11.2833 12.19515 13.00983 12.23535 9.431562 9.46458 9.246326 9.734813 10.45626 10.63798 11.72746 
  13.75113 14.27381 14.12521 15.70992 15.77237 15.45946 16.47675 14.43837 11.80225 11.21316 11.388 12.46441 11.34843 12.13049 13.33925 12.75192 9.082871 8.994935 9.236985 10.04982 10.32274 10.70082 11.89452 
  13.60084 14.35789 13.77295 15.00358 15.46351 15.29149 16.08385 14.0693 11.53878 11.16206 11.56897 12.32884 11.34843 12.6478 14.39341 13.92595 9.107778 9.017271 9.326778 9.645495 10.2226 11.34497 13.15944 
  13.60084 14.18972 13.24457 13.99452 14.331 14.95557 15.29804 13.14661 10.61665 10.19126 10.60379 10.43075 8.157361 10.57855 12.81218 11.95358 8.858712 9.391621 9.897568 10.14675 10.20592 11.37639 12.44345 
  13.3754 13.85337 13.06844 14.19634 15.15464 16.29927 16.96787 14.80745 12.52679 12.03068 12.83577 12.59999 10.24132 10.06123 12.87806 12.04751 8.883619 8.950262 9.370686 9.904433 9.854198 11.07788 11.87065 
  12.69909 11.41486 9.105533 11.47188 12.16894 14.03178 15.39627 13.05434 9.957975 8.709499 10.00056 10.22738 8.938847 9.285264 11.49448 10.16906 8.539756 8.816246 9.337755 9.977128 10.20592 10.96791 10.89213 
  12.69909 10.4899 8.577146 8.747417 10.10983 10.92447 14.41401 12.8698 9.694508 9.016069 10.00056 10.0918 9.720331 8.573957 10.5721 9.229836 8.958339 9.44026 9.365197 9.306373 9.567097 10.54371 10.74893 
  12.47365 10.91034 8.48908 9.655571 10.4187 11.2604 12.94063 11.76258 9.496906 9.373734 10.42282 9.752861 8.743475 8.703286 11.29683 10.87348 9.406656 8.98749 9.101544 9.904433 10.09743 10.44945 10.4864 
  12.24821 11.1626 9.63392 9.756476 10.10983 11.93225 12.8424 12.68527 8.969971 9.169354 10.42282 9.617283 9.329589 8.509294 11.4286 10.63867 8.642592 9.288263 9.236985 9.759045 10.02233 10.51229 10.7012 
  11.27131 10.06947 9.017467 9.756476 9.800968 11.17641 12.74418 13.33115 9.167572 9.7314 9.578289 8.803818 9.980826 9.285264 11.23095 10.59171 8.526901 8.823691 9.398127 9.5018 9.846642 10.13427 10.11767 
  10.4447 9.985382 8.48908 8.848323 9.492103 11.34438 10.8779 12.13165 10.22144 10.03797 9.336994 8.939396 9.459836 8.573957 10.76975 10.02818 9.107778 9.397701 9.03616 9.819623 10.20592 10.21378 10.22467 
  8.941774 9.396775 9.017467 7.536547 8.771416 9.328828 10.09209 12.68527 10.68251 9.373734 9.75926 9.007184 7.766618 7.732655 9.25441 8.94807 8.808899 9.184906 9.129566 9.55353 10.06406 10.14222 10.60573 
  6.161366 6.705998 6.991984 7.839264 8.771416 9.580771 10.48499 12.8698 10.68251 10.19126 10.54347 9.752861 9.134217 8.315301 8.266141 8.666303 8.694011 9.342982 9.689011 9.651243 9.831532 10.03091 10.6296 
  6.311658 6.790085 6.639726 8.041076 7.947774 9.832715 10.28854 11.76258 10.74838 10.03797 9.517965 8.668241 8.743475 8.897279 8.463795 8.666303 8.591174 9.215305 9.304825 10.03771 9.922195 10.528 10.7012 
  6.612243 7.462779 6.90392 7.94017 8.256639 9.580771 10.19032 11.76258 10.68251 9.271544 9.698936 9.074973 8.613227 8.444629 8.924987 8.760225 9.157591 9.397701 9.293848 9.461564 9.907084 10.17403 10.24607 
  6.386804 8.471821 7.432307 7.94017 8.359594 8.908921 9.208061 11.20897 10.81425 9.118259 9.216347 9.21055 8.548103 7.954933 8.200256 8.422675 8.71972 9.075468 9.447522 10.03771 9.763535 9.999104 10.36733 
  6.912827 7.883213 6.639726 6.931111 7.535953 9.49679 9.208061 9.917204 9.628641 9.424829 8.975053 8.261507 8.352732 7.751178 8.266141 8.760225 8.883619 9.349062 9.507895 10.01348 9.963919 10.13427 10.4864 
  6.161366 7.294605 6.375533 6.931111 7.844819 8.069109 7.636454 9.086785 9.43104 8.811689 8.070198 7.786986 7.831742 7.93641 8.529679 8.713264 8.858712 8.920481 9.612173 10.04982 10.18923 10.44945 10.33167 
  6.011073 6.621911 5.93521 5.134018 6.09458 7.649203 7.047101 8.625442 9.233438 8.402929 8.130522 7.515831 7.375875 8.379965 7.835596 8.407547 8.783993 9.452419 9.250997 9.530539 9.823977 10.21378 10.6296 
  5.860781 5.444696 5.494887 6.22477 6.506401 7.985128 7.832905 7.518217 8.245434 7.636504 7.708256 7.719197 7.315662 7.751178 8.332026 8.029343 8.833806 9.300423 9.012807 9.622504 9.77109 9.911642 10.41013 
  4.483828 4.772002 5.93521 6.22477 7.021177 7.649203 7.538229 7.518217 8.443035 7.636504 6.863452 6.808902 7.180181 8.121308 8.063509 7.651138 8.308374 9.166666 9.110886 9.734813 10.13916 10.57513 10.21754 
  5.935927 6.790085 6.375533 6.628393 7.124132 7.145316 6.555974 6.872335 7.850232 7.687599 7.949551 7.118784 7.014593 7.325143 8.39791 8.807186 9.033058 9.203145 8.989455 9.530539 10.25598 10.35518 10.7728 
  5.935927 5.696957 6.551661 6.931111 6.815266 7.229297 6.948875 7.795023 8.640635 7.585409 7.828903 7.651408 7.240395 7.269574 7.735315 8.854148 8.833806 9.324742 9.398127 9.722697 9.884418 10.13427 10.26034 
  3.71813 3.039864 3.790195 3.772481 4.589703 5.524467 6.654199 6.872335 7.850232 6.643367 6.757647 6.731432 7.375875 8.250636 8.03616 8.362163 8.591174 8.935371 9.28836 9.868086 10.12247 10.48087 10.6296 
  4.531683 5.108349 3.488045 5.619334 5.610319 5.446363 5.475493 6.226454 7.586764 6.946969 6.651842 5.937361 6.818899 8.961943 8.19114 8.452932 8.958339 9.318663 9.99087 9.807508 9.733314 10.40231 10.53413 
  5.034173 5.024262 4.312092 5.417522 7.021177 6.893372 5.452194 5.470475 8.443035 7.738694 7.044696 6.847638 7.165127 7.269574 7.82648 8.619342 8.629738 8.645002 9.398127 9.674234 10.33109 10.63798 10.558 
  4.986317 4.33825 3.982473 5.215711 6.403445 6.305503 5.382297 5.071852 6.79636 7.483219 7.527285 7.854774 7.074807 7.30662 7.963227 8.256266 8.385502 8.868363 9.332267 9.576521 10.03068 9.704913 10.403 
  5.710488 5.528783 5.230694 5.922052 6.918221 6.893372 6.457748 5.857379 7.45503 6.618067 6.394887 6.7508 7.195234 7.99198 7.990577 7.999086 7.961301 9.017271 9.190282 9.674234 10.10578 10.43374 10.79666 
  5.860781 5.192436 4.790371 5.72024 5.842278 6.2274 5.671945 5.747778 6.928094 6.592767 7.165343 7.312464 6.743631 7.065818 8.332026 8.407547 9.082871 9.276104 9.269678 9.599512 10.03902 9.792376 10.46253 
  5.710488 5.86513 5.494887 5.619334 6.815266 6.389484 5.358997 6.318723 6.706316 7.636504 6.682072 7.060681 7.104914 7.769701 8.109092 8.452932 8.808899 9.142346 9.241655 9.369599 9.438657 10.07861 10.96373 
  5.334757 4.485793 4.586774 4.80725 6.403445 6.149296 5.265801 5.52247 6.616273 6.972269 7.225667 6.576491 7.701494 8.056643 8.463795 8.483189 8.475483 9.251784 9.38715 9.759045 9.884418 10.09452 10.28887 
  3.71813 3.777583 4.421965 6.123864 5.888669 6.110244 4.496928 5.76511 7.059828 6.390366 6.984372 7.176887 7.375875 7.93641 8.017926 8.760225 8.783993 9.251784 9.85915 9.668487 10.43957 10.3866 10.296 
  4.005267 4.603828 4.702307 5.518428 5.146402 5.329207 4.753219 4.742554 6.045998 5.884364 6.621612 6.712064 7.270502 6.806493 7.79913 8.120111 8.681156 9.032162 9.546313 9.759045 10.00564 9.871886 9.982145 ]
