 [
  5.007234 6.002207 6.053112 6.162748 6.467281 6.433488 5.474457 7.142641 7.252666 7.393715 6.859358 8.026776 8.290997 8.286037 8.998827 8.985466 8.552788 8.859727 9.44808 10.09679 10.07514 9.968997 10.47507 
  4.625755 6.141359 5.078323 5.988513 5.310001 5.441374 4.555515 7.255888 7.100973 7.029142 7.950298 8.228117 8.834666 8.643773 8.49087 8.242767 9.170704 9.348947 8.922918 10.22142 9.994239 10.25048 10.70555 
  5.515873 7.26683 6.626516 5.552926 4.907469 5.000434 6.059238 5.859173 6.595333 7.914533 7.821952 7.976441 8.587543 8.867357 8.418305 8.655378 9.316096 9.725269 9.690462 10.32111 10.22345 10.23289 10.67262 
  4.286663 5.723901 5.82375 6.685454 5.76285 5.496491 6.101008 6.500907 7.202102 6.768733 8.271162 7.624094 8.093298 8.375471 8.055479 8.902945 8.3347 9.141969 9.58947 9.623221 10.42569 10.47918 10.49153 
  4.244276 6.69797 6.626516 6.032072 4.857153 4.945316 6.309859 7.218139 6.949281 7.029142 7.501087 8.228117 8.192147 8.017735 7.329827 8.490334 9.316096 9.123153 9.73086 10.22142 10.47962 10.63751 10.80432 
  6.362908 7.26683 7.099778 7.033924 6.014433 5.551609 6.89464 7.331387 7.202102 7.185387 7.436914 8.077111 8.98294 8.330754 8.128044 7.871418 8.661832 9.085521 9.468279 9.822619 10.11558 10.79585 10.59031 
  5.134394 6.350088 6.970559 6.511219 5.76285 5.772079 6.059238 6.425409 6.645897 6.456242 7.180223 7.322083 7.846176 7.615282 8.20061 8.32529 9.2434 9.537108 10.21562 10.07187 10.31783 10.10974 10.55738 
  5.727805 5.584748 6.913218 6.990365 5.76285 5.441374 5.516227 5.934671 6.494205 6.40416 6.731011 7.624094 7.8956 8.196603 8.672284 9.026728 9.2434 9.518292 9.58947 9.623221 9.967274 10.18011 10.26106 
  4.668141 5.16729 6.110452 5.77072 5.259685 6.323253 5.516227 6.38766 6.190821 5.779178 6.47432 8.177782 7.154233 7.749433 8.454588 8.861683 9.06166 8.99144 9.427881 9.747845 10.23693 10.32085 10.2446 
  4.668141 5.306443 6.454495 5.378691 5.460951 5.882314 6.393399 6.500907 6.747025 6.97706 7.116049 7.724765 7.846176 7.838867 8.34574 8.449073 9.316096 8.878543 9.145103 9.797695 10.27738 10.33844 10.26106 
  4.540982 6.002207 6.225133 5.552926 6.668548 6.157901 6.68579 5.821424 6.089693 6.40416 7.244395 7.322083 7.549629 7.436414 8.091762 8.572856 9.098008 9.631189 9.58947 9.72292 9.980756 10.47918 10.52446 
  4.668141 4.332374 5.709069 4.725309 5.511268 5.827196 6.184549 5.292937 5.533488 6.247914 6.859358 7.070407 6.90711 7.525848 8.527153 8.820422 8.988964 9.066704 9.609668 9.697996 10.14255 10.39122 10.93602 
  3.438931 4.541103 5.422366 4.899544 5.058419 5.000434 4.847906 5.594929 5.68518 5.987505 5.960936 7.120742 7.401355 8.509622 8.563436 8.7379 8.87992 9.273682 9.751058 9.673071 10.22345 10.18011 10.73847 
  3.989957 4.123645 4.963643 4.68175 4.907469 3.56738 5.098526 6.274413 6.089693 6.299996 6.923531 6.567055 6.808261 7.391697 8.091762 8.201507 8.87992 8.84091 9.569271 9.822619 10.29086 10.444 10.55738 
  4.159503 2.801695 3.300769 4.812427 5.360318 4.394142 4.221354 6.085667 5.786308 6.143751 6.281801 7.422754 7.549629 7.481132 7.874066 8.32529 8.988964 9.461843 9.266294 9.897394 10.04817 10.30326 10.67262 
  4.710528 2.662542 3.644812 4.246162 4.253355 4.173672 4.847906 5.406184 5.735744 5.883341 6.602666 6.818731 7.055384 7.973018 7.583805 8.531595 8.443744 9.029072 9.407682 9.77277 10.07514 10.21529 10.45861 
  4.668141 3.497458 3.759493 4.638191 5.460951 5.716961 5.474457 5.141941 6.039129 6.247914 7.372741 7.120742 7.697902 7.749433 8.128044 8.490334 8.69818 8.690381 9.468279 9.997093 10.43917 10.21529 10.04705 
  4.456209 2.245084 3.41545 4.855985 4.60557 5.110669 5.056756 5.368435 6.443641 6.560405 5.768417 6.768396 7.450779 7.659999 8.34574 8.985466 8.480092 8.934991 9.569271 9.697996 10.03469 9.951405 10.17875 
  3.650864 2.662542 4.046195 4.638191 3.951456 3.78785 4.597285 5.481682 6.595333 7.081223 7.244395 7.221413 8.043874 8.464905 9.071393 9.109249 9.279748 9.650005 9.246095 9.77277 9.832445 10.16252 10.54092 
  4.498595 4.471527 4.103536 5.030221 5.159052 6.268136 6.72756 7.482383 8.769587 9.112415 10.06129 9.788508 9.872581 10.25358 10.60037 10.63828 10.58828 9.894615 9.1653 9.947243 10.20996 10.74307 10.95248 
  3.269385 3.706187 4.963643 5.509367 6.06475 6.323253 6.76933 7.104892 8.263947 8.852006 9.618794 9.788508 9.823156 10.25358 10.56243 11.01673 11.55688 11.52468 12.01878 12.51872 12.26977 12.04501 12.22729 
  3.693251 5.93263 6.225133 5.944955 6.517598 6.709075 6.64402 7.557881 8.769587 9.547307 9.937423 10.51443 10.93471 11.62582 11.85233 12.08901 12.53811 12.60373 13.35034 13.99242 14.21622 15.16839 16.29616 
  5.219167 7.26683 7.293607 7.829772 8.1092 7.740539 7.13038 8.458836 10.68443 10.97624 11.39292 12.28568 12.79485 13.41812 13.44574 12.62515 11.70619 13.07645 14.61523 15.6191 16.32563 17.72682 18.94496 
  6.515221 6.419664 6.569176 6.598336 7.171713 7.094898 6.941788 7.369136 8.213383 7.758287 7.629433 7.926105 8.340421 9.180376 9.107676 10.05825 10.66097 10.46858 11.04785 11.97692 12.49701 14.00546 15.30285 
  6.896004 5.793478 6.683857 7.584896 7.796704 8.170965 8.073336 8.673348 8.859345 9.764753 11.14517 11.76301 11.06758 10.44962 11.13151 12.46746 13.34868 13.56273 13.54453 14.96843 14.54929 14.70322 13.02684 
  9.409173 10.76126 11.10557 11.07438 11.05559 11.87264 12.31664 12.14846 11.07339 12.68474 13.83939 13.50522 13.32631 14.6692 14.50801 16.19831 17.00982 15.50782 14.19084 13.99242 14.21622 14.47063 13.42662 
  7.505258 9.704805 9.296505 9.666344 9.493111 9.591375 9.770657 9.617207 9.278218 10.38603 11.14517 10.71769 10.93471 12.04589 13.06635 14.54895 16.81938 17.33134 15.6762 15.29376 16.76972 17.72682 15.96506 
  5.982125 7.998223 7.552046 8.319525 7.885989 7.482282 8.309074 9.617207 9.367977 10.35496 11.42388 10.22406 9.97143 11.79384 14.28038 15.90725 16.43848 18.18232 18.54082 17.02889 18.10198 18.30828 17.17909 
  7.429101 7.26683 7.616655 8.870496 9.359183 8.816607 8.63911 9.660109 9.75693 10.63454 11.51679 10.83383 11.43296 12.38194 13.67337 15.51917 17.48594 18.79016 19.4957 18.65557 17.99095 19.35492 18.72423 
  7.352944 6.628394 9.038067 10.1561 9.493111 9.634418 9.723509 10.26075 10.89387 11.28687 12.63163 13.04063 12.96093 13.58615 14.81864 16.29533 17.86683 19.76271 19.92008 19.63158 18.54606 19.82009 19.4968 
  10.62768 11.41139 12.52699 12.91095 12.752 12.60437 12.83526 13.33702 13.00162 13.08857 14.46307 13.9043 14.99971 16.22735 16.06117 17.65363 18.34295 20.00584 19.92008 19.84847 18.87913 19.35492 19.8279 
  9.104547 8.973413 10.5887 12.11511 12.17165 11.8296 11.9866 12.23427 12.59928 14.12864 14.99766 14.10383 15.5544 16.0196 15.85409 17.16852 19.19995 20.12741 20.13228 20.82448 19.7673 20.05267 20.37973 
  11.38925 11.65518 12.26855 12.91095 12.48414 12.43219 13.12964 13.81636 14.20863 14.51866 15.08676 15.60035 17.66218 18.20101 16.99308 18.81788 19.3904 20.49212 20.45057 20.28226 19.65628 20.40155 20.26936 
  10.62768 10.76126 10.84714 11.74779 12.26093 12.88323 12.92956 12.36297 14.07452 14.77868 15.88864 15.20128 18.10593 17.99326 16.16472 17.75065 17.67639 19.0333 18.32863 18.0049 17.43585 18.42458 18.39313 
  16.40889 17.01873 16.28723 17.3029 16.57834 15.81127 14.73025 14.58331 15.68386 16.33878 15.62135 15.00175 17.1075 16.95449 16.37181 16.87746 15.6767 16.23723 15.46401 15.6191 15.32644 15.28468 15.08212 
  17.58928 18.71759 18.71102 20.4567 20.27076 18.59988 17.43129 17.17175 18.76844 19.849 18.20519 17.29641 19.65904 19.23978 19.3746 19.7881 16.81938 15.14311 16.63107 15.51065 13.66111 13.424 14.53029 
  17.23516 18.53786 18.71102 20.54681 21.26487 19.85475 18.43168 18.13043 19.70723 20.62905 18.91798 18.09456 20.54653 19.96691 20.20296 20.2732 16.53371 15.50782 17.37375 16.37822 13.99418 13.77287 14.64065 
  17.0286 18.43516 18.60085 19.91605 21.69092 20.55191 19.03191 18.70564 20.24368 21.01908 19.27437 18.99247 21.10121 20.38242 20.72068 20.56426 16.24804 15.87252 18.11643 17.13734 13.32805 13.77287 14.86139 
  16.96958 18.35813 18.43559 19.82594 21.83294 21.24906 19.23199 18.89738 20.78013 21.27909 19.45257 19.49131 21.21214 20.38242 21.03131 20.66129 16.15281 15.87252 17.90424 16.92045 13.55009 13.54029 14.97175 
  16.94007 18.30677 18.32541 19.82594 21.69092 21.38849 19.03191 18.89738 20.91424 21.27909 19.36347 19.69085 21.10121 20.07079 20.82423 20.37022 15.96237 15.38625 17.58595 16.59511 13.10601 13.3077 15.19249 
  16.96958 18.33245 18.32541 19.82594 21.69092 21.24906 18.93187 19.08912 21.04835 21.27909 19.36347 19.79062 20.87933 19.75916 20.61714 20.07916 15.86715 15.50782 17.90424 16.92045 12.65932 13.07512 14.41992 
  16.96958 18.33245 18.32541 19.91605 21.54891 20.83077 18.83183 19.08912 20.91424 20.88907 19.18527 19.79062 20.65746 19.23978 20.20296 19.69107 15.48625 14.77841 17.69205 16.70355 12.5944 12.91904 14.08882 
  16.85154 18.22975 18.27033 20.00616 20.98084 19.99418 18.43168 18.80151 20.64602 19.97901 18.56159 19.49131 19.76997 18.30489 19.68524 18.81788 14.62925 13.80586 16.94937 16.05288 11.96138 12.37277 13.64735 
  16.37938 17.69055 17.77455 18.74464 18.70858 17.76329 16.73102 18.03456 18.90256 17.50885 16.42323 17.99479 17.44031 16.0196 17.5108 16.29533 12.70875 12.07568 14.61523 13.36393 11.11736 11.32705 11.64579 
  15.73017 17.09999 16.89317 16.94246 16.29431 14.69582 15.03037 16.69241 17.02499 15.42872 14.73037 16.6978 15.44346 13.61415 15.23282 13.94974 11.04493 10.72112 12.49038 11.41345 11.16605 11.07733 11.22784 
  15.34939 16.8562 16.0118 15.86116 15.01616 13.58038 14.02998 15.54199 15.68386 14.12864 13.83939 15.30105 14.22316 12.85802 14.2045 13.38206 10.66097 10.28491 11.46396 11.11871 11.2959 11.87332 11.53676 
  15.42555 17.09999 16.06688 16.49192 15.15818 13.99867 13.82991 14.96678 15.41564 14.12864 13.62261 15.10151 14.22316 13.25009 14.81864 13.50821 10.18845 9.875799 11.51945 11.89024 11.45821 11.2178 11.1915 
  15.93674 17.76757 16.83809 17.57322 16.43633 15.39298 15.03037 15.92546 16.89087 15.68874 14.90856 15.70012 15.11065 13.94207 15.33636 14.32819 10.78896 10.23899 11.9633 12.58374 12.25354 12.07622 11.70031 
  16.46791 18.22975 17.27878 18.29409 17.28842 16.50842 16.13079 16.02133 17.69555 17.11883 15.88864 16.49827 16.33095 14.87696 16.37181 15.51917 12.45278 11.47876 12.65682 13.45062 12.77294 11.99819 12.13643 
  16.67448 18.33245 17.27878 18.11388 17.85649 17.06614 16.53095 15.82959 17.82966 18.02889 16.33413 16.6978 17.44031 16.0196 16.99308 16.39235 13.48657 12.67261 14.29694 14.85998 13.88316 13.07512 13.42662 
  16.76301 18.25542 17.16861 18.02377 17.9985 17.06614 16.53095 15.63786 17.29321 18.2889 16.95782 16.59804 17.88406 16.95449 16.5789 16.5864 14.62925 12.05272 14.29694 14.96843 13.77213 13.19141 13.26307 
  16.70399 18.02434 17.05843 18.02377 17.57245 16.64785 16.03075 15.15852 16.22031 17.89888 16.95782 15.60035 17.55125 17.16224 16.78599 17.0715 15.58148 10.92775 13.76646 14.53465 12.99498 13.3077 13.53698 
  16.37938 17.27973 15.95671 16.3117 14.73213 12.7438 13.82991 14.0081 13.26985 15.29871 14.19578 13.30197 15.5544 14.98083 12.95254 13.76051 13.05005 10.97367 11.26978 12.6921 11.78284 13.05951 12.77244 
  16.70399 18.17839 16.17705 15.68094 13.596 12.88323 13.42975 13.33702 12.00089 12.34304 12.84841 13.21486 14.09029 13.67016 11.39707 13.19283 13.05005 11.01959 11.04785 12.41036 11.83153 12.4352 11.68214 
  16.7335 18.07569 15.79145 15.59083 13.45399 12.60437 13.0296 13.04941 11.4025 12.21879 12.72454 13.0116 13.52561 13.39011 10.94181 13.44513 13.37002 11.38692 11.02011 11.67352 11.66922 12.80979 12.29997 
  16.61546 17.8446 15.51602 15.2304 13.02794 12.38915 12.64667 12.8778 11.22299 12.21879 12.60067 12.7793 14.09029 13.94207 11.39707 13.60282 13.48657 10.81296 10.40981 12.45371 11.21474 11.63921 11.53676 
  16.4384 17.66487 15.24059 14.86996 12.88592 12.21698 12.55238 12.792 10.95371 12.49836 12.84841 12.40182 13.99064 13.83819 11.3212 13.38206 13.39135 10.30787 10.17523 12.10696 11.71791 11.4207 11.17333 
  16.23184 17.43378 14.91754 14.50265 12.52878 11.8296 12.12805 12.44878 11.10331 12.31198 12.4768 12.31471 13.79135 13.78218 11.01769 12.94053 13.00739 10.21604 10.35433 11.80355 10.95504 11.31145 11.17333 
  16.02527 17.15134 14.59449 14.0129 12.26093 11.61438 11.9866 12.19136 11.43242 12.40517 12.72454 12.63412 13.16023 13.13807 10.10717 12.68823 12.75142 9.57474 10.19543 11.43513 11.05243 11.26462 11.1915 
  15.65402 16.6124 14.40066 13.46193 11.76987 11.35613 11.75086 12.14846 11.4025 12.77793 12.84841 12.69219 12.86128 13.05406 10.37274 12.62515 13.11404 9.856983 10.65948 11.63017 10.56052 11.10854 10.90309 
  15.04476 15.06835 13.10847 12.48242 10.78773 10.71049 11.0908 12.01975 10.80411 12.52942 12.53873 12.16953 13.2931 13.67016 10.37274 12.59361 13.32735 9.986449 10.49303 11.73853 10.574 10.79585 10.67262 
  14.35935 12.71164 11.9455 11.62535 9.002046 9.763546 9.48777 10.26075 10.50492 12.52942 12.32195 11.50168 11.56583 11.65382 8.889979 10.54366 11.21558 10.49154 9.650065 10.84453 10.69534 11.65482 11.51859 
  13.67394 13.0367 10.91175 9.788782 8.734192 8.902692 9.48777 10.00333 8.919184 10.01326 10.52581 10.16599 10.56933 10.50563 9.651915 11.04827 11.3009 11.24917 10.29885 11.21841 11.13359 11.04214 11.10064 
  12.37928 11.81772 9.684162 8.870496 8.644907 8.170965 7.97904 9.402693 9.367977 9.733689 10.74259 9.933693 11.03436 11.14974 10.0313 11.17442 11.53555 11.96089 10.99237 11.91191 11.79907 11.73285 11.62762 
  11.16078 11.49265 9.554943 9.482687 8.957403 9.074862 7.837596 9.273985 8.949103 9.329862 10.64968 10.36925 11.00115 11.48579 10.3348 11.23749 11.70619 12.60373 11.63041 11.56516 12.01007 12.18548 12.1546 
  9.713799 10.35493 9.748773 9.360249 9.359183 9.376162 8.921996 10.04623 9.906528 9.423053 10.68065 10.39828 11.63226 11.73783 10.97975 12.499 12.68742 13.31959 11.9633 12.49705 12.10746 12.51324 12.26363 
  9.561486 9.948603 8.973457 9.299029 9.448468 9.074862 8.309074 9.316888 9.188459 9.795816 11.17614 10.65961 12.66198 12.63399 10.90388 12.62515 12.8794 12.95489 12.21297 12.77879 12.51324 12.2323 12.37266 
  10.17074 10.92379 9.102676 9.85 9.671679 9.419205 8.969144 9.831719 8.799506 9.764753 10.49485 10.74672 12.66198 12.29793 10.71418 11.64748 12.41012 12.64965 12.62908 12.71377 12.88396 12.70053 12.5362 
  10.09458 10.27367 9.361115 9.482687 10.1181 9.160948 8.686257 9.660109 9.278218 9.640498 10.83549 11.58879 12.42946 12.32593 10.94181 11.71056 12.90073 12.76444 12.15749 12.06361 12.72425 12.90343 12.39083 
  9.02839 9.542273 9.361115 9.666344 9.314541 9.117906 8.921996 8.673348 9.278218 9.454116 10.34001 11.03709 12.19695 12.91403 10.79006 11.67902 12.51677 12.62669 11.88008 12.51872 12.31847 11.99819 12.29997 
  8.495294 9.298475 9.231895 10.46219 8.243127 8.55835 9.016292 8.544641 9.547494 9.795816 10.58775 11.24035 12.0973 12.60598 10.41068 11.14288 12.53811 12.69557 11.93556 12.51872 12.52947 11.84211 12.31814 
  9.409173 8.485818 9.361115 9.482687 9.225257 8.902692 8.733405 9.273985 9.637253 10.07539 10.64968 10.48539 11.56583 11.93387 10.44862 10.98519 11.79152 12.48894 11.99104 12.64876 12.31847 12.10744 12.46352 
  8.952233 9.461007 9.361115 9.299029 9.537752 8.214008 7.931892 9.059472 9.218379 9.82688 10.95936 10.5725 10.80185 11.37377 10.37274 11.11134 11.94084 12.64965 12.35167 12.1503 12.15615 11.76407 12.20911 
  9.333016 10.76126 10.45948 8.931715 8.734192 8.601393 8.356222 9.231083 8.829426 9.360925 10.06129 10.31117 10.9015 11.12173 10.44862 11.89979 12.66609 12.69557 11.99104 12.19364 11.86399 11.95136 11.91837 
  7.962197 9.786071 9.425724 9.054153 7.975274 9.117906 9.346327 9.273985 9.338058 9.112415 10.95936 11.21131 12.26338 12.60598 11.66264 11.83671 12.30346 12.3971 11.76911 12.41036 12.13992 12.27913 11.99105 
  8.57145 9.704805 8.779628 10.33975 8.555623 8.472264 9.110587 9.617207 9.727011 9.267734 10.86646 10.68865 12.32981 12.38194 11.35913 12.08901 12.28213 12.55781 11.9633 12.67043 12.12369 11.92015 12.00923 
  8.114511 8.892147 8.779628 9.482687 8.644907 7.869667 8.591962 8.330128 9.338058 9.82688 10.68065 10.92095 11.4994 11.34577 10.56243 11.33211 12.2608 12.83332 11.43622 11.76021 12.04254 11.87332 12.20911 
  8.723763 8.810881 8.715018 9.299029 9.046688 8.214008 7.837596 9.231083 9.308138 9.298798 11.42388 10.60154 11.86478 12.18591 10.41068 10.8275 11.85551 12.23639 11.29752 12.02027 11.96138 11.95136 12.33632 
  9.409173 9.704805 8.391971 9.115372 8.689549 7.783581 8.780553 8.887861 9.367977 10.23071 10.89743 10.42732 10.93471 10.98171 10.37274 10.79596 11.51421 11.8461 11.26978 12.19364 11.89645 11.81089 11.93654 
  10.01843 9.21721 8.715018 8.809277 8.868118 8.257051 8.544813 8.887861 8.799506 9.857944 11.30001 11.29842 11.4994 11.59781 10.41068 11.26903 12.09015 12.07568 11.32526 12.36702 11.79907 12.2323 11.95471 
  9.180703 9.298475 9.231895 8.503181 9.359183 9.462247 8.026188 8.844959 9.098701 9.391989 10.49485 10.39828 10.73541 10.98171 10.10717 11.48979 11.70619 12.09864 11.2143 11.67352 11.62052 12.07622 11.59128 
  9.25686 9.298475 8.779628 7.95221 8.600266 7.998795 8.120483 9.531401 9.188459 9.267734 10.1542 10.31117 11.33331 10.75767 9.543067 10.38834 11.13026 11.34101 10.79818 11.28342 11.65299 11.81089 11.71848 
  8.038354 8.160754 9.038067 9.054153 8.466338 8.127923 7.97904 9.488499 10.11596 10.19965 11.42388 10.42732 11.36653 10.89769 9.803667 11.14288 11.9195 11.50172 10.68722 11.32677 12.12369 11.84211 11.60945 
  7.657571 9.298475 9.038067 8.992934 8.243127 8.988777 8.591962 9.316888 9.547494 9.920072 11.17614 10.36925 11.6987 11.45779 9.651915 10.51213 10.98094 10.99663 10.85366 11.50014 11.88022 11.90454 11.57311 
  7.581414 8.567083 8.391971 8.503181 7.484209 8.214008 8.309074 9.016569 8.162818 8.591597 9.554622 9.817545 11.3001 11.00971 9.917482 10.95365 11.17292 11.52468 10.82592 11.52181 11.65299 11.57678 11.77299 
  9.48533 10.11113 9.361115 8.686839 8.019916 7.955752 6.85287 9.016569 9.068782 9.205606 11.42388 10.39828 11.53261 10.70166 9.841606 11.01673 11.6422 11.61651 10.77044 11.58683 11.79907 12.06062 11.1915 
  8.79992 10.11113 10.26565 9.360249 8.466338 8.902692 8.309074 9.831719 9.697091 9.578371 11.08324 10.54347 11.6987 10.81368 9.689853 10.4296 11.6422 11.43284 10.8814 11.65184 11.99384 11.87332 11.84568 
  7.657571 9.704805 9.877992 9.054153 8.421696 7.826624 8.214779 9.788816 10.26556 9.857944 11.33098 10.36925 11.73191 11.17774 9.765729 10.54366 10.95961 11.08846 10.99237 11.76021 12.286 12.29473 11.82751 
  8.952233 9.379742 9.038067 9.91122 7.885989 7.912709 8.686257 8.973667 9.15854 9.143479 9.875486 9.788508 10.73541 9.851131 10.06923 10.70135 11.34357 11.4558 10.40981 11.91191 11.62052 11.46752 11.37322 ]
