 [
  3.297775 2.767455 4.182142 5.087688 4.238847 4.304691 4.239996 5.457816 5.751901 6.44535 5.884303 6.581484 7.184155 6.994103 8.68688 8.557491 8.710162 8.887819 9.291428 9.930083 9.928618 10.29993 10.65621 
  3.707788 3.655257 4.031612 4.907525 6.008984 5.932263 5.382467 4.872544 5.864131 6.807942 7.156873 6.692852 7.442766 7.732333 8.199851 8.024909 8.652945 9.082119 9.281814 9.974759 10.15576 10.72309 10.38045 
  3.692603 3.08805 4.504706 5.251473 5.437193 4.615902 5.240186 6.214302 6.567913 6.069569 6.501043 7.263613 6.615209 6.903708 8.087831 8.629185 9.23889 9.203655 9.204898 9.287816 9.581293 10.21889 10.47359 
  3.161104 3.08805 3.838074 4.809254 5.18926 4.408428 5.382467 5.528049 5.162692 5.505897 6.484813 6.901667 7.028987 7.687136 8.059827 8.618942 9.23889 9.447021 9.320271 9.629724 9.831123 10.3384 10.0085 
  3.616674 2.644149 3.945596 4.432548 4.961987 4.864871 5.738169 5.083242 4.60154 6.612363 6.484813 6.678931 6.925543 7.792597 8.031821 8.127329 8.810291 9.495694 9.496511 9.840733 10.43425 10.12526 10.42793 
  3.768531 2.890761 3.257459 4.514441 5.395871 4.387681 4.811936 5.528049 5.246864 6.674994 6.582193 6.915588 7.339321 7.626872 7.779778 8.34241 9.391922 8.875675 9.272199 9.629724 10.03973 10.13377 10.20635 
  4.165285 2.989405 3.429493 4.579955 5.333888 5.238323 4.305989 4.966188 6.172764 5.902555 6.501043 7.305376 7.783366 7.85286 8.213854 8.678675 9.187879 8.705663 9.377957 9.685167 9.970106 9.963516 10.42793 
  4.442478 3.482629 4.547715 4.285141 4.734715 4.657397 5.738169 4.029754 6.060534 6.807942 7.000973 7.277534 6.684172 7.325553 8.739007 8.23999 8.932824 8.572082 9.397186 9.796057 9.970106 10.21889 10.36462 
  4.234583 2.767455 4.612227 4.727361 5.003309 4.574407 5.075908 4.287273 5.050461 5.756418 5.981683 7.013035 7.52897 7.431015 7.667758 8.39362 9.23889 9.154982 9.358728 9.768334 9.867683 9.835828 10.5649 
  4.442478 2.274232 3.472502 4.825632 5.230582 4.491417 4.327987 5.200296 6.200822 6.874417 7.078923 7.444586 7.322081 7.626872 7.751773 8.678675 8.881813 9.349674 9.546173 9.885408 10.01652 10.29993 10.35671 
  4.234583 2.8661 4.633732 4.923903 4.445458 3.910491 4.789938 5.665299 5.387152 6.38272 6.858103 6.859904 7.132432 7.657004 7.835787 8.777655 9.340912 9.495694 9.446849 9.685167 9.849403 10.41534 10.25383 
  3.480003 2.964744 4.031612 5.038552 5.292565 5.778054 3.690054 5.504638 5.864131 6.57061 6.647113 7.180087 7.718618 7.762465 7.751773 8.678675 8.824596 8.936394 9.546173 9.648205 9.727535 10.17633 10.35671 
  5.343358 3.112711 4.354177 5.316987 5.437193 5.315428 4.811936 4.849133 5.162692 5.986062 6.306283 7.138324 7.339321 7.581674 8.426245 8.598459 9.085856 9.203655 8.916466 9.71289 9.855497 10.07418 10.40419 
  4.581075 3.433306 4.139134 4.973039 4.734715 4.429175 4.39398 4.919366 6.144707 6.320089 6.484813 6.720694 7.080709 7.099565 8.374117 8.728165 8.338251 8.59637 8.781864 9.740612 10.01652 9.84434 10.51925 
  3.859645 2.989405 4.526211 5.153202 5.106615 5.113839 4.415977 5.106653 5.808016 5.881678 7.000973 7.618374 7.912861 8.195951 8.32199 8.876635 9.23889 9.495694 9.147212 9.620482 10.20218 10.4538 10.65621 
  3.753345 3.605934 3.795066 4.579955 5.635798 5.315428 3.976024 6.145677 6.34111 6.048692 6.533503 7.472428 7.615174 7.26529 8.269863 8.547249 8.409773 9.057832 9.281814 9.930083 9.855497 10.3384 10.47359 
  4.78897 3.948307 3.945596 5.218716 4.280169 4.698892 4.789938 5.340762 6.624809 6.940891 6.923023 6.901667 6.804857 7.867927 8.32199 8.332168 8.810291 8.69352 9.320271 9.768334 10.13256 10.37687 10.51925 
  3.814088 3.383984 4.882693 5.087688 5.230582 5.176081 4.371983 5.457816 6.795497 6.741468 6.484813 7.472428 7.848114 7.999136 7.947807 8.827145 8.983835 8.657088 9.446849 9.740612 10.06293 10.18484 9.921452 
  5.481955 4.044067 4.633732 4.530819 5.044631 4.532912 4.811936 6.008426 6.909289 5.881678 6.890563 7.910264 8.754579 7.999136 7.373707 8.024909 9.085856 9.203655 9.744823 10.33216 10.06293 10.49228 10.61056 
  4.442478 3.334662 4.633732 5.667633 5.499177 5.392532 5.075908 5.153475 5.976361 6.674994 7.390722 7.837292 9.337306 8.589581 8.426245 8.629185 9.034846 9.787733 9.794486 9.657446 9.569106 10.09121 10.70187 
  4.37318 3.482629 4.160638 4.84201 4.238847 5.093091 5.738169 6.145677 6.032476 6.528856 7.312772 7.910264 7.783366 9.048817 9.312406 10.21286 11.12629 10.42049 9.993135 11.27035 11.33933 11.33861 11.61497 
  3.753345 4.044067 5.297628 6.754 6.158259 6.780412 6.876414 7.106432 7.250665 6.674994 8.014322 8.639992 9.466801 10.03289 10.19857 11.89552 12.5546 12.27007 12.12862 13.23608 13.81239 13.76219 15.03911 
  3.312961 5.001676 5.629577 6.2526 6.755358 7.628561 8.512642 8.753441 9.355816 9.201023 8.559972 8.85891 9.013569 10.0985 11.39749 11.05419 12.5546 12.31874 13.27086 14.79972 15.15484 16.1173 17.25202 
  3.17629 4.427111 5.712564 6.670433 7.352457 8.630919 9.579748 9.645571 10.03857 10.06519 10.19692 10.31836 10.50276 11.27939 11.39749 11.84603 12.86067 13.34088 14.46276 15.78842 16.60915 17.60808 18.45844 
  4.026688 3.852546 4.799706 6.5033 7.800281 8.553814 10.14887 10.74358 11.57476 11.52763 11.44412 11.70484 11.34448 12.19786 12.38791 12.39042 13.4728 13.68159 14.81039 16.26772 17.28038 18.16712 19.43865 
  3.100362 4.810154 6.1275 7.673234 8.546655 8.939336 10.07773 11.70433 13.16785 12.6577 12.45747 12.28863 11.99195 12.32907 12.70067 13.62767 14.69706 15.23913 15.60499 17.43173 17.9516 18.72616 19.43865 
  4.996866 4.522871 5.214642 5.918333 6.083622 8.476709 10.43343 10.94945 12.4282 12.6577 12.84722 13.60213 12.89842 12.98512 13.22194 13.38022 14.74807 15.61663 16.45265 17.70561 18.62282 19.65789 20.26806 
  4.996866 4.810154 5.712564 7.589667 7.128545 8.091187 9.93545 10.88083 11.97303 12.3918 12.76927 13.01835 12.89842 13.18193 12.44003 13.08328 13.98291 14.94709 16.32165 17.63714 18.62282 19.65789 20.49427 
  4.37318 4.714393 6.459448 6.586866 7.576369 9.093545 9.508608 10.46908 12.08682 12.72417 12.22362 12.58052 12.96317 12.98512 12.23152 12.88532 13.72785 14.55771 16.27798 17.84256 18.51095 19.93741 20.79587 
  4.165285 4.33135 6.708409 7.673234 7.949555 9.710381 10.43343 10.19457 10.55063 11.26173 11.83387 12.3616 12.76892 12.00104 12.1794 12.24195 13.52381 14.11965 16.49632 18.32186 18.84656 20.21693 20.19266 
  5.412656 6.246566 6.708409 7.673234 7.651006 7.782769 9.93545 10.8122 10.49374 11.46115 11.98977 12.72646 12.57468 12.19786 12.1794 13.42971 14.69706 15.23913 16.49632 19.21198 18.95843 20.77598 20.04186 
  3.63186 5.384718 5.380616 7.923934 8.69593 8.785128 10.00659 10.46908 11.23338 11.39468 11.60002 12.43457 12.31569 12.98512 13.06556 13.33073 14.95211 15.77094 17.10765 19.82822 19.51779 21.0555 20.56967 
  5.68985 6.150805 7.372306 8.843168 8.994478 9.17065 10.29115 10.60633 11.23338 11.72705 11.83387 12.72646 12.83367 12.7883 13.27407 12.73685 15.05414 16.07957 17.50065 19.4174 19.96527 20.96232 21.02208 
  7.768803 7.299934 7.953216 8.091067 9.143753 8.785128 9.437468 10.46908 10.77822 11.19526 11.60002 13.31024 13.15741 13.37875 13.11769 13.77614 15.05414 15.53947 17.15132 18.80116 19.51779 20.40328 20.79587 
  8.808279 9.11939 9.861918 10.7652 10.56186 10.32722 11.14484 10.94945 11.85924 11.66058 12.76927 14.25889 14.19337 14.23161 14.52512 14.51849 15.15616 15.53947 16.05965 17.36326 18.06347 18.63298 20.26806 
  8.531086 11.51341 12.01958 11.2666 11.30824 10.0188 11.14484 11.49846 11.23338 11.32821 12.53542 13.967 13.35165 14.62524 14.83788 13.28124 13.72785 14.60638 14.01579 15.33583 15.26671 16.02413 17.17662 
  12.4811 15.72688 16.65811 17.26362 16.87144 15.44412 14.20387 13.96897 13.50922 14.45251 16.43291 17.34184 16.17414 17.14429 16.88897 14.32053 15.41121 16.46536 14.36343 13.1914 13.0293 14.53158 15.90656 
  12.75829 16.95171 17.31022 18.80575 19.15515 17.91127 16.47834 16.1167 16.14633 16.872 18.44401 19.28117 17.85248 18.66245 18.65039 16.00805 17.04482 18.31715 16.01598 14.08491 12.61573 14.64699 15.81525 
  12.4118 17.07415 16.62551 19.26839 19.06732 18.69627 17.57008 17.16939 16.94195 17.53525 18.97826 19.98638 18.94341 19.22176 19.76286 16.84337 17.96815 18.85726 16.84565 15.15713 13.0293 15.10863 16.34721 
  12.4118 17.04354 16.5603 18.80575 18.54031 19.70555 18.11595 17.54535 17.33976 17.83673 19.39379 20.51529 19.69867 19.38157 20.13369 17.19142 18.53636 19.24305 17.15132 15.2018 12.91743 15.83778 16.87501 
  12.5504 17.05884 16.52769 18.65154 18.54031 20.49055 18.7528 17.84611 17.49888 18.07792 19.80932 20.95604 20.11825 19.70118 20.50451 17.46986 18.82047 19.62884 17.45699 15.85689 12.91743 16.30365 16.79961 
  12.61969 17.07415 16.49508 18.54873 18.89165 21.16341 19.2077 18.07169 17.65801 18.3191 19.92804 21.2205 20.53784 19.94089 20.50451 18.02674 19.24663 19.93747 17.84999 16.19925 13.70052 16.86269 16.87501 
  12.75829 17.07415 16.42987 18.44592 19.24299 21.72413 19.48063 18.29726 17.89669 18.56028 20.16548 21.5731 20.95743 20.1806 20.50451 18.51401 19.67278 20.2461 18.06832 16.13078 14.25987 17.14221 17.02582 
  12.75829 17.05884 16.42987 18.39452 19.50649 22.06056 19.75357 18.59803 18.21494 18.74117 20.34357 22.01386 21.20918 20.50021 20.50451 18.93167 19.74381 20.16894 18.15565 16.5416 14.148 16.48999 16.79961 
  12.75829 17.04354 16.36466 18.29171 19.68216 22.1727 19.93553 18.8988 18.45363 18.86176 20.46229 22.19016 21.2931 20.73991 20.59722 19.27972 19.81483 20.09179 18.37399 16.95243 13.81239 17.04903 17.10122 
  12.82759 17.01293 16.29945 18.1889 19.85783 22.1727 19.93553 19.04918 18.61275 18.98235 20.52165 22.27831 21.2931 20.97962 20.59722 19.34933 19.88586 19.93747 18.50499 17.22631 12.84781 16.48999 16.79961 
  12.89689 16.96701 16.16903 18.08609 20.0335 22.06056 19.75357 19.04918 18.69231 18.98235 20.58101 22.36646 21.12526 21.21933 20.78263 19.34933 19.88586 19.706 18.11199 16.74702 13.36491 16.39682 16.34721 
  12.98606 16.90579 16.006 18.08609 20.29701 21.83627 19.57161 18.82361 18.69231 18.80146 20.64037 22.19016 20.87351 21.29923 20.78263 19.21011 19.88586 19.47452 17.93732 16.95243 13.25304 16.30365 16.34721 
  12.98606 16.85987 15.94079 18.1889 20.56051 21.83627 19.11672 18.59803 18.45363 18.68087 20.58101 21.92571 20.62176 21.29923 20.68992 19.00128 19.81483 19.08873 17.63165 16.81549 12.8246 15.65143 16.2718 
  13.02174 16.84457 15.90819 18.44592 20.64835 21.61198 18.29791 17.84611 17.89669 18.3191 20.34357 21.3968 20.20217 21.13943 20.3191 18.58362 19.53073 18.39431 16.97665 16.40466 12.5229 15.14709 15.3587 
  13.18226 16.78335 15.94079 18.65154 19.68216 20.37841 17.66106 17.09419 17.33976 17.83673 19.80932 20.51529 19.363 20.2605 19.11392 17.53947 18.46534 17.00547 16.05965 15.65148 12.33725 15.18556 15.08477 
  13.34278 16.43133 15.87558 17.98328 17.48629 18.02341 16.47834 16.1167 16.54414 17.23378 18.9189 19.01671 18.35599 19.30167 17.81603 16.63454 17.18687 15.53947 15.00904 14.57635 11.43216 14.10842 13.98904 
  13.43196 16.01417 14.75816 15.86277 14.21909 14.10533 14.13273 14.68806 14.87334 15.78668 17.25678 16.81293 16.42589 17.46391 14.94213 15.38156 15.76634 13.38955 13.76748 14.26362 12.89422 12.80045 13.16725 
  13.61031 16.15584 14.42621 14.85997 13.54736 13.18008 12.99448 13.48859 13.39543 15.18373 16.51087 15.49942 15.55307 16.26537 14.73363 15.17273 15.55327 12.95149 13.56883 12.96802 11.75706 11.95412 11.84325 
  13.73516 16.24767 14.42621 14.52571 13.24881 12.64035 11.99852 12.66509 12.99716 14.7184 16.04317 14.7697 14.58185 15.47811 14.16023 14.37002 14.95211 12.80547 13.22119 12.29789 11.2465 12.03106 11.47801 
  13.73516 16.37011 14.67517 15.27781 13.84591 13.41139 12.28308 13.00821 12.82647 14.58545 15.96522 15.28051 14.38761 14.62524 13.95172 14.27104 14.49302 11.92935 13.32052 12.52127 11.31613 11.64636 11.43235 
  13.73516 16.46194 15.00712 16.13272 14.36837 14.02823 13.27905 13.96897 13.16785 15.42491 16.19907 15.35348 15.03509 15.47811 14.26448 14.71645 14.69706 12.07537 12.57558 12.11919 10.87519 11.45401 11.43235 
  13.68165 16.47725 15.25608 16.90378 15.11474 15.10769 15.02268 15.28959 14.39597 16.38964 16.90062 16.15618 15.42357 15.74053 14.47299 14.9639 14.64605 12.0267 12.77423 12.16386 10.66632 11.76177 11.70628 
  13.78867 16.46194 15.51692 17.52064 17.13495 17.12626 15.93247 15.43997 15.11203 16.81171 17.67231 17.16554 16.25805 16.82468 15.68378 15.45117 15.25818 12.90282 13.02254 12.25321 10.85198 12.95433 13.16725 
  13.98486 16.41603 15.81037 17.31502 18.18897 18.13555 17.11519 15.96632 15.50984 16.81171 18.62209 18.1352 16.84547 17.62371 16.61085 16.00805 16.05045 13.87628 14.31377 13.59348 12.33725 13.56984 14.17166 
  14.02053 16.30889 15.61474 16.64676 17.74979 17.79912 17.57008 16.04151 15.35071 16.32934 18.56273 18.48781 17.01331 17.78352 16.88897 16.14727 16.54763 14.7524 15.20769 15.11245 12.26762 14.10842 14.99346 
  14.0027 16.20176 15.41911 16.23553 17.22278 17.68698 17.57008 15.89112 15.11203 15.90727 18.08784 18.57596 16.92939 17.384 17.07438 16.21688 16.61866 15.33648 15.70432 15.51453 12.63894 14.60852 15.45001 
  13.96702 16.10993 15.32129 16.13272 16.87144 17.57484 17.38812 15.59036 14.71422 15.72639 18.08784 18.66411 16.76156 17.2242 17.25979 16.14727 16.40558 15.38515 15.97231 15.78842 12.80139 14.60852 14.85649 
  13.94919 16.01417 15.32129 16.08131 16.60794 17.35055 17.02421 15.36478 14.47553 15.36461 18.02848 18.66411 16.84547 16.98449 17.07438 15.93844 16.26353 15.46231 15.75398 15.38051 12.68536 13.83913 14.62822 
  13.89568 15.9184 15.28868 16.02991 16.34443 16.78983 16.47834 14.83844 14.07772 15.18373 17.8504 18.48781 16.59372 16.42517 16.79626 15.86883 16.1925 15.46231 15.70432 15.0231 12.40687 13.06974 13.44118 
  13.86001 15.82264 15.25608 15.86277 15.90526 15.89269 15.47757 14.3121 13.67991 14.65193 17.43487 17.9589 16.0063 15.67492 15.9619 14.9639 15.62429 15.46231 14.6614 13.41478 11.64103 12.22341 12.20849 
  13.86001 15.53536 14.92413 15.02711 14.36837 13.95112 13.49247 13.00821 12.94026 13.32244 16.35497 16.52104 14.51711 14.23161 14.26448 13.42971 13.82987 13.2922 11.88031 11.44905 10.50387 10.99238 11.84325 
  13.87785 15.9184 15.09011 15.61207 13.32345 11.7922 9.650888 11.22395 12.71268 12.1259 14.09442 14.55078 13.74014 13.90359 14.05597 11.15317 9.748999 9.641714 10.78773 10.55554 10.31821 10.56921 10.93014 
  13.91352 15.9184 14.75816 15.36137 12.80098 11.40668 8.654922 10.94945 12.25751 11.66058 13.00312 13.89403 13.74014 12.91951 13.11769 9.717964 8.932824 9.203655 9.695161 9.974759 10.01652 10.72309 11.02145 
  13.59248 15.9184 14.5092 14.77641 11.60679 9.941694 8.370361 9.851446 11.0627 10.33109 12.14567 13.1643 12.31569 10.95136 11.606 9.668474 8.63864 9.045688 9.595836 9.840733 9.87987 10.41534 11.29538 
  13.02174 15.63112 13.76231 13.43934 10.0394 9.633276 8.583782 8.890692 9.469608 8.40333 11.67797 12.06971 11.15024 11.54181 12.1794 10.26235 9.340912 9.203655 9.695161 10.28749 10.43425 10.41534 11.15842 
  12.61969 14.9608 12.76647 12.60367 9.069117 7.243038 7.089835 8.067187 8.502377 8.270381 11.36617 12.28863 11.79771 11.4106 11.29324 9.470514 8.881813 9.057832 9.272199 9.537315 9.556919 10.60768 10.9758 
  12.1346 14.29047 11.9366 11.5173 8.69593 7.936978 8.15694 8.959317 9.185128 8.270381 10.89847 12.06971 11.92721 10.55773 11.34536 8.777655 8.867509 9.009256 9.397186 9.930083 9.764095 10.72309 10.61056 
  11.44162 13.52439 11.2727 10.43094 8.024193 7.08883 7.089835 7.792686 7.592041 7.339738 11.83387 12.3616 11.21498 11.01697 11.81451 9.074594 8.710162 9.447021 9.546173 9.71289 9.709255 10.29993 10.61056 
  10.40214 12.56678 10.44283 9.344568 7.427094 7.474352 6.378432 6.969181 7.648937 7.738585 10.82052 11.77782 11.08549 10.42652 10.92835 9.371534 8.56712 9.398348 9.744823 9.352501 9.946898 10.20187 10.61056 
  8.808279 10.93884 9.52997 9.428135 7.800281 6.086472 6.449573 7.655435 7.990313 7.273264 11.44412 11.92376 10.76175 9.245631 9.885803 9.124084 8.838901 9.301002 9.349114 10.24281 9.818936 10.26146 10.5649 
  6.244237 8.832107 9.115035 9.344568 6.382171 6.086472 6.449573 7.792686 7.876521 7.871534 9.72922 10.90215 10.24377 9.967286 11.44962 9.272554 8.838901 8.377782 9.397186 9.840733 10.10935 10.3384 10.42793 
  3.935574 6.725369 7.53828 7.2554 6.232896 6.626203 6.165011 6.900556 7.592041 8.602753 9.105621 10.31836 10.43801 10.0985 10.71984 8.876635 8.652945 9.082119 9.243356 9.796057 10.10935 10.53074 10.51925 
  5.897745 6.629609 7.372306 7.0047 6.232896 6.857516 6.734134 7.449559 8.44548 9.0016 8.559972 9.66161 9.596296 9.508051 10.4592 9.272554 9.23889 9.301002 9.368343 9.930083 10.08614 10.07418 10.47359 
  5.551253 6.725369 7.372306 8.091067 7.725644 7.011725 6.165011 7.72406 8.559273 8.669228 9.339471 10.39134 10.43801 9.508051 10.14644 9.025105 8.524207 8.875675 9.358728 9.885408 10.22539 10.64615 11.02145 
  5.135463 6.246566 7.621267 7.589667 7.128545 6.549098 5.809309 6.077052 6.966185 8.004483 9.495371 9.734582 9.531549 9.311236 9.833676 8.876635 8.932824 9.398348 9.595836 10.06411 9.904244 9.929466 10.238 
  4.927567 5.672001 7.455293 7.2554 7.128545 6.009367 6.947555 6.420178 7.364457 7.672111 8.871771 9.223773 9.078316 9.245631 9.677296 8.567733 9.085856 9.544367 9.546173 9.638964 9.678787 10.53074 10.24592 
  3.722974 6.150805 6.957371 7.923934 7.203182 5.392532 6.236151 6.557429 6.909289 7.206789 9.26152 9.004855 8.301346 7.807663 8.426245 8.547249 8.983835 8.657088 9.301043 9.260094 9.776282 9.980541 10.19843 
  4.719672 6.533848 6.957371 6.5033 6.755358 4.491417 4.789938 5.481227 6.624809 7.339738 7.858422 8.639992 8.689831 8.130346 8.157844 8.728165 8.867509 8.802813 9.496511 10.24281 9.87987 9.963516 10.39628 
  4.234583 4.522871 5.463603 6.336166 6.829995 5.238323 4.503968 5.939801 7.136873 7.738585 7.390722 8.129183 8.301346 7.933532 8.374117 8.250233 8.695858 8.960682 9.546173 9.749853 10.08614 10.4538 10.35671 
  3.753345 5.384718 5.463603 5.416932 5.292565 4.864871 4.833934 5.596674 6.397225 6.027815 7.234822 7.983237 7.597933 7.355685 7.457722 8.383378 9.034846 9.252328 9.349114 9.930083 9.946898 10.16782 10.26174 
  3.586303 4.618632 5.878538 6.5033 6.008984 5.469636 4.789938 5.80255 6.909289 6.874417 6.403663 7.444586 7.52897 7.807663 8.213854 8.004425 7.966341 8.717807 9.137597 9.885408 10.06293 10.23592 10.42793 
  4.442478 3.948307 5.54659 5.500499 5.85971 5.778054 5.311327 5.153475 6.966185 7.539162 6.825643 7.444586 7.442766 7.144763 7.765775 8.876635 8.881813 9.142838 9.496511 9.930083 9.970106 10.13377 10.47359 
  3.054805 2.792116 3.730553 5.584065 5.56116 4.968607 5.097906 5.871175 7.136873 6.612363 6.776953 7.235771 7.339321 7.999136 7.933805 8.332168 9.136868 9.203655 9.546173 9.796057 9.940805 10.3384 10.40419 
  4.095986 3.137372 4.633732 5.333365 5.457854 5.315428 5.097906 5.457816 6.172764 6.090446 6.744493 6.985193 7.063469 7.295422 8.478372 8.434587 9.289901 9.252328 9.291428 9.204649 9.84331 10.09121 10.23009 
  3.571117 4.139828 3.881083 5.005795 5.710435 4.595154 5.169046 5.481227 5.976361 6.487103 6.630883 7.983237 7.511729 7.506345 8.073829 8.728165 8.753075 9.447021 9.176055 9.574279 10.03973 10.56921 10.2934 
  3.115547 3.852546 3.51551 5.022174 6.083622 4.678144 4.877929 5.481227 6.624809 5.986062 6.176443 7.110482 7.253118 7.999136 7.765775 8.475555 8.652945 9.057832 9.993135 10.33216 9.892057 10.49228 10.34088 
  3.84446 2.989405 4.633732 5.918333 6.083622 5.315428 4.261994 4.521382 5.050461 5.568527 6.322513 7.319297 7.477247 8.261557 8.171846 8.455071 9.187879 9.203655 9.496511 9.638964 9.666601 10.56921 10.70187 
  4.581075 3.948307 3.902587 4.858389 5.003309 4.034975 4.39398 4.568203 5.162692 5.338883 6.679573 7.36106 7.912861 7.792597 7.84979 7.9737 8.509903 9.154982 9.546173 10.06411 9.867683 10.09121 10.19052 
  4.442478 3.948307 4.289664 5.416932 5.292565 4.657397 4.635954 4.778901 5.808016 6.807942 6.598423 7.472428 7.597933 7.67207 7.751773 8.332168 8.781683 9.252328 9.446849 9.840733 10.01652 9.716651 9.992676 
  3.616674 4.044067 4.590723 5.918333 4.383475 4.823376 5.738169 5.036421 4.854058 6.006938 7.156873 7.36106 7.115191 7.657004 7.625751 8.618942 8.509903 8.729951 9.041453 9.546556 9.770189 10.09972 10.36462 
  4.303881 2.742794 4.504706 5.235095 5.85971 5.113839 4.811936 5.317351 5.246864 5.568527 6.809413 6.999114 7.718618 7.999136 8.227856 8.117087 8.781683 8.997113 9.446849 9.269334 10.08614 10.10823 10.07973 ]
