 [
  4.464945 3.26715 3.461905 2.718368 4.720036 4.918546 4.863581 5.336392 5.767431 6.007107 7.239663 7.388195 7.084796 8.219954 8.506914 8.961984 9.751336 9.305281 9.55611 9.98367 10.21853 10.13046 10.40305 
  4.82233 4.203607 3.034702 3.807393 4.962064 5.25833 5.387425 5.404743 5.951718 5.244259 6.975979 7.58289 7.412952 7.561429 7.624348 8.394359 8.699655 9.289266 9.519483 9.835833 10.41089 10.46445 10.6565 
  3.425282 4.232871 3.782308 3.492149 5.083078 4.745045 5.322744 5.108557 5.352786 6.267169 7.028716 6.704856 7.647348 7.891991 8.465072 8.394359 8.634121 9.385356 9.409597 9.32342 10.19105 10.29473 10.74507 
  4.75735 3.706114 3.355105 3.750076 4.206887 4.429589 5.729955 5.245258 5.767431 6.19782 7.028716 6.939253 7.802031 8.346541 8.22689 8.762148 9.075285 9.273251 9.434017 9.824693 10.0204 10.32932 10.70078 
  3.425282 3.179358 4.697838 4.495277 4.124111 4.382271 5.473058 5.085773 5.99779 7.082818 6.384918 7.631563 6.912906 7.45704 8.010592 8.569198 9.075285 9.353326 9.421807 9.535069 9.736143 10.13046 10.46842 
  3.295325 3.793907 3.622107 4.384704 4.268969 5.094899 3.945255 4.197217 4.592602 6.267169 6.855952 7.154117 7.366073 8.031176 9.511125 9.841258 9.194589 9.385356 9.91829 10.09809 10.00079 10.044 10.61221 
  4.17254 3.852435 3.622107 4.458419 4.413826 5.094899 4.601202 6.111511 6.597046 6.939636 6.093325 7.388195 7.381699 7.752807 8.288689 8.762148 9.194589 9.321296 9.836903 9.713299 10.13609 10.54878 10.83364 
  4.952288 4.876684 4.57852 5.048146 4.679698 5.503478 4.951041 5.792206 6.42033 6.557818 6.60922 7.485542 8.219197 7.491836 8.799809 9.00195 9.671801 9.20919 9.633433 9.94553 10.0204 10.6331 10.6565 
  3.620219 4.496249 4.156111 4.97443 5.002402 6.03463 5.729955 6.293971 6.331972 6.796454 7.028716 6.568125 7.366073 7.891991 8.548757 8.88205 9.035518 9.461939 9.836903 9.98367 10.54829 10.30338 10.573 
  4.237519 4.84742 5.115451 4.605851 5.204092 5.830341 6.158117 7.57119 7.038836 6.319182 6.003604 6.782989 7.631722 8.346541 8.632441 9.201786 9.274124 9.998017 10.16245 10.28879 10.27349 10.33796 10.54685 
  5.767886 4.818155 4.369713 5.048146 4.800712 5.217473 5.90122 7.2975 6.376151 5.729708 6.003604 7.056451 8.03379 8.135564 9.050861 8.961984 8.666887 9.225205 9.299713 9.390257 10.19105 10.42229 10.24618 
  4.984777 4.584042 3.942509 4.27413 3.999948 5.299189 4.885446 5.268042 5.905647 6.128469 6.975979 6.841588 7.381699 7.317856 8.42323 8.922016 8.86349 9.576813 9.714821 10.05995 9.892973 10.33796 10.5011 
  5.492621 5.098523 1.48609 4.753283 5.24443 4.31918 6.200933 5.58701 5.698324 5.955095 6.975979 7.271315 8.219197 8.388737 8.590598 8.922016 9.234356 9.423647 9.674127 10.09809 10.0596 10.24286 10.32462 
  4.952288 4.84742 3.355105 3.778735 3.813703 4.745045 5.387425 5.609794 6.685404 6.145807 6.58679 7.680237 8.126493 8.177759 8.273239 8.762148 9.313891 9.461939 9.263084 9.51279 10.10861 10.28609 10.87792 
  4.82233 4.466985 4.156111 3.348856 4.413826 6.116346 6.072485 5.290825 6.376151 6.796454 7.45061 7.534216 8.636364 8.219954 8.716125 9.041918 9.592265 9.576813 9.55611 10.13623 10.0204 9.897016 10.61221 
  5.820317 4.876684 4.04931 3.348856 4.800712 5.094899 5.772771 5.929051 5.99779 7.082818 7.60882 7.58289 8.404605 8.684104 8.381388 8.961984 9.075285 9.461939 9.482855 9.735578 9.961586 10.29473 10.54031 
  5.342161 5.53793 5.264599 4.568993 4.599022 5.217473 5.104095 6.202741 5.928682 6.701 6.788661 6.704856 8.219197 8.515323 7.732496 8.492705 8.994558 9.844852 9.836903 9.824693 10.21853 10.80175 10.83364 
  6.22666 5.815452 4.996133 4.716424 4.720036 5.46262 4.513742 4.356701 6.994657 6.701 6.60922 8.020952 8.126493 8.100768 8.757967 9.121852 9.075285 8.808813 9.755514 9.94553 10.24601 10.46445 10.43573 
  5.833425 5.052269 4.399542 5.269293 4.921726 4.745045 5.55869 5.427526 5.491001 6.366909 7.13419 7.631563 7.941086 8.515323 8.319589 8.762148 9.15482 9.129114 9.238667 10.02181 10.10861 10.42229 10.70078 
  5.702346 4.84742 4.996133 5.416725 4.558684 5.054041 5.644322 6.248356 7.083015 6.653273 6.519499 7.036918 7.662975 8.346541 8.273239 8.612907 8.937217 9.193175 9.275294 9.579626 9.873369 11.05473 11.27649 
  6.397062 6.116099 6.040167 5.453583 3.896478 5.340046 5.430241 5.313609 6.111077 6.605546 6.541929 7.271315 7.941086 8.599713 8.350488 9.121852 9.472962 9.653396 9.836903 10.40321 10.63073 11.18122 11.5422 
  6.331522 5.306664 4.102711 5.49044 3.565375 4.808136 5.387425 5.154124 6.464509 6.605546 7.977977 7.631563 8.682716 8.895082 9.929545 10.5207 11.46135 11.4148 11.70882 12.53904 12.91158 13.58448 14.28787 
  5.754778 5.052269 3.622107 4.532135 3.544681 4.114133 4.404418 5.700976 6.729583 6.557818 7.556083 7.436869 7.987438 7.022089 7.809745 8.416214 9.15482 9.50023 9.877596 9.724438 9.902775 10.67526 11.01078 
  6.908267 6.208606 5.115451 4.151296 5.365444 6.23892 5.235284 5.632578 6.155256 6.249832 7.239663 7.11505 7.162929 7.735409 8.465072 9.041918 9.234356 9.50023 9.674127 9.657602 10.43837 10.59094 10.70078 
  6.095582 4.701098 0.9520855 2.833002 4.165499 4.271861 4.666797 5.541444 5.514037 5.799058 6.60922 7.154117 7.33482 7.596224 8.381388 8.922016 9.15482 9.921434 9.91829 10.28879 10.41089 10.14775 10.49456 
  5.37465 4.64257 4.399542 3.6641 4.921726 4.950092 5.344609 6.020281 5.767431 6.076458 7.028716 7.388195 7.522337 8.065971 8.319589 8.383431 9.115053 9.321296 10.12176 9.94553 10.38341 10.67526 10.92221 
  5.518836 4.935213 4.429372 3.721417 4.020642 4.003723 4.535607 4.197217 5.514037 6.05912 6.975979 7.154117 7.428578 8.557518 8.799809 8.961984 8.994558 8.888888 9.434017 9.635323 10.00079 10.16504 10.74507 
  5.427082 4.730363 3.782308 3.06227 3.586069 4.350725 5.0385 5.883436 6.043862 6.232494 7.292399 7.436869 7.522337 7.387448 8.632441 8.656617 9.274124 9.289266 9.140991 9.535069 9.579313 10.11317 10.22004 
  5.147224 4.028021 3.942509 3.893369 5.163754 5.421762 4.710526 5.746591 5.72136 7.369182 6.975979 7.826258 8.358253 7.509234 8.674282 9.321687 9.353659 9.538521 10.12176 10.74647 11.18034 12.36177 12.56075 
  5.780993 7.110548 7.80011 7.738773 7.664711 7.79152 7.870767 8.711564 9.557039 9.564636 10.19292 9.33514 9.099883 9.317036 11.81244 13.83796 14.48603 14.51669 13.21449 12.6916 12.1971 12.69907 13.44645 
  4.367477 5.792325 6.606928 5.232435 6.414233 6.729215 7.100075 7.38873 8.143312 7.560091 8.08345 8.118299 8.358253 8.852886 10.59902 12.03945 12.49531 12.52525 11.70882 11.92881 11.29025 10.88608 11.76362 
  5.715454 6.370493 6.338462 6.080167 6.656261 6.729215 6.415015 6.841351 7.215552 7.035091 7.397873 8.118299 8.311901 8.473127 8.841651 9.28172 9.950174 10.11289 10.20315 10.55577 10.27349 10.54878 10.92221 
  6.292199 6.439873 7.233349 6.338172 6.978965 6.729215 6.885993 7.251885 7.259731 6.653273 9.032711 9.773203 9.053532 8.304345 9.134545 9.641423 10.7853 10.68726 11.50535 11.69997 11.62002 12.19312 12.69361 
  5.309671 5.26041 5.354088 3.291539 4.84105 4.398044 5.815588 6.020281 6.243614 6.987364 7.13419 7.58289 7.987438 9.27484 9.176388 9.201786 10.30808 9.806561 10.85425 11.20415 11.51009 11.09689 11.09935 
  5.807209 6.463 5.264599 5.416725 5.809163 5.748625 6.372199 6.65889 6.508688 6.510091 7.397873 8.166973 9.331642 9.907772 9.887704 10.36083 10.98413 11.56796 12.80755 13.41626 12.52686 12.31961 14.37644 
  6.423277 6.786774 6.994712 6.485604 6.656261 6.81093 6.671912 6.978195 6.508688 5.92042 7.76703 8.653709 8.172846 8.810691 9.552967 9.28172 10.62622 10.41922 11.42396 12.00509 11.40018 11.18122 13.0036 
  6.22666 8.01249 7.889598 7.923062 9.036204 9.34412 9.283703 8.802794 8.231669 7.750999 8.663554 9.237793 9.192587 8.937277 9.385598 8.88205 8.904449 9.129114 9.755514 10.44135 9.82436 10.46445 10.74507 
  8.052582 8.978218 8.187894 8.770794 10.04276 10.12042 10.73946 10.9467 9.689577 10.04191 10.98397 11.33076 10.16598 10.41412 10.64086 10.00113 10.06948 9.653396 10.20315 11.12787 10.32845 11.26554 11.01078 
  7.052454 6.67114 6.935053 9.28692 9.721951 9.670982 10.61101 11.82341 11.45674 12.83752 12.77702 13.52107 12.66898 11.84876 12.35639 11.43994 11.42158 10.76384 11.13911 12.53904 11.94978 13.1207 12.38361 
  6.370846 7.133675 7.740451 9.28692 11.1656 11.14731 10.48256 11.22039 11.5451 12.23736 14.16644 14.44544 14.97111 14.42121 14.2397 13.75803 12.77368 11.98917 13.29588 14.5986 13.62606 14.84936 14.95214 
  7.195329 8.334399 8.668282 8.14421 9.560598 11.03427 10.31129 11.12916 10.83823 11.66463 13.67354 13.94124 14.60442 14.42121 15.10117 14.93531 13.96671 13.32936 14.55739 15.99761 15.0568 16.39691 17.20783 
  7.909706 7.919983 8.187894 9.950592 10.84479 11.37338 11.58332 11.17477 11.77917 11.18736 12.82975 14.19334 14.78776 14.50967 14.67043 14.93531 15.27859 14.93076 15.42166 16.70987 15.89841 16.81075 17.94954 
  7.623955 8.656309 8.98854 9.452838 11.1656 11.82554 11.75182 12.41621 12.06594 12.42827 13.82141 14.3614 14.97111 14.15582 15.38832 15.88302 15.85499 15.98895 16.41384 17.68923 16.99251 17.72118 19.06211 
  6.187336 6.39362 7.859769 8.770794 9.882357 10.46907 11.83607 12.94315 13.15569 13.14446 14.06786 14.1093 13.59601 14.6866 15.67548 15.48399 15.56679 15.52887 16.47585 17.42213 16.82419 18.96268 20.17468 
  6.986915 5.26041 6.010337 8.586505 8.753838 9.425836 11.41483 13.33835 12.6395 12.83752 12.88249 14.1093 14.69609 14.59814 15.46011 15.78326 15.63884 15.1608 15.91775 17.15504 17.16084 19.45928 20.45282 
  6.659218 6.185479 7.233349 8.660221 9.358908 10.0387 10.82509 12.15274 12.75421 12.73521 13.51533 13.77317 13.96271 14.06736 14.8858 15.18471 14.91833 14.70072 16.10378 16.97697 17.07667 19.62481 21.10182 
  6.842728 5.746071 7.919428 9.28692 9.479922 9.834414 10.09721 11.17477 12.6395 12.83752 13.82141 14.3614 13.87103 13.7135 14.67043 15.48399 14.99038 14.83875 16.41384 17.51117 17.49748 19.70758 20.82368 
  5.571268 5.838578 7.561474 9.28692 8.995867 9.507551 10.48256 11.55994 11.72181 12.93983 13.67354 14.1093 13.87103 13.53658 13.80897 14.13724 14.99038 14.93076 17.28199 18.49052 17.6658 19.87311 20.91639 
  5.807209 6.694267 5.86119 8.475931 10.52398 11.37338 12.17307 12.35034 12.58214 12.42827 14.01857 14.44544 14.3294 13.7135 14.45507 15.03507 14.77423 14.79274 17.03395 18.75762 18.08661 19.79035 20.63825 
  7.195329 6.555507 6.875394 8.955084 9.399246 10.80819 11.83607 12.41621 12.52479 12.73521 13.67354 13.94124 13.54966 13.97889 14.95759 14.88543 14.84628 14.79274 16.7859 18.49052 18.25493 19.79035 20.54553 
  6.82962 6.925534 7.024542 8.586505 8.753838 10.46907 11.66757 11.88928 13.04098 13.75833 14.01857 14.6135 14.60442 14.59814 14.67043 15.28447 14.77423 15.34484 17.344 19.29181 18.59158 20.45248 21.84353 
  7.195329 7.758096 8.508152 8.955084 9.882357 10.69515 11.49908 12.48208 13.49982 14.21874 14.46218 15.20174 15.3378 15.57123 16.10621 16.08254 15.56679 16.31101 17.46802 19.55891 18.7599 20.94908 21.93624 
  6.882051 6.185479 7.531644 8.733936 9.076542 10.58211 11.83607 12.61381 13.38511 13.9118 14.56076 15.20174 15.79617 15.6597 15.60369 16.13242 16.14319 15.98895 17.28199 19.11375 18.33909 20.12141 22.12167 
  6.803405 7.526829 7.561474 8.955084 9.278233 11.14731 12.00457 13.14075 13.09834 13.4514 14.75792 15.20174 15.24613 15.57123 16.03442 16.13242 15.78294 16.58706 17.46802 19.11375 18.33909 20.78355 21.93624 
  8.624084 8.817264 8.348023 8.918226 10.68439 11.59946 12.17307 14.12875 13.7866 14.06527 15.30011 15.874 14.60442 15.12892 15.81906 15.98278 15.63884 16.21899 18.4602 19.55891 18.67574 20.45248 22.02896 
  9.624211 10.74872 10.58983 10.44835 11.1656 12.95593 13.18405 13.60181 13.90131 13.50255 15.44798 17.21853 16.07119 16.19048 17.54199 16.98037 16.71959 17.09315 18.70824 20.3602 18.7599 19.95588 21.0091 
  10.91009 11.8754 11.23035 11.44385 11.0052 13.06897 13.0998 12.67968 13.32776 13.14446 14.01857 15.70594 15.3378 16.89818 17.4702 15.58375 16.28729 17.18517 17.84009 19.38085 17.58164 18.79715 18.87668 
  14.62485 17.34786 17.79565 17.25098 16.77982 14.87759 14.27928 13.93115 14.01602 14.57683 15.94087 17.47063 16.62123 16.27894 16.39337 13.63813 15.63884 15.20681 15.42166 16.44278 15.22512 16.23138 16.37341 
  15.91073 18.15264 18.27603 19.40792 17.42144 16.57318 15.7115 15.18262 14.70429 15.29302 16.7788 18.6471 18.27134 18.13667 18.18809 15.53387 17.94445 16.86311 14.476 14.67488 12.25206 15.90031 16.28069 
  15.91073 18.15264 18.27603 19.40792 17.74225 16.91229 15.96425 15.38022 14.64693 15.19071 16.68022 18.47903 18.54636 17.87128 17.90094 15.43411 17.80035 16.95513 14.55739 14.75116 11.94978 15.73478 15.79356 
  16.05361 17.99168 18.1159 18.91017 18.38388 17.13837 15.96425 15.24848 14.64693 15.49764 16.53235 18.22693 18.27134 17.07511 17.4702 15.08495 17.36805 16.31101 13.98768 14.71302 11.83986 14.38557 15.92641 
  16.05361 17.66977 18.1159 18.57833 19.18591 17.36445 15.96425 15.11675 14.58957 15.5488 16.2859 18.1429 18.45469 16.98665 17.18305 14.18712 16.57549 15.62089 13.70282 13.68324 11.75742 14.09044 15.43928 
  16.05361 17.34786 17.79565 18.41241 19.66713 17.36445 15.96425 15.11675 14.93371 15.34418 16.13803 17.8908 18.27134 16.89818 16.75231 14.93531 16.93575 15.75891 14.23184 12.8823 11.81238 13.58448 15.74927 
  15.91073 16.865 17.63552 18.74425 19.82753 17.13837 15.96425 15.51195 15.33519 15.59996 16.33519 18.22693 18.91305 17.42896 17.25484 15.98278 17.4401 15.85093 14.80155 13.11114 11.45514 12.86772 15.17357 
  15.76785 16.38213 17.15513 18.41241 18.8651 17.25141 16.13275 15.64368 15.27784 15.65111 16.43377 18.31096 19.00473 18.13667 17.90094 15.48399 16.8637 14.93076 14.43531 13.11114 11.59254 11.85582 15.12928 
  15.4821 15.89927 16.995 17.91466 18.06306 17.36445 15.96425 15.44608 15.22048 15.39533 16.23661 18.47903 19.00473 18.3136 17.97273 15.98278 17.36805 15.29883 14.35392 13.03486 11.09789 11.77149 14.50929 
  15.19635 15.57736 16.51461 17.58282 17.90266 17.36445 15.79575 15.11675 14.87635 15.39533 16.2859 18.6471 19.27975 18.84438 18.25988 16.88061 18.0165 16.21899 15.73172 13.98836 11.94978 11.77149 14.90786 
  14.76773 15.25545 16.19435 17.25098 17.90266 17.25141 15.7115 14.98502 14.70429 15.13955 16.08874 18.81516 19.37142 19.10977 18.25988 16.98037 18.66496 16.31101 15.91775 14.25534 11.97725 12.69907 14.73072 
  14.05335 14.61163 15.55384 16.58731 17.42144 16.3471 14.61627 13.79941 13.38511 13.80949 14.8565 17.3866 17.90465 17.51743 15.67548 14.78567 16.14319 13.40595 13.58074 12.31021 10.93301 11.39203 14.24358 
  12.48172 13.96781 14.43293 15.5918 16.2986 14.76455 13.18405 12.48208 11.95123 12.42827 13.72283 16.29417 16.80457 16.54433 14.16791 13.63813 14.48603 12.21891 11.8309 11.69997 11.12537 11.13905 13.44645 
  11.76734 13.80686 14.75319 16.25548 15.65697 12.84289 13.01555 12.54795 11.72181 12.83752 14.16644 16.3782 16.89625 16.45587 14.31149 14.28688 14.99038 12.41037 11.95298 11.77625 11.01545 11.09689 13.44645 
  8.624084 9.139174 9.148669 13.26895 12.93007 8.935541 7.528237 8.072954 8.717638 9.707817 11.14218 13.2777 12.80803 12.98804 10.59902 11.47991 12.73391 12.90816 13.78421 12.8823 11.07041 13.458 13.44645 
  7.623955 8.173445 8.668282 8.955084 7.745388 7.137794 6.92881 7.479959 7.834058 9.087363 12.14418 11.76882 9.795161 8.726299 9.971388 10.16099 10.66599 11.4148 12.31923 11.85253 10.30097 12.23528 12.33933 
  6.200444 5.792325 5.503235 6.080167 5.163754 4.950092 4.491878 5.655361 6.111077 6.510091 8.769028 8.166973 7.647348 8.684104 8.967177 9.601456 9.019135 9.353326 9.55611 9.624184 9.971388 10.42229 10.83364 
  5.342161 5.052269 3.99591 3.434832 4.310357 4.051042 5.016635 5.837821 6.42033 6.19782 6.60922 7.388195 8.219197 8.26215 7.871544 8.580125 8.650504 9.385356 9.999678 10.32693 10.41089 10.11317 10.83364 
  6.187336 4.671834 4.04931 3.320198 3.234272 4.003723 4.951041 6.111511 5.813503 6.111132 6.855952 7.251781 7.241061 8.135564 8.506914 8.132101 9.15482 9.1131 9.446226 10.09809 10.24601 10.19098 10.59914 
  5.859641 4.408456 3.99591 4.384704 4.331051 4.902773 5.191555 5.268042 5.398858 5.903083 6.65408 7.485542 7.506711 8.219954 8.381388 8.667544 9.234356 9.385356 9.458435 9.646462 9.628323 10.23421 10.70078 
  5.37465 4.145078 3.675507 3.950686 4.455215 4.981637 5.644322 5.655361 6.597046 6.748727 5.599861 7.075984 7.755679 8.219954 8.195991 9.121852 8.830723 9.423647 9.592739 10.17437 10.38341 10.26015 10.57953 
  5.74167 4.291399 4.54869 4.151296 4.679698 5.299189 6.200933 6.111511 6.020826 6.301845 6.60922 6.841588 7.802031 8.515323 8.548757 8.186738 8.511244 8.904903 8.811337 9.278862 9.481295 9.905662 10.24618 
  4.529924 3.793907 3.088103 4.237272 4.165499 5.299189 5.12596 5.792206 6.331972 6.128469 7.081453 7.339521 7.366073 8.100768 8.506914 8.296012 8.920833 9.193175 9.482855 9.601905 9.775351 10.26015 10.32462 
  5.244693 3.442736 1.806492 2.431782 4.103417 5.094899 5.387425 5.404743 5.583145 6.19782 5.48771 7.290848 8.03379 8.599713 8.548757 8.580125 8.855299 9.461939 9.674127 9.907391 9.971388 10.50661 10.6565 
  6.449493 5.12165 2.874501 3.721417 4.227581 4.09836 4.470013 5.564227 5.882611 6.076458 5.891454 6.91972 7.475458 8.100768 8.087842 8.481778 8.9536 9.576813 9.836903 9.98367 10.21853 10.05264 10.3573 
  10.19571 11.55349 12.03099 12.43936 13.09048 13.06897 13.01555 12.81141 12.23801 10.75782 9.085447 8.79973 9.007179 8.810691 8.967177 8.722181 9.234356 9.305281 10.08107 10.36507 10.74065 10.71743 11.2322 
  10.62434 12.03636 11.87087 12.60528 13.41129 13.40809 13.43679 13.53595 13.55718 12.28509 12.09144 12.30423 12.34451 12.56608 12.77481 12.79882 12.85321 12.79329 13.41796 15.01826 14.72015 15.69262 17.20783 
  7.48108 7.573082 9.468927 9.452838 10.68439 9.997847 10.09721 11.12916 12.86892 13.65602 14.11715 13.37505 13.68769 13.80197 14.2397 14.68591 14.55808 14.37866 15.23563 16.35374 15.64593 17.14181 18.3204 
  3.912624 5.53793 7.203519 8.770794 10.52398 9.956988 10.43974 10.85547 13.32776 14.16758 13.82141 14.02527 14.14605 14.24428 14.09612 14.38664 13.7281 13.94202 15.54568 16.79891 16.06674 17.55564 19.34025 
  5.212203 5.491677 7.293008 9.121002 9.681612 9.997847 11.33058 10.90108 10.39644 12.88868 13.82141 14.69754 14.3294 14.42121 13.69534 14.38664 14.34193 14.5627 16.10378 16.88794 16.23506 17.96948 19.34025 
  5.531944 5.630438 7.531644 8.733936 10.04276 10.80819 11.49908 11.49408 11.72181 12.58174 13.0407 12.98566 13.59601 13.49438 13.95255 14.08736 14.08601 14.51669 15.79373 16.88794 16.1509 18.46608 19.71111 
  4.78984 5.39917 6.696417 8.549646 9.600937 10.35603 11.41483 11.95514 11.41256 13.04215 13.25165 13.22903 13.36426 12.98804 13.19323 13.83796 14.12578 14.79274 16.35183 17.066 16.65587 18.21778 19.61839 
  5.807209 5.792325 6.457781 9.452838 11.0052 9.548409 10.56819 12.02101 11.63345 11.71236 13.14617 11.91484 12.85439 12.90365 13.31876 13.83796 13.96671 14.37866 15.73172 16.70987 16.99251 17.96948 19.71111 
  4.17254 5.954212 6.51744 7.370194 9.52026 9.752699 9.88313 10.53616 10.4848 12.28509 13.51533 12.69362 12.76168 13.11462 13.02586 13.31839 13.44973 14.42467 16.72389 17.6002 16.40338 18.13501 19.43297 
  4.464945 5.098523 7.561474 7.849347 8.390796 9.793556 10.09721 11.03793 11.89388 12.09418 13.25165 12.25556 11.881 13.07243 13.15139 13.15852 13.52926 14.28665 15.79373 16.88794 16.48755 17.96948 19.80382 
  5.212203 6.53238 7.829939 7.923062 9.721951 9.793556 9.968763 9.122099 10.44062 11.76009 12.61881 12.20688 12.80803 12.35511 12.39823 12.23928 13.37019 14.0569 15.0496 16.79891 16.48755 17.72118 19.80382 
  5.885856 4.788891 6.51744 8.918226 9.721951 8.526962 8.85554 8.802794 9.910472 11.99873 13.35712 12.45025 12.94709 12.35511 12.90034 13.23846 14.12578 14.01861 15.17362 16.79891 16.40338 18.79715 20.26739 
  6.16112 5.491677 6.129656 9.28692 9.52026 9.017257 10.18284 9.578248 10.79405 12.6329 13.14617 12.74229 13.1325 12.22852 13.15139 13.31839 13.33043 13.78886 14.92557 15.99761 16.90835 19.62481 20.54553 
  5.277182 5.769198 7.14386 8.181067 8.592485 9.507551 10.35411 11.12916 11.50092 12.78636 14.26502 13.77317 12.90074 13.24121 13.27691 12.99865 13.44973 13.86544 15.54568 16.70987 17.91829 20.12141 20.63825 
  5.584376 5.907958 6.099826 9.121002 8.91519 9.221546 10.61101 11.22039 11.36838 12.14191 13.77212 13.77317 13.36426 12.86145 13.27691 12.87875 13.52926 13.94202 15.91775 17.6002 18.08661 19.62481 21.0091 
  6.265984 6.439873 7.203519 8.365357 8.794176 9.425836 10.18284 11.12916 11.72181 12.53058 13.91999 13.08301 13.08614 12.65047 13.10955 13.27842 13.44973 13.5974 15.91775 17.77826 18.92822 19.54205 19.43297 
  9.767087 10.58777 11.23035 10.78018 10.52398 11.14731 12.17307 12.87728 11.77917 13.60486 14.8565 13.32638 13.87103 14.15582 12.94218 14.28688 14.34193 14.5627 16.28982 17.8673 18.00245 19.04545 19.43297 
  9.909962 11.07063 11.55061 11.11202 10.84479 11.37338 12.84705 12.61381 10.44062 12.33282 13.8707 13.2777 13.68769 14.06736 14.16791 14.03748 13.92694 14.37866 16.7859 18.40149 16.5717 18.05225 18.50583 
  9.481336 10.74872 10.10944 10.11651 10.36357 10.24299 10.78227 10.76424 10.79405 11.99873 12.35512 13.22903 13.77936 13.40999 13.73718 14.03748 14.12578 14.0569 15.60769 16.97697 15.22512 16.89351 16.46612 
  6.947591 8.01249 9.148669 8.918226 9.882357 10.58211 10.65382 11.22039 10.57316 11.13964 13.30438 12.69362 12.25181 12.18633 12.18902 11.79964 12.81345 12.02746 13.54004 14.4079 12.71922 13.96395 13.3136 
  7.48108 8.817264 7.979087 7.591341 9.278233 10.35603 10.78227 11.35723 10.92659 11.56918 12.35512 11.23341 10.86125 9.949967 10.59902 10.48073 10.82506 10.26606 11.22049 12.04323 10.85057 11.3077 11.5422 
  7.195329 8.656309 9.308798 8.807652 9.31857 9.221546 11.07783 11.55994 9.954651 11.61691 11.72228 10.79535 10.8149 9.148254 9.971388 11.16017 10.58646 10.26606 10.32523 10.82275 10.93301 10.88608 11.45363 
  6.41017 8.817264 8.508152 7.701915 9.237894 9.711841 10.99358 10.9467 9.910472 10.75782 10.61481 9.529835 9.702457 10.07655 9.552967 10.80047 10.86483 9.691687 10.5287 10.86089 10.65821 10.54878 10.83364 
  6.89516 8.656309 8.98854 7.075331 8.431133 8.56782 9.112438 9.350174 9.247787 9.755545 9.876498 8.410341 9.007179 9.317036 9.134545 10.56067 11.0239 10.0746 9.958983 9.98367 10.0302 10.11317 10.56646 
  6.52814 8.334399 8.828411 6.669894 6.212543 7.096936 8.641459 8.209799 7.7457 8.419182 9.032711 8.507689 8.682716 9.148254 8.883493 10.4008 10.58646 9.729978 9.633433 9.98367 10.21853 10.42229 10.29194 
  7.195329 9.300128 8.828411 6.411888 6.575585 7.587231 8.042032 8.118569 7.083015 8.753272 8.663554 7.631563 8.080142 8.346541 8.365938 9.041918 9.075285 8.840843 9.674127 9.907391 10.06941 10.54878 10.78935 
  7.195329 8.817264 8.508152 6.117025 5.728487 6.198062 7.656686 6.841351 6.243614 6.510091 7.661556 7.339521 7.802031 8.346541 8.883493 9.28172 9.711568 9.576813 9.714821 9.51279 10.30097 10.80175 11.05506 
  6.108689 7.480576 7.17369 4.568993 5.24443 6.116346 6.543464 6.293971 5.491001 7.416909 7.661556 7.72891 8.26555 8.726299 9.050861 9.481555 10.02971 10.61068 10.5287 11.20415 13.5711 15.39748 15.52785 
  5.342161 8.334399 7.352667 4.937572 4.63936 4.31918 4.732391 5.040206 5.72136 6.653273 7.397873 7.72891 7.848382 8.895082 8.716125 8.55827 9.019135 9.653396 9.674127 10.36507 11.59254 13.07853 13.26931 
  5.466405 7.041168 6.368292 4.458419 3.586069 4.60309 5.0385 4.60732 5.32975 6.284507 7.081453 7.534216 7.848382 8.135564 8.010592 8.922016 9.035518 9.385356 9.755514 10.28879 10.19105 10.33796 10.78935 
  5.277182 6.277986 5.145281 4.27413 5.163754 5.544336 4.732391 6.020281 6.155256 5.833733 6.811091 7.134583 7.709327 8.346541 8.757967 8.547342 8.58497 9.225205 9.55611 9.813553 10.43837 10.46445 10.5926 
  6.265984 6.000465 5.801531 4.384704 4.351745 4.60309 5.16969 6.020281 6.994657 6.701 7.239663 7.923605 7.662975 8.135564 8.365938 8.802115 8.9536 9.615104 9.202038 9.356838 10.21853 10.46445 10.33769 
  5.925179 5.584184 4.996133 3.86471 4.760374 5.217473 6.158117 7.38873 6.729583 6.05912 7.345136 7.534216 7.987438 8.557518 8.319589 8.503633 8.552203 9.1131 9.031106 9.479372 10.35593 11.09689 11.40934 
  6.475709 4.964477 4.876815 2.403123 3.523988 4.082587 4.951041 6.065896 5.905647 6.891909 7.345136 6.958786 7.225434 7.665817 8.465072 8.405287 8.945408 9.423647 9.531693 10.02181 10.21853 10.46445 10.96649 
  5.244693 5.422297 4.727667 3.578125 4.227581 4.776591 4.601202 4.425052 6.42033 6.701 6.048465 7.212716 7.616096 7.561429 8.118741 8.503633 8.650504 9.653396 9.482855 9.579626 10.13609 10.12181 10.32462 
  5.342161 5.26041 3.461905 3.750076 4.475908 5.585194 5.515874 5.700976 6.199435 7.130546 6.743801 6.91972 8.172846 8.473127 8.632441 9.161819 8.9536 8.888888 9.37297 9.846972 9.834162 10.11317 10.70078 
  5.179714 3.325679 3.99591 4.495277 4.599022 4.902773 5.944036 6.293971 6.597046 6.653273 6.923243 6.880654 7.037917 8.26215 8.381388 8.405287 8.527627 9.385356 9.36076 9.735578 10.04 10.42229 10.22004 
  5.663023 5.39917 4.209512 5.15872 4.455215 6.157204 5.601506 5.541444 5.882611 6.987364 7.661556 7.485542 7.100423 8.473127 8.548757 8.634762 8.945408 8.360391 9.592739 9.86925 9.922379 10.02671 10.6565 
  6.449493 5.376044 4.262912 4.937572 4.124111 5.217473 5.515874 6.522046 6.641225 6.701 6.497069 6.040732 6.803521 7.891991 8.381388 8.361577 9.15482 9.50023 10.16245 10.47949 10.0204 10.50661 10.6565 
  6.04315 5.630438 4.727667 4.208613 4.558684 5.299189 6.158117 6.339586 5.928682 5.71237 6.474638 7.036918 7.194181 7.352652 8.465072 8.88205 9.035518 8.904903 9.755514 9.557347 9.93218 9.966184 10.31155 
  5.082245 5.792325 3.942509 3.320198 4.227581 4.776591 4.535607 5.51866 6.111077 7.130546 6.833522 7.075984 6.975411 7.54403 8.134192 8.328794 9.51273 9.385356 9.633433 9.85811 10.0498 9.784617 10.74507 
  7.052454 5.023005 4.262912 4.532135 5.325106 5.789483 5.687139 5.632578 6.066898 6.128469 7.239663 7.193182 7.755679 7.718011 8.041492 8.612907 8.888065 8.904903 9.263084 9.86925 9.834162 10.21692 10.6565 
  6.095582 4.613306 4.316312 3.750076 4.800712 5.094899 5.08223 4.949072 5.237606 5.903083 7.081453 7.631563 7.848382 7.926787 8.42323 8.55827 8.658696 9.844852 9.958983 9.98367 10.0204 10.12181 10.52071 
  6.567464 4.291399 4.936474 4.568993 4.06203 5.503478 5.815588 5.792206 5.928682 6.180482 6.743801 7.251781 7.584843 8.810691 8.799809 8.762148 9.51273 9.538521 9.507273 9.86925 10.09881 10.33796 11.01078 
  6.187336 5.12165 4.459201 4.605851 4.310357 5.176615 6.029669 5.974666 6.111077 5.937757 6.497069 6.997852 7.475458 8.013778 8.24234 8.503633 8.691463 9.337311 9.543901 9.802414 9.941982 10.28609 10.46842 
  5.387758 5.445424 4.316312 4.458419 3.95856 5.830341 5.387425 5.290825 6.155256 6.414637 6.497069 7.923605 7.802031 7.526632 8.010592 8.656617 9.234356 9.305281 9.079944 9.546207 9.990992 10.27744 10.54685 
  5.689239 5.722944 5.383917 3.778735 4.43452 4.745045 5.344609 5.381959 6.155256 6.605546 7.13419 7.173649 7.209808 7.613623 7.747946 9.041918 9.115053 9.653396 9.999678 9.657602 10.35593 10.07858 10.3573 
  6.174229 6.439873 5.413747 3.578125 4.720036 5.176615 5.729955 5.58701 5.491001 6.041782 7.13419 7.436869 7.116049 8.304345 8.381388 8.961984 9.313891 9.76827 9.796208 9.746717 10.0106 10.06129 10.34423 
  5.807209 6.000465 5.741872 4.863856 4.800712 5.626051 5.90122 5.655361 6.994657 7.273727 6.878382 6.861121 7.412952 7.404846 7.392601 8.842082 9.234356 8.984979 9.397388 10.09809 10.10861 10.54878 10.49456 
  5.147224 5.26041 4.638179 4.151296 4.599022 4.618863 5.257149 6.111511 6.331972 6.701 7.345136 6.880654 7.350446 7.874593 7.917894 8.536415 8.765189 9.081069 9.214247 9.98367 10.19105 10.27744 10.33115 
  5.387758 5.584184 4.787326 3.549466 4.881388 4.114133 4.623067 6.065896 6.641225 6.319182 6.519499 7.290848 7.802031 8.473127 8.548757 8.961984 8.789764 9.729978 9.91829 9.86925 10.49333 10.46445 10.49456 
  5.584376 5.53793 5.085622 3.750076 4.679698 4.429589 4.994771 5.245258 5.491001 6.605546 6.743801 7.485542 7.755679 7.822399 7.655248 8.132101 8.699655 9.50023 9.250875 9.85811 10.0204 10.03535 10.37691 
  6.121797 6.092972 3.889109 3.893369 4.679698 4.192997 5.060365 6.157126 5.076355 5.209584 7.186926 8.361668 7.802031 8.048573 8.195991 8.383431 8.576778 9.538521 9.482855 9.94553 10.16357 10.46445 10.6565 
  5.872748 5.052269 2.927901 3.721417 4.517296 5.013183 5.387425 6.248356 6.508688 6.939636 7.345136 7.388195 6.662883 8.08337 8.149641 8.689399 8.838915 9.50023 9.796208 10.02181 10.27349 10.67526 10.19389 
  6.174229 5.491677 4.369713 5.195578 4.921726 5.013183 5.344609 5.58701 6.066898 5.469646 6.766231 7.388195 7.987438 8.219954 8.087842 8.711254 9.15482 9.065054 9.189829 9.156329 9.873369 10.42229 10.35076 
  5.833425 5.792325 5.20494 4.237272 4.679698 5.013183 4.797987 4.903505 5.537073 6.041782 6.721371 6.900187 7.428578 8.599713 8.18054 8.022827 8.830723 9.353326 9.796208 9.657602 10.13609 10.46445 10.61221 
  6.370846 6.092972 5.622553 4.568993 4.921726 4.871228 4.644932 6.65889 6.597046 6.557818 6.60922 6.997852 8.080142 7.944185 7.732496 9.081884 9.433194 9.423647 9.592739 9.907391 10.13609 10.42229 10.78935 ]
