 [
  4.002949 4.604789 5.587938 4.884001 5.753759 5.255052 5.499879 6.69578 5.864219 6.38574 6.608623 7.480669 7.833233 7.87174 8.409357 9.001631 8.894015 9.275126 10.11263 9.924813 10.42315 10.3766 11.07443 
  4.557056 3.129281 4.358704 4.055868 5.524229 4.903415 5.446952 5.909999 6.462569 7.088939 6.588369 7.199994 8.1435 8.216507 8.346927 8.277254 9.197797 9.631242 9.79624 10.5296 10.28913 10.23953 10.63874 
  3.092629 3.585986 3.360431 3.564163 5.093188 3.877808 4.626576 4.776265 5.75737 6.295005 6.750396 8.056731 8.08683 7.547868 8.671062 9.130212 9.118621 9.507217 9.859518 10.17798 10.35135 10.16643 10.75794 
  3.05305 3.72651 3.833297 3.97823 4.107951 5.225748 5.685126 5.590228 6.526678 6.998203 6.588369 7.067042 7.848151 7.568763 8.01917 9.215932 8.973288 9.72426 10.07045 10.33972 10.4758 10.3035 10.74801 
  4.992427 4.604789 4.621408 4.133505 5.524229 5.225748 4.86475 6.08442 6.740375 6.930152 7.27698 7.081815 7.44538 8.091137 8.424964 8.464504 8.273047 9.420908 9.6648 9.83181 9.765952 10.64919 11.10699 
  6.316418 5.202018 5.720683 4.676968 4.754513 4.756899 5.949763 5.822789 6.590787 6.657946 7.135208 7.42158 8.1435 8.318692 8.362535 8.379391 8.563713 9.600236 9.612848 9.594995 9.696683 10.10247 10.66854 
  6.133842 5.574168 4.857841 4.858122 4.538992 5.196445 5.28817 5.503018 6.39846 7.043571 7.256727 7.480669 7.728811 8.267599 8.159637 8.873051 9.039349 9.755267 9.495956 9.713402 10.19888 10.48224 10.94419 
  5.76869 4.007559 4.306163 5.596065 6.901412 5.894383 5.208778 5.96814 6.804483 6.635262 6.871915 7.096587 7.833233 8.070242 8.762897 8.668777 9.672852 9.445205 9.431017 9.733137 10.17291 10.77985 11.16397 
  5.467377 5.026362 4.490056 5.013397 6.518861 5.894383 6.149377 6.636752 6.99681 6.97552 7.114954 7.451125 8.08683 7.74637 7.488515 8.600686 8.550501 9.117197 9.340101 9.279241 9.895831 10.34919 10.81395 
  5.546535 4.885838 4.857841 3.460647 5.03161 5.577385 5.605734 6.287911 7.222814 7.179674 6.163051 7.42158 8.1435 8.47197 8.579228 8.958771 9.237385 9.202236 10.00717 10.33972 10.26519 10.42229 10.63874 
  3.96337 3.585986 4.332434 3.822955 5.247131 4.756899 5.155851 5.241387 6.41983 7.358217 7.595053 7.067042 7.624389 8.018004 7.83188 8.873051 8.775106 8.667705 10.07045 10.17095 10.22486 10.70726 11.06629 
  5.269481 4.710182 4.201082 3.952351 4.508204 5.635991 5.261706 5.851859 6.077915 6.635262 6.831409 7.613621 8.31351 7.95532 8.393749 8.464504 8.510865 9.360166 10.28137 10.41005 10.25083 10.54031 10.38048 
  4.675794 4.9561 4.857841 4.832242 4.662147 5.108536 5.711589 5.764649 6.120655 7.088939 6.912422 7.451125 7.460297 8.420877 8.946565 8.566641 8.775106 9.25083 10.00717 9.693667 10.06034 10.20298 10.29108 
  4.517478 5.166887 4.647678 4.676968 4.569781 5.372264 5.208778 5.357667 6.120655 6.725997 7.45926 7.702255 8.25684 8.059794 8.300104 8.566641 9.158209 9.396611 9.521933 10.07249 10.09498 10.8234 10.99303 
  4.359161 4.112953 4.647678 5.292688 4.60057 4.844809 4.335475 6.05535 6.99681 6.567211 7.549789 8.056731 8.65353 8.523062 8.946565 9.130212 8.85438 9.044306 9.340101 9.792341 10.51887 10.63467 10.16195 
  4.636215 3.72651 4.253623 4.392297 5.524229 6.317922 6.00269 6.520472 5.906958 7.744939 8.092961 8.056731 7.892903 8.018004 8.14403 8.856028 9.158209 9.275126 8.859548 9.891014 10.66725 10.16643 11.18025 
  4.121686 5.202018 4.924213 4.780484 5.98329 5.753203 4.917677 5.96814 6.077915 7.179674 7.595053 7.657938 7.684059 8.267599 8.808814 9.601674 9.065773 9.262979 9.314126 9.995137 10.50451 10.26695 10.91977 
  5.071585 3.761642 4.306163 4.832242 5.27792 5.372264 5.949763 6.08442 6.248872 6.340372 6.993435 7.392035 7.803399 8.007557 8.71698 9.087352 9.356149 9.72426 9.418029 9.782474 10.19022 9.947127 10.39041 
  5.586114 4.499395 3.649405 3.952351 4.569781 5.020627 5.261706 5.183247 6.526678 6.521843 6.770649 7.717028 7.773564 8.164269 8.579228 8.719846 9.052561 9.507217 10.34465 9.881146 10.31784 10.33091 10.69834 
  4.39874 3.902166 3.701945 3.408888 3.553756 4.815506 5.208778 5.270457 5.864219 5.79596 6.750396 7.598848 7.50505 7.809055 8.222067 8.532596 8.946864 9.287275 10.07045 10.09359 9.869855 10.3035 10.67847 
  4.161265 3.585986 3.990919 4.107626 4.169528 4.903415 5.420488 5.96814 6.569417 6.657946 6.790902 7.229538 7.848151 7.861292 8.579228 9.001631 9.5145 9.299423 10.00717 9.53579 10.12961 10.39488 10.44008 
  7.411875 8.914558 9.703033 10.07088 10.19135 9.917999 10.65774 12.18539 13.4944 13.93249 13.07204 12.14009 11.48703 11.94626 11.01283 10.41602 9.435325 9.662249 9.754054 10.0092 10.45186 9.846613 10.90349 
  6.985864 9.50404 9.636662 9.691654 9.808797 9.141512 9.816178 11.83122 13.3249 13.93249 12.70993 11.98502 11.43036 11.84407 10.82916 10.3303 9.237385 9.693254 9.59986 10.17798 10.51887 10.56934 10.34074 
  5.76869 6.949623 6.318036 6.202819 5.600739 6.106152 6.810604 7.108977 7.222814 7.302971 7.418754 8.728676 8.540191 8.267599 8.533312 9.473093 9.237385 9.445205 9.534921 10.0303 10.4758 10.83792 10.80581 
  6.803288 4.850707 4.384974 5.292688 5.90678 5.577385 5.790981 6.990921 6.99681 7.302971 7.640317 8.160108 8.08683 8.153822 7.878702 8.379391 9.316561 9.538223 9.508945 9.812076 9.939124 10.43143 11.14769 
  6.194701 4.604789 3.728216 5.065155 6.13631 5.43087 6.029154 6.14256 7.166313 7.111623 8.002433 7.953355 7.833233 8.195612 8.284497 8.583664 8.365532 9.214384 9.690776 9.752872 9.930466 10.5766 10.72814 
  6.133842 4.675051 4.253623 7.492171 8.049064 8.153255 8.133057 8.820791 10.21736 11.50167 11.62358 13.07047 12.16707 11.33315 13.30869 12.17328 10.54379 10.56143 10.15482 10.0303 10.73426 11.36055 11.82331 
  7.290157 6.098151 6.052546 7.037106 5.98329 7.447357 8.433615 8.820791 8.691834 9.347073 9.3151 11.2097 10.63698 9.493818 11.28834 10.37316 9.593676 9.755267 9.775146 10.29753 10.06034 10.77985 11.26979 
  4.952848 6.687632 5.986173 7.11295 7.590003 9.42387 9.996513 10.35552 10.33036 10.01002 11.53305 12.5019 12.1104 10.66895 10.55366 10.63032 10.8209 10.53042 10.36574 10.16391 10.4758 10.93954 11.13955 
  4.83411 6.032653 6.185291 7.568016 8.202084 9.49446 10.29707 9.824268 9.991353 11.6674 12.03096 13.48397 13.86717 13.42794 12.16076 12.0447 12.00854 11.73967 11.31492 11.31406 11.96401 12.56106 12.36814 
  5.951266 7.670099 6.981761 7.037106 8.431614 9.070922 10.35718 10.88677 10.83887 11.99888 11.75938 13.22553 13.52715 14.19432 12.71177 13.11621 13.59206 13.32098 13.12427 13.3267 13.50472 14.0617 14.01254 
  5.30906 6.622134 6.185291 7.11295 7.896043 8.294435 9.936401 10.76872 10.95187 11.39117 11.2162 12.03671 13.07379 13.0192 12.57401 13.20193 13.51288 13.22796 12.91466 13.37702 13.10854 13.26136 14.30618 
  6.316418 5.50867 6.915389 6.885417 7.283962 7.729716 9.575733 9.706212 10.44336 10.83871 11.62358 11.26139 12.45042 11.99735 11.93118 12.68761 12.40442 11.70866 11.90552 12.21975 12.58029 13.56149 14.30618 
  5.646973 6.032653 5.919801 7.037106 7.590003 7.306178 7.832499 10.00135 11.06487 10.12052 10.62777 10.74451 11.37369 11.38424 11.1965 11.4018 11.53348 10.56143 10.97743 11.7669 12.00803 13.76157 14.59982 
  5.586114 6.753129 7.379996 7.795548 7.590003 7.376768 8.072945 9.588156 10.38686 10.72822 11.39726 11.2097 11.31702 11.58861 10.69141 11.31608 11.61266 11.15055 11.44147 11.71658 12.31617 14.16175 15.1871 
  6.498994 6.556636 7.512741 8.250614 8.508124 8.012075 8.854395 10.9458 11.96888 10.67298 10.85409 11.93333 12.50709 11.94626 11.33425 12.51617 12.68153 12.57683 11.92661 11.7669 12.84442 14.5119 15.53947 
  6.803288 7.670099 7.512741 7.795548 8.278594 9.353281 10.41729 11.71317 11.34737 12.33035 12.12149 12.60528 12.79044 12.86592 13.53827 13.37337 12.95865 12.94891 11.75787 12.32038 13.06452 14.11173 14.65855 
  9.176777 8.980057 7.512741 8.250614 10.19135 9.847408 9.996513 11.18191 11.74288 11.39117 11.84991 11.31308 12.16707 13.58121 13.26277 12.98763 13.07741 12.76287 11.54694 12.47133 12.49225 12.91121 13.77762 
  13.37603 13.7614 14.13787 15.11758 15.31753 14.97453 15.05063 15.23454 14.17241 12.71708 12.93625 13.3806 12.96045 11.79298 11.79342 12.0447 11.88978 10.71646 10.89306 11.11279 10.85871 11.36055 11.28607 
  14.78025 16.18166 16.28174 18.15942 18.91639 17.76217 18.31758 18.82434 17.3003 15.31381 15.34351 16.49961 15.80364 13.98995 15.0896 15.44053 14.47483 11.83268 10.57667 10.09359 10.8635 10.92502 10.59901 
  15.04354 16.6173 16.64777 18.38899 20.04104 19.43475 19.13432 20.09814 18.57122 16.2319 15.99226 17.6917 17.45736 15.45261 16.7003 17.02101 15.68843 13.25897 11.84224 9.938878 10.60982 10.7871 10.97675 
  15.13131 16.66571 16.54319 18.10202 20.04104 20.0852 19.4406 20.67714 19.20668 16.46143 16.13642 17.90207 18.0527 16.03284 17.10298 17.43693 15.68843 13.04193 12.30628 10.41708 10.67204 10.9468 10.80581 
  15.10205 16.71411 16.4909 17.75767 19.89108 20.45688 19.74687 21.02454 19.73623 16.84397 16.42475 17.90207 18.4496 16.55505 17.74726 18.10239 16.09296 13.22796 12.11644 10.31159 10.7199 10.75081 11.06629 
  15.16056 16.71411 16.43861 17.52809 19.74113 20.64273 19.84897 21.14034 20.05396 16.99698 16.49684 17.90207 18.71419 17.01923 17.98887 18.26875 16.38192 13.81975 12.83606 10.43818 10.6146 10.43143 10.95233 
  15.16056 16.76252 16.33403 17.41331 19.44123 20.64273 19.95106 21.37194 20.37169 17.45603 16.85725 18.11244 19.04494 17.65748 18.55261 18.76785 17.01761 13.9067 12.78366 10.7898 10.5093 10.43868 11.54655 
  15.21907 16.81092 16.28174 17.35591 19.2163 20.45688 20.05315 21.48774 20.68942 17.68555 17.14558 18.32281 19.30954 18.12166 19.03583 19.18377 17.82668 15.21091 13.59588 10.57179 10.73905 10.4532 11.83959 
  15.21907 16.81092 16.28174 17.29852 19.06634 20.36396 20.15524 21.48774 20.79533 17.99159 17.28975 18.53317 19.50798 18.41178 19.1969 19.43332 17.59552 14.3994 12.80986 10.18501 10.85871 11.46059 11.95705 
  15.18982 16.76252 16.17716 17.18373 18.84142 20.17812 20.05315 21.25614 20.90124 18.1446 17.36183 18.32281 19.44183 18.35375 19.35797 19.5165 17.7111 15.12396 13.64828 10.74057 11.21566 11.51061 11.82331 
  15.13131 16.6173 15.96801 17.01155 18.61649 19.99228 19.95106 20.90874 20.90124 18.22111 17.28975 18.18256 19.17724 18.41178 19.4385 19.5165 17.36436 14.48635 12.88846 10.36082 10.74384 10.64193 12.66179 
  15.04354 16.42368 15.81114 16.95416 18.61649 19.89936 19.84897 20.79294 20.79533 18.29762 17.36183 18.04231 19.04494 18.29573 19.1969 19.26695 17.36436 14.3994 12.65266 10.67728 10.61939 10.59112 12.36814 
  14.95578 16.23006 15.70656 16.89677 18.54151 19.89936 19.84897 20.44554 20.68942 18.37413 17.506 18.18256 19.11109 18.17969 19.03583 19.10059 17.36436 14.97905 13.33387 10.42411 10.85392 10.65645 11.95705 
  14.92653 15.98804 15.4974 16.78198 18.31658 19.71351 19.74687 20.21394 20.68942 18.45063 17.57808 18.46305 19.30954 18.23771 19.1969 19.35013 17.42215 15.09498 12.94086 10.57179 10.67204 10.7 11.75005 
  14.89727 15.79442 15.44511 16.66719 18.01668 19.62059 19.4406 19.86654 20.58351 18.68016 17.65017 18.81367 19.50798 18.17969 19.35797 19.59968 17.53773 15.00803 12.70506 10.39598 10.78213 10.64193 11.52213 
  14.86802 15.6492 15.44511 16.43762 17.86672 19.34183 19.3385 19.63494 20.37169 19.1392 17.79433 18.88379 19.37568 18.00562 19.11636 19.59968 17.47994 15.23989 13.25527 10.86121 10.8635 10.68548 11.01745 
  14.57547 14.82631 14.24245 15.40454 16.74208 18.3197 18.41967 18.36114 19.4185 18.68016 17.21767 18.04231 18.51575 17.07725 18.23047 18.76785 16.84424 14.74719 12.44305 10.5296 10.99556 10.51127 10.85465 
  14.63398 15.31036 14.71305 15.8063 17.26691 18.50554 18.31758 18.24534 19.4185 18.83317 17.57808 18.18256 18.64804 17.07725 17.98887 18.60149 16.61308 14.66024 12.57405 10.06546 10.8635 11.12101 10.90349 
  13.78559 14.24545 13.66726 14.77322 16.51715 17.94801 17.39875 17.20314 18.78304 18.52714 16.641 17.48133 17.98655 16.09087 17.26405 17.93602 15.68843 13.64586 12.03207 10.02327 10.35614 10.50401 11.12327 
  14.72174 14.82631 14.9745 15.86369 17.19193 17.57633 16.99038 16.50834 17.51212 17.91508 17.00142 16.92035 17.25891 15.85877 16.13655 16.60509 14.6482 13.61688 11.77896 10.56476 10.58588 10.80162 11.01745 
  13.99038 14.77791 14.60847 15.7489 17.86672 18.50554 17.09247 16.73994 18.25349 18.75666 17.21767 17.62158 18.185 16.26493 16.78084 17.43693 15.34169 13.99365 11.44147 10.19908 10.60503 11.08471 11.12327 
  11.91542 12.32045 10.56588 11.96698 13.94034 14.43574 12.34086 11.12289 13.0424 13.93249 13.11731 12.76034 13.8105 11.94626 12.34443 13.41623 12.72112 11.9257 11.84224 10.57179 10.38007 10.83066 10.99303 
  14.34143 14.87472 15.07908 16.55241 17.79175 17.29756 15.86736 15.69774 16.13529 16.46143 15.41559 14.88678 14.43387 13.37685 13.44644 14.35915 14.18587 13.22796 11.96879 10.2905 10.64811 11.01938 10.96861 
  13.78559 14.24545 13.35352 15.23237 17.56682 16.64712 14.23389 14.19235 15.28801 16.07889 15.05518 14.53617 14.3772 12.86592 14.36478 15.1078 13.55247 12.63885 12.83606 11.01216 10.27955 10.9468 11.13141 
  13.58081 14.00343 14.60847 15.97848 16.51715 15.2533 14.54016 14.65555 15.71165 16.38492 15.12726 15.51789 14.9439 12.71264 13.67602 14.35915 14.47483 13.70382 11.63131 10.81089 10.5811 10.35832 10.84651 
  13.40528 13.85821 13.981 16.03587 16.3672 14.78869 13.72343 14.19235 15.71165 16.07889 14.69476 15.16727 14.88723 12.25281 13.53827 14.18771 14.35925 13.79077 11.73677 10.56476 10.56195 10.95406 10.83023 
  12.76744 12.12395 13.28715 14.31815 14.39941 13.16513 12.5212 12.89373 14.22891 14.31921 13.2531 13.74241 13.86717 11.69079 12.48218 13.07335 13.59206 13.35199 11.16727 10.4874 10.43272 10.18471 10.62881 
  11.36769 11.14149 10.4995 10.75347 11.03296 11.18861 10.89819 10.82775 11.34737 12.49609 12.66466 13.12216 13.58382 12.61046 12.43626 13.63053 12.20648 11.9257 11.90552 12.16943 11.56782 12.16089 11.82331 
  11.97628 11.46898 9.437544 9.160746 10.42088 10.6239 10.59763 11.06386 11.62988 13.15904 12.98151 13.07047 14.03718 13.93886 12.71177 13.28765 13.59206 13.13494 12.39065 12.32038 11.56782 12.16089 12.0745 
  10.15052 9.17655 8.707446 9.464122 10.87994 11.54156 10.9583 9.352043 10.83887 12.44085 12.52887 12.76034 14.15052 14.75634 13.85969 14.18771 14.87936 14.19652 13.38627 12.87386 12.93246 12.6611 12.77924 
  8.507331 7.539104 7.778231 10.07088 10.5739 12.38864 12.46108 11.53608 10.95187 12.16462 12.93625 13.58735 15.34059 15.56866 14.60639 14.52552 14.30146 14.42838 13.85788 13.47765 13.15256 13.86162 14.30618 
  6.985864 8.063087 8.176466 7.947237 9.885307 10.97684 12.28075 12.06734 10.89537 12.3856 12.07623 13.58735 15.34059 15.80075 14.60639 14.94143 14.02752 14.48635 14.04129 13.98081 12.97648 13.46145 14.12999 
  7.411875 7.080619 6.849016 8.478147 10.80343 11.68274 11.55941 12.00831 11.06487 12.33035 12.16676 13.17385 15.73749 16.09087 15.00906 14.69189 14.18587 13.73281 13.56968 13.9305 13.63679 13.41142 14.59982 
  7.351016 7.604602 7.645486 9.464122 10.95645 10.69449 11.73975 11.47705 11.23437 12.60658 12.12149 13.43229 16.06823 15.97482 14.36478 14.10199 13.67123 13.414 13.15047 13.47765 13.15256 13.61151 14.42363 
  7.472733 7.080619 7.778231 9.843344 10.87994 10.76508 11.19874 11.83122 11.17787 12.44085 12.48361 13.27722 15.22725 15.10448 13.53827 13.88769 13.4337 13.28998 13.17667 13.27639 12.71236 13.56149 13.89508 
  7.716168 5.574168 6.517153 8.174769 9.732286 9.847408 11.19874 11.00483 11.40387 12.10937 11.71411 14.46605 15.53904 13.93886 13.81377 14.31629 14.1067 13.50095 12.41685 12.77322 12.27215 13.16132 13.36652 
  7.594451 5.443172 6.583526 8.857368 10.65041 11.2592 11.61952 10.47358 11.23437 12.49609 12.30255 13.84579 15.05724 14.3476 13.0791 14.14485 13.86917 13.50095 12.57405 12.27006 12.31617 12.6611 13.01416 
  9.055059 8.128585 6.649899 7.871392 8.202084 10.12977 10.77796 10.41455 10.44336 11.83314 12.57413 13.74241 13.98051 14.04105 12.75768 13.58767 13.35453 12.35979 12.09535 12.52164 12.36019 11.91078 12.25069 
  8.872483 7.997589 7.778231 9.236589 10.5739 9.988588 10.17685 9.942324 10.38686 11.11494 12.34781 13.12216 13.75383 12.45718 12.29851 13.37337 12.48359 12.20476 11.77896 11.01216 11.25968 11.41057 11.83959 
  7.777027 8.58707 8.707446 7.947237 9.808797 10.05918 10.11674 9.115932 9.708849 12.10937 11.44253 11.10632 12.50709 11.33315 11.65567 12.17328 10.18749 10.28237 10.66104 10.61399 10.44708 10.80162 11.28607 
  6.012125 8.063087 7.910976 7.795548 8.967185 9.42387 9.695955 7.935369 9.426345 10.89396 10.49197 10.53776 10.18362 11.58861 10.6455 9.987415 9.672852 9.693254 9.943889 10.16391 10.26998 10.28522 10.93605 
  7.107581 7.997589 7.711859 8.781524 9.196716 9.212101 9.575733 8.171482 9.143841 10.89396 9.450892 9.762436 9.61692 9.442726 9.910824 9.601674 9.5145 9.631242 9.521933 10.22017 10.76298 10.12988 10.79767 
  5.30906 6.556636 7.844604 8.250614 8.202084 8.294435 8.613949 8.407595 9.143841 9.457564 8.50034 9.193868 9.730261 8.880709 9.222068 9.387373 9.435325 9.755267 9.495956 9.910748 10.39921 10.60564 11.13141 
  6.742429 7.539104 7.579113 8.553991 9.196716 8.576794 8.553837 8.466622 10.10435 10.39675 8.681398 9.348932 10.07028 8.982894 9.130234 9.173072 9.356149 9.433056 9.817332 10.04436 10.26041 10.6129 10.67847 
  5.506956 7.473606 6.716271 7.492171 7.743023 7.800306 8.433615 8.879819 9.313343 10.01002 8.59087 9.607372 9.163561 8.982894 8.671062 8.719846 8.801531 9.662249 9.625836 10.14985 10.22486 10.47498 10.74801 
  5.951266 6.229146 6.384408 7.264638 7.590003 6.74146 7.531942 7.817314 8.691834 9.457564 8.59087 8.935428 8.93688 8.112032 8.471786 9.044492 8.999712 9.311572 9.22321 9.782474 10.33699 10.4895 11.08257 
  6.377277 7.866593 6.318036 6.961262 7.590003 7.800306 7.05105 7.227033 8.804836 9.070843 8.817191 9.348932 9.33357 9.493818 10.14041 9.644534 9.435325 9.476211 10.09154 9.931846 10.46144 10.4895 10.88721 
  6.012125 7.146116 5.853428 5.975286 6.748391 7.306178 7.652164 7.994398 8.465832 8.739367 9.360364 9.607372 9.61692 9.851465 10.6455 9.987415 9.012924 9.177939 9.080342 9.713402 10.25083 10.58386 10.62881 
  5.150743 5.705163 5.853428 7.037106 7.436983 7.023819 6.510046 8.407595 9.369844 8.13166 7.730846 8.418548 7.788481 8.216507 8.487394 8.668777 9.237385 9.56923 9.625836 10.44521 10.25083 10.54757 10.78774 
  6.438136 5.901657 5.056958 5.292688 6.824902 6.953229 6.690381 8.23051 10.38686 9.181334 8.18349 8.005043 7.654224 7.66279 8.346927 8.277254 8.946864 9.445205 10.00717 9.703535 10.48058 10.51853 11.00931 
  7.65531 6.229146 6.384408 4.676968 5.493441 6.882639 7.231384 7.640229 10.38686 9.402318 7.195968 7.849979 7.877986 7.882187 8.33132 8.856028 9.197797 9.445205 9.547909 10.20611 10.32742 10.54757 10.62881 
  6.925005 5.342543 4.647678 5.823597 5.524229 6.106152 6.930827 8.289538 10.38686 8.463137 7.549789 8.108419 8.027161 7.986662 8.222067 8.090003 8.299472 9.0929 9.964982 9.802208 9.921807 10.3035 10.46988 
  6.68157 6.622134 5.189703 6.05113 6.28933 6.60028 7.111161 7.108977 9.821851 9.457564 6.973182 7.79089 7.534884 7.641895 8.362535 8.787937 8.880803 9.662249 9.508945 10.06546 10.35135 10.99761 10.79767 
  6.498994 5.377674 4.384974 5.216844 6.28933 5.460173 6.329712 6.872864 9.539347 8.352645 7.3985 8.160108 7.698977 8.727431 8.900648 8.532596 9.316561 9.287275 9.775146 9.585127 10.15559 10.43143 10.88721 
  6.864146 5.574168 4.437515 4.237021 5.216342 5.108536 5.341097 7.345089 9.03084 7.855431 7.439007 8.108419 8.012243 7.74637 8.003562 8.787937 9.158209 9.445205 9.922796 9.723269 10.05169 10.24867 10.58908 
  5.890408 5.901657 5.654311 4.702847 5.093188 5.196445 5.049996 6.08442 6.932702 7.020887 6.932675 7.318173 7.863069 8.195612 8.346927 8.873051 9.026136 9.348017 9.625836 9.634464 9.913148 10.53305 11.20467 
  7.229299 6.294644 5.189703 5.368532 5.185554 6.106152 6.209489 6.813837 7.448817 8.40789 7.504524 7.495442 8.200171 8.420877 7.753842 8.566641 8.682622 8.886376 9.59986 9.900881 10.60024 10.84517 10.87093 
  6.255559 5.639666 4.990585 4.59933 5.677249 6.882639 6.690381 6.636752 6.462569 7.111623 6.689636 6.904546 7.415545 8.216507 8.533312 8.958771 9.065773 9.662249 9.732962 9.83181 10.20754 10.25781 10.40034 
  6.498994 5.377674 4.726489 4.211143 5.462652 6.035563 6.209489 6.258841 6.035176 6.38574 7.317487 7.05227 7.132113 7.976215 8.284497 8.958771 9.435325 9.879292 9.444005 9.585127 10.19022 10.47498 10.91163 
  6.377277 7.211615 5.919801 5.216844 5.431863 5.108536 6.149377 6.287911 6.099285 6.771365 8.092961 7.79089 8.200171 8.574154 7.488515 7.783593 8.9865 9.631242 9.690776 9.812076 9.9651 10.60564 10.88721 
  5.586114 6.753129 6.052546 5.747753 5.154765 5.020627 5.446952 5.793719 6.483939 7.247725 7.866639 8.005043 8.08683 7.82995 8.315712 8.243208 9.026136 9.262979 9.508945 10.05843 10.64332 10.3766 10.81395 
  5.506956 4.253478 3.176538 4.806363 5.401074 5.196445 5.552807 6.520472 5.629152 6.589894 6.770649 7.214766 7.743729 8.47197 8.625146 9.258792 9.316561 9.56923 9.711868 9.555525 9.921807 10.3035 10.83023 ]
