 [
  4.13692 4.398424 4.903069 4.601136 5.071328 5.103971 5.28705 5.808615 6.041261 6.791278 6.739196 7.441597 8.292677 8.692023 8.696928 8.975728 9.298362 9.561437 9.874605 10.31339 10.41717 10.99101 10.71498 
  3.887333 4.574385 4.869296 4.904729 5.735223 5.776503 5.247572 5.716954 6.475053 6.858613 7.524759 8.16568 7.958247 7.758029 8.605069 8.832278 9.338794 9.787932 9.902251 9.986733 10.47705 10.40924 10.88655 
  6.026652 3.723908 4.700434 4.601136 5.337528 5.446579 4.990968 5.612199 6.282257 7.424749 7.973588 7.426733 7.53557 7.372777 8.51321 8.747681 9.046171 8.894711 9.618876 9.777539 10.16202 10.39636 10.58625 
  5.848376 4.867652 4.767979 5.729494 5.130484 5.226331 6.135044 5.546727 6.169792 6.981369 7.248262 8.465661 7.276281 8.333974 8.310796 8.747681 9.419656 9.078191 9.888429 10.03003 10.23752 10.428 11.45525 
  6.169274 4.427751 5.105704 5.57601 5.61032 5.446579 5.405482 6.569686 6.651783 6.981369 7.345227 7.188912 7.754968 7.686686 7.997826 8.927912 8.796463 9.718242 10.06122 10.12842 10.18415 10.67198 10.94974 
  5.74141 5.483514 5.173249 5.499267 5.735223 6.33846 6.513662 6.401536 7.169534 6.981369 7.614525 7.411869 7.176555 7.301434 8.788788 9.119177 9.540949 9.280984 9.757108 10.18351 10.21955 10.45615 10.86549 
  6.169274 5.697883 5.481012 4.510058 4.50935 4.932667 5.839736 6.319297 5.800266 6.643142 7.248262 7.679418 8.459891 7.64388 8.408599 8.539255 9.096207 9.422054 9.56023 9.848598 10.30339 11.02855 10.91815 
  5.884031 5.2489 5.240794 4.84401 6.109932 6.113677 4.990968 6.569686 6.44292 6.387271 6.108924 7.322687 8.000051 8.53289 8.173871 8.784462 8.604379 9.422054 9.625787 9.469614 10.17087 10.03584 10.73911 
  5.028304 4.750345 5.320867 4.418981 5.922578 5.495523 5.050184 6.737836 6.942791 6.723944 5.793788 7.114593 7.774913 8.029133 9.156224 8.927912 9.257931 9.319612 9.42339 10.26223 10.22554 10.10666 10.88655 
  5.527478 5.102266 6.041521 5.345782 4.154416 5.275275 6.080956 5.769331 5.768133 6.360337 6.787679 7.822845 8.292677 8.294191 8.330356 8.784462 8.748442 9.422054 9.805489 9.745957 10.23752 10.54999 10.90762 
  4.457819 5.278227 4.970614 5.26904 5.160061 5.128443 5.563393 5.743143 6.772734 6.575808 7.345227 7.737136 7.916443 8.294191 8.428159 8.927912 8.902109 9.010593 9.540682 10.01428 10.21955 10.62506 10.69084 
  6.133618 5.366207 5.641157 4.904729 5.61032 4.712419 4.892274 6.905986 7.22622 7.424749 7.296745 7.908554 8.250873 8.100475 7.626174 8.477954 8.719629 9.979583 10.20636 10.32126 10.28542 10.73766 11.23409 
  6.026652 5.42486 5.881375 4.267184 4.154416 6.226069 6.838192 6.345486 6.378654 6.373804 7.614525 7.694282 8.083658 8.333974 7.215401 8.880095 9.2175 9.439477 9.276777 9.903868 10.22554 10.53122 10.88655 
  4.208231 5.190247 4.092527 3.326047 3.681171 4.834778 6.135044 6.227636 6.330456 6.279535 6.521025 7.590235 8.794321 8.200356 8.46728 8.784462 9.823967 9.387209 9.63961 9.79333 10.2107 10.29979 10.36903 
  4.671751 5.620026 5.240794 3.417125 4.124838 5.103971 5.385744 5.70386 5.832398 6.91248 6.472543 7.560507 7.794858 8.214624 8.926577 8.784462 8.892505 9.387209 9.482037 10.01035 10.23752 10.11309 10.54603 
  5.777065 4.33977 4.565343 5.026166 3.799483 5.664111 6.405485 6.253825 7.056163 6.737411 7.127056 7.426733 7.794858 7.586806 8.605069 8.612818 8.815671 9.04922 9.653434 9.817017 10.54293 10.61567 11.21303 
  5.456167 4.134483 3.079351 3.356407 3.592438 5.201859 5.918691 6.293108 6.886106 6.981369 7.224021 7.307823 7.376008 8.043401 8.389038 8.490214 9.298362 9.805355 9.501585 10.47868 10.23752 10.34486 10.73911 
  5.028304 3.811889 4.024982 4.176106 4.124838 4.883722 5.247572 6.293108 6.942791 6.427671 6.351336 7.694282 7.435843 7.886446 8.605069 8.563776 8.806067 9.718242 9.374519 10.25042 10.22554 10.73766 10.92868 
  5.170925 4.310444 3.315759 3.386766 4.568505 4.639002 5.247572 5.756237 6.507185 6.52194 6.908885 7.322687 7.834749 8.413541 8.408599 8.576036 8.854088 9.02025 9.888429 9.817017 10.2107 10.44677 10.49776 
  6.234942 4.691691 5.038159 4.692214 4.479772 5.103971 5.44496 6.24073 6.025195 6.925947 7.272503 7.737136 7.794858 8.254408 7.782659 9.119177 9.055776 9.26167 10.14416 10.21893 10.53694 10.73766 10.81283 
  4.921338 3.665255 4.565343 6.113206 5.797675 4.61453 5.089662 6.793886 6.716048 6.899014 7.569642 7.908554 8.041854 8.294191 8.095629 8.612818 8.786859 9.155445 10.26166 10.43539 10.44711 10.53122 11.10771 
  7.351305 8.422908 8.924135 10.18055 9.919472 10.89032 11.97658 13.51989 14.21374 13.63206 12.50677 14.01206 14.16609 13.79709 13.51954 13.32702 12.89673 12.35882 11.91855 11.80269 11.27153 11.10362 11.5395 
  7.219968 8.189335 7.963264 10.641 10.79379 10.49695 11.21934 12.95939 13.68839 13.57664 12.86583 14.75199 15.29478 14.69581 14.34627 13.99645 13.74578 13.10032 12.72712 12.46469 11.98518 11.12238 12.08713 
  7.1543 6.476462 6.121593 6.113206 5.860126 5.299747 5.563393 7.298336 7.509648 7.701861 7.569642 8.122826 9.00334 9.567255 9.477732 9.358259 9.257931 9.4569 9.315874 9.540673 9.976146 10.07447 10.69084 
  5.990997 4.33977 4.464025 3.902874 5.100906 5.776503 5.563393 5.507443 5.993062 7.036792 7.272503 7.367278 7.495679 8.453324 8.330356 8.379871 8.825275 9.665974 10.00593 9.888077 10.04253 10.40924 10.86549 
  6.133618 3.929196 3.822347 4.631495 5.367106 5.446579 5.918691 5.874087 7.056163 6.064065 7.524759 8.122826 8.250873 8.453324 9.018435 8.661859 8.662004 9.26167 9.674169 9.730166 10.20185 10.54999 10.91815 
  5.277891 7.64433 7.482828 7.034114 6.85935 6.731831 6.026867 7.018086 7.056163 7.923551 7.704291 7.33755 7.87464 8.731807 8.696928 8.576036 9.096207 9.944737 9.599327 10.25042 10.2107 10.3513 10.42535 
  7.810984 9.824348 8.76399 8.799189 8.9827 8.923468 7.811781 7.802787 7.849763 8.644043 7.749174 8.079971 8.501695 8.373757 8.926577 9.453892 9.379225 9.683396 8.993324 10.07725 9.936316 10.25473 10.2403 
  8.073657 8.812197 8.523772 9.106157 8.732894 7.799551 7.379075 7.746737 9.21022 9.807915 8.871247 8.765642 8.209069 8.692023 8.650999 9.166993 9.136638 9.377552 10.15798 10.03003 10.30938 10.54061 11.09718 
  10.37205 10.2915 9.885007 10.25729 8.233282 9.148251 8.352664 7.186236 8.189877 10.0296 9.095662 8.937059 8.919732 8.77159 9.110295 10.21896 10.67302 9.422054 9.56023 9.974927 10.193 10.67198 10.96027 
  13.91814 14.10653 13.00784 12.32934 11.35586 10.10358 8.623106 8.363287 8.01982 10.36214 9.589375 8.979914 8.752518 8.214624 8.650999 10.41022 11.80509 10.25835 9.950633 10.08906 10.38124 10.25473 10.87602 
  15.02498 15.50797 14.36907 14.93858 13.47921 11.84565 10.67846 10.71739 10.96748 12.35735 11.25004 10.73695 11.26074 10.6414 10.30446 12.70541 13.94794 12.57068 11.10999 10.41965 10.42915 10.24185 10.22421 
  14.31215 14.72939 15.00966 14.78509 12.66734 10.83412 10.46211 10.10084 10.62736 12.35735 10.62168 9.494167 10.59188 11.27794 11.08527 14.18772 15.39077 13.52404 12.32284 11.70812 11.20017 11.82106 11.88704 
  14.37782 15.78527 15.64156 15.09206 13.41675 11.45228 10.9489 11.33394 11.81776 13.57664 11.87841 10.17984 11.42795 12.35208 13.10617 15.38141 16.31862 14.90111 13.93997 13.69413 12.98429 13.13812 14.23748 
  14.57483 16.06257 15.54058 14.78509 13.16695 11.56467 11.16526 11.72629 12.32793 13.4658 12.32724 11.63689 13.01649 13.55199 13.74919 15.97697 16.85987 16.27818 15.5571 14.73442 14.05476 13.77031 14.8891 
  14.57483 16.09723 15.79303 14.63161 12.97959 11.1151 11.11117 11.95049 12.49799 13.68749 12.417 12.19399 12.76567 13.30688 14.20848 16.8703 18.40628 17.86711 16.06245 16.15299 15.26796 13.55958 14.56329 
  14.62221 16.06257 15.89401 14.70835 13.04205 11.33989 10.9489 11.61419 12.72474 14.02002 13.09025 11.55118 13.31957 14.369 15.13264 16.27475 18.01968 16.80782 15.65817 15.58556 14.19749 14.56055 15.80137 
  14.71698 16.20122 16.19695 15.01532 13.1045 11.33989 11.76023 12.23074 12.89479 14.44663 13.28963 11.50832 14.26015 15.43112 15.20413 17.8232 18.94753 17.54932 16.87102 16.43671 14.9825 14.82396 16.19235 
  14.85914 16.37453 16.4999 15.64425 13.47921 11.90184 12.30111 13.12754 13.63171 14.70259 13.48902 13.17965 14.54232 15.34942 15.63306 17.64453 19.10217 18.29082 16.66888 15.96385 15.48206 14.50786 16.12718 
  15.02498 16.54784 16.85332 16.19644 13.99066 12.68859 12.84199 13.35174 13.97182 15.29984 14.28656 13.45712 15.76507 16.32984 16.20497 17.22764 17.55575 17.33746 15.86031 16.15299 15.12523 14.92932 15.99686 
  15.30929 16.79048 17.35823 16.82751 14.41688 13.09127 13.232 14.02514 14.29438 15.98241 15.0841 14.10455 16.42348 17.31025 15.56157 16.81075 17.24647 16.27818 15.5571 14.92356 14.48295 14.61323 15.60589 
  15.64098 17.06778 17.76215 17.69523 15.09882 14.05772 13.88202 14.45822 15.26206 17.00626 16.38011 14.84448 16.98782 17.88216 17.27729 18.65698 17.40111 15.85446 15.86031 15.77471 15.05387 14.77128 15.73621 
  15.94898 17.34508 18.16607 18.72072 16.0365 14.70202 14.53204 15.18001 15.90719 17.60351 16.97827 15.67689 18.11651 18.45407 16.84836 17.52542 16.78255 15.11296 14.8496 14.07241 13.34111 13.03275 13.84651 
  16.06744 17.55305 18.46901 19.58844 16.88893 15.42686 14.92205 15.39655 16.47167 18.3714 18.07489 16.87927 18.96303 18.45407 17.8492 17.40631 16.16398 13.62996 12.82819 11.80269 12.27064 12.55861 12.80392 
  16.04375 17.6917 18.62048 20.06175 17.2299 15.99062 15.44206 15.82963 16.71359 18.96865 18.67304 18.17414 19.15115 18.20897 18.85003 17.94231 16.85987 13.41811 13.23247 10.66783 10.98607 12.34788 12.86908 
  15.94898 17.65704 18.67097 20.06175 17.31514 16.23223 15.63707 16.11835 17.19743 19.13929 18.77274 19.00655 18.68086 17.39196 18.85003 17.94231 17.09183 13.41811 12.92926 10.43933 10.53095 12.08447 12.86908 
  15.85421 17.51839 18.46901 19.58844 17.57087 16.23223 15.76707 16.40706 17.84255 19.30993 18.87243 18.91406 17.26999 16.57494 18.20664 17.40631 16.6279 13.31218 13.23247 10.57326 10.24949 12.87471 13.45554 
  15.73575 17.31041 18.06509 18.87849 17.91184 16.07116 15.89707 16.6236 18.48768 19.39525 19.37089 18.91406 15.95319 15.59452 17.56324 17.40631 16.6279 12.67661 12.52498 10.36062 10.60281 12.92739 13.26005 
  15.61729 16.99845 17.86313 18.87849 18.08233 15.91008 15.83207 16.6236 18.7296 19.13929 19.2712 17.80417 14.63638 14.369 16.84836 16.69164 15.08149 11.04237 10.60463 10.09299 10.23153 11.40389 12.54327 
  15.54621 16.75582 17.76215 18.95737 17.99708 15.82955 15.89707 17.05668 18.81024 18.88333 18.77274 16.23183 13.88392 13.79709 16.13348 15.91741 14.23096 10.71134 10.80677 10.57326 10.98607 11.9791 12.28262 
  15.47514 16.5825 17.45921 18.95737 17.99708 15.99062 16.15708 17.63411 18.97152 18.54204 18.07489 15.49191 13.31957 13.79709 15.91901 15.91741 14.3856 10.51969 10.80677 10.09693 10.507 11.21622 11.86597 
  15.40406 16.40919 17.10578 19.11514 18.08233 16.23223 16.35209 17.77847 19.05216 18.54204 17.97519 15.67689 13.88392 13.96049 16.27645 16.09608 14.06923 10.64165 10.19945 9.659106 11.20017 11.57279 11.88704 
  15.26191 16.09723 16.55038 18.95737 18.33806 16.1517 16.15708 17.56193 19.05216 18.45672 18.07489 16.13934 14.16609 14.369 16.6339 16.51297 15.15881 11.23402 9.819312 10.12054 11.27153 11.76837 13.06457 
  15.04867 15.78527 16.34842 18.72072 18.59378 16.31277 16.09208 17.48975 18.97152 18.3714 17.97519 16.32432 14.26015 14.2056 16.56241 16.51297 15.08149 11.72325 10.50356 10.23861 11.69972 12.13715 13.06457 
  14.85914 15.50797 15.99499 18.48407 18.84951 16.23223 15.96207 17.41757 18.97152 18.11543 17.97519 16.6018 14.35421 14.0422 16.06199 15.91741 14.54024 11.93511 10.80677 11.4244 12.41337 12.2952 12.9994 
  14.90652 15.43011 15.49009 17.69523 18.50854 16.71546 15.83207 17.05668 18.08447 16.83562 16.67919 15.30693 13.78986 12.74992 14.48925 14.76152 14.23096 11.58248 10.60463 11.61355 12.05654 12.03179 12.54327 
  14.93021 15.5773 14.60929 16.19644 17.57087 15.58793 14.27203 15.18001 16.22975 14.70259 13.88779 13.36463 12.18042 11.8349 14.84669 14.85715 14.0288 11.16433 10.2893 10.47868 11.41426 11.61033 11.5711 
  15.02498 15.81993 15.59107 17.06416 18.59378 17.44029 16.48209 17.56193 18.40704 17.34755 16.4798 15.21444 14.07203 13.0284 15.27562 15.20274 14.7722 12.14697 10.24092 10.7624 11.98518 12.18983 12.67359 
  14.44349 14.41796 13.32813 15.56536 17.8266 16.31277 14.27203 16.11835 17.60063 15.72644 14.68533 13.17965 12.34764 11.55642 14.34627 14.23553 13.09889 10.71134 9.501585 10.57326 10.82438 11.2819 11.81332 
  14.9776 15.11868 15.54058 16.90639 18.16757 17.76244 16.9371 18.06719 18.64896 17.34755 17.07796 15.76938 14.44826 14.61411 16.06199 15.50052 14.92684 11.61732 9.922986 10.47868 11.77108 12.40056 12.47811 
  13.85248 14.3401 13.88864 15.80202 17.74136 16.95707 15.44206 17.41757 18.24576 16.15305 16.38011 14.93697 13.22551 13.47028 15.56157 14.90497 14.69488 11.49536 9.909163 9.903868 11.48563 11.9791 12.1523 
  13.91814 14.57368 12.28719 12.25259 13.29185 13.09127 12.08476 12.95939 13.29159 12.46819 12.55165 12.06543 9.923021 10.48227 11.72828 10.9362 11.92638 10.20608 9.860782 9.738062 10.19742 11.38512 11.28675 
  14.37782 14.72939 14.60929 15.24983 15.78077 15.66847 15.76707 16.33488 15.58463 13.13326 13.09025 12.92252 10.46647 12.19295 13.88697 12.51414 13.22018 11.93511 9.888429 9.943345 10.42915 11.0004 11.21303 
  13.52413 14.49582 13.72849 14.2479 15.09882 14.62148 14.59704 16.33488 15.26206 11.7477 10.98075 11.12263 9.672199 11.8349 13.65733 11.70126 12.93716 12.46475 10.10269 10.07332 10.75252 11.52588 11.371 
  13.19579 13.71724 10.68573 10.56426 13.16695 12.4638 13.167 14.1695 12.72474 11.02721 9.499609 10.60838 9.170554 10.36292 10.99341 9.166993 9.621811 9.805355 9.729462 10.08512 10.13546 10.73766 10.8023 
  9.781035 10.13578 9.484644 10.25729 12.04282 12.40761 11.92249 13.35174 12.95148 11.30432 10.75633 10.73695 9.839414 10.4027 11.22306 9.597342 9.864398 9.735664 9.757108 10.17564 10.42316 10.29979 10.6828 
  7.351305 7.800045 9.244426 10.41078 10.35663 10.72173 12.03067 12.73519 11.59102 11.58143 9.544492 10.39411 10.04843 10.24357 10.12075 9.071361 9.783535 9.857624 9.750196 10.08119 10.48903 10.62506 10.89709 
  8.33633 8.812197 8.043337 9.413127 9.794569 10.44075 11.81432 11.72629 10.74073 10.80552 9.948439 10.43696 10.17384 10.08444 10.53411 9.310443 9.500518 9.997005 9.472262 10.57326 10.31536 10.39636 10.74965 
  9.124352 8.111477 7.562901 8.799189 9.294957 10.27217 11.32752 11.44604 10.91079 10.30672 9.140545 9.708439 9.755806 9.607038 10.44225 9.214809 9.460087 9.319612 9.482037 10.13235 10.51897 10.47492 10.94974 
  10.63472 10.8365 10.2053 8.415477 8.795345 11.73326 11.00299 9.204038 9.380278 9.142845 8.242887 8.808496 8.752518 9.050073 9.431802 8.723161 8.902109 8.769173 9.701815 10.06545 10.13546 10.60629 10.70693 
  12.3421 10.21364 10.12523 7.955022 9.045152 10.60934 9.650784 9.484287 8.983477 9.032001 8.736599 8.251389 8.376284 9.408122 9.891098 8.588297 9.177069 9.753087 9.729462 10.00248 10.05581 10.50307 10.45753 
  11.42274 9.980064 8.844063 8.568961 8.420637 8.867271 9.921225 8.531437 8.303248 8.81031 7.749174 8.037117 8.376284 9.567255 9.845169 8.686379 9.177069 9.544014 9.978279 9.761748 10.42915 10.59691 10.81283 
  10.37205 9.279345 7.482828 8.722446 8.170831 9.092054 9.813048 8.419336 8.076506 8.311508 7.614525 7.77999 8.501695 8.493107 9.202154 9.310443 9.58138 9.126475 9.403842 10.06545 10.36327 10.56876 10.49776 
  8.927346 7.25504 6.041521 6.803887 7.671219 8.811076 9.218077 8.307237 8.303248 8.034396 8.557067 8.55137 7.794858 8.114744 8.742858 8.880095 9.460087 9.387209 9.56023 9.994605 10.41717 10.37705 10.63453 
  7.876652 5.697883 5.561085 7.341084 7.483865 8.698685 9.272165 8.979837 8.076506 8.034396 8.198004 8.808496 8.209069 8.200356 8.51321 9.071361 9.177069 10.03185 9.550456 9.951241 10.04695 10.65321 10.94974 
  6.694621 5.42486 5.173249 6.036464 6.234835 8.249118 9.75896 9.316137 8.359934 7.923551 8.108237 8.251389 7.715077 8.000595 8.056507 8.784462 8.892505 9.242356 9.784754 10.15596 10.42316 10.78458 10.84443 
  7.416973 6.398604 5.561085 5.882979 6.547092 8.305313 9.055812 9.147987 8.643363 8.865733 7.973588 7.951408 8.543499 8.652241 8.834717 9.406075 9.823967 9.439477 9.860782 10.06938 10.2435 10.79396 11.01293 
  7.94232 6.710035 6.041521 7.341084 6.921802 8.305313 9.1099 9.484287 9.21022 9.032001 8.557067 6.995683 7.395953 8.294191 8.696928 8.784462 9.036568 9.338924 10.18563 10.01428 10.60281 10.82211 10.82337 
  6.628953 5.542168 5.105704 6.189948 6.796898 7.518572 8.893547 9.091937 8.01982 8.699466 8.198004 7.694282 8.167265 8.071939 8.51321 8.832278 9.177069 9.509169 9.860782 10.34094 10.2107 10.31267 10.53798 
  7.219968 7.722187 6.281738 6.036464 5.248795 7.911943 8.190399 8.363287 7.849763 8.089819 8.60195 8.594224 7.53557 8.254408 9.156224 9.549525 9.257931 9.805355 9.985191 10.17564 10.62078 10.56876 10.43339 
  8.007989 6.632177 6.361811 6.88063 6.359738 7.069006 8.244488 7.522536 7.056163 7.646439 7.127056 8.208534 8.794321 8.811374 8.605069 9.023544 9.017359 9.64855 9.826224 9.982799 10.29141 10.87841 10.82337 
  5.955342 6.632177 5.881375 6.650403 5.922578 7.237593 7.054545 7.466486 6.475053 6.925947 7.345227 7.77999 8.125462 8.333974 8.559139 8.880095 9.136638 9.387209 9.826224 10.13235 10.32135 10.47492 10.48166 
  7.022963 7.488614 6.441884 5.959721 6.42219 6.394656 5.464699 5.821709 6.105526 6.723944 7.524759 7.951408 8.083658 8.171819 7.802219 7.999802 8.441108 9.155445 9.929898 10.7624 10.27345 10.20322 10.51385 
  8.927346 8.500766 7.24261 4.84401 5.485417 5.664111 5.642348 6.513636 7.452963 6.723944 7.248262 7.084866 8.041854 8.652241 8.095629 8.832278 8.988546 9.718242 9.110615 9.951241 10.36327 10.27404 10.57821 
  8.401999 7.64433 6.201666 4.935088 4.716394 5.776503 5.972779 5.756237 6.26619 6.468072 7.83894 7.560507 7.475734 8.413541 8.349916 9.310443 9.460087 9.2327 10.03357 9.974927 10.02483 10.85965 10.84443 
  7.1543 6.710035 5.481012 5.422525 5.485417 5.607915 6.135044 6.201447 5.687801 6.064065 6.836161 7.64969 7.455789 7.472657 8.330356 8.747681 9.662242 9.491746 9.394068 9.864389 10.02483 10.22254 10.85496 
  8.007989 6.865751 4.295163 4.722573 4.50935 4.663474 5.972779 6.569686 6.298323 6.981369 6.448301 7.010547 7.096774 8.100475 8.559139 8.31857 8.815671 9.126475 9.618876 10.22681 10.21955 10.31267 10.82337 
  7.810984 7.410756 5.400939 4.358262 4.716394 5.030555 5.089662 5.638388 6.314389 7.036792 6.81192 6.742998 8.041854 8.612457 8.408599 8.927912 8.911713 9.136131 9.42339 9.627524 10.22554 10.2161 10.67475 
  7.285636 7.021467 6.201666 4.570777 4.805128 3.929313 4.655409 5.978842 5.976996 6.845146 7.614525 7.307823 7.735023 8.029133 8.271674 8.772202 9.298362 9.309955 9.599327 9.753853 9.954018 9.997212 10.36098 
  7.810984 6.554319 4.936841 5.345782 5.100906 4.541114 5.129139 5.690765 6.410788 6.481539 6.763437 7.263231 6.598142 7.886446 8.232553 8.31857 8.863692 9.8402 9.632699 10.16777 9.97172 10.70013 11.2025 
  7.285636 7.099325 4.936841 5.499267 5.735223 4.12509 5.326528 6.849936 6.942791 7.147637 7.794057 7.908554 7.854694 7.486926 8.271674 8.927912 9.136638 9.474322 9.874605 10.03003 10.42316 10.57814 11.09718 ]
