 [
  6.0866 4.884243 6.106406 6.642852 7.460724 7.000778 7.341361 9.291359 9.577227 9.996716 8.736616 8.548583 8.264745 8.939856 8.931622 9.152702 9.471504 9.33733 10.68656 10.43671 10.32475 10.56901 10.70446 
  5.412899 6.89919 6.300236 7.974926 8.985967 8.413557 8.610465 9.10681 9.699891 10.63103 9.260177 8.695045 8.36635 8.242227 8.670251 9.825235 9.247566 9.19994 10.17561 10.9124 10.32475 10.27635 10.43998 
  5.412899 5.983305 6.009491 6.950253 6.95231 8.178094 9.456534 10.15259 9.209232 10.28504 8.911137 8.035963 8.163139 8.640872 8.670251 9.085449 9.396858 9.215202 9.817945 10.73401 10.43767 10.41978 10.4838 
  5.076048 6.166482 6.009491 7.46259 7.460724 7.157753 9.174511 10.09108 9.638559 10.22737 9.841911 8.40212 8.36635 9.139178 9.192993 10.027 9.91938 9.459481 9.817945 9.615572 10.21184 10.46953 10.7425 
  6.221341 5.891717 5.234171 7.565058 8.223345 7.785655 7.975913 8.307093 8.534575 10.05438 10.01643 8.98797 8.467956 8.840195 8.670251 9.488969 9.620796 9.520556 10.12451 10.1394 10.21184 10.51927 10.57876 
  6.895042 6.258071 5.137257 7.155189 7.630195 7.393216 7.975913 8.860743 8.841238 9.708393 9.667391 9.427359 8.569561 8.840195 9.105869 9.219955 10.21796 9.520556 10.12451 10.43671 10.32475 10.28415 10.7425 
  4.941308 5.891717 6.784811 8.282329 8.647024 7.550192 7.975913 8.491642 7.859919 8.901088 8.911137 9.061202 7.959929 8.54121 9.018745 8.950943 9.695442 9.764858 9.452459 10.49617 10.60704 10.51927 11.1229 
  3.317437 5.159009 6.397151 7.360123 8.138609 7.157753 7.482372 8.307093 7.12393 8.151448 7.456802 8.182426 7.858323 8.341888 8.208326 8.468748 9.023628 9.184676 9.817945 9.869062 10.32475 10.19436 10.46919 
  5.68238 5.70854 6.009491 5.823113 6.698102 6.92229 8.18743 7.691925 6.878601 6.536839 7.864016 8.035963 7.553506 7.741652 8.01542 9.018196 9.322212 9.703783 9.523193 9.771565 9.873921 10.71824 10.66641 
  6.558191 4.975832 5.040341 6.745319 7.121781 8.178094 8.680971 8.860743 7.062598 7.401808 8.562096 8.98797 7.307227 7.63738 8.757374 8.360246 8.831742 9.520556 9.381724 9.641571 10.15538 10.81772 10.78054 
  4.941308 5.159009 5.234171 5.132231 5.850745 6.92229 8.539959 7.630408 6.142612 7.228814 7.456802 8.109195 7.318954 7.498352 8.321755 8.114687 8.394758 9.33733 9.127082 9.485577 10.15538 10.46953 10.29389 
  9.387737 9.555257 8.33545 6.028048 6.274424 6.2159 5.790234 6.338557 6.326609 6.709833 7.514975 7.669806 7.459685 7.755554 8.408879 8.68193 9.322212 9.581632 9.920135 9.961021 9.997671 10.32319 10.66641 
  8.040335 8.181429 7.269386 5.618179 6.443895 5.352535 4.703289 5.969457 6.817268 7.113485 6.875068 7.187033 7.412775 7.68604 7.892662 8.749183 9.247566 9.520556 9.766851 9.706568 10.21184 10.81772 10.89466 
  5.88449 4.088272 5.040341 5.310777 5.277552 4.3631 4.397779 5.211557 6.694603 6.594503 6.293461 7.153714 7.655112 7.623477 8.321755 8.614676 9.620796 9.520556 9.381724 10.1394 10.38121 10.12019 10.85662 
  5.95186 4.701066 5.524916 6.028048 6.189688 4.597091 5.046987 5.315803 6.142612 6.536839 7.398628 7.669806 7.655112 8.142566 8.408879 8.816436 8.906349 9.33733 10.02232 10.37725 10.15538 10.46953 11.38919 
  3.149451 3.497811 4.031991 5.132231 5.038327 4.90908 4.270483 5.846424 6.265276 6.206737 7.107761 8.109195 7.655112 8.54121 8.496003 8.816436 9.247566 9.581632 10.02232 10.43671 10.6635 10.71824 11.35115 
  4.40935 4.243124 3.772431 4.418046 4.918715 5.000076 5.085176 5.732784 5.083846 6.998156 7.049588 7.523344 7.756717 8.341888 7.752367 8.883689 9.17292 9.276255 9.664661 9.836563 10.21184 10.28415 10.78054 
  3.513422 4.130447 4.520574 5.042958 5.023376 4.285102 4.868773 4.116981 5.239695 6.652168 7.049588 7.450112 7.483141 8.042904 8.234632 8.547422 9.247566 9.642707 9.766851 10.37725 10.32475 10.28025 10.49111 
  3.681408 3.814129 4.688524 5.515712 5.850745 5.666486 4.626911 5.315803 6.01894 6.536839 7.049588 6.23744 6.802939 7.616526 8.321755 8.474459 8.948982 9.581632 9.664661 10.07994 9.975171 10.76798 10.70446 
  5.480269 4.151536 5.040341 4.819775 5.247648 5.587998 5.226187 6.154007 6.203944 6.536839 6.378342 6.520652 7.959929 8.242227 8.041726 8.749183 8.863717 8.90231 8.759264 9.64807 10.21184 10.24121 10.78054 
  4.91331 3.919569 5.137257 6.028048 6.274424 6.294388 6.283774 5.159434 5.115016 6.306964 6.816895 7.153714 7.655112 8.242227 8.234632 8.883689 9.098274 9.177045 9.608074 9.563574 10.26829 10.20998 10.89466 
  12.89098 14.50104 15.41024 15.76244 15.0022 16.01223 15.27574 13.28995 13.93183 13.45659 14.20492 15.72525 17.40924 17.80971 17.03413 15.2055 15.44319 14.28444 16.74817 17.51255 15.91405 14.39917 13.44339 
  15.24676 16.78787 17.46482 18.42659 19.20922 19.12422 17.2965 16.35698 16.16217 16.23651 17.10358 19.33737 20.55901 20.69989 19.75338 18.09003 18.50367 17.09391 18.19719 19.31309 18.15303 17.06624 15.53563 
  14.95674 17.57638 17.15471 19.30749 20.909 20.44446 17.91827 17.59657 17.45721 17.90984 18.94155 21.55412 22.91838 23.12702 22.44403 20.69376 21.61834 20.10106 19.64621 20.9207 19.91155 18.79442 16.27504 
  15.15975 17.94988 17.6974 19.77111 21.14079 21.01027 18.22916 17.96115 17.88889 18.3662 19.44281 22.08614 23.55605 23.72032 22.99438 21.22786 22.22906 20.7025 20.00846 21.56375 20.58393 19.32933 17.90951 
  15.24676 18.19888 17.92998 20.18838 21.06353 21.10457 18.54005 18.10699 18.10473 18.51832 19.52636 22.26348 23.68358 23.72032 23.05553 21.02757 21.86262 20.30154 19.58583 21.17792 20.015 18.58868 17.8706 
  15.33376 18.36489 18.12379 20.46656 21.06353 21.10457 18.77321 18.10699 18.17668 18.44226 19.44281 22.08614 23.61982 23.55851 22.81093 20.69376 21.37405 19.76694 18.86132 20.27766 18.92885 17.43657 16.58636 
  15.36276 18.48939 18.08503 20.74473 20.83174 21.01027 18.92866 18.1799 18.39252 18.44226 19.44281 21.82013 23.74735 23.3967 22.68863 20.56024 21.06869 19.56646 18.01606 19.37739 18.46336 17.47771 16.15829 
  15.27576 18.48939 18.0075 20.88382 20.59995 20.91597 19.00638 18.25282 18.46447 18.59438 19.52636 21.82013 24.06618 23.45064 22.68863 20.49347 20.94655 19.56646 18.13681 19.37739 18.3082 17.31312 16.6642 
  15.18875 18.44789 17.96874 20.93019 20.36816 20.63306 18.92866 18.25282 18.46447 18.59438 19.44281 21.9088 24.32125 23.61244 22.81093 20.69376 21.25191 19.76694 18.49907 20.02044 19.08401 18.13606 17.48144 
  15.04375 18.32338 17.89121 21.02291 20.05911 20.25585 18.77321 18.1799 18.32057 18.51832 19.44281 21.82013 24.57632 23.99 23.17784 21.1611 21.92369 20.50202 18.74057 20.08474 19.13573 18.25951 17.94843 
  14.89874 18.24038 17.85245 21.11564 19.75006 19.78434 18.54005 18.03407 18.03279 18.3662 19.27573 21.55412 24.57632 24.09787 23.23899 21.29462 22.29013 21.10345 19.4047 20.72779 19.75639 18.46524 17.71493 
  14.78274 18.11588 17.89121 21.25473 19.51827 19.12422 18.22916 17.66948 17.60111 17.9859 18.85801 21.0221 24.19372 23.88213 22.99438 21.02757 22.3512 21.30393 19.58583 20.9207 20.06672 18.83556 17.98735 
  14.78274 17.99138 18.16256 21.20836 19.0547 18.4641 17.76283 17.08615 16.95359 17.22529 18.02257 20.40141 23.17345 23.23489 22.32172 20.22643 21.86262 20.9698 18.98207 20.27766 19.44606 18.42409 17.52035 
  14.86974 17.94988 18.55019 21.30109 18.74564 17.80398 17.45194 16.79448 16.52191 16.84499 17.68839 20.1354 22.66331 23.12702 21.95482 19.89261 21.55726 20.56884 18.68019 19.95613 19.13573 18.25951 17.05336 
  14.95674 17.86688 18.97658 21.34745 18.35933 17.33246 17.14106 16.79448 16.16217 16.69287 17.43776 19.95806 23.04592 23.23489 22.07712 19.75909 21.25191 20.36837 18.31794 19.95613 19.18746 18.25951 17.24794 
  15.07275 17.74238 19.36422 21.25473 17.74123 16.86095 16.67473 16.50281 15.94633 16.46469 17.18713 19.60338 23.17345 23.18095 21.95482 19.49204 21.31298 20.63567 18.19719 19.76322 19.23918 18.30065 17.6371 
  15.18875 17.53488 19.55803 20.88382 17.27765 16.57804 16.2084 16.06531 15.87439 16.23651 17.10358 18.98269 22.59955 22.91127 21.77136 19.35851 20.94655 20.30154 17.71418 19.12017 18.77369 17.80689 17.32577 
  15.30476 17.28588 19.5968 20.37383 17.27765 16.29514 15.97523 15.77364 15.5866 16.16045 16.68586 18.98269 22.59955 22.85734 21.58791 18.95794 20.64119 20.03424 17.41231 18.67004 18.15303 17.18968 16.54745 
  15.39176 16.82937 19.48051 19.63202 17.5867 15.54071 15.04258 15.26322 14.93908 15.32379 15.85042 17.82997 21.64305 21.83255 20.36489 17.88974 19.23654 18.56408 16.20479 17.89838 17.89443 16.77821 16.08046 
  15.07275 16.41437 18.55019 19.63202 17.89575 15.1635 14.10992 14.38822 14.07572 14.63924 14.68081 17.12061 20.81408 21.23925 19.75338 17.08859 18.8701 18.49725 16.1537 17.15579 17.32549 16.73707 15.96371 
  13.56469 15.87486 18.39514 19.12203 16.27324 13.82921 12.84081 13.65905 13.74783 13.80258 14.26309 16.67726 20.55901 20.96957 19.38648 17.08859 18.74796 18.29677 17.77456 18.60573 18.77369 18.05377 15.92479 
  11.2741 12.66927 16.86397 17.40192 14.07011 10.21877 9.245017 10.09108 10.12922 10.28504 11.00538 13.45508 18.93332 18.80632 17.20838 13.79318 16.48823 16.23885 15.1829 16.44226 16.2528 15.39402 13.36731 
  5.74975 7.906664 13.66577 14.12296 8.477552 5.901949 5.578716 6.646141 6.571939 6.407192 6.590545 8.621814 13.14181 11.63071 9.192993 8.217479 9.247566 9.459481 9.636368 10.37725 10.6635 10.37004 10.4838 
  6.962412 7.357133 10.27375 11.66375 7.714931 5.823462 6.84782 6.461591 6.387941 5.977646 6.491517 7.376881 8.36635 8.640872 8.496003 8.749183 9.322212 9.703783 9.715756 10.02048 10.04267 10.46953 11.04682 
  5.95186 6.532836 8.141621 9.71687 6.359159 5.509511 6.001751 6.09249 6.265276 6.42151 7.340455 7.669806 7.756717 8.640872 9.105869 8.950943 8.874375 9.642707 9.296844 9.602572 10.08767 10.41978 10.61528 
  5.88449 5.433774 6.978641 8.384796 5.681274 4.818083 4.983339 5.784907 5.847506 6.235373 7.340455 6.93714 7.166495 8.54121 8.496003 9.018196 8.842401 9.581632 10.02232 10.1394 10.03142 10.28415 10.25737 
  4.745324 4.884243 6.009491 7.46259 5.850745 5.431023 5.155681 5.732784 5.92543 6.364237 6.533957 7.962732 7.756717 7.720798 8.068031 8.417352 9.770088 9.169414 9.240256 9.719567 9.896421 10.41978 10.21354 
  6.423451 5.525363 7.172471 7.667525 5.681274 5.901949 6.424786 6.953724 7.921251 8.151448 7.689495 7.743038 8.467956 8.54121 9.018745 9.219955 10.06867 9.948085 10.2267 10.19886 10.32475 10.6685 10.78054 
  7.231893 6.532836 8.432365 7.667525 7.206517 6.529851 7.059338 6.953724 7.798587 8.093783 7.282282 7.669806 8.163139 8.242227 8.583127 9.085449 9.396858 9.642707 9.766851 9.758566 10.15538 10.81772 10.7425 
  4.829317 5.06742 6.881726 6.130516 5.06823 5.823462 5.790234 5.969457 7.001266 7.228814 6.647132 7.376881 7.18995 7.58872 7.673451 8.883689 9.023628 8.787838 9.920135 9.961021 10.49412 10.41978 10.52033 
  4.437348 4.334713 5.331086 5.618179 5.083182 4.831082 5.085176 5.90794 6.817268 6.652168 5.911496 7.450112 7.553506 8.640872 7.954041 8.394509 9.098274 9.260992 9.325137 9.843063 10.09892 10.86747 10.81858 
  5.615009 4.243124 4.612183 5.236383 5.511803 4.298102 5.046987 6.030974 6.265276 6.594503 6.661279 7.30365 7.483141 7.901535 8.408879 8.263165 8.554631 9.33733 9.715756 9.895061 9.907671 10.30367 10.19893 
  5.008678 4.334713 4.413696 4.894169 4.470169 4.402098 4.716018 4.638207 5.629317 6.709833 7.282282 7.376881 7.34241 7.769457 8.496003 8.480169 9.17292 8.986258 9.53734 9.961021 10.02017 10.41978 10.70446 
  5.143418 3.729778 4.047259 4.462683 4.634636 5.352535 5.085176 5.784907 5.722827 6.306964 6.449077 7.30365 7.471413 7.866777 8.583127 8.614676 9.247566 9.146519 9.86904 10.1394 9.795171 10.2295 11.04682 
  4.857315 4.243124 4.444232 5.206625 5.322406 5.117072 4.435967 5.706723 5.504638 6.940491 6.816895 6.653928 7.107857 7.838972 7.910199 8.547422 8.895692 8.787838 9.282697 9.901561 10.15538 10.56901 10.49111 
  4.353355 3.476723 4.031991 4.358531 5.157939 4.792084 4.779666 5.107312 6.081279 5.963328 6.70372 7.103735 7.049219 7.943243 7.752367 8.68193 9.023628 9.520556 10.02232 10.37725 10.09892 10.41978 10.36693 
  4.66133 3.371284 3.802968 5.310777 5.681274 5.19556 5.367198 6.27704 6.081279 6.206737 6.293461 7.30365 8.163139 8.042904 8.321755 8.411641 8.44805 9.398405 9.715756 10.25833 10.26829 10.41978 10.42537 
  4.157371 3.750866 4.749597 5.515712 5.76601 5.19556 5.50821 5.367925 6.050109 5.519465 6.43493 6.737226 7.756717 7.505303 8.032957 8.411641 8.373443 9.33733 9.766851 10.19886 9.671421 10.14751 10.4765 
  5.210789 3.982832 3.940382 5.310777 5.397164 4.974077 6.213268 6.154007 5.364374 5.906055 6.25102 6.887161 7.553506 8.042904 8.234632 8.394509 8.511998 9.245728 9.920135 10.31779 10.08767 10.34271 10.85662 
  6.0866 4.426301 4.846511 5.221504 5.217745 5.274047 6.35428 5.90794 5.691657 7.401808 7.864016 8.255657 7.213406 8.042904 7.769904 8.268875 9.322212 9.887009 9.920135 10.07994 10.21184 10.6685 11.23703 
  4.91331 3.835217 4.734328 4.745381 5.596538 5.117072 4.690559 5.133373 5.9566 6.42151 6.449077 7.053757 7.655112 8.142566 8.111874 8.257454 8.61858 9.024415 9.282697 10.02048 10.26829 10.61875 10.81858 
  5.143418 3.265844 4.154136 5.176867 5.935481 4.701087 4.94515 5.420048 5.551393 5.505147 6.717866 7.376881 7.655112 8.042904 7.980347 8.614676 8.746477 9.398405 9.325137 10.02048 10.00892 10.15923 10.54224 
  5.547639 3.877393 4.846511 5.102473 5.427067 5.065074 6.001751 6.215524 6.571939 7.344143 7.456802 7.087076 8.061534 8.142566 8.496003 8.126108 8.266861 9.19994 9.766851 10.25833 10.21184 10.61875 11.16094 
  6.356081 3.223669 4.642719 5.413244 4.888812 5.274047 4.996068 6.523108 6.571939 6.767498 6.933241 8.035963 8.467956 8.142566 8.496003 8.950943 9.247566 9.520556 9.817945 10.07994 10.32475 10.46953 11.1229 
  5.74975 4.243124 5.040341 4.670987 5.202794 4.62309 6.213268 6.215524 5.753996 6.10651 6.519811 7.237012 7.858323 8.042904 7.936504 8.547422 8.948982 9.459481 9.715756 10.02048 9.885171 10.41978 10.9327 
  5.210789 4.792655 5.137257 5.515712 5.681274 5.823462 6.001751 6.27704 6.449274 6.306964 7.165935 7.30365 7.655112 7.92934 8.408879 8.480169 8.895692 9.138887 9.715756 10.02048 10.08767 10.41978 10.81858 
  4.465346 2.801911 4.520574 5.618179 5.187842 5.117072 5.367198 5.732784 6.081279 6.020601 6.335902 6.670588 7.412775 7.838972 8.408879 8.428773 9.17292 9.398405 9.31099 10.25833 10.21184 10.56901 10.66641 
  4.857315 3.645426 4.29155 4.834654 5.935481 4.597091 5.790234 5.758845 6.265276 6.135146 7.049588 6.920481 7.553506 8.242227 8.670251 8.816436 9.17292 8.803101 9.353431 9.823564 9.378922 10.34662 10.66641 
  4.941308 2.928438 4.490037 4.700745 5.008424 5.065074 4.703289 5.341864 6.142612 6.767498 6.991415 6.320737 7.060947 7.776409 8.408879 8.303139 8.863717 9.459481 9.664661 9.830064 9.941421 10.91721 11.08486 
  5.74975 5.433774 5.912576 6.028048 5.681274 5.274047 4.626911 5.6546 6.142612 5.777192 7.224108 7.037097 8.264745 8.242227 8.225863 8.411641 8.565289 9.138887 10.07342 9.674069 10.21184 10.3271 11.19898 ]
