 [
  4.166125 2.289588 3.302854 3.324181 4.740244 5.15482 5.774044 5.820516 5.660368 7.020322 6.803384 7.797176 7.236603 7.521437 7.754696 8.867448 9.124366 9.310399 9.528923 9.90159 10.35803 10.21493 10.46589 
  4.08165 2.589162 2.494078 3.429474 4.496542 4.276637 4.768468 4.874411 5.42127 6.388795 6.834624 7.252289 7.391579 7.749436 8.505606 8.979553 9.124366 9.212755 9.75234 9.800668 10.03897 10.21493 9.955372 
  3.290461 3.270696 3.368627 3.9375 4.665258 3.75173 5.265475 6.086975 6.186169 5.949084 6.631564 7.356077 7.568198 7.72961 8.403561 8.993567 9.124366 9.267001 9.367096 10.14593 10.04334 10.03102 10.80005 
  4.08165 3.750504 3.598833 3.113593 4.273719 4.815587 5.444161 6.369108 6.369038 7.142553 7.503921 7.667441 7.10229 7.343002 8.119639 8.076543 8.685514 9.45144 9.300712 9.649206 9.714942 9.833677 10.60176 
  4.199915 3.169684 3.467287 3.350504 4.346571 5.348668 5.334201 6.541523 6.236042 6.368423 7.162105 7.062525 7.009304 7.779175 7.937168 8.937514 8.870271 8.993319 9.576314 9.779421 9.982199 10.4276 10.69723 
  4.62229 4.003036 3.796153 3.640062 4.496542 5.170974 6.282613 6.353434 6.385662 7.427759 7.572284 7.162794 7.071295 7.908045 8.549339 8.498282 9.141305 9.429741 9.623706 10.00251 9.959291 10.14378 10.543 
  4.28439 3.624239 3.467287 4.363897 4.111403 4.470023 5.402926 6.651241 6.418911 6.211782 7.00259 6.398243 7.050631 7.699871 8.345249 8.345987 8.490698 9.45144 9.928366 10.41683 10.02585 10.0874 10.36369 
  5.112244 4.154554 4.322339 4.766605 5.096424 5.364822 5.347946 6.807982 7.283382 6.877719 6.709664 7.900964 8.3297 7.53135 7.99419 9.217779 8.782923 9.59248 9.542463 9.641232 9.989834 10.47947 10.5173 
  3.948288 3.396962 3.796153 4.411274 4.327825 4.944819 5.430417 5.867537 5.831153 6.388795 6.934227 6.786785 7.122953 8.384524 8.09683 8.545142 8.551579 9.13737 9.234326 9.997202 9.714942 10.17862 10.10457 
  3.224679 2.612206 4.02636 4.198076 4.496542 5.946365 6.103927 5.898886 6.053173 6.592514 6.662804 7.037457 8.118172 7.972063 7.811718 8.381132 9.175184 9.700974 9.373734 10.00783 10.2881 10.69733 10.75599 
  2.928657 4.356578 4.02636 3.376827 4.627766 4.552903 5.208128 5.315657 5.284642 5.996847 7.389982 7.641494 7.226271 8.060448 8.243204 8.498282 9.344582 9.917959 9.880975 9.742239 10.08267 10.28237 10.48425 
  3.783831 2.658295 2.772094 4.032255 3.759719 4.58053 5.208128 5.945908 6.319164 6.307308 6.506604 7.926911 7.547045 7.769262 8.447294 8.853435 9.598676 9.570782 9.367096 9.521611 9.837116 10.15788 10.69723 
  3.093113 2.681339 2.772094 4.008566 4.327825 5.413284 5.622848 6.713938 6.435535 6.55177 6.819004 6.636382 7.800879 8.178294 8.228626 8.783368 8.709867 9.116791 9.461221 9.742239 10.24002 10.31349 10.50995 
  4.470235 3.649492 3.500173 3.508445 3.299824 4.960973 5.691574 6.447478 6.069798 5.949084 6.225445 6.97479 7.412243 7.461958 7.99419 7.889103 8.938029 9.075633 9.333903 9.681105 10.09579 10.3498 10.46589 
  4.38576 2.750471 2.468803 3.640062 4.138456 4.635783 4.978741 6.071301 6.15292 6.307308 6.865864 6.523579 7.443238 7.313263 8.028403 8.439708 9.124366 9.429741 9.44091 9.896279 9.890568 10.56765 10.60176 
  3.5207 2.266544 4.092133 4.648161 3.840877 4.49765 5.457907 5.650394 5.711604 6.223722 7.253255 7.382024 7.589351 8.237217 8.447294 8.217123 9.293762 9.256152 9.583085 9.949396 10.2138 10.50541 10.73028 
  2.961548 2.63525 3.277579 4.434963 4.833975 4.193757 4.8067 5.072211 6.202793 7.122181 6.865864 6.811852 6.967977 8.134102 8.188066 8.287413 8.819451 9.127081 9.887745 9.44984 9.745485 10.3498 10.3794 
  1.909025 1.644351 3.151208 4.529718 3.786771 4.799433 6.186398 6.557197 5.967781 7.3259 7.162105 6.799319 7.652809 8.443447 8.491028 8.979553 8.921089 9.473138 9.644016 9.853786 10.06519 9.706817 10.10457 
  3.948288 2.957869 4.02636 4.174387 4.552781 4.718663 5.444161 5.69604 6.236042 7.020322 6.911439 7.304183 7.547045 7.942602 8.505606 8.486567 9.039667 9.191056 9.320627 10.23623 10.17883 10.12968 10.28517 
  4.436445 3.750504 4.190793 4.150698 3.597403 4.896357 5.227244 5.69604 5.882389 5.734149 6.350405 7.037457 8.03356 8.237217 8.549339 8.629222 8.782923 9.055055 9.765881 9.896279 9.890568 10.10854 10.45854 
  5.010874 2.658295 4.092133 4.742916 4.590273 5.39713 6.145162 5.193933 6.335789 7.081438 7.025378 7.563653 7.525892 7.293437 7.606438 7.795383 8.758571 9.180207 9.799732 9.933461 10.15261 10.25643 10.88084 
  5.467038 5.316195 5.177392 5.050869 5.715053 5.31636 7.540719 7.732753 9.149132 10.34193 9.714333 9.639416 11.47134 11.64897 10.74302 10.2968 10.98773 11.29984 10.78209 11.84537 11.78592 12.51237 13.71896 
  3.487809 5.669738 6.196877 4.055943 4.75899 5.122512 6.420064 7.309553 8.319392 9.563551 9.304153 9.042633 10.58714 11.28186 10.74302 9.890417 10.49648 10.66361 10.26688 10.23092 10.72392 10.82182 11.74461 
  5.095349 3.902023 3.993473 3.640062 4.646512 5.106359 5.732809 6.275064 4.960152 6.140137 6.694044 7.226342 7.779726 8.222486 8.549339 9.554098 10.00523 9.89626 9.901285 10.89301 11.33078 12.02936 12.11481 
  4.098546 3.371709 4.848525 4.766605 3.489192 3.66885 5.11255 5.072211 6.053173 7.183297 7.800161 7.926911 8.160477 9.165255 9.598945 10.65343 11.60784 11.17259 11.5549 13.11519 13.60651 14.8067 14.58274 
  3.158896 2.427853 4.092133 5.998418 5.058931 4.58053 5.292965 5.346087 6.236042 7.244412 8.050827 8.108541 8.435464 7.972063 8.95752 9.708244 10.15769 10.35193 10.52448 11.68664 11.93764 13.35765 12.97858 
  5.281194 4.331326 5.835124 6.235306 6.38992 6.786371 6.763692 7.10579 7.34988 7.285156 7.709011 8.471799 8.900826 8.251947 8.176661 9.273832 8.988848 9.408042 9.786191 9.689079 10.28373 10.25643 10.45854 
  7.087006 8.416903 9.717657 10.33339 11.07325 12.00672 13.21528 12.99731 12.3298 11.63923 11.33432 10.52161 10.04308 9.813409 10.03628 10.81072 10.98773 11.68157 11.81251 11.21046 10.72392 10.82182 10.49894 
  7.238735 8.604662 10.26899 10.33339 11.07325 12.22424 13.73115 13.42417 12.46809 11.63923 11.33432 10.28809 9.620022 9.680832 9.934236 11.2826 11.29778 11.80881 11.81251 11.21046 10.5722 10.47429 10.33228 
  6.176627 6.351571 7.879895 8.257183 8.031123 7.2214 7.712675 8.44418 9.84058 11.37977 12.18067 11.4679 10.23345 10.18052 11.75938 13.17012 12.38298 11.55432 11.5549 11.05174 10.72392 11.30483 11.86801 
  5.365668 4.457591 5.933784 5.643087 5.396365 5.542516 6.200142 7.090116 8.319392 9.693281 11.47538 10.52161 8.985437 9.150524 10.23483 11.43989 11.14276 10.23259 10.26688 9.938773 10.09579 10.38092 10.71559 
  4.689869 3.725252 3.368627 3.16624 4.192561 5.138666 4.959625 4.752688 5.404191 6.592514 7.617859 8.212329 7.652809 8.502371 8.870052 10.14266 9.717254 8.489137 9.280796 9.800668 10.33618 10.25643 10.38725 
  4.926399 2.888736 3.176482 3.139917 4.721498 5.31636 5.801535 6.557197 6.585155 6.796232 6.772144 7.187861 7.122953 8.11937 8.388983 8.416277 8.836391 9.516535 9.772651 10.03438 10.1832 10.01692 10.45487 
  3.783831 3.801011 4.12502 4.885048 3.867929 4.552903 5.966475 6.086975 7.233509 8.263004 8.848398 10.83704 10.23345 9.047409 9.380277 10.33884 10.97079 9.462289 9.549233 9.832539 10.44982 10.52097 10.64215 
  4.825029 3.649492 3.861926 5.59571 4.946453 4.525277 5.279221 6.41613 6.053173 7.224041 7.800161 9.068581 8.900826 8.08991 9.059565 8.797381 9.615616 9.494837 9.908055 10.08219 10.19194 10.29274 10.22235 
  4.064755 5.290942 5.210279 3.771679 4.702751 5.106359 4.959625 5.867537 5.779918 6.77586 7.00259 7.641494 7.758574 8.178294 8.432716 8.769355 9.226004 8.952161 9.522153 10.12468 10.37115 10.12264 10.30087 
  6.041468 4.811133 4.815639 4.363897 4.890214 4.912511 5.760299 6.039952 6.551907 7.224041 7.572284 8.938846 8.689298 8.708601 9.351121 9.736271 10.58118 10.12409 10.65329 11.05174 10.33618 11.06333 11.62122 
  5.112244 4.179807 3.500173 4.245453 5.283887 4.912511 5.036088 6.228042 6.668278 5.793853 6.888651 7.382024 7.568198 8.48764 8.928364 8.322557 8.588106 8.684635 9.413829 9.513637 10.39737 10.38092 10.04175 
  4.132335 2.450897 4.059246 3.297857 4.138456 4.193757 4.271461 5.711256 6.335789 6.653629 7.230468 7.823123 7.360584 7.927871 8.039808 9.09166 8.575931 9.180207 9.610166 9.880343 9.982199 10.41723 10.60543 
  5.365668 4.886893 7.879895 9.50291 8.683007 7.65643 7.884632 7.137138 6.385662 7.020322 7.481133 8.912898 9.218119 8.517101 8.316093 8.439708 8.490698 9.408042 9.73203 9.497687 10.15261 10.36017 10.32443 
  6.631816 8.980177 11.37164 13.24009 14.11538 13.74684 12.69941 11.85903 10.80861 10.86085 12.46278 14.30674 14.83132 14.58587 13.45333 13.95658 14.39834 11.93606 10.16532 10.16187 10.41485 10.54172 10.543 
  5.619093 7.478117 8.063671 9.50291 13.0289 13.31181 10.12007 9.013322 8.457683 8.670441 9.923753 13.04503 12.88607 12.75031 11.2512 12.06907 12.84806 10.79086 9.481531 10.38496 10.15698 10.15788 10.49894 
  3.619374 3.371709 4.651206 6.472193 7.813828 7.873944 5.705318 5.452595 6.103046 6.429539 7.230468 7.641494 7.422575 7.63048 8.016999 8.909488 9.022727 9.256152 9.353819 9.90159 10.22691 10.50022 10.53199 
  5.940098 5.720244 7.084816 6.803835 5.996247 7.003886 6.598751 7.26253 8.014858 9.693281 11.47538 12.09875 10.76398 10.73119 10.74302 10.65343 11.45281 10.53637 9.454451 10.05563 10.20506 10.08035 10.75966 
  10.27333 13.11084 13.94451 12.61723 13.89808 13.52932 12.3555 11.43217 11.36177 12.80679 15.14287 16.04159 14.3008 14.0352 13.79212 13.642 14.70839 13.46299 10.78209 11.05174 11.78592 11.78785 12.60839 
  13.61138 16.11496 16.70115 17.39251 18.46127 18.74967 17.34224 15.55845 15.51046 16.05004 17.54084 19.51129 19.95972 19.54189 18.53517 18.98996 19.35922 16.38961 12.19891 12.95646 14.06165 13.35765 13.84236 
  14.37003 17.05375 16.88493 18.43062 19.11316 19.61973 17.34224 16.26988 15.78704 16.56896 18.10507 20.29986 20.84392 20.64323 19.55154 19.93372 20.28938 17.53481 13.35814 14.06755 15.27538 15.16896 15.81671 
  14.37003 17.42927 16.70115 19.05348 20.41693 20.27228 17.85811 16.69674 16.3402 16.95815 18.52824 20.45757 21.02077 21.01035 20.05972 20.09101 20.59944 17.7893 14.00215 14.54373 15.88224 15.65197 16.1869 
  14.37003 17.80478 16.88493 19.46872 19.98234 20.48979 17.68615 16.41216 16.47849 17.08788 18.66929 20.29986 21.19761 21.1939 20.22912 20.2483 20.75447 17.7893 13.74454 14.70246 16.18567 16.01423 16.4337 
  14.67349 17.99254 17.0687 19.67634 19.76504 20.27228 17.85811 16.12759 16.75507 17.08788 18.52824 19.98443 21.19761 21.1939 20.22912 20.2483 20.75447 17.53481 13.74454 14.54373 16.4891 16.73876 16.68049 
  14.97695 18.1803 17.25248 19.67634 19.76504 20.05476 17.68615 16.41216 16.89336 17.08788 18.38718 20.14215 21.19761 21.1939 20.22912 19.93372 20.44441 17.7893 13.74454 14.70246 16.18567 16.13499 16.80389 
  15.12868 18.1803 17.43626 19.88396 19.54775 19.83725 17.68615 16.26988 16.89336 17.08788 18.24612 19.98443 21.37445 21.01035 20.22912 19.77642 20.28938 18.04379 12.58532 14.54373 16.03395 16.49725 16.1869 
  15.12868 18.1803 17.62003 19.88396 19.54775 19.40222 17.68615 15.98531 16.75507 16.95815 18.10507 19.82672 21.19761 21.37746 20.39851 19.77642 20.44441 18.29828 12.97173 15.33736 16.79253 16.3765 16.1869 
  15.28041 18.1803 17.80381 19.88396 19.11316 18.96719 17.5142 15.84302 16.3402 16.56896 17.82295 19.51129 21.02077 21.37746 20.39851 19.77642 20.28938 18.42552 12.19891 15.01991 16.4891 16.25574 15.94011 
  15.28041 17.99254 17.98759 19.88396 18.67857 18.53216 17.17028 15.70074 15.78704 16.17977 17.54084 18.88044 20.84392 21.37746 20.56791 19.61913 20.44441 18.29828 11.5549 14.86118 16.03395 16.25574 16.06351 
  15.43214 17.99254 18.35514 19.67634 18.46127 17.87962 16.99833 15.55845 15.37217 15.79058 17.11767 18.4073 20.84392 21.37746 20.7373 19.77642 20.44441 18.55276 11.2973 15.17864 16.4891 16.3765 16.55709 
  15.58387 17.80478 18.53891 19.46872 18.02668 17.44459 16.48246 15.1316 14.9573 15.40139 16.69449 17.77644 20.66708 21.1939 20.7373 19.77642 20.13436 18.55276 11.81251 15.33736 16.33739 16.13499 16.1869 
  15.7356 17.61702 18.90647 19.2611 17.80939 16.79204 15.96659 14.70474 14.68072 15.0122 16.27132 17.46102 20.3134 21.1939 20.7373 19.77642 19.97933 18.42552 11.6837 15.49609 16.4891 16.13499 15.69332 
  15.7356 17.24151 19.09024 19.2611 17.3748 15.92198 15.10681 13.70874 14.54243 14.62301 15.84815 16.98787 20.3134 21.01035 20.7373 19.77642 20.13436 18.42552 11.5549 15.01991 16.03395 15.41047 15.44652 
  15.58387 16.67824 19.09024 18.63824 16.94021 15.05193 14.41898 13.28188 13.85098 13.97436 15.42498 16.35702 19.78288 20.82679 20.56791 19.77642 20.13436 18.29828 11.81251 14.86118 15.88224 15.77273 15.56992 
  14.97695 15.92721 18.72269 18.01538 16.50562 13.96435 13.5592 12.99731 13.02125 13.58517 14.86075 15.72616 19.07551 20.27612 20.05972 19.30455 19.97933 17.91654 11.5549 14.385 15.42709 15.28971 15.07633 
  13.45965 16.49048 17.25248 17.39251 15.63644 13.0943 11.83963 11.85903 11.77664 12.02842 13.02701 14.14903 17.13026 18.07344 18.19638 17.25974 18.27402 16.13512 10.78209 12.48028 13.75822 13.59916 13.47217 
  11.79063 14.04963 15.96605 15.52392 11.94243 10.48412 9.088327 9.724749 9.702291 9.82301 11.19327 12.41418 15.89237 16.97211 17.01062 15.8441 16.56872 14.86268 10.78209 12.16282 12.69622 13.2369 13.47217 
  12.24582 14.6129 14.86339 14.48582 10.42137 9.179032 8.400501 8.586466 8.457683 8.914903 10.48798 11.62561 15.18501 16.05433 16.16365 14.58575 15.3285 13.59023 10.26688 11.21046 11.78592 12.39162 12.85519 
  9.362951 11.04551 11.92297 10.74864 7.813828 6.721755 5.705318 6.243715 6.551907 6.898091 7.595072 8.29017 10.76398 10.91475 10.57362 9.357912 9.88665 9.158508 9.028534 9.832539 10.05208 10.28237 10.17524 
  7.997384 10.66999 10.08521 8.672425 6.727354 6.204828 6.54377 6.353434 5.831153 6.918463 8.233129 7.745282 8.012407 8.163563 8.214048 8.263983 8.527226 9.180207 9.434139 9.697054 9.882932 10.13673 10.32443 
  6.783546 8.792419 8.615 6.590636 5.096424 4.608157 4.405271 5.961582 6.418911 6.55177 6.615944 7.615547 7.412243 7.898132 8.301516 8.671262 8.344585 8.983028 9.549233 9.96002 10.23128 10.3498 10.66785 
  4.11544 4.154554 4.947185 5.453578 4.365317 4.896357 4.692006 5.346087 5.472506 5.949084 7.00259 8.108541 7.948949 8.001525 7.937168 8.170263 8.697691 9.096212 9.30735 9.481738 9.99747 9.988729 10.43651 
  7.087006 8.041389 7.879895 7.219077 5.902516 4.58053 5.760299 6.698264 6.15292 6.633257 6.979803 7.175327 7.822032 7.848567 8.491028 9.00758 9.3954 9.201906 8.975426 9.800668 10.38863 10.45354 10.73762 
  7.390465 8.416903 8.063671 6.590636 5.433858 5.284052 5.89775 6.243715 6.585155 6.572142 6.772144 7.112659 7.864337 7.660219 8.188066 8.853435 8.836391 8.983028 9.373734 9.521611 9.974563 10.44835 10.52097 
  6.176627 6.124293 5.703578 5.074558 3.867929 5.267898 5.595358 6.510175 6.335789 6.128196 6.522224 7.037457 8.308547 8.988486 8.695118 8.909488 8.527226 9.116791 9.596625 9.736927 9.806573 10.12264 10.50261 
  3.981179 3.826264 4.092133 4.340208 4.815229 5.494054 6.158907 6.604219 6.967518 7.366643 7.754586 7.875017 8.520075 8.944294 9.278232 9.666204 9.852771 9.917959 10.11793 10.20436 10.17446 10.23049 10.17524 
  7.390465 8.229146 9.717657 10.74864 11.29054 11.57169 12.01159 12.42817 13.02125 13.19598 13.59124 14.62217 15.00817 15.13654 15.82486 16.15868 16.25867 16.13512 16.19179 16.131 14.5168 13.84067 14.70614 
  9.211222 10.29448 11.37164 12.61723 12.81161 13.0943 13.21528 13.42417 13.43612 13.06625 13.45018 15.88388 15.71553 15.13654 15.82486 15.52951 15.63856 16.13512 17.73742 18.98808 18.00625 16.98026 16.80389 
  8.907762 8.604662 9.166328 8.880046 8.900302 8.744002 8.744414 9.440178 9.84058 10.2122 11.7575 13.20275 13.59344 13.30098 13.45333 14.90034 16.25867 16.26237 17.99503 19.30554 18.91655 17.9463 18.40805 
  8.149114 8.416903 8.615 8.464804 8.248418 9.179032 8.91637 10.15161 10.11716 11.12031 12.46278 13.51817 13.06291 13.30098 14.13091 15.05763 16.41369 16.6441 18.38144 19.62299 19.67512 18.1878 18.40805 
  7.542194 8.229146 9.53388 10.12577 8.683007 9.179032 9.776154 10.57846 10.80861 11.37977 13.16807 15.09531 13.06291 13.85165 14.80849 16.15868 16.56872 17.02583 18.25263 20.41662 20.13027 18.42931 18.65484 
  8.452573 8.041389 7.879895 9.71053 9.552186 9.396546 9.94811 9.440178 10.11716 10.60139 12.32172 14.9376 13.59344 13.66809 14.80849 14.90034 15.3285 16.6441 18.12383 19.14681 18.61312 18.1878 17.79106 
  8.149114 9.167934 9.53388 8.049562 8.683007 9.614061 10.46398 11.00532 10.80861 10.73112 12.60384 14.9376 14.12396 14.21876 14.3003 15.21493 15.63856 16.13512 17.99503 19.30554 18.4614 17.22177 17.29747 
  6.783546 8.041389 9.350104 9.71053 9.769481 10.70163 10.63594 11.85903 11.08519 11.5095 12.88595 14.62217 13.59344 14.0352 14.3003 14.42846 15.17347 15.37166 17.35102 18.35317 17.85454 17.10102 17.54427 
  7.238735 6.914844 7.696119 9.295288 10.20407 10.26661 10.97985 10.57846 10.9469 11.76896 13.16807 14.77988 13.94712 13.48454 14.3003 14.58575 14.55336 15.37166 16.83581 18.03572 17.70282 16.73876 16.68049 
  7.238735 7.478117 7.879895 9.71053 10.42137 9.831575 10.12007 10.43618 10.67032 11.25004 13.7323 14.62217 13.77028 13.11742 14.13091 14.11388 14.86342 14.73543 15.67658 17.08336 16.79253 16.85951 16.1869 
  6.328357 8.041389 7.512342 9.71053 10.20407 10.48412 9.776154 10.29389 11.63835 11.5095 13.87335 14.62217 13.06291 13.66809 14.3003 13.95658 14.39834 14.86268 15.41898 17.24209 16.4891 16.3765 15.94011 
  8.452573 9.731207 10.45276 10.12577 11.07325 10.26661 9.260283 9.582463 11.50006 12.41761 13.02701 13.99131 12.53239 13.85165 13.79212 13.95658 13.77823 14.73543 16.06299 16.92463 16.03395 16.01423 15.44652 
  8.452573 9.355692 10.82031 9.71053 8.900302 8.961517 9.43224 9.440178 9.149132 10.47166 12.88595 13.04503 11.64818 11.64897 11.92878 12.85553 12.84806 13.71748 14.77497 15.17864 14.36509 13.96142 14.08916 
  6.783546 6.539329 7.512342 7.84194 8.683007 8.744002 8.91637 9.582463 7.915112 10.2122 11.7575 10.99475 10.94082 11.64897 11.42059 11.75448 12.07292 11.04535 13.48694 14.06755 12.99965 12.39162 12.485 
  6.783546 7.102601 7.380796 6.614325 7.596533 8.308973 8.572457 8.871037 8.319392 9.433822 11.89855 11.15247 9.366188 10.18052 10.06544 9.792324 10.34402 10.79086 11.94131 12.16282 11.48249 10.61952 11.12763 
  5.281194 5.922269 6.887496 6.235306 6.296188 6.65714 7.884632 8.017323 8.181103 8.792671 9.486455 10.00267 9.091202 8.796986 9.030409 9.287846 9.37846 9.59248 10.26688 10.89301 10.72392 10.82182 10.61644 
  4.267495 6.048534 6.492857 6.543259 6.183711 6.398676 7.024849 7.875038 7.549374 8.833415 8.893973 8.601534 7.864337 8.266679 8.593073 9.021593 9.37846 9.127081 10.05023 10.22029 10.09579 10.44316 10.88084 
  4.335075 6.073787 6.26265 5.264068 5.283887 5.219436 6.475045 6.855004 6.30254 7.162925 7.458345 7.187861 7.350252 8.428717 8.316093 8.937514 9.3954 9.418892 9.488301 9.601357 9.860023 10.28755 10.51363 
  4.605394 5.139423 5.868011 6.069485 5.865023 4.880203 5.787789 5.635179 5.130936 6.531398 7.139317 6.761718 7.631656 8.178294 8.972097 8.713302 8.90415 9.169358 9.820043 9.875032 10.11764 10.37055 10.71926 
  4.368865 4.306072 4.486773 2.666095 4.665258 4.470023 4.940509 5.820516 6.335789 6.714745 6.888651 7.137727 7.391579 7.972063 8.68054 8.923501 9.361521 8.61261 9.274158 9.354143 9.974563 10.22531 10.32443 
  4.504025 4.987905 3.277579 3.034623 4.702751 5.364822 5.732809 6.008605 5.899467 6.857347 6.957015 7.037457 7.236603 8.163563 8.447294 8.629222 8.478522 8.756661 9.300712 10.21498 10.25751 10.27199 10.75966 
  4.875714 4.306072 5.012959 5.240379 4.300772 5.429438 6.021456 5.406949 6.335789 5.710268 6.131725 7.563653 8.18163 8.428717 8.651384 8.545142 9.022727 9.2887 9.528923 9.625282 9.989834 10.05921 10.12027 
  4.825029 5.088918 4.486773 4.837671 3.894982 4.442397 4.940509 5.422164 5.762839 5.805794 6.772144 7.15026 7.515561 8.502371 8.826319 9.441992 9.41234 9.277851 9.603395 9.713003 9.791301 9.890059 10.2145 
  3.553592 3.194937 3.861926 3.771679 4.365317 4.912511 4.596427 4.828765 6.468784 6.918463 6.615944 6.511045 7.737421 7.927871 8.578495 9.147713 8.758571 9.375494 9.44768 9.800668 9.753121 10.29274 10.55035 
  4.08165 3.119178 3.73038 4.079632 3.786771 5.39713 5.622848 5.789167 5.916545 6.388795 6.819004 6.83692 7.236603 8.193025 8.753429 8.713302 8.921089 9.321248 9.786191 9.795356 10.13949 10.26162 10.22235 
  4.960189 2.082191 3.861926 4.67185 4.515288 5.057897 5.829025 6.510175 5.745761 6.116255 7.435557 7.511759 8.118172 7.818828 8.199471 8.993567 8.853331 9.055055 9.644016 9.949396 10.13512 10.68696 10.60176 
  4.41955 3.87677 4.190793 4.150698 4.246667 4.33189 4.921393 5.483026 5.472506 6.368423 7.139317 7.563653 7.568198 7.63048 7.99419 9.343899 8.758571 9.075633 9.420599 9.816603 10.32307 10.5884 10.69723 
  4.18302 3.826264 3.302854 3.587415 3.922035 4.359517 5.24636 5.376518 5.028465 5.769972 6.537844 6.899588 7.631656 7.808914 7.766101 8.099973 8.502874 9.147659 9.583085 9.569459 10.5722 10.36017 10.41448 
  4.030965 3.750504 3.201756 5.098247 4.030245 4.470023 6.365084 5.851863 5.660368 6.449911 6.957015 7.304183 7.737421 8.355062 8.165257 8.573169 8.870271 9.034475 9.075003 9.853786 10.14387 10.61434 10.70825 
  3.191787 3.169684 3.763267 3.429474 5.11517 5.784825 5.208128 6.181019 6.801273 6.1879 7.025378 6.749184 7.589351 8.310871 7.868741 8.573169 8.697691 9.321248 9.73203 9.681105 10.0346 10.65065 10.45487 
  3.126004 3.295949 2.721546 2.955653 3.786771 4.138504 5.471652 5.789167 6.618404 6.755488 6.979803 7.112659 7.673962 8.163563 8.622229 8.867448 8.819451 9.116791 10.02315 10.33715 10.1089 10.69733 10.59808 
  4.470235 3.927276 3.63172 4.529718 4.777736 4.928665 6.406319 6.431805 6.867771 7.061066 6.819004 7.200395 7.525892 7.689958 8.176661 8.755342 9.37846 9.44059 9.501842 10.0875 10.27062 10.37573 10.51363 
  4.2506 4.306072 2.569901 3.24521 4.646512 5.025589 5.24636 5.254795 5.933624 6.592514 7.20768 6.861987 7.350252 7.957332 8.491028 7.912533 8.612458 9.116791 9.535693 9.561484 10.01274 10.31868 10.32443 
  4.18302 3.003957 2.241335 3.350504 5.133916 5.930211 5.512887 5.528671 5.950702 6.429539 7.070953 7.356077 7.21594 7.471871 8.68054 8.334272 8.90415 9.549083 10.00961 9.665155 10.19631 10.36017 10.77802 
  4.960189 3.396962 3.697493 3.961189 5.096424 5.380976 4.634659 5.820516 6.119671 6.044611 7.20768 7.278236 7.45357 8.207755 7.697674 8.486567 8.502874 8.993319 9.474761 10.03438 10.41485 10.0874 10.07316 
  4.064755 2.934824 2.494078 3.961189 4.815229 5.090205 5.016972 6.275064 5.404191 6.247604 6.553464 6.811852 6.874991 8.193025 8.520184 8.685275 8.938029 9.353796 9.644016 9.800668 10.42359 10.36536 10.48425 
  4.656079 2.727427 3.050111 4.032255 4.627766 5.55867 5.595358 5.543887 6.784649 7.529618 7.617859 7.875017 7.88549 8.310871 8.738852 8.657248 8.90415 9.690124 9.508612 9.513637 10.13075 9.847773 10.34014 
  3.948288 2.681339 3.024837 4.553407 4.965199 5.574823 5.911495 4.874411 6.169544 6.77586 6.475364 7.433918 8.287394 8.08991 8.142448 8.310843 8.612458 8.880135 9.327265 9.747551 10.23128 10.25124 10.23806 
  4.14923 2.335676 2.064415 2.455508 4.003193 3.558344 5.279221 6.039952 7.017391 6.511026 7.481133 7.719335 7.474234 8.08991 8.563917 8.727315 8.137592 9.003608 9.194495 9.880343 10.32307 10.22531 10.48058 
  4.35197 2.658295 3.4344 3.9375 5.546336 4.58053 6.365084 5.757819 5.182172 6.572142 7.503921 8.238276 7.631656 7.878305 8.418139 8.713302 9.37846 9.13737 9.75911 10.02376 10.05208 10.59878 10.48425 
  3.783831 3.523227 2.26661 4.055943 4.983946 4.880203 5.691574 5.559102 5.233407 6.572142 7.00259 7.433918 7.822032 7.739523 8.797163 8.521712 9.242943 9.147659 9.616936 10.19374 10.20506 10.3498 10.62379 
  4.335075 4.508097 5.144505 4.908737 5.977501 6.350214 5.279221 6.713938 7.017391 6.898091 7.298831 7.125193 6.864659 8.10464 8.622229 8.573169 9.192124 9.809466 9.481531 9.55351 10.03022 10.19419 10.2145 
  3.849614 3.371709 3.302854 3.795367 4.852722 5.138666 5.093434 5.91456 6.186169 6.092374 7.572284 7.459865 7.991254 8.016255 8.753429 8.909488 9.141305 8.808108 9.240965 9.641232 9.791301 10.11559 10.4512 
  2.369504 2.128279 3.125934 4.245453 4.165509 4.718663 4.787584 5.851863 6.186169 6.77586 6.725284 6.69905 7.737421 7.927871 8.359827 8.170263 9.056606 9.034475 9.434139 9.880343 10.06519 9.875964 10.30873 
  3.25757 3.573733 2.74682 3.866434 5.583828 5.736363 5.993966 6.463152 5.540819 6.77586 7.595072 7.511759 7.822032 8.10464 8.074021 8.334272 9.463159 9.798616 9.955447 10.06094 10.1832 10.51578 10.5834 
  4.335075 2.450897 2.595175 3.24521 3.813824 4.783279 5.265475 5.483026 5.967781 5.829676 7.458345 7.112659 7.547045 7.942602 7.640652 8.287413 8.870271 9.310399 9.813272 9.728952 10.1089 10.51578 10.56136 
  4.41955 3.674746 3.227031 4.979804 5.021439 4.58053 5.389181 6.525849 6.269291 7.570362 7.20768 7.537706 7.443238 7.888219 7.823123 8.252268 8.527226 9.505686 9.711719 9.601357 9.562223 10.23049 10.81841 
  4.62229 2.197411 2.443529 3.16624 4.084351 4.276637 5.911495 6.228042 6.219418 6.235663 7.298831 7.356077 8.223935 8.576024 8.811741 8.853435 8.551579 9.494837 9.454451 9.593383 10.1832 10.47429 10.767 
  4.166125 2.980913 2.569901 2.955653 2.596454 4.359517 5.279221 5.087426 6.236042 6.17596 7.048166 6.799319 7.631656 8.207755 8.388983 8.240553 8.746395 9.201906 9.340542 9.736927 10.24002 10.0874 10.30873 
  3.290461 2.52003 3.63172 4.577095 4.833975 5.526361 5.444161 6.118323 6.335789 6.247604 7.00259 7.33013 7.864337 7.972063 7.925763 8.643235 9.073546 9.45144 9.833583 10.00783 10.39737 9.946442 10.22235 
  4.08165 3.144431 3.73038 4.150698 3.97614 4.110877 5.485397 6.196693 5.796996 5.543097 6.381644 7.226342 7.716268 7.986794 8.257782 8.909488 8.722043 9.147659 9.114834 9.827227 10.17883 10.39648 10.44753 
  5.027769 3.22019 4.190793 5.500956 5.733799 5.445592 6.942378 6.823656 7.216885 7.020322 6.459744 7.615547 7.673962 7.72961 8.119639 8.146832 9.107426 9.034475 10.07731 9.933461 9.882932 10.25643 10.30087 
  4.825029 2.266544 3.467287 3.613738 4.030245 4.831741 5.705318 5.91456 6.768024 6.32768 6.888651 7.563653 7.843184 8.030986 7.674865 8.559155 8.210649 8.653768 9.327265 10.10344 10.08704 10.82182 11.00423 
  2.961548 1.713484 1.685302 2.08698 3.489192 4.750971 4.558196 6.196693 7.4995 6.283427 6.694044 7.511759 7.88549 8.193025 8.578495 8.937514 8.870271 9.180207 9.373734 9.601357 9.692034 10.15788 10.51363 
  4.892609 3.396962 3.53306 4.127009 3.922035 3.945117 4.825815 6.102649 6.551907 6.490654 6.911439 7.252289 7.758574 7.769262 8.142448 8.797381 8.648987 8.674346 9.380373 9.513637 10.26625 10.26162 10.73762 
  3.422026 2.980913 3.63172 2.718742 4.459049 5.07405 5.055203 5.742145 6.15292 5.996847 7.139317 8.0307 7.610504 7.799001 8.345249 8.755342 8.795099 8.921292 9.664328 9.720978 10.06082 10.94257 10.53933 
  3.718049 2.450897 1.836947 3.640062 3.922035 4.977127 5.622848 6.118323 6.551907 6.295367 6.865864 7.304183 7.800879 8.752793 8.028403 8.741328 8.988848 8.777241 9.300712 9.859097 10.23565 10.54172 10.543 
  4.166125 2.658295 3.277579 4.790294 4.890214 5.655593 5.595358 5.619964 6.618404 6.572142 5.866185 6.598781 7.589351 8.11937 8.593073 8.909488 9.37846 9.267001 9.367096 9.954708 9.99747 9.890059 10.35584 
  5.264298 4.003036 3.368627 4.340208 5.358872 5.494054 5.993966 5.773493 6.30254 6.164019 6.412884 6.586247 6.978309 7.650306 8.074021 8.839421 8.988848 9.462289 10.1247 9.949396 10.13949 10.38611 10.42182 
  3.981179 4.104048 4.881412 4.506029 3.786771 5.170974 6.54377 6.228042 5.216329 6.633257 7.321619 6.97479 7.432906 8.10464 8.563917 9.021593 8.954968 9.364645 9.387012 10.09813 9.966927 10.33942 10.42182 
  3.454918 3.497974 4.322339 4.932426 4.165509 4.635783 5.609103 5.528671 5.796996 5.937143 6.934227 6.861987 7.631656 8.207755 9.249077 9.077646 8.795099 9.034475 9.320627 9.954708 10.01274 10.09445 10.28517 
  5.416353 3.396962 3.252305 3.403151 3.543298 4.16613 5.485397 5.650394 5.250485 6.694373 7.344407 7.33013 8.075866 8.384524 8.738852 8.181978 8.921089 9.408042 9.267519 9.697054 10.01274 10.3083 10.56503 
  4.892609 3.447468 3.82904 3.771679 4.75899 5.526361 5.265475 5.650394 6.502033 6.612885 6.412884 7.226342 7.673962 8.08991 8.09683 8.521712 8.709867 9.549083 9.562774 9.617308 9.921111 10.03806 10.03389 
  5.804938 3.902023 3.4344 4.221765 5.640067 5.881749 6.076437 6.055626 5.967781 6.918463 7.435557 7.563653 7.091958 8.428717 7.800314 8.029683 8.782923 9.034475 9.015257 9.585408 9.737849 10.0733 10.24591 
  4.504025 3.725252 3.277579 3.455798 4.627766 4.831741 4.844931 5.69604 6.418911 7.3259 6.957015 7.641494 7.16428 7.709784 7.868741 8.699288 8.921089 9.679275 10.02315 9.954708 9.524044 10.05216 10.50995 
  4.841924 2.750471 2.999563 3.08727 4.740244 4.896357 4.519965 5.437379 5.370035 5.543097 6.957015 7.719335 7.515561 7.72961 8.214048 8.381132 9.37846 9.158508 9.72526 10.07157 10.10016 10.13673 10.41081 
  3.915396 4.104048 4.420999 4.506029 5.415112 5.445592 4.940509 6.086975 6.001938 6.140137 6.819004 7.200395 8.350852 8.576024 8.199471 8.839421 9.158245 9.375494 9.44768 9.346169 9.53168 9.974633 9.986781 
  4.554709 4.558603 5.111618 4.742916 4.609019 5.55867 6.351339 6.745286 6.45216 7.142553 7.162105 7.304183 7.589351 8.163563 8.491028 8.741328 9.649495 9.44059 9.610166 9.457814 9.768393 10.03806 10.34014 
  4.14923 3.699998 4.22368 3.587415 4.030245 5.138666 5.567868 5.804842 5.779918 5.996847 6.709664 6.799319 8.245089 8.340332 7.629247 9.259819 9.259883 9.842014 10.15178 9.774109 10.13512 10.10854 10.28517 
  4.35197 4.154554 5.769351 5.500956 6.521144 5.914057 6.804927 8.017323 8.734262 9.82301 11.7575 13.36046 13.41659 12.56675 12.26757 12.06907 11.45281 10.35193 9.39365 9.545535 10.17446 10.4691 10.80739 
  5.635988 5.821257 7.696119 6.803835 8.031123 7.65643 8.572457 9.297893 9.84058 10.99058 12.88595 14.30674 14.47764 13.11742 12.60636 12.54094 12.07292 10.53637 9.650786 10.10344 10.22691 10.48985 10.53566 
  4.875714 5.038411 5.637805 4.079632 4.796483 5.655593 6.200142 5.742145 6.069798 7.020322 8.21034 9.743203 9.873856 8.29614 8.374405 8.853435 8.709867 9.180207 9.610166 9.875032 10.08704 10.5106 10.49159 
  4.740554 3.447468 2.645723 3.890122 4.871468 5.009435 5.093434 5.773493 7.05064 6.816604 7.139317 7.900964 7.88549 8.222486 7.857337 8.193693 9.005788 9.353796 9.400289 9.226549 10.06082 10.33424 10.36369 
  5.416353 2.796559 3.894813 4.29283 4.927707 5.510208 6.021456 7.215508 6.934269 6.199841 7.845737 8.99074 8.71045 8.251947 8.257782 8.811395 8.612458 8.96245 9.300712 9.96002 10.13075 10.0874 9.908257 
  4.2506 5.139423 6.229764 4.932426 6.052486 6.447138 6.832417 7.403597 7.083889 7.814824 9.782696 11.31018 10.94082 9.695562 9.394855 8.965541 9.175184 9.245303 9.637246 10.41152 9.959291 10.10149 10.09671 
  3.487809 4.053542 4.059246 3.795367 5.002692 6.059443 5.074319 6.400456 6.817898 6.368423 6.957015 7.407971 7.360584 8.472909 8.68054 8.713302 9.242943 9.755219 9.508612 9.728952 10.25313 10.47429 10.63481 
  3.25757 3.119178 3.73038 4.813982 4.796483 5.574823 6.035201 5.726471 6.568531 6.694373 7.435557 7.667441 7.927796 7.689958 8.534761 8.951528 8.971909 9.353796 9.576314 10.09813 10.02148 10.48985 10.75231 
  4.166125 2.888736 3.63172 3.9375 4.684005 4.24901 5.292965 6.243715 6.535282 7.427759 6.957015 7.641494 7.091958 8.193025 8.797163 9.021593 8.807276 9.085923 9.501842 9.875032 10.2881 10.22531 10.55035 
  3.816722 1.990014 2.039141 3.890122 4.721498 5.380976 5.952731 6.384782 6.385662 6.612885 6.615944 7.062525 7.339921 7.888219 8.491028 8.615209 8.836391 9.581631 9.454451 9.601357 10.08267 10.71808 10.58707 
  3.553592 2.63525 1.685302 3.139917 4.300772 3.972744 5.189013 6.228042 6.086422 6.409167 6.787764 7.563653 7.652809 7.808914 8.768007 8.825408 9.175184 9.364645 9.148026 9.86972 9.928747 10.41204 10.41081 
  3.126004 3.119178 2.519352 3.9375 4.890214 5.752517 5.691574 6.33776 5.489584 5.949084 6.803384 7.278236 7.112622 7.957332 8.418139 8.381132 8.921089 9.034475 9.576314 9.90159 9.821844 10.5106 10.60176 
  4.18302 3.598986 3.075385 3.771679 5.358872 5.623285 5.911495 5.680825 6.086422 6.211782 8.028039 8.368011 8.012407 8.29614 8.709696 8.713302 9.192124 9.755219 9.765881 10.19374 10.15261 9.981681 9.994633 
  4.335075 4.129301 3.894813 3.587415 4.365317 5.203282 5.719064 5.574317 6.30254 7.061066 7.686223 7.459865 7.610504 7.986794 8.359827 8.334272 9.090487 8.777241 9.028534 10.15124 9.844752 9.911203 10.36369 
  4.2506 3.649492 3.861926 3.961189 4.515288 4.552903 5.485397 5.619964 5.882389 5.698327 6.979803 7.33013 7.779726 8.163563 8.330671 8.498282 8.722043 9.332097 9.134749 9.848474 10.24876 10.49504 10.52831 
  3.948288 3.674746 3.151208 4.577095 5.733799 5.736363 5.131666 5.820516 6.635029 6.612885 6.834624 7.667441 8.3297 8.355062 7.617843 8.895474 8.971909 9.397193 9.772651 9.713003 9.905839 10.36536 10.52097 
  2.501069 2.681339 4.22368 4.008566 4.165509 4.49765 5.416671 6.275064 6.502033 6.470283 6.287925 6.87452 8.160477 7.858479 8.085426 8.559155 8.836391 9.2887 10.09762 9.774109 9.768393 10.32386 10.51363 
  3.290461 2.842648 3.277579 3.297857 5.208902 5.4779 5.815279 5.437379 5.967781 6.938835 7.572284 7.433918 8.202783 8.355062 8.165257 8.643235 9.056606 9.158508 9.121472 9.561484 10.13512 10.03102 10.30087 
  5.298089 3.699998 3.33574 3.297857 4.496542 5.219436 5.208128 5.977256 6.219418 5.781913 6.957015 7.537706 7.948949 8.561294 8.359827 8.099973 8.040184 9.024186 9.407059 9.779421 9.798937 10.13673 10.26161 
  4.740554 3.295949 2.797369 2.797712 4.477795 4.00037 5.677828 5.543887 6.335789 6.857347 6.888651 7.024924 6.998972 7.650306 8.257782 8.629222 9.41234 9.277851 9.134749 9.617308 9.844752 10.31349 10.54667 
  3.816722 2.773515 3.894813 3.561091 3.05635 2.950557 4.042073 5.285226 7.133762 6.694373 6.957015 7.537706 7.505229 7.917958 8.188066 8.381132 8.441994 9.397193 8.988703 9.880343 10.14387 10.72327 10.48058 
  4.639184 3.927276 3.201756 3.719032 5.152663 4.691037 4.959625 5.589533 6.834522 6.008788 6.709664 7.278236 7.589351 7.72961 7.834527 8.076543 8.697691 8.931581 9.535693 10.05032 10.14824 10.57803 10.52464 
  4.537815 4.457591 3.252305 3.350504 3.840877 5.170974 6.131417 6.635568 6.45216 6.490654 6.911439 7.407971 7.143617 7.957332 8.549339 8.629222 9.039667 9.733521 9.867434 10.30528 10.44982 10.37573 10.52831 
  4.554709 3.027001 3.861926 3.890122 4.327825 5.170974 6.117672 5.726471 5.728683 6.449911 7.686223 7.797176 7.319257 7.709784 8.593073 8.643235 8.770747 9.342946 10.00284 10.29466 10.02585 10.06625 10.71926 
  3.652266 2.543074 4.256566 4.079632 4.421556 4.49765 5.334201 5.726471 6.651653 6.020729 6.553464 6.774251 7.298594 7.927871 8.374405 8.170263 8.539402 9.024186 9.114834 9.981267 10.38426 10.26162 10.49527 
  4.064755 3.952529 3.894813 3.842745 4.057298 4.734817 5.189013 5.604748 6.618404 6.32768 6.725284 6.498512 8.160477 8.517101 8.549339 9.09166 8.921089 9.191056 9.254242 9.848474 10.28373 10.00987 10.44386 
  3.816722 3.22019 3.565947 4.269142 4.459049 4.24901 5.540378 6.118323 6.103046 6.17596 6.756524 7.356077 7.610504 7.789088 7.469584 8.755342 9.073546 9.310399 9.267519 9.896279 9.989834 10.27718 10.6091 
  4.571605 3.447468 4.22368 4.316519 4.75899 4.718663 5.055203 5.742145 6.119671 6.612885 7.663435 7.771229 7.822032 8.030986 9.205343 9.189753 9.276822 9.245303 9.461221 9.601357 9.928747 10.10854 10.50261 
  3.356244 3.422215 3.252305 3.08727 4.111403 5.4779 5.650338 4.996134 5.404191 6.271486 6.911439 7.433918 7.948949 8.148832 8.432716 8.545142 9.073546 9.928808 9.711719 9.768798 10.06082 10.15788 10.57972 
  4.014071 3.573733 3.796153 4.103321 4.165509 4.16613 4.692006 5.46781 5.335878 6.068492 6.506604 6.987323 7.174612 7.769262 8.88463 9.00758 9.327641 9.106502 9.234326 9.795356 9.783665 9.925299 10.53933 ]
