 [
  4.119212 2.929741 3.736463 4.388416 4.911413 4.577407 4.778351 4.459937 5.030254 6.107872 7.562221 7.354629 8.366329 8.468006 9.051171 8.506351 8.703121 9.376021 9.373196 9.471487 10.30852 10.2787 10.40814 
  4.190224 2.879531 3.695285 5.114541 5.041774 4.929008 4.540247 4.577848 5.699025 6.256005 7.047453 7.033409 7.154405 7.22455 8.185378 8.649599 8.862496 8.895288 9.594188 9.973246 9.539268 10.57111 10.35033 
  4.190224 2.929741 3.901173 4.781734 4.944003 4.987609 5.254558 5.450394 6.53285 6.515238 7.013824 7.014513 7.514976 7.955824 7.833979 8.915921 8.958121 9.157196 9.648985 9.462909 10.31325 10.69152 10.42466 
  3.125043 2.678688 4.10706 5.235562 4.683281 4.430906 5.122278 5.851294 5.789399 6.256005 5.298718 7.260152 7.039021 7.597356 8.136573 8.396159 8.384371 9.448178 9.756218 9.651643 10.10517 10.16419 10.52179 
  4.083705 3.080374 4.189416 4.025353 4.455149 4.196505 4.989998 5.756964 5.897848 6.330071 6.173086 7.354629 7.832279 7.755082 8.185378 8.451255 7.93812 9.000051 9.53231 10.15593 10.27069 10.30017 10.64621 
  3.018525 2.578266 3.818818 4.842244 4.911413 4.255105 4.513791 4.837254 6.024372 5.644956 6.341233 7.090095 7.875547 8.421466 8.519527 8.407179 8.543746 9.167673 9.541149 9.565855 10.12408 10.50086 10.57511 
  3.51561 3.231006 3.901173 4.660713 4.976593 4.958308 4.06404 5.356065 6.042447 6.867828 7.081083 7.619163 8.46739 7.597356 7.628996 8.740973 8.894371 9.4121 9.408554 9.906412 10.11936 10.20713 10.26774 
  4.900344 3.180795 3.654108 5.023775 5.269906 5.30991 4.698983 6.273535 6.150896 6.237488 6.61027 7.335733 7.933239 7.88413 7.765651 8.098644 8.703121 9.157196 9.603027 10.00444 10.07679 10.72664 10.59289 
  4.687308 2.879531 3.77764 4.630458 4.487739 4.401606 4.090496 4.69576 6.463689 6.737437 7.840254 7.675849 7.630359 7.296243 8.253706 8.440236 8.846559 9.052433 9.679623 9.99998 9.998208 10.49585 10.36685 
  5.077874 3.231006 3.859995 4.660713 4.715871 4.929008 5.386837 5.804129 6.463689 6.552271 6.744788 7.316838 7.197673 8.142227 8.519527 8.799289 8.958121 9.167673 9.52347 9.88859 10.00586 10.12125 10.16863 
  3.870669 3.431849 4.10706 5.05403 4.911413 3.522602 3.878849 5.521141 5.500201 5.589406 6.643899 7.878265 8.113676 7.841114 7.84374 8.054567 7.969995 8.633379 9.037287 9.703115 10.03896 9.892238 10.42466 
  3.373585 2.678688 3.61293 3.934588 3.184128 4.050004 5.04291 5.945622 6.53285 6.867828 7.181972 7.449105 7.38517 7.826776 8.785349 9.265819 8.958121 9.4121 9.679623 9.982157 10.21867 10.34533 10.28426 
  4.40326 3.180795 3.324687 4.630458 4.944003 4.401606 4.725439 5.332482 5.662875 6.933023 6.812047 7.600268 7.399593 8.374927 8.466363 8.451255 8.926247 8.769571 9.337836 9.711695 10.32271 10.23576 10.276 
  4.40326 3.933957 3.818818 4.479182 5.139545 4.577407 4.090496 5.379647 5.500201 6.998219 7.24923 7.827662 8.265268 8.142227 8.625856 8.660618 8.926247 9.14672 9.771537 9.803933 10.46458 10.8019 10.22645 
  4.829331 3.783324 4.683546 4.660713 3.901114 3.844903 4.328599 4.459937 5.6448 5.848639 7.047453 7.335733 8.214737 7.984501 7.882784 8.109663 8.495934 8.748619 9.22292 9.471487 10.1761 10.15704 9.986933 
  3.941681 3.682903 3.77764 4.842244 5.139545 4.108604 4.355056 5.3089 6.150896 6.348588 7.047453 6.46655 7.673627 8.281847 7.941351 8.740973 8.958121 8.738142 9.417394 9.522961 9.516321 10.12841 10.84173 
  4.0482 3.582481 3.94235 4.93301 4.846232 4.489506 5.333926 5.261735 5.427901 5.552372 6.240345 7.014513 7.457284 7.640372 7.814457 8.153739 8.607496 8.958146 9.549989 10.22276 10.27542 10.16419 10.35033 
  4.75832 3.431849 4.312948 4.690968 4.455149 4.811808 5.069366 4.955165 5.771324 5.626439 6.307604 7.203466 7.341902 7.740743 8.732185 8.418198 8.798746 9.282913 9.267118 9.531539 9.891123 9.84214 10.40814 
  5.360365 3.53227 3.901173 4.17663 3.933704 4.167205 4.06404 4.554266 5.373677 5.626439 6.442122 7.354629 8.113676 7.468308 7.726607 8.087625 8.894371 8.706714 9.633665 9.848489 10.25177 10.4256 10.40814 
  4.864838 3.632692 3.94235 4.539692 3.998885 4.225805 5.095822 6.151803 5.825549 6.163422 6.946565 7.562477 7.370748 8.421466 8.087768 7.977434 9.108003 9.303865 9.603027 9.583013 10.09098 10.3654 10.4164 
  3.338079 3.632692 4.601191 5.205307 4.911413 5.25131 5.572029 5.969205 5.626725 6.033805 6.442122 6.712189 7.962085 7.755082 8.466363 8.484312 9.257884 9.592491 10.0626 10.06236 10.43147 10.24292 10.24296 
  7.513478 8.654343 9.404057 10.18097 10.29979 10.13758 10.04513 9.803759 9.852566 10.45357 10.84302 11.52176 11.54975 11.67925 11.60306 11.65679 12.65519 12.62306 11.33408 10.71131 10.51187 10.26439 10.68176 
  9.249861 10.78293 10.90689 12.44197 12.34091 11.61075 11.85855 11.26454 11.16662 12.14865 12.3444 13.34351 13.16673 13.30815 13.25115 13.34796 14.60365 14.42212 13.03152 12.4229 12.17667 11.37819 11.62378 
  5.985463 7.920345 7.650743 9.474401 8.185782 8.536305 8.533947 8.647306 9.506763 9.280054 10.34256 10.7627 11.04445 11.07424 13.35748 13.93112 15.41819 15.52267 13.88766 13.08121 12.51213 12.46772 12.54803 
  4.474272 6.452352 7.212416 8.767837 8.69606 9.433018 10.22647 9.012502 10.12921 10.58396 11.78833 12.23022 13.06567 13.07545 14.42077 15.62229 17.82814 17.8238 16.33376 15.18779 14.86036 14.64677 14.66282 
  5.429821 6.085353 7.337652 9.333089 10.44559 10.20163 10.04513 11.02108 11.51242 11.17072 12.12197 11.9266 13.36885 13.58739 15.10975 16.0305 18.21894 18.8243 17.67911 16.5044 16.2022 15.73629 16.33838 
  5.568731 6.81935 8.089071 9.474401 10.66428 10.45783 10.46826 11.75147 11.58158 11.82267 11.45469 11.67358 13.01514 14.18058 15.72179 17.10038 18.15381 18.8243 18.41294 17.82101 16.98494 16.60791 17.26925 
  4.93585 6.672551 7.149797 9.615715 9.643721 10.45783 9.984682 10.41242 11.44326 12.01826 12.51122 12.68566 13.72256 13.44777 15.16075 16.79462 19.45649 20.22499 18.53524 17.55769 17.32041 17.26163 17.54851 
  5.777097 6.672551 8.276927 9.333089 9.862411 9.881374 11.01229 11.62974 12.75732 12.60502 12.78925 12.23022 13.21726 14.09933 15.46677 17.28023 19.00055 19.92484 19.26907 18.08433 17.54405 17.69744 18.10703 
  5.429821 5.938554 8.715255 9.827684 11.02876 10.39378 11.61676 11.62974 11.30494 12.08345 12.23318 11.82539 13.01514 14.18058 15.61978 16.57879 18.60975 19.0244 19.02446 17.95267 17.32041 17.58848 17.92086 
  4.93585 5.865154 8.840491 10.88753 10.66428 10.07353 10.40781 10.22982 10.19837 12.21384 12.78925 11.9266 13.1162 13.30815 14.89925 16.39894 18.41435 20.22499 19.26907 18.21599 17.32041 17.80639 18.29321 
  5.777097 6.158753 8.590018 9.757028 10.154 10.20163 10.58916 10.47328 10.95914 11.95306 11.89954 11.42056 12.20665 12.93583 15.31376 15.97219 17.95841 19.92484 18.90216 18.08433 17.20859 17.58848 18.57247 
  8.416397 8.654343 8.965728 9.827684 9.789515 9.112763 9.80334 10.04722 11.30494 12.14865 12.67804 12.48324 14.02575 13.82009 14.95241 16.16512 17.82814 18.92435 18.90216 18.61097 17.54405 17.47953 18.10703 
  7.860755 7.920345 8.715255 9.89834 10.00821 9.368967 9.742893 11.02108 11.65075 13.19177 13.34532 12.78687 14.51742 14.26183 14.58026 16.27304 17.56761 18.92435 19.14677 18.61097 17.65587 17.80639 18.47938 
  6.818926 7.700147 7.588125 10.03965 9.935308 10.32973 10.95184 10.35155 11.30494 12.60502 13.34532 13.29291 14.51742 14.18058 14.20811 16.14714 17.30707 18.6242 18.90216 18.21599 17.32041 17.26163 17.92086 
  7.235658 7.846946 8.464782 10.88753 9.789515 9.817324 10.6496 11.20367 11.0283 13.19177 13.73457 13.03989 14.86711 14.26183 14.26128 16.21908 17.04654 17.8238 17.4345 17.03104 15.53128 16.1721 16.05912 
  13.55609 14.08592 13.53686 13.07788 11.39325 9.433018 10.28692 10.71675 11.23578 12.8658 13.01168 11.77479 12.91408 12.65659 11.97521 13.8728 15.20317 15.32257 14.13227 14.26616 12.84759 12.79458 13.54578 
  15.59919 15.88901 16.58291 17.11246 15.67552 13.59633 13.06749 14.14292 15.63416 16.87438 16.09272 16.32073 17.66466 16.45563 16.28283 16.79462 16.13466 14.62222 12.42 10.84297 10.94664 11.05134 12.45916 
  15.62206 16.12802 17.19649 17.91156 17.44129 14.87967 14.29013 14.63519 15.93143 17.49466 16.58042 16.32073 17.92693 16.94313 16.53784 16.43491 15.80899 14.82232 12.05308 10.08464 10.83482 11.37819 12.2992 
  15.55344 16.0832 17.04309 18.71066 18.36255 15.52134 14.8671 15.18215 16.3476 17.83927 17.12908 17.43946 18.88859 17.91816 17.30289 16.68671 16.00439 14.42212 11.25748 10.31633 10.61118 11.26924 13.08035 
  15.46196 16.03839 16.78744 19.1102 18.74642 16.16301 15.21328 15.61972 16.82323 18.39063 17.61678 17.71915 19.32571 18.32441 17.76193 16.88455 14.85345 13.30855 11.80847 10.05345 10.723 11.70505 13.35961 
  15.34761 16.05333 16.42951 18.71066 18.66965 16.64426 15.44407 15.8385 16.88268 18.66632 17.98255 17.78907 19.32571 18.56817 17.81293 16.59678 15.00333 13.30855 12.29769 10.25395 10.56389 11.37819 13.35961 
  15.25612 16.0832 16.17385 18.24452 18.97673 17.12551 15.84794 16.05729 17.2394 19.07984 18.28736 18.13867 19.58798 18.81192 18.01694 16.21908 14.95337 13.41678 12.29769 10.57965 11.2821 10.94238 13.73195 
  15.14177 16.06827 16.02046 18.11133 19.43737 17.20572 16.07873 16.22138 17.59612 19.42444 18.40929 18.5582 19.93768 19.21818 18.27196 16.81261 15.67872 13.74149 11.80847 10.31633 10.61118 10.58616 13.35961 
  15.07315 16.00851 15.86707 18.11133 19.3606 17.28593 15.90564 16.22138 17.47722 19.14876 18.28736 18.34843 19.76283 18.89318 18.11895 16.72268 15.41819 14.02192 12.29769 10.0579 10.83482 10.85207 13.26652 
  15.00454 16.06827 15.71367 17.77838 18.89996 17.52656 15.90564 16.33077 17.53667 18.942 17.98255 18.27851 19.67541 18.97443 18.01694 16.90253 15.67872 13.84972 12.17539 10.26286 10.31325 10.80692 12.37029 
  14.93593 16.0832 15.66254 17.44542 18.66965 17.9276 15.90564 16.49486 17.77448 19.01092 17.86063 18.06875 19.67541 18.81192 17.96594 16.95649 15.80899 14.22202 11.28812 10.31633 9.914069 10.81695 12.708 
  14.82157 16.09814 15.61141 17.31224 18.89996 18.32864 16.19412 16.54956 18.07175 19.01092 17.79967 18.34843 19.76283 18.64942 17.86393 17.04642 15.41819 13.45286 11.56386 10.18712 10.19502 10.43062 13.08035 
  14.70722 16.06827 15.61141 17.24565 19.20705 18.64948 16.5403 16.98713 18.30956 18.942 17.61678 18.20859 19.50056 18.48692 17.86393 16.81261 15.35306 13.92188 11.51791 9.937601 10.05788 10.94238 13.73195 
  14.63861 16.03839 15.56028 17.11246 19.28382 18.64948 16.82879 17.09652 18.72574 18.942 17.43389 18.20859 19.32571 18.32441 17.76193 17.04642 15.35306 13.92188 11.39535 10.02671 10.39837 11.05134 13.63887 
  14.63861 16.00851 15.50914 17.04587 19.28382 18.40885 16.94418 17.20591 18.78519 18.66632 17.19004 18.27851 19.15086 17.91816 17.55791 17.02843 15.41819 14.12197 11.80847 9.74601 10.20448 10.75173 14.01121 
  14.63861 16.00851 15.50914 17.11246 19.13028 17.9276 16.77109 17.20591 18.48792 17.97711 16.70235 17.99883 18.62632 17.34939 17.3539 16.68671 15.10325 14.12197 11.25748 9.96879 9.60046 10.3955 12.80109 
  14.66148 15.91889 15.45801 17.24565 18.59287 17.12551 16.07873 16.82304 17.83394 17.08114 16.03176 17.5793 18.18921 16.94313 17.20089 16.61476 14.90341 13.59717 11.30344 9.875222 10.60645 10.69152 12.58358 
  14.50138 15.62012 15.25348 16.77951 17.05742 15.60155 15.21328 16.05729 16.76377 15.90949 15.30021 16.74025 16.87785 15.80561 16.07881 15.44734 13.85424 12.65914 10.01664 9.781654 10.36527 10.66142 11.37495 
  14.11173 15.18691 14.99783 16.11359 15.52198 14.238 14.00165 15.12745 15.69361 14.49568 13.84578 15.69144 15.65392 14.34308 15.05874 14.39765 12.70515 11.72111 10.12387 10.08018 10.56862 10.52093 11.7482 
  13.90336 14.89332 14.53764 15.3145 14.75425 13.67654 13.59777 14.68988 15.39634 14.30009 13.28971 15.13207 14.86711 14.18058 14.84608 13.98944 12.50531 11.57679 10.75196 10.44799 10.41729 10.6263 11.19721 
  13.62554 14.59972 14.23085 14.84429 14.16333 13.08392 13.00705 14.19761 14.9013 13.97412 13.34532 14.99223 14.60484 13.72701 14.73976 13.46459 12.70515 12.00973 11.04302 10.97463 11.17028 11.16029 11.80152 
  13.55609 14.52632 13.97519 14.91495 14.52781 13.34012 13.30928 14.19761 15.09908 14.36529 13.45653 14.15318 14.42999 13.49431 14.68659 13.93112 13.10484 12.11797 10.72132 10.57965 10.723 11.26924 11.73043 
  14.29554 15.50062 14.69104 15.98041 15.7523 13.99737 13.54007 14.19761 15.51525 15.08244 14.06821 14.05197 14.42999 13.26161 14.42077 14.10607 12.50531 11.72111 9.986003 9.428594 9.738142 10.70657 10.8595 
  14.47851 15.82926 14.69104 16.11359 16.21293 14.39841 14.11704 14.30701 15.51525 15.22028 14.62963 14.29302 14.51742 13.82009 15.21175 15.09744 13.70436 13.056 10.64472 9.196965 9.638705 10.57111 10.73508 
  14.50138 15.84419 14.43538 15.98041 15.98261 14.31821 14.17474 14.08822 15.4558 15.49596 14.75155 14.2231 14.12681 13.12199 14.47393 14.74755 14.00412 12.94776 11.05834 10.31187 10.05788 10.31522 11.21498 
  14.54712 15.7695 14.28198 15.64746 15.59875 14.15779 13.82855 13.76004 15.09908 15.35812 14.56867 14.00137 14.17734 12.79621 14.47393 14.86418 14.05408 13.30855 11.19621 9.942057 9.952314 10.48079 11.32162 
  14.47851 15.56037 13.91257 15.11472 15.13812 13.83695 13.71316 13.69918 15.03962 15.84057 15.05637 14.43286 13.46991 12.51697 14.10178 14.51428 14.25393 14.12197 11.22684 9.531539 10.02004 10.69654 11.12611 
  14.38702 15.42593 13.47425 14.56167 14.60071 13.67654 13.77086 13.57745 14.76298 15.97841 14.87348 13.79895 13.67203 12.47043 13.51698 14.16438 13.80428 13.8858 10.9511 10.27623 10.10517 10.27154 11.17943 
  14.29554 15.23173 13.16115 14.20839 14.01753 13.34012 13.30928 13.15138 14.48634 15.6338 14.69059 13.59653 13.52044 12.88929 13.51698 14.28102 13.75432 14.02192 10.88983 9.759377 10.10044 10.55104 10.64621 
  14.18118 15.11351 12.84806 14.13773 13.65305 13.01987 12.8257 12.60359 13.93305 15.2892 14.87348 14.05197 13.01514 12.74967 13.51698 14.68923 14.75353 13.8858 10.92046 10.20939 9.906421 10.04969 10.48624 
  13.90336 14.81992 12.78544 13.99642 13.21567 12.25126 12.28168 12.11666 13.03396 14.56087 14.75155 14.15318 12.66142 12.28427 13.0385 14.51428 15.48332 12.94776 10.82855 10.26286 9.98291 10.38045 10.39163 
  13.695 14.59972 12.15926 12.58329 10.95586 10.64999 10.89139 10.83848 10.75166 12.73541 13.73457 13.59653 13.06567 12.00503 11.44357 12.70648 13.95416 12.37051 11.19621 10.22276 10.07206 10.41055 10.55734 
  13.695 14.74652 12.40973 12.08869 10.95586 10.39378 10.22647 9.986357 10.82082 12.27904 13.34532 13.1917 13.16673 11.72579 9.582814 12.00668 14.35385 13.056 11.47195 10.84297 9.845228 10.04253 10.38337 
  13.48663 14.15932 11.84617 10.74622 10.29979 9.304916 9.80334 10.65588 9.29928 12.01826 13.06729 12.28083 12.40877 11.07424 8.466363 11.24857 13.35464 12.00973 10.3077 10.23167 10.40783 10.08547 10.53957 
  13.20881 13.42532 11.40784 10.32228 8.841854 8.344152 8.89663 9.682027 10.26753 12.08345 12.45561 11.67358 11.44869 10.795 9.104336 11.59847 13.00492 11.64895 10.3843 9.660222 10.15246 10.58616 10.48624 
  12.72262 12.32433 10.21809 10.25162 8.331576 8.023898 8.957078 9.499429 9.645084 11.95306 12.56682 12.53385 11.65081 10.18998 8.466363 10.49046 11.75591 10.89131 10.76727 10.23613 9.99056 10.04253 10.66399 
  12.58371 12.32433 10.53119 10.03965 8.841854 8.408203 9.017525 9.255965 9.437602 13.06138 13.90139 12.88808 11.60028 10.42268 8.360035 9.674032 12.05567 11.21601 10.84387 10.01335 9.975262 10.16419 10.53957 
  12.4448 12.61793 10.28071 8.061272 7.894195 8.087949 8.715288 8.829904 7.985226 11.69228 12.3444 11.82539 11.2971 9.259183 8.146334 9.032554 10.20713 10.02543 9.909408 9.799478 9.98291 10.25007 10.1356 
  11.88916 11.95733 9.905003 8.48521 8.331576 8.472254 8.715288 9.195099 8.054386 9.997203 10.95423 10.15545 10.18543 9.166103 8.30687 9.207502 10.20713 9.664647 9.576509 9.8574 9.99056 10.54602 10.25948 
  11.26406 11.51693 9.341438 7.566677 7.238122 7.959847 8.89663 9.499429 8.123548 9.866812 10.12013 10.35787 10.03384 8.979944 8.224422 8.799289 9.307844 9.448178 9.802175 9.991069 10.37946 9.935178 10.12734 
  10.36115 10.34254 7.713362 8.131928 5.998875 6.999084 7.385448 7.551719 6.740332 9.410445 10.12013 10.00364 9.781183 8.607626 8.30687 8.799289 9.757488 9.953273 9.87877 10.17375 10.28014 10.49083 9.904343 
  7.096747 8.140545 8.15169 8.555867 6.654947 7.383389 8.171263 7.551719 7.362779 9.019274 10.28695 9.902431 9.730653 9.212644 8.998007 8.857605 9.857409 9.953273 9.924727 9.643064 10.14773 10.22145 10.57511 
  6.193829 7.993745 7.525507 6.789455 5.707287 7.383389 8.050368 7.734317 7.293618 8.758492 10.06452 10.05424 9.781183 9.119564 8.519527 8.627561 9.607607 9.664647 9.648985 9.737431 10.29433 10.32526 10.57511 
  6.61056 8.434143 8.5274 7.354707 6.873638 6.999084 7.687685 7.673451 7.293618 8.628101 10.17574 10.05424 10.38755 9.584962 8.572692 8.799289 9.157963 9.220055 9.046126 9.808389 10.27542 10.31021 10.59289 
  6.054918 8.874541 8.464782 6.577486 6.217566 7.255287 6.841422 7.429987 7.155297 9.149664 10.34256 9.649411 9.37694 8.514545 8.466363 8.915921 9.807448 9.339944 9.52347 9.768288 10.10517 10.39048 10.71731 
  6.471649 8.580943 8.402164 6.577486 5.925978 6.999084 6.780975 7.734317 6.740332 7.715367 10.17574 10.20606 9.831715 9.631502 7.980395 8.799289 9.507686 9.556413 9.87877 10.06681 10.723 10.52595 11.00169 
  6.332739 7.993745 8.402164 7.49602 6.58205 7.127185 7.869026 8.525574 7.362779 7.715367 9.119208 9.193974 8.770573 8.793785 8.572692 9.149186 9.008081 9.520334 9.817493 9.720273 10.16192 10.34031 10.8595 
  5.777097 7.626747 7.77598 6.930768 6.873638 6.486676 6.66008 6.882194 7.086136 7.976148 8.229502 8.789141 8.770573 8.747245 8.234184 8.539408 8.798746 9.031481 9.496951 9.557276 9.791685 10.25723 10.39989 
  7.305113 8.213944 6.899324 7.284051 6.290462 7.255287 7.445895 7.795183 5.735174 7.063414 8.118288 8.839745 8.366329 8.328386 7.941351 8.974237 9.207923 9.376021 9.802175 9.884133 10.41729 10.51591 10.59289 
  7.166202 7.993745 5.96005 5.870921 6.363359 6.678829 6.539186 6.395267 6.024372 7.193804 7.951468 8.434911 8.568451 8.188767 8.30687 9.09087 8.766871 9.484257 9.284799 10.05345 10.02004 10.30017 10.24296 
  5.916007 8.507544 7.901217 7.284051 6.873638 6.74288 6.780975 6.516998 5.825549 6.607821 8.507535 9.092765 7.918816 7.99884 8.243945 9.032554 9.307844 9.094338 9.633665 9.651643 9.860526 10.45069 10.89505 
  6.749471 8.140545 7.713362 7.919959 7.092329 6.230473 6.599633 6.090937 6.740332 6.933023 8.118288 8.738536 7.514976 7.683389 8.097528 8.740973 8.703121 9.251484 9.505791 9.852944 10.09571 10.30017 10.96614 
  5.916007 6.81935 6.711469 6.436173 5.853081 6.422625 6.539186 6.94306 6.394528 7.259 7.451007 7.411315 7.38517 8.013179 8.029201 8.26393 8.846559 9.125768 9.249439 9.291332 9.937016 10.46574 10.96614 
  5.916007 7.846946 7.40027 7.637333 6.290462 5.39781 5.572029 6.090937 6.463689 6.681888 7.673434 7.726453 7.529399 7.439631 7.697324 8.032529 8.926247 9.167673 9.063806 9.291332 9.67695 10.40052 10.43292 
  4.261236 5.289647 5.96005 5.7499 5.237316 5.654014 5.753371 5.827711 5.952073 6.237488 7.383748 7.979474 7.817856 7.869792 7.921829 8.974237 8.543746 8.727666 9.125684 9.540118 10.29906 10.33027 11.01947 
  5.846552 5.540701 6.33576 5.62888 4.520329 4.255105 5.281013 5.521141 6.150896 6.144905 7.617827 6.995618 7.918816 7.855453 8.234184 8.396159 9.157963 9.339944 9.594188 9.660222 9.531619 10.31021 10.7884 
  5.499276 5.791755 5.96005 5.941577 4.781052 5.654014 5.572029 5.686217 5.211003 6.496721 7.729041 7.449105 7.659204 7.296243 8.360035 8.616542 8.703121 9.556413 9.633665 9.685958 9.99056 9.978118 10.77063 
  5.29091 5.088804 6.774087 6.082891 5.342803 5.718065 5.753371 5.61547 5.735174 6.607821 7.24923 7.562477 7.58709 7.927146 8.413199 8.682656 8.575621 8.895288 9.940046 9.901957 10.22812 10.37543 10.48624 
  7.166202 7.039549 6.586233 6.718799 5.63439 5.718065 5.360382 5.662635 6.187046 7.063414 7.047453 7.726453 8.265268 8.328386 8.413199 8.51737 8.543746 9.241007 9.293638 9.901957 9.998208 10.59619 11.05501 
  6.471649 6.305552 5.754162 6.082891 6.217566 5.046209 6.66008 6.273535 7.086136 6.737437 7.148342 7.449105 7.673627 7.697727 8.038961 8.740973 9.257884 9.989351 9.664304 10.02226 10.19502 10.50086 11.14388 
  5.568731 6.672551 5.63063 5.265817 4.292197 4.225805 4.460879 4.884418 6.187046 6.552271 6.341233 6.655503 7.399593 7.984501 8.519527 8.440236 9.207923 9.4121 9.470432 10.11583 9.944666 10.43564 10.75286 ]
