 [
  3.904675 3.74042 3.349626 4.72296 4.862599 4.782098 4.778182 5.469471 6.404406 6.610153 6.477844 6.304584 6.849367 7.758131 8.386911 8.217129 8.718684 9.021214 9.513615 9.49614 10.29049 10.31995 10.55372 
  2.499907 3.376998 3.202398 3.917709 4.907038 4.829362 4.077502 4.624112 5.10679 5.760702 6.656955 6.626353 7.181067 7.825808 8.386911 8.725752 9.234894 9.283729 9.418785 9.462109 9.591549 9.990185 10.61995 
  3.862107 2.892435 3.398701 4.759562 5.040355 4.734834 5.128522 5.790125 5.602243 6.198298 6.57735 6.5258 6.849367 8.446987 8.470384 8.489846 8.938005 8.760898 9.323955 9.72301 10.35509 10.10194 10.29115 
  4.032382 3.74042 3.644081 4.759562 4.773721 3.836818 4.077502 5.498622 6.097696 5.812184 6.099723 6.847569 7.267597 7.700122 8.470384 8.725752 9.041895 9.384666 9.649548 10.07566 9.822891 10.58769 10.81864 
  4.543207 4.103843 4.380218 3.7713 4.062696 3.695027 4.813216 5.265419 6.168476 6.816081 7.604167 7.491107 6.834945 7.41008 7.976387 8.418078 9.299227 8.976333 9.709611 9.84549 10.129 10.03209 10.9511 
  4.926325 3.558709 4.134839 4.649755 4.551526 5.39653 5.163556 5.148818 5.531464 6.867562 7.355866 6.364915 7.45508 7.419748 7.528202 8.489846 8.741771 8.68011 9.919835 10.24006 10.0321 10.15083 10.42243 
  4.670913 4.164413 3.398701 3.624891 4.062696 4.593042 5.058454 4.799014 5.34272 6.584412 7.094779 6.928011 7.70025 7.990165 7.649333 8.202775 9.106228 9.182791 9.889803 9.643605 9.836499 9.9832 10.61995 
  5.139169 3.861561 3.840384 5.052381 4.951477 4.45125 4.953352 5.556922 6.616743 5.760702 6.796262 7.189449 7.296441 7.622778 8.386911 8.961658 8.649426 9.233259 9.4662 9.944134 9.95217 10.03209 9.993566 
  4.500638 4.346124 4.036687 4.210527 4.196013 3.74229 4.217638 5.294569 6.097696 5.657738 6.637053 6.646463 7.426236 7.91282 8.158083 8.568481 8.383931 8.940427 9.67958 9.734354 9.686808 10.37732 10.1336 
  5.224307 4.164413 3.447777 4.027516 3.707184 5.538321 4.953352 4.536661 6.05051 6.610153 7.293791 6.50569 6.96474 7.777467 8.242874 8.461139 8.303128 8.68011 9.355565 9.666292 10.19359 10.24861 10.19487 
  4.75605 3.861561 4.969128 6.767692 7.018029 7.02044 5.864235 6.629591 7.251658 7.022008 8.162846 8.424975 7.671406 7.458421 8.267101 8.883022 9.170561 9.384666 9.49781 9.68898 9.870521 10.45382 10.50996 
  5.096601 6.526657 8.262299 9.854384 11.45212 11.6284 8.774998 9.698268 11.15185 11.21381 11.94944 12.09374 10.36028 10.09155 8.553855 9.118929 9.878222 9.939823 9.67958 10.04278 10.19359 10.31995 10.51871 
  5.139169 4.346124 5.214507 5.967438 9.935194 10.52649 6.42643 6.856901 9.791318 8.76194 8.162846 8.49168 8.19166 7.970829 8.470384 8.489846 9.170561 8.823733 9.197515 9.911253 9.809282 10.01114 10.58683 
  3.691832 3.61928 3.644081 4.210527 6.018014 7.02044 5.303692 5.731824 6.262848 6.198298 6.995274 7.310112 7.844681 7.835475 8.133857 9.040294 9.106228 9.233259 9.589483 9.586887 10.0967 10.17178 10.2999 
  4.07495 3.255857 2.907943 4.356936 5.26255 5.774642 5.37376 6.052478 5.956139 7.150713 7.293791 7.249781 8.36515 8.355623 8.386911 8.489846 8.730227 9.039167 9.08688 9.677636 9.673199 10.26258 10.65306 
  4.032382 3.67985 4.527446 4.613153 5.218112 5.680114 6.319677 6.139929 6.35722 5.503293 6.617152 7.109007 7.584876 7.990165 7.976387 9.354835 9.106228 8.967356 9.33976 9.944134 10.29049 9.990185 10.33491 
  3.862107 2.650154 3.840384 4.466743 5.884697 5.963697 5.864235 5.498622 6.192069 6.172557 6.736559 7.557812 8.018171 7.883816 9.972876 11.79253 11.10055 10.04076 10.34028 10.47023 10.67808 10.95105 11.28225 
  3.904675 4.406694 4.282066 4.832767 4.907038 4.876626 4.918318 5.702674 5.720208 6.24978 6.895768 6.706795 7.397393 8.172894 8.887742 10.53436 9.685224 8.922474 9.799707 10.14142 9.945366 10.39645 10.65306 
  3.862107 4.406694 4.969128 4.064118 4.81816 4.356722 4.252672 5.848426 6.192069 7.150713 7.355866 7.557812 7.844681 7.961161 8.386911 8.647117 9.170561 9.485603 9.513615 9.609575 9.564332 10.2817 10.71929 
  3.266144 3.922132 3.447777 5.015778 5.440307 4.356722 4.638046 5.760975 6.475185 6.893303 6.716658 7.330223 8.19166 7.835475 8.085404 8.883022 9.427893 9.334197 9.27654 9.201207 9.775262 9.990185 10.36992 
  4.883757 5.496961 6.048796 6.310404 6.784656 6.719921 6.319677 6.402282 6.616743 6.661635 7.074878 7.290002 7.844681 7.990165 8.000612 9.197564 9.427893 9.435135 9.513615 9.643605 10.0321 10.37732 10.65306 
  8.485785 11.70333 11.1801 12.82676 12.96905 14.13272 12.1911 12.65329 13.4194 11.56407 9.404353 10.0926 12.87588 12.83249 12.22661 13.20796 12.64454 11.15107 9.4662 10.60176 10.1613 10.3582 10.91798 
  12.22689 14.52696 13.3936 15.22752 16.70302 17.13791 14.96668 14.69907 15.68696 13.66567 10.95624 12.42727 14.35054 14.38568 14.56382 15.25248 14.31719 12.81655 11.15114 12.31158 11.45326 10.77893 11.94455 
  16.06392 16.50351 16.41201 16.7137 18.45332 18.6405 17.74226 18.44968 18.40876 16.20239 14.80491 14.89534 15.30473 14.8425 14.64729 16.43201 15.98985 13.82592 11.81185 12.67327 12.13154 11.75427 12.938 
  17.31096 18.00945 18.32367 19.22878 21.48717 21.34754 19.87732 20.97327 21.50525 18.53566 17.24969 17.78607 20.33209 19.80738 19.93769 19.91088 18.49206 14.9867 13.68328 14.40173 13.8434 13.01565 13.86522 
  17.21503 18.48006 18.62551 19.68607 22.28776 21.96404 19.98407 21.18194 21.74811 18.45081 17.06694 17.90319 21.00065 20.44469 20.20366 19.82871 18.275 16.28396 14.34709 15.22814 14.1632 14.41938 16.08324 
  17.54537 18.85732 19.07267 20.372 22.49363 22.27229 19.77057 21.04282 21.3231 18.49324 17.28624 18.37165 21.35722 20.81237 20.69759 20.40386 18.79595 15.6428 14.34709 16.15786 15.2111 15.64002 16.51351 
  17.78652 19.10271 19.31047 20.60065 22.608 22.31633 20.13491 21.34424 21.44453 18.7902 17.43244 18.48877 21.66921 21.22907 21.19152 20.69144 19.23008 15.91406 14.70112 17.24253 15.9097 15.09073 15.92189 
  17.98512 19.2726 19.45579 20.75455 22.608 22.31633 20.04209 21.64565 21.68739 18.7902 17.14004 18.25454 21.35722 21.10651 21.38149 21.0201 19.57738 15.71678 15.36493 16.88097 15.64773 15.82312 16.99756 
  18.15535 19.4236 19.469 20.89134 22.5165 22.14019 19.55706 21.4138 21.38382 18.069 16.81109 17.39568 20.55495 20.39567 20.73558 20.77361 19.53396 16.72785 16.1615 16.77767 15.32754 16.18931 17.69674 
  18.2972 19.61237 19.61432 21.13074 22.65374 22.05211 20.06529 22.03981 21.99097 18.57808 17.54209 18.25454 20.95608 20.68981 20.88756 21.14334 20.0115 17.12241 15.85172 17.24253 15.96792 16.5555 17.58918 
  18.35394 19.72562 19.72 21.38724 22.92823 22.14019 20.25093 22.15574 22.05169 18.57808 17.46899 18.33261 20.91151 20.81237 20.84957 20.77361 19.53396 17.17173 15.40918 16.77767 15.70594 16.25034 17.85809 
  18.3965 19.70675 19.75964 21.47274 22.85961 21.92001 20.26254 22.20211 21.93025 18.57808 17.39589 18.17646 20.86694 20.73883 20.54561 20.44495 19.40373 17.19639 15.05515 16.98427 15.70594 16.31137 17.96566 
  18.35394 19.72562 19.73321 21.50694 22.81386 21.69983 20.25093 22.03981 21.68739 18.32354 17.39589 18.0203 20.55495 20.54274 20.50762 20.52711 19.53396 17.12241 15.54194 16.88097 15.61862 16.37241 18.18079 
  18.32557 19.76338 19.74643 21.59244 22.76811 21.65579 20.21613 22.10937 21.68739 18.19627 17.17659 17.94223 20.55495 20.51822 20.43163 20.40386 19.23008 16.90047 15.76321 16.62272 15.70594 16.25034 17.96566 
  18.26883 19.70675 19.73321 21.64374 22.65374 21.47965 20.22773 22.29485 21.68739 18.02658 16.99384 17.86415 20.68866 20.71432 20.35564 20.28062 19.05643 16.90047 15.40918 16.82932 15.73505 16.06725 18.18079 
  18.1979 19.66899 19.73321 21.67794 22.58512 21.3035 20.20452 22.41078 21.56596 17.81447 16.84764 17.78607 20.68866 20.78786 20.43163 20.15737 18.9696 17.09775 15.23217 16.77767 15.5604 15.76209 17.96566 
  18.12697 19.61237 19.64074 21.66084 22.49363 21.17139 20.13491 22.27167 21.14095 17.55993 16.62834 17.55184 20.51038 20.6653 20.24165 19.91088 18.79595 16.75251 14.87813 16.46776 15.41486 15.70106 17.85809 
  18.08442 19.55574 19.60111 21.62664 22.40213 21.03929 20.29735 22.17892 20.71595 17.47508 16.70144 17.55184 20.46581 20.6653 20.16566 19.74655 18.66571 16.55523 14.47985 15.84795 15.06556 15.2128 17.64296 
  18.02768 19.4236 19.49542 21.57534 22.35638 20.81911 20.20452 22.08618 20.23022 17.30539 16.66489 17.43472 20.33209 20.64078 19.93769 19.6233 18.40523 16.90047 14.65687 15.64135 14.97824 14.90764 17.26648 
  17.9993 19.36698 19.42937 21.50694 22.28776 20.59892 20.36696 21.83114 19.50164 17.00843 16.37249 17.16145 20.15381 20.49371 19.8617 19.41789 18.14476 16.75251 13.99306 15.7963 15.03645 14.23629 16.62107 
  17.91419 19.21597 19.31047 21.38724 22.15051 20.24664 20.41337 21.64565 18.9552 16.79631 16.15319 16.96626 19.97553 20.42018 19.67173 19.21248 17.88428 16.45659 13.72754 15.5897 14.97824 13.62597 16.19081 
  17.82908 19.06496 19.19157 21.21624 22.01327 19.93838 20.48299 21.34424 18.77305 16.45693 16.08009 16.8101 19.70811 20.19957 19.51975 18.96599 17.71063 16.57989 13.59477 15.53805 15.00734 13.38184 15.81432 
  17.72978 18.9517 19.03304 21.26754 21.87603 19.7182 20.5062 20.95008 18.22662 16.11754 15.75114 16.53683 19.35154 19.97897 19.32978 18.76058 17.49357 16.62921 13.46201 15.38309 14.8618 13.19874 15.16892 
  17.61629 18.78182 18.82674 21.16494 21.55579 19.54206 20.71505 20.99645 17.6824 15.76728 15.23944 16.02933 18.86127 19.68482 18.98783 18.55516 17.2765 16.28396 13.3735 13.59395 13.52041 12.71048 14.39506 
  17.53118 18.64968 18.92735 21.13074 21.25379 19.34171 20.5062 20.26815 17.04749 15.34696 14.92906 15.6958 18.3408 19.31937 18.65394 18.39789 17.01917 15.44092 13.25338 13.95564 14.13409 12.51924 14.59375 
  17.50281 18.57418 19.04625 20.97684 20.90373 19.24154 20.32055 19.58622 16.41257 14.78653 14.61868 15.56239 17.90708 19.13664 18.65394 18.39789 16.95484 16.43193 13.13325 13.98852 14.19231 12.50012 15.16892 
  17.50281 18.48006 19.03304 20.66905 20.3203 18.94102 20.05369 18.9043 15.68696 14.50632 14.18416 14.76193 16.86614 18.40572 18.15311 17.69018 16.24718 14.88577 13.31344 13.4953 13.7465 12.36625 14.79244 
  17.31096 18.10357 18.62551 20.02904 19.73687 18.74067 19.77057 18.33602 15.14274 14.01594 13.43925 13.69466 15.65171 17.49207 16.9845 16.74655 15.66818 14.68389 12.53261 12.9692 13.13282 12.34712 14.59375 
  17.02318 17.72709 18.22306 19.68607 19.27012 18.23981 19.45031 17.99506 14.14502 12.61487 11.94944 12.42727 14.17705 16.3957 16.31673 16.03883 14.70319 14.78483 12.7128 12.64039 13.06822 12.04113 13.69964 
  16.25577 17.16236 17.61938 19.00014 18.45332 17.63877 18.91654 17.08582 12.96589 11.42397 10.64586 11.29328 12.61564 15.02523 15.64895 15.48839 13.80253 14.43155 12.68277 12.67327 13.13282 11.42916 13.00423 
  15.87207 16.12703 16.61324 17.28531 17.05308 16.93756 16.88823 14.81273 11.33325 10.44322 10.14926 10.1593 9.406088 12.0102 13.64563 13.75841 12.06554 13.62405 11.3914 10.66752 11.42096 10.9893 12.97111 
  16.06392 16.03291 15.70771 16.02777 16.0029 15.83566 15.28694 13.33522 10.69834 10.79349 9.404353 9.959187 9.839811 10.91383 13.39522 13.60114 11.35788 12.36233 11.57159 10.37159 10.74268 10.3582 11.48094 
  14.52911 13.39751 11.68316 13.0554 13.31911 14.53341 13.79239 11.28943 9.972722 10.51327 10.39756 10.49283 10.27353 10.54837 11.9762 12.10707 10.77888 11.05014 10.52047 10.66752 11.03337 10.64506 11.05044 
  12.89837 10.66799 10.37519 12.14082 12.61899 14.23289 14.0059 11.74405 10.97045 10.16301 10.52171 10.82635 10.44703 10.36564 10.80759 10.84891 10.65022 11.45389 10.61057 11.2265 11.64706 10.9128 12.01078 
  12.32282 11.1386 10.07335 10.19735 12.15224 12.7303 11.65733 10.03923 11.42396 10.0229 10.58379 11.22658 10.44703 9.086539 10.13982 10.613 9.81389 10.09123 9.709611 10.20718 10.45199 10.24162 11.21602 
  10.30837 9.632659 9.469663 9.854384 11.10206 12.7303 11.12357 9.698268 11.24255 10.58333 9.59058 9.959187 10.53377 9.086539 9.555516 9.826647 9.492225 9.788417 9.799707 10.10854 10.54889 10.41557 10.85175 
  9.445042 11.1386 10.87826 9.62574 10.63531 12.32961 11.12357 8.675376 10.60764 11.28386 10.21133 10.1593 9.492832 9.360633 9.805932 9.197564 9.106228 9.233259 9.979898 9.711667 10.54889 9.976216 10.61995 
  9.924671 11.32684 10.27457 10.08303 11.56881 11.72857 10.3763 8.334412 9.972722 10.51327 9.466429 9.292138 8.798874 8.355623 9.638988 9.040294 8.972635 9.586541 9.889803 9.878371 10.1613 10.87455 10.75241 
  9.157265 9.538538 8.86598 9.168453 10.05188 11.2277 9.415517 9.129994 10.33553 10.09295 8.100771 8.691794 9.145853 8.538352 8.887742 8.375018 8.776401 9.384666 9.589483 9.84549 10.129 10.2067 10.37867 
  8.485785 8.97381 8.86598 9.511418 10.752 10.92719 8.561492 7.766138 9.791318 9.742687 8.473223 9.425548 9.145853 8.08153 8.158083 8.217129 8.568623 9.021214 9.37137 9.779728 9.95217 10.30083 10.4662 
  9.636894 9.632659 8.966595 7.910912 10.752 11.12753 8.774998 7.993448 8.521488 9.322367 8.349072 9.625662 9.666322 9.086539 8.804271 9.118929 9.556558 9.233259 9.859771 10.1743 9.809282 9.815575 10.81864 
  9.445042 9.162052 8.06107 8.025233 8.651642 9.224245 7.707468 7.993448 8.61219 9.112207 8.286997 8.62509 8.972363 8.355623 8.971214 9.43347 9.041895 8.868615 9.769675 9.700323 10.0321 10.26258 10.58683 
  8.198007 7.844355 7.558002 7.796589 9.118388 9.124071 8.774998 8.220757 9.247105 9.252314 7.666243 7.691222 8.018171 7.497093 8.061178 8.418078 8.314672 9.173815 9.649548 10.10854 10.35509 10.23464 10.37867 
  7.334674 8.314961 7.457388 8.939809 9.001701 9.324417 8.988504 7.538829 7.977275 7.991353 7.154483 8.158155 7.757936 7.593774 8.085404 8.001825 8.891833 9.182791 9.589483 9.779728 9.836499 10.49207 10.27364 
  8.485785 8.785567 7.256161 8.482521 9.118388 9.023899 9.308764 8.561721 7.795871 7.781193 7.790394 8.291566 7.931426 7.941824 8.012726 8.030533 9.106228 8.913497 8.976245 9.84549 9.836499 10.54944 10.71929 
  6.75912 6.809021 7.256161 7.339302 7.484776 8.122342 7.920974 6.970556 7.795871 8.271566 7.914545 7.691222 8.278405 8.629717 8.145969 8.568481 9.36356 9.536073 9.52942 9.575544 9.802479 10.58769 11.01733 
  7.4306 7.091385 5.656189 6.310404 7.368089 6.820094 7.707468 7.197865 7.34236 8.621834 7.480017 7.691222 7.310863 8.08153 8.720798 8.288897 8.510906 8.976333 9.165905 10.0099 10.129 10.30083 10.71929 
  7.622452 9.162052 7.960457 7.682267 7.951522 7.521305 6.853443 6.314831 7.977275 8.411674 6.696757 7.249781 7.382971 7.526097 8.133857 8.446786 9.170561 9.119956 9.229125 9.666292 9.938562 10.49207 10.85175 
  8.389858 9.444416 8.06107 8.025233 7.951522 7.621478 7.280455 6.515937 8.158679 8.341619 7.790394 8.358271 9.059109 8.264258 8.386911 8.883022 8.926462 9.485603 9.619515 9.878371 10.0967 10.23464 10.75241 
  7.4306 8.126719 8.765367 8.482521 8.184896 7.421132 6.960196 7.652484 7.795871 7.9213 7.542092 8.825204 9.492832 9.177903 8.887742 9.512105 9.427893 9.334197 9.709611 9.677636 9.863716 10.09495 10.78552 
  5.512084 7.46787 8.564139 8.596843 7.134716 7.721651 8.13448 7.425174 8.067977 8.481727 8.286997 8.758499 8.885618 8.446987 8.097517 8.446786 9.36356 9.737947 9.619515 9.711667 10.19359 10.39645 10.4837 
  8.965413 9.72678 8.664753 8.939809 7.718149 8.623207 8.13448 8.448067 9.156403 10.37317 10.02511 10.22601 11.57471 10.54837 10.72412 11.39935 11.10055 10.44451 10.58054 10.89769 10.38739 10.47294 10.81864 
  8.293932 9.632659 7.558002 7.453624 7.718149 7.220786 6.853443 6.970556 7.614467 8.481727 8.100771 8.424975 10.27353 9.817455 9.889403 10.69164 10.00689 9.889355 9.949866 10.14142 10.22589 10.19273 10.25614 
  7.718378 9.256174 8.161684 7.224979 6.551283 6.920267 7.493961 8.448067 7.523765 7.150713 7.542092 7.891336 8.018171 7.990165 8.637327 8.274543 8.995722 9.788417 10.00993 10.04278 9.870521 10.31995 10.51871 
  8.006155 7.938476 6.853706 6.539048 6.373527 6.578129 6.74669 7.197865 7.34236 7.571033 8.038695 7.624517 8.19166 8.264258 8.145969 7.571218 9.018808 9.334197 9.33976 9.49614 9.9998 10.56857 10.43994 
  8.293932 8.503203 6.95432 7.110658 7.251402 6.719921 6.74669 6.402282 6.569557 7.220767 6.895768 6.606242 7.108958 7.990165 8.30344 8.489846 9.170561 9.030191 9.829739 10.07566 10.0967 10.53032 10.2999 
  7.238749 8.032598 7.457388 5.857631 7.134716 7.120613 6.004372 6.743246 6.569557 7.29082 6.179327 7.491107 7.094536 7.371408 8.279214 8.446786 8.938005 9.485603 9.709611 10.04278 10.0967 10.22067 10.58683 
  7.526526 7.938476 7.558002 5.747825 6.901343 6.341809 6.07444 6.22738 6.707445 6.841822 6.020118 6.204031 7.008006 8.446987 8.804271 8.446786 8.48782 8.608298 9.4662 9.944134 9.972583 10.37732 10.44869 
  7.814303 7.844355 7.054934 6.882014 6.19577 5.916433 6.639936 7.652484 6.798147 6.095334 6.597251 7.028564 7.195488 7.526097 8.30344 8.131007 8.903377 9.093026 8.5179 9.053741 10.25819 10.85543 10.91798 
  7.238749 8.032598 7.054934 5.418404 5.706941 5.821906 5.583963 6.023328 6.569557 7.124972 6.637053 7.048675 7.195488 8.08153 8.109631 8.260189 8.84566 9.164838 9.619515 10.27295 10.38739 10.58769 10.61995 ]
