 [
  5.565069 6.256382 5.413784 7.106037 6.087517 6.141769 5.331772 5.655335 5.853545 6.553092 7.141713 7.106213 7.437579 7.721811 8.434514 8.346891 9.046529 9.633238 9.827703 9.800821 9.814148 10.63078 11.27231 
  5.174088 6.574862 5.166913 5.961404 5.746013 4.127485 5.188963 5.67906 5.408364 5.923701 6.81358 6.921543 7.489842 7.585523 8.490793 8.617114 9.046529 9.241416 9.228996 9.800821 10.36559 10.69346 10.1844 
  5.017696 5.937901 4.765746 6.511704 6.007626 4.523156 5.046154 5.631609 5.471961 6.774367 7.068458 6.675317 7.840489 7.324304 7.832262 8.78951 8.938128 9.019666 9.205475 9.844476 10.40013 10.53048 10.74843 
  4.424399 4.252972 4.426298 7.275847 5.927735 4.616254 5.274648 4.801214 5.440163 6.088333 6.099648 6.958477 7.659699 7.887942 8.265677 8.904441 8.562572 9.241416 9.897327 10.16461 9.997223 10.31736 10.39959 
  4.572723 4.212782 5.012618 7.190942 5.285251 4.453331 4.389231 5.631609 6.551371 6.479333 6.532688 7.525843 7.780226 7.483307 7.802371 8.38374 8.71829 9.176495 9.920536 10.01909 10.02025 10.40512 10.44057 
  4.906453 5.016576 5.321207 4.631271 5.241369 4.569705 4.189298 5.702786 6.187431 6.211807 6.474169 7.093901 8.081542 7.801312 8.772187 8.396023 8.782411 9.546166 9.781286 10.09185 9.753246 10.50541 10.74843 
  4.943534 5.498852 5.012618 6.426799 5.702131 5.38432 4.017927 4.896116 6.107934 6.700609 6.146463 6.502959 7.097864 7.687739 7.787426 8.38374 8.562572 8.820065 9.827703 10.09185 9.570542 10.44273 10.65598 
  3.571536 4.735248 4.796605 4.889908 5.416897 5.267947 4.960468 5.67906 5.615055 6.232386 6.731653 6.970788 7.489842 7.887942 8.378235 9.134302 8.947289 9.284952 9.103548 9.677347 10.11234 9.808111 10.39959 
  3.163644 4.815627 4.302862 4.335686 4.363726 4.15076 5.046154 5.014744 6.405795 7.069402 6.790172 7.318386 7.633568 7.951858 7.488518 8.732045 9.096148 9.183623 9.440689 9.543585 9.859824 10.34243 10.62517 
  4.016508 4.654869 5.228631 5.628871 4.978076 5.53581 5.074715 5.441804 6.333007 6.294122 6.921947 7.249233 7.359183 8.399264 8.434514 9.594026 10.98171 10.59102 9.87412 10.20826 10.40013 10.44273 10.93333 
  4.127751 4.41373 4.611452 6.109197 5.087781 5.38432 5.885391 5.085921 5.169874 6.62685 7.434735 7.249233 7.780226 8.46318 8.378235 8.617114 9.741211 9.807381 9.73487 9.88813 10.29652 10.2015 9.907741 
  4.498561 4.735248 4.426298 5.961404 4.890311 4.639529 4.760535 5.536707 5.694552 6.273543 6.921947 7.664148 7.542106 7.887942 8.547071 8.236346 8.80073 9.328487 9.87412 9.759664 10.00873 10.38004 10.77925 
  4.609805 4.654869 3.932555 5.296338 4.561195 4.523156 5.489949 5.897555 5.408364 5.872254 6.66143 7.249233 8.202068 8.079688 8.116223 8.334609 8.901489 9.372024 9.401487 9.24519 9.9055 10.36751 10.5123 
  3.905265 4.092213 4.395439 4.705167 4.517313 5.081749 4.960468 6.430543 6.624159 6.211807 6.801876 6.946166 7.719963 7.528736 8.011606 9.019372 9.195389 8.798679 9.618828 9.687637 10.05478 10.10316 10.47131 
  4.164832 3.650126 4.981759 6.596609 5.460779 5.361046 5.569037 5.584158 6.107934 6.700609 7.214969 7.18008 7.555172 7.437878 8.321957 8.580266 8.764091 9.119466 9.064345 9.584743 10.13536 10.08803 10.84088 
  4.646886 5.619421 5.498117 5.813612 4.495372 4.59298 5.410861 5.821414 6.187431 7.438195 8.167291 7.318386 7.306919 7.951858 8.378235 8.29776 9.195389 9.083823 9.943744 10.29557 9.859824 10.17124 10.50205 
  5.877854 6.574862 6.088447 7.615466 6.56686 5.763045 6.280834 6.735108 6.478583 6.774367 6.995202 7.032345 7.568238 7.540093 8.321957 8.67458 9.393869 9.415559 9.440689 9.348084 9.897888 10.23176 10.40983 
  5.486873 5.937901 5.352066 6.426799 5.927735 5.011925 5.569037 5.750237 6.139733 6.283833 6.921947 7.387538 8.141805 8.527095 8.547071 8.732045 8.709131 9.140852 9.080027 9.450979 10.30804 10.50541 10.74843 
  3.868184 3.489367 4.642311 4.150945 5.438838 5.6873 4.67485 6.430543 6.551371 6.33528 6.995202 7.594996 7.11093 7.097157 7.802371 8.432872 8.947289 9.112337 9.252518 9.471558 9.463964 10.16368 10.48156 
  3.868184 3.690316 4.148568 5.000752 5.460779 3.964562 5.246086 5.702786 5.853545 6.62685 6.801876 7.525843 7.840489 8.46318 8.146114 8.732045 8.672491 8.805808 8.9781 9.142295 9.547704 10.35497 10.34835 
  4.498561 5.177335 4.9509 6.072248 4.495372 4.732628 5.246086 5.702786 6.012538 6.921885 6.995202 7.456691 8.262331 8.015773 8.434514 9.191768 9.54273 9.720309 9.59562 9.98999 10.43466 12.02175 12.5974 
  5.017696 5.619421 5.197772 5.407182 5.307192 5.174848 4.931906 5.821414 5.249371 6.242675 7.288224 7.940759 8.443121 7.42652 8.16106 9.076838 9.49311 9.415559 9.59562 9.471558 10.20443 12.39602 13.61434 
  5.643266 5.539042 4.796605 5.074649 4.385667 4.872276 4.960468 5.370628 5.710451 6.438175 6.591208 7.106213 6.82348 7.699096 8.071387 8.359175 9.195389 9.241416 9.181952 9.859027 9.962688 10.38004 10.74843 
  5.174088 4.534299 5.58245 5.739716 5.658249 5.38432 6.439011 7.420379 8.225497 8.839609 9.192869 9.116352 8.925226 8.654926 9.10986 9.134302 8.996908 8.834322 9.479579 9.946336 9.882663 10.0275 10.39959 
  7.441778 7.928402 8.871432 11.18147 11.36029 11.67114 11.9752 12.67412 14.12133 13.92896 13.73471 13.81873 13.3847 12.7455 13.83729 14.65098 15.00095 14.59631 13.11251 13.78334 13.7369 14.39216 15.18706 
  6.112443 6.176762 8.19677 10.84185 9.442921 9.929012 9.523461 10.00918 11.64654 11.3474 10.951 11.12178 11.81786 11.59503 12.37403 12.75462 13.165 13.20316 13.0502 14.07242 14.71048 15.51499 15.35682 
  4.535643 5.858282 5.835448 8.039989 6.886422 6.066024 5.046154 5.797688 6.260219 6.397017 6.638022 7.456691 7.840489 8.143603 8.715908 9.42163 9.34425 9.546166 9.804495 10.49929 11.04478 11.57103 11.70373 
  4.09067 4.011833 4.457157 5.739716 5.307192 4.825727 5.964479 6.582826 6.405795 6.479333 6.995202 7.664148 8.021278 8.143603 8.603351 8.420588 8.928968 9.155109 9.572412 9.975439 9.928339 10.12585 9.958975 
  6.659816 8.246882 8.534101 9.82299 10.00215 9.550288 9.128019 9.171625 8.225497 9.060885 10.14519 10.4994 9.648385 10.18889 12.31776 12.98448 12.47032 11.94063 11.4987 11.95249 11.78975 11.85938 11.88863 
  7.20719 8.644983 8.618433 11.18147 10.4815 9.929012 9.04893 9.704614 8.589437 9.724713 10.2917 10.84517 9.949701 10.38064 12.76799 13.32928 12.71842 12.33245 11.87003 12.14521 11.91145 12.02175 11.85781 
  5.174088 6.176762 6.594444 8.549418 8.00489 6.520494 6.043568 6.658967 5.96484 6.774367 7.141713 6.884609 7.11093 7.699096 8.265677 8.408306 8.82821 9.415559 9.385806 10.09185 10.11234 10.88151 11.88863 
  5.330481 5.458663 5.498117 8.549418 8.484234 7.202197 5.806303 6.735108 6.624159 7.364437 7.507991 7.733301 7.189326 7.562809 7.96677 7.831013 8.690811 9.062437 9.385806 9.844476 9.985711 10.39258 10.74843 
  3.979427 4.132402 5.413784 7.87018 7.285875 6.823473 5.648126 6.278261 6.478583 7.511954 6.836987 6.884609 7.071733 8.015773 8.828466 8.78951 9.44349 9.894452 9.618828 9.708216 9.798923 10.10316 10.8717 
  3.905265 4.49411 4.827464 5.813612 5.927735 4.918826 5.274648 6.430543 5.535559 6.700609 6.731653 7.08159 7.137062 7.710454 8.941024 8.78951 9.34425 9.633238 9.525995 9.656769 9.562929 9.951851 10.40983 
  3.460293 3.529557 4.488016 6.109197 6.167407 5.914535 4.84622 5.655335 6.155632 6.995644 7.654502 7.093901 7.346117 7.369734 8.321957 8.567983 8.489293 8.791551 9.001621 9.265769 9.639056 10.01994 10.46107 
  4.238994 4.373541 3.932555 5.370234 5.504662 4.546431 4.617726 4.87239 5.217572 6.036885 6.298612 6.823053 7.607436 7.392448 7.996661 8.604832 9.096148 8.777293 9.401487 10.01909 10.04327 10.06533 10.12292 
  4.127751 4.896007 4.025132 5.702767 4.692842 4.499881 4.389231 4.587683 6.012538 6.921885 6.921947 7.155458 7.502908 7.778598 8.715908 9.134302 9.294629 9.372024 9.781286 10.48474 10.33106 10.13342 10.71762 
  4.535643 3.04728 4.333721 5.037701 4.758665 5.838789 5.885391 6.430543 6.333007 5.923701 6.462465 7.18008 8.262331 7.951858 8.131169 9.019372 9.34425 9.546166 10.50074 10.41198 10.90664 10.86898 10.71762 
  3.942346 3.449177 3.685683 5.000752 5.614367 5.6873 4.98903 5.655335 5.456062 6.417596 6.626319 7.069279 7.659699 8.079688 8.828466 8.101235 8.580893 8.798679 9.260358 9.800821 9.738021 10.39258 10.27662 
  3.756941 3.328608 3.438812 3.892308 4.495372 5.314496 5.30321 4.302976 5.996639 5.820807 6.848691 7.318386 7.267721 8.207519 8.378235 8.617114 9.096148 9.197881 9.943744 9.636189 9.951177 10.49287 10.52255 
  2.64451 3.449177 4.333721 4.742115 5.263309 4.127485 3.503814 5.897555 6.107934 5.882544 6.921947 7.249233 7.333051 7.710454 7.877098 8.617114 8.782411 8.812937 9.665245 10.0482 9.997223 10.29229 10.3586 
  3.756941 3.368798 3.747401 4.44653 4.934194 5.035199 4.874783 5.536707 5.837646 6.108912 6.614615 7.387538 7.900752 8.143603 8.026551 8.617114 9.046529 9.119466 9.688453 9.931785 9.639056 10.10316 10.40983 
  3.200726 3.04728 4.055991 4.926856 6.087517 6.141769 5.188963 5.797688 6.405795 6.036885 6.790172 7.155458 7.840489 7.81267 8.011606 8.78951 8.883169 9.459095 9.943744 9.708216 10.42315 10.40512 10.71762 
  4.053589 4.695058 5.413784 5.961404 5.724072 5.337771 6.280834 5.773963 5.74225 6.036885 6.392242 6.761497 8.141805 8.015773 8.265677 8.846975 9.245009 9.50263 9.850911 10.20826 10.04327 10.59317 10.56353 
  6.503424 6.097142 6.931776 7.615466 6.087517 5.990279 6.597188 7.801085 6.915312 6.417596 7.654502 7.525843 7.137062 8.271434 8.026551 8.322326 9.096148 9.197881 9.758078 10.0482 10.13536 10.38004 10.59435 
  7.598171 7.769162 7.690772 8.889038 7.285875 6.671983 6.201745 7.49652 6.696948 7.143161 8.167291 8.839743 9.286806 8.846672 8.378235 9.249233 9.741211 9.894452 11.19699 12.72337 13.49351 13.64361 14.50801 
  9.005703 8.963463 6.510112 7.360752 6.56686 6.974963 5.885391 6.963531 6.405795 7.069402 8.313803 9.531268 9.949701 9.357994 8.884745 9.823887 10.73361 10.67809 11.80041 13.10881 13.7369 14.01789 14.93241 
  7.20719 8.246882 7.437773 7.785275 6.726641 6.293259 5.046154 6.125978 6.551371 6.700609 7.141713 7.733301 8.262331 7.64231 8.547071 8.961906 8.996908 9.676773 9.45637 9.98999 9.9055 10.53048 11.21067 
  8.927506 10.63548 8.028103 6.851323 6.64675 5.53581 6.043568 6.278261 6.696948 7.069402 6.921947 8.009912 7.306919 8.207519 8.378235 8.961906 8.874009 9.284952 9.827703 9.728795 10.03176 10.35497 10.52255 
  10.72602 12.46674 9.630428 8.124895 7.605437 5.763045 6.122657 6.735108 6.551371 6.34557 7.214969 7.007722 7.719963 8.143603 7.832262 8.396023 8.535092 9.328487 9.618828 9.749374 10.38862 10.56809 10.50205 
  12.44634 14.13877 11.31709 9.143752 8.723906 7.050707 5.885391 6.430543 6.551371 6.848126 7.654502 7.871606 8.503385 7.721811 7.518409 8.78951 8.996908 9.162238 9.236836 9.917233 10.03176 10.00481 10.50205 
  13.69748 15.49231 12.75074 11.43618 9.123358 7.580922 6.834453 7.344237 6.842524 7.290678 7.947525 8.286522 9.045753 8.46318 8.603351 9.019372 8.553412 8.905608 9.338763 9.859027 10.18141 10.58063 11.51884 
  14.40124 16.03819 13.42541 12.96447 9.522811 8.414115 6.359922 6.88739 7.35204 7.290678 8.533569 8.908895 9.16628 8.399264 8.490793 9.306699 9.44349 9.633238 9.850911 10.23736 10.13536 11.14478 12.38169 
  14.55763 15.81079 12.91941 12.62485 9.602701 8.64135 7.704426 7.724943 7.279252 8.323299 8.973103 8.978047 9.347069 9.294079 8.941024 9.479095 9.393869 10.06859 10.17583 10.70301 11.12536 11.89699 13.09046 
  14.47944 15.25344 12.58208 12.53994 11.36029 9.398798 7.862603 9.095484 8.007133 8.987127 10.2917 10.3611 9.588121 10.38064 10.0666 9.881352 9.790831 9.937987 10.73283 12.53065 12.27654 13.39409 15.01729 
  14.32305 14.93497 12.66641 12.11542 11.20051 9.323053 6.597188 8.029508 8.807801 8.692093 11.53705 11.19093 10.07023 11.4672 11.52985 10.91573 10.38627 11.06992 11.93966 13.30154 14.34539 15.76451 17.56372 
  14.16665 14.77572 13.08808 12.62485 10.88095 7.959646 8.099869 8.714779 9.171741 10.53606 11.97658 11.53669 11.81786 12.42593 12.26148 12.35236 11.57716 12.46306 14.04726 15.51783 16.41424 17.38637 18.66717 
  14.16665 14.85534 13.17241 12.70975 11.83964 8.64135 9.444372 10.2376 10.40914 11.3474 12.2696 12.64313 12.84233 12.55376 13.33078 14.07633 13.6612 14.11741 15.85444 17.63776 19.09157 19.50726 19.77062 
  14.40124 15.17383 13.76274 14.23804 14.31624 13.792 13.24062 14.04466 13.97575 13.92896 13.66146 14.09534 13.68602 13.70423 14.90658 14.88084 15.29867 15.76401 16.29066 17.5414 18.84818 19.75678 19.8555 
  14.71403 15.57193 14.77473 14.23804 13.27767 12.50434 12.05429 12.90254 12.51999 12.89634 12.9289 14.4411 13.80655 14.08773 14.28752 13.789 14.10778 15.7167 15.72981 17.0596 17.7529 18.63395 19.26133 
  15.04673 15.81079 16.20839 15.42671 13.11789 10.9137 10.47252 11.22744 10.40914 11.93747 14.17425 14.37195 13.68602 14.27947 14.23124 13.84646 14.20702 15.90595 16.35298 17.73412 18.23969 18.25968 18.66717 
  15.40524 16.1519 17.22065 16.44556 14.55592 12.2771 12.29156 12.4457 12.59278 13.63392 16.2254 16.03161 15.01181 16.00518 15.46937 14.70845 14.45512 15.66938 15.23128 16.77052 18.36139 18.01016 18.15788 
  15.72391 16.60671 17.96652 17.52097 15.99395 13.792 12.92427 13.43553 13.90297 15.18285 17.83837 17.64882 16.59469 18.09123 17.16266 15.85775 14.90171 16.52101 15.29359 16.67416 17.50951 17.51113 17.90324 
  16.04259 17.13732 18.81894 18.5609 16.49506 15.07966 14.0315 14.19694 14.922 15.92044 18.88205 19.06389 17.30711 18.98524 18.55714 17.48429 14.70323 16.00057 14.73274 16.28871 16.29254 16.3883 16.88467 
  16.2816 17.63004 19.40498 19.50179 17.42571 16.12268 15.4551 14.65379 15.5043 16.44665 19.35645 19.87249 18.22309 20.07793 19.6528 18.24009 15.49973 15.76401 13.61104 16.5778 15.80575 15.51499 16.12074 
  16.26168 17.93324 19.56481 20.04652 18.14159 17.16569 16.38346 15.56748 15.95981 17.18334 19.45134 20.2768 19.03729 20.57461 20.35004 18.84474 16.57209 16.28445 12.73861 15.51783 14.83218 15.26547 16.88467 
  16.20193 18.12275 19.45826 20.19508 18.85747 17.8958 16.94048 16.10042 16.41531 17.70955 20.1155 20.88325 19.95326 21.46863 21.14688 19.7517 17.71147 16.94682 12.92556 14.55422 14.46709 14.76644 16.71491 
  16.10234 18.19855 19.19188 20.2446 19.21541 18.41731 17.40466 16.50013 16.87081 18.02527 20.77966 21.48971 20.56391 22.16398 21.74451 20.43192 18.58276 17.65651 13.4241 13.3979 13.37181 13.39409 15.52658 
  16.04259 18.16065 19.03205 20.04652 19.64494 18.83451 17.59033 16.69998 16.96191 18.23575 21.15918 21.89401 20.97101 22.26331 21.64491 20.73424 18.91787 17.75113 13.79799 13.59062 12.76333 12.14651 15.01729 
  16.00275 18.08485 18.92549 19.89796 20.07447 19.04312 17.59033 16.83321 17.05301 18.44624 21.34894 21.99509 21.27634 22.26331 21.24648 20.73424 19.11894 17.41994 13.29946 11.66341 10.99873 11.77162 16.29051 
  15.96292 18.04695 18.81894 19.74939 20.28924 19.25172 17.68316 16.89983 17.23521 18.76196 21.72847 22.19724 21.58166 21.76664 20.74846 20.58308 19.05192 17.13607 13.61104 12.04885 11.19443 11.89699 16.37539 
  15.92309 17.93324 18.76567 19.60083 20.43241 19.25172 17.68316 17.03307 17.41741 19.18293 22.10799 22.39939 21.78521 20.97195 20.25043 20.35634 18.98489 16.99413 13.48641 11.66341 10.99873 11.48328 15.95098 
  15.86333 17.85744 18.65911 19.50179 20.504 19.25172 17.68316 17.09968 17.59961 19.6039 22.10799 22.39939 21.68344 19.87926 19.6528 19.90286 18.64978 16.61563 13.4241 11.75977 11.3671 11.39552 15.35682 
  15.8235 17.81954 18.60583 19.40275 20.43241 19.25172 17.68316 17.23292 17.87292 20.23534 22.01311 22.19724 21.47989 18.78658 19.05517 19.29822 18.31467 16.14251 12.86325 11.34328 11.09082 10.59317 15.4417 
  15.76375 17.70584 18.49928 19.25419 20.36082 19.14742 17.776 17.36615 18.05511 20.86679 22.20287 21.89401 20.76746 18.09123 18.45753 18.92032 18.18063 15.95326 12.55166 10.57205 10.64187 10.51795 15.4417 
  15.72391 17.55423 18.446 19.10563 20.28924 18.93882 17.96167 17.49939 18.32842 21.07728 21.91823 21.69186 19.95326 17.39588 17.95951 18.46684 17.71147 15.52745 12.3574 10.95039 10.38862 10.4678 15.4417 
  15.72391 17.40263 18.33945 18.95706 20.36082 18.93882 18.14734 17.69924 18.78392 21.18252 21.63358 21.59078 19.13906 16.99854 17.66069 18.16451 17.44338 15.19626 12.00928 10.12095 10.14687 10.706 15.4417 
  15.68408 17.32683 18.2329 18.85802 20.36082 19.14742 18.42585 17.96571 19.23942 21.28776 21.53871 21.59078 18.73196 16.8992 17.56109 18.08893 17.30934 14.9597 12.0557 10.31012 9.776085 10.706 15.27194 
  15.68408 17.25103 18.07307 18.75898 20.36082 19.46032 18.89003 18.23218 19.69492 21.393 21.53871 21.48971 18.52841 16.79987 17.56109 17.93777 17.30934 14.86507 12.31099 10.5866 10.25048 10.89405 15.78122 
  15.66416 17.13732 17.96652 18.70946 20.28924 19.87753 19.26138 18.43203 20.05932 21.60349 21.53871 21.48971 18.42664 16.79987 17.46148 17.78661 17.17529 14.77045 12.24136 10.31012 10.31955 11.04449 15.35682 
  15.64425 16.90992 17.91324 18.61042 20.00288 20.39903 19.44705 18.63188 20.33263 21.60349 21.63358 21.48971 18.73196 16.8992 17.36188 17.63545 17.04125 14.4657 11.87003 9.790532 9.783697 11.73401 15.10218 
  15.56458 16.56881 17.85996 18.61042 19.71653 20.81624 19.35421 18.6985 20.42373 21.70873 21.63358 21.38863 19.03729 16.99854 17.46148 17.71103 16.97422 14.20448 11.66116 10.01909 9.87505 11.82177 15.52658 
  15.46499 16.3793 17.75341 18.41234 19.78812 21.23345 19.35421 18.89835 20.60593 22.02445 21.63358 21.69186 19.34261 17.29655 17.7603 18.01335 17.17529 14.42216 11.82361 10.0773 10.29652 11.54596 15.18706 
  15.40524 16.11399 17.64686 18.11521 20.00288 21.23345 19.91123 19.56452 20.97033 22.44542 21.63358 22.09616 20.05504 17.79322 18.25832 18.54241 17.77849 14.86507 12.42703 10.95039 11.15989 11.8343 14.16903 
  15.34549 15.84869 17.43375 17.81809 19.85971 21.12914 20.65392 19.76438 21.24363 22.55066 21.63358 22.19724 20.25859 17.99189 18.35793 18.69357 18.1136 15.14895 13.11251 11.15411 11.54636 12.27127 13.02883 
  15.28574 15.81079 17.3272 17.76857 19.64494 21.02484 21.1181 19.76438 21.24363 22.23493 21.53871 22.19724 20.66569 18.2899 18.45753 18.84474 18.1136 15.24357 13.61104 11.37238 12.51993 12.7703 13.05965 
  15.26582 15.73116 17.22065 17.81809 19.50177 21.44205 21.30377 19.49791 21.24363 22.12969 21.25406 21.79294 20.86924 18.2899 18.55714 18.9959 18.1136 15.38551 13.73568 12.14521 12.76333 12.89506 12.84393 
  15.20607 15.65155 17.11409 17.81809 19.35859 21.65065 21.30377 19.23144 21.24363 21.91921 20.96942 21.59078 21.07279 18.38923 18.55714 19.14706 18.44872 15.57476 13.86031 11.95249 12.76333 12.7703 13.21373 
  15.1264 15.65155 17.00754 17.81809 19.00065 21.65065 20.93243 19.23144 21.15253 22.02445 20.49502 21.18648 20.97101 18.48857 18.55714 19.44938 18.91787 15.90595 14.23421 13.01245 13.49351 12.7703 12.47414 
  15.06665 15.65155 16.84771 17.66953 18.7143 21.44205 20.37541 19.43129 21.15253 21.81397 20.02062 20.6811 20.97101 18.48857 18.45753 19.52496 19.25298 15.85863 13.73568 12.91609 13.37181 12.39602 12.41251 
  15.02681 15.57193 16.68788 17.47145 18.64271 21.23345 19.91123 19.29805 20.97033 21.28776 19.35645 19.87249 20.76746 18.38923 18.05911 19.22264 19.11894 15.57476 13.61104 12.91609 13.37181 11.89699 12.10434 
  15.02681 15.49231 16.68788 17.3724 18.7143 20.71194 19.53989 19.29805 20.87923 20.76155 18.59741 19.16496 20.25859 18.68724 17.8599 19.22264 19.18596 15.76401 13.92263 12.33793 12.88503 11.75908 12.10434 
  14.40124 15.81079 15.95539 17.17432 18.42794 19.98183 19.0757 18.49865 20.51483 20.02486 17.45885 18.05313 19.44439 18.2899 17.26227 18.84474 18.78383 15.3382 13.4241 12.81973 13.61521 12.02175 12.07353 
  13.85387 15.88659 16.12406 17.66953 18.35636 19.87753 19.72556 19.29805 20.78813 19.49865 17.74349 18.1542 19.03729 18.78658 17.7603 19.44938 19.52107 15.81132 14.35884 14.45786 15.44066 13.76837 13.9225 
  14.24485 15.41269 15.7024 16.53047 15.99395 17.37429 17.68316 17.69924 18.87502 17.0781 15.41959 15.20178 15.31313 15.62169 14.79403 15.97268 16.304 13.42084 12.6763 11.125 11.42466 10.40512 11.91945 
  15.10648 16.00029 16.20839 17.1248 15.91406 17.4786 18.24018 18.89835 19.14832 17.39382 15.85913 15.755 15.37339 15.74952 14.90658 16.12384 16.50507 13.50791 12.03249 11.32872 11.54636 10.54302 11.6421 
  15.04673 16.4172 15.36506 16.36066 14.87548 15.00392 16.19779 17.43277 17.69071 15.55165 14.2475 14.37195 13.98734 14.02381 14.00612 14.65098 15.29867 12.50659 12.3342 11.13955 11.3671 10.05776 11.95026 
  14.94861 16.60671 14.60607 15.2569 13.75701 12.80732 14.26877 15.70072 15.06758 12.89634 13.00216 12.08991 11.33575 11.27545 11.69869 12.98448 13.6612 12.59366 12.24136 11.0668 11.11385 10.09559 11.24149 
  14.71403 16.1898 13.00374 13.04937 12.23909 11.29242 13.24062 14.57765 14.48527 11.93747 12.41611 11.74415 10.79339 9.869316 10.96706 11.66278 12.32146 11.33113 11.28982 10.39743 10.75699 10.65585 11.27231 
  14.01026 15.17383 12.07608 12.20032 11.83964 11.36817 12.37065 14.04466 12.51999 11.3474 12.85565 11.8133 11.69733 9.869316 11.81125 11.95011 12.1726 10.24274 9.479579 10.12095 10.79152 11.33284 11.02578 
  12.21175 13.18332 10.13643 10.92675 11.36029 10.45923 12.92427 13.66395 12.37442 11.05237 11.39054 10.91432 10.91391 9.166248 11.41729 11.43292 12.47032 10.54749 9.642036 10.36833 10.73396 11.09464 11.30312 
  9.240292 10.23738 9.293097 9.653181 9.043468 9.247309 12.21247 12.52184 11.35538 11.27365 12.19635 11.39839 10.97418 8.974503 10.74195 11.66278 12.47032 9.981524 10.08299 10.09185 10.78001 11.22001 11.4572 
  7.20719 9.281943 8.7871 10.41732 9.922264 8.944329 9.681639 11.1513 11.20981 10.60982 11.6103 11.32924 10.97418 8.654926 8.378235 10.51347 11.6764 9.937987 9.572412 9.98999 10.48071 10.75615 11.21067 
  7.754563 7.689542 7.775105 8.889038 9.283139 9.095819 9.207108 10.08532 10.19077 10.90485 10.65798 11.26008 11.03444 9.102333 8.011606 10.68587 11.4283 10.06859 8.954578 9.502426 10.29652 10.41765 10.74843 
  9.318487 8.963463 8.112436 8.973943 8.723906 9.171564 9.286196 9.704614 8.880589 8.987127 9.632402 10.56856 10.67286 8.335349 8.715908 9.881352 9.890071 9.720309 9.549204 9.636189 10.0778 10.39258 10.62517 
  8.692918 9.759663 8.449768 8.464514 7.445656 9.020075 9.444372 9.019343 8.371073 8.618334 10.80449 10.56856 9.16628 8.207519 8.490793 9.076838 10.18779 9.850916 9.943744 9.574452 9.821761 10.6057 10.8717 
  10.25684 10.55586 8.618433 8.804132 8.564124 7.959646 8.337134 8.410213 7.788769 8.175782 8.826591 9.323811 9.829175 8.143603 8.434514 8.961906 9.741211 9.284952 9.228996 9.759664 9.897888 10.23933 10.54304 
  11.58618 10.07814 9.124431 8.804132 7.605437 7.808156 7.546249 7.953367 7.35204 8.24954 9.266125 9.254658 8.443121 8.143603 8.434514 8.961906 9.245009 9.459095 9.479579 9.960887 10.10083 9.944285 10.59435 
  11.0388 10.47624 9.040098 8.2098 6.087517 6.899218 6.755364 6.735108 6.769735 7.511954 8.899847 9.185505 8.684174 7.824027 8.434514 8.961906 9.245009 9.197881 9.323082 10.06275 10.1699 10.05776 10.59435 
  9.47488 10.317 9.630428 9.143752 8.244562 7.580922 6.99263 7.268096 5.869444 6.283833 7.874269 8.424827 7.780226 7.824027 8.434514 8.78951 8.874009 9.076694 9.323082 9.708216 9.814148 10.2242 10.34835 
  9.944057 10.63548 9.461762 8.804132 8.564124 7.732411 7.388072 7.344237 6.696948 7.069402 7.801013 8.286522 8.141805 7.767241 8.041497 8.199498 9.195389 9.415559 9.549204 9.389242 9.928339 10.11072 10.84088 
  9.005703 9.680043 7.94377 8.2098 7.605437 6.141769 6.676276 6.811249 6.187431 6.191227 7.288224 8.079064 8.322595 8.015773 8.056442 8.904441 8.874009 9.372024 9.283879 9.44069 10.14687 10.38004 10.59435 
  10.10045 11.1132 9.96776 8.2098 6.327188 6.899218 6.359922 6.582826 6.260219 6.458754 6.357131 7.118524 8.202068 7.887942 7.309174 8.052104 8.525932 9.083823 9.127069 9.4304 9.87505 10.27716 10.96414 
  9.944057 8.644983 8.112436 6.936228 5.48272 6.444748 6.043568 5.252 5.297069 6.62685 6.462465 7.106213 7.961016 8.143603 8.041497 7.941558 8.416014 9.197881 9.213315 10.17916 10.19292 10.56809 10.99496 
  9.631272 7.848783 7.437773 7.700371 6.966313 6.747728 6.359922 6.354402 5.217572 6.700609 6.995202 7.525843 8.081542 7.824027 8.131169 8.420588 9.046529 9.197881 9.525995 9.759664 9.776085 10.41765 10.8717 
  9.396684 9.202323 8.7871 7.955085 7.205985 7.050707 5.885391 5.773963 6.624159 6.366149 6.181574 6.79843 7.581304 7.824027 7.892043 8.732045 9.195389 9.083823 9.197634 9.917233 10.05478 10.55556 10.55329 
  10.10045 9.759663 8.112436 7.700371 6.726641 5.244672 5.885391 5.973696 6.478583 7.069402 6.380539 6.946166 6.862678 7.951858 8.715908 8.78951 8.75493 8.755908 9.711661 9.917233 9.951177 9.959415 10.48156 
  9.47488 8.406122 7.690772 7.021132 5.767954 3.894738 4.760535 5.821414 6.260219 6.774367 6.32202 6.601449 7.123996 8.143603 8.026551 8.371457 9.245009 9.763844 9.618828 9.859027 10.14687 9.974546 10.53279 
  8.380133 7.291442 6.678777 7.021132 5.847845 5.611555 5.885391 5.584158 5.74225 6.386728 6.649726 6.847675 7.293853 7.403806 8.547071 8.732045 9.096148 9.090952 9.665245 10.12095 9.890275 10.08803 10.54304 
  8.84931 8.326503 6.594444 7.106037 6.56686 5.53581 5.489949 5.897555 5.424263 6.62685 7.141713 7.106213 7.450644 8.143603 8.547071 8.334609 8.855689 9.133723 9.525995 10.0482 10.12385 10.54302 10.52255 
  9.553076 8.883842 7.606439 6.256989 6.007626 5.611555 5.046154 5.560432 6.696948 6.995644 6.790172 6.392158 7.659699 7.699096 8.378235 8.543417 8.645012 8.741651 9.048664 9.98999 10.0778 10.2015 10.99496 
  7.285386 6.574862 6.931776 5.739716 5.285251 4.709353 5.410861 6.20212 6.915312 6.553092 6.591208 6.933855 7.59437 7.778598 8.131169 8.494286 8.361054 9.241416 9.095707 10.03364 9.684732 10.17881 10.71762 
  7.598171 8.565363 7.522106 6.596609 5.847845 4.98865 4.703412 5.418079 6.092035 6.006017 6.240093 7.733301 8.021278 8.335349 7.832262 7.941558 9.046529 9.019666 9.260358 9.574452 10.19292 10.89405 10.59435 
  8.536526 8.963463 7.35344 5.407182 5.460779 4.034387 4.446355 6.278261 6.260219 6.458754 6.848691 7.594996 7.719963 7.562809 8.086333 9.019372 8.709131 8.805808 9.213315 9.728795 9.87505 10.17881 10.62517 
  10.33504 9.918903 8.534101 7.190942 5.767954 5.611555 5.727214 5.973696 6.478583 6.553092 6.719949 6.896921 7.398381 7.687739 8.65963 8.420588 8.919808 9.183623 9.711661 9.88813 10.29652 10.54302 10.30736 
  9.005703 9.122704 6.257113 5.887508 6.087517 4.942101 5.727214 5.897555 6.260219 6.386728 6.719949 7.318386 7.202392 7.506021 8.603351 8.408306 8.416014 8.812937 9.45637 9.790532 9.79131 10.14098 10.77925 ]
