 [
  3.518194 5.616751 7.224157 6.203906 5.887857 5.686718 6.284724 6.722644 6.408216 6.911303 7.448301 7.926865 9.094584 9.355911 9.494321 8.907092 9.568489 9.515581 9.419427 9.531704 9.761048 10.40132 10.75963 
  4.500821 4.175072 7.457742 6.879955 5.462896 5.735792 5.873425 7.382531 6.492112 8.093735 7.871528 8.319374 9.094584 8.514853 9.740381 9.268282 8.634089 9.366206 10.30589 9.960538 9.829676 10.29986 10.53491 
  5.099073 6.833444 7.691327 6.804838 6.336651 6.225037 6.680044 6.84181 6.883632 8.23838 8.342202 9.265075 10.07674 8.61245 8.615533 8.768172 9.115215 9.207925 9.546076 10.05605 9.913555 10.25023 10.87074 
  4.771891 5.944405 6.138715 7.405771 5.962656 6.103851 5.770601 6.436646 6.492112 7.76828 8.003786 8.228795 9.331657 8.661247 8.967048 8.96266 9.430536 9.165716 9.546076 9.829202 10.03455 10.50811 10.55533 
  4.060333 5.55122 7.37988 7.781353 5.647662 6.297149 5.97625 6.222147 6.978292 7.52571 8.434155 8.560918 8.828232 9.389082 9.177958 8.651031 9.044461 9.007434 9.25381 9.829202 10.25301 10.30979 10.33078 
  3.992566 5.780578 8.080635 7.180421 6.860245 6.874041 6.550933 6.269814 7.546257 8.093735 8.2809 8.848517 9.534863 8.758844 8.720987 8.638717 9.64732 10.01898 9.765139 9.960538 10.13385 10.06163 10.44305 
  4.636355 4.502727 8.314219 7.781353 7.458637 6.585595 6.284724 6.365147 7.120284 8.383027 8.003786 8.848517 9.500995 8.734446 8.861593 8.768172 9.430536 9.968641 9.8698 9.948598 9.814425 10.28994 10.64853 
  4.365286 6.388924 8.703527 7.706237 7.009843 6.874041 6.680044 7.436604 7.735579 8.563835 8.188948 8.772779 9.467127 8.924696 9.002199 8.96266 8.775597 9.345102 10.04423 10.15157 9.966932 9.674509 10.20829 
  5.012601 5.846109 9.404283 8.832986 6.860245 6.585595 7.067376 7.544748 8.634856 7.659795 7.977334 8.886386 10.31382 9.2564 9.353715 8.712605 9.086914 9.691772 9.852356 9.8889 10.43174 10.63778 10.67535 
  4.602472 5.715047 9.715729 8.757869 7.159441 6.225037 7.454707 7.869181 8.208883 7.840603 7.58056 9.265075 9.805803 8.825185 9.529472 10.01845 10.04147 10.14483 9.590705 9.275728 10.36555 10.37844 11.06612 
  5.099073 5.944405 8.703527 8.232053 5.86938 5.981165 6.87371 6.84181 8.161552 8.202219 9.016521 9.568027 10.31382 9.521764 9.24826 9.101579 9.489659 9.867961 9.487622 9.734979 10.16033 10.50811 10.59107 
  5.272017 4.633788 8.314219 8.08182 6.187053 6.729818 6.615489 6.895882 7.309605 7.912926 8.98587 8.924255 9.839671 9.753957 9.424018 9.296066 9.588197 9.666601 9.625591 9.8889 9.951681 9.734067 10.48388 
  4.771891 6.477828 8.547805 7.631121 7.383838 6.801929 6.87371 8.031397 7.83024 8.780805 9.139124 9.492289 11.12664 9.521764 9.353715 9.129363 9.489659 9.591091 9.765139 9.936658 10.51118 10.90475 10.60256 
  4.839658 7.011251 7.535604 6.128789 6.486249 7.018264 6.87371 7.274387 7.87757 8.491512 7.58056 9.302944 10.11061 9.687615 9.353715 8.626402 9.351707 9.397862 10.06168 9.704864 9.631417 10.77508 10.46347 
  3.75538 6.477828 8.002773 7.556004 6.710647 6.36926 6.486378 6.341313 7.640918 8.599997 7.89798 9.79524 10.72023 9.123719 9.283412 9.46277 9.588197 9.565921 10.271 9.960538 9.928805 10.23038 10.35119 
  5.099073 6.833444 7.84705 7.85647 6.935043 6.513483 6.615489 7.706964 8.019562 8.129896 8.434155 9.719502 11.16051 8.957867 9.24826 8.404738 9.194046 9.440071 9.712809 10.13963 10.4185 10.28994 10.79411 
  4.060333 5.059739 6.756988 6.504372 5.962656 6.585595 6.216174 7.166243 7.87757 8.346866 8.924568 9.643764 10.17835 8.924696 9.283412 8.601772 8.49258 8.965225 9.399942 9.561818 9.669544 10.49285 10.30015 
  3.585962 5.747812 8.002773 7.480887 6.710647 6.128388 6.744599 7.382531 6.659906 7.659795 8.64871 9.340813 10.61863 9.289571 9.24826 8.907092 9.002008 9.716941 9.782582 9.539232 9.761048 10.30979 10.68684 
  4.466937 5.616751 6.834849 6.579488 6.635848 6.585595 6.147624 6.293647 6.743804 7.55131 8.403503 9.416551 10.48315 9.156889 8.615533 8.577144 9.469952 9.540751 9.782582 9.471475 10.23315 10.58438 10.62172 
  2.671102 5.387393 7.302019 7.330654 5.962656 6.152925 6.147624 7.004026 6.771769 7.372108 8.25025 8.962124 10.14448 9.156889 8.756139 8.503256 8.520882 9.207925 9.312263 9.750036 9.829676 9.992149 10.47367 
  5.358488 6.655636 7.224157 6.654605 5.573755 5.367733 5.736326 6.84181 7.782909 7.587471 7.792173 9.189338 9.738068 9.588104 10.05674 10.21293 11.44071 11.4285 11.78858 11.46211 11.01402 12.33496 11.78843 
  4.534705 6.30002 6.100073 6.579488 6.710647 5.784867 5.97625 6.895882 8.114223 8.274542 8.495457 9.151468 10.24608 9.720786 10.3028 11.01867 12.12499 12.03258 12.61272 12.28474 11.43026 13.15071 12.70772 
  5.790847 7.544674 8.002773 5.840071 5.629185 5.269585 5.530677 6.198314 6.883632 7.244106 7.977334 8.198602 8.891378 8.514853 8.79129 8.601772 8.563334 8.996881 9.516849 9.936658 10.10737 10.32505 10.78645 
  5.099073 6.74454 6.834849 6.053672 5.703091 6.225037 8.10026 8.085469 8.824179 8.88929 9.32303 9.79524 10.17835 9.952979 11.2519 12.10224 11.26334 11.20197 11.78858 11.75591 12.67899 13.44206 12.44507 
  5.617904 7.011251 7.613465 6.879955 6.336651 7.883603 9.520475 9.761706 10.85939 10.84202 10.57971 11.15852 12.0072 11.97637 12.34159 13.20139 12.73399 12.66183 12.69514 12.93109 13.78896 14.66569 13.43003 
  4.839658 6.477828 6.912711 6.654605 5.703091 6.152925 7.390152 7.869181 8.066892 8.274542 7.89798 8.810648 9.365524 9.820297 9.24826 10.2685 10.82977 11.25231 10.11401 10.42618 10.84217 10.92763 10.62172 
  6.050262 6.033309 6.602419 5.786671 6.187053 6.054776 7.00282 6.817976 5.513314 6.501698 7.448301 8.168409 8.63879 8.825185 8.650684 9.32385 9.23346 9.742111 9.643035 9.793384 10.29273 10.66066 10.72132 
  5.704375 6.655636 7.691327 7.931587 7.458637 7.811491 8.293925 7.652892 7.356936 8.419188 8.863266 8.349566 8.859805 9.422253 9.529472 9.796176 9.962641 11.62986 11.10828 10.21127 10.12061 10.11127 10.47367 
  5.790847 6.655636 7.37988 6.804838 7.009843 7.162487 7.777483 8.085469 7.451596 7.840603 9.629538 9.530157 8.992981 9.024208 9.70523 9.657257 9.80498 11.20197 11.33505 10.43812 10.92152 10.66829 10.84009 
  5.012601 4.797615 5.520442 5.62647 5.222701 4.827914 4.742355 5.316487 5.932799 7.116105 7.712818 8.108023 7.975746 8.734446 8.79129 9.101579 9.588197 9.465241 10.42799 10.24709 10.65682 10.70643 11.19745 
  4.263635 3.847418 4.283897 4.505064 5.296607 5.294122 4.228233 5.435653 5.765005 6.527298 7.26314 7.413585 7.691585 8.246462 8.461659 9.101579 8.931255 9.490411 9.904687 10.04412 10.12723 10.49285 10.62555 
  4.568588 3.880183 4.940812 4.531764 5.204224 4.999675 5.119379 5.936149 5.597211 6.6297 7.316043 7.534357 7.533717 8.026869 8.050375 8.404738 9.115215 9.716941 9.887243 9.606991 10.04779 10.50811 10.52471 
  4.636355 5.583985 5.752295 5.57307 5.887857 6.441372 6.318998 6.84181 5.597211 6.834502 7.077979 7.051269 7.723158 8.246462 8.222849 9.018228 9.568489 9.33455 9.608148 9.682278 9.951681 10.37844 10.5145 
  4.670239 5.1908 4.824886 5.67987 5.499849 6.054776 5.427853 6.627311 6.771769 6.092093 7.025075 7.655128 7.691585 7.929272 8.31572 8.207705 9.962641 10.69857 9.643035 9.622048 9.844927 10.40132 10.57574 
  5.272017 5.387393 5.675011 5.359468 4.705357 5.93209 6.353273 7.058098 7.451596 7.090505 6.496042 7.021076 7.312702 7.197296 7.877901 7.924468 9.058612 9.666601 9.419427 9.456417 10.10075 10.65303 10.96651 
  6.482621 7.633578 6.486493 5.920172 6.261852 6.054776 7.325597 7.004026 6.883632 6.988104 7.183785 7.836287 8.038893 7.563284 8.756139 8.795957 9.01616 8.796391 9.747696 9.689806 10.20667 10.44709 10.92437 
  6.655564 7.90029 7.146296 6.203906 5.721568 5.343196 5.530677 5.79315 5.093829 5.912891 6.681204 7.292813 8.575644 8.392857 7.639091 8.417053 8.761445 8.806944 9.322005 9.426302 9.982183 10.25023 10.33078 
  9.076773 9.76727 6.177357 4.344863 5.832427 6.152925 5.770601 6.31748 7.120284 7.320908 7.448301 6.688953 7.375849 8.368458 8.720987 8.330851 8.209564 9.18682 9.507107 9.366073 9.776299 10.27009 10.5834 
  12.01681 13.05671 10.41648 9.433918 7.23424 6.36926 6.615489 6.508145 6.492112 6.808902 7.316043 7.655128 8.165187 8.392857 8.474927 8.795957 8.747294 9.666601 9.536333 9.614519 10.02794 10.29986 10.57574 
  14.78391 16.25725 14.46529 14.39161 13.14336 13.94097 13.20012 12.24903 11.94798 11.63757 10.97818 9.643764 10.51702 10.61639 10.1622 8.651031 9.115215 9.017986 9.205099 9.712393 9.951681 10.74457 11.13178 
  15.47568 16.16835 16.10038 15.06766 14.41495 15.70869 14.55579 13.76305 13.51529 12.94133 12.11226 10.85557 12.44747 13.18628 12.97432 9.740608 10.31738 10.34619 9.730252 9.781444 10.47146 11.27087 10.59107 
  15.64863 16.07944 15.71107 15.59348 15.46214 15.3832 14.6849 13.88144 13.80198 12.94133 11.74445 11.53721 12.98936 13.54952 13.45569 10.7964 11.88139 11.1768 9.834913 10.19933 10.78921 11.63574 11.00099 
  15.82157 16.25725 16.10038 16.20215 16.13194 15.31109 14.36212 13.88144 13.80198 12.6368 11.13143 11.57508 12.92162 13.3679 13.215 10.62969 12.12499 12.30945 10.18378 9.781444 10.3854 11.28613 10.79795 
  15.90804 16.43506 16.33397 16.91357 16.92352 15.79006 14.23301 13.33047 12.94192 11.85454 10.67167 11.34787 12.61681 12.97149 12.97432 9.851744 12.85579 13.18367 10.41055 10.03218 10.31259 10.94288 10.94736 
  15.93149 16.43506 16.56755 17.62498 17.77599 16.60378 14.6849 12.57346 12.94192 12.18 10.94753 11.15852 12.71842 13.00466 13.09466 10.1018 13.8302 13.87945 10.6722 10.27097 10.60386 10.95051 10.99333 
  16.00184 16.52396 16.72327 18.24747 18.68936 17.90573 15.3512 12.24903 12.89459 12.07151 11.65249 11.15852 12.92162 13.09547 13.45569 11.29651 15.17 14.92312 11.71881 10.22321 10.60386 10.76745 10.62938 
  16.15426 16.79067 16.78315 18.46978 19.29827 19.37043 16.58862 13.54676 13.37195 12.6368 12.26456 12.14311 13.22643 13.09547 13.93706 12.3855 16.14441 16.05376 12.85997 9.841142 10.40526 11.5192 10.89755 
  16.34186 17.05738 16.86297 18.29193 19.29827 20.0214 18.01642 15.53894 14.23201 13.5504 12.87376 12.74902 13.4685 13.18628 14.65911 13.55105 16.99701 16.92348 13.84894 10.12769 10.33907 11.17934 10.72132 
  16.49428 17.32409 16.88958 17.93622 19.17649 20.26552 19.63458 17.7884 15.23541 14.31174 13.63526 13.43066 13.87194 13.73114 15.62185 14.71661 18.09322 17.70623 14.92033 10.21127 10.64358 11.46093 11.04313 
  16.58807 17.43325 16.91619 17.62498 18.93292 20.34689 20.49126 19.3275 16.52549 15.22534 14.24446 14.02475 14.43677 14.276 16.58458 15.7656 18.70222 18.1411 15.9093 11.34459 11.06027 11.69401 10.95885 
  16.62325 17.52058 16.85632 17.22481 18.75025 20.50963 20.58644 20.15625 18.10226 16.29121 15.15826 14.58097 14.75953 14.91168 17.30663 16.46494 18.58042 17.96715 16.73344 13.28365 11.10652 12.16015 10.74814 
  16.63497 17.52058 16.86297 16.95803 18.50669 20.34689 20.68163 20.27464 19.67903 17.20481 16.07206 15.35968 15.40504 15.36573 18.02869 17.39738 18.82402 17.70623 16.98068 14.81139 10.5509 11.75227 11.19745 
  16.6467 17.52058 16.88958 16.78018 18.26312 20.10277 20.68163 20.8666 21.11246 18.42295 16.98586 16.24964 16.21194 15.81978 18.6304 17.8636 19.06763 17.27137 16.40378 14.63511 11.01402 11.92708 11.19745 
  16.62325 17.52058 16.9428 16.69125 17.89778 19.69591 20.49126 21.22178 21.82917 19.94563 17.74735 16.80587 16.53469 16.0014 18.6304 18.21327 18.82402 16.92348 15.74447 14.04752 11.01402 11.86881 11.32878 
  16.61152 17.52058 16.96941 16.64679 17.65421 19.28905 20.01533 20.985 21.97252 21.0115 18.35655 17.25084 16.77676 16.36465 18.87108 18.56293 18.82402 16.83651 15.49723 13.40116 11.10652 12.74284 12.57639 
  16.57635 17.49875 17.00933 16.69125 17.47154 19.12631 19.5394 20.62982 21.97252 21.62056 19.11805 17.69582 17.18021 17.18194 19.47279 19.02916 19.06763 16.83651 15.82688 12.98985 11.38401 13.32552 13.62702 
  16.54118 17.45509 17.06255 16.73571 17.47154 19.04494 19.15865 20.15625 21.68583 21.77283 19.87955 18.1408 17.66434 17.81761 19.71348 19.26227 19.31123 16.92348 16.4862 12.63729 11.38401 13.7334 14.41499 
  16.48255 17.38959 17.08916 16.73571 17.47154 18.96357 18.96828 19.80107 21.2558 21.62056 20.48875 18.58578 17.9871 18.09005 19.95416 19.26227 19.18943 16.83651 16.40378 12.57854 11.70775 14.43262 14.61198 
  16.4122 17.32409 17.07585 16.73571 17.41065 18.96357 18.77791 19.56429 20.53909 21.4683 21.25025 18.91952 18.06779 18.45329 20.19485 19.26227 19.18943 17.01045 15.99171 12.16722 12.124 14.95703 15.13729 
  16.31841 17.23519 17.04924 16.73571 17.47154 18.96357 18.68272 19.09072 19.96572 21.16376 21.70715 19.47574 18.14848 18.63491 20.43553 19.37882 18.94583 17.01045 15.3324 12.51978 12.67899 14.78223 15.20296 
  16.24806 17.14629 17.00933 16.69125 17.53243 18.96357 18.58753 18.61715 19.249 20.40243 21.55485 20.14321 18.30986 18.72572 20.55587 19.49538 18.82402 16.66257 15.49723 13.45992 12.91023 14.78223 14.87464 
  16.21288 17.23519 16.92285 16.64679 17.53243 19.04494 18.49235 17.7884 18.38895 19.48882 21.09795 20.47694 18.14848 18.5441 20.55587 19.61193 18.09322 15.87981 16.40378 14.98766 12.49399 14.8405 15.13729 
  16.21288 17.23519 16.78315 16.46893 17.28887 18.63808 17.82604 16.60447 17.09886 18.27069 20.48875 20.03196 17.66434 17.7268 20.0745 19.26227 17.11882 15.70587 16.07413 14.45883 11.89275 13.20898 13.62702 
  16.3653 17.69524 16.33397 16.11323 16.07104 16.68515 14.97046 14.59179 14.51869 16.13894 18.50885 17.91831 16.77676 15.81978 17.788 17.04771 13.952 15.96679 14.34342 12.81357 11.38401 12.68457 12.31374 
  16.49428 18.11005 16.33397 16.33554 16.01015 16.03418 14.87527 14.11822 14.23201 14.31174 16.98586 17.02835 16.77676 15.27492 15.62185 15.18283 12.61219 16.05376 14.67308 12.3435 11.61526 12.68457 12.31374 
  16.56462 18.3502 16.33397 16.5134 16.19283 16.27829 15.44639 13.76305 14.80538 14.15947 16.98586 17.36209 16.93814 15.72897 15.5015 15.06627 11.63778 15.6189 14.34342 12.28474 12.0315 12.6263 12.05108 
  16.61152 18.54668 16.41183 16.42447 16.31461 16.44104 15.92232 13.99983 15.09206 14.61627 16.83356 17.47333 17.18021 16.0014 15.5015 14.94972 11.75959 15.87981 14.50825 12.10846 12.0315 12.45149 11.98542 
  16.506 18.59035 16.2561 16.11323 16.01015 16.19692 15.92232 13.99983 14.94872 14.61627 16.37666 17.36209 16.77676 15.54735 14.65911 13.66761 10.94802 14.31431 13.18962 11.63839 11.80025 12.97591 12.70772 
  16.29496 18.67768 16.56755 15.97984 15.58392 15.70869 15.63676 14.35501 13.80198 14.0072 14.54906 15.80466 15.08228 13.64033 12.58765 12.26894 10.49475 13.53156 12.53031 11.40335 10.96777 11.11069 11.01249 
  16.10736 18.69951 16.72327 15.66859 15.31254 15.3832 15.3512 14.4734 12.51595 12.94133 12.56916 15.24844 14.11401 12.70612 12.69311 12.96827 10.33708 13.00972 11.87099 10.74855 10.68992 11.15646 11.19745 
  15.90804 18.65585 16.78315 15.44324 14.93854 15.02265 14.87527 14.4734 11.09604 11.81838 11.52989 14.91471 13.62988 12.1754 12.6228 13.31794 9.765565 12.4353 11.28272 11.40335 11.01402 11.46093 11.52577 
  15.64863 18.59035 16.88958 15.36813 14.48975 14.58998 14.1039 13.99983 10.71739 11.31212 11.62184 15.02595 14.03332 11.77735 12.20099 13.31794 9.607904 12.51081 11.63159 11.52087 10.87527 10.97339 11.06612 
  15.47568 18.52485 16.98937 15.21789 14.04095 14.15731 12.9419 13.33047 11.14337 11.20363 11.40729 14.69222 14.27539 11.64467 11.63856 12.3855 10.19913 12.00741 11.42227 10.68885 10.84879 11.0573 10.8171 
  15.21627 18.45936 17.07585 14.91743 13.59216 13.72464 12.16724 12.41124 11.1907 11.02283 11.28468 13.57977 14.03332 12.24174 11.18159 11.40764 10.15972 11.37816 10.86408 11.28583 10.74949 11.11069 11.02015 
  14.78391 18.32837 17.14238 14.54185 13.36776 13.36408 11.58624 11.38387 10.24409 9.757169 12.26456 13.69101 12.92162 11.81052 10.19735 10.85196 10.31738 12.41013 11.17806 11.14256 10.82893 11.1946 11.26311 
  14.52449 18.19737 17.10246 14.24138 13.14336 13.14775 11.45713 11.65423 11.09604 9.974138 12.11226 13.69101 12.85389 11.77735 10.75978 10.40742 10.15972 12.05775 10.48032 11.57963 11.01402 10.79796 10.66769 
  14.35155 18.04455 16.97607 13.8658 12.76937 12.71508 11.32802 11.16758 10.76472 9.721006 12.11226 13.46852 12.98936 12.07588 10.33796 10.07401 9.450244 11.6802 9.957017 11.0948 10.87527 10.86661 10.73665 
  14.17861 17.82623 16.74323 13.4151 12.24578 12.13818 10.74703 10.14021 9.960108 9.504037 12.08161 12.82475 12.312 11.27979 9.494321 9.157146 9.115215 11.20197 10.44543 10.13963 10.46484 10.79796 10.48388 
  13.91919 17.71707 16.73658 12.5137 11.57258 11.48918 10.81158 10.84315 10.29142 9.467875 11.86705 12.48393 11.87173 10.61639 9.107654 9.573905 9.430536 11.05095 9.991904 10.35454 10.77597 10.58438 10.95885 
  13.65978 17.7389 16.95611 11.31183 10.2262 9.686392 11.26347 11.27573 10.19676 9.070098 11.59119 11.95377 11.26211 10.45053 9.388866 9.129363 9.706443 10.87476 9.625591 10.35454 10.47808 10.30979 10.6447 
  13.31389 17.45509 16.72327 9.659267 9.104216 9.974837 8.35848 9.545418 8.776848 7.50011 11.19273 10.77983 10.24608 9.787127 8.31572 8.82374 9.101065 9.565921 9.590705 10.39036 9.989808 10.14104 10.7673 
  12.968 16.79067 15.94466 8.457403 7.458637 8.388384 8.035705 9.004696 7.593588 7.295307 9.169775 10.2118 11.19437 9.22323 8.421858 8.577144 9.331999 9.918302 9.712809 10.67691 10.62372 10.37844 10.68684 
  12.18976 15.90163 14.93246 8.08182 7.608235 7.883603 8.616702 9.491345 6.883632 6.962503 9.261727 9.833109 10.72023 9.621275 8.382056 8.577144 8.648239 10.11966 10.07912 10.35454 10.69654 10.57676 9.922496 
  11.06562 14.47917 13.45309 7.706237 6.635848 7.667268 7.261042 8.031397 7.404266 8.274542 9.874744 10.09819 10.11061 8.792015 8.510078 8.626402 9.253168 9.716941 9.852356 10.24709 10.76273 10.81321 10.61405 
  9.163245 12.61219 11.74013 7.030188 6.785446 7.667268 7.906594 9.004696 7.972231 8.816967 10.05865 10.24967 9.738068 8.758844 8.461659 9.073795 9.509367 10.34619 9.322005 9.757565 9.989808 10.04178 10.47367 
  7.260867 10.12288 9.092836 5.67987 7.608235 7.378822 7.712928 9.707634 8.019562 8.274542 10.2119 10.36327 9.670333 9.422253 8.756139 8.651031 9.607904 9.943471 9.695365 10.21127 10.16695 10.28994 10.69451 
  5.790847 6.655636 7.84705 6.654605 6.860245 7.523045 6.550933 7.706964 7.214944 8.708482 9.629538 9.908847 9.29779 9.19006 8.183047 8.879308 9.962641 10.04415 9.747696 9.8889 10.53766 10.49285 10.42264 
  5.790847 7.011251 7.068434 5.920172 7.23424 8.027825 7.196486 8.518046 8.019562 8.853128 8.955219 9.340813 9.636465 9.090549 7.864634 9.046011 9.489659 9.565921 9.555818 9.652163 9.989808 10.24031 10.42264 
  6.223206 7.45577 6.756988 5.733271 6.635848 7.018264 7.971149 8.35583 6.978292 7.912926 9.108473 8.621304 9.873538 8.924696 8.421858 8.795957 9.044461 9.968641 9.852356 9.719921 10.21991 10.82847 10.58724 
  4.926129 6.922347 7.535604 5.733271 5.832427 6.585595 8.22937 9.166912 7.167614 7.50011 10.45711 9.833109 9.873538 9.2564 8.421858 8.740389 9.627612 9.742111 9.555818 9.8889 10.57738 10.95051 10.95885 
  4.297519 5.91164 7.224157 7.631121 5.850904 6.36926 7.390152 8.085469 7.214944 8.961613 10.05865 9.492289 8.959113 9.289571 8.302453 8.318536 8.506731 9.091851 9.146646 9.793384 10.10075 10.27009 10.31036 
  4.738007 5.583985 5.868221 6.000272 5.832427 7.018264 7.712928 7.815109 5.98873 8.67232 9.568236 9.340813 8.828232 8.858356 8.615533 8.712605 8.945406 9.440071 9.887243 10.24709 10.21991 10.71406 10.6447 
  5.531432 6.833444 7.146296 6.429255 5.962656 7.234599 7.971149 8.139542 7.214944 7.50011 8.771314 9.07573 8.891378 8.148865 8.435125 8.614087 9.213753 8.912465 9.429169 10.10381 10.44498 10.50048 10.80561 
  4.926129 6.388924 6.602419 6.279022 5.740045 6.225037 7.648373 7.815109 7.735579 8.346866 9.476284 8.924255 8.891378 8.891526 8.143246 8.740389 9.23346 9.540751 9.458396 10.10381 10.16695 10.3403 10.73282 
  4.636355 5.158035 5.636369 5.412868 4.982505 6.513483 7.971149 7.490676 6.883632 7.587471 9.568236 9.189338 8.796658 7.856074 7.824832 8.281592 9.391121 9.123507 9.351232 10.02024 10.04117 10.53099 10.57957 
  5.185545 6.122213 4.90217 5.946872 5.185747 5.416808 7.906594 7.923253 6.883632 8.563835 9.966698 9.1136 8.701937 8.466054 7.917703 8.651031 9.391121 9.302894 9.625591 9.66722 10.29935 10.55387 10.64853 
  6.396149 6.211117 5.675011 4.958966 4.853169 6.225037 6.744599 6.674977 6.240421 7.244106 9.384331 8.73491 8.133614 8.661247 8.510078 8.879308 9.765565 9.490411 9.419427 9.275728 9.616167 10.11127 10.48388 
  3.823147 5.289097 5.28859 5.813371 5.887857 5.564032 7.067376 7.166243 6.576009 7.912926 8.219599 7.7759 8.259908 8.858356 8.510078 8.934875 8.761445 9.197372 8.932318 9.614519 9.860178 10.25023 10.80178 
  4.738007 6.033309 6.602419 6.053672 6.037455 6.297149 6.421823 6.77031 6.930962 8.129896 8.98587 8.319374 8.259908 8.891526 8.103444 8.990443 8.917104 8.870256 9.156388 9.622048 9.539913 10.53862 10.77879 
  5.185545 6.388924 5.984147 6.026972 6.112254 5.613106 5.873425 5.507152 5.73704 7.623633 9.231077 8.289181 7.628438 7.807276 7.625823 9.018228 9.253168 9.540751 9.555818 9.841142 10.4847 10.29986 10.22871 
  5.358488 5.1908 5.404516 5.092467 5.962656 6.079314 5.702051 6.269814 6.352284 7.474509 8.740664 8.168409 7.691585 7.97807 8.302453 8.70029 8.818048 9.260685 9.380458 9.948598 9.837301 10.52336 10.64853 
  5.44496 6.388924 6.563777 6.053672 5.887857 5.245047 5.804876 6.293647 6.464147 7.623633 8.188948 8.07783 8.070467 8.124465 8.262651 8.651031 8.931255 8.828048 9.573261 9.960538 9.852552 10.39369 10.7558 
  5.099073 5.289097 6.756988 6.429255 5.019458 5.146898 5.941975 6.341313 6.659906 6.962503 7.554108 7.655128 6.870673 7.538885 7.93097 8.795957 8.973707 9.017986 9.214841 9.418774 10.19343 10.21053 10.42264 
  4.926129 6.388924 6.447851 4.798765 5.130318 4.9506 5.119379 6.817976 6.659906 6.757701 7.10443 7.896672 7.660011 7.758478 8.685836 8.768172 8.917104 8.98633 9.419427 9.66722 9.608541 10.33267 10.63321 
  5.358488 6.033309 5.945505 4.905566 5.592232 4.582541 5.633502 5.650151 5.932799 7.039304 8.109592 7.232427 8.196761 8.636848 8.037108 8.35548 8.874652 8.764735 9.136904 10.29485 10.12723 10.22045 10.52471 
  4.161984 5.092504 5.249949 5.65317 4.982505 5.171435 5.050829 5.673985 6.38025 6.527298 8.342202 7.534357 7.754731 8.392857 8.249384 8.795957 9.331999 9.313446 9.608148 9.697335 9.585665 9.962371 10.11643 ]
