 [
  5.336101 6.635932 7.721047 7.584625 6.492087 6.463651 6.146515 7.469819 8.293036 9.653957 8.856789 8.89178 10.46087 9.290564 8.966496 8.862983 9.331296 9.333943 10.01246 9.568169 10.2774 10.83621 11.09653 
  5.223177 6.549072 7.267094 6.799833 6.400851 6.184134 6.327994 7.180459 7.659208 7.895352 9.599398 9.906543 10.71219 8.515577 9.101596 9.121066 8.516718 9.323764 9.558182 10.02173 10.3419 10.45879 10.75248 
  4.809124 5.94105 7.645389 7.898541 6.309615 5.848671 5.905003 7.759178 8.465898 8.637875 8.538527 9.339469 10.60049 8.927289 8.081174 8.288808 8.59802 9.428511 9.821956 9.890663 10.1219 10.47451 10.74448 
  5.480274 6.02791 7.040118 7.192229 6.400851 5.699553 5.945025 7.180459 8.177794 8.247073 8.43244 9.339469 10.48879 9.266345 8.763844 8.657417 9.058054 9.323764 9.466496 9.065694 10.37875 10.30013 10.67247 
  5.918832 5.735161 6.586164 7.741583 6.765797 5.997789 6.690951 7.10812 8.293036 8.833275 8.255629 8.802241 10.20954 8.999944 9.574448 9.207094 8.797577 9.502717 8.906199 10.00631 10.5446 10.53741 10.82449 
  4.903227 5.477821 6.586164 7.506145 6.127142 5.192549 6.418733 7.325139 7.255863 8.833275 8.503164 9.190239 9.595192 8.394485 9.135371 9.006363 9.16052 9.354303 9.777993 10.29158 10.3419 10.49024 10.5135 
  5.743409 5.94105 6.661823 6.328958 6.033257 5.252196 5.484771 7.325139 7.198242 8.168913 8.892151 8.981318 9.511417 8.951507 9.405572 9.149742 8.989743 9.849016 10.08573 10.02173 9.848101 10.07299 10.5135 
  4.6962 5.94105 7.645389 7.977021 6.033257 6.090961 5.965036 7.397479 7.198242 8.676954 8.998238 9.011164 9.371793 8.134283 8.662519 8.640662 8.671929 9.552189 9.58749 9.381202 10.19491 9.973043 10.76849 
  5.31728 7.070234 9.158566 8.683333 6.127142 6.463651 6.327994 7.542158 7.947311 9.106836 9.0336 9.458853 10.40502 9.532747 9.439347 8.690928 8.708884 9.242326 10.05642 10.08341 10.45246 10.41825 10.55583 
  5.29846 6.809653 8.780272 8.99725 7.495687 6.556823 6.690951 7.180459 7.774449 8.637875 8.538527 8.921625 9.930292 9.290564 8.86517 9.23577 8.930615 9.354303 9.719377 9.731765 10.11277 9.927614 10.83249 
  5.373742 6.809653 8.85593 8.526375 7.495687 7.67489 7.326128 7.759178 7.140621 8.794195 8.786063 8.832088 10.62842 9.702275 8.593417 8.891659 9.29714 9.403774 9.865918 9.929213 10.43403 10.53741 10.96051 
  5.279639 6.288491 8.326319 8.604855 5.986316 5.997789 6.237254 7.469819 7.313483 8.481554 8.609252 9.757313 10.48879 9.77493 9.540672 9.092391 9.194674 9.191426 9.293314 9.696709 9.985 10.10933 10.72048 
  4.6962 6.462212 8.175 8.0555 6.765797 6.184134 6.237254 7.180459 8.062552 8.247073 8.43244 9.279778 11.29862 10.01711 9.439347 9.207094 8.864096 9.403774 9.507246 10.05257 10.36032 10.45879 10.61225 
  5.31728 6.288491 9.082907 8.369416 6.857033 6.929512 5.864981 7.759178 8.004932 8.676954 8.644614 9.130548 10.85182 9.411655 9.236696 8.74828 8.634974 9.201606 9.405374 9.334459 10.42482 10.69467 10.48529 
  4.188044 6.02791 7.494071 7.741583 6.765797 7.022684 6.418733 7.2528 7.83207 8.442474 8.57389 8.832088 10.32124 9.653838 9.000271 8.623907 9.16052 9.428511 9.089569 9.404572 9.848101 10.39099 10.76048 
  4.67738 5.767329 7.115777 7.506145 7.039506 7.115856 6.87243 7.469819 7.486345 9.028676 7.896728 8.265015 10.12577 9.605402 8.86517 9.063715 8.923224 9.428511 9.456309 9.801878 10.03976 10.39099 10.55583 
  4.300968 5.542156 7.342753 7.427667 6.765797 6.743167 4.844418 5.847061 7.313483 7.716722 7.926073 8.354552 9.064618 8.636669 8.505099 8.473113 8.686711 9.221966 9.23219 9.661653 10.53539 10.39099 10.68847 
  5.743409 5.767329 7.418412 7.270708 6.103671 5.311844 5.484771 5.847061 7.428725 7.973513 7.63262 8.29486 8.924993 8.336662 8.575753 7.987219 8.775404 9.453246 9.334063 9.778507 10.04889 10.6475 11.66461 
  5.567986 5.94105 6.661823 6.485917 5.493423 5.103078 5.84497 5.685111 6.573615 7.716722 6.957677 7.225131 6.855598 7.758434 8.662519 8.087749 9.023898 9.028549 9.675415 9.913793 10.51696 11.27653 12.5059 
  4.583277 6.201631 6.661823 5.922311 5.540365 5.103078 5.524793 5.847061 5.760349 7.270144 7.280476 7.378529 7.954217 7.556055 8.116501 8.690928 8.930615 8.784233 9.171066 9.836693 10.37875 10.56887 10.74448 
  6.620523 7.678257 9.007248 8.526375 8.681761 8.886128 8.233522 8.554914 8.523519 8.012592 9.528673 10.92131 10.23747 9.363218 9.675773 10.32546 10.45842 11.11053 10.64259 10.39181 11.23563 10.60032 10.8885 
  8.111618 9.241743 10.44477 9.86052 9.95907 10.47006 8.959437 9.712351 9.733554 9.145916 10.94317 12.86303 11.57787 10.5257 10.82413 11.38647 11.72216 12.34732 11.7241 11.41181 12.46142 11.21363 11.66461 
  5.279639 7.070234 8.175 6.116513 6.309615 6.463651 6.237254 5.749891 5.928611 6.912883 7.838037 8.712704 7.649045 8.394485 8.86517 8.406093 8.790186 8.99801 9.821956 9.556483 9.656442 10.69467 10.82449 
  7.059081 5.854189 5.837063 5.06227 5.798547 5.341668 5.08455 5.749891 6.096873 6.37699 7.163095 7.250697 7.557493 8.033092 8.79762 8.523377 9.194674 8.743514 9.405374 9.875243 9.848101 10.75758 10.92051 
  6.094254 4.351959 4.713412 5.1455 5.728134 4.446956 5.024517 5.458381 6.46144 6.555621 6.224044 6.534839 6.580943 7.989726 8.116501 7.936954 8.753231 9.089628 9.763339 9.474685 9.656442 10.23653 10.77649 
  4.658559 3.70861 4.713412 4.812581 5.986316 4.71537 5.604837 6.462471 6.76992 6.287675 6.75226 6.918334 7.710079 7.77289 8.187155 8.556888 8.952788 9.293224 9.466496 9.813563 10.37875 10.42733 10.59815 
  5.091433 4.351959 4.630178 4.895811 5.399539 5.639905 5.244638 5.847061 6.012742 6.555621 6.341426 7.199564 7.710079 7.787346 8.010519 8.540133 8.657147 8.702795 9.130318 10.08341 10.36032 10.02756 10.8645 
  6.006543 3.998117 5.004729 4.951297 4.624994 4.089072 4.724351 6.170961 6.517528 6.555621 6.165354 6.892768 7.679562 8.105371 8.222482 8.389338 8.960179 8.845312 9.272939 10.06799 10.22229 9.982129 10.45708 
  5.204357 4.737969 4.422094 5.339703 4.76582 5.013607 5.024517 4.907752 5.704262 5.751783 6.898987 7.097299 8.167837 8.394485 8.662519 8.489868 8.745839 9.344124 9.52762 9.778507 10.19491 9.936701 10.37243 
  5.655697 4.223289 4.505328 4.396432 4.836233 4.506604 4.68433 4.745801 5.648175 5.03726 6.605534 7.046166 7.37439 7.801802 8.662519 8.573643 8.989743 9.527453 9.517433 10.0757 10.37875 10.30013 10.64047 
  5.110254 4.834472 5.504129 5.894567 5.610778 5.460962 5.764925 6.462471 5.115346 6.510963 6.605534 6.330308 7.832148 7.931903 7.833884 7.869934 8.775404 9.160887 9.262752 9.882953 10.60909 10.0639 10.26663 
  4.282147 4.802304 4.172394 5.284216 5.563837 6.184134 5.684881 6.106181 6.797964 6.823567 7.838037 7.813157 7.984734 7.46932 8.452108 9.321798 8.605411 9.171066 9.646107 9.929213 10.24054 10.45879 10.54172 
  5.223177 5.670826 4.338861 4.97904 4.742349 5.162725 5.965036 6.365301 5.451869 6.912883 8.503164 7.685325 8.167837 8.27884 8.434444 9.52253 9.16052 9.576924 9.150692 9.836693 10.36032 10.52169 10.56288 
  4.959689 5.670826 3.922694 5.034527 5.798547 5.162725 4.88444 6.106181 6.741877 7.806037 8.397078 8.802241 8.13732 9.096817 9.405572 9.063715 9.262985 9.972694 10.08573 10.48433 10.55381 10.7733 10.76048 
  5.918832 5.381319 5.087962 6.172 6.400851 6.556823 6.055775 7.2528 7.371104 9.224076 9.705484 9.130548 9.399717 9.629621 9.878424 10.18208 10.08271 9.750074 10.05642 10.59227 10.93158 10.97774 11.36857 
  5.918832 5.091812 6.461314 5.839081 5.563837 5.938142 7.507607 7.325139 8.177794 9.145916 9.953021 9.279778 9.958217 9.799149 9.979749 10.12472 10.39011 10.31899 10.8624 11.23713 11.41991 11.35516 11.44058 
  7.936195 7.591396 7.267094 7.11375 7.769397 8.699783 9.322395 9.422992 10.30976 11.45164 12.07476 11.75699 12.26765 11.98008 12.54666 12.50359 12.57604 12.17417 12.01429 12.19786 12.14096 12.25154 13.13688 
  8.111618 8.025699 8.780272 10.09596 10.14154 9.911022 10.59275 12.02722 11.92314 13.37717 13.51541 14.10479 14.01894 14.24645 14.44401 14.7068 14.58634 13.80598 14.33583 15.16737 14.62457 14.87089 15.24012 
  7.322215 7.938838 9.158566 10.09596 10.96267 12.05398 13.04271 14.26976 14.91763 14.71996 14.60645 16.00882 16.40707 15.86528 15.68739 15.34644 16.32675 16.37701 15.71424 15.95342 15.90644 16.39004 17.44852 
  8.374753 8.46 9.915154 11.97946 12.51369 12.70619 13.58715 14.48677 15.54968 15.29544 16.20666 17.00223 17.12351 16.59376 16.8686 16.83894 17.42256 17.28443 16.00444 16.30278 16.14679 16.69387 17.65885 
  8.374753 9.676045 9.461201 11.27315 12.87863 12.98571 12.86123 14.48677 15.39167 15.10361 16.06118 16.42274 15.61103 15.7034 16.55776 16.62572 16.90689 16.07454 15.42405 15.69141 16.46726 17.22557 18.28982 
  9.95356 10.11035 9.990813 10.72379 12.96987 12.79936 13.85937 14.41443 14.60161 14.91178 15.11561 15.42933 14.81499 15.54152 16.12258 16.41251 16.84243 16.15015 14.98876 15.60407 15.90644 16.46599 17.86917 
  12.5849 11.58697 9.990813 9.468124 11.41885 12.79936 13.22419 13.69104 14.4436 14.71996 14.53372 14.84984 14.73538 14.40833 14.69269 14.56466 15.68216 15.24273 14.84367 14.9927 14.70469 14.64301 16.18658 
  14.076 13.75848 13.16849 12.92121 12.7874 12.61302 13.58715 13.54636 14.83863 13.95265 13.51541 14.27036 14.41696 14.57022 14.75486 14.56466 15.48878 14.56217 13.82799 13.85729 13.90352 13.9594 15.02979 
  16.3565 16.88546 15.81655 16.56405 16.8018 16.3399 16.21859 15.78889 14.83863 13.95265 14.0973 13.69087 13.1433 12.62762 13.32497 12.93002 14.52188 13.27665 12.44958 12.54721 12.14096 12.82003 13.13688 
  16.96568 17.41009 17.35875 17.99426 18.35951 17.83066 17.82964 17.28412 15.15465 13.47309 12.93352 11.78684 11.80126 12.62762 12.17513 11.09971 12.98591 12.74732 12.37703 10.97512 12.14096 13.04791 12.5059 
  16.80089 17.31964 17.59348 18.60102 18.7457 18.21326 18.198 17.64142 14.99664 13.28126 12.71531 10.86161 11.13107 11.49443 11.1281 10.7556 13.42607 12.89856 10.96498 10.05257 11.58014 12.97195 12.19042 
  16.73498 17.193 17.61481 18.86106 18.86324 18.29767 18.40849 17.82007 14.52261 12.50681 12.64257 11.16007 9.958217 11.8182 12.07381 10.95633 13.81283 13.12541 10.80378 9.649967 12.14096 14.03535 12.08526 
  16.8723 17.193 17.5508 18.94773 18.82966 18.17708 18.27693 17.5521 14.17035 11.95968 11.7565 10.83177 10.18162 11.8182 12.47911 10.61222 12.64435 12.14943 11.18479 9.983182 11.50002 13.42769 12.08526 
  16.85582 17.10255 17.38009 18.86106 18.66175 18.00825 18.13222 17.1948 13.65176 11.64704 11.22607 10.44377 9.874442 11.34912 11.87115 9.493854 11.96125 12.07523 11.8692 10.16051 11.90061 13.35174 11.65661 
  16.83385 17.06636 17.25206 18.81772 18.51063 17.92383 17.94804 16.79284 13.24842 11.7252 11.01389 10.205 9.064618 11.30068 11.90493 9.436502 13.49053 13.12541 11.24341 9.427943 11.74037 13.19982 11.5846 
  16.80089 16.994 17.18805 18.77438 18.39309 17.83066 17.71124 16.39088 12.90269 11.25624 10.62491 10.23485 9.427643 11.446 12.34401 9.837965 13.32746 12.97418 10.49605 9.346145 11.02371 12.39307 11.44058 
  16.77343 16.92164 17.12403 18.77438 18.30913 17.83066 17.57969 16.07825 12.67221 11.56888 10.48346 9.787159 9.455567 11.25225 12.27646 10.35413 12.98591 12.74732 10.71586 9.579854 10.98686 12.5162 11.87493 
  16.72399 16.88546 17.06002 18.77438 18.15801 17.64432 17.48895 15.93357 12.72983 11.84244 11.01389 9.936388 9.762742 10.54992 11.5334 10.8703 13.25915 13.0498 10.43743 10.00631 11.58014 13.12386 12.08526 
  16.66357 16.71174 16.97466 18.6877 17.9901 17.55114 17.21673 15.42719 11.98076 11.9206 10.30664 9.757313 9.427643 9.968677 11.16188 10.2681 12.81513 12.44626 10.48139 9.790193 10.63674 12.06282 10.70448 
  16.61963 16.71174 17.01734 18.6877 17.93973 17.73749 17.30747 15.35485 12.61459 11.88152 9.917659 9.69762 9.288017 10.7921 11.76983 10.23943 11.92709 11.72893 10.49605 10.08341 10.90394 12.26726 11.16854 
  16.53192 16.71174 17.06002 18.6877 17.93973 17.73749 17.39821 15.35485 12.55697 11.68612 10.9078 10.26469 9.343867 10.47726 11.60095 9.923993 12.02956 11.82787 10.36416 10.34555 10.68281 11.74831 10.94451 
  16.53192 16.62488 17.03868 18.73104 18.05727 17.64432 17.48895 15.35485 12.44173 11.09992 10.97853 9.966234 9.288017 10.18664 11.33075 10.12472 12.64435 12.1989 10.20296 9.498055 10.83022 11.51242 11.08853 
  16.44421 16.62488 17.10269 18.73104 18.12443 17.73749 17.57969 15.71655 12.72983 11.17808 10.51882 9.637929 9.595192 10.23508 11.87115 10.66957 12.57604 12.07523 10.12969 9.626596 10.80258 12.20436 10.93651 
  16.44421 16.53802 17.10269 18.81772 18.24197 17.93589 17.57969 15.57187 13.01794 11.49072 11.04925 9.84685 9.790667 10.86475 12.17513 10.38281 12.40527 12.17417 10.5107 10.32242 11.18956 12.66812 11.11253 
  16.44421 16.62488 17.23072 18.9044 18.44346 18.06855 17.65862 15.64421 12.78745 11.25624 11.01389 10.47362 10.06992 11.73726 13.01413 10.55486 12.98591 12.52047 10.73051 10.05257 11.50002 12.59216 11.02452 
  16.3565 16.62488 17.14537 18.9044 18.44346 18.04443 17.69809 16.00591 12.96032 10.7482 11.04925 10.14531 9.623117 11.42178 12.31023 10.58354 11.65385 11.55578 10.02711 9.844403 10.70123 12.44025 10.80849 
  16.44421 16.62488 17.14537 18.9044 18.49384 18.11678 17.75071 16.00591 12.96032 10.90452 11.11998 10.26469 9.734818 11.8182 12.95196 10.61222 13.22499 12.52047 10.3202 9.936923 10.84865 12.44025 11.29656 
  16.44421 16.62488 17.03868 18.86106 18.54421 18.0806 17.86911 16.34622 12.90269 10.04476 11.04925 10.44377 10.12577 11.49443 12.91818 10.69824 13.05422 12.32258 10.10038 10.00631 10.80258 12.44025 10.8965 
  16.53192 16.7986 16.69727 17.95092 18.62816 18.41827 17.77702 16.43554 13.24842 11.139 11.01389 11.01084 11.32654 10.67101 12.04003 10.81295 13.36161 12.74732 10.12969 9.990892 10.72887 12.0471 10.50645 
  16.66357 16.7986 16.65459 17.3875 18.79607 18.5871 18.00067 16.74818 13.70938 11.60796 11.36751 11.18992 11.66164 10.5257 11.97248 10.64089 13.25915 12.37205 10.04177 10.14509 10.71966 11.76403 10.9045 
  16.76794 16.88546 16.56923 17.08413 18.7457 18.64739 18.06644 16.88217 14.28559 11.7252 10.94317 10.95115 12.10844 10.81632 12.17513 11.50117 13.55499 12.52047 10.61328 9.731765 10.58145 11.37089 10.8565 
  16.86681 17.01209 16.46254 16.86743 18.57779 18.68357 18.02698 17.06081 14.60161 12.42865 11.40288 11.33915 12.66567 11.446 13.13847 12.07469 13.68391 12.6717 10.96498 10.19135 11.08821 12.03137 11.29656 
  16.91075 17.06636 16.39853 16.69407 18.44346 18.62327 18.09275 17.37345 15.07565 12.70221 11.4736 11.54807 12.18804 10.93741 13.44931 12.36145 13.08837 11.82787 10.55466 10.00631 10.90394 11.88984 11.28856 
  16.92723 17.12064 16.33451 16.56405 18.3763 18.68357 18.25062 17.77541 15.78669 12.89761 11.72114 11.86962 12.50646 11.08272 13.20063 12.36145 13.36161 12.02575 10.95032 10.4612 11.13428 11.5596 11.04852 
  16.91624 17.12064 16.33451 16.47737 18.29234 18.65945 18.23747 18.08804 16.33973 13.18535 12.35766 11.95241 12.66567 11.22803 13.2628 12.64573 13.22499 11.67945 11.50646 10.60769 11.15271 11.81121 11.40057 
  16.89976 17.12064 16.35585 16.34735 18.1916 18.59916 18.17169 18.44534 16.97177 13.76083 12.71531 12.03519 12.82488 11.25225 13.44931 13.00109 14.13513 12.52047 11.43391 10.25303 11.10664 12.66812 11.50459 
  16.8723 17.13873 16.33451 16.30401 18.09085 18.5268 18.13222 18.57932 17.3668 14.52813 13.22446 12.36633 12.98409 11.73726 13.20063 13.49859 14.58634 12.29785 11.08221 10.64624 11.12506 12.06282 11.76977 
  16.86131 17.193 16.2705 16.21733 17.9901 18.47856 18.14538 18.89196 17.84083 14.91178 13.87909 12.69746 12.74527 11.49443 13.76016 14.13823 16.00445 13.20103 11.09686 10.66937 11.079 11.59105 11.49658 
  16.81188 17.22918 16.19484 16.21733 17.90615 18.45444 18.09275 18.8473 18.15685 15.29544 14.02456 12.69746 12.82488 11.65631 13.76016 14.13823 15.93999 13.65474 11.43391 11.06245 11.11585 12.28299 11.66461 
  16.77892 17.21109 16.2705 16.13885 17.8054 18.43032 17.98751 18.62399 18.07785 15.775 14.17004 13.11138 12.58607 11.65631 14.38185 14.63573 15.74662 13.20103 11.94174 11.23713 10.99607 11.84266 11.55259 
  16.75695 17.24727 16.19484 16.13885 17.71416 18.38209 17.9612 18.44534 18.15685 16.25457 14.60645 13.44252 13.06369 11.57537 13.88449 14.42251 15.81108 13.27665 12.23194 11.41181 10.56303 11.48097 11.48858 
  16.75695 17.28345 16.29184 16.06038 17.53169 18.29767 18.02698 18.44534 18.47287 16.83005 14.82466 13.77365 13.54132 11.8182 14.25751 14.92001 16.45567 13.12541 13.32016 12.45987 10.98686 11.79548 11.66461 
  16.77892 17.37391 16.2705 15.90342 17.25798 18.12884 17.94804 18.44534 18.70989 17.40553 15.33382 14.27036 14.33736 12.70856 14.56835 14.63573 16.06891 13.12541 14.11819 13.50794 11.82049 12.5162 12.19042 
  16.78441 17.44627 16.19484 15.90342 17.07551 18.02031 17.8428 18.49 18.94691 17.88509 15.62476 14.84984 14.65578 13.27515 15.62523 15.13323 15.6177 13.0498 14.11819 13.59528 12.62166 13.88344 13.24204 
  16.81737 17.51863 16.2705 15.90342 16.98427 18.02031 17.85595 18.49 19.26293 18.46057 16.13392 15.26376 15.1334 13.84174 16.30908 15.77287 16.00445 13.42789 13.90054 13.4206 12.86201 14.11131 13.55752 
  16.7954 17.60909 16.19484 15.90342 16.8018 18.02031 17.8428 18.35601 19.26293 18.74831 16.57034 15.34655 15.29261 13.92268 16.18475 15.77287 16.19783 13.42789 14.26328 13.68262 12.46142 13.65557 13.45236 
  16.76244 17.69954 16.19484 15.90342 16.71056 18.23738 17.76386 17.99872 19.02591 18.94014 16.93402 15.42933 15.21301 14.16551 16.24692 16.05715 16.19783 13.57913 15.06131 14.64334 13.42282 13.80748 13.66269 
  16.71301 17.77191 16.19484 15.82494 16.52809 18.27355 17.57969 17.73075 18.70989 18.84423 17.15223 15.5949 15.0538 14.24645 16.30908 15.84394 16.32675 13.35227 15.06131 14.73068 12.62166 13.73152 13.24204 
  16.64709 17.86236 16.04352 15.74646 15.7982 18.04443 17.48895 16.92683 18.31486 18.36466 16.86128 14.68428 14.17815 13.19421 15.8739 15.13323 15.87554 11.80313 14.11819 13.76995 12.38131 13.65557 13.13688 
  16.53192 17.97091 15.96786 15.74646 14.70336 17.3648 17.39821 16.2569 16.73476 17.69327 16.71581 13.69087 13.1433 11.8182 14.31968 14.06716 14.71526 11.48157 13.5378 12.98391 12.78189 13.27578 12.92655 
  16.3565 18.02518 15.81655 15.66798 13.51729 16.24673 16.67229 16.07825 14.83863 15.58318 15.26108 13.77365 12.58607 11.65631 14.19534 13.85394 14.13513 11.50631 12.44958 11.8485 12.30119 13.27578 12.92655 
  16.09336 17.91663 15.66523 15.43254 12.96987 15.12867 15.22046 14.63145 13.59414 14.33631 14.82466 12.61468 12.18804 10.76788 13.51148 13.14323 13.32746 10.66529 12.30449 11.58649 12.14096 12.37734 12.08526 
  15.83023 17.42818 14.83298 14.49079 11.23638 13.63791 13.04271 12.09956 13.07556 14.33631 14.24277 12.61468 11.15899 11.10694 12.51288 13.2143 13.15668 10.09637 12.30449 10.80044 12.06084 11.85839 11.87493 
  15.30396 16.62488 13.62244 13.15664 8.225578 10.93592 11.59088 11.52084 11.92314 12.99352 12.86078 11.95241 10.96352 9.871803 11.46585 12.78788 12.06371 9.898488 12.30449 11.32447 11.82049 11.27653 10.92851 
  14.42684 15.40883 11.73097 11.11619 8.590525 8.792956 10.41127 10.86979 11.46218 12.42865 12.0394 11.24961 11.10314 9.19369 11.2632 12.7168 12.20034 10.09637 12.23194 11.23713 11.10664 11.27653 10.70448 
  12.84804 13.9322 10.59608 9.311167 8.225578 8.327095 9.050177 10.29107 10.71311 11.5298 12.39302 11.01084 10.60049 9.072598 10.95923 12.04601 11.89294 9.552189 11.12617 11.14979 11.14349 10.61604 10.33717 
  10.74296 11.67383 8.553295 8.133979 7.586924 8.886128 8.777959 8.048536 9.618313 11.45164 12.56983 11.01084 10.74012 9.726494 11.63473 11.52985 10.11687 9.502717 10.39347 10.88778 10.14015 10.72613 10.4994 
  8.374753 8.894302 9.007248 8.290937 8.043106 8.420267 9.866832 9.205973 9.791175 11.25624 11.22607 10.29454 10.79597 9.411655 10.08107 10.61222 10.3218 9.477982 10.29089 10.25303 10.52617 10.80476 10.72848 
  7.146792 6.722793 7.494071 6.328958 7.860633 8.9793 9.140917 8.554914 9.272589 11.06084 11.33215 10.205 10.34917 9.387437 10.08107 9.407825 9.433762 9.150707 9.880572 9.952343 10.32347 10.63177 10.72848 
  7.234504 6.722793 6.8888 7.035271 8.772997 9.445162 9.594614 9.205973 9.042105 10.08384 10.12983 9.727467 10.26539 9.024162 9.338021 9.866641 10.04856 9.527453 10.3202 10.307 10.49853 10.88338 11.41657 
  6.532812 6.896513 6.661823 7.270708 6.857033 7.861234 8.959437 8.844274 8.58114 9.184996 9.493311 8.861934 9.148393 8.365574 8.240146 9.293122 10.18518 8.97765 9.497058 10.37639 10.3419 10.74185 10.37949 
  8.725598 8.546861 7.56973 5.589392 6.492087 7.581717 7.598346 7.686838 8.63876 9.145916 9.387223 8.414244 8.729518 8.491359 8.363791 9.121066 9.467916 8.97765 9.191442 10.17593 10.13103 10.24562 10.23136 
  7.322215 7.417676 6.813141 5.589392 6.127142 7.3022 5.484771 6.656811 7.716828 9.028676 9.245774 7.838723 8.813293 8.365574 9.169146 9.149742 9.638693 9.60166 9.201629 10.09883 10.5446 10.26379 10.8725 
  6.620523 5.638659 5.62898 6.564396 6.67456 6.277306 5.884992 6.624421 7.88969 8.911435 8.998238 7.966555 8.534043 7.700612 8.240146 8.674172 8.989743 9.354303 9.384998 9.755136 10.05801 10.09116 10.39359 
  6.006543 5.381319 5.795446 6.485917 5.751605 6.556823 6.418733 7.686838 6.910138 7.672064 7.661965 7.097299 8.259389 7.613877 7.657248 8.590398 8.886269 9.333943 9.821956 10.0757 10.18578 9.918529 10.47118 
  6.532812 5.94105 5.587363 6.407437 7.039506 6.463651 6.96317 6.592031 6.601658 7.448775 7.603274 7.097299 8.320423 8.491359 8.593417 8.920335 9.399606 9.099808 9.719377 9.998602 9.911986 10.15476 10.50645 
  6.795946 6.722793 6.813141 6.328958 6.309615 7.209028 7.598346 7.831517 7.83207 8.207994 7.896728 7.455228 8.841218 7.902991 8.116501 8.623907 9.16052 9.898488 9.558182 9.952343 9.829847 10.56887 10.81649 
  5.918832 5.94105 6.544548 6.721354 6.948269 8.233923 7.598346 8.265556 8.523519 8.012592 7.69131 8.205322 9.148393 8.047548 8.257809 9.035039 8.945397 9.211786 9.008071 9.859823 10.66438 11.02492 10.98452 
  5.336101 5.854189 5.420896 5.450675 5.939373 5.639905 5.66487 6.397691 6.489484 7.270144 8.57389 7.915422 7.58801 7.686156 9.034045 8.834307 8.952788 9.379039 9.558182 9.990892 10.07627 10.55314 11.12053 
  5.392563 5.316984 4.796645 5.450675 5.915902 5.252196 4.784385 5.847061 6.405353 7.404118 7.984764 6.662671 7.679562 7.801802 8.522762 8.355828 8.634974 9.77481 9.734031 10.28387 9.765961 9.845842 10.18904 
  5.147895 4.480629 6.211614 5.589392 5.469952 5.162725 5.564815 6.656811 6.910138 7.538091 7.896728 7.173998 7.313355 7.700612 7.498276 7.618609 8.671929 9.576924 9.547995 9.346145 9.656442 10.1911 10.5135 
  4.752662 5.381319 5.795446 4.923553 5.469952 5.431139 5.704892 6.430081 6.629702 6.77891 8.043454 7.966555 8.076285 7.715067 8.628744 8.805632 9.29714 8.936931 9.313688 9.696709 9.95762 10.29105 10.3019 
  5.053792 4.866639 5.795446 5.006783 5.775076 5.997789 6.146515 6.300521 6.76992 7.180829 8.255629 7.838723 8.350941 8.515577 8.662519 8.920335 8.989743 9.453246 9.748685 10.06799 10.06714 10.23653 10.29484 
  6.006543 6.375351 6.661823 5.644878 6.492087 6.649995 6.600212 6.818761 6.741877 6.823567 7.280476 7.50636 8.617818 8.830416 9.000271 8.640662 9.092209 9.428511 9.089569 9.509742 9.857227 10.63177 10.71248 
  6.708235 5.574324 5.87868 5.977797 6.056729 5.967966 7.144649 7.542158 6.601658 7.538091 8.609252 7.148431 8.381457 8.322206 7.957529 8.776956 9.092209 9.403774 9.602144 10.12196 10.08539 10.69467 10.96051 
  4.6962 5.316984 5.961914 6.407437 6.309615 6.463651 6.055775 6.527251 6.657745 7.493433 7.368512 7.710891 8.198355 8.336662 8.028183 8.674172 8.960179 9.313584 9.616798 9.755136 10.26819 10.6475 10.33011 
  6.181966 4.384127 5.254429 4.562891 5.258713 5.938142 5.564815 6.009011 6.854051 7.934433 7.838037 7.276263 7.923699 8.249928 7.851547 8.523377 9.365451 9.354303 9.558182 9.638282 10.29583 10.24562 10.56288 
  5.918832 5.349152 6.003531 5.533905 5.892431 5.04343 5.104561 5.685111 6.685789 7.973513 7.779346 7.148431 7.740596 7.859624 8.240146 8.506623 8.782795 8.957291 9.660761 9.813563 10.08539 10.37282 10.54877 
  5.918832 5.702994 7.494071 6.00554 6.127142 5.222373 6.055775 7.325139 6.349266 6.868225 7.515238 7.531927 8.534043 8.365574 8.151828 8.891659 8.908442 9.675867 9.602144 10.09112 10.50774 10.56887 11.07253 
  5.567986 5.349152 5.379279 5.395189 6.400851 5.222373 5.224627 6.818761 6.349266 6.868225 7.750001 7.327396 8.289906 8.685105 8.151828 8.272053 8.871487 9.333943 9.983151 9.544798 10.33268 10.34556 10.8405 
  5.01615 6.02791 5.046346 5.561648 5.939373 6.090961 5.66487 5.361211 6.433396 7.672064 7.750001 7.429661 7.160769 8.491359 7.939865 8.372583 9.126364 9.252505 9.572836 9.998602 9.994126 9.927614 10.39359 
  5.392563 5.735161 6.294847 5.478419 5.681191 5.639905 5.424738 5.717501 5.928611 6.77891 8.014109 7.864289 7.618527 7.87408 8.487435 7.936954 9.023898 9.502717 9.690069 10.21448 9.829847 9.927614 10.44297 ]
