 [
  2.657007 4.631265 4.758717 5.440305 5.342954 5.702754 5.310718 5.502752 6.09958 6.145537 6.002136 6.601729 6.778997 7.60826 7.90463 9.148541 9.45483 9.573113 9.978384 9.861653 9.929086 10.35897 11.01 
  3.798395 4.300105 4.81008 5.367426 5.534625 4.891548 4.723595 5.528501 6.192061 6.923462 6.454547 6.601729 7.175902 8.096705 8.228765 8.692656 9.35322 9.478301 9.490736 9.691838 10.38634 10.86421 10.83668 
  5.122405 3.212008 4.347808 5.27997 5.381288 5.060982 5.26878 5.399759 5.143943 5.270371 6.028748 7.193761 7.394199 8.139178 8.698228 8.515453 8.715159 9.85755 9.824551 10.01027 10.20399 10.41173 10.50788 
  4.757161 3.590477 4.758717 5.294546 4.748772 3.874949 4.388097 5.451256 5.668002 6.145537 6.294873 7.095089 7.652187 7.650733 7.839803 8.531563 9.404025 9.098436 9.447048 10.20395 10.32774 10.22708 10.4157 
  4.346262 4.300105 5.195307 5.294546 4.844607 4.835071 5.26878 5.374011 5.698829 5.983469 6.720672 6.858276 7.93002 7.693207 7.726356 7.822755 8.669584 9.000407 9.863008 9.661871 9.905181 10.66435 10.80779 
  3.478807 2.928157 4.09099 5.658944 5.151282 5.456326 5.226843 6.069214 5.513867 5.788988 6.853734 7.252965 7.215592 7.756917 8.471868 8.902881 9.658051 9.319003 9.694613 9.332232 10.06056 10.37656 10.62771 
  4.437572 3.968945 4.604626 4.740662 4.940444 5.230415 5.184906 5.991969 5.883791 6.566913 6.534385 6.621463 7.771258 8.351546 8.212559 9.197674 9.307644 9.233228 9.709175 9.931577 9.678087 10.11278 10.69224 
  3.296185 3.82702 4.733035 5.075908 5.553792 5.702754 4.723595 6.069214 6.315369 5.951056 6.800509 7.174027 7.533116 8.570637 7.85601 8.644328 9.079765 9.282242 9.747634 9.941566 9.857372 10.04244 10.83668 
  5.441994 6.638623 6.645151 5.980332 4.518766 4.891548 5.981714 5.888976 7.209848 7.463603 7.705332 8.71352 8.550513 8.372783 8.439454 8.596 9.064573 9.171959 9.592674 10.01027 10.44493 10.46448 10.98112 
  5.031095 6.259335 5.503488 5.469457 4.882942 5.399848 5.604279 5.863228 6.346196 6.307605 6.720672 7.095089 7.334663 8.287836 8.471868 8.257706 9.079765 9.20872 9.112108 9.831686 10.50353 10.16554 11.12556 
  5.07675 4.252797 5.118261 5.411154 5.093781 4.750354 5.562341 5.760235 5.79131 5.464853 6.26826 7.174027 7.414044 7.67197 8.082905 8.14494 9.049381 9.620519 10.13222 10.049 10.16813 10.5089 10.54475 
  6.346976 7.624772 7.579692 6.687385 7.038317 8.320562 8.769271 9.195488 8.714277 7.879283 7.25292 8.076929 8.174447 7.73568 8.374626 8.418798 9.094957 8.706319 9.476173 9.971533 10.0008 10.37656 11.03889 
  6.116571 8.004061 7.268178 5.723222 6.362359 8.089579 8.262443 8.954217 8.193514 7.312425 7.492433 7.075355 8.111769 8.096705 8.698228 8.837639 9.003806 9.380272 9.863008 10.049 9.893229 10.01606 10.48022 
  4.894128 5.009733 5.118261 5.236243 5.151282 4.863309 5.813965 6.903411 6.592813 6.242778 6.48116 7.075355 7.572806 7.820627 8.228765 8.177159 8.760736 9.220974 9.786092 9.951554 9.737848 10.40293 10.69224 
  4.985439 3.732403 4.501899 5.309122 5.323787 5.286893 5.26878 5.760235 5.544694 5.788988 6.507772 7.075355 7.453735 7.459602 8.309799 8.273814 8.851887 9.343511 9.621799 9.78174 9.988848 10.15674 10.69224 
  5.350683 4.631265 4.887125 4.740662 5.151282 6.010731 5.855903 6.249452 6.346196 6.048296 7.013409 7.687122 7.592651 8.351546 8.826815 9.394202 9.404025 9.282242 9.747634 9.891621 9.773705 10.46448 10.53553 
  4.528883 3.637785 4.707353 5.513185 5.342954 4.948026 4.891345 5.142277 5.236424 6.145537 7.332758 7.489778 7.05683 7.098577 7.95325 8.952013 9.35322 9.306749 9.694613 9.671861 9.881276 9.998478 10.16681 
  5.213717 4.583956 3.911218 4.915573 5.534625 5.117459 4.681658 6.12071 6.469504 6.177951 7.093246 7.41084 7.255282 7.544549 7.95325 7.951629 8.715159 9.135198 9.863008 9.771751 10.38634 10.5311 10.20368 
  4.16364 4.394722 4.37349 5.221667 5.438789 4.835071 4.094536 5.24527 5.945445 6.275191 7.226308 7.134558 8.009401 8.62243 8.762521 8.563782 9.505635 10.52123 10.13222 11.2498 11.0016 10.34139 10.50788 
  4.300606 3.732403 4.835762 5.323698 5.093781 5.117459 5.310718 5.477004 5.822137 6.307605 6.800509 7.706857 8.550513 8.2666 8.374626 8.547672 9.307644 10.2368 9.786092 10.78498 10.9723 10.42052 10.80779 
  3.844051 3.306626 4.655989 5.527761 5.362121 6.241714 5.688153 5.502752 4.958981 5.983469 6.321485 7.193761 7.890329 7.820627 8.390833 8.547672 9.079765 9.159705 9.40336 10.12647 10.09642 10.30622 10.80779 
  4.711506 4.110871 5.349397 6.04461 5.362121 6.549692 6.61525 7.205 8.077788 9.542 10.10205 10.34036 12.37385 13.18025 14.03456 14.79874 14.23052 12.46488 10.47834 10.66877 11.58756 11.61926 10.98112 
  3.844051 3.779711 5.375079 5.556913 4.614602 5.702754 7.122078 6.782775 8.309239 9.542 9.907721 10.69403 12.43653 13.02487 13.90597 14.74961 14.23052 12.41747 10.67064 10.55256 11.49966 11.30836 10.83668 
  5.122405 5.151659 5.220988 5.35285 5.266285 6.010731 6.995371 7.024046 6.978398 7.522986 8.223541 9.137915 9.678712 9.865473 9.855504 10.08205 9.759662 9.715331 9.141233 10.66877 10.41563 10.25346 10.75001 
  4.072329 6.866196 6.956665 6.108887 7.188529 8.320562 7.628907 9.255806 10.39229 11.14533 11.3328 11.61355 13.43938 13.80177 14.03456 14.06176 13.21441 12.13304 11.36289 11.48221 11.44107 11.1307 11.12556 
  3.570118 4.725882 5.477806 5.192515 7.038317 7.473624 7.375493 9.376442 10.27657 11.2641 11.46235 11.75501 13.75276 13.95715 14.22743 14.25829 13.31602 12.27526 11.32443 11.40474 11.41177 10.84201 11.03889 
  3.570118 5.246276 5.195307 6.108887 6.137039 8.397556 8.705917 8.712946 9.466493 9.066937 9.195183 9.350111 11.30833 11.47107 10.88419 10.18032 10.21691 9.810143 9.824551 10.16521 10.13228 10.27984 10.64615 
  4.66585 5.10435 4.681671 6.944495 9.216404 10.93837 10.0997 10.22089 11.43382 11.50163 11.3328 11.25989 12.68724 13.18025 12.55581 11.80168 11.99509 11.56417 11.09368 11.05612 10.65002 10.5089 10.64615 
  3.34184 4.252797 4.655989 5.148787 8.46534 9.244494 8.072382 8.773264 8.830003 9.363852 9.324736 9.350111 10.30549 10.38341 9.919797 9.541599 9.55644 9.904955 9.694613 9.711817 10.20399 10.20071 10.48944 
  5.57896 6.41105 5.452125 5.323698 5.986826 6.395703 6.361835 6.481186 6.80481 6.469672 7.199696 7.864732 9.302646 9.658298 9.726917 9.295938 9.607245 9.573113 9.786092 10.24268 10.67932 10.70876 10.86556 
  3.889706 5.151659 5.866365 5.851777 4.480432 4.891548 4.975219 5.760235 6.315369 6.599327 7.226308 6.680666 7.47358 8.62243 8.163939 8.032175 8.380938 9.343511 9.34511 10.08774 10.47423 10.04244 10.53553 
  3.981017 4.205488 4.861444 4.726086 4.710437 5.512804 5.142968 4.859046 5.945445 7.053116 6.986796 6.996418 7.414044 8.829604 8.471868 8.418798 9.45483 9.667925 9.578112 10.01027 9.976895 10.84201 11.96331 
  5.259372 4.962424 5.400761 4.798965 5.91172 4.496204 5.184906 6.146459 5.822137 6.988289 7.492433 7.935464 7.572806 9.347538 9.598331 8.531563 10.26771 10.42642 10.55526 10.5913 10.56213 11.66368 13.23439 
  7.268596 6.790338 6.956665 7.844381 6.512571 6.472697 7.058725 9.497078 10.10298 12.03608 11.91578 12.3916 12.31118 13.54281 14.48461 13.52131 13.67166 14.2189 15.34263 16.32112 16.84304 17.9961 18.63334 
  8.343818 9.29364 9.76029 9.965541 9.742149 11.63132 12.63384 14.95681 15.13941 16.63228 16.47096 16.70628 16.07184 16.27634 16.9138 16.34457 17.53302 17.68818 17.83034 18.58225 19.98139 21.08102 21.24468 
  6.730984 10.35565 10.69483 9.19421 9.667043 11.78531 13.45743 16.18359 16.75294 16.03706 17.10334 17.53382 16.34613 15.09218 15.25612 15.0444 17.63464 17.90786 16.25648 16.9009 18.74507 19.84705 18.85095 
  6.500579 8.610922 8.436356 5.916054 5.986826 6.549692 6.235128 10.46216 12.53321 11.44225 9.778168 10.26963 9.17729 9.192158 9.212573 8.952013 11.53784 11.70638 10.5168 10.82371 11.55826 12.46314 12.39664 
  7.422198 8.610922 8.280599 7.715826 7.413849 7.39663 6.298482 5.940473 7.904201 8.770024 7.572269 7.864732 7.294973 7.077341 7.75877 9.295938 9.962882 9.667925 9.505299 9.881631 10.14423 10.70876 11.06778 
  6.423778 7.017911 6.489393 5.42573 5.285452 5.59752 6.045068 6.601821 7.788475 7.344838 7.25292 7.935464 7.552961 8.287836 8.762521 8.902881 9.35322 8.706319 9.621799 9.761762 10.56213 10.48669 11.06778 
  9.188635 9.445355 8.747869 8.744267 8.014701 9.321489 9.339453 9.798667 10.8552 9.779531 9.842944 9.986703 10.5562 9.710093 8.9554 9.983788 10.01369 9.999767 10.13222 11.32727 11.11879 11.08629 11.47222 
  12.56791 13.54167 12.87543 11.05826 10.49321 12.01629 11.43012 11.78916 13.34329 14.41138 15.02504 13.59405 13.06331 11.2639 10.43414 10.22945 12.85878 12.51229 10.93984 11.09486 10.62072 10.30622 11.27 
  10.18706 11.8728 11.62937 10.0941 10.49321 13.40219 13.07731 12.75424 12.64894 14.47077 14.89548 13.66479 13.3767 12.35156 11.97718 11.35949 12.80797 11.27973 10.13222 10.78498 11.26528 11.39719 10.95223 
  8.804627 11.41765 12.40816 12.40809 12.44598 14.40312 14.41046 13.90028 14.15337 14.64892 15.54324 14.51357 14.37954 13.90536 14.16314 12.63693 14.23052 12.08563 11.74747 12.4506 11.99773 12.37431 12.36775 
  6.270175 9.217783 10.61695 9.772709 10.49321 12.55525 12.31707 11.78916 12.35962 14.17385 15.02504 12.32087 12.8126 11.05672 12.49152 12.14561 12.80797 10.42642 10.43989 11.36601 11.35317 11.64147 11.55888 
  7.575802 7.852345 8.514235 8.101492 10.41811 12.40126 11.68353 10.28121 10.73947 12.51114 12.88742 11.61355 11.37101 10.07265 12.04147 12.293 12.35073 10.33161 10.36297 10.74624 10.9723 11.06408 11.78998 
  5.886167 7.928203 9.448776 9.065655 9.141297 10.86138 10.47982 11.12566 10.39229 11.44225 12.69309 11.47208 10.61888 9.658298 12.36293 11.99821 10.92818 10.2842 10.20913 10.35889 10.44493 10.79759 11.5011 
  5.886167 7.321342 9.059383 9.258488 8.089808 8.551545 9.086039 9.43676 9.697943 11.20472 13.01698 10.83549 10.74423 9.761886 10.62702 10.32771 9.810467 9.952361 9.824551 9.931577 10.32774 11.08629 11.29889 
  7.422198 7.548914 7.813328 7.844381 8.991085 10.01444 9.339453 8.833582 9.64008 10.31398 11.00891 10.26963 11.05762 10.38341 9.919797 9.836392 9.962882 9.810143 9.374235 10.049 10.38634 10.84201 11.03889 
  9.41904 10.35565 9.916048 8.487157 9.667043 10.5534 10.60652 11.18598 10.16084 11.02657 12.36921 12.03794 11.80976 11.36748 11.14137 11.01556 11.02979 11.0427 10.63218 11.17233 11.26528 11.48602 11.64554 
  12.64471 14.30024 12.33028 11.05826 11.31939 11.09236 10.41646 10.76375 10.04512 11.2641 12.23966 11.96721 12.43653 11.2121 11.7843 11.85081 12.19831 12.55969 11.55518 12.14071 11.96843 12.39652 12.56996 
  12.79831 15.36225 13.42058 11.18682 10.94385 11.63132 10.73323 11.18598 11.60741 11.56101 11.851 12.816 13.31402 12.86949 13.00587 12.63693 12.24911 12.41747 12.05514 12.29566 12.73018 13.30702 13.49438 
  12.1071 15.51397 14.433 10.54404 11.31939 13.01722 12.0003 12.15106 11.3181 11.85793 12.36921 13.16966 13.3767 13.23205 13.52021 13.52131 12.75717 12.13304 12.20897 12.87669 13.57982 13.43041 13.78327 
  11.10868 15.36225 14.97815 10.80115 10.71853 12.63225 10.92329 11.97011 11.60741 11.79854 12.43399 12.816 13.56473 13.64639 14.48461 14.16002 14.0781 13.46041 12.93968 13.53519 13.84351 14.0474 14.93394 
  10.64787 14.14853 14.19936 10.47976 10.56832 11.24635 10.54317 9.738349 10.50802 12.21422 13.53518 13.16966 14.12883 14.00895 14.09885 14.50395 14.33213 14.26631 14.13189 14.27116 14.65571 14.91118 15.36917 
  10.49426 11.8728 12.09665 8.230047 9.51683 10.24542 10.16305 10.64312 11.89672 13.93632 14.70115 14.72577 15.13167 14.3715 14.74178 14.60221 14.48454 14.2189 14.13189 14.58104 14.94101 15.28137 15.36917 
  8.190214 9.29364 9.370898 8.358603 9.216404 9.013512 9.276099 10.88439 12.18604 12.80805 13.92384 14.93797 15.25703 15.04482 15.32042 14.55308 15.70387 15.21443 14.43956 14.81346 14.56061 15.03457 15.47797 
  8.420619 9.217783 10.4612 11.57248 12.14556 12.47826 12.8239 12.51297 12.93825 14.23324 14.5716 15.50383 15.00632 15.04482 15.38471 15.14267 15.60225 15.65611 14.78416 14.81346 15.70182 16.39194 16.13081 
  11.72309 11.49351 12.09665 12.92231 13.12194 13.55618 14.09097 14.48497 15.04977 15.24344 16.47096 16.63554 16.73013 15.85004 16.86345 16.27387 16.61843 16.47992 16.20571 16.43708 17.22345 17.37912 18.19812 
  12.95191 12.78309 11.86301 11.5082 12.89662 14.01815 14.30396 14.67371 14.15337 15.34264 16.15477 15.07943 14.56758 14.21612 15.89905 14.40569 15.14501 15.21443 14.63185 14.98764 15.89203 15.40476 16.13081 
  15.45937 15.98243 14.27724 13.75792 14.24854 14.71109 14.94294 14.29624 14.51193 15.64025 16.55001 14.23064 13.3767 14.47509 14.80607 13.37391 14.68776 14.50334 12.78585 11.94704 12.4372 13.30702 14.21659 
  16.82917 17.3286 15.7994 16.12978 17.10045 18.51476 18.35082 16.56106 16.30474 17.82271 17.65667 14.7965 13.87812 15.66058 16.34911 15.0444 15.39903 15.65611 14.8857 14.54231 12.4372 13.30702 15.26036 
  16.9786 17.17023 16.52417 16.32919 18.33435 19.9258 19.84176 18.44841 18.36647 19.70757 19.47475 17.35283 16.00916 17.79205 19.0787 15.56687 16.26276 16.1504 16.5611 15.97326 13.19895 13.8006 15.80439 
  16.80427 16.93267 16.4724 16.32919 18.23564 19.9258 20.05476 19.20335 18.81467 20.50119 20.34427 17.60621 16.73013 17.79205 18.77662 15.70827 17.38059 17.35865 16.71341 16.61101 13.87281 14.91118 16.34842 
  16.60502 16.66871 16.36886 16.32919 17.79144 19.57304 20.48074 19.48646 19.0836 20.9972 20.73951 17.89578 17.00442 17.93415 18.57523 17.12228 17.38059 17.63326 17.27188 16.9009 14.2753 14.54099 16.56603 
  16.4805 16.48395 16.31709 16.32919 17.10045 19.14973 20.80023 19.67519 19.17323 20.50119 20.42332 17.6786 17.11413 17.41312 18.87731 17.61718 17.83788 17.96278 17.11957 17.07483 14.3704 13.8006 15.58678 
  16.38087 16.32557 15.95471 15.93038 16.60689 18.51476 20.37424 20.14703 19.17323 20.00517 20.26522 17.78719 17.05928 17.60259 19.58216 17.68788 18.24436 18.56691 16.91649 16.72697 14.46551 13.924 14.82514 
  16.33106 16.19359 15.60958 15.43186 16.45882 17.45649 19.73527 20.14703 19.0836 20.6996 20.42332 18.51112 17.16899 17.64996 20.03528 18.32418 19.05733 19.00627 16.96726 17.07483 14.94101 14.41759 15.36917 
  16.25635 16.06161 15.36754 15.03305 16.21204 16.89207 18.8833 19.48646 19.35252 20.9972 20.58141 18.36634 16.67527 17.41312 19.48147 18.11208 17.63464 17.24881 16.5611 16.66899 14.84591 14.29419 15.26036 
  16.15672 15.95603 15.36754 14.83365 16.01462 16.68042 18.56381 19.20335 19.44216 20.898 20.42332 18.07676 17.27871 16.1816 18.92766 18.81908 18.24436 17.35865 16.61187 16.72697 14.84591 13.43041 15.36917 
  16.10691 15.92964 15.5233 14.53454 15.61977 16.18656 17.71184 18.82588 19.62144 20.7988 20.26522 17.60621 17.27871 15.32901 18.82696 19.03119 18.34598 17.30373 15.79955 15.8573 13.99 13.924 14.60753 
  16.0571 15.92964 15.81666 14.53454 15.37299 16.18656 17.17936 18.35404 19.80072 21.19561 20.73951 17.49762 16.83985 14.88944 18.978 19.59679 17.99031 16.97421 16.10417 16.26315 13.57982 13.15157 13.84104 
  16.0571 15.95603 15.95471 14.48469 15.37299 16.39821 17.39235 18.07094 19.71108 21.19561 20.81855 17.38903 16.73013 14.83764 18.82696 19.59679 17.99031 16.04056 15.44417 15.56742 13.37474 13.21819 13.75438 
  16.0322 15.95603 15.95471 14.33513 15.14981 16.116 17.28586 17.88221 19.62144 20.6996 20.26522 17.31664 16.62042 14.26791 18.62558 19.38469 17.53302 16.37008 14.78416 14.92966 13.28684 12.81846 14.82514 
  16.0571 15.98243 15.90294 14.08588 15.22492 15.9749 17.28586 17.78784 18.90431 20.00517 19.5538 17.38903 16.73013 14.31971 17.71934 18.32418 17.32978 15.60119 14.32418 14.00001 12.81808 12.19665 13.55216 
  16.10691 15.98243 15.86843 13.69364 15.22492 16.46876 17.07286 17.78784 18.63539 20.00517 19.47475 17.02706 15.82113 14.06074 16.73487 17.33438 16.97411 15.11962 14.24727 14.03875 13.02316 12.75183 14.30325 
  16.13182 15.98243 15.85117 13.93632 15.22492 16.75097 16.96637 17.69347 18.09755 20.10438 20.10713 16.63554 15.38239 13.90536 17.01449 17.68788 17.17735 15.35665 14.09343 14.15495 13.28684 12.77404 14.60753 
  16.10691 16.00883 16.04099 14.33513 15.27428 16.53931 17.17936 17.69347 18.09755 19.60836 19.63284 17.57001 16.78499 14.68226 17.31657 17.68788 17.27897 16.20532 14.4011 14.34863 13.52123 13.08494 13.26328 
  16.0322 15.98243 16.17904 14.38499 14.9245 16.32766 16.96637 17.316 18.18719 19.80677 20.18617 17.96817 16.56556 14.26791 17.66899 17.33438 17.63464 16.20532 14.17035 14.15495 12.58369 11.93016 13.23439 
  15.85786 16.08801 16.42063 14.33513 15.32363 16.68042 16.75337 17.5991 18.27683 20.00517 20.73951 18.61971 16.34613 16.03951 18.62558 18.25348 17.83788 16.75453 16.0534 16.03123 13.31614 12.13003 14.60753 
  15.63371 16.24639 16.61045 14.08588 15.76784 16.68042 17.81834 17.88221 18.27683 19.60836 20.97665 18.98168 16.40099 16.13424 18.42419 18.04138 17.83788 17.08405 16.20571 16.20517 13.40404 12.21886 15.04275 
  15.53409 16.37836 16.61045 13.93632 15.57041 16.18656 17.81834 17.88221 18.00791 19.01315 20.34427 18.98168 16.45584 15.89741 18.02142 17.89998 17.32978 16.75453 15.64725 15.45146 13.22825 11.90796 14.24547 
  15.559 16.32557 16.52417 13.8222 15.4717 16.116 17.71184 17.50474 17.64935 17.92192 19.23761 18.83689 16.18155 15.42375 18.17246 16.91018 16.97411 16.09548 14.4011 14.61978 13.14035 12.48535 14.49872 
  15.63371 16.24639 16.45514 13.75792 15.52106 16.32766 17.92483 17.41037 17.1115 17.12829 18.60523 18.25775 16.73013 16.13424 18.37385 17.12228 16.82168 16.26024 14.78416 15.50944 14.3704 13.43041 14.60753 
  15.65862 16.1408 16.31709 13.75792 15.57041 16.53931 17.81834 17.12727 16.39438 16.33467 18.28904 18.33014 16.07184 17.31839 18.62558 16.55667 16.26276 15.98564 14.8857 16.32112 14.94101 14.29419 14.93394 
  15.70843 16.06161 16.21356 13.88647 15.81719 17.03318 17.17936 16.65543 15.85654 15.93786 17.49857 18.25775 16.73013 15.94477 17.46761 16.98088 16.56763 16.58977 15.34263 16.43708 14.3704 12.70742 14.60753 
  15.73333 15.95603 16.17904 13.98618 16.11333 17.52704 16.85987 16.18359 15.49798 15.73945 16.7081 18.07676 17.44328 17.08156 18.17246 16.55667 16.82168 16.69961 15.90109 16.72697 14.3704 12.84066 14.49872 
  15.68352 15.98243 16.23081 14.28528 16.7056 18.09145 16.85987 15.33428 15.04977 15.54105 16.55001 19.19886 18.92443 17.31839 18.82696 17.05158 17.73626 16.91929 15.95186 16.49506 15.13122 13.43041 14.49872 
  15.63371 16.06161 16.31709 14.68409 17.24852 18.37366 16.32739 15.05118 15.04977 15.54105 16.55001 18.58352 18.92443 16.93946 18.02142 17.33438 17.63464 17.02913 15.95186 16.49506 15.13122 13.19598 14.71633 
  15.50919 16.06161 16.36886 15.18261 17.64337 18.37366 15.47542 14.57934 14.33265 14.94583 16.15477 18.47493 19.47301 17.64996 17.97107 17.40508 16.9233 16.20532 15.64725 16.14719 15.03611 12.41873 14.38992 
  15.40956 16.1408 16.40338 15.58142 17.54466 17.8798 14.72995 14.20187 14.42229 15.14423 15.9319 17.17185 18.59529 17.93415 19.0787 17.19298 16.61843 16.31516 15.29186 16.08921 15.03611 12.08562 14.21659 
  15.40956 16.11441 16.40338 15.98023 17.39659 17.17428 14.30396 13.77964 14.03764 14.82706 15.54324 16.91847 18.86958 17.69732 18.57523 17.05158 16.31357 15.60119 14.43956 16.03123 15.03611 12.13003 13.55216 
  15.40956 15.98243 16.33435 16.47874 17.54466 16.46876 14.02762 13.47806 13.74833 14.53015 15.54324 17.17185 19.30844 17.98152 18.27315 16.27387 15.55145 15.30924 14.73339 16.26315 15.32142 12.17444 13.40772 
  15.40956 15.85045 16.21356 16.77785 17.79144 16.18656 13.90091 13.47806 13.69047 14.23324 15.34892 17.20805 19.52787 18.02888 17.21588 15.70827 15.85628 14.78778 14.36264 15.8573 15.13122 11.46381 13.49438 
  15.45937 15.66568 16.05825 16.9274 17.69273 15.8338 13.83756 13.47806 13.45902 13.99571 15.15459 17.13565 19.25358 17.88679 17.61865 14.84788 16.16114 14.78778 14.09343 15.45146 14.46551 11.66368 13.2055 
  15.50919 15.58982 15.95471 17.02711 17.69273 15.48104 13.96426 13.53837 13.57474 13.93632 14.89548 17.17185 18.21128 17.17629 16.96414 13.9635 14.89098 13.55522 13.32427 13.92254 12.90597 11.21953 11.96331 
  15.43447 15.51397 15.78215 16.77785 17.34723 15.25006 13.6475 12.81456 13.22757 13.46126 14.50683 16.99087 17.27871 16.4658 15.83476 13.57044 14.48454 12.32266 12.93968 12.83795 11.55826 11.50823 11.61666 
  15.17916 15.36225 15.66135 16.42889 16.01462 14.94208 12.50713 12.15106 12.47535 12.86743 14.3125 15.50383 14.75561 15.85004 15.12754 11.94908 13.57005 12.03823 11.6321 11.83083 10.53283 10.90863 11.64554 
  14.94875 15.13468 15.44542 15.88053 15.22492 13.78716 11.55683 10.64312 11.37596 12.21422 14.18295 14.72577 13.18867 13.85357 13.52021 11.21209 12.55395 11.32714 11.01676 10.86245 10.41563 10.45569 10.83668 
  14.48794 14.52782 14.35512 14.8835 13.57258 12.55525 11.55683 11.30661 10.73947 12.27361 14.50683 14.23064 13.43938 13.49101 13.26304 11.75255 12.85878 12.22785 12.05514 12.10198 11.29458 11.04187 10.83668 
  13.71993 13.38995 12.2524 12.40809 11.4696 10.4764 9.719574 10.76375 10.50802 11.50163 13.59996 14.01845 12.43653 12.55873 13.32733 13.27565 12.75717 12.70191 12.28589 12.83795 12.23211 11.17512 11.12556 
  13.10552 12.85895 11.23998 11.05826 9.591936 9.86045 9.909636 10.52248 11.14451 11.73916 14.76593 15.0087 12.68724 12.86949 13.84168 12.73519 13.31602 13.12857 12.47818 13.1091 12.67159 12.3299 11.90554 
  11.26228 10.58322 7.73545 8.422879 10.86875 11.01537 10.47982 10.40184 11.02878 12.27361 15.34892 15.2209 14.31686 13.33563 13.77738 14.01263 13.57005 14.02928 13.43964 13.92254 13.31614 13.43041 13.03217 
  8.881429 9.369497 8.747869 9.901264 9.967468 11.01537 10.28976 10.40184 11.14451 12.27361 15.15459 15.36236 14.5049 13.64639 13.97026 13.86523 13.97649 14.45593 13.86268 14.4261 14.1802 13.8006 13.92771 
  7.575802 9.141925 9.448776 10.41548 11.16917 11.24635 11.11335 11.84947 12.2439 13.04558 15.08981 14.58431 15.13167 14.47509 14.87037 15.0444 14.99259 14.88259 14.8857 15.50944 14.2753 14.1708 14.1877 
  8.958231 8.004061 7.579692 8.294325 10.26789 10.63039 11.55683 11.90979 12.47535 13.63941 15.41369 15.36236 14.81829 14.63047 15.19183 14.89701 15.39903 15.54627 15.19032 15.16157 14.65571 15.15797 14.93394 
  8.881429 7.473057 7.891207 10.15837 11.24428 10.93837 11.24006 11.90979 11.95459 14.05509 15.99668 15.99895 14.25419 14.11253 15.57759 14.79874 15.50064 15.98564 14.98724 15.45146 15.13122 14.91118 14.93394 
  7.191794 7.624772 8.747869 9.322765 10.11768 10.93837 11.24006 12.03043 12.2439 12.9862 15.02504 15.71602 14.63025 13.64639 15.32042 14.99527 15.29742 15.16702 14.8857 14.77472 14.56061 14.54099 14.71633 
  6.270175 6.335192 7.969085 10.22265 11.24428 10.70739 11.05 11.6082 11.3181 12.51114 15.02504 14.30138 13.69009 14.06074 15.06324 15.0444 14.84018 14.78778 14.13189 14.85219 14.3704 14.0474 14.10103 
  7.806207 6.866196 7.112422 8.937099 9.291511 10.78438 11.62018 11.36693 11.37596 11.79854 14.76593 14.30138 14.25419 14.52688 14.99895 14.74961 14.68776 14.74037 13.70885 14.46484 14.3704 14.0474 13.98548 
  8.267016 6.942053 7.813328 7.972937 9.967468 11.01537 11.93695 12.21138 11.781 11.50163 13.59996 13.87698 14.69293 14.11253 15.449 15.09354 14.84018 14.59815 14.05498 14.27116 13.40404 13.30702 13.43661 
  7.883008 6.107619 7.969085 9.065655 9.742149 10.86138 11.62018 12.33202 11.66527 11.67978 14.5716 14.51357 14.44222 14.26791 14.93466 14.99527 14.63696 14.31372 13.24735 13.7676 13.25755 12.92949 13.08995 
  6.193373 6.183477 7.346057 10.0941 10.343 9.398483 9.972988 10.88439 11.08665 12.27361 15.21936 14.44284 13.43938 14.73406 15.19183 14.50395 14.43374 14.55075 13.17043 13.61266 13.08176 13.28481 13.17661 
  5.441994 6.259335 7.034543 8.551435 9.967468 10.63039 10.66988 10.46216 10.21871 12.45175 14.44205 13.38186 13.81544 15.37638 14.61319 13.91436 13.36683 13.17597 13.24735 13.34151 12.52509 12.24107 12.7144 
  7.268596 6.562765 8.046964 8.872823 9.291511 10.39941 10.47982 10.46216 9.697943 12.6299 15.08981 14.01845 14.63025 14.4233 13.00587 12.68606 12.70636 12.93894 12.05514 12.14071 11.82194 12.37431 11.64554 
  7.345397 7.928203 8.825748 9.322765 10.56832 9.706461 9.529513 9.798667 10.62375 13.58003 15.28414 12.816 14.5049 13.5946 12.23435 12.19474 11.79187 11.89601 11.28597 11.28854 11.14809 11.59705 11.21222 
  6.270175 8.459206 8.981505 9.708431 10.11768 9.86045 8.452503 9.014535 9.697943 13.04558 13.27608 11.61355 13.00063 12.71411 11.7843 11.31036 10.72496 10.42642 10.59372 10.55256 10.41563 10.93083 11.15445 
  6.730984 9.217783 10.0718 7.972937 7.939594 8.397556 9.276099 9.678031 9.292904 11.50163 12.11011 10.1989 12.18582 11.52286 9.662624 9.197674 10.1661 9.573113 9.607237 9.502046 10.29844 10.68655 10.62771 
  7.268596 9.369497 9.137262 7.972937 8.46534 8.705534 9.212746 9.557396 9.177179 10.61089 10.94414 9.279379 9.114613 8.933191 9.598331 8.902881 9.079765 9.620519 9.621799 9.731794 10.16813 10.73097 10.66458 
  6.500579 8.914352 9.059383 6.81594 7.714275 8.166574 7.755614 7.868496 7.846338 9.304469 9.389511 8.642788 9.114613 8.829604 9.083986 8.789311 9.810467 9.20872 9.636362 9.372188 9.964943 10.75318 10.64615 
  7.95981 8.155775 7.501814 6.365997 6.512571 6.780675 7.628907 8.04945 7.846338 8.888789 9.130407 8.501323 8.926579 8.46705 9.405452 8.952013 9.708857 9.306749 9.665487 10.049 10.09642 10.19191 10.72112 
  6.961389 7.852345 7.346057 6.30172 6.662785 6.780675 7.058725 7.74786 7.614887 8.532493 9.130407 9.137915 9.616035 8.415257 9.083986 9.246806 9.810467 9.620519 9.786092 9.831686 9.929086 10.34139 10.63693 
  5.886167 7.473057 8.514235 5.851777 6.812997 6.318708 6.045068 7.385953 8.193514 9.126321 9.065631 8.642788 9.114613 8.829604 8.034285 8.773202 9.170918 9.380272 9.199484 9.971533 10.41563 10.86421 11.15445 
  6.654182 8.535064 8.202721 5.723222 5.986826 5.512804 6.045068 6.722457 7.904201 9.126321 10.03727 8.218393 8.237124 8.287836 7.75877 8.692656 9.35322 9.11069 9.578112 9.502046 10.19204 10.57552 10.35117 
  6.807786 7.473057 7.346057 5.090484 5.836613 5.456326 5.184906 5.708738 7.325574 8.057431 9.065631 7.844997 8.174447 8.415257 8.552901 8.434907 8.532857 9.159705 9.417923 9.961544 10.23985 10.46448 10.60006 
  5.962968 6.562765 6.411515 5.615216 4.633769 4.835071 4.723595 6.601821 6.500331 7.582369 8.029213 7.193761 8.299802 8.415257 8.633935 8.483235 8.867079 9.343511 9.709175 9.591948 9.917133 10.35897 10.56318 
  6.654182 6.486907 6.489393 6.623107 6.137039 5.512804 5.26878 5.760235 6.161234 7.701135 8.093988 7.864732 8.009401 8.570637 8.407041 8.596 9.35322 9.098436 9.68005 9.791729 9.809563 10.05123 10.34195 
  6.193373 5.955904 6.177879 5.916054 5.761507 4.665637 5.184906 6.352445 6.685293 7.641752 8.029213 7.489778 8.009401 8.330309 7.839803 8.225487 8.927847 9.294496 9.694613 9.56198 10.38634 10.42052 10.17603 
  6.961389 6.107619 5.375079 6.55883 6.287252 5.625759 6.171775 6.662139 6.920535 7.938665 8.288317 8.289126 8.049091 8.415257 8.163939 8.853748 8.943038 9.196466 9.709175 9.971533 9.821515 10.24467 10.24056 
  7.191794 5.43551 5.298034 5.787499 5.6864 4.891548 5.772028 6.069214 5.914618 7.117943 7.705332 7.075355 7.632342 8.570637 8.342213 8.128831 8.745543 9.037169 9.534424 9.442111 10.04861 10.12157 10.5724 
  6.193373 6.183477 5.63273 6.04461 4.997945 5.060982 5.142968 5.631494 5.668002 6.761395 7.705332 7.608184 7.910175 7.926811 8.423247 8.902881 8.95823 9.135198 9.709175 10.08774 10.32774 10.57552 10.83668 
  6.730984 5.908596 5.866365 5.367426 5.132115 4.580921 6.298482 6.843093 6.592813 7.247598 8.093988 7.095089 8.111769 8.096705 8.9554 8.402689 9.003806 8.694065 9.461611 9.392166 9.666135 9.963307 10.34195 
  7.268596 6.486907 6.567272 5.367426 5.477124 6.318708 5.352654 5.631494 5.328905 6.696568 7.279533 7.864732 6.917914 8.011758 8.244972 8.14494 9.079765 8.77984 9.053858 9.631904 9.654182 10.5089 10.65536 
  6.807786 5.530127 6.177879 5.644368 4.384596 4.609159 6.171775 6.662139 6.654466 6.891048 7.332758 6.700401 7.771258 8.096705 8.180145 8.547672 8.943038 9.233228 8.777168 9.771751 9.785658 10.55331 10.61849 
  6.346976 6.866196 6.177879 6.108887 4.863775 5.399848 5.73009 5.785983 6.315369 5.691748 6.534385 6.956948 7.414044 7.629496 7.596702 8.048285 8.897463 9.810143 9.650925 9.332232 10.01275 10.35897 10.45257 
  5.57896 6.259335 5.554852 4.784389 5.477124 5.428087 5.604279 5.966221 6.746947 6.404845 6.773896 6.73987 6.878223 7.778153 8.244972 8.708765 8.927847 9.257734 9.548986 9.901609 10.41563 10.4381 10.471 
  5.655762 5.340893 5.375079 5.119636 5.017112 4.157338 5.520404 6.223703 6.253716 6.145537 6.587609 7.035886 7.592651 8.054232 8.891108 9.148541 8.730351 9.85755 9.863008 9.971533 9.59442 9.90176 10.10229 
  4.254951 4.725882 5.452125 5.916054 5.611294 4.524443 4.80747 4.833298 5.575521 6.5345 6.720672 8.006197 7.711722 8.117942 8.762521 9.295938 8.912655 9.380272 9.082983 9.951554 9.833467 10.95304 10.64615 
  4.300606 5.10435 4.784398 5.177939 5.496291 4.835071 3.297727 5.528501 5.637175 6.891048 7.545657 7.844997 8.029246 8.075468 7.661529 8.257706 8.821503 9.343511 9.432486 9.871642 10.0247 10.35897 10.14838 
  3.34184 4.300105 5.015534 5.338274 5.419622 3.818471 4.597783 6.172207 4.774019 6.145537 6.853734 7.351637 7.433889 7.926811 8.180145 8.708765 8.715159 9.024915 9.786092 9.681849 9.474897 10.00727 10.58162 
  3.478807 4.962424 5.375079 4.798965 5.6864 5.117459 5.310718 5.734487 5.822137 6.113123 6.747284 7.252965 7.572806 7.056104 8.034285 8.821529 9.125341 9.904955 9.747634 9.591948 10.23985 10.21829 10.55397 ]
