 [
  4.397715 2.985816 3.131305 4.566885 3.8908 5.217002 5.297098 5.93439 5.93153 6.724682 6.863607 7.482853 7.380814 7.911852 8.467563 7.833061 8.522841 9.210514 9.477016 9.668346 10.20074 9.964626 10.47603 
  4.320919 2.784779 2.022636 2.260541 3.484973 3.794188 4.872041 5.434779 5.8222 5.917842 6.519547 7.360648 7.474226 7.732427 8.657643 8.551862 8.327572 9.761605 9.624207 9.473689 9.961354 10.00888 10.41234 
  4.781694 3.187891 2.151551 2.099101 3.462427 4.579638 4.299982 5.384818 6.060011 6.724682 7.090826 7.197708 7.271833 7.531894 8.214121 8.131101 9.272376 9.152501 9.226635 9.790008 10.15238 10.10843 10.27961 
  2.948281 3.086853 2.770343 3.552058 4.381847 4.933729 4.109296 5.360178 5.703826 6.038701 6.477647 7.401383 7.695251 8.129053 8.214121 8.446671 8.801799 9.127639 9.730893 9.749454 9.630686 10.14162 10.39192 
  4.167327 2.918803 3.131305 4.269355 4.558905 4.321912 4.633683 5.212335 6.231321 6.760072 6.749998 7.564323 8.192559 8.063689 8.030752 8.060973 8.587932 9.119351 9.507551 9.822451 10.32165 10.14162 10.57156 
  4.167327 3.389965 3.208654 3.436744 3.530065 4.395548 5.695652 5.113772 4.330685 5.998415 6.708098 7.564323 6.835911 7.626884 8.214121 9.307018 9.447224 9.320732 9.810908 10.22414 9.998096 9.970158 10.24898 
  3.77827 2.874128 3.943907 3.971826 4.381847 4.792092 5.581779 5.684585 5.13563 6.280418 6.825737 7.279178 7.750508 7.742981 7.821187 8.306417 8.801799 9.375841 9.730893 10.10657 10.17656 10.58573 10.53971 
  4.244123 3.491003 2.899258 3.87265 4.735963 4.792092 5.12629 4.620962 5.680151 5.796984 7.204435 7.727263 7.750508 8.521238 8.004557 8.80358 8.457752 9.144214 10.02428 10.19475 10.10401 10.61534 10.6034 
  2.507349 2.226343 3.00239 3.552058 4.293318 5.004547 5.12629 5.584662 6.274148 7.043191 6.456697 6.393796 7.380814 7.932961 8.122437 8.464203 8.494946 8.680111 9.428162 10.18495 9.98891 10.40809 10.44418 
  4.320919 3.086853 3.208654 2.537294 3.732978 4.015096 5.240162 6.084273 6.40263 6.689292 7.015087 7.279178 7.805764 8.259782 7.755698 8.464203 9.272376 9.044764 9.409842 9.842045 9.998096 10.13609 10.50787 
  2.585161 2.673092 3.418727 3.367555 3.868254 4.469184 4.999166 5.684585 6.102839 6.512343 7.355915 6.028382 7.271833 7.816862 8.467563 8.740651 9.097528 9.486059 9.570864 9.871437 10.17656 10.58573 10.66709 
  4.628102 2.941141 2.306249 2.352792 3.101691 4.792092 4.951494 5.634624 5.585452 6.280418 6.825737 6.99673 7.750508 7.901298 7.781894 8.341481 8.980963 9.003325 9.544192 10.24373 9.841947 10.31926 10.40213 
  5.856837 5.915902 3.628799 3.413681 4.00353 4.933729 5.410971 5.138413 4.780507 6.547733 7.507394 6.960188 7.225127 7.637438 7.559232 8.481735 9.214093 9.651386 9.287704 9.790008 10.03146 10.4673 9.973313 
  3.752333 3.389965 3.418727 3.674297 4.647434 4.862911 5.12629 5.064491 5.325028 6.441563 7.469524 7.686528 7.349677 8.129053 8.214121 8.677721 8.838993 9.0199 9.196101 9.798119 10.32165 10.4673 10.57156 
  3.752333 2.583742 2.564079 3.674297 4.647434 4.862911 4.82437 5.286256 4.969905 5.877556 7.583133 6.923647 6.477833 7.489676 8.214121 8.359013 8.894784 9.210514 9.306025 9.741343 9.878687 10.28966 10.24898 
  3.181715 2.51673 2.950824 3.206116 4.048622 4.792092 5.183226 4.867367 6.40263 6.901631 7.015087 7.238443 7.474226 8.063689 8.148632 8.446671 9.15581 9.265623 9.650879 10.0086 9.419426 9.787632 9.758907 
  3.77827 2.472055 3.182871 3.206116 4.11626 4.542819 5.183226 5.384818 6.316976 6.724682 7.015087 7.645793 7.349677 7.690209 8.340841 8.614792 9.214093 9.541168 10.15764 10.03799 9.878687 10.26005 10.02436 
  4.397715 3.59204 3.733835 2.652608 4.913021 4.555092 5.581779 5.734546 6.102839 5.998415 5.513942 6.448608 7.411951 8.390511 8.070045 8.42914 8.838993 9.43095 9.153353 9.644014 9.60313 9.898253 10.32045 
  3.933893 4.80449 5.204341 3.252241 3.732978 4.260549 5.030947 6.034312 6.40263 5.152404 5.409191 7.482853 8.247815 8.194418 8.530923 8.86651 8.980963 9.486059 9.342666 9.36825 10.17656 10.43769 10.39192 
  4.704898 8.542875 8.985643 5.360295 5.090079 4.721274 6.037268 6.134234 6.616767 6.300561 6.393847 7.401383 7.971533 8.586603 8.784364 8.86651 9.15581 9.541168 9.784237 10.08698 10.34584 10.37848 10.38171 
  8.775082 12.98852 13.18709 10.71582 11.5527 10.03264 9.738117 8.582328 8.415516 8.246446 8.567747 9.356666 9.739738 10.15534 10.17829 9.873384 10.14662 10.14737 9.464803 9.514243 9.851131 10.73376 11.01738 
  11.92371 14.90824 15.39285 15.17876 16.50522 16.50315 15.0296 13.67174 13.43034 13.4487 14.15456 16.53919 16.83695 16.10349 16.6384 15.59999 16.38286 16.43073 12.95816 10.04779 11.33732 13.13194 12.57776 
  13.9972 15.00927 15.81299 16.2697 17.23716 17.45607 15.5745 14.46833 14.00855 14.31907 14.66601 17.46575 17.9183 17.41491 17.51802 16.75951 17.01171 17.05882 13.5446 10.3809 12.03862 13.69448 12.86436 
  14.3868 15.91861 15.91803 16.61979 17.72512 17.85313 15.13858 14.41855 13.53547 14.11822 14.66601 17.71844 18.42716 17.54237 18.02066 16.96304 17.28582 17.42829 13.67492 11.0765 13.10266 14.49258 13.91523 
  15.07608 16.68805 16.96242 17.84512 18.70103 17.85313 15.41103 13.8211 13.85085 14.51993 15.30532 16.28649 17.28221 17.54237 17.51802 16.60686 16.91496 16.26448 13.3817 11.75972 13.71032 14.81997 14.51202 
  15.10605 17.16895 16.99677 18.02016 19.92093 18.409 15.84694 14.11982 14.2188 15.18945 15.62497 16.79189 18.23634 18.2753 18.14632 17.44643 17.38257 17.0773 14.06589 11.90612 14.08168 15.10059 14.48844 
  15.52562 17.3613 17.44331 18.42861 20.32756 18.64723 15.46552 14.41855 14.63932 15.18945 15.30532 16.53919 18.49077 18.30717 17.98925 17.54819 17.38257 16.76325 13.90299 11.85732 13.60905 15.00705 14.29737 
  15.76537 17.48954 17.92419 18.83705 20.57154 18.32959 15.13858 14.91642 14.53419 14.78774 14.66601 16.37072 18.55438 18.30717 17.76934 17.39555 17.01171 16.59699 13.96815 11.78412 14.48679 15.52153 14.67708 
  15.8253 17.58572 18.13028 18.8954 20.16491 17.85313 14.86613 14.76705 14.32393 14.18517 13.83491 16.11802 18.49077 17.95664 18.3034 17.75173 16.62472 16.39379 13.87041 11.97933 14.79062 15.80215 14.81857 
  15.88524 17.61778 18.30203 18.83705 19.35164 17.29725 14.59369 14.36876 13.85085 13.5826 13.38739 15.35993 18.04551 17.57424 17.92642 17.90438 16.32458 16.15426 13.5446 12.29654 15.22949 16.87786 15.97403 
  15.88524 17.61778 18.43942 18.8954 18.70103 16.58256 14.32124 14.02025 13.53547 12.98003 13.06774 14.68607 17.34582 17.28744 18.27198 18.20967 16.80209 16.57852 13.93557 11.95493 14.85814 16.17631 15.78538 
  15.79534 17.58572 18.57682 19.07044 18.05042 16.1061 14.10328 13.97046 13.53547 12.91308 12.93988 14.68607 16.70974 17.25558 18.05208 18.05703 16.86659 16.41226 13.80525 11.71092 14.92566 15.5683 15.57316 
  15.58555 17.6819 18.71421 19.65393 17.07451 15.78846 13.88533 13.8211 13.32521 13.04698 12.74809 13.75952 16.07365 16.77758 17.23528 17.62452 16.6731 16.39379 12.79813 12.39414 14.79062 15.66184 15.90329 
  15.40574 17.71396 18.81726 19.77063 16.42389 15.3914 13.23146 13.22366 13.11496 13.04698 13.06774 12.4118 15.24674 16.42705 16.26089 17.14113 16.86659 16.5231 13.44686 11.27171 13.94664 15.33445 14.70066 
  15.13602 17.81014 18.54247 19.94567 15.93594 14.83553 12.41412 12.37728 12.53675 12.84613 12.81202 12.74873 14.27077 15.84203 15.88072 17.09025 16.75372 16.59699 13.41428 11.66212 13.71032 14.96028 14.93647 
  14.8663 17.93838 17.47766 19.71228 16.83053 14.35907 12.79554 11.28023 11.53803 12.37746 12.87595 13.42259 14.80148 16.29958 16.07081 16.70863 16.86659 16.96646 14.42427 11.51571 13.84536 15.00705 14.70066 
  14.83633 17.8422 17.06547 19.42054 16.66787 14.04143 13.28595 12.77558 11.11364 11.57403 12.49236 13.67528 15.24674 17.54237 16.95255 17.16657 17.02783 16.94798 15.01072 12.17453 14.7231 14.96028 15.12512 
  14.65652 17.71396 16.85938 19.01209 16.26124 13.8032 13.12248 12.62622 11.32778 10.90069 11.78912 12.91719 14.73787 17.44677 16.76406 17.31922 16.91496 16.63394 14.00073 12.61374 14.82438 15.38122 15.29018 
  14.53664 17.42542 16.65328 18.48695 15.44798 13.64437 12.57758 12.62622 11.5906 11.37318 11.59733 12.49603 14.73787 16.93691 17.29811 17.92982 17.39869 16.8002 13.93557 12.58934 14.65558 15.33445 15.57316 
  14.29689 17.0407 16.89372 17.61172 14.82828 13.00701 11.90169 11.77984 11.32778 10.97147 11.37011 12.33033 14.54705 16.90504 16.98396 17.75173 17.1407 16.54157 13.02332 11.66212 13.9804 14.72643 15.00721 
  13.15245 16.17509 17.03112 15.97217 14.65122 11.87392 10.99071 11.13034 10.94233 10.82991 11.21863 12.08591 13.88397 16.77758 16.44991 16.60686 15.80003 15.54806 12.18468 10.28292 12.49809 13.3688 13.78786 
  12.46128 14.8072 16.68763 15.37711 12.08387 10.2451 9.339565 9.731433 9.700336 10.22828 10.65059 10.98607 12.72359 16.16885 16.32425 15.66291 14.51781 14.6112 11.97131 11.19851 13.47401 13.93134 15.54957 
  11.30935 14.70616 16.54825 15.07958 10.22476 7.412368 6.435822 8.582328 8.84379 9.237362 9.85532 10.17137 12.28153 15.77667 16.07081 15.47412 13.64357 14.11522 12.07799 10.84137 12.7641 13.48723 15.1487 
  9.54304 11.97815 13.5022 12.501 10.49035 8.474642 7.517608 8.68225 8.372688 8.069496 8.719227 9.886222 12.77884 14.79621 14.93032 13.14573 11.72025 12.1313 11.4112 10.7336 11.72425 13.66487 14.74783 
  8.698286 11.97815 13.81731 12.30264 9.339474 7.908096 5.923396 6.583884 6.274148 6.795462 7.280175 8.256819 10.2923 11.85481 11.95238 9.873384 8.92268 10.09226 10.02428 9.900829 10.66021 11.62198 12.92805 
  9.082265 10.66466 11.1914 9.426527 8.365654 7.624823 5.240162 5.48474 6.830904 6.547733 7.090826 7.686528 8.02679 7.998325 9.101166 8.677721 8.85759 9.43095 9.570864 9.562907 10.20074 10.49691 10.63525 
  7.315959 10.15948 11.1914 8.434763 7.037719 6.987458 5.467907 4.916648 5.538102 7.22014 7.280175 6.795752 7.639995 8.129053 8.404202 8.677721 9.097528 9.596277 9.704222 9.959613 10.24911 10.4673 10.6034 
  4.781694 6.724201 6.674848 5.558648 3.439881 4.248276 5.015056 5.534701 5.656476 6.09913 6.477647 6.777482 8.02679 8.521238 8.467563 8.411608 9.15581 9.094488 9.318238 10.0086 9.593946 9.854005 10.32045 
  6.855184 7.936651 8.460463 8.633116 8.277125 8.191369 7.745353 6.184196 6.702422 7.043191 7.204435 8.175349 10.51333 9.763159 8.784364 9.684596 9.738637 9.375841 9.864251 10.02819 10.44257 10.52652 10.53971 
  7.162367 8.441838 8.985643 9.724056 9.428003 8.757915 8.485522 5.93439 6.57394 7.32631 6.645247 8.053144 10.90012 10.28607 8.911085 9.495807 9.971767 9.210514 9.367093 9.579128 10.10401 10.70416 10.66709 
  4.14139 4.097228 4.889233 4.269355 5.00155 5.217002 5.183226 5.212335 5.974357 6.441563 7.052957 7.849469 7.695251 7.574111 7.729503 8.677721 8.92268 9.43095 9.757565 9.891031 9.649056 10.03653 10.44418 
  4.167327 3.794115 3.208654 3.87265 4.293318 3.978278 4.109296 3.807825 5.538102 7.007801 7.015087 7.686528 8.02679 8.455874 8.657643 9.495807 8.904083 9.152501 9.570864 10.19475 10.44257 10.17123 10.34087 
  3.544835 2.181669 1.558542 3.552058 4.11626 4.076459 4.125186 4.596322 5.845875 6.937021 6.687148 7.069813 7.916277 8.063689 8.083143 8.677721 9.214093 9.486059 9.944266 10.03799 10.17656 10.52652 10.57156 
  2.87047 2.494392 3.00239 3.57512 3.484973 4.650456 5.467907 4.768805 5.419727 6.340847 6.477647 7.051542 7.584738 7.998325 8.214121 8.551862 8.980963 9.43095 9.890924 9.303364 9.851131 10.11397 10.04478 
  3.155778 1.556221 3.313691 4.269355 3.575157 4.027368 4.474778 5.138413 4.804182 5.615695 6.749998 6.99673 7.861021 8.194418 7.375863 8.113568 9.097528 9.210514 9.730893 10.34171 10.20074 10.26005 10.95369 
  4.935286 3.491003 3.418727 2.698734 2.71841 3.929187 4.681355 5.884429 5.93153 6.937021 7.658873 7.124625 7.529482 7.998325 8.174828 8.481735 9.214093 9.265623 9.730893 10.21434 9.98891 9.975689 10.53971 
  4.397715 3.086853 3.628799 3.971826 4.204789 4.248276 4.458888 5.584662 5.845875 6.972411 7.393785 7.033271 7.584738 7.901298 8.277481 8.740651 9.563789 9.541168 9.970938 9.979207 10.07983 10.26005 10.57156 
  4.397715 3.693078 3.418727 3.32143 3.011508 4.125549 5.752587 5.684585 5.845875 6.280418 6.729048 7.197708 7.750508 7.605774 7.598525 8.376545 9.039246 9.486059 9.810908 10.06738 10.27329 10.58573 10.92185 
  4.935286 3.895153 3.131305 4.467708 4.470376 4.862911 5.695652 5.138413 6.231321 7.22014 6.977217 7.279178 7.639995 8.521238 8.784364 8.614792 9.680354 9.43095 9.318238 10.13596 10.15238 10.85219 10.66709 
  3.882018 2.60608 3.733835 3.773473 4.11626 5.075366 5.094509 5.684585 5.703826 6.476953 6.729048 6.99673 7.256265 8.063689 8.467563 8.614792 8.755306 9.135926 9.458696 9.635903 10.03146 10.4673 10.50787 
  3.726395 3.288928 3.523763 3.971826 4.647434 4.137822 5.240162 5.884429 6.659595 6.653902 7.355915 7.442118 7.396382 7.721873 8.530923 8.740651 9.039246 9.0199 9.624207 9.80623 9.961354 10.04206 10.32045 
  3.59671 2.159331 2.512513 3.067739 4.824492 5.783548 5.183226 5.064491 5.325028 6.119273 7.431654 6.814023 7.458657 8.129053 8.148632 8.740651 8.980963 9.375841 9.47091 9.749454 10.20074 9.992282 10.85816 
  3.95983 2.740104 4.048944 4.071002 4.381847 4.933729 5.581779 6.034312 5.798525 6.360991 6.687148 7.482853 6.773637 8.063689 8.277481 8.614792 8.653022 9.102776 9.650879 9.822451 10.41838 9.98122 10.63525 
  3.804207 3.59204 2.383598 3.482869 4.093714 5.571093 4.999166 5.48474 6.060011 6.512343 6.268146 7.767999 7.349677 7.998325 8.974445 8.86651 9.330658 9.596277 10.07762 9.384471 10.00728 10.09184 10.30003 
  4.244123 2.807116 3.157088 4.170179 4.735963 5.004547 5.638715 6.533923 5.974357 7.007801 6.787868 7.645793 7.584738 7.998325 8.340841 8.86651 9.097528 8.937025 9.757565 9.822451 10.24911 10.34887 10.6034 
  6.701591 6.724201 6.359739 5.062766 4.381847 5.358638 6.208076 5.734546 6.659595 6.547733 5.786293 7.442118 7.750508 7.85908 8.530923 8.614792 8.7925 9.202227 9.757565 9.538575 9.878687 10.17123 10.53971 
  8.928673 9.55325 9.090679 8.930645 7.303306 7.129095 8.770204 9.631511 8.629653 7.538649 8.454138 9.641811 10.23705 9.828524 9.544688 8.86651 9.447224 9.926932 9.730893 10.14576 10.07983 9.798695 10.44418 
  8.083918 8.340801 7.094992 7.740529 6.063899 5.925184 7.062119 7.882873 7.002213 6.119273 7.242305 8.012409 9.131918 8.782696 9.037806 8.86651 8.92268 9.706496 9.917595 10.04779 10.12819 10.61534 10.92185 
  7.623143 7.128351 5.834558 5.657825 4.913021 5.641912 6.208076 6.334079 6.145666 6.038701 7.469524 7.523588 7.750508 8.063689 8.847725 8.551862 8.92268 9.375841 9.67755 9.891031 10.27329 10.37848 10.73078 
  4.167327 2.673092 3.208654 4.071002 5.090079 5.429457 5.524843 6.134234 6.916559 6.547733 5.911994 6.814023 7.805764 7.827416 8.594283 8.614792 8.634424 8.978462 9.650879 10.06738 10.56348 10.17123 10.30003 
  5.012082 3.59204 3.733835 4.170179 3.484973 4.444638 4.713136 5.236975 6.745249 7.007801 7.090826 6.759211 6.929323 7.384132 8.174828 7.429832 8.85759 9.320732 9.458696 10.15556 10.15238 10.37848 10.57156 
  4.320919 2.985816 3.523763 3.87265 2.673318 3.843278 5.297098 5.360178 5.974357 6.653902 6.825737 6.613045 6.680225 7.25748 8.030752 8.551862 8.494946 8.928738 9.367093 9.930221 9.832761 10.1195 10.30003 ]
