 [
  5.073748 2.631397 4.197613 4.301001 3.712389 3.750279 3.987552 5.746596 5.835854 5.473279 6.394825 6.856288 7.270238 8.236114 8.274251 8.926457 9.219642 9.068719 9.699035 9.908182 10.42874 10.42628 10.24148 
  5.249923 3.409432 4.07703 3.533462 4.939801 4.458521 3.961322 5.627855 6.30333 7.267612 7.445297 7.212929 7.360677 8.28834 8.502567 8.665257 9.219642 9.361237 9.175459 9.550076 9.878315 10.10659 10.13646 
  5.161835 2.24238 3.835865 3.3032 4.491446 4.794936 4.800699 5.6991 6.139713 6.487838 7.290388 7.450979 7.360677 7.685628 8.040546 8.875563 9.173243 9.50647 9.31712 9.373764 9.783772 9.970438 10.44403 
  5.514184 3.182505 3.916254 2.765923 3.089143 5.09131 5.377771 5.81784 5.859228 5.340945 6.063226 7.328596 7.683673 7.636402 8.077447 8.875563 8.832154 9.50647 9.820083 10.24121 10.28058 10.42628 10.68712 
  5.073748 3.020415 3.554507 4.224247 3.369604 4.493933 5.482693 5.461619 5.345004 5.1645 6.868539 7.039428 7.541555 8.497245 8.384953 8.727264 9.034048 9.056519 10.05007 9.655863 9.93234 10.12261 10.00143 
  4.985661 2.955579 1.785965 3.8021 4.771907 4.987388 5.561385 5.865336 5.438499 6.37756 6.560625 7.232207 7.580314 8.046618 8.102048 7.781634 8.111105 9.300528 9.856397 10.14796 10.15711 10.50604 10.40652 
  4.985661 3.96054 3.273148 4.799901 4.67842 4.617875 4.276088 5.319131 5.952723 6.652899 6.560625 7.338235 8.454514 8.445019 7.671539 8.370716 8.731207 9.09312 9.324575 9.988109 10.13241 10.54591 10.5158 
  3.721421 4.626672 4.278001 3.840477 3.868201 4.987388 4.85316 5.627855 5.461873 6.729739 7.290388 7.068345 7.399436 7.702036 7.856043 8.587746 8.860996 9.129721 9.577986 9.788292 10.28058 10.50604 10.55006 
  3.461136 3.279759 3.916254 4.900235 4.67842 4.476227 4.722007 5.746596 5.578742 6.531949 7.058024 7.145456 7.089361 8.079435 8.7966 8.69626 8.500471 8.5441 9.294752 9.854897 10.23119 10.34652 10.5158 
  3.907339 3.44185 3.594701 4.224247 4.429122 4.157518 4.512163 5.651604 6.373451 6.333448 7.034338 7.193651 7.283158 8.183887 8.561374 8.091677 9.080446 9.651702 10.09849 10.50763 10.05833 9.946411 10.34651 
  3.275219 3.409432 4.358389 4.416131 4.024012 4.987388 5.899954 6.282043 6.30333 6.399615 7.034338 7.580078 7.296078 7.767671 8.62018 8.926457 9.173243 9.288327 9.590091 9.68231 9.750007 9.946411 10.36151 
  3.944522 4.252302 4.861606 5.602569 5.678782 6.234454 6.246457 6.282043 6.466947 6.883417 6.702739 6.846649 7.257318 7.636402 7.929844 8.448226 9.312438 9.760627 9.160547 9.921503 9.817537 10.00247 10.3165 
  4.390724 5.245739 5.968682 6.806571 6.101058 6.234454 6.679585 6.282043 5.765732 6.002614 7.135478 7.709176 7.438196 7.89894 8.22505 8.758269 9.034048 9.263926 9.711139 10.3611 10.28058 10.3864 10.96124 
  3.832972 4.833028 4.660319 5.602569 5.995489 6.650142 7.632467 7.370395 6.777813 6.399615 7.367842 7.644627 8.268264 8.28834 8.102048 8.875563 8.91868 9.361237 9.711139 9.921503 9.878315 10.14663 10.46653 
  5.778447 5.039383 5.968682 7.007238 6.73447 6.857986 7.632467 7.448134 6.466947 7.037095 8.142387 7.580078 8.01993 7.964575 8.114348 9.028249 9.080446 8.873512 9.003975 9.532445 10.10772 9.834287 10.25649 
  6.65932 6.690228 6.169969 6.003903 6.628901 6.857986 7.372591 7.525874 6.544663 6.333448 6.513254 6.798454 7.771596 7.718445 8.561374 9.180935 9.26604 9.288327 9.324575 9.514813 10.03364 10.70543 10.61859 
  4.911294 4.420317 3.835865 4.454509 4.939801 5.714843 7.372591 7.370395 6.777813 7.190773 8.219843 8.483768 9.261598 9.176185 9.913927 10.65691 9.869217 9.397545 9.45878 10.37442 10.55221 10.78518 11.37241 
  6.65932 5.452095 5.062892 6.003903 6.206626 5.506999 5.986579 6.903959 7.244112 7.728647 8.839479 9.322908 9.944515 9.907351 9.619893 10.19885 9.776421 9.470161 9.723244 10.30782 10.65099 10.70543 11.13256 
  6.042708 6.277517 6.572542 6.605905 5.467645 5.506999 6.419708 7.137177 7.554978 7.344451 7.83257 8.419218 9.447848 9.541768 8.737794 8.479231 8.586998 9.433853 9.384222 9.550076 10.15711 9.754198 10.35401 
  8.421066 9.888741 7.478332 7.60924 6.417764 6.130531 7.805719 9.002923 7.788128 6.002614 7.83257 8.290119 9.199514 9.593994 9.796313 8.926457 8.399525 9.905859 9.892712 9.868219 10.23119 10.58579 10.15897 
  12.12074 14.11903 12.40985 11.12091 9.056984 7.273675 7.372591 8.458747 8.254427 6.729739 7.445297 8.354669 10.31702 10.27293 10.32557 9.231831 8.860996 9.760627 9.466236 9.717572 10.01338 10.42628 10.72139 
  15.02762 17.57607 16.43559 16.03725 14.22986 11.74233 11.96375 12.34572 10.81907 9.111752 10.54348 10.87209 12.73827 12.30975 12.08977 11.01317 10.14761 11.93912 10.81268 9.664679 10.47813 10.66555 10.89271 
  15.99658 18.11864 16.9388 17.68913 14.7577 13.82077 13.17651 13.35633 12.8397 10.87905 12.01512 12.67947 14.4766 14.13767 14.03039 12.38735 12.09634 13.82714 11.78389 9.841577 10.08302 11.34348 10.9955 
  16.27049 18.06647 17.3152 17.80546 15.60225 14.34038 13.08989 13.04537 12.99514 11.5706 12.32493 12.42127 14.22827 14.55548 14.14801 12.59093 12.79231 14.24576 12.39373 10.6142 10.52752 11.58274 11.44094 
  16.35732 18.18124 17.38346 18.37552 17.29135 16.52275 15.42878 14.75564 14.54947 14.95152 15.34566 14.61595 14.72494 14.92427 14.85369 15.18661 14.46265 14.42801 13.00357 12.53832 12.08324 12.89872 13.70239 
  16.47793 18.11864 17.47654 17.89853 18.94578 18.1855 17.19117 16.49541 16.41466 16.5386 17.00522 16.66489 16.38916 15.4679 16.13791 16.36458 15.37599 14.97477 12.4296 12.27696 13.46787 15.21165 14.86738 
  16.4924 18.08734 17.5386 17.97997 19.02062 18.75443 18.08412 17.63598 17.48598 17.47092 17.83054 17.32241 16.61223 15.33999 16.47647 16.41839 16.91459 16.66062 12.93182 12.45991 13.74127 16.21594 16.32282 
  16.54546 18.0456 17.57583 17.93344 18.81748 19.00045 18.41484 18.01616 17.93236 17.80995 18.25971 17.53162 16.5485 14.76438 17.0633 16.2749 17.28092 16.84287 12.86008 12.35537 13.57723 16.27354 16.5443 
  16.56476 18.0143 17.62548 17.94507 18.6571 19.15422 18.64635 18.32031 18.37874 18.23373 18.25971 17.44196 16.42102 15.14812 16.99559 15.93411 17.06112 16.56949 13.11119 12.56446 13.78228 15.81275 16.13298 
  16.56476 17.97256 17.63168 17.8869 18.49673 19.10809 18.74556 18.39635 18.69121 18.14898 17.83054 16.81433 15.46994 15.27603 16.76988 15.70093 16.87795 16.20498 13.29055 13.11331 14.001 15.96635 15.97478 
  16.53099 17.95169 17.59445 17.86363 18.42188 19.09271 18.77864 18.47239 18.95904 18.53038 17.86356 16.45568 15.53202 15.56383 17.26644 15.80855 16.62152 15.84048 12.9677 12.77354 14.05568 16.33113 16.13298 
  16.50205 17.89952 17.58204 17.8171 18.35773 19.04658 18.81171 18.47239 19.09295 18.57276 17.86356 16.1867 15.40786 15.78768 17.33415 15.66506 17.13439 15.9316 12.71659 12.98263 14.05568 16.46553 16.8607 
  16.4731 17.81605 17.55721 17.7822 18.35773 18.95432 18.81171 18.2823 19.09295 18.488 17.4674 15.88783 15.59411 15.14812 16.79246 15.41395 16.87795 15.97717 12.89595 12.82581 13.64558 15.63995 15.7533 
  16.44898 17.76388 17.51378 17.7473 18.34704 18.84669 18.71249 18.24428 19.18223 18.57276 17.40138 15.76828 15.71992 15.08416 16.8376 15.84442 16.76805 15.9316 12.46548 11.88492 13.22182 16.17754 15.78494 
  16.42968 17.72214 17.50137 17.73566 18.34704 18.78518 18.67942 18.13022 19.22687 18.65751 17.07125 15.67862 15.46994 14.3988 16.38619 15.683 16.40172 15.4304 11.78389 11.49289 13.53622 16.10074 15.37362 
  16.42004 17.68041 17.48275 17.72403 18.34704 18.7083 18.5802 18.01616 19.18223 18.57276 17.23631 15.64874 15.65619 13.98099 16.2959 15.39602 16.10866 15.15703 11.85564 11.98947 13.20815 16.36953 16.00642 
  16.39109 17.63867 17.45172 17.68913 18.35773 18.66217 18.44791 17.97815 19.13759 18.65751 16.97221 15.64874 15.68806 14.03322 16.65703 15.86236 16.32846 14.88365 10.94583 11.91106 13.78228 15.81275 15.53182 
  16.33803 17.57607 17.38967 17.66586 18.34704 18.58529 18.28255 17.86409 19.09295 18.65751 17.03823 16.06715 15.81553 14.08544 16.38619 15.75474 15.41263 14.51914 11.10231 11.46675 13.19448 15.21165 14.69605 
  16.31391 17.53433 17.34623 17.64259 18.35773 18.56991 18.15026 17.94013 19.09295 18.82703 17.59945 15.67862 15.71992 13.82431 16.56675 16.25696 15.70569 14.65583 10.67952 11.67584 12.70059 15.37116 15.08886 
  16.28014 17.5239 17.3152 17.64259 18.37912 18.56991 17.95183 17.75003 19.00368 18.95416 18.09465 15.58419 15.8474 14.13767 15.61817 15.4857 15.52253 14.24576 11.03056 11.1204 12.87345 14.73311 14.559 
  16.26084 17.5239 17.27797 17.64259 18.35773 18.53916 17.78647 17.78805 19.04832 19.0813 18.45779 15.51964 15.53202 14.76438 15.20653 14.88123 15.19283 14.24576 10.75215 11.38683 13.38585 15.33128 14.559 
  16.26084 17.42072 17.25315 17.54226 18.34704 18.47765 17.62111 17.71202 18.95904 18.95416 18.62285 16.00738 16.13421 15.49988 15.38295 14.57586 14.88023 13.93607 11.60453 11.6497 13.44053 15.40956 13.94224 
  16.26084 17.42072 17.24073 17.54226 18.34704 18.43152 17.38961 17.36985 18.64657 18.65751 18.78792 16.4258 16.35729 15.33999 15.44175 15.59332 15.37599 14.0635 11.74802 12.22469 13.35851 16.00475 14.89902 
  16.26084 17.42072 17.25935 17.64259 18.34704 18.41615 17.19117 17.14173 18.37874 18.23373 19.05202 17.1132 16.51663 15.53186 15.61817 15.32427 15.85223 14.65583 11.56866 12.32923 12.62651 16.00475 15.2787 
  16.26084 17.42072 17.24073 17.64259 18.35773 18.40077 17.05889 16.91362 17.977 17.59806 18.62285 16.78444 16.29355 16.26735 16.11534 15.08482 15.44926 14.5647 11.71215 11.98947 13.34484 16.23514 15.2787 
  16.26566 17.42072 17.24073 17.64259 18.35773 18.30851 16.9266 16.60947 17.57526 17.21666 18.02862 16.57523 16.80344 16.58713 16.16048 15.2884 14.97303 13.28252 10.99425 12.06788 13.38585 15.81275 15.24706 
  16.27531 17.42072 17.24073 17.64259 18.4005 18.21625 16.72816 16.07721 16.86105 16.41147 16.97221 16.27636 17.15399 16.779 16.16048 15.30633 14.92663 13.79084 11.03056 11.34686 13.60457 16.58073 15.94314 
  16.27531 17.42072 17.24073 17.68913 18.46465 17.97765 16.55491 15.61077 16.25923 15.71992 16.04275 16.45568 17.40894 16.71504 15.91221 14.57586 15.00966 13.82714 10.53427 11.13373 13.24915 15.94715 15.2787 
  16.26566 17.42072 17.14009 17.73566 18.53949 17.76981 16.20841 15.22208 15.48207 15.1052 14.95839 16.12693 17.31333 16.55515 15.91221 15.08482 15.00966 13.97238 11.31755 11.67584 13.57723 16.00475 15.24706 
  16.26084 17.5239 17.14009 17.75893 18.63572 17.2502 16.03516 14.83338 14.78262 14.41365 14.57112 16.03727 17.66388 16.779 16.13791 15.03392 14.46265 13.79084 11.17405 11.67584 13.67292 15.94715 15.50018 
  16.26084 17.42072 17.14009 17.7822 18.68917 16.73059 15.60203 14.36694 14.08317 13.7221 13.79657 15.32599 17.09026 16.65108 16.61189 16.04173 14.69464 13.68191 10.54637 11.18701 13.04631 15.56316 14.89902 
  16.17275 17.42072 17.14009 17.72403 18.57157 16.21098 15.1689 13.90051 13.38372 13.26106 13.33184 14.48685 16.45289 16.29933 16.54418 16.18521 14.55544 13.10098 10.77636 10.3611 12.52774 15.01226 14.73032 
  16.08466 17.42072 16.9388 17.44193 18.03033 15.3796 14.38927 13.43407 12.3734 12.26216 12.5573 14.48685 16.19795 15.7557 16.04763 15.43189 14.04506 13.35514 10.47374 10.40106 12.08324 14.29445 13.70239 
  16.08466 17.5239 16.73752 16.73959 16.23566 13.92469 12.91663 12.81215 12.29569 10.5717 10.77584 13.51861 14.4766 13.56318 13.79517 12.28556 11.44676 11.57604 9.929026 9.988109 10.50282 12.30055 11.9549 
  16.17275 17.80562 16.83816 17.04059 14.86327 12.98939 12.137 12.73442 12.45112 10.95589 9.226751 10.87209 12.86244 12.51866 11.14887 10.09705 9.219642 10.45048 9.880607 10.25453 10.72507 11.22384 10.96124 
  16.17275 17.77431 16.63688 16.83992 14.22986 12.46978 11.96375 12.81215 12.3734 10.41802 8.762024 11.45303 12.9866 12.67534 11.61932 10.09705 10.00841 10.84987 10.41322 10.30782 10.55221 10.94469 10.85844 
  16.08466 17.72214 16.33494 16.53892 13.70201 11.95017 12.39688 13.04537 12.29569 9.649626 8.219843 11.64668 12.92452 12.88424 12.03097 9.282726 10.56519 11.14034 10.42532 9.961467 9.891821 10.94469 10.72139 
  15.8204 17.5239 15.73108 16.03725 12.64632 11.53448 12.39688 13.04537 12.21797 9.034912 8.219843 11.19484 12.11743 12.15308 11.20767 8.824667 9.962014 10.59572 10.41322 9.46192 9.621697 10.78518 10.65286 
  15.46805 17.31754 15.32851 15.53559 11.69621 11.6384 12.39688 12.73442 11.82939 8.497039 8.916933 10.29115 11.62077 12.10085 11.67813 8.773771 9.962014 10.0874 9.674825 9.854897 10.32996 10.90482 10.78991 
  15.20379 17.21436 15.02658 14.83325 10.64052 11.95017 12.31026 11.64606 10.27506 8.881234 8.529661 10.3557 12.30368 11.89194 11.26648 9.486308 9.451632 10.12371 9.473692 9.532445 10.23119 10.70543 10.68712 
  14.67527 17.00801 14.72465 13.72958 9.690397 10.49526 11.18412 10.01354 10.58592 8.036004 8.839479 11.00119 11.99327 11.47414 11.26648 9.588099 8.947522 9.905859 10.13481 10.08136 9.93234 10.50604 11.02977 
  14.23483 16.28576 13.81886 12.22458 9.162554 8.728584 9.711484 10.79093 10.27506 7.651808 9.226751 10.87209 11.43452 10.84742 11.03125 9.231831 8.904259 9.324928 9.66272 9.435473 9.601439 10.34652 10.68712 
  13.44205 15.35716 12.61114 11.52225 7.790158 8.208974 9.624859 10.55771 9.653324 7.49813 9.614025 10.16205 11.24827 10.63852 9.443474 9.079144 9.498031 9.433853 9.807978 9.948146 10.25588 10.54591 10.82418 
  12.20882 14.01585 11.30278 10.51891 8.318003 8.00113 8.758601 9.858057 8.720726 6.960256 8.994389 9.839302 10.3791 9.907351 9.031827 8.875563 8.860996 9.251725 9.443869 9.567707 9.743254 9.970438 10.55006 
  10.62325 12.36501 9.692485 8.311574 7.367883 7.481519 8.065596 8.147789 7.865844 6.57606 8.297297 8.677415 9.696182 9.332863 9.14944 9.435413 9.358836 9.833243 9.602196 9.691126 10.08302 10.42628 10.65286 
  8.597241 10.0951 7.679619 6.806571 6.101058 6.442298 8.498724 8.769705 7.632695 6.806578 7.600206 7.580078 9.696182 9.176185 9.031827 8.773771 8.77447 8.995516 9.220194 9.894861 10.05833 9.874331 10.75565 
  5.778447 6.999762 5.767395 7.207906 5.784351 5.299154 8.931852 9.547099 7.477262 6.487838 7.83257 8.871063 8.454514 8.497245 8.561374 8.875563 9.173243 9.166323 9.590091 9.664679 10.1818 10.16265 10.42902 
  7.099757 6.793406 4.861606 5.100902 5.88992 4.493933 7.372591 8.458747 6.62238 6.729739 7.522751 8.290119 7.709513 8.236114 9.619893 9.486308 9.26604 9.433853 9.68693 10.02807 10.05833 10.22672 10.45153 
  6.483145 5.967983 5.566109 5.803236 5.88992 5.922687 7.805719 8.303268 5.929349 6.806578 8.064934 9.064711 8.39243 9.176185 10.38438 10.19885 9.451632 9.09312 9.650615 9.801614 9.945846 10.13863 10.68712 
  6.306971 5.761628 4.861606 5.702903 4.522609 5.610921 7.632467 7.292656 6.62238 6.960256 7.290388 7.644627 8.01993 8.063026 8.62018 8.773771 8.702366 8.958915 9.22765 9.828256 10.10772 10.30665 10.55006 
  4.799743 5.348917 4.861606 5.301569 4.834232 4.724112 6.852836 6.437522 6.700096 6.652899 7.058024 7.773726 7.957846 7.997392 8.384953 8.773771 8.716786 9.300528 9.40659 9.558891 9.99987 10.06655 10.34651 
  5.602272 3.344596 3.795671 5.301569 4.834232 4.281461 5.813328 6.204304 6.092966 5.340945 6.821167 7.38643 8.144096 8.03021 8.151249 7.797136 9.173243 8.995516 9.481148 9.479551 10.25588 10.09858 10.55006 
  6.042708 4.090212 3.474118 4.569639 4.740745 5.403077 5.456463 5.722848 6.30333 6.883417 6.986967 7.155095 7.957846 7.685628 8.561374 8.824667 9.034048 9.542777 9.590091 9.594154 9.729747 10.10659 10.35401 
  5.954621 4.833028 5.465466 5.602569 5.256507 4.635581 4.958082 6.079068 6.62238 6.883417 6.75011 7.097261 7.063521 7.144142 8.274251 9.13004 9.005206 9.288327 9.220194 10.01475 10.45343 10.34652 10.5158 
  3.832972 3.96054 4.660319 5.000568 4.460284 4.848054 4.669546 6.515262 6.62238 6.157003 6.655367 7.450979 6.882643 7.357455 7.929844 8.634252 8.673523 9.361237 9.565882 10.14796 10.15711 10.25075 10.72139 
  4.13044 3.928122 4.861606 5.201235 4.834232 5.09131 5.587615 6.126565 6.544663 6.729739 7.058024 6.769537 6.895563 7.029282 8.249651 8.773771 9.173243 9.433853 9.264929 9.400211 9.777019 10.26677 10.05395 
  3.572687 3.214923 2.429071 4.454509 4.67842 4.423109 5.640077 6.126565 5.81248 6.652899 6.963281 7.318957 7.709513 8.236114 7.769941 8.448226 9.358836 9.651702 9.771664 9.801614 10.02013 10.30665 10.9955 
  3.907339 3.247341 3.715283 2.343776 2.839845 4.440815 4.931852 4.606689 4.971023 5.407112 6.513254 6.962317 7.957846 7.980983 7.597738 7.96766 9.080446 9.542777 9.820083 9.391396 9.831043 10.46616 10.5158 
  4.911294 2.890742 3.072177 4.070739 3.244955 4.688699 5.726702 6.359783 6.544663 6.531949 6.91591 7.328596 7.683673 8.28834 8.62018 8.665257 8.846575 9.324928 9.466236 9.934825 9.925587 10.66555 10.68712 
  4.799743 3.539104 3.87606 4.569639 5.04537 4.564757 5.404002 5.461619 5.835854 6.806578 6.91591 7.38643 7.644914 8.758375 8.065147 8.370716 9.080446 9.433853 9.175459 9.197453 9.783772 10.3864 10.27899 
  4.093256 3.344596 3.19276 4.070739 4.939801 4.423109 4.249857 5.319131 6.544663 6.399615 7.290388 7.709176 8.330347 8.063026 8.502567 9.282726 9.126844 9.239525 9.473692 10.09468 10.35466 10.13062 10.55006 
  5.249923 4.317139 3.715283 4.339377 3.837038 4.688699 4.669546 5.960328 7.321828 7.421291 7.058024 7.38643 8.764931 8.340566 8.44376 9.282726 9.173243 8.849111 9.40659 9.620601 9.912081 10.50604 10.38401 
  2.605916 3.895703 3.835865 4.569639 3.618902 4.316873 5.089235 5.6991 5.929349 5.51739 6.986967 7.164734 7.321918 7.652811 8.028246 8.370716 9.358836 9.470161 9.674825 9.921503 9.993117 10.30665 10.55006 
  3.907339 4.057794 3.835865 4.531262 3.899363 4.033576 5.613846 5.889084 5.882602 5.804113 6.963281 7.644627 7.192719 7.685628 8.261951 8.153686 9.034048 9.579085 9.711139 10.24121 10.32996 10.54591 10.36901 
  3.870155 4.523494 4.318195 5.100902 4.834232 4.812642 5.813328 5.034154 6.700096 7.113934 6.276397 7.357513 7.192719 7.866123 8.335752 8.215694 9.173243 9.470161 9.626406 10.12132 10.1818 10.25075 10.28649 
  3.647054 5.142561 4.861606 4.070739 4.67842 5.403077 5.036774 4.915414 5.742359 6.487838 6.75011 7.241846 7.709513 8.183887 8.360353 8.742767 8.803312 8.81251 9.505358 9.88154 10.1818 10.26677 10.48153 
  4.539458 5.452095 4.358389 3.993985 3.431928 4.830348 5.220388 6.282043 6.62238 5.760002 5.542141 6.885205 7.567394 7.997392 8.7966 8.556742 8.788891 8.678305 9.153091 9.814935 10.03364 10.04252 10.55006 
  4.87411 5.967983 4.760962 3.878854 3.99285 4.883466 5.813328 5.651604 5.508621 6.806578 7.522751 7.135818 7.438196 8.131661 8.21275 8.153686 8.976364 9.397545 9.674825 9.76165 10.28058 9.906367 10.36151 ]
