 [
  4.111627 3.629046 2.716977 4.027341 4.719225 4.513632 5.060677 5.755264 5.723602 5.792319 5.940756 7.089801 7.13476 7.638874 7.461291 8.325898 8.747943 8.905214 9.100739 9.826966 10.0903 10.28976 10.65417 
  3.754517 3.022787 3.20743 3.401499 4.407085 4.129007 5.012671 5.470586 4.981479 5.869821 7.072657 7.300858 7.13476 7.838833 8.253433 8.23216 8.401009 8.937845 9.698488 9.569438 9.831055 10.34293 10.65417 
  4.696819 4.152885 2.74763 2.639604 3.775584 3.964168 4.324592 4.55555 5.044638 5.714817 5.965363 6.501858 7.048539 7.353219 8.109407 8.847348 8.890798 8.676801 9.772992 10.03839 9.584611 10.17095 10.81847 
  4.843117 2.693108 3.57527 3.891288 3.207232 4.513632 4.948664 5.836601 5.328856 6.237956 5.916149 6.697839 7.350316 8.075895 8.354747 8.778091 9.088563 9.591688 9.560943 9.917578 10.06207 10.05314 10.24482 
  4.095395 3.41951 3.66723 3.591972 5.083682 4.183953 5.156688 5.551923 5.818341 6.392961 6.334461 7.448829 7.739538 7.895964 8.210226 8.68381 8.717331 9.26415 9.772992 9.726286 10.02444 9.935343 10.47242 
  3.348709 2.006277 2.716977 2.721236 4.407085 4.458686 5.284703 5.836601 6.580369 5.598564 6.113002 7.533714 7.005428 7.738853 7.994187 8.308855 8.747943 9.708364 9.250434 9.746422 10.24084 10.13168 10.52445 
  3.868143 1.34692 1.858684 2.476341 4.24921 4.760891 5.268701 5.856935 5.84992 6.470462 6.974231 7.979363 7.681241 7.496047 8.080603 8.198072 9.033653 9.752119 9.509363 9.60865 10.12793 10.32964 10.6439 
  3.868143 2.171117 3.513963 3.238236 3.333532 4.705945 5.598852 5.925632 5.8815 6.024826 6.014575 7.150104 7.53713 7.610309 7.61972 8.368506 8.768351 9.285904 9.437552 9.562902 10.27848 10.02697 10.36837 
  3.754517 2.857947 3.20743 3.129394 4.628111 5.387673 5.252699 5.023235 5.265696 5.695442 5.989969 7.512493 7.13476 7.210392 7.749343 8.847348 9.054061 9.518764 9.887614 9.504085 10.24084 10.13168 10.53095 
  3.511032 2.775528 4.006514 4.903587 4.18606 4.678472 5.348711 5.612926 6.366427 6.611557 6.703559 7.427608 7.307205 8.038792 8.311044 8.847348 8.890798 9.068367 9.646909 9.837034 10.17498 10.2233 10.27083 
  4.257925 3.629046 4.564564 4.217814 4.719225 4.815838 4.676632 6.131722 6.312942 5.889197 6.285247 8.106691 7.177872 7.124695 7.979784 9.02049 9.261071 9.431256 9.474977 9.39952 9.820786 10.52902 10.46592 
  5.208862 4.152885 4.192531 4.027341 4.12291 3.634489 4.420603 6.131722 5.89729 5.230429 6.949624 7.270707 7.508389 7.767419 8.282239 8.479289 8.952022 8.905214 9.287858 9.556368 10.00562 10.19058 10.51794 
  3.235083 2.500795 3.66723 3.319867 4.438661 5.110508 4.532616 5.592591 5.676232 5.947323 7.152454 7.745928 7.972726 7.810267 8.311044 8.555984 8.462233 9.402087 9.606791 9.308025 9.882397 9.876442 10.4334 
  3.28378 2.418376 3.054163 4.511717 4.628111 5.480062 4.644629 5.043569 5.802551 6.576283 7.676766 7.406386 7.422167 7.424633 8.210226 8.419637 8.48264 9.100997 9.381417 9.386449 10.25025 10.2233 10.76713 
  3.543497 2.033751 2.74763 2.666815 2.607306 4.925731 5.682233 5.856935 6.794311 6.717378 6.654346 7.376235 7.436538 8.187205 8.311044 8.881976 8.768351 9.242396 9.30657 9.736354 10.10912 10.31635 10.6439 
  4.331074 3.209974 3.913505 4.163393 4.810339 4.568579 4.948664 4.819893 6.580369 6.315458 6.334461 6.622462 7.335945 7.524612 7.907772 9.02049 8.962225 9.402087 9.784454 10.34043 10.25025 9.882986 10.47242 
  3.673355 2.803001 3.054163 3.047762 4.533386 5.295285 4.516614 5.246911 5.960449 6.717378 7.097263 7.210405 7.652092 7.781702 8.485857 8.206594 8.696923 9.144505 9.824573 9.786694 9.78998 10.14477 10.57202 
  3.998001 2.940367 3.913505 4.00013 4.12291 3.46965 4.340593 4.982567 5.992029 6.276707 6.236034 7.0295 7.292834 7.724571 8.442153 8.717897 8.829575 9.285904 9.881883 10.04846 10.02444 10.13822 10.32936 
  3.900607 3.105206 3.820497 4.190604 4.31236 5.387673 4.692635 5.206243 5.92887 6.315458 6.826591 7.639821 7.768687 8.261412 8.210226 8.257725 9.088563 9.024859 9.967849 10.11894 10.28789 10.46256 10.4204 
  3.868143 2.885421 3.29939 4.707652 4.091334 4.760891 5.682233 5.775599 5.170957 6.392961 6.678952 6.441556 6.732391 7.953095 8.095005 8.402594 9.088563 8.894338 9.343993 9.536761 10.20321 10.42268 10.2123 
  4.014234 2.995314 3.913505 4.163393 3.712433 4.129007 4.820649 5.836601 5.565703 5.792319 5.522445 6.607386 7.292834 8.187205 8.835483 8.607115 8.992837 9.155381 9.474977 9.847102 10.33493 10.43597 10.6439 
  4.769969 3.524278 4.564564 6.373101 6.54151 6.865891 6.265897 5.714596 6.259457 5.927948 7.511194 8.531118 8.264212 8.892169 10.53991 10.40563 10.19262 10.58344 9.967849 10.12901 10.34434 10.40939 10.99303 
  3.933072 5.200564 5.680666 8.136517 8.91048 8.621274 7.433226 6.956085 6.152485 6.102327 9.939585 10.37774 9.255262 9.819754 12.37544 11.79076 11.33117 12.15454 11.1266 11.01499 10.70188 11.12715 11.68102 
  4.331074 3.022787 2.65567 4.609684 5.357025 4.431212 5.012671 4.718223 5.186747 6.00545 7.483598 7.661043 8.351658 8.558239 9.097702 8.675289 8.92141 9.489595 9.409485 9.667468 10.04325 10.43597 10.29684 
  4.916266 1.621652 2.594364 4.315782 3.901884 3.167444 4.852653 5.185908 5.86571 6.470462 7.262836 7.36116 7.739538 7.795985 8.0662 8.916605 9.054061 9.275026 9.526556 10.28003 10.28789 11.08727 11.7529 
  4.62367 2.857947 3.913505 4.609684 4.533386 4.431212 5.682233 5.994329 5.155167 5.792319 6.678952 7.180254 7.914429 7.553178 7.389278 8.778091 8.952022 8.883461 9.474977 9.917578 9.72837 10.35622 10.66444 
  4.696819 4.048118 3.20743 4.609684 6.177053 6.219171 6.349278 6.337813 7.008253 7.916683 8.890962 8.127913 8.176766 9.33741 9.665844 8.598594 9.675092 10.0584 10.38069 11.28273 10.45725 10.68852 10.63364 
  3.884375 3.629046 3.913505 4.707652 5.721482 6.311559 5.17269 6.269116 5.8815 8.339967 9.829204 8.276462 8.351658 9.077686 10.71472 11.68688 11.43468 10.21883 10.26593 10.81363 10.46665 10.99423 11.07518 
  3.722052 2.390903 3.11547 3.428709 3.112507 4.925731 5.682233 5.551923 6.205971 7.387578 7.869933 7.150104 7.494019 8.966376 10.4088 12.13705 12.57323 10.61261 10.03662 10.33037 11.00296 11.08727 11.52699 
  3.803214 2.96784 2.56371 3.918499 3.428258 4.513632 5.515472 5.551923 6.473398 7.105388 7.262836 7.285783 8.176766 8.261412 8.748075 10.75191 11.15866 9.737535 9.692758 9.776626 10.06207 10.50243 10.839 
  3.478568 3.314742 4.192531 4.707652 5.448139 4.431212 4.500612 5.063903 5.992029 6.412336 7.318026 6.682764 7.235353 7.995944 8.109407 8.325898 9.123064 9.296781 9.278502 9.517156 9.697564 10.24989 10.57202 
  3.07276 2.885421 4.192531 3.564762 4.091334 4.788364 5.598852 6.131722 6.419913 6.354209 7.072657 7.074726 7.292834 8.038792 8.311044 8.743463 8.992837 9.547934 9.612522 9.575974 9.348436 10.27647 10.45291 
  3.251315 1.978804 3.605923 4.511717 4.992568 5.572451 6.516039 7.368267 5.91308 6.505736 7.180049 7.830813 7.797835 9.226099 9.578437 9.297518 9.571587 9.460426 9.818841 10.44111 10.32552 10.13822 10.56176 
  4.916266 3.05026 3.330043 4.609684 4.343935 4.623525 5.188692 6.269116 5.976239 7.246483 6.925017 6.923971 7.580241 8.743755 9.010295 8.881976 9.295573 9.679195 10.01943 9.998121 9.933739 10.50243 10.66444 
  4.989415 3.41951 3.330043 4.081762 5.265911 5.942005 5.932375 7.093479 7.596593 7.846135 7.869933 7.979363 7.53713 8.929273 9.010295 9.574545 10.46863 9.372918 9.916269 9.947782 9.892665 10.86131 11.28055 
  9.963549 11.5914 9.959055 9.899933 11.18834 12.50159 12.18592 12.79532 13.46033 13.2309 12.14913 10.97278 10.85843 12.78802 11.98211 11.68688 13.12526 10.78763 11.06922 10.36057 10.4102 13.41702 13.52056 
  13.40155 15.67735 15.07452 15.68002 16.29073 16.75147 17.19548 16.7465 17.06889 16.87968 14.61858 13.43796 13.91421 15.22781 14.72143 13.73763 14.5198 12.4159 12.27415 11.81821 10.96533 13.41702 13.43884 
  14.61491 16.70832 16.15718 17.0412 17.52363 19.3007 19.30878 18.759 19.80642 19.40576 16.61313 15.13808 15.83172 17.91157 16.76238 16.13775 16.86579 15.29094 13.82335 13.31755 12.71639 14.39883 14.41947 
  14.9081 16.84758 16.49496 17.15462 17.72911 19.90051 19.7197 19.42983 20.55302 19.82677 16.51815 15.4781 16.21522 17.66759 16.67167 16.39309 17.35969 15.35628 13.65122 13.264 13.18506 14.28101 14.37862 
  15.10356 16.94399 16.62632 17.23968 17.88323 19.90051 19.7197 19.59754 20.55302 19.5461 15.8533 15.05307 15.83172 17.34228 16.26348 16.23989 17.35969 15.29094 13.13482 12.35369 12.9842 13.88829 14.05174 
  15.23387 17.06183 16.73891 17.32474 18.03734 19.75056 19.6023 19.6814 20.55302 19.26542 15.37841 15.13808 15.52492 16.93565 15.90065 15.83136 16.98927 14.96423 12.6758 12.46078 13.05115 13.14211 14.33776 
  15.36418 17.11539 16.79521 17.33892 18.19145 19.70057 19.661 19.93296 20.67745 19.26542 14.99849 15.13808 15.37152 16.93565 16.17277 14.91216 15.6928 14.31082 12.10202 12.24659 12.64944 12.94575 14.17432 
  15.46191 17.14753 16.8515 17.36728 18.24282 19.70057 19.6023 19.84911 20.55302 18.98475 14.80853 14.79806 14.98802 16.93565 16.12742 15.32069 16.49537 14.70287 11.87251 11.65756 13.31896 13.02429 13.84744 
  15.49449 17.16895 16.87027 17.38145 18.29419 19.60061 19.48489 19.76525 20.17972 18.4234 14.61858 14.45803 14.52782 16.20372 15.76458 14.81003 16.74232 14.11479 11.643 11.9253 12.68291 12.47448 13.8883 
  15.52707 17.19038 16.87027 17.39563 18.39693 19.50064 19.30878 19.6814 19.68199 17.86204 14.23866 14.20301 14.14431 16.04107 15.58317 14.70789 16.24843 13.39603 11.01184 11.44337 12.48206 13.22065 14.13346 
  15.52707 17.19038 16.88903 17.43816 18.55105 19.45065 19.19138 19.6814 19.30869 17.16035 14.23866 14.033 13.99091 15.71576 15.31104 14.86109 16.12495 13.59206 10.89709 11.55047 12.71639 12.74938 13.64314 
  15.49449 17.17966 16.88903 17.46651 18.65379 19.35068 19.13268 19.84911 19.18426 16.599 13.95372 13.77798 13.83751 15.95974 15.40175 15.32069 16.12495 13.72274 10.55282 11.60402 12.71639 12.4352 13.56142 
  15.46191 17.13681 16.9078 17.50904 18.75653 19.20073 19.07397 19.76525 18.93539 15.89731 13.76377 13.60797 13.60741 15.22781 15.08427 15.32069 16.12495 13.59206 11.24135 12.19304 12.88377 13.84901 13.72486 
  15.36418 17.1261 16.87027 17.52322 18.85927 18.9508 19.07397 19.76525 18.81096 15.19563 13.47883 13.35295 13.45401 15.39046 15.22033 15.06536 15.75453 13.06932 10.6102 11.28273 12.18077 13.45629 13.07111 
  15.29903 17.10468 16.8515 17.56575 19.01338 18.80085 19.07397 19.42983 18.43766 14.3536 12.81398 13.01293 13.14721 14.65852 14.94821 15.16749 15.6928 13.06932 10.66758 11.12208 12.24772 13.57411 13.56142 
  15.23387 17.08325 16.81397 17.59411 19.1675 18.60091 19.07397 19.17827 17.93992 14.3536 12.14913 12.6729 12.99381 14.00791 14.49466 15.32069 15.63106 12.8733 10.16844 11.76466 12.81682 13.65265 13.52056 
  15.13614 17.0404 16.77644 17.60828 19.32161 18.45095 18.95657 18.92671 17.44219 14.3536 11.86419 12.24787 12.76371 13.92659 14.54002 15.57602 15.81627 13.33069 9.772992 11.33628 12.2812 12.51375 12.74423 
  15.03841 17.00827 16.73891 17.62246 19.42435 18.40097 18.95657 18.84285 16.69559 14.07292 11.67424 11.73784 12.61031 14.08924 14.49466 15.42282 15.44585 12.48125 10.32331 11.87175 13.1181 12.71011 12.49907 
  14.94068 16.98684 16.70138 17.65082 19.52709 18.40097 18.89786 18.84285 15.94899 13.79225 11.57926 11.2278 12.53361 14.25189 14.49466 15.72922 15.75453 12.02385 10.19709 11.9253 13.25201 13.49556 12.98939 
  14.84295 16.9547 16.62632 17.62246 19.52709 18.35098 18.54565 18.59129 15.07796 13.37123 11.67424 10.46274 11.68991 14.25189 14.63073 15.21856 15.13717 11.23975 9.876152 11.38982 12.54901 13.33847 12.90767 
  14.71264 16.87972 16.51373 17.52322 19.37298 18.35098 18.13473 18.25587 14.4558 12.66955 11.29432 10.12272 11.68991 13.92659 14.17718 14.19723 14.08764 10.99181 9.65264 11.49692 12.64944 12.98502 12.94853 
  14.54975 16.84758 16.30731 17.40981 19.01338 18.05107 17.19548 17.50118 12.9626 12.10819 11.29432 10.03783 10.97503 13.43863 13.90506 14.04403 14.21112 11.50112 9.222366 10.33037 11.5782 11.92466 11.84531 
  14.32171 16.76188 16.06336 17.29639 18.60242 17.90112 16.54975 16.7465 12.51725 11.54684 11.10436 10.29273 10.50865 13.43863 14.31324 14.65683 14.58154 11.30509 9.418841 10.51159 11.13469 11.24678 11.83505 
  14.02851 16.66547 15.72558 17.15462 17.98597 17.60121 16.02143 15.65639 12.41028 10.98549 10.60187 10.1015 10.21716 13.51996 14.90285 14.0951 14.08764 10.56886 9.278502 10.3505 11.24344 11.63224 11.73236 
  13.70274 16.54763 15.44656 16.97032 17.16404 17.05138 16.19754 14.65014 12.03588 10.31529 9.829204 9.316308 9.605044 12.00885 13.90506 13.14127 13.47028 10.36467 9.566673 10.36057 11.20996 11.08727 11.69129 
  13.4747 16.41073 15.16753 16.75766 16.10851 16.19714 16.02143 14.23796 11.9824 10.28002 9.360083 8.700889 8.876331 10.96996 12.46285 12.37945 12.22822 10.53969 9.520825 10.22969 11.09705 10.35622 11.5886 
  13.18211 16.30596 14.98151 16.46376 15.10625 15.18086 14.68734 14.44405 12.19634 9.927281 9.19451 9.18898 8.409954 10.3392 11.851 11.61762 11.67619 9.941719 9.241078 9.786694 10.42902 10.35622 11.31135 
  12.96266 16.30596 15.07452 15.87595 14.65068 14.53414 14.27044 13.96317 12.46377 9.856734 9.55325 9.592186 10.21716 10.48761 12.11322 11.3406 11.22767 9.752119 9.675564 9.90751 10.05266 10.30305 11.26001 
  12.59691 16.41073 15.44656 14.70034 13.55731 13.51787 14.77072 13.3449 11.71497 10.42111 10.04997 9.5073 11.17907 10.56182 11.41397 10.92505 11.33117 9.50418 9.428197 9.776626 10.4102 10.48914 11.03411 
  12.23117 16.5155 15.89447 12.74099 12.28171 13.42548 13.52001 13.3449 11.71497 10.42111 9.939585 9.570965 11.12077 10.63603 10.05917 11.20208 11.9867 9.387503 9.922001 10.05853 10.05266 10.44926 11.01357 
  11.93857 16.30596 15.78188 11.46741 10.55054 12.59398 14.18706 13.82578 12.24983 10.98549 10.13275 9.379972 11.38311 11.11837 9.097702 11.0982 11.64169 9.825042 9.70995 9.847102 9.892665 11.00752 11.28055 
  11.86542 15.88689 15.16753 11.95725 10.82388 11.39293 13.60339 14.10056 13.58477 10.49166 10.54668 10.29273 11.61321 11.04416 9.053999 11.30597 12.12471 9.956304 9.456264 9.602115 9.543537 10.67523 11.43458 
  11.13393 15.04875 14.14444 12.34912 11.27945 10.93099 13.10311 13.55099 12.83817 10.13892 10.62947 9.974171 12.45691 11.63782 9.010295 10.50951 11.26217 9.635442 9.65264 9.90751 10.12793 10.94106 10.82874 
  10.47559 13.8963 12.84232 11.76132 10.27719 10.37666 11.93578 13.07011 11.66149 9.468724 9.856799 9.783178 11.76661 11.22968 8.296641 9.92083 10.43413 9.26415 8.876197 9.674004 10.10912 10.96765 10.37488 
  9.232059 12.53432 11.35418 10.48774 9.366051 9.822325 11.4355 12.79532 11.50103 9.503998 8.918557 8.891881 11.12077 10.56182 8.748075 9.990087 10.39963 10.35009 9.824573 9.917578 10.13734 10.84802 10.75686 
  8.134823 11.06757 9.959055 7.940581 9.092709 9.822325 11.18535 11.21529 11.50103 10.28002 9.60844 9.5073 10.88758 9.968166 8.966592 10.64803 10.84815 10.10215 10.07674 9.917578 9.882397 9.804452 10.39439 
  6.744992 8.867439 7.633843 7.450744 8.27268 9.822325 10.93521 11.21529 11.01966 9.821461 10.18794 9.592186 10.56695 9.634236 8.616966 10.82117 10.67564 10.20424 10.20855 9.75649 9.944007 10.21676 10.76713 
  7.915377 8.762672 8.098886 7.940581 8.090452 8.990828 10.76845 12.24575 11.07315 9.786187 9.360083 9.613407 11.17907 9.89396 8.52956 9.886201 10.12361 9.810457 10.26593 9.867238 9.974813 10.03351 10.86981 
  6.452396 6.143475 7.633843 7.842614 8.363794 9.637548 10.68507 10.94051 10.05692 9.786187 9.139319 9.18898 10.30461 9.56003 8.879186 9.816944 9.502583 10.29175 10.38069 10.13907 10.0903 10.2366 10.58229 
  6.598694 6.772082 6.517742 8.724322 8.546023 9.360382 10.10141 10.94051 9.789496 9.609818 9.470464 8.806995 9.867381 8.929273 9.447328 10.33637 10.22712 10.20424 9.807379 9.595579 10.25966 10.0466 10.11476 
  6.818141 7.191154 6.703759 7.646679 8.454908 9.822325 10.43493 9.49787 8.933729 9.115988 9.387678 8.997988 9.634193 9.003479 8.660669 9.678431 9.192068 9.91255 9.70422 9.680539 9.677027 10.30305 10.53095 
  6.306098 6.667315 7.26181 6.862938 8.090452 9.267994 9.517741 9.703961 8.559331 8.163598 9.360083 9.33753 10.33376 9.263203 9.097702 9.297518 9.951105 10.1459 10.20282 10.00819 9.65649 10.44926 10.79793 
  5.720906 6.353011 6.517742 6.275133 7.999338 8.528885 9.35098 9.635264 9.415098 9.151261 9.442869 8.997988 10.33376 9.077686 8.748075 9.886201 9.606088 9.362041 9.922001 9.602115 10.18439 10.34293 10.49844 
  5.647757 5.305332 5.215623 6.373101 7.817109 7.974554 8.350412 7.986539 9.254642 8.869072 8.36665 8.849439 10.10057 8.187205 8.39845 9.055119 9.295573 9.737535 9.334638 9.726286 10.05266 10.08587 10.78766 
  6.086651 5.305332 4.936598 6.177166 6.359282 7.512611 8.267032 7.849145 8.077962 8.234146 8.36665 8.340126 9.517599 8.817963 9.141405 9.055119 9.088563 9.577103 9.250434 9.75649 9.913202 10.2366 10.62337 
  7.183886 6.143475 4.936598 6.177166 7.725995 7.420222 8.683935 8.879599 8.184933 8.622156 8.670198 8.722111 9.546747 8.595343 8.573263 8.726419 9.226569 9.562518 9.744337 9.595579 10.27848 10.43597 10.67471 
  6.452396 6.038707 5.773674 6.275133 6.814853 7.050668 8.433793 8.948296 7.917505 7.951956 8.449436 9.061652 9.779936 8.632445 8.573263 9.055119 9.088563 9.351165 9.692758 10.0988 10.37257 10.19712 10.77739 
  6.818141 5.4101 5.215623 6.471068 6.085938 7.789777 8.683935 7.230873 8.184933 8.163598 7.428408 8.679667 8.818034 8.446929 7.648525 8.266246 8.829575 9.475011 9.618254 9.327631 9.944007 10.24989 10.78766 
  6.306098 5.305332 5.587657 4.80562 6.359282 7.327834 7.683368 7.230873 8.131447 8.26942 7.787147 7.576157 8.468251 8.024508 7.806953 8.33442 9.088563 9.854211 9.465621 9.75649 10.00562 10.40939 10.98276 
  4.989415 6.457779 6.796767 5.19749 7.270424 6.588725 6.182517 7.29957 7.86402 7.31703 7.483598 7.830813 8.380806 8.112998 8.39845 8.487811 8.58468 9.635442 9.474977 9.432197 9.92347 10.02697 10.1993 
  4.111627 5.200564 5.959691 4.903587 5.994824 6.496336 7.433226 7.29957 7.382651 7.916683 8.394245 8.361347 9.809084 9.263203 11.10805 13.1759 12.22822 12.93864 12.84793 14.3885 13.15158 13.53483 12.98939 
  5.940352 5.619636 4.378547 4.217814 4.628111 6.126782 7.266465 6.681298 7.27568 7.528672 7.373217 8.043027 9.051222 8.224309 9.665844 11.58299 10.60664 11.30509 11.58562 13.53174 12.31467 12.74938 12.25391 
  4.916266 5.095796 5.029607 4.609684 5.083682 5.480062 6.59942 7.505661 7.86402 7.352304 7.072657 6.954122 7.307205 7.810267 8.485857 8.274768 8.92141 9.307657 9.744337 9.595579 9.944007 10.27647 10.37488 
  4.989415 3.524278 4.285539 4.41375 5.90371 5.942005 6.6828 6.269116 5.660442 6.611557 7.097263 7.391311 7.943578 8.075895 8.311044 8.985862 9.226569 9.547934 9.583867 9.674004 9.944007 10.09241 10.40739 
  4.989415 3.838582 4.378547 4.609684 5.539253 6.311559 7.099703 6.475207 6.419913 6.541009 7.566384 7.240556 7.914429 7.953095 7.763746 8.743463 9.330074 9.242396 9.222366 10.25989 10.3067 9.961521 10.28383 ]
