 [
  3.575549 3.331889 3.54317 3.575573 4.810246 3.861094 6.539311 6.269585 6.213265 5.729942 6.906994 6.907146 7.604644 7.662478 8.00598 8.624816 9.546723 8.856443 9.103787 9.733828 9.670713 10.06425 10.18266 
  3.823415 4.685674 4.002104 3.12289 3.415354 3.7197 5.900764 5.669115 4.853125 5.75294 6.13071 6.568465 6.726203 7.97711 8.308915 8.624816 8.683001 9.2533 9.329806 9.615194 10.19192 10.18036 10.34086 
  2.336221 4.234413 4.30806 2.971996 3.172764 3.861094 5.04937 4.935207 5.77802 5.338987 6.18487 7.057671 7.242933 7.40337 7.97713 8.364708 8.683001 9.289377 9.398595 9.591468 9.973581 9.9288 10.35017 
  2.74933 3.48231 3.925615 3.952808 4.082477 4.520933 4.863127 5.202083 5.914035 6.327874 6.094604 6.512019 7.260158 7.680986 7.933854 8.29377 8.38906 9.090949 9.398595 9.911899 10.03848 9.977176 10.18266 
  4.567012 4.159203 3.619659 2.896549 3.536649 3.672568 5.1824 4.701691 5.152356 6.442861 6.690357 7.132933 7.07069 8.143681 8.846171 8.812986 9.011523 9.018793 9.697708 10.00256 10.42209 10.31581 10.48045 
  3.16244 4.008782 3.313703 2.594761 4.143124 4.473801 5.209006 4.935207 5.560398 6.258882 7.387178 7.589461 8.048168 7.829048 7.731897 9.137038 8.994233 9.199183 9.339634 10.16877 10.42209 10.60876 10.68444 
  4.319147 5.437778 6.373262 5.537197 4.870894 4.09675 5.608098 6.403022 7.232026 8.074196 9.376206 10.31034 11.60064 12.95346 13.61306 13.07195 12.23921 11.29257 11.44744 11.88461 12.03323 11.82937 11.89344 
  6.136828 6.565931 8.27531 8.09456 7.054204 4.992246 5.927371 7.798365 9.38501 10.20615 11.29665 12.40929 13.79132 15.30431 16.01853 15.23999 14.25857 13.23361 13.46127 13.93324 13.91289 13.73352 13.89455 
  4.401769 6.18988 5.531883 4.707279 5.174131 4.756589 5.608098 5.802553 5.886832 6.212887 6.780622 7.132933 8.462623 9.027802 9.823995 9.183331 9.456974 9.483874 9.829762 10.07811 10.38373 10.65759 10.89289 
  3.658171 4.384833 4.919971 4.93362 4.749599 4.897984 4.969552 4.868488 5.424384 6.18989 6.18487 6.229784 7.397952 8.217711 7.861726 7.253338 8.406351 9.35153 9.829762 9.89679 9.789697 10.11263 10.42462 
  4.814878 5.588198 5.378905 4.254597 4.870894 5.086509 5.608098 5.602396 6.186063 6.810819 7.524353 7.511722 8.225791 7.995618 8.106959 8.506585 9.097977 9.307416 10.42401 10.07811 10.01685 10.95053 11.10133 
  4.649634 5.663408 4.996461 4.330044 5.416721 5.039377 5.421855 6.336304 6.322077 6.649837 7.387178 7.589461 7.776888 8.438954 7.991555 8.766693 8.631129 9.527988 10.45702 10.54651 10.49881 11.24348 11.30978 
  4.07128 5.287356 5.990817 4.330044 5.416721 5.227902 5.847553 6.302944 6.673845 6.373869 7.051419 7.822679 7.242933 7.292323 8.121385 8.905572 9.187726 9.127027 9.763735 10.57673 10.03848 10.31581 10.55937 
  4.153903 6.11467 6.143795 5.084515 4.810246 5.463559 5.847553 6.202866 6.594105 6.968741 7.798701 7.245827 7.604644 8.586166 8.16466 8.317415 8.544676 9.127027 9.829762 10.04789 10.03848 10.51111 10.97626 
  5.227987 7.543665 6.449751 5.310856 5.356074 5.180771 6.459493 6.946359 6.186063 6.649837 6.925048 7.132933 7.811337 8.389884 8.265639 8.317415 8.976942 9.090949 9.398595 9.401654 10.26865 10.28679 10.76782 
  8.125907 9.592249 10.92777 11.1149 11.32311 11.42857 11.51809 11.59366 11.45825 11.78537 11.91393 12.87573 12.78479 12.51182 12.75747 12.88678 12.86745 12.92481 13.06511 13.72838 14.1047 14.75883 15.47877 
  7.624023 9.287639 10.66253 10.35981 10.64009 10.54492 10.65342 10.6642 10.50137 10.9168 11.36523 12.48703 12.0743 11.8739 12.14633 12.33126 12.10458 12.21898 12.70196 13.52352 14.56502 15.4912 15.85397 
  6.63256 7.618876 8.208998 7.27248 8.334877 8.616945 9.945971 10.12202 10.58111 9.890302 9.856317 12.09834 12.42955 12.75718 12.71672 13.16454 12.37383 12.61601 13.79141 15.57215 16.38669 17.9032 18.02561 
  6.715182 7.318034 7.138152 7.197033 8.67639 8.616945 9.945971 10.43184 10.74059 11.07472 11.15947 12.25382 12.72558 12.56089 13.61306 13.99781 13.22645 14.16002 14.68329 16.59647 18.06442 19.36848 19.79509 
  5.145366 6.866773 6.52624 7.121586 7.822608 9.018606 9.631548 9.734742 9.544491 10.20615 11.43382 12.17608 12.31113 12.11926 13.24638 13.396 13.63032 13.89533 14.88148 17.31349 18.06442 19.30477 19.87552 
  6.549938 7.318034 8.05602 8.09456 8.334877 8.616945 9.552942 9.734742 10.42163 10.75887 11.91393 13.03121 12.48875 12.90439 12.96118 13.396 13.18157 13.45419 14.58419 16.39161 17.58507 18.7314 19.71466 
  5.971585 6.641142 7.826552 9.269135 9.103281 7.331632 8.295247 9.502377 10.50137 10.60095 11.50241 12.56477 12.25192 12.7081 13.24638 12.70161 13.3162 12.96893 14.23735 15.57215 16.94593 18.7314 19.63423 
  5.558475 7.543665 7.29113 8.514051 9.444794 9.259603 9.159912 9.115102 9.38501 9.969263 12.18828 13.10895 12.31113 12.51182 13.24638 13.02566 13.22645 13.4983 14.58419 15.77702 16.86604 18.92253 20.27768 
  7.376158 8.145348 9.071049 8.681848 9.871684 9.259603 9.317123 9.270012 9.06605 9.258613 11.84534 13.34216 12.90321 13.34602 13.6538 13.34971 13.09183 14.07179 14.83194 16.28918 17.66496 18.98623 20.19724 
  7.902848 8.449959 8.27531 8.430153 9.359415 8.697277 9.002701 9.270012 10.18241 10.36407 12.80557 13.57538 13.79132 13.73859 14.06763 14.18299 13.63032 14.20414 15.62472 17.0062 18.54377 19.81443 20.5994 
  7.958612 7.919717 9.734164 9.52083 8.761768 9.580931 9.867365 10.74166 11.37851 11.46952 13.07991 13.73086 13.6137 14.57279 14.89528 14.59962 14.07907 14.90997 16.81389 17.62079 19.58237 20.51522 20.92112 
  10.41226 9.439944 11.59089 12.12168 11.75 11.66957 11.75391 11.59366 12.57462 12.3381 13.62861 14.27504 13.67291 15.37746 15.07264 14.22928 14.48294 15.03862 16.91299 18.13295 19.98183 20.57893 20.5994 
  12.2525 14.23757 14.11073 13.12845 12.60379 12.63355 12.38275 12.75549 12.89358 12.49602 13.62861 14.97469 14.02816 15.67007 16.07764 13.99781 14.75219 15.12316 16.16976 17.21106 18.62366 19.36848 19.15164 
  14.8809 17.8929 17.51787 17.99455 15.93354 14.15986 13.0116 13.53004 13.21254 13.52251 15.06894 16.91817 15.94372 15.45061 15.48646 13.21083 14.96341 15.75721 15.77336 16.08431 15.98723 16.0771 15.64552 
  15.30584 18.51133 17.61445 19.81434 17.47034 15.04352 14.2693 14.4595 14.08968 14.62797 15.34329 17.78427 16.89308 16.25528 16.78706 14.69221 16.90691 17.53254 15.57517 13.83081 14.4883 15.73532 15.85397 
  15.35683 18.59458 17.66275 20.25756 17.98261 15.12385 14.81954 14.30459 14.00994 14.54901 15.41188 17.83423 17.13041 16.9868 17.37824 15.7269 17.21059 17.61708 15.82291 12.70406 14.02798 15.24708 15.56215 
  15.35683 18.53511 17.73519 20.5396 18.23707 15.36484 15.13396 14.4595 14.08968 14.39108 15.54905 17.38461 16.65574 17.35256 17.31912 17.30938 17.33205 16.60261 14.63374 13.21622 14.25814 15.19825 15.7289 
  15.39083 18.52322 17.83177 20.70077 18.33885 15.92717 15.36978 14.61441 14.80734 15.18069 16.49056 18.03406 17.44687 16.62104 15.48646 16.70074 15.26708 15.58813 13.79141 12.4992 13.10732 14.17294 14.22807 
  15.47581 18.51133 18.04909 20.70077 18.18618 16.56983 15.76281 15.38896 15.9237 16.68096 18.10545 18.3338 17.13041 15.08485 14.54058 16.03123 14.96341 15.46132 12.83401 10.28964 12.41683 14.07529 13.10245 
  15.62879 18.49943 18.19397 20.49931 17.89723 16.97149 16.31305 15.93115 16.80084 18.25923 18.56685 18.13397 16.89308 13.8858 13.32786 15.17912 14.66244 15.03862 12.801 9.460971 12.95388 14.17294 12.68555 
  15.69678 18.51133 18.19397 20.33814 17.81186 17.3283 16.62747 16.55079 17.77845 18.92993 18.41305 17.83423 16.26018 12.51182 12.3093 14.75307 14.57269 14.73351 12.70196 9.710101 12.26339 14.90531 14.01962 
  15.79876 18.54701 18.21812 20.21726 18.08439 17.82783 16.96259 17.2277 18.75606 19.60063 17.72095 17.88418 15.27152 11.77576 11.61667 14.50704 14.84194 14.90997 12.63593 9.745691 12.30175 15.24708 14.43652 
  15.83276 18.57079 18.16982 20.17697 18.59331 18.32737 17.36472 17.7918 19.50364 20.439 17.87475 18.13397 15.1531 11.48134 10.96479 14.50704 15.02414 14.95408 12.90004 9.89679 12.72372 16.17474 15.18694 
  15.81576 18.57079 18.07324 20.05609 19.05133 18.89826 17.69983 18.13025 19.79117 20.77435 18.02855 18.18393 15.0939 11.77576 11.41296 14.81394 15.38855 14.86585 12.50387 9.911899 14.1047 16.46769 15.18694 
  15.73077 18.60647 17.88007 19.97551 19.45846 19.46916 18.03495 18.46871 19.90619 21.1097 18.56685 18.13397 15.38994 12.11926 12.18707 15.42258 15.87443 15.16543 12.83401 9.942119 14.94863 17.075 15.31201 
  15.66278 18.64215 17.75933 19.93522 19.86559 19.9687 18.43708 18.75076 20.13621 21.69656 19.33585 18.73347 15.86461 12.51182 12.43153 15.23999 15.44928 15.37678 12.73497 9.745691 15.34809 17.20242 15.56215 
  15.62879 18.60647 17.68689 19.77405 20.32361 20.46823 18.70517 19.14562 20.30873 22.0319 19.87415 19.33296 16.49751 13.39509 13.49083 15.60518 15.81369 15.58813 12.83401 11.67974 15.50787 17.39354 15.85397 
  15.5608 18.5589 17.54201 19.57258 20.73074 20.96777 19.17433 19.54049 20.42374 22.19958 20.48934 19.8825 17.36775 14.47465 14.89528 16.39641 16.54251 15.79948 13.7584 13.11379 16.38669 17.96691 16.33656 
  15.50981 18.48754 17.42128 19.37112 20.98519 21.25321 19.77753 19.82254 20.42374 22.11574 20.79694 20.2322 18.15888 15.0117 15.66382 16.70074 16.78544 15.71494 14.03915 10.50118 15.98723 17.96691 16.65828 
  15.42482 18.40429 17.2764 19.16966 21.13787 21.39594 20.17967 20.04817 20.42374 21.94807 20.87384 20.33212 18.87089 15.37746 16.43235 17.37024 17.27132 16.22218 14.43554 10.41052 15.42798 17.45725 16.57785 
  15.35683 18.35672 17.20396 19.00849 21.18876 21.4673 20.51478 20.10458 20.36624 21.94807 20.87384 20.53195 19.42468 15.81637 17.08265 18.10062 17.9394 16.81396 14.23735 10.63717 16.30679 18.09432 16.41699 
  15.30584 18.29725 17.15567 18.88761 21.13787 21.39594 20.78287 19.99176 20.30873 21.78039 20.87384 20.2322 19.5038 16.32843 17.37824 18.40494 18.30381 16.85622 13.94006 11.18112 16.14701 17.83949 16.73871 
  15.22085 18.26158 17.08323 18.80703 21.03608 21.32458 20.8499 19.87895 20.13621 21.52888 20.56624 19.73262 19.58291 16.69419 17.31912 18.28321 18.24307 17.06757 14.73284 10.72783 15.50787 17.20242 16.09527 
  15.08487 18.214 16.9625 18.64586 20.88341 21.25321 20.8499 19.82254 20.0212 21.61272 20.33554 19.43288 20.37403 17.49886 16.9053 18.52667 18.48601 17.36346 15.12923 11.43799 15.74755 17.83949 17.06044 
  14.96589 18.14265 16.89005 18.56527 20.62895 21.11049 20.71585 19.65331 19.84868 21.44505 20.10484 19.08317 20.37403 18.44984 16.72794 18.52667 18.66821 17.448 15.32743 11.37755 16.14701 18.09432 17.2213 
  14.81291 18.0475 16.76932 18.4041 20.3745 20.82504 20.44776 19.48408 19.56115 21.27737 19.72035 18.63355 19.89936 18.88875 16.66883 18.46581 18.66821 17.23665 15.17878 11.67974 15.1883 17.13871 16.41699 
  14.76192 17.96425 16.69688 18.28323 20.12004 20.53959 20.11265 19.25844 19.50364 21.1097 19.25895 18.18393 19.74113 19.18135 16.37323 18.03975 18.36454 16.77168 14.68329 11.67974 14.2965 16.56534 16.01484 
  14.65039 17.8929 16.63057 18.16235 19.86559 20.25414 19.71051 19.0328 19.1586 20.94202 18.72065 17.58444 19.26646 19.18135 15.72294 17.37024 17.7572 15.50359 13.26319 10.95447 14.14306 16.37004 15.81228 
  14.53886 17.81674 16.56426 18.07845 19.40757 19.75461 19.10731 18.46871 18.81357 20.439 17.79786 16.45173 18.07977 18.15723 15.01352 15.36172 15.69222 13.45419 13.09812 11.16601 14.79519 15.78415 15.18694 
  14.37157 17.74059 16.49795 17.91065 18.89865 19.32644 18.30304 17.96103 18.2385 19.18144 16.95196 15.20791 16.49751 16.47474 13.61306 13.48859 14.16882 13.76299 13.59333 11.55887 14.2965 14.61236 14.35314 
  14.20427 17.66444 16.43164 17.74286 17.98261 18.54145 17.83388 17.39693 18.181 18.00772 16.02916 14.43051 14.85707 15.30431 12.71672 13.90523 14.52782 13.93945 13.65936 10.87893 13.83617 13.63587 13.18583 
  14.03698 17.58829 16.49795 17.57506 17.12883 17.82783 17.43175 17.00207 18.2385 17.33702 15.20612 13.88634 14.3834 14.57279 12.26855 12.88678 13.40595 13.36596 13.5273 10.59184 12.91552 13.09881 13.35258 
  13.92545 17.58829 16.49795 17.07167 16.53118 17.3283 17.23068 17.05848 17.95097 16.91784 14.17731 13.18669 13.6137 14.32744 12.75747 12.33126 11.65584 12.26309 12.47086 10.71272 12.45519 12.95233 13.22752 
  13.81392 17.58829 16.56426 16.40049 15.93354 16.89116 16.82854 16.77643 16.56162 15.41758 13.35426 12.79799 13.37687 13.49323 12.3093 12.42385 11.34171 11.86606 12.20675 11.25667 12.53192 13.34293 13.35258 
  13.75815 17.58829 16.56426 15.5615 15.07975 16.2485 16.23444 16.47334 15.84396 13.36459 12.53122 12.48703 13.31766 13.00253 11.57593 12.14609 11.65584 12.17486 12.0747 10.96958 11.84143 12.51291 13.01907 
  13.75815 17.58829 16.69688 14.80642 14.22597 15.52551 15.05536 15.85369 15.36552 12.3381 12.18828 11.86512 12.96242 13.14974 11.24999 12.60902 12.19433 11.95429 10.85319 10.39541 11.1893 12.31761 13.31089 
  13.59086 17.51213 16.69688 13.96744 13.28681 13.7582 13.24742 13.83986 13.21254 11.70641 11.571 10.07712 11.71905 12.60996 10.31291 11.17393 11.65584 11.46903 10.02785 10.95447 11.11258 13.14763 12.85231 
  13.08898 17.13137 16.36532 12.28947 11.75 11.02691 13.24742 12.98786 10.66085 11.23264 10.4736 9.299725 11.54143 12.60996 10.84256 9.414797 10.93784 10.89554 9.796749 10.16877 10.92077 13.04998 12.0602 
  12.30827 16.14138 15.23803 11.45049 10.72547 10.14326 13.24742 12.83295 11.37851 11.23264 10.81654 10.69903 12.90321 13.14974 9.986965 8.672109 10.44422 10.89554 10.19291 10.04789 10.49881 12.07349 11.85175 
  11.13721 14.92294 14.11073 10.10812 9.530171 9.821928 11.6753 10.97402 9.703971 11.23264 10.19925 9.843899 11.71905 11.8739 9.335083 8.577524 10.26472 10.7632 9.862777 9.89679 10.42209 10.95053 10.64275 
  10.24497 13.01912 12.45294 9.52083 8.932524 8.536613 9.945971 9.657288 8.268648 9.653418 8.484573 9.76616 10.35727 10.30364 9.498054 8.435647 9.681348 11.46903 10.52305 9.603332 10.1152 10.65759 10.25711 
  10.02191 10.65839 11.19302 9.856422 9.188659 8.857942 9.39573 8.882736 7.710467 8.942768 9.239032 9.299725 9.409947 10.00922 9.416569 9.137038 10.48909 11.55726 10.62209 9.79102 9.897864 10.06425 10.20127 
  12.36403 11.95298 10.66253 11.031 9.957063 8.295617 8.924094 9.115102 8.109168 8.705885 8.621748 8.055897 9.350739 9.665722 9.335083 9.368504 10.39934 10.67497 9.545999 9.88168 10.02767 10.55994 10.47115 
  11.41603 11.95298 11.0604 10.61151 9.274036 8.938274 8.845489 8.882736 8.188908 9.258613 9.513381 8.522332 9.113908 9.273156 9.253597 9.646262 10.39934 10.27794 9.457557 10.04789 10.19192 10.55994 10.48976 
  11.08144 10.81069 9.9331 8.681848 8.249498 8.77761 9.317123 8.03073 7.710467 8.705885 8.690334 8.366854 9.646778 9.56758 9.457311 10.24807 10.13009 10.14559 9.664694 9.449108 9.995214 10.46229 10.37809 
  9.966146 9.135333 10.72884 9.436932 8.164121 7.893956 7.587794 7.488544 7.072546 8.311079 8.484573 8.133636 9.350739 9.175014 8.805429 10.29436 9.995471 10.14559 9.862777 9.957229 10.23028 10.13198 10.50837 
  10.69109 10.88685 11.32564 9.353033 8.078742 9.098938 8.924094 8.18564 6.913065 8.626924 8.621748 7.151749 8.166583 8.684308 8.764686 9.553676 9.501849 9.527988 9.251191 8.986438 9.77888 9.94815 10.01515 
  10.24497 10.50608 9.667852 8.597949 7.822608 8.375949 8.609671 8.572916 7.630727 7.363546 7.59294 7.978158 8.995493 9.273156 8.723943 9.414797 9.636473 9.572104 9.565653 9.484698 10.15356 10.18036 10.30364 
  11.58333 8.983027 9.667852 8.597949 7.907986 8.295617 8.138035 7.178724 7.152286 6.968741 7.661527 7.74494 8.699453 8.537096 8.323341 9.692555 9.860847 10.01325 9.555826 9.330475 10.02767 10.30614 10.8512 
  12.02944 10.35378 10.86146 8.514051 7.651851 8.295617 8.373853 7.411089 7.311766 7.363546 7.455765 7.589461 7.811337 8.051142 8.121385 8.672109 9.367225 9.527988 9.536172 9.555878 9.346211 9.996527 10.27572 
  11.02568 10.12532 10.92777 9.185237 6.387081 7.572628 7.6664 7.101269 6.566902 7.521469 7.867289 7.433983 7.604644 8.635237 8.106959 8.766693 8.769454 8.91056 9.133268 9.520288 10.15356 10.31581 10.406 
  10.63532 10.20147 10.79515 9.856422 7.310338 6.929971 6.644523 7.023814 6.673845 7.837313 7.177792 7.132933 8.581038 8.537096 8.251214 8.553878 8.769454 8.964677 9.44773 9.745691 10.00603 10.19003 10.25711 
  8.962379 9.668402 10.79515 9.52083 7.139582 7.733292 6.958947 6.868904 6.485293 7.047702 7.250004 6.587281 7.087914 7.477401 8.438745 8.648462 8.994233 8.712132 9.565653 9.927009 10.46045 10.0449 10.55937 
  9.129674 10.58224 10.26466 8.765746 7.481095 7.251299 7.194764 6.169506 5.587601 6.0979 6.636198 6.54965 7.329055 8.291742 8.179087 8.222831 8.734873 9.127027 9.015345 9.342338 9.908681 10.09328 10.60106 
  10.3565 8.906875 8.606867 6.895245 6.690319 6.264792 6.14022 6.069428 6.594105 6.212887 6.726463 7.18938 7.604644 8.106665 8.251214 8.435647 9.187726 9.483874 9.598666 9.662648 9.659897 10.36464 10.26641 
  10.18921 9.516097 9.071049 8.262357 7.737229 6.264792 6.565917 6.069428 6.992805 6.88978 7.033366 7.151749 7.759664 8.088157 8.52023 8.553878 8.319898 9.090949 8.936729 9.460971 9.768064 9.861072 9.922093 
  9.464263 10.35378 7.597086 8.514051 8.078742 7.090635 7.587794 6.636539 6.594105 5.913921 6.834782 7.589461 7.707991 8.069649 8.150235 8.175539 7.991375 8.152925 9.290499 9.82124 9.919497 10.51111 10.51768 
  10.46803 11.1153 8.27531 7.423374 7.481095 6.849638 6.033795 6.713994 6.376482 6.557847 7.015313 7.095302 7.58742 8.291742 8.479487 8.85928 8.873199 9.07291 9.162748 9.85146 9.984398 10.46229 10.55937 
  8.51626 9.05918 8.407932 8.346254 7.737229 6.769307 6.033795 5.068645 5.832426 6.603842 6.618145 7.283458 7.811337 7.606955 7.602068 8.341062 9.011523 8.820365 9.467383 9.89679 10.307 10.65759 11.05964 
  9.910381 10.81069 9.203671 7.197033 5.901901 5.275034 5.634704 5.602396 5.206761 6.005911 6.293189 7.589461 7.870544 7.588447 7.515515 8.412001 9.097977 9.127027 9.63168 9.662648 9.71398 10.07393 10.29433 
  10.46803 10.12532 8.05602 7.347927 5.477369 4.568064 4.942945 6.269585 6.349279 6.028908 6.563985 6.624912 6.708979 7.625463 8.683201 9.137038 8.838617 9.35153 9.796749 9.745691 9.519279 9.69659 10.68444 
  9.520027 9.592249 7.903042 6.970692 5.841254 6.688974 6.801735 6.469741 5.995643 6.764824 6.672304 6.925961 7.380728 7.866064 8.179087 8.7194 8.613838 8.766249 9.418249 9.627058 9.843781 10.19003 10.55937 
  9.743087 10.12532 8.739491 7.758967 6.690319 6.500449 5.315431 6.713994 6.753585 6.718829 6.582038 6.323863 7.380728 7.2368 8.280065 9.183331 8.596548 9.07291 9.231537 9.544015 10.01685 10.29646 10.55937 
  9.854616 10.58224 8.805802 7.675069 6.265786 5.322165 6.801735 6.169506 6.485293 6.419864 6.906994 6.775437 6.932895 7.107245 8.601715 8.766693 8.596548 9.289377 9.06448 9.425382 10.03848 10.31581 10.41531 
  8.51626 9.211486 8.407932 7.27248 5.538016 5.322165 5.741128 4.501534 5.451587 5.867927 6.834782 7.377536 7.518523 7.847556 8.601715 8.057308 8.181572 9.271338 9.133268 9.710101 9.951948 10.20938 10.48045 ]
