 [
  7.598399 6.340095 6.551678 5.427158 5.876637 5.580791 5.249464 5.939859 5.492893 6.434763 7.141946 7.013466 7.528205 8.019265 8.570739 8.530788 9.401618 9.323366 9.198502 10.01719 9.962873 10.32798 10.55151 
  8.28449 8.943166 7.768454 5.344978 6.12535 5.580791 5.669234 6.070004 6.183156 5.870461 6.006077 6.847823 6.953301 7.669825 8.140949 8.721158 9.257497 9.652802 9.715109 10.05862 10.39694 10.5792 10.77701 
  9.142103 7.268438 5.374105 5.673697 5.420662 5.710562 5.669234 4.960843 6.183156 5.036275 5.614626 7.096287 7.78331 7.843083 7.668777 8.114997 9.041314 8.92739 9.452711 10.22434 10.10645 10.23619 10.73261 
  8.598948 6.743033 4.585555 5.303888 5.710827 5.624048 6.089595 5.809715 5.973807 6.805686 7.246321 7.365335 6.953301 6.855512 7.404916 8.392192 9.113375 9.323366 9.93189 9.794733 10.14795 10.21116 10.99897 
  8.627535 8.089383 5.735524 5.110918 5.205042 5.234737 5.529114 5.324491 5.319765 6.189415 6.315116 6.980337 7.363946 7.046096 7.710439 8.078038 8.86165 9.488084 9.433646 9.568214 10.02914 10.74668 11.04336 
  8.941993 8.122221 6.364482 5.468247 6.166802 5.710562 5.529114 6.807487 5.916097 6.238484 6.685965 6.516537 7.150411 7.583196 8.043737 8.623187 8.86165 9.125211 9.30654 10.05862 10.39694 10.45359 10.68822 
  9.17069 8.746139 5.927691 4.760063 5.627923 5.148223 4.970996 4.527928 5.45442 6.336624 7.037571 6.698744 7.544631 7.912386 8.127062 8.235115 8.906567 9.433178 9.503553 9.643721 9.841384 9.960829 10.64383 
  8.656122 8.87749 6.832472 4.86532 5.503566 5.148223 5.4357 5.549606 5.088926 5.649647 6.10909 6.384023 7.974254 7.964364 7.849314 8.521549 8.891594 9.597896 9.41458 9.779632 9.929739 10.31964 10.73261 
  6.861567 8.253572 7.113267 4.847777 5.254805 4.56491 4.901379 6.330292 5.627549 6.238484 6.624156 7.278494 7.831046 8.019265 7.849314 8.549269 9.47368 9.597896 9.503553 9.432302 10.18945 10.66294 10.77701 
  7.741334 7.399789 7.113267 6.084597 6.000993 6.099874 5.249464 6.070004 6.015677 6.06674 7.037571 6.963773 7.687839 8.019265 8.154837 8.096518 8.681986 9.26846 9.585041 9.681474 10.27244 10.36985 10.86579 
  7.341115 7.99087 6.95727 5.303888 5.669375 4.753076 5.295876 5.636189 6.727466 6.955069 6.026679 6.748437 7.183262 7.617847 8.265936 8.641666 9.401618 9.433178 9.300185 10.01719 10.18945 10.32798 10.59944 
  8.170141 6.743033 4.914117 4.181153 3.886347 3.943964 4.854968 5.324491 5.916097 7.004863 6.459335 6.897516 7.314669 7.825757 8.279823 8.80065 8.996398 9.200246 9.585041 9.934322 10.10645 10.49546 10.64383 
  8.370251 8.122221 6.083688 4.391666 4.43373 4.640177 4.692528 6.026622 6.099417 6.091275 6.500541 7.539018 7.974254 8.513375 8.570739 8.959632 8.966455 8.988783 9.888534 9.975754 10.18945 10.36985 10.39813 
  7.741334 8.220734 7.206865 4.409209 3.786823 4.922425 5.388994 4.891576 6.434376 7.004863 6.644759 7.495598 7.462502 7.825757 8.77851 8.880141 9.113375 9.378272 10.06196 9.855138 10.27244 10.31964 10.47482 
  7.161284 6.397786 5.95889 4.86532 4.65766 4.847158 4.437265 5.324491 5.95457 6.955069 7.402884 7.495598 7.735574 7.44459 8.210386 8.364472 8.741874 8.92739 9.465422 9.681474 9.918694 10.10268 9.985935 
  8.255902 6.10933 5.24268 6.207867 5.030875 5.19148 5.342287 6.026622 5.666022 6.410229 7.089759 7.26193 7.78331 7.825757 7.738214 8.133477 8.71193 9.54299 9.845178 9.711676 9.896605 10.01089 10.45565 
  8.484599 7.563978 4.486986 5.005661 5.420662 5.624048 5.622528 4.787677 5.742969 6.905274 7.924757 6.963773 6.674062 8.019265 8.639996 8.80065 8.801762 9.26846 9.888534 10.05862 9.996005 10.41172 11.04336 
  9.485148 8.155058 6.988469 5.25126 5.876637 4.997691 5.529114 5.53229 5.916097 6.140345 6.335719 6.56623 7.199688 7.496567 8.501482 8.604707 9.041314 9.433178 9.671753 9.892891 10.10645 10.09434 10.53234 
  8.198728 7.958032 5.990089 4.812692 5.545019 4.941241 5.063819 5.896478 6.601856 7.154246 6.438733 6.21838 6.493378 8.019265 8.113174 8.503069 8.831706 9.145675 9.134949 9.75698 10.01809 10.36985 10.77701 
  8.170141 8.450599 7.300463 5.796967 5.793732 5.364508 5.156641 5.939859 5.973807 6.656302 6.685965 6.649052 7.331095 8.23887 8.293711 8.623187 8.726902 9.036532 10.14867 10.01719 9.918694 10.78855 10.86579 
  7.970031 7.202762 7.238064 5.509337 6.49842 5.840333 5.27267 6.547199 7.062425 7.253835 7.87257 7.278494 7.495353 7.427264 8.002075 8.80065 9.185436 9.118389 9.509909 10.97011 11.5174 12.21213 13.0854 
  5.602756 6.10933 6.614077 6.248957 6.374063 4.62136 5.087025 5.463023 7.397384 8.299517 8.759756 8.754797 9.358598 9.666301 10.23291 11.18539 11.63551 11.13526 11.92627 14.07747 15.08626 14.89181 14.68352 
  7.341115 6.397786 5.865292 5.961327 5.329447 5.234737 5.529114 5.896478 7.355514 7.303629 7.716008 8.32059 9.215389 9.940807 9.817366 10.78794 10.84284 11.40979 11.62278 12.17162 12.09837 11.62595 11.57607 
  7.221228 5.936257 5.439817 4.935491 5.354329 5.091774 4.901379 5.168642 5.415947 6.755891 7.298509 7.62586 7.974254 8.183969 8.210386 9.277598 9.401618 9.652802 10.19203 10.22434 9.929739 10.21116 10.77701 
  6.38202 6.224712 5.735524 5.075832 6.042445 5.035324 4.785351 5.497656 5.51213 5.526973 7.037571 7.582439 8.02199 8.732981 8.917025 8.613947 8.142994 9.433178 9.93189 9.794733 10.18945 10.29461 10.46523 
  5.662699 6.051639 5.406961 5.427158 5.080637 4.753076 5.342287 6.373673 6.434376 7.104452 7.037571 7.799542 7.687839 7.704476 8.986281 9.277598 9.257497 9.145675 9.446356 9.681474 9.874517 10.70481 10.44606 
  3.504736 6.644519 6.738874 6.207867 5.205042 5.537535 6.603369 6.373673 6.518116 6.805686 7.45507 8.016645 7.544631 7.860409 8.847767 9.118615 9.54574 9.138853 9.541685 9.741879 10.35544 10.31964 10.59944 
  4.044227 4.955507 5.176968 4.74252 4.806946 5.970103 5.949475 6.156766 6.099417 6.706097 7.298509 7.278494 7.446075 7.77378 9.055538 8.959632 8.93651 9.323366 9.888534 9.975754 10.14795 10.36985 10.56109 
  5.243095 3.743993 4.519842 5.163546 5.205042 5.129407 5.809355 6.200148 5.896861 7.253835 7.089759 6.897516 7.331095 7.895061 8.362967 9.198107 9.54574 9.597896 10.0186 10.05862 10.05123 10.11103 10.59944 
  5.003322 4.493978 3.994142 4.374123 4.956232 4.696626 5.342287 5.853096 6.057547 7.403218 7.611633 7.195673 6.706913 8.403573 8.501482 8.80065 9.978106 9.488084 9.541685 9.53046 9.951828 10.30295 10.44606 
  4.583718 4.147831 4.519842 5.040747 5.329447 4.150947 5.342287 6.243529 6.643725 7.453012 7.45507 7.195673 7.380372 8.348672 8.847767 8.721158 9.761923 9.652802 9.585041 9.575765 10.35544 10.36985 10.47482 
  5.063265 3.57092 3.731292 5.023204 5.279685 4.282662 4.065974 5.047425 5.973807 6.06674 6.830183 7.582439 7.974254 7.756454 8.154837 9.277598 9.47368 9.872424 9.440001 9.975754 9.996005 10.26957 10.54192 
  4.10417 2.994008 3.862717 5.386068 5.710827 5.451021 5.156641 5.134008 4.742668 7.253835 7.45507 7.365335 7.735574 7.808431 8.293711 8.959632 9.185436 9.132032 9.715109 10.10005 10.35544 10.20282 10.58985 
  4.164114 2.820935 4.09271 4.988119 5.586471 4.395562 5.529114 5.549606 6.141286 7.004863 6.788978 7.365335 7.640102 7.669825 8.432225 8.105758 8.307686 9.488084 9.715109 10.01719 10.18945 10.02758 10.17765 
  4.10417 3.628611 4.421273 5.163546 5.37921 4.18858 4.94779 5.185958 5.569839 6.434763 5.758844 7.063159 7.878782 8.183969 7.779876 8.880141 9.257497 9.104747 9.236633 10.14148 10.43844 10.62107 10.18724 
  4.703605 4.147831 4.125567 5.040747 3.96099 4.245029 4.25162 5.896478 5.973807 6.26302 6.685965 7.582439 7.687839 8.23887 8.986281 8.050319 8.981426 9.323366 9.166725 9.892891 10.27244 10.16109 10.8214 
  4.463831 3.051699 4.618411 4.882863 4.160038 4.452011 3.857123 6.156766 6.559986 7.154246 6.933197 7.365335 7.347521 7.635173 8.362967 8.151957 8.93651 9.050175 9.325606 9.877789 10.04018 10.32798 10.44606 
  4.583718 3.282464 3.862717 4.795149 4.359087 4.62136 4.762145 5.324491 6.225026 6.459299 6.41813 7.03003 7.084707 7.340635 7.946526 8.558508 9.113375 9.234353 9.845178 10.18291 10.14795 10.11103 10.77701 
  4.823491 3.57092 4.355561 4.970576 4.060514 5.234737 4.994202 5.116692 6.685596 6.06674 6.315116 6.864387 7.183262 7.964364 8.252048 9.118615 9.041314 9.488084 9.671753 9.666372 10.31394 10.01089 10.86579 
  4.703605 3.801684 4.486986 4.619721 4.209801 5.234737 4.460471 5.463023 6.853075 7.204041 8.08132 8.190329 8.547086 8.23887 8.362967 10.152 12.06787 12.12356 10.14867 10.05862 10.60443 10.83042 10.91018 
  5.303039 5.243963 4.684124 4.724978 4.483492 5.797076 4.506882 6.503818 7.188035 8.150133 9.803505 9.102162 9.263125 8.897684 9.263309 11.74183 13.43703 13.4413 11.36264 11.13583 11.76639 10.91416 11.30971 
  6.322077 6.340095 5.834093 6.125687 4.856708 4.941241 5.529114 5.584239 6.225026 7.154246 7.924757 7.096287 7.117559 7.964364 8.639996 9.754547 10.19429 9.652802 9.370093 10.01719 10.43844 10.41172 10.95457 
  7.161284 6.874384 7.050868 6.783126 6.415516 6.272901 6.369836 6.113385 5.666022 6.606508 7.402884 7.408756 7.926518 8.129067 8.570739 8.721158 8.93651 9.652802 10.10531 10.18291 10.04018 10.32798 10.73261 
  8.427425 7.071411 6.45808 6.742036 6.912942 6.532442 6.930316 6.503818 6.392506 6.656302 6.088487 7.408756 8.069726 7.964364 8.279823 8.80065 9.257497 8.961497 9.274764 9.651271 10.27244 10.32798 10.77701 
  11.84113 10.97377 10.40399 9.618332 10.60219 9.344135 9.592602 9.019941 9.53275 9.942731 10.53413 9.623211 9.024446 9.666301 10.37142 12.45726 13.50909 11.46469 11.1025 11.01154 11.18541 10.9979 10.99897 
  11.5258 9.895462 9.390821 9.782692 10.8438 10.7991 10.9471 10.0611 11.08194 11.88471 12.51725 11.88109 11.2203 11.58784 13.00319 15.39844 16.10328 14.20998 13.48709 13.58029 13.55082 13.80319 13.57371 
  11.10537 10.84509 9.734014 9.207432 10.51929 10.9131 10.57344 9.497137 10.91446 12.28307 13.45662 12.01135 11.60219 12.85057 15.0809 16.03437 16.31946 14.75904 13.92065 14.74037 14.38078 14.59872 14.86109 
  11.21048 10.02681 9.827612 11.05478 11.16121 10.7991 10.90039 11.05887 9.78397 12.28307 14.03377 12.61924 12.27049 13.56429 15.84273 18.81658 18.76205 16.37066 15.17025 15.51642 16.10167 16.03255 16.28164 
  11.63091 10.68357 10.25989 10.89099 10.43638 10.16601 10.10638 11.61862 12.21545 11.68553 13.561 14.10464 13.27295 14.88192 16.25827 18.73708 18.51358 16.89043 16.27615 16.15703 16.70915 16.99916 17.5729 
  10.19983 10.65073 9.515618 9.371792 10.06331 10.20927 11.81007 12.13416 11.72529 11.63574 12.41288 13.59732 13.12974 15.44084 17.30543 18.81658 19.07265 18.59824 16.90809 17.03786 17.16477 17.62055 17.80348 
  10.77157 9.731273 9.047627 10.48122 10.6851 10.33904 11.72851 11.18901 12.60758 12.78101 13.71833 13.09 13.46389 14.93682 17.84376 19.474 19.69383 18.74674 17.46104 17.51832 18.00006 17.96577 17.94183 
  10.28559 10.38803 9.796412 11.05478 10.8438 10.6851 11.72851 11.14563 12.31349 12.53204 13.19569 12.7495 13.65483 15.72155 17.99058 19.3702 20.56349 19.19226 18.09298 17.9187 17.92412 18.10386 18.31077 
  11.00027 10.71641 9.016428 8.796533 9.192816 10.59858 11.97317 12.22008 12.11742 12.38266 14.24406 12.27187 13.22521 14.99172 18.23528 19.85462 19.63171 18.74674 18.40895 18.5593 18.37974 18.10386 18.403 
  11.4207 12.00323 11.12445 10.11141 10.60219 11.1411 11.32075 11.10225 11.52922 12.08389 13.40444 12.05477 13.96653 15.27242 17.74588 20.26984 19.88019 19.04375 18.01399 18.15892 18.00006 18.10386 18.58747 
  10.68581 11.74586 10.40399 11.05478 11.0025 10.9131 11.72851 11.70455 11.72529 12.8308 13.92862 13.34366 13.082 14.44271 18.23528 19.474 20.43925 19.63777 18.9619 18.71945 18.83535 18.7943 18.6797 
  11.10537 11.87454 12.42129 12.36514 11.47861 10.03624 10.62015 12.13416 12.11742 11.93451 13.50881 13.21683 14.07043 15.32856 18.03952 19.474 20.74985 20.15754 18.80392 19.11983 19.21503 19.07047 19.18698 
  12.05134 13.29005 12.42129 11.70996 10.39493 10.12276 10.52674 11.18901 12.70562 12.98019 13.92862 12.83634 14.27822 15.32856 17.64801 19.2664 20.19078 19.56352 19.27787 19.44013 19.29097 19.20856 18.77193 
  12.89221 13.03268 11.98901 12.03755 11.47861 10.29579 11.48386 12.56377 12.60758 12.98019 14.3492 13.21683 14.38212 14.88192 17.55013 19.88922 21.2468 19.93478 19.67284 20.00067 20.05032 19.48473 18.44912 
  12.26156 12.00323 10.83626 11.38237 10.8438 11.82512 12.29938 13.42299 12.99972 13.74535 14.98008 13.97781 14.90161 15.83383 18.28421 20.51205 22.17858 20.82581 19.83082 20.08074 20.2022 19.76091 18.77193 
  12.47178 13.93346 12.56538 11.05478 11.0025 12.62313 12.54404 13.16523 13.48988 13.49029 14.45435 13.21683 14.48602 16.11453 18.72467 20.13143 21.86798 20.5288 19.90981 20.08074 19.89845 19.96804 19.04863 
  11.63091 12.00323 11.98901 11.87376 11.79602 12.50913 13.76733 13.42299 13.98005 14.08542 15.71609 14.3583 15.8367 16.00225 18.33315 20.47745 21.2468 20.45455 20.0678 20.24089 20.2022 20.03708 19.18698 
  11.63091 11.10245 11.98901 11.70996 11.63731 11.93912 11.97317 13.16523 13.88201 13.23524 14.76978 13.72415 13.96653 15.16014 17.25649 19.54321 21.43315 20.97432 19.19888 19.27998 19.29097 19.07047 19.09475 
  13.52286 10.97377 12.1331 13.5117 12.11342 12.16712 12.21783 12.64969 12.80365 13.06521 14.76978 13.59732 14.07043 14.55251 16.0505 18.18064 19.81807 18.52398 18.01399 17.83862 17.16477 17.82769 18.08018 
  16.7812 17.53655 18.18502 18.91692 17.66802 15.35918 14.74596 14.62591 15.84267 18.33629 19.18589 17.65588 18.01856 16.9005 17.20755 18.81658 18.19304 16.29641 14.91784 14.69894 14.50528 14.84994 16.55834 
  17.30674 18.30864 18.90549 20.06348 19.25504 16.61321 15.31683 14.62591 15.05841 18.08124 19.39618 17.65588 18.22636 17.34963 17.50119 18.92038 18.04892 15.74735 13.83393 13.49743 13.42632 13.5101 16.10407 
  17.62206 18.69469 18.90549 20.55486 20.36596 17.63923 16.29546 15.48513 15.6466 17.31608 19.71162 19.17784 19.57703 18.4163 17.59907 18.73708 17.68862 15.14338 13.01017 13.04168 12.30586 12.17026 15.52697 
  17.62206 18.82337 18.32911 20.88245 20.68337 17.86723 15.96925 15.48513 15.6466 17.14605 20.23735 19.81199 19.88873 18.52858 18.82254 19.19719 17.40038 14.81395 13.70387 12.83453 11.68339 11.50034 15.43819 
  17.51696 18.69469 18.18502 20.71866 20.52467 17.52522 15.8877 15.31329 15.45054 16.72096 20.02706 20.31931 19.88873 18.4163 18.87148 19.3702 17.40038 14.48451 14.09407 12.79309 11.60039 11.12351 14.68352 
  17.30674 18.43732 18.04093 20.39107 20.04856 16.95521 15.64304 15.14144 15.05841 16.29587 19.71162 20.57297 20.20042 18.47244 18.03952 19.4048 17.97686 14.64923 14.00736 13.12455 11.22691 10.78855 14.46156 
  17.09653 18.05128 18.04093 20.06348 19.25504 16.4992 15.15373 14.36814 13.98005 15.27566 18.55502 20.31931 19.78483 17.74261 17.45225 19.57781 18.2651 13.49621 12.75003 13.53886 11.84938 10.83042 14.37277 
  16.67609 17.40787 16.88818 17.44277 17.35061 15.47319 14.90907 14.45406 13.88201 15.53071 17.18813 19.4315 18.95365 17.06892 15.35793 16.90878 16.82389 14.48451 13.74722 14.40892 14.58828 13.88693 14.90548 
  14.67904 14.96291 14.2945 15.47723 16.08099 16.61321 16.45857 16.60212 17.50923 17.99622 18.87046 20.82663 19.57703 17.18121 16.95084 17.78319 17.32831 15.96697 15.24925 15.9168 17.31664 16.93012 16.51222 
  10.68581 10.71641 10.98036 13.34791 11.95472 12.62313 12.62559 13.16523 14.37218 14.93559 15.92638 18.67052 17.70687 15.104 14.52685 15.08048 14.66206 13.60602 12.14305 12.87596 14.50528 14.30563 14.46156 
  7.569811 7.629653 9.671616 11.21858 8.571033 6.748726 6.930316 7.588354 7.606734 8.399105 10.6385 12.31529 12.07955 9.556499 10.71771 10.94692 10.33841 9.378272 9.628397 9.975754 9.852428 10.87229 11.30971 
  6.441963 6.808709 8.330042 9.782692 6.747134 5.710562 5.4357 5.359124 6.643725 6.955069 7.402884 9.406107 8.642558 8.348672 8.432225 8.880141 8.876622 9.261639 9.541685 9.934322 9.929739 10.5792 11.04336 
  6.082303 5.936257 6.95727 8.385633 4.956232 5.234737 5.4357 5.411074 6.518116 7.502807 9.125068 10.14426 9.454069 8.513375 8.847767 10.152 10.48253 9.872424 9.93189 10.47293 9.797207 10.66294 10.64383 
  5.542812 4.897816 5.571242 7.317295 5.329447 5.277994 5.319081 6.243529 7.564864 9.295404 11.68225 13.09 11.8886 10.16041 10.37142 12.29827 12.5723 11.35488 10.36545 10.63866 10.01809 10.70481 10.99897 
  3.92434 3.974758 4.585555 6.207867 5.304566 5.580791 5.342287 5.203275 5.358237 6.042205 7.402884 8.581115 7.926518 8.183969 8.168724 8.540029 8.801762 9.07064 9.585041 10.01719 10.52143 10.21951 10.8214 
  4.703605 4.609361 4.355561 5.303888 4.757184 4.207396 4.530088 4.995476 5.01198 6.312089 6.850786 7.539018 6.674062 7.964364 8.709253 8.576988 8.891594 9.125211 9.223923 9.934322 10.35544 10.53733 10.86579 
  3.984284 4.667051 3.895573 5.216174 5.229923 4.56491 4.460471 5.445707 6.434376 6.755891 6.788978 7.046594 7.413224 8.074166 8.709253 8.447631 8.93651 9.186604 9.801822 9.840036 9.841384 10.05262 10.59944 
  9.628084 10.191 10.98036 11.54617 11.47861 10.9131 11.04051 11.79047 11.72529 11.58595 10.79506 9.927155 9.310862 9.281993 8.917025 10.07251 10.55459 9.872424 9.274764 10.10005 10.18945 10.16109 11.13214 
  13.73307 13.41873 14.72678 16.46 16.23969 14.21916 14.99062 16.17251 15.84267 16.21085 14.98008 13.72415 12.89106 13.67409 14.04205 15.08048 15.23855 13.55112 12.27312 13.00025 13.34332 12.96579 16.19285 
  13.20753 13.29005 11.26854 14.16688 14.33526 12.62313 12.87025 13.50892 15.9407 16.46591 15.40066 13.72415 14.27822 15.55313 16.88159 17.6242 17.76068 16.37066 15.17025 15.19612 15.29375 15.68733 16.19285 
  11.00027 11.61718 9.671616 9.947051 9.980409 11.25511 11.18063 11.87639 13.58791 16.72096 15.40066 14.10464 14.38212 15.44084 16.74307 18.33963 19.07265 17.03893 15.8022 16.07695 16.25354 16.30873 17.11174 
  10.42852 10.68357 11.70082 11.38237 11.16121 11.36911 11.32075 11.36086 13.39185 15.70075 15.08522 13.72415 14.27822 16.28295 17.08936 18.49861 18.69993 17.33594 16.98709 16.71756 16.25354 16.37777 17.34232 
  11.73602 10.84509 9.827612 10.5634 10.6851 11.48311 12.21783 12.73561 12.50955 14.0004 14.3492 14.48513 14.69382 15.94611 17.84376 19.16259 19.01053 17.11318 16.67111 16.79763 16.78509 16.93012 17.66513 
  10.82874 10.71641 9.971705 10.89099 10.6851 10.9131 12.21783 12.56377 11.72529 14.76556 14.87493 13.85098 14.38212 16.45138 18.18634 20.02763 19.5696 17.7072 17.22406 17.11794 17.16477 17.13725 18.08018 
  9.142103 9.665597 9.203625 10.1525 9.151363 10.7991 11.89162 11.61862 10.83072 14.76556 14.76978 14.48513 14.27822 16.67594 18.43103 19.57781 18.82417 17.48445 16.43414 17.03786 17.46851 17.48247 17.98795 
  9.313625 9.402895 9.971705 9.741602 9.773148 9.863216 11.4023 11.14563 10.62137 13.06521 13.35225 13.34366 14.27822 16.6198 19.11618 20.85806 18.63782 17.7072 17.14507 17.51832 17.39257 17.62055 18.03407 
  12.05134 12.00323 9.827612 10.1525 10.22912 10.20927 11.56541 10.32138 9.44901 13.06521 13.45662 13.09 15.00551 16.56366 19.31194 20.89267 19.07265 17.78146 17.14507 17.51832 17.84819 17.34438 17.89572 
  11.31559 10.42087 9.172425 9.864872 10.10476 10.3823 11.04051 11.18901 10.24454 12.48224 13.19569 12.79292 14.07043 16.45138 20.24178 20.99647 19.01053 18.22697 17.06608 17.35817 17.77225 17.41342 17.94183 
  8.999167 10.09249 9.297222 9.947051 10.6851 10.51207 10.57344 10.19124 10.83072 13.23524 12.56944 12.83634 13.75873 16.45138 19.16512 19.92382 18.88629 18.30123 17.30306 17.43824 17.0129 17.41342 18.17242 
  9.885367 10.191 9.234824 11.70996 10.6851 11.1411 10.2465 9.627281 10.78885 12.28307 12.51725 12.48897 13.65483 16.22681 18.62679 19.50861 19.13476 18.07847 16.90809 17.19801 16.86102 17.41342 17.8496 
  8.398838 8.976004 9.266024 11.05478 9.317173 10.46881 10.90039 11.05887 11.33316 12.43245 12.62162 12.79292 13.75873 15.83383 18.18634 19.88922 19.19688 18.07847 16.67111 16.87771 17.16477 17.34438 17.98795 
  6.981454 8.680463 8.704434 10.31686 9.151363 10.64184 11.72851 10.58167 10.24454 13.32026 13.1435 12.31529 14.07043 15.04786 17.35437 19.61241 19.50748 18.37548 16.43414 16.47733 16.63322 16.99916 17.34232 
  8.198728 7.793842 8.142846 9.536152 7.78344 10.29579 10.33991 9.063322 10.28641 13.66033 13.61319 11.79424 13.55936 14.1682 17.35437 19.19719 19.38324 17.78146 16.98709 16.71756 16.86102 16.93012 17.11174 
  6.861567 7.695329 8.45484 10.02923 11.0025 11.25511 11.08722 10.45153 11.08194 13.91538 13.71833 12.31529 12.74785 14.3878 17.15862 19.05879 19.44536 17.5587 16.75011 16.63748 16.02573 16.37777 17.06562 
  9.17069 9.074516 9.546818 10.19359 10.10476 10.29579 10.80698 10.7552 10.07706 14.08542 14.3492 10.62189 12.4137 14.77211 17.20755 19.61241 19.32112 16.74192 15.09126 15.51642 15.57012 15.75638 16.37387 
  9.027754 7.695329 7.269264 10.23468 10.51929 10.29579 10.71356 10.62505 9.407141 13.32026 13.71833 11.4903 12.74785 14.0035 16.32753 19.19719 18.45146 16.02188 14.96119 15.15469 15.41825 15.10116 15.57136 
  10.42852 12.77532 12.56538 11.54617 11.31991 12.05312 12.70715 11.36086 9.909579 14.0004 14.3492 12.83634 13.12974 13.72899 15.42719 18.26014 17.25625 15.25319 14.78777 14.86467 14.25629 14.18002 14.68352 
  11.94624 13.54741 13.71813 11.54617 11.0025 10.3823 11.56541 10.71182 8.527872 12.73122 13.30006 11.92451 12.36596 12.57607 13.83428 17.06776 16.10328 14.20998 12.57661 12.62737 12.51336 12.12839 12.55269 
  12.36667 11.23113 10.1158 9.330702 9.358625 10.7991 9.779428 9.019941 9.114051 12.28307 13.19569 10.2311 9.883693 10.16041 12.10285 14.12658 13.65321 11.79413 10.62559 11.05297 10.68743 10.87229 10.8214 
  9.828194 9.205868 8.985229 8.714353 8.405224 9.863216 9.172241 7.805261 8.444132 11.63574 11.99538 10.40478 10.36105 9.117289 10.50994 11.42387 10.62665 10.25677 9.585041 10.14148 10.31394 10.53733 10.56109 
  10.65722 9.862624 8.766833 7.892554 7.576179 9.387392 9.265654 8.108931 9.867709 10.93862 10.89944 10.10084 10.40879 8.623178 9.540338 10.07251 10.12223 9.323366 9.446356 10.51436 10.72893 10.21951 10.46523 
  10.4857 9.599922 8.298843 8.878713 9.275721 10.64184 10.01296 7.588354 9.867709 11.48636 11.056 9.796893 10.59973 8.67808 9.678852 9.516072 8.876622 9.323366 9.715109 10.10005 10.10645 10.36985 10.44606 
  10.257 9.205868 7.425261 7.604924 8.322319 9.300879 9.545895 7.848642 9.53275 9.992525 9.125068 9.666632 10.21784 8.897684 8.986281 9.35709 9.185436 9.762612 10.0186 10.55579 10.64593 9.977517 10.32144 
  9.513735 9.632759 8.174046 7.687104 7.576179 9.214365 9.125534 7.631735 8.946571 10.14191 9.072881 9.406107 10.36105 9.556499 8.252048 8.290554 9.113375 9.213889 9.671753 9.934322 9.741984 10.70481 10.36937 
  10.45711 8.976004 8.610836 5.838057 6.912942 7.873404 7.630918 6.807487 7.564864 8.150133 8.342257 8.754797 9.645014 9.062387 8.917025 8.721158 9.041314 9.26846 9.715109 9.892891 10.10645 10.49546 10.55151 
  11.00027 9.698435 9.578017 6.865305 7.078752 7.311065 7.771038 7.414828 6.141286 7.253835 8.029132 8.450852 9.167654 8.732981 8.501482 8.576988 9.401618 9.077461 9.490843 9.877789 10.04018 10.11103 10.58985 
  9.656671 9.961138 9.297222 6.988575 7.451822 7.830146 7.350677 6.764106 7.439254 8.000751 8.185695 9.015321 9.835957 8.842783 8.071512 8.880141 8.741874 9.433178 9.628397 10.05862 9.962873 10.41172 10.64383 
  9.656671 9.534246 8.610836 7.317295 7.203108 8.089687 8.097985 6.547199 6.936815 7.154246 6.912594 8.146908 8.49935 8.183969 8.570739 8.281314 9.113375 9.433178 9.370093 9.741879 10.06227 10.5792 10.73261 
  9.942542 8.647625 7.082067 6.742036 6.581325 7.527349 6.650076 5.064742 6.225026 7.552601 7.246321 9.015321 8.976709 8.67808 8.570739 8.604707 9.113375 9.26846 9.628397 9.636169 10.08436 10.11103 10.26393 
  9.285038 9.534246 8.860432 7.810374 7.327465 6.575699 5.856061 5.618873 5.781442 5.944066 7.141946 8.537694 9.024446 8.568277 8.182611 8.959632 9.257497 9.378272 9.93189 9.636169 10.27244 10.74668 10.95457 
  10.11407 10.28952 8.111647 7.235115 6.912942 6.099874 6.042888 5.636189 6.099417 7.104452 8.864131 10.62189 11.50672 10.54472 9.471081 9.198107 11.34726 10.75092 9.211212 9.643721 9.399609 9.844007 10.91018 
  10.37135 10.84509 8.42364 7.604924 6.083898 5.451021 5.482407 4.960843 6.015677 6.16488 6.685965 7.365335 8.451614 7.669825 8.238161 8.613947 9.113375 9.378272 9.516264 9.598416 10.0954 10.36985 10.73261 
  8.398838 8.286409 7.050868 6.783126 5.918089 5.364508 6.276422 5.983241 5.45442 5.870461 6.562348 7.582439 8.165198 8.129067 8.362967 9.198107 8.891594 9.597896 9.715109 9.892891 10.10645 10.70481 10.95457 
  8.141554 7.465465 6.832472 5.714787 5.420662 6.229644 6.136302 6.503818 5.858387 7.104452 6.768375 7.079723 7.380372 8.348672 7.918751 8.586227 8.607126 9.378272 9.287475 9.726777 10.10645 9.79394 10.54192 
  8.856232 7.662491 6.395681 6.290047 5.462114 5.753819 5.529114 6.156766 6.183156 6.606508 6.603554 6.880951 7.314669 8.019265 8.0854 8.721158 9.329557 8.83189 9.382804 10.26577 10.00705 10.32798 10.68822 
  9.142103 9.074516 7.300463 7.029665 6.291159 5.11059 5.575821 5.896478 5.819915 6.755891 7.141946 7.162544 7.735574 8.513375 8.140949 9.118615 9.401618 9.009247 9.801822 9.840036 9.896605 10.49546 11.04336 
  8.370251 8.614788 7.95565 7.687104 7.410369 6.359415 5.715941 5.289857 5.800678 6.361159 7.66382 7.365335 7.133985 7.739128 8.639996 8.80065 9.257497 9.652802 9.363738 10.14148 10.27244 10.12772 10.3502 
  7.827096 6.10933 6.021289 6.002417 4.782064 5.451021 5.063819 5.255224 4.935034 5.894996 6.603554 6.384023 7.495353 7.964364 8.224274 8.521549 9.01137 9.186604 9.715109 9.409651 10.43844 10.74668 10.64383 
  8.198728 7.958032 6.676476 5.163546 6.291159 5.054141 5.529114 5.766333 5.973807 6.11581 6.582951 6.632487 7.166837 7.808431 8.362967 8.558508 9.041314 9.084282 9.758466 10.10005 10.56293 10.15275 10.48441 
  7.455463 6.611682 5.308393 5.632607 5.75228 5.19148 5.715941 6.070004 6.225026 6.508368 6.985384 6.980337 8.069726 8.293771 8.224274 8.188916 8.083106 9.036532 9.185791 9.726777 10.39694 10.66294 10.64383 
  7.341115 5.532419 4.749836 5.468247 5.545019 4.67781 5.11023 5.809715 5.935334 6.16488 6.933197 7.712701 8.02199 7.808431 8.432225 8.880141 8.816734 9.597896 9.274764 9.794733 10.23094 10.5792 10.64383 
  7.998618 6.546006 5.374105 5.075832 5.75228 5.054141 5.4357 5.939859 6.266896 5.698717 6.562348 7.495598 8.26067 8.074166 7.738214 8.880141 9.185436 9.200246 9.281119 9.809834 10.14795 10.49546 10.8214 
  8.055793 6.167022 4.585555 5.550427 5.005994 4.113313 4.506882 5.766333 5.858387 6.140345 6.562348 7.712701 7.396798 7.929712 8.432225 9.039124 9.257497 9.132032 9.490843 10.01719 10.64593 10.74668 10.54192 
  7.712747 6.513168 5.341249 4.74252 5.75228 5.148223 5.4357 5.722952 6.015677 6.656302 7.611633 6.847823 6.854746 7.843083 8.293711 8.721158 8.756846 9.26846 9.585041 9.862688 10.14795 10.49546 9.985935 
  7.68416 7.728167 6.395681 5.181089 4.956232 4.67781 4.506882 5.237908 4.838851 6.557438 7.246321 7.096287 7.687839 7.860409 8.501482 8.540029 9.041314 9.378272 9.93189 10.34864 9.741984 10.49546 10.4173 
  6.441963 6.455477 5.865292 4.812692 4.060514 4.18858 4.530088 5.53229 5.531366 6.656302 6.397527 6.947208 7.133985 7.617847 8.501482 8.959632 8.71193 9.009247 9.585041 10.10005 10.14795 10.41172 10.12972 ]
