 [
  2.92942 2.744634 2.919259 4.800114 5.132053 4.844023 5.582303 5.253566 5.881465 6.218825 6.157975 6.217397 7.910427 8.215783 7.923829 8.079056 9.096567 9.091199 9.752447 9.833748 9.947305 10.44602 10.72577 
  4.294325 4.434775 3.418108 3.648409 3.718487 5.935452 5.741749 4.53376 5.568535 6.349733 6.960719 7.376643 7.838159 8.071002 7.816513 8.60266 9.14649 9.278074 9.198654 9.924477 10.24253 10.57744 10.7189 
  5.096293 4.018192 3.937542 3.85658 3.645414 4.199858 4.314432 4.655294 6.189905 6.428277 7.083321 6.755662 7.003695 7.998612 8.068494 8.552074 8.797028 9.028907 9.369646 9.568062 10.11908 9.843356 10.32701 
  5.057935 4.486848 4.049425 4.547283 4.610883 5.59079 4.78507 4.047621 4.372773 6.271188 7.236573 7.331303 7.621356 7.853831 7.847175 8.033162 9.14649 9.091199 9.771169 10.09768 10.25677 10.53363 10.33526 
  3.900019 4.955504 4.217249 5.609172 5.653224 5.59079 5.210261 5.664238 5.442665 6.172637 7.389825 7.603346 8.054962 7.749887 7.939159 8.552074 8.362564 9.091199 9.995827 10.09768 10.15706 9.915108 10.67077 
  5.057935 4.434775 3.657836 5.558606 6.058579 8.865074 8.558636 7.022615 6.877962 7.030453 8.431939 8.646179 8.054962 8.505345 8.58583 8.450902 8.747104 8.882249 9.480288 9.833748 10.03362 10.69427 10.67077 
  5.288085 4.538921 4.664779 5.052944 7.043014 7.716202 7.655107 7.243747 6.711879 8.365711 9.044947 9.144925 8.054962 8.432955 8.521162 8.552074 8.747104 9.028907 9.527789 9.609206 9.507203 9.863856 10.58139 
  4.866144 5.007577 4.552896 4.547283 6.232303 7.256654 7.49566 6.643533 6.474618 6.794819 7.175272 8.192774 8.4163 8.650126 8.133161 8.653247 8.747104 8.868659 9.565232 9.776012 9.763929 9.648601 10.6089 
  4.142669 3.694736 4.161307 3.902841 4.900422 5.533346 5.050815 4.915726 5.316795 6.585367 7.205922 7.285962 7.07168 7.350196 8.003826 8.400315 8.896873 8.800711 9.16848 9.403486 9.976645 10.22697 10.40951 
  2.92942 4.070265 2.945514 3.87971 4.437159 4.729136 4.616985 5.158795 5.952644 6.454459 6.899418 7.376643 7.476821 7.853831 8.456495 8.60266 8.560856 8.773531 9.158422 9.74302 10.17606 10.69427 10.45077 
  3.293395 3.320454 3.155556 4.850679 4.668791 4.671693 4.297624 5.474697 5.358752 5.987881 6.991369 6.832557 7.693624 7.255533 7.494566 7.867943 8.697181 8.637634 9.752447 9.501204 10.10959 10.44602 10.12076 
  4.567306 2.91738 2.709218 4.041621 4.784606 4.499362 4.532943 5.474697 5.857739 5.987881 6.449439 7.1046 7.218979 7.697296 7.617213 7.978089 8.653805 9.402658 9.78989 9.841996 9.749259 9.812605 10.49889 
  4.712711 3.262872 2.840494 4.44615 4.321343 4.296682 3.944645 5.019898 6.213631 6.742456 7.359174 6.832557 7.549088 7.781441 7.816513 7.904658 8.511283 8.787121 9.037722 9.578348 10.18555 10.41681 10.16201 
  4.904502 3.914046 3.470618 3.902841 3.627145 4.393506 3.944645 5.221976 5.905191 6.533004 6.129769 6.39041 7.404553 7.853831 7.908498 8.552074 8.99672 9.153491 9.565232 9.686352 10.09059 10.31459 10.38476 
  5.518234 4.226483 2.919259 4.092187 4.437159 4.224064 5.369707 4.585846 5.37973 5.479805 6.623564 6.621096 6.765751 7.592114 7.739859 8.225918 8.896873 9.464951 9.602675 9.429201 10.02412 10.44602 10.51264 
  4.942861 3.579572 3.523129 4.19332 4.726698 4.393506 4.997666 5.885369 5.881465 6.402096 6.562263 6.534589 7.765891 7.665741 8.068494 8.450902 9.246337 9.30922 9.640118 9.372628 9.932634 10.373 10.7739 
  5.134652 3.090126 3.769718 2.561294 4.156928 4.417712 4.432092 4.064983 4.792338 5.479805 6.477645 6.877897 7.404553 7.108279 8.262494 8.60266 8.505086 8.916223 9.864776 9.874989 10.28051 10.29998 10.36826 
  5.134652 3.8099 3.881601 4.547283 4.668791 4.393506 4.062305 5.601058 6.427166 5.964787 6.129769 6.669155 7.404553 7.926221 7.939159 8.244275 8.300598 8.997761 9.640118 9.691494 10.00038 10.18161 10.52639 
  2.656439 2.888589 3.657836 3.81032 4.230001 4.499362 4.415283 5.411517 5.652448 6.323552 6.487047 7.285962 7.060349 7.697296 8.456495 8.60266 8.697181 9.433805 9.399821 9.583491 9.859284 10.05861 10.40126 
  4.597637 3.608363 3.339342 3.208937 4.437159 4.844023 4.944517 4.794191 5.442665 6.103354 6.562263 6.765274 7.476821 7.476414 8.197827 8.906178 8.641411 8.997761 9.92094 10.08119 9.995636 10.24157 10.89078 
  6.784056 7.76744 8.692553 9.957861 11.73355 12.82134 12.81096 12.23611 12.25696 12.94703 14.63518 16.44497 16.82495 17.10042 16.42748 15.93102 16.13329 14.70498 11.84926 10.75752 11.04665 12.08156 11.00078 
  9.238981 10.05865 10.76238 12.14556 14.89786 16.47162 15.76615 14.68646 14.64011 15.19834 16.9541 19.39373 19.37016 19.80385 19.02913 18.30627 18.67342 17.20758 14.04725 12.38841 12.72238 14.47319 12.80893 
  9.893695 10.37108 11.77471 12.36309 14.89786 16.81383 15.76615 14.21973 14.35974 14.77622 15.85566 17.30502 17.97635 18.74368 18.25567 16.85473 16.73097 15.87808 13.13065 10.36162 10.58438 11.90632 11.28954 
  14.23851 15.56281 15.27184 15.51728 15.95263 17.49826 17.29469 16.5534 17.584 18.4346 18.17459 20.37665 20.40037 20.38694 20.64637 19.03204 19.34581 16.81655 14.8329 13.62563 13.0113 15.28736 14.83478 
  15.01092 16.30282 15.54793 16.0611 17.21835 18.98118 18.00801 16.43672 17.02326 17.59035 18.17459 20.37665 20.27917 20.28092 20.36511 19.03204 19.79406 17.91144 16.01139 14.24424 13.53136 15.13471 14.55341 
  15.20403 16.11782 15.54793 15.73481 16.90192 18.18269 17.6004 16.08667 15.48122 15.62046 15.36747 16.93643 17.85515 19.37978 19.09945 18.24029 19.56993 17.91144 15.55309 14.18801 14.22476 14.93116 14.55341 
  15.39713 16.21032 16.28417 16.0611 17.85121 18.98118 16.58137 16.20335 14.92048 14.91692 15.36747 17.91935 18.88536 18.31961 18.11504 16.52483 17.02981 16.1127 14.76743 12.95078 12.54903 13.76079 14.04695 
  15.49368 16.21032 16.3762 16.27863 18.06216 18.86711 16.78518 16.20335 15.34104 15.33905 15.85566 18.04221 19.37016 18.63766 18.53693 17.44854 17.40336 15.79987 14.89838 13.1195 12.31789 13.91345 14.04695 
  15.59023 16.21032 16.46823 16.49616 18.27312 18.86711 16.58137 15.96998 15.34104 15.33905 15.97771 18.04221 19.55196 18.63766 18.81819 17.44854 17.55278 16.03449 15.09479 13.68187 13.0113 13.96433 14.32832 
  15.59023 16.11782 16.56026 16.71369 18.3786 18.86711 15.96995 15.61993 15.20085 15.05763 15.48952 17.30502 19.00656 18.69067 18.60724 17.18463 17.77691 16.03449 14.8329 13.62563 12.89573 13.40459 13.87813 
  15.49368 16.11782 16.56026 16.93122 17.95669 18.29676 15.76615 15.03652 14.64011 14.77622 15.12337 16.93643 19.12776 18.8497 18.53693 17.2506 17.85161 16.1909 15.16026 13.51316 12.60681 13.65902 13.87813 
  15.49368 16.02532 16.56026 17.14875 17.53478 17.38419 15.56234 14.4531 14.07937 14.07268 14.51313 15.83064 19.49136 19.32677 18.74787 17.05267 16.88039 16.03449 15.35667 13.56939 12.6646 13.91345 14.10322 
  15.39713 15.93282 16.56026 17.25752 17.21835 16.35755 14.74712 13.98636 13.65881 13.50986 13.65879 15.21632 18.58236 19.00872 18.46661 16.78875 16.80568 15.72166 15.09479 14.30048 12.37568 13.91345 14.04695 
  15.49368 15.93282 16.56026 17.36628 16.90192 15.21683 13.93189 13.40295 13.09807 12.66561 12.92649 14.60199 18.52176 19.27376 18.3963 16.39288 16.88039 14.9396 15.16026 13.73811 11.97119 13.81168 14.21577 
  15.39713 15.84031 16.46823 17.14875 16.48001 13.84798 13.32047 12.81953 11.97659 12.10279 12.4383 13.8648 17.61275 18.74368 17.4822 16.39288 16.50684 14.86139 15.09479 14.24424 11.91341 13.30282 14.27204 
  15.30058 15.74781 16.3762 16.49616 15.84715 13.27762 12.70905 12.11943 11.27566 11.68067 11.706 13.37334 17.00675 18.47864 17.27126 16.39288 16.73097 14.23574 14.24366 13.28821 11.04665 13.09928 13.31539 
  15.01092 15.47031 16.3762 15.62604 15.00333 12.93541 12.09763 11.65269 10.71492 11.11784 11.33986 13.25047 16.70374 18.05457 17.4822 16.26092 16.50684 14.00113 14.44008 13.68187 11.04665 13.81168 13.65303 
  14.52816 15.0078 16.19214 14.86469 14.15952 13.04948 12.30144 11.06927 10.71492 10.69572 11.46191 13.8648 17.30975 18.10758 17.55252 16.78875 16.9551 14.86139 14.96385 13.56939 10.81551 14.32054 14.77851 
  12.59714 14.08279 14.62763 14.42963 12.47189 11.7947 11.58812 9.202337 8.752325 9.570062 10.48552 12.63615 16.58254 17.04741 16.21654 14.87535 15.08736 12.98444 14.17819 13.45692 10.00513 14.06611 14.66596 
  7.704653 10.47523 10.48268 9.856729 7.68 6.739661 5.954344 5.537878 5.834013 6.559185 7.205922 8.600839 13.25823 13.93463 12.72452 11.53666 11.99212 10.30589 11.8867 10.98247 10.04312 12.18333 12.97775 
  6.668981 8.340242 8.804436 7.73295 5.479501 6.280113 5.794898 5.379927 6.261083 6.323552 7.359174 7.195281 7.765891 8.071002 8.456495 8.653247 9.046643 9.807556 9.846054 9.710029 9.947305 10.60665 11.21391 
  5.288085 6.101108 6.00737 6.013701 4.138659 4.296682 5.26341 5.537878 5.652448 6.103354 6.468243 6.923238 7.298293 8.071002 8.521162 8.014804 8.946797 9.371512 9.621396 9.850245 9.976645 9.843356 10.43014 
  4.506643 3.914046 4.049425 5.305775 4.266538 4.78658 4.997666 5.411517 5.762835 6.663911 7.604378 7.376643 7.230309 8.288174 8.133161 8.345243 8.747104 8.814301 9.602675 9.850245 9.976645 10.53363 10.22801 
  5.019577 4.382702 3.881601 4.142754 5.074146 4.499362 4.146348 5.316746 6.261083 5.803126 7.236573 6.923238 7.332285 7.853831 8.262494 8.501488 9.096567 9.278074 9.621396 10.22965 10.05261 10.48982 10.55389 
  4.827786 3.579572 2.551686 3.509629 3.554072 2.892732 5.316558 5.569468 5.715383 5.24886 6.421233 6.573036 6.607122 8.288174 7.877836 7.81287 8.374957 8.562891 9.037722 9.516632 9.631899 9.966359 10.6089 
  5.17301 3.637154 2.709218 3.602149 3.718487 5.016354 5.26341 5.632648 6.118727 5.918598 6.487047 6.765274 6.981034 7.998612 8.197827 8.653247 9.14649 9.122345 9.546511 9.470345 9.859284 10.29998 10.49889 
  4.203331 2.773425 1.921562 3.81032 3.371388 3.667325 4.701028 5.411517 6.166179 7.396995 7.359174 6.923238 6.845066 8.143393 7.632544 8.161666 9.246337 9.215782 10.08943 9.916228 9.785933 10.08936 10.65015 
  4.263993 1.967277 1.947817 2.954506 3.444462 4.901467 5.6886 5.822189 6.355988 6.768638 6.562263 7.013919 7.765891 7.781441 8.456495 8.60266 8.896873 9.589534 9.565232 10.38636 10.58438 10.29998 10.84953 
  9.507489 10.75273 10.31485 10.16013 9.648868 9.037404 9.72791 9.170748 7.945637 9.229702 10.39357 11.32127 12.89689 12.05247 8.58583 9.867316 11.04357 10.2436 10.42642 10.22965 10.27576 10.40221 10.13726 
  9.604041 11.77025 10.94644 10.51409 9.706776 8.060863 9.781059 9.075976 7.56602 9.255883 10.02576 11.04923 12.89689 12.05247 8.77983 9.867316 10.99365 10.36818 10.61364 9.982212 10.01463 9.904858 10.52639 
  5.748384 8.86097 8.636612 6.569929 6.000672 4.054622 6.007493 6.517173 6.854236 6.951908 7.144621 8.510158 9.283512 8.867297 8.456495 8.703833 9.14649 9.060053 9.958384 9.809004 9.507203 10.40221 10.67765 
  4.415649 5.892816 6.39896 6.620495 5.363685 5.705677 6.379535 6.675124 6.118727 7.31845 7.757629 8.147433 9.428047 8.722516 8.456495 8.60266 8.616625 8.943402 9.198654 9.78426 10.04786 10.50443 10.51952 
  5.057935 4.747212 4.329131 5.052944 5.247869 5.648233 7.920851 7.622828 6.355988 6.375915 6.807467 8.192774 9.717117 8.143393 8.327162 8.235096 8.536069 9.028907 9.92094 9.70178 9.778599 10.03811 10.12901 
  5.096293 3.966119 3.937542 3.972231 4.900422 5.188685 5.954344 5.727418 5.786561 6.218825 6.899418 6.923238 7.026357 7.644705 8.133161 8.703833 8.511283 8.698788 8.846613 9.932724 10.03362 10.32919 10.49202 
  4.324656 5.320014 4.608838 4.041621 4.284807 4.95891 4.838219 5.443107 6.308536 6.29737 6.807467 6.43847 7.838159 7.455378 8.650496 8.754419 9.595799 9.278074 9.490346 10.2214 9.573218 9.556348 10.09601 
  4.203331 5.111722 4.217249 4.19332 4.321343 4.224064 3.927837 4.585846 5.652448 6.323552 5.960532 7.14994 7.264301 8.143393 8.197827 8.198381 8.896873 9.153491 9.480288 10.22965 10.19505 10.12011 10.73265 
  4.942861 5.007577 3.713777 4.749547 3.773292 4.441918 3.709326 5.790599 6.379714 4.740784 6.383625 6.736438 6.754421 7.318642 7.724528 8.552074 8.399744 8.950197 9.460171 9.676065 10.10009 9.720352 9.881499 
  4.324656 3.378036 3.82566 4.294452 4.900422 5.188685 4.944517 4.325415 6.261083 6.480641 6.402429 7.603346 8.199497 7.550041 7.126627 8.450902 8.697181 9.184636 9.602675 9.874989 10.01463 10.27078 10.42326 
  5.633309 3.966119 3.937542 3.694669 3.791561 4.3693 4.23039 5.379927 6.569523 6.428277 6.552861 6.659543 7.404553 7.998612 7.57122 8.20756 8.49889 8.821095 9.509068 9.526918 10.14757 10.43141 10.12901 
  5.479876 3.694736 3.601894 4.547283 3.152168 3.764149 4.633794 5.089347 5.694405 6.103354 6.468243 6.457694 7.910427 8.288174 8.58583 8.198381 8.511283 8.984171 9.509068 9.899733 10.27101 10.21237 10.47827 
  5.479876 3.550781 3.365598 4.294452 4.552975 4.441918 4.838219 5.141433 5.211904 6.218825 6.838117 7.467325 6.856397 8.143393 8.068494 8.501488 8.797028 9.371512 9.92094 9.94922 9.829944 10.373 10.33526 
  6.47719 4.799285 3.937542 4.345018 4.842514 4.614249 5.476005 4.186518 4.960165 5.872409 6.746166 7.14994 7.298293 7.465896 6.957989 8.805005 8.946797 8.691993 8.846613 9.70178 10.29475 10.69427 10.36826 
  4.866144 3.8099 2.814238 4.041621 4.726698 4.296682 4.633794 5.285156 6.023822 6.375915 6.562263 6.717214 6.958373 7.571078 7.325928 8.400315 8.946797 8.787121 9.279121 9.965716 10.38496 10.34379 10.28576 
  5.096293 4.747212 3.769718 4.041621 4.784606 5.361015 4.838219 4.86364 5.337774 5.479805 6.054553 6.534589 7.476821 8.577735 8.456495 8.60266 8.896873 9.215782 9.40988 9.800756 10.09534 10.43141 10.75327 
  4.712711 4.538921 4.049425 3.324588 4.24827 4.175652 4.78507 5.002536 5.881465 6.690093 7.05267 6.486529 7.621356 8.505345 8.909164 8.855592 8.896873 8.997761 9.369646 9.624636 10.06685 10.24157 10.87015 
  3.657369 3.966119 4.161307 3.579019 4.95833 5.475903 5.210261 5.253566 5.857739 5.433616 6.746166 7.376643 7.910427 8.360564 8.650496 8.450902 8.697181 9.122345 9.827333 10.2544 10.57488 9.761353 10.65702 
  6.438831 5.528306 4.776662 4.648415 4.552975 4.901467 5.157112 4.672657 5.169948 6.663911 7.635028 7.331303 7.549088 7.623668 7.939159 8.501488 8.747104 9.184636 9.864776 9.624636 10.13807 10.47522 10.43014 ]
