 [
  3.592106 2.428927 3.259141 3.778484 4.072386 4.64099 5.310788 4.891442 6.248787 7.417517 7.004299 7.023037 7.194525 7.458893 7.863893 8.742655 9.100343 9.172406 9.637235 9.630975 10.29021 10.33463 10.22866 
  1.586353 2.661531 2.89783 3.522886 4.243963 4.817679 6.142261 4.949271 6.167311 6.220645 6.607067 6.971375 7.630549 7.716059 7.8956 8.256369 8.920754 9.534045 10.17826 10.00222 10.31006 10.44927 10.72754 
  2.270133 3.027052 3.123649 4.340799 3.557655 3.883747 4.596163 4.563744 5.05578 5.606278 6.660031 7.795641 7.386376 7.933661 7.832186 8.41359 9.3611 9.666287 9.612766 9.638873 9.970715 9.862586 9.92071 
  3.637691 2.063407 1.226765 4.085201 3.92532 4.590507 4.658304 5.527562 5.611546 5.957345 5.415369 6.661398 6.810824 6.766521 7.372427 8.824658 8.792651 8.821068 9.331374 9.883735 9.787138 9.923777 10.19681 
  4.92807 4.023926 3.033321 4.008522 3.949831 4.489541 5.031152 5.450457 6.796232 5.852025 6.474656 6.437526 6.810824 8.130803 8.473049 8.510918 8.152135 9.007071 9.673915 9.66257 9.92129 10.1598 10.26052 
  3.409765 2.827677 2.988157 4.008522 3.729232 3.479885 5.186505 5.853663 6.248787 6.396178 7.004299 7.411762 7.980485 7.933661 8.069991 8.473484 9.006157 9.317075 9.655575 9.496696 9.977776 9.810137 10.15433 
  4.786651 3.824551 2.67201 3.574005 4.047875 4.666231 4.720446 4.621572 6.00596 6.150432 5.997976 7.109142 6.810824 7.775405 8.51604 8.660652 8.849586 9.027738 8.854231 10.11595 10.14723 10.14232 10.303 
  5.281619 4.023926 3.620452 3.01169 4.243963 4.767197 5.062222 5.469733 6.059743 7.044088 6.660031 7.040258 7.560785 8.425497 8.559031 9.070667 8.821118 9.182739 9.612766 9.867937 10.74691 10.87042 10.99469 
  4.275886 2.993823 2.581682 4.034081 4.440051 5.181222 4.658304 5.489009 5.629474 6.080218 6.607067 7.005816 7.630549 7.518239 8.069991 8.660652 8.863819 8.707399 9.355843 9.899532 10.14723 10.22973 10.16495 
  4.715941 3.326114 2.807502 2.704972 3.337056 4.161403 5.186505 5.334798 5.521906 6.483945 6.660031 7.178025 7.682872 8.425497 7.911454 8.906661 9.063091 9.649757 9.576062 10.07045 10.07662 10.29092 10.8802 
  3.500936 3.159968 2.536518 3.471766 3.998853 4.009954 4.751516 5.411904 5.82668 6.220645 7.217379 6.988595 7.980485 7.795187 8.387066 9.029666 8.878054 9.451393 9.441483 9.583582 9.773016 10.01993 10.37733 
  4.321471 3.691635 3.078485 3.957402 4.675221 4.99437 4.440809 5.853663 6.203166 6.010005 6.633549 7.26413 7.299171 7.261072 8.02243 8.783657 8.507977 9.255074 9.527124 9.994318 9.864805 10.36085 10.48352 
  4.92807 5.058856 6.603696 7.622519 7.935061 7.242506 6.746969 6.922081 6.65937 7.650909 7.485256 7.555717 7.810421 9.948082 10.45065 10.50572 9.882615 9.782 9.417015 10.0932 10.4292 10.64277 10.56847 
  7.827167 7.761743 8.646129 9.901492 9.609034 8.101374 7.2005 8.271661 8.301705 9.051267 8.342462 8.323476 9.128422 12.15829 12.47125 12.47379 11.48441 11.48462 10.04071 11.07127 10.90577 11.10944 11.19824 
  5.352328 5.83111 7.580512 7.257884 5.380052 6.04009 4.813657 6.697151 6.167311 6.670659 7.217379 7.023037 7.852937 9.309578 9.160912 9.43968 9.398352 9.500984 9.563828 10.0932 9.801259 10.23847 10.57909 
  4.92807 3.957468 5.182873 4.887753 4.538095 4.842921 5.764319 5.797431 5.880464 6.325965 6.76596 6.592515 8.278098 8.671075 8.81698 8.293802 8.878054 9.368742 9.811464 10.27517 10.32992 10.8818 10.72754 
  4.857361 3.990697 5.538078 4.523117 3.018413 4.060437 4.47188 5.778154 6.059743 5.360531 6.660031 6.833607 6.56665 8.179918 7.832186 8.181501 8.764184 9.017404 9.783955 10.0932 10.08368 10.38098 10.74027 
  4.184715 4.865793 5.360476 3.446206 4.121408 5.610656 5.279717 7.090778 6.476889 7.370838 6.633549 7.411762 7.810421 7.953444 8.228529 8.203961 8.422575 8.883068 9.811464 9.741557 9.857744 10.22973 10.37733 
  5.705876 7.375616 6.337291 5.434706 4.219452 5.438882 5.68873 6.303524 6.00596 7.184124 7.163804 7.651687 7.767905 8.376381 8.307797 8.988664 9.063091 8.769401 10.31581 10.25242 10.06956 10.01119 10.82932 
  8.392843 10.27157 8.11332 5.890501 5.556259 5.868317 6.595792 6.640918 7.069954 6.997409 7.163804 6.954154 7.682872 8.62196 8.688005 8.86566 9.435602 9.418333 9.866484 10.16144 10.14017 9.976226 11.02014 
  12.28188 14.80855 13.70781 9.445698 8.992308 9.990884 9.392565 7.821801 7.66302 8.211052 8.074585 7.555717 8.15055 9.064 7.943161 8.563325 9.584606 9.682817 9.747274 10.00222 10.60792 10.58586 10.60033 
  13.9657 16.25653 14.77343 13.27437 12.69267 12.56749 12.34051 10.57719 9.807179 10.40495 9.842572 9.091234 10.74404 10.88128 9.676807 8.630705 9.584606 9.848121 9.939843 9.962723 11.16391 10.63139 11.21096 
  14.33565 16.35306 14.32942 14.36828 13.66181 12.82515 12.11375 10.29603 9.852799 10.26491 10.32475 10.00295 11.25423 11.81448 10.83758 8.45851 9.957118 10.19526 9.939843 10.84381 11.16391 10.43789 11.38906 
  14.54118 16.44959 14.59583 14.82407 14.10233 13.34047 12.4161 10.68966 9.761559 11.05845 10.8605 10.96264 11.89197 12.15829 10.96655 8.48097 9.845365 10.36056 10.49921 11.50344 12.03762 11.15497 11.73253 
  14.66449 16.57137 14.95103 15.37103 14.45474 14.11345 13.32316 10.46473 10.12652 11.57191 11.07481 11.49048 12.57223 13.72999 12.2133 8.783657 9.69636 10.06301 10.18743 11.32148 11.91848 11.30294 11.51627 
  14.78781 16.68075 15.39504 15.82682 14.80716 14.62877 13.85228 11.02705 11.13017 11.89866 11.23553 11.58645 12.82733 14.37087 12.77219 9.275675 9.845365 9.980363 10.20577 10.84381 11.30291 10.92733 11.32545 
  14.84947 16.80696 15.66547 16.16637 15.07147 15.05821 14.45699 12.4891 11.95134 11.94534 11.18196 11.53846 12.91236 14.57686 13.15911 9.029666 9.621858 9.567105 9.453718 10.57086 11.73976 11.23465 11.27456 
  14.84947 16.93318 15.84709 16.42843 14.98337 15.22998 14.83493 12.71403 11.67762 11.75863 11.77129 11.44249 13.03991 14.57686 13.46005 8.906661 9.882615 10.39362 9.683084 11.02578 11.60076 10.92733 11.18551 
  14.80836 16.99207 15.95607 16.69049 14.36664 15.05821 14.83493 11.13952 11.22141 12.0387 11.39626 11.44249 13.12494 14.37087 13.80398 9.316676 10.40413 9.980363 9.985693 10.36615 10.44906 10.3696 10.72754 
  14.7056 17.02573 16.06504 17.05737 13.92612 15.05821 14.98611 10.35226 10.81083 11.66527 11.44983 11.15458 13.24224 14.12291 13.76099 9.521684 10.36688 10.02995 10.14158 10.86656 10.78663 10.89318 10.46228 
  14.56173 16.99207 16.35564 17.84354 14.45474 14.97232 15.05194 10.91459 10.81083 11.47855 11.50341 11.20257 13.08242 13.7791 13.41706 10.54672 10.62764 10.47627 9.392546 11.61717 11.10434 10.85903 10.98197 
  14.39731 16.95842 16.71889 18.89177 15.8644 14.88643 15.24943 11.42068 11.08455 11.71195 11.50341 11.25056 12.65726 13.63175 13.11612 11.69476 10.92565 11.28626 10.29747 11.38971 11.1242 10.96147 11.33817 
  14.33565 16.89111 16.90052 19.31106 16.89242 16.08885 15.97355 12.1517 11.54076 12.13205 11.61056 11.63443 12.78481 13.82822 13.28809 13.04781 12.15493 11.31932 10.63676 12.79995 12.01776 11.31433 11.24912 
  14.25344 16.86586 16.50094 18.31524 17.1606 17.1772 16.7635 12.09547 12.04258 12.4588 11.87844 11.68242 12.78481 13.97556 13.63202 13.90884 12.97446 11.40197 10.54506 13.19519 12.75247 11.82653 11.56716 
  14.19178 16.84904 15.99239 17.58148 17.74165 17.81207 17.29014 13.52444 12.60272 12.68887 12.19989 12.01831 12.69978 13.92645 13.718 14.94895 14.10727 11.08789 11.03961 13.94587 13.52279 12.51785 12.03785 
  14.15068 16.82379 15.77444 17.2146 18.27801 18.4016 17.8826 15.11219 13.44293 12.91894 12.46777 12.40219 12.86984 14.0738 14.13928 15.72903 14.82498 11.46809 10.89672 13.66437 13.35772 12.51785 12.16506 
  14.10957 16.78172 15.62914 17.00496 18.68028 18.85508 18.47507 16.3824 14.1431 13.26405 12.94994 12.6901 12.82733 14.31937 14.72101 16.4441 15.48748 11.08789 10.09573 14.07099 14.18306 13.43961 11.99968 
  14.04791 16.73965 15.48384 16.7429 18.63558 18.94578 19.06753 17.33505 14.84328 13.72419 13.43212 13.07398 12.91236 14.78286 15.09499 17.09416 15.98435 11.12095 10.49004 14.88423 15.0084 13.95811 12.73683 
  14.02736 16.67234 15.30624 16.42843 18.3674 18.71904 19.13336 17.97015 15.40342 14.06929 13.96788 13.45786 13.18359 14.98885 15.46896 17.09416 16.09477 11.68452 10.59091 14.69656 15.33854 14.53421 12.39805 
  13.98625 16.60502 15.21744 16.21878 18.00983 18.3109 18.80421 18.9228 16.5237 14.64447 14.42285 13.83769 13.47682 15.40084 15.80138 17.28918 16.37081 11.7345 10.70095 14.79039 15.94379 14.53421 12.99091 
  13.9246 16.54612 15.12863 16.11396 17.74165 17.90277 18.5409 19.66375 17.64398 15.21964 14.78684 14.29348 13.65277 15.96731 16.05069 17.67922 16.64685 12.03436 10.49921 14.22738 15.83374 15.34075 13.7955 
  13.88349 16.54612 15.03983 16.00914 17.51817 17.49464 18.14592 19.45205 18.48418 15.44971 15.05982 14.59734 13.946 16.17331 16.09224 17.67922 16.64685 13.23378 11.66829 13.7582 15.83374 15.45597 14.13427 
  13.82183 16.44959 14.95103 16.00914 17.24999 17.22255 17.75094 19.24035 19.46443 15.79482 15.42381 14.82524 14.29788 16.4823 16.25845 17.4192 16.64685 14.33326 12.43987 14.03971 15.11844 14.99509 14.30366 
  13.76017 16.44959 14.95103 15.91798 17.07121 17.04116 17.48763 19.24035 20.1646 16.25496 15.6968 14.97717 14.47382 16.53379 16.25845 17.4192 16.59164 14.28328 12.09695 14.1961 15.06342 14.18855 14.30366 
  13.69852 16.35306 14.95103 16.00914 16.93712 16.90511 17.22431 19.24035 20.86478 17.29027 16.33377 15.43296 14.943 16.68829 16.50777 17.54921 16.64685 14.0334 12.61133 14.44633 15.55863 14.07333 14.21896 
  13.63686 16.35306 14.95103 16.00914 16.84772 16.81442 16.96099 19.02865 20.72474 17.98048 16.60675 15.66086 15.23624 16.53379 16.46622 17.87424 16.9781 13.93345 12.35414 14.47761 15.88876 14.24616 14.47304 
  13.55465 16.35306 14.95103 16.00914 16.84772 16.81442 16.69767 18.4994 19.88453 18.55566 16.87974 16.04068 15.82271 16.73979 16.38311 17.80923 17.08852 13.93345 12.58275 14.50888 15.94379 14.59182 14.68478 
  13.48394 16.35306 14.95103 16.06155 16.84772 16.90511 16.36853 18.18185 19.32439 19.24586 17.15273 16.26858 15.94 17.04878 16.25845 18.00425 17.30935 13.68357 12.32556 14.35249 16.2189 14.93748 14.04958 
  13.41323 16.35306 14.95103 16.06155 16.84772 16.95046 16.10521 17.8643 18.90429 19.70601 17.6987 16.57244 16.17459 17.56376 16.13379 17.80923 17.19893 13.48366 12.21125 14.41505 16.10885 14.70704 13.7955 
  13.27181 16.35306 14.95103 16.11396 16.89242 17.08651 15.77606 17.6526 18.34415 19.59097 18.33567 16.8763 16.23324 17.56376 16.13379 17.54921 16.9781 13.33374 11.83976 14.13354 15.83374 14.41899 12.69448 
  13.2011 16.35306 15.03983 16.11396 16.98182 17.2679 15.57857 17.33505 17.64398 18.78572 18.88165 17.02823 16.35053 17.20327 16.17535 16.96415 16.59164 13.88347 11.69687 13.50797 15.39356 14.30377 14.00723 
  13.05968 16.35306 15.03983 16.11396 17.02651 17.49464 15.24943 17.12335 17.08384 18.21055 19.42762 17.25613 16.40918 16.84278 15.88448 16.63912 16.92289 14.13335 11.15391 13.66437 14.89835 13.9005 13.96488 
  12.91826 16.44959 15.21744 16.16637 17.1159 17.76673 15.31526 16.8058 16.66373 17.52034 19.70061 17.93982 16.81971 16.73979 15.46896 16.76913 17.30935 14.63311 11.83976 13.22647 14.45817 14.07333 14.346 
  12.70613 16.44959 15.39504 16.16637 17.07121 17.94812 15.24943 16.48825 16.38366 16.83013 19.15464 18.16771 16.76106 16.3793 15.63517 16.24908 16.9781 14.13335 10.67344 13.41414 14.62324 14.36138 14.89651 
  12.56471 16.35306 15.48384 16.11396 16.89242 17.99347 14.98611 16.06485 15.96356 16.25496 18.69966 18.24368 16.52647 15.24634 16.3 15.98905 16.9781 13.68357 10.81099 13.10135 13.85292 13.55483 14.00723 
  12.42329 16.35306 15.48384 16.00914 16.62424 17.81207 14.45699 15.64145 15.54345 15.79482 18.06269 18.09175 16.29189 15.45233 16.50777 15.72903 17.08852 14.43321 11.35395 13.10135 13.7979 13.61244 14.346 
  12.21117 16.35306 15.62914 15.91798 15.99849 17.2679 14.30581 14.90049 14.98331 15.33468 17.33472 17.48403 15.70541 15.34934 16.17535 15.14397 16.42602 14.33326 11.26822 13.50797 13.7979 13.03634 14.47304 
  11.92833 16.35306 15.81077 15.91798 15.51199 16.45163 14.15464 14.05369 14.28314 14.7595 16.33377 16.64841 15.11894 14.67986 15.3443 14.68892 15.92914 14.63311 11.06818 13.16391 13.41274 12.86351 13.66846 
  11.64549 16.35306 15.95607 15.73566 15.42388 15.31587 13.47434 12.88272 13.30289 13.95426 15.33281 15.81279 14.35653 13.87733 14.30549 13.90884 15.21144 14.43321 10.6551 12.91368 12.86251 12.05697 13.32968 
  11.36265 16.73124 16.64624 14.82407 14.54285 13.59813 12.56728 10.97082 11.54076 12.36545 14.33186 14.44541 13.12494 12.64944 12.7292 11.77677 13.83123 13.08385 10.50838 10.9348 11.54119 11.47368 11.74525 
  10.72626 16.97525 17.00949 15.09755 15.51199 13.1687 12.56728 11.08328 8.75791 11.05845 13.96788 14.29348 13.47682 12.55121 12.29928 9.562685 12.08043 11.58457 10.71929 11.34422 11.2632 11.01839 11.93608 
  10.08988 17.02573 17.26377 14.91523 15.60009 13.1687 12.86963 11.81431 9.487837 8.911231 14.05887 13.91365 13.53547 12.69856 10.49364 9.68569 11.89417 11.26973 10.48087 10.79832 10.46892 11.04115 12.1905 
  9.312069 17.05098 17.37274 14.5506 15.33578 12.99692 12.86963 12.03924 9.442216 8.771195 14.05887 13.60979 13.41818 12.8459 10.27869 9.43968 11.22365 10.39362 10.40751 11.185 11.10434 11.28018 12.22867 
  8.039295 17.0678 17.55437 14.00364 14.98337 12.73926 12.94522 12.65779 10.21776 9.704767 14.33186 13.68576 12.91236 12.8459 11.52544 9.275675 10.85114 10.14567 10.83957 11.61717 11.64048 11.48506 12.31336 
  7.544328 17.07622 17.77232 13.63901 14.63095 12.4816 12.86963 12.99519 10.94769 10.54498 13.4857 13.31391 12.99739 13.18971 11.35347 9.193671 10.70214 11.05483 10.40751 11.00303 11.56105 11.51921 12.20322 
  7.332199 17.00049 17.73599 13.36553 14.01422 12.13805 12.71846 12.99519 11.03893 10.40495 12.84279 12.64212 12.4872 12.79679 10.83758 9.357677 10.73939 10.36056 11.09676 11.95836 11.40219 11.21188 12.60979 
  7.756456 16.84904 17.59069 13.09205 13.30939 11.27919 11.88698 12.65779 10.76521 10.0782 11.77129 11.92234 11.08417 11.61801 10.62262 9.849695 11.07465 10.14567 10.83957 11.89012 11.52134 11.79238 12.22867 
  7.332199 16.58819 17.37274 12.90974 12.95698 10.07677 10.14845 11.53314 10.03528 11.52523 11.82486 9.667053 10.87158 11.07774 9.418859 9.480682 10.70214 10.01342 10.68261 11.50344 11.30291 11.22327 11.73253 
  8.110004 15.8704 16.57359 12.18046 11.72353 9.217902 9.090211 9.84617 8.392946 10.7317 11.34268 9.715037 11.08417 11.47067 9.246894 9.275675 10.14337 10.11261 11.69687 12.34504 10.72706 11.51921 12.35571 
  8.039295 14.42243 14.95103 10.63076 10.31386 7.757827 7.729619 8.327893 7.389297 10.96509 11.93201 10.62675 10.9141 11.12686 9.332876 9.644688 10.32963 10.47627 11.06818 11.4807 10.23063 10.79074 11.65621 
  7.19078 12.39526 13.3526 9.719174 9.785242 9.303789 9.014622 8.609056 7.343677 10.4983 12.73564 12.40219 11.12668 11.5689 11.56843 12.35079 13.12346 11.40197 10.98245 11.93561 10.4292 10.6883 11.13463 
  6.130135 9.499313 10.51096 8.534109 8.287477 8.101374 7.729619 8.271661 8.666669 10.40495 11.66413 11.53846 10.78655 12.45298 13.80398 12.02277 12.34119 11.13748 11.12533 12.25405 11.04477 11.18912 11.17279 
  3.683277 7.472148 8.468526 7.166725 6.965919 8.359035 8.863445 7.934266 9.122873 10.31159 11.87844 11.39451 10.659 12.8459 14.72101 12.55579 12.34119 11.7345 10.89672 12.04934 11.32277 10.76798 11.09647 
  5.210909 6.98949 8.468526 6.710931 8.199373 8.616694 8.787857 9.17138 9.579077 10.03152 12.19989 12.54615 10.36139 12.15829 13.88997 12.43279 12.41569 11.48462 10.36166 11.4352 10.74691 10.91595 10.84204 
  4.275886 5.058856 6.337291 6.255136 7.582646 8.874355 8.485503 8.440358 9.396595 9.518053 10.96766 11.05861 9.5961 11.02863 12.55723 11.85877 12.93721 11.98438 10.07739 11.32148 10.58806 10.29966 10.89292 
  5.069489 4.67273 6.781299 6.528613 7.846958 8.788468 7.956384 7.990498 7.845501 8.677838 10.6462 10.09892 9.553583 10.48835 12.60022 11.24375 12.00593 10.93912 9.949014 11.11676 10.36963 10.28218 11.21096 
  3.683277 4.090384 5.893284 6.072818 6.877816 8.444921 8.787857 7.259476 6.65937 9.61141 11.02123 10.33884 9.170938 9.604272 11.78339 10.71073 10.73939 9.748939 9.903164 10.3889 10.66749 10.71106 10.09062 
  2.6804 5.348452 7.314107 6.255136 4.851429 7.328392 7.427265 6.922081 7.115575 8.584481 9.896147 9.139219 8.023002 8.867537 10.62262 9.9727 10.29238 10.17873 9.527124 10.32066 10.14017 10.80212 10.77843 
  4.2303 5.155388 7.580512 6.619772 6.701609 6.641298 7.351676 7.990498 6.887473 7.464195 9.306818 8.611385 7.229407 8.327266 9.418859 9.316676 9.435602 9.79853 9.701425 10.45713 10.40935 10.29092 10.43043 
  4.645232 5.058856 7.49171 6.80209 4.939532 5.868317 6.67138 6.697151 6.978714 7.510874 8.771065 8.75534 7.403817 7.676495 8.645014 8.742655 8.878054 8.934736 9.392546 9.709962 9.758895 9.958743 10.44104 
  4.99878 4.479667 6.514894 6.072818 5.468155 5.696543 6.444615 6.134826 6.248787 6.997409 8.074585 7.555717 7.159643 7.458893 7.594379 8.600759 9.398352 9.286074 9.637235 9.528291 10.48877 10.16854 10.82932 
  3.637691 4.190072 6.070887 5.161229 4.587117 5.352995 4.906869 5.739602 6.704991 7.137445 7.645982 7.143583 7.386376 7.795187 8.196821 8.398617 8.878054 8.976069 10.13241 10.50262 10.40935 10.54033 10.86748 
  4.321471 4.962325 3.755944 4.523117 5.82057 5.095335 5.279717 6.022361 5.790824 6.361072 6.818924 6.213655 6.56665 7.834751 8.212675 8.578299 8.621847 9.069071 9.625 9.78895 10.27035 10.18602 10.06938 
  4.2303 4.286603 4.117255 3.625125 3.851787 4.792438 5.839907 6.191059 5.593617 5.922238 6.76596 7.229688 8.065517 8.27815 8.645014 8.510918 9.137593 9.224073 9.655575 9.66257 10.21078 10.59724 10.77843 
  4.857361 4.479667 4.294858 2.909451 3.753743 5.267108 5.461965 5.508286 6.61375 6.448838 7.270954 6.88527 7.682872 7.696277 8.559031 8.615732 9.435602 9.484454 10.1049 10.04771 9.92835 10.52895 10.8166 
  4.412642 3.924238 3.71078 3.855163 3.998853 3.984713 3.322265 5.797431 6.933093 6.764016 7.110228 7.507732 8.023002 7.973226 8.430058 8.615732 8.849586 9.467924 9.551594 9.694164 10.15429 10.56309 10.32423 
  4.503812 5.25192 3.665616 2.730532 4.194941 4.211885 4.720446 4.79506 6.203166 6.308412 6.342245 6.50641 7.473581 8.130803 8.27609 8.630705 9.3611 9.337742 9.478187 9.931128 10.13311 10.48342 10.65122 
  6.059425 3.957468 3.665616 4.340799 5.908674 4.842921 4.192244 5.508286 6.095599 6.220645 6.607067 6.816386 7.767905 8.032572 8.307797 8.630705 8.806885 9.286074 9.884824 9.962723 10.21078 10.39236 10.45166 
  4.367056 4.190072 3.48496 4.136321 5.203844 4.540024 5.537553 4.640849 5.898392 6.132878 6.342245 7.315793 7.810421 7.458893 7.863893 8.45851 8.863819 9.500984 9.802294 9.781051 10.21078 10.2647 10.41981 
  4.2303 3.326114 2.536518 4.110761 4.763325 4.237127 4.813657 5.469733 5.970104 6.325965 7.485256 7.843626 7.264289 7.14238 7.943161 8.742655 8.835352 9.467924 9.719765 9.891634 10.27035 10.38098 10.66394 
  4.503812 2.993823 2.401026 3.139489 3.361567 4.489541 4.751516 4.987823 6.059743 6.325965 6.368727 7.126363 7.64799 7.359982 7.546818 8.495944 9.174845 8.852068 9.037747 9.765253 10.11899 10.39236 10.18619 
  2.58923 2.860906 4.072091 3.267288 3.655699 4.666231 5.031152 5.257693 5.844608 6.097772 6.368727 6.781944 7.578227 7.577585 8.069991 8.824658 8.963455 8.914069 9.502656 10.0932 10.04838 10.85903 10.60033 
  2.953912 3.09351 1.542912 3.088369 3.778254 4.918645 5.461965 5.739602 5.862536 6.115325 7.378105 7.459747 7.595667 7.854533 8.27609 8.533378 8.465276 9.337742 9.392546 9.702064 10.38949 10.22099 10.55785 
  3.683277 3.326114 2.988157 3.139489 4.219452 4.691473 5.155435 5.681773 5.163348 6.080218 6.76596 6.988595 7.560785 6.84565 8.430058 8.86566 8.436809 8.883068 9.270202 10.13869 10.29021 10.52895 10.62577 
  5.140199 3.957468 3.801108 4.26412 4.851429 5.610656 5.310788 5.585391 5.629474 6.396178 6.951335 7.363778 7.316612 7.577585 8.101699 8.510918 8.792651 9.234406 9.514891 9.709962 9.949533 10.07238 10.51538 ]
