 [
  4.428989 3.577978 4.956439 5.72136 5.113302 5.750015 5.313973 6.234645 6.194877 6.344053 6.965875 7.083604 7.47787 7.436431 8.178151 8.21906 8.966887 9.155619 9.538254 9.696547 10.23135 10.72201 10.671 
  4.928723 3.414853 4.666481 5.334568 4.622632 4.971395 4.427029 5.233345 6.194877 6.344053 6.834136 7.031843 6.966613 7.305023 7.644484 9.002025 8.790236 8.839616 9.87676 9.829699 10.11918 10.30495 10.39268 
  5.428457 4.06735 4.376522 5.434847 5.889484 4.999203 5.22814 5.548569 6.683577 6.687884 6.373054 6.669522 6.953159 7.781379 8.654612 8.905368 8.650776 9.251794 9.307727 9.253533 10.05552 10.26569 10.58042 
  5.086534 3.306104 4.210832 5.434847 5.566228 5.360705 5.600084 6.141932 6.227022 6.121574 5.692408 7.445925 7.85785 7.912787 8.231518 8.420967 9.249604 9.600734 9.637052 9.897025 10.14322 10.2971 10.561 
  5.428457 3.958601 3.71376 5.735685 5.5851 5.638783 5.48564 5.363143 5.776988 6.857426 7.286854 7.783923 7.733498 8.069876 8.324909 8.458358 8.976185 9.375447 10.10435 10.06534 10.58389 10.06155 10.50921 
  4.218575 3.632352 4.335099 5.162661 6.066633 4.860164 5.714528 6.160474 6.259167 6.384503 6.878049 6.893816 7.54514 7.814231 8.602205 8.495749 8.399746 8.798398 9.291261 9.648394 10.02383 10.47562 10.63074 
  4.350083 3.741102 4.997861 5.62108 5.830435 4.248391 4.655918 5.400228 6.050223 6.445179 8.23306 7.697033 8.03236 8.557099 8.602205 8.760383 8.734452 9.114401 9.709856 9.667655 10.31948 10.36885 10.81191 
  4.849818 4.339224 4.335099 5.162661 4.773607 4.971395 5.313973 5.715452 5.696624 6.344053 6.680442 7.307898 7.85785 7.781379 8.759425 8.458358 8.920401 9.758434 9.816068 9.953131 10.07137 10.21073 10.5351 
  4.402687 3.849851 4.459367 5.506475 4.924582 4.276198 6.172306 5.993591 5.712697 6.020447 6.856093 7.610144 8.03236 7.305023 7.817925 8.615397 8.557802 9.279272 9.891932 9.696547 10.26741 10.36063 10.48331 
  4.402687 4.991721 5.536355 5.664057 5.056686 4.860164 6.258139 6.382986 6.441057 6.74856 6.39501 7.221631 7.800768 7.764953 8.324909 8.857039 9.478948 9.375447 9.571186 9.981184 9.889122 10.14007 10.26319 
  5.90189 5.807342 5.826314 5.162661 6.42093 6.749249 8.424105 8.034035 6.380427 6.627208 7.286854 7.653589 7.518232 7.255744 7.591117 8.226538 9.50443 9.397976 9.398291 10.02046 10.05552 10.4017 10.73139 
  4.376385 5.426719 6.364808 5.678383 5.736075 7.550532 9.245677 7.735153 6.986726 7.075158 7.097612 7.290645 7.787314 7.551414 7.871292 8.48827 8.911103 8.784658 9.709856 9.763962 9.86535 10.55775 10.16608 
  5.90189 5.916091 5.743469 5.764337 5.717203 7.470404 7.453155 6.539624 6.194877 6.242926 7.286854 7.480432 7.558594 8.294748 8.549798 8.196626 8.697263 8.633527 9.579419 10.21683 10.16325 10.63166 10.68107 
  5.244345 5.644217 6.441503 5.85029 5.792691 6.508864 6.780958 6.659176 6.018077 6.263151 7.097612 7.428672 8.163242 8.519621 8.916646 8.45088 9.096709 9.224316 9.373591 10.22805 10.22334 10.20288 10.51568 
  5.349552 6.87034 7.515226 6.385949 6.539029 7.390275 6.556893 6.308815 5.857351 7.29289 7.239543 7.497685 7.437507 7.863509 8.271543 8.570529 8.99478 9.114401 9.620585 9.773593 10.39961 10.4674 10.39915 
  4.928723 7.038846 6.824975 6.156112 7.011425 6.909506 6.200917 7.077612 6.804836 6.911859 6.878049 7.740478 7.814222 7.879935 8.271543 8.391055 9.122192 9.196836 10.3016 10.29538 10.1953 10.72201 10.74145 
  5.16544 7.123099 7.515226 6.998847 7.129524 7.230019 6.172306 6.216102 6.683577 6.667659 6.482835 7.783923 8.03236 7.452857 7.844609 8.712054 8.502017 8.977009 9.274795 9.919468 10.48374 10.35242 10.51568 
  5.349552 8.723905 8.512255 6.998847 7.66097 7.149891 6.556893 6.123389 6.441057 6.802993 6.548704 7.914257 8.20687 8.632057 8.759425 9.098681 8.892509 8.894573 9.861587 9.763962 10.4597 10.45098 10.80184 
  6.051785 10.32471 10.27623 6.845622 7.129524 7.069762 6.556893 6.420071 6.162731 6.911859 6.856093 7.394165 7.901477 8.107354 8.418301 8.406012 9.020262 9.803492 10.02849 10.2561 10.17126 10.33636 10.32793 
  8.150314 12.51529 12.1169 8.301254 8.192416 6.348607 6.631581 5.808165 6.243094 7.29289 7.334164 7.463179 7.612411 8.069876 8.444984 8.592963 9.249604 9.645791 10.14987 9.857752 10.31147 10.28925 10.55453 
  12.04758 15.46414 14.80121 11.59558 10.73155 8.992843 7.378466 7.256941 7.835545 7.347322 7.097612 7.870812 7.54514 8.21979 8.654612 8.615397 9.351535 9.600734 9.907105 9.686916 10.27942 10.77129 10.66094 
  13.92127 17.40195 16.48072 15.57941 14.66146 13.23965 11.26227 9.887106 9.230032 8.871446 7.665336 8.088037 8.55589 8.21979 9.073866 9.388652 9.580877 9.14188 9.55472 9.706178 9.588015 10.08511 10.86223 
  14.97054 17.61617 16.10501 16.63738 16.01899 14.92234 12.53197 11.44129 10.07885 10.34114 9.179266 8.739708 9.42844 9.643984 10.38404 10.69352 9.377017 10.09636 9.967797 9.824088 10.60793 10.96019 11.20442 
  15.34527 17.5857 16.10501 15.94598 16.35838 15.32298 13.27885 11.74018 10.92767 10.9399 10.12547 10.34716 11.60981 11.70531 11.90383 10.79018 9.377017 10.27659 9.922278 10.08217 10.20331 11.13266 10.92262 
  15.49517 17.75327 16.21161 15.88586 16.69776 15.72362 13.57761 12.45749 11.47334 11.53866 10.50395 10.73817 11.7407 11.78027 12.74234 11.46677 9.275087 10.07383 9.87676 10.20561 10.65915 11.26407 11.295 
  15.61492 17.69234 15.26137 14.81329 17.03714 15.88388 13.50292 12.33794 11.23082 11.53866 10.88244 11.47673 11.91521 11.85523 13.58085 12.43334 10.29439 10.32165 10.27126 10.49175 9.936665 11.54205 11.56674 
  15.7247 17.73042 15.33807 15.04313 17.71591 16.4672 14.10043 12.93571 11.77649 11.97412 10.88244 11.43328 12.48236 12.15506 13.73807 13.25492 10.75307 10.68211 10.10435 10.34026 10.72745 11.39548 11.21449 
  15.82449 17.82183 15.41476 15.11974 18.14013 17.10659 14.47387 13.23459 11.77649 11.75639 10.83513 11.65051 12.52599 12.23002 14.36695 13.88319 10.49825 11.31291 10.77197 10.40759 10.51578 11.78633 12.12145 
  15.93427 17.88277 15.64485 15.65602 18.73405 17.92866 15.81826 14.07146 13.35287 13.28052 12.44368 12.95385 13.75761 12.84898 15.72281 14.80143 11.41562 12.12394 11.63683 10.26171 11.05186 11.24764 11.86868 
  15.93427 17.88277 15.72154 15.88586 18.05529 17.74598 16.85266 14.65044 14.09218 13.71598 12.77485 13.12763 13.78753 12.84898 16.37397 15.43894 11.74689 12.25911 12.08405 10.43564 10.36355 11.83519 11.91923 
  15.91431 17.84468 15.95162 16.12635 16.27353 18.24835 18.01637 15.22943 14.52649 14.06638 13.10602 13.46212 13.99698 12.96254 16.65885 15.95692 11.97623 12.7063 12.77521 11.00546 10.23536 11.39548 12.42477 
  15.90433 17.898 15.95162 16.24659 15.25538 19.07042 19.18007 16.09791 14.52649 14.06638 13.15333 13.5099 13.84737 12.7922 16.17048 15.63817 11.54303 12.25911 12.16536 10.68101 10.60793 12.71461 13.94139 
  15.97418 17.93609 16.21161 16.45701 14.49177 19.16176 19.37402 17.15939 14.81604 14.3467 13.37527 13.55768 13.81745 12.96254 16.45536 16.07645 12.57556 13.15349 12.93783 10.57286 10.72745 13.10547 14.54804 
  15.98416 17.96655 16.18171 16.51714 13.72816 17.88299 18.27497 17.83488 14.38172 13.85614 13.22731 13.12763 13.1804 12.56733 15.15306 14.80143 11.18628 11.8536 12.16536 10.07095 10.625 13.64289 14.69971 
  16.00412 18.01226 16.27141 16.66744 13.72816 17.7003 19.24472 19.37884 15.46751 14.69711 13.96712 13.60547 13.81745 13.30322 15.68212 15.59832 12.97433 13.37709 13.83227 11.16768 11.08601 13.83832 14.64915 
  16.064 18.02749 16.48072 16.87786 13.38877 17.60896 19.89122 20.15083 15.97421 14.90735 14.26305 13.89217 13.81745 13.53034 16.49606 16.67412 13.3731 13.37709 13.91358 11.22176 10.67622 14.47346 15.05358 
  16.10392 18.05034 16.54053 16.96805 13.38877 17.33494 19.37402 19.47534 16.84283 15.18767 14.85489 14.17887 14.05683 13.53034 16.57745 17.03272 13.5326 12.9858 13.46636 10.92435 10.11517 14.13146 14.5986 
  16.12387 18.01226 16.71994 17.17847 13.09353 17.10659 18.53357 18.60686 17.27715 14.76719 14.70693 14.13109 13.78753 13.81424 16.61815 16.75381 14.17064 13.48888 14.19818 11.35695 10.86404 14.03375 14.14361 
  16.08396 17.89038 16.92925 17.32878 12.85733 17.2436 18.08102 18.99285 18.58009 15.18767 15.15082 14.75228 14.14659 13.81424 16.98442 16.23583 13.93137 12.9858 14.07621 11.27583 11.34212 14.32689 14.24472 
  16.02408 17.80659 16.92925 17.3889 12.73923 16.92391 17.36987 18.70336 18.43532 15.32783 15.15082 15.03898 14.26628 14.04136 17.47279 16.19599 13.61236 12.42681 13.18177 11.51917 10.625 13.49632 13.73918 
  15.98416 17.70757 17.16846 17.50914 12.79828 16.87824 16.98196 18.02787 17.63908 15.74831 15.2248 15.03898 14.35605 14.32526 17.31 16.23583 13.5326 12.874 13.58833 11.54621 11.49579 12.81233 13.13253 
  15.92429 17.57046 17.28807 17.59932 12.79828 16.83257 16.72336 17.44888 17.42192 17.00976 15.96461 15.42125 14.26628 14.32526 16.78094 15.59832 13.29334 12.5386 13.46636 11.38398 11.39335 12.91004 13.43585 
  15.84445 17.40195 17.46748 17.68951 13.03448 16.69555 16.46476 17.25589 18.36293 17.85073 16.11257 15.18233 14.11667 14.15492 16.53676 15.08034 13.45285 12.7622 13.95424 11.6814 11.68361 12.47033 12.8292 
  15.74466 17.23345 17.67679 17.77969 14.06754 17.10659 16.85266 16.96639 18.21816 18.13105 16.85238 15.75574 14.71511 15.40408 17.14721 15.91708 14.4099 13.43299 13.91358 12.16807 11.51287 11.98176 12.67754 
  15.34527 17.1492 18.06551 17.59932 14.32208 16.28452 16.33546 16.00142 16.48091 17.64049 16.92636 15.56461 14.62535 15.57442 16.90303 15.59832 14.25039 13.71248 13.62899 12.00585 11.32505 11.83519 12.52588 
  15.34527 17.1492 17.43758 16.57726 13.72816 16.28452 16.27081 15.61542 16.04659 17.64049 17.00034 15.56461 14.47573 15.6312 16.74024 16.23583 15.28719 14.32737 14.03555 12.19511 11.61531 12.12833 12.93031 
  15.27033 16.89644 17.64689 17.17847 14.15239 16.64989 16.72336 15.61542 16.11898 17.78065 17.81413 16.13801 15.28363 16.36934 17.71697 17.31163 16.72276 15.66894 13.38505 11.78955 11.2909 11.37905 12.12145 
  14.89559 16.89644 17.04885 15.65602 13.72816 15.32298 15.94756 14.74694 15.17796 17.22001 17.29626 15.66017 15.01433 15.74476 17.10651 16.59443 17.28104 15.78073 13.34439 11.76251 10.67622 10.82878 11.76803 
  14.22106 16.55943 16.77974 13.81733 12.85733 14.5217 13.72698 13.41392 14.01979 15.67823 15.52072 13.98774 13.31129 12.37993 13.68567 13.44824 13.85162 13.32119 11.46993 10.54582 10.29945 10.9684 11.55668 
  13.54653 16.72793 16.27141 13.28105 10.9087 10.75567 10.66476 10.84353 11.5946 13.22608 13.0114 12.04151 12.00246 11.29305 12.27068 12.8683 12.4958 11.5382 10.68093 10.45808 10.24337 10.45919 10.62068 
  13.84632 15.96966 15.41476 13.58749 11.20394 10.99605 11.0382 11.26196 11.41271 13.17165 13.74518 13.08418 13.39854 12.71724 13.26641 13.25492 13.69211 12.31501 10.45333 9.969963 9.794035 9.841706 10.56747 
  13.47159 16.47517 15.72154 12.9746 11.08584 9.794126 9.320366 9.110012 9.95759 12.08299 12.39637 11.86773 11.87158 11.66784 11.90383 11.5151 11.54303 11.24532 10.78714 10.00924 10.08722 10.58239 10.72132 
  13.84632 16.30667 14.8779 13.74072 11.14489 9.633869 9.843184 10.18599 10.56389 12.89948 13.30129 12.21529 12.74413 13.01932 13.84289 11.8534 12.25654 11.6959 11.22716 9.503932 10.00798 10.68916 10.71126 
  13.0219 15.96966 15.33807 12.51492 9.963902 8.111431 7.975974 9.169788 9.169402 11.1032 11.07168 9.912716 10.56275 11.51792 12.4279 10.74185 10.82952 10.99751 10.43816 9.696547 10.41563 10.85342 10.99307 
  13.62148 16.64368 15.26137 13.12782 10.73155 8.912714 9.021612 9.169788 9.411922 10.9399 11.30823 11.38984 11.7407 11.40549 11.32736 9.823607 9.835702 10.34418 9.967797 9.686916 10.44368 10.24999 10.58042 
  14.22106 16.39092 14.64782 13.66411 11.02679 9.553741 10.06725 10.06643 10.50326 11.97412 12.34906 12.21529 13.04952 12.56733 12.58512 10.8385 11.03338 10.90739 10.25609 9.840919 10.0159 10.57417 10.3603 
  14.4459 16.55943 14.11096 12.66815 10.37725 9.794126 9.469743 9.408894 10.68515 11.64753 12.44368 12.69318 12.83138 12.64228 12.84716 10.8385 11.16079 11.24532 10.34712 9.667655 9.984208 10.50026 10.58042 
  14.5958 16.64368 14.26434 12.05525 9.963902 9.233228 9.245677 8.870906 9.411922 11.37536 11.59209 11.56362 12.39511 11.70531 12.06105 9.581965 9.682807 10.25406 10.21057 9.981184 10.10716 10.3285 10.44447 
  14.37096 16.05391 13.19062 11.21252 8.782911 7.470404 7.453155 6.718953 7.532395 10.23227 10.59858 11.08572 11.08628 9.831377 9.964782 9.291995 9.580877 10.07383 10.28643 10.41881 10.00798 10.57417 10.86223 
  13.24674 14.53736 11.27326 8.53109 6.657128 6.000286 5.657306 6.420071 7.168615 10.55887 10.64589 10.52094 10.99903 9.981292 10.38404 9.050353 9.19864 10.47935 10.37747 10.14389 10.1953 10.51668 10.72132 
  10.92337 12.00977 9.355894 7.152071 6.361881 6.348607 6.70627 7.316718 8.017434 10.66773 10.88244 10.52094 11.08628 9.943813 10.122 9.775279 8.892509 10.16395 10.02849 9.523193 10.15523 10.58239 10.64081 
  9.874107 8.976664 8.43556 6.922235 6.598079 5.277282 7.303778 7.496047 8.199324 10.72217 10.83513 10.34716 10.12648 9.344153 9.807562 8.808711 8.929698 9.375447 10.07401 10.07095 10.20331 10.35242 10.7012 
  10.32379 10.32471 10.96648 10.75284 10.02295 9.553741 9.992561 9.946882 10.382 12.08299 11.92326 11.7374 12.30785 12.41741 13.1616 12.96495 12.81482 10.50188 10.3016 10.2561 10.41563 10.36885 10.43152 
  10.69853 10.1562 11.34995 10.36978 8.605762 8.992843 9.469743 9.289341 9.533181 11.2665 11.02437 10.69472 11.08628 11.25557 12.4279 11.90173 12.00171 10.11889 9.464156 9.885804 10.09514 10.5906 10.82197 
  11.89769 11.42 9.969451 8.148029 6.302831 8.351816 9.170988 8.213365 8.684362 9.524641 10.45664 8.913486 8.861282 8.85693 10.01719 9.002025 9.147675 9.735906 10.11953 10.02607 10.00006 10.19503 10.79178 
  10.47369 10.66172 8.742338 6.998847 5.67946 7.951174 8.498793 7.316718 7.107985 8.435982 8.753473 7.870812 7.679681 7.847083 9.440714 9.195338 8.827426 9.375447 10.1347 9.542456 10.31948 10.58239 10.65087 
  9.949055 8.471146 7.74531 6.76901 5.377509 7.069762 7.378466 7.496047 7.471765 8.327116 8.138439 6.462481 7.249149 7.469283 8.444984 8.136801 9.071227 9.488091 9.891932 9.503932 9.857427 10.28925 10.75152 
  8.225262 6.786087 7.285142 6.309337 5.67946 6.188351 6.482204 6.479847 6.622947 7.184024 7.144923 7.083604 7.410599 8.144833 8.707019 8.663726 9.147675 9.251794 9.513555 9.157226 9.635558 10.50026 10.71126 
  6.876207 6.786087 7.055059 5.535127 5.889484 6.588992 6.258139 6.420071 7.047356 7.728354 7.854577 7.827368 7.814222 6.943649 8.124784 8.808711 9.351535 8.853354 9.167764 9.677285 9.881198 10.34421 10.4121 
  6.876207 5.046095 6.116272 5.191312 5.717203 6.028094 6.332828 6.539624 6.622947 6.857426 7.523405 8.522484 8.163242 7.518561 7.69785 8.548095 9.249604 9.465562 9.42299 10.02607 10.59591 10.38527 11.04339 
  7.40084 5.698592 6.671586 6.050849 5.698331 5.94467 5.943417 6.539624 6.082368 5.454137 6.768268 7.428672 7.706589 8.257269 8.191492 8.443401 8.762344 9.443033 9.587652 9.807257 10.55184 10.82878 10.88236 
  7.550735 6.954593 6.116272 6.156112 5.792691 5.416321 5.113695 6.216102 5.230517 6.242926 6.219359 7.783923 7.02043 7.10791 7.871292 8.60792 9.19864 9.073183 9.628819 9.60987 10.15123 10.33636 10.65087 
  5.638872 5.372344 4.210832 5.750011 5.773819 5.054819 5.113695 6.012134 5.503753 6.162024 7.075656 7.566699 7.074246 7.994918 8.497392 9.098681 9.4025 9.375447 9.907105 10.49175 10.1953 10.28925 10.32146 
  7.40084 5.481093 5.122129 6.462561 6.007584 5.277282 4.97064 6.479847 6.130586 6.445179 6.307185 7.06635 7.114608 8.182312 8.258201 8.615397 8.687965 8.496134 9.488855 10.00363 10.00006 9.857409 10.55453 
  8.00042 6.786087 5.370665 6.385949 6.007584 5.861247 6.115084 6.382986 6.098441 5.959771 6.592617 7.256138 7.901477 8.257269 8.324909 8.857039 8.585694 9.488091 9.694683 9.863362 10.18328 10.59881 11.13397 
  7.550735 6.87034 4.915016 5.592429 5.264277 4.832355 5.571473 5.307515 6.130586 5.979996 6.043709 6.928323 7.814222 7.781379 8.111443 8.144279 8.864616 9.004487 9.530021 10.11584 10.12719 10.13221 10.66094 
  5.533665 5.698592 4.293677 6.0795 5.39638 4.999203 4.827584 5.400228 5.809133 6.000222 6.746311 7.827368 7.85785 8.294748 8.549798 8.548095 9.045745 9.420505 9.907105 9.868973 10.11918 10.52489 10.66094 ]
