 [
  5.593279 5.225045 5.192318 5.291581 5.833123 5.05777 5.193857 5.403471 5.81634 6.333321 6.65225 7.162176 6.796746 7.675338 8.439425 8.74357 8.745787 8.872338 9.549191 10.11071 10.27877 10.40473 10.55758 
  5.401506 5.980813 6.395842 6.676931 6.147045 5.22927 5.536613 5.914989 6.464055 5.925309 6.265161 7.572822 6.771729 8.304371 8.599937 8.536283 8.631722 9.031623 9.633568 9.787141 10.03557 10.61794 10.98111 
  5.337582 4.505806 5.349718 5.530876 5.715402 4.99339 5.99458 6.256094 6.762723 6.388958 6.736926 7.971083 7.577202 8.15549 8.519682 8.469224 8.966878 9.332017 9.768572 9.739632 9.423482 10.49002 10.17616 
  5.705489 4.820903 4.68864 5.229156 5.097936 5.041675 5.498449 5.490246 5.182568 5.73985 6.289354 6.60898 6.921833 7.575024 7.694086 9.166292 9.18121 9.190907 9.70107 9.787141 10.20581 10.13001 10.04983 
  5.337582 4.427032 4.37384 4.989861 4.987076 4.864629 5.088005 4.253691 4.932394 5.64712 6.349837 7.52304 8.001656 8.00661 7.854291 8.254635 8.674497 9.540802 9.768572 10.02173 10.32741 10.42605 11.00758 
  5.188425 4.164451 5.349718 5.322793 4.388436 5.336389 4.997274 4.730958 5.883053 6.463142 7.31698 7.473257 7.789429 7.274079 8.046538 8.828115 8.916883 9.201527 9.751697 10.06217 10.27877 10.22581 10.3783 
  4.570489 3.954386 5.430189 5.426835 4.698842 4.526632 5.269466 5.812657 6.298127 5.943855 6.543381 6.853037 6.734202 7.328796 8.399298 8.701299 8.681625 9.384213 9.372084 9.557513 9.929668 10.34077 10.76934 
  5.316274 4.138193 5.389954 5.947576 5.872363 5.586335 6.1854 6.494868 5.382706 6.613922 7.037528 7.423475 8.256327 7.538545 8.11062 8.107104 8.824206 9.042242 9.717946 10.29676 10.15717 10.29287 10.61052 
  4.229559 3.928128 4.4368 5.177135 5.386169 4.977294 5.803761 6.324315 5.566166 6.877785 7.270405 7.178446 8.171436 7.575024 8.319041 8.870387 9.567005 8.723672 8.793533 9.52584 9.882799 10.40473 10.38672 
  4.996652 4.321999 4.971959 5.781813 5.341826 5.586335 5.651105 5.533634 5.232602 5.776941 7.270405 7.473257 7.662093 7.502067 7.870312 8.828115 8.86698 9.190907 9.599817 9.581267 9.807809 9.727654 10.48779 
  5.252349 4.532064 3.964602 5.395622 5.430513 5.12215 5.689269 5.676215 5.81634 6.073677 6.398223 7.243528 7.95921 7.956983 8.206743 8.616755 9.438406 9.566899 9.537383 10.07835 9.751566 10.31203 10.4541 
  5.380198 5.057097 4.62568 4.917031 5.319654 4.912914 5.30763 6.085541 6.464055 6.538532 6.664346 6.787955 7.422179 7.83037 7.213469 7.758396 8.788561 9.137813 9.513769 9.723795 9.967164 10.51134 10.19301 
  6.677973 4.794645 5.349718 5.249964 5.558441 5.12215 5.30763 4.752652 5.966273 6.407505 7.31698 6.983201 7.247058 7.907356 8.126641 8.74357 9.481273 9.201527 9.549191 10.1916 10.48549 10.44737 10.21828 
  7.987085 5.644917 5.87278 6.279101 6.186285 5.514922 5.918252 5.98321 6.795909 6.802395 7.177254 7.194717 7.13448 7.730055 8.439425 8.701299 9.138343 9.27982 9.85295 9.407066 10.02341 10.59662 9.965603 
  6.378747 5.644917 5.550896 5.458047 5.676162 5.12215 6.834187 7.449963 5.749627 7.141648 8.481364 8.668038 8.468554 8.552505 8.359169 8.268046 8.681625 8.999766 9.313047 9.430821 9.892174 10.33119 10.55758 
  6.41615 5.686903 5.192318 5.649202 6.500208 7.693016 7.292153 6.528978 5.71627 6.99087 9.366297 10.06195 8.341217 9.445789 8.030518 8.74357 9.309808 9.723488 9.05329 9.811408 10.32741 10.23539 10.84876 
  5.039268 5.602929 5.51066 5.010669 5.754642 5.83628 5.574777 6.153762 6.099015 6.802395 8.201912 8.568474 8.171436 8.502878 8.599937 8.402164 9.309808 9.488605 9.633568 10.15115 9.910921 10.14917 10.55758 
  6.341344 6.190749 5.318238 5.281177 5.408341 4.99339 5.841925 5.034673 5.599523 6.91548 7.084103 7.52304 8.044101 7.584143 8.439425 9.377652 9.352674 9.253723 9.582942 10.52326 10.72869 10.80984 10.48779 
  4.400024 3.166643 4.940479 4.989861 5.053592 5.550628 4.891422 6.085541 5.699592 5.888217 7.456706 7.622605 7.746984 8.899894 9.001219 9.927189 10.0814 10.03666 10.12296 10.82256 10.87461 10.66059 10.9017 
  5.294966 4.374516 4.846039 5.582897 4.654499 4.092064 4.694839 5.208225 6.065829 5.869671 6.809505 7.72217 7.87432 8.502878 8.800579 8.997204 9.481273 8.989147 9.490155 9.731713 10.30309 10.63927 10.55758 
  5.01796 4.847161 4.37384 5.229156 5.519201 4.703678 4.573865 5.381777 5.516132 6.802395 8.434789 8.916951 8.808115 10.23982 11.20827 10.94172 11.15305 9.723488 9.987954 9.79523 10.41253 12.281 13.04583 
  5.294966 4.400774 5.430189 5.61605 5.833123 7.086006 7.292153 6.835973 7.028207 7.593986 10.20465 10.80869 10.67571 11.03385 11.32865 11.78716 11.49598 10.32374 9.886701 10.25631 10.63141 13.2186 14.68145 
  7.089408 9.927601 10.49987 8.59978 8.893866 9.585459 9.085857 8.132174 8.222883 8.536356 10.76356 11.70477 12.33107 13.21743 11.9707 12.12534 12.22471 10.924 9.633568 9.973192 12.3687 13.91255 15.25972 
  12.58485 15.62849 16.34532 15.46153 17.50286 18.21897 17.32436 16.30353 15.9483 16.60716 18.41719 19.07991 18.6613 19.10721 17.90845 17.34512 16.82539 13.06998 11.70926 10.45045 13.1575 14.90392 15.78543 
  14.4623 16.9502 16.13276 16.93156 17.92052 19.14912 18.96747 17.25376 16.61378 17.63007 19.83799 20.89834 20.51501 20.97282 19.60842 19.04872 18.51554 15.48326 13.6484 11.63963 13.87459 16.04399 16.46884 
  14.95207 17.43082 16.23904 17.42157 18.47739 19.45917 19.56496 17.49132 17.16835 17.73236 19.40082 20.89834 20.91223 21.43922 20.28841 19.67636 19.23989 16.84073 14.20244 11.91198 13.9463 16.04399 16.8894 
  15.52346 17.67113 16.55788 17.29907 18.75583 19.30415 19.11684 17.13498 16.83561 17.52777 19.18224 21.38326 20.91223 21.43922 20.40174 19.5867 19.48134 17.06697 14.34095 12.00277 14.44827 16.1927 17.20483 
  15.52346 17.79128 16.55788 17.54407 18.89505 19.14912 18.96747 17.25376 16.83561 17.2209 19.18224 21.26203 21.30946 21.55582 20.51508 19.5867 19.48134 17.29321 15.10275 12.27513 14.51997 15.89529 17.20483 
  15.44184 17.79128 16.55788 17.54407 19.03426 18.83907 18.51935 17.0162 16.50287 17.11861 18.85436 20.89834 21.04464 21.43922 20.17508 18.77973 18.83747 16.31282 13.92542 11.1857 13.73117 15.35004 17.04712 
  15.36021 17.67113 16.55788 17.54407 19.3127 18.68405 17.77248 16.89742 16.17013 16.81174 18.41719 20.65588 21.04464 21.32262 19.94842 18.69007 18.59602 16.31282 14.06393 10.82256 13.22921 14.85435 16.15342 
  15.27858 17.55097 16.55788 17.42157 19.3127 18.374 17.02562 16.42231 15.72648 16.50487 17.98002 20.77711 21.04464 21.32262 19.94842 18.86939 18.67651 16.16199 14.89499 11.45806 13.22921 14.90392 16.52141 
  15.27858 17.31066 16.4516 17.29907 19.17348 17.75389 16.27875 15.9472 15.061 15.78884 17.32427 19.92851 21.04464 20.97282 19.94842 18.86939 18.83747 16.53907 14.68722 11.36727 13.44434 14.65608 16.04828 
  15.11532 16.9502 16.4516 17.17657 18.75583 16.97877 15.38251 15.11574 14.28461 15.1751 16.23136 19.20114 20.77982 20.85622 19.94842 18.95905 18.99844 16.76531 15.17201 12.00277 13.37263 14.65608 16.15342 
  14.95207 16.58973 16.23904 16.80906 18.05974 15.73857 14.63564 14.16551 13.50822 14.45907 15.46631 18.11008 20.77982 20.73962 19.72175 18.77973 18.91796 16.6899 15.0335 11.91198 13.37263 14.4578 16.04828 
  14.95207 16.22927 16.23904 16.68656 17.08521 14.80841 14.18752 13.45284 12.62091 13.74304 14.70127 17.14026 20.51501 20.73962 19.72175 18.6004 18.59602 16.53907 14.89499 11.8212 12.65554 13.86298 15.57514 
  14.70718 16.22927 15.92019 16.93156 15.83225 13.72324 13.29129 12.62139 12.17726 12.61785 13.93623 15.92797 19.85297 20.50642 19.94842 18.15209 18.19361 16.23741 13.99467 11.27649 12.3687 14.3091 15.838 
  13.64602 16.70989 17.19557 16.19655 15.13616 12.79308 11.94693 11.4336 11.06813 11.59494 12.9526 14.95814 18.52889 19.57361 19.04177 17.70377 17.63022 15.55867 13.16361 10.44237 12.3687 14.06126 15.62772 
  13.8909 16.34942 16.87672 16.19655 14.16163 12.17298 11.94693 11.19604 10.40265 10.53418 12.16082 13.74586 17.46962 18.5242 17.79512 16.53815 16.58394 14.87994 12.40181 10.12689 11.3975 13.31773 15.20715 
  12.82974 16.46958 16.77044 15.09403 14.30085 12.17298 10.45319 9.940033 9.616672 10.08184 11.08959 12.94934 16.67518 18.0578 17.68179 16.44849 16.262 14.27662 11.77851 10.91334 11.54342 13.06989 13.89289 
  11.36043 13.94632 15.49507 13.25649 11.6557 9.121275 7.559301 7.313521 7.160949 7.141648 8.295063 10.06195 14.82146 15.95898 15.52849 13.90077 14.41088 12.54208 10.39297 10.58797 10.89893 12.1744 13.99803 
  6.565763 10.22151 11.9878 9.097069 6.500208 5.693454 5.651105 6.256094 6.629982 6.689311 7.31698 7.672387 10.12392 11.72863 11.44903 11.44898 12.09611 10.8979 9.616693 9.280375 10.66789 11.79061 13.54877 
  6.042118 7.702285 9.131859 6.444864 5.386169 5.12215 5.178735 6.085541 6.165385 7.141648 6.93047 7.473257 8.638334 10.58721 10.52609 10.56127 10.72439 10.03666 9.431119 9.668367 10.71653 11.51344 12.64877 
  5.892505 5.183058 5.671602 6.146491 5.558441 5.12215 5.057761 5.98321 4.865681 6.802395 6.785312 7.473257 8.680779 9.048775 9.161732 9.842646 9.867068 9.540802 9.537383 9.957014 10.05989 10.80984 11.72229 
  5.231041 4.689612 4.877519 5.682355 4.100202 4.639297 5.027518 5.642104 5.933087 6.613922 7.177254 7.097094 8.001656 8.105864 8.840707 9.250835 9.524138 9.645194 9.819199 9.997459 10.32741 10.34077 10.84876 
  5.668086 3.928128 4.908999 5.582897 5.341826 4.912914 4.755326 5.533634 5.766305 6.42605 6.918373 7.771953 7.831874 8.304371 8.238785 8.563107 9.05261 9.201527 9.616693 9.597104 10.01403 10.55398 10.39515 
  4.975344 3.744321 4.46828 5.74866 5.558441 5.106055 4.921666 5.577023 5.849696 5.943855 7.084103 7.423475 7.121971 7.328796 7.549901 8.375341 9.438406 9.853978 9.454733 9.668367 10.15717 10.38341 10.84876 
  4.954035 3.796837 4.4368 5.062689 5.363998 4.413966 5.269466 5.744436 5.599523 6.651616 6.869987 7.72217 7.159497 7.666219 8.278913 8.509459 8.966878 9.566899 10.19046 9.573349 9.835931 10.19707 10.32777 
  6.079521 4.45329 4.310881 5.333198 4.920561 4.10816 5.345794 5.812657 5.115854 5.73985 6.434512 6.413734 7.347127 8.453252 8.399298 7.93275 8.788561 9.958371 9.650444 9.557513 10.26661 10.76719 10.03298 
  4.78357 4.243225 4.62568 5.74866 5.253139 5.02558 6.1854 6.051431 6.198571 6.444596 6.628057 6.95066 7.084445 7.657099 8.206743 8.576519 9.138343 8.872338 9.768572 9.79523 10.16933 10.46869 10.68993 
  5.273657 3.954386 4.310881 5.354006 5.186623 5.22927 5.422122 4.90451 5.649558 7.292428 7.270405 7.971083 7.746984 7.812131 8.76045 9.081747 8.916883 9.540802 9.937327 9.644613 9.798435 10.28329 10.31092 
  4.78357 4.190709 3.335003 5.177135 6.304007 5.83628 4.301673 5.034673 5.265958 6.91548 6.821601 7.52304 8.128991 8.205117 8.190723 8.701299 9.352674 9.69739 10.22421 9.79523 10.01403 10.74587 10.7164 
  6.939795 7.072478 7.723615 8.400865 8.854625 9.085568 9.353005 9.564817 9.649857 9.629504 10.15808 10.70912 10.67571 11.08348 11.36878 11.11081 11.53885 11.60255 11.5405 11.63963 11.5799 11.2789 11.06052 
  10.62578 11.18275 12.41292 13.25649 13.74397 13.72324 13.7394 14.28429 14.1737 13.74304 14.81056 15.56429 14.95387 15.84238 16.09514 15.37253 16.262 16.08658 16.07232 16.45126 16.09757 15.35004 14.62888 
  11.76857 11.54322 11.88152 12.64398 13.04788 12.32801 11.79755 12.38383 11.95543 11.59494 13.38977 14.71569 13.36498 15.72578 15.41515 15.64152 15.7791 14.80453 15.65679 16.54205 15.23707 14.65608 14.26089 
  11.44206 10.46182 10.29869 9.428594 9.560949 10.4677 9.8873 10.00825 11.40087 11.79953 13.06189 14.71569 12.96775 16.07559 15.64182 15.01388 15.69862 14.42745 15.10275 15.99733 14.16143 13.51601 12.91348 
  9.932053 8.835937 9.775627 10.43894 10.54196 10.15765 9.391169 10.12703 11.28996 11.79953 15.35702 15.80674 12.96775 14.20997 13.37519 14.11725 14.8133 13.89955 13.71765 14.18162 13.08579 12.79271 12.09288 
  9.445811 8.961898 9.815863 9.627509 10.18879 9.692578 9.505661 9.837702 10.18082 11.39036 14.59198 14.47323 12.50085 13.01893 12.9739 14.02758 13.89649 12.43769 12.47106 12.36591 12.08186 11.42815 11.37817 
  8.697746 10.01158 8.930681 9.826425 10.54196 9.621165 9.620152 9.940033 9.450745 11.28807 12.9526 13.74586 11.6095 12.77079 12.17134 13.47804 13.29636 12.15061 11.45612 11.8212 11.17862 10.89512 11.06052 
  7.313828 7.61831 9.011152 8.632933 9.247027 9.37122 9.047694 7.961621 8.952963 11.06191 13.38977 12.99912 10.42104 11.97676 11.48916 11.40671 11.36738 10.14106 10.19046 10.38574 10.50981 10.49002 10.74287 
  8.024488 8.416065 9.051388 8.831848 7.363494 8.585678 10.45319 9.394264 8.654294 10.34571 12.9526 12.00347 10.12392 11.33161 11.48916 10.01173 10.3386 9.775684 10.25796 9.715877 10.08421 10.23539 10.9017 
  8.62294 9.003885 8.166205 7.207373 7.520455 8.050081 10.07812 10.24581 10.29174 11.59494 12.7663 11.0576 10.12392 10.88497 10.9675 9.927189 9.781336 9.749586 9.537383 9.851854 10.04773 10.24497 10.84876 
  7.164215 7.996194 8.568561 7.339983 7.441975 8.121494 9.810972 9.462485 9.616672 11.0996 12.9526 11.65499 10.37859 10.43833 11.6898 9.884917 9.009745 8.861719 9.582942 10.02982 10.59493 10.85248 10.74287 
  6.677973 7.366387 8.689267 6.942152 6.343246 9.228394 10.45319 10.24581 10.04808 10.87343 11.88137 10.31086 9.275013 8.701386 10.92737 10.05401 9.438406 9.619096 9.582942 9.957014 10.30309 10.53266 10.74287 
  6.303941 7.450362 7.844321 7.804119 6.696409 7.907255 10.15445 9.633038 9.417559 10.45879 10.57726 9.016517 8.044101 8.453252 10.52609 9.673557 9.39554 9.488605 9.70107 9.517921 9.742192 10.25455 10.42883 
  5.705489 8.416065 8.689267 6.411711 6.539448 8.085787 9.696481 9.76948 9.351189 9.780283 8.947119 8.518691 8.298772 8.353998 9.001219 9.504469 8.924012 9.358115 9.242205 9.565431 9.892174 10.59662 10.61052 
  6.64057 7.744271 7.522437 7.273678 6.304007 6.764648 8.742382 8.746164 8.919777 9.968758 8.807392 8.518691 9.020342 8.602133 8.11062 8.997204 9.695603 9.880076 9.513769 10.12689 10.08421 10.40473 10.79582 
  6.715376 7.870233 7.804086 6.710084 5.990084 6.657528 6.567039 7.074747 9.251632 9.931063 8.714241 7.9213 9.062787 9.098402 8.800579 9.631285 10.89586 11.23718 10.5111 9.755468 10.23013 10.76719 10.74287 
  6.715376 6.946517 7.03961 6.577474 6.696409 5.479215 7.406645 6.938305 7.525989 7.895544 7.410131 7.032012 6.896815 7.274079 8.030518 8.997204 9.095477 9.159051 9.667319 9.692122 10.21797 10.34077 10.82229 
  8.323714 7.660297 6.194664 5.947576 6.186285 5.83628 5.841925 5.98321 7.525989 7.669375 7.689583 7.129635 7.916765 7.684458 8.519682 8.828115 9.224075 8.925433 9.937327 9.884212 10.23013 10.33119 10.53111 
  8.510731 8.164143 7.240788 5.073093 5.341826 4.478347 5.118248 5.490246 6.895465 7.179343 7.689583 7.015742 7.347127 7.392633 8.439425 8.227811 8.895496 9.384213 9.537383 9.723795 10.08421 10.21623 10.68993 
  9.371005 8.793949 6.476313 5.947576 6.460968 5.157857 5.727433 5.403471 6.530426 6.877785 7.736158 7.324881 7.50974 8.205117 8.399298 8.428988 8.467755 9.074099 9.360276 10.1188 9.826556 10.20665 10.66346 
  9.819843 9.50773 5.832544 6.179643 6.657169 5.693454 4.861178 5.710325 6.364498 6.802395 6.990952 7.373692 7.577202 7.956983 8.142661 8.659027 9.309808 9.332017 8.828955 9.827587 10.83813 10.34077 11.03405 
  9.034376 8.290104 6.959139 5.947576 6.107805 4.945105 5.574777 6.153762 6.364498 6.802395 7.130679 7.015742 7.459705 7.857729 8.319041 8.997204 8.902625 8.521912 9.70107 10.21587 10.20581 10.30245 10.26039 
  7.874876 7.324401 6.959139 6.245948 5.911603 5.693454 6.070908 5.744436 5.933087 6.166407 7.037528 6.95066 7.096954 7.857729 8.278913 8.828115 9.138343 9.180288 9.537383 10.30485 10.14501 10.80984 10.66346 
  9.819843 9.171833 7.160317 5.74866 5.142279 4.832438 4.392404 4.253691 5.966273 6.613922 7.130679 7.622605 7.50974 7.907356 8.030518 8.603343 8.489142 8.893576 9.633568 10.1188 10.21797 10.5753 10.74287 
  9.445811 8.542027 7.160317 6.113338 6.382487 4.977294 4.951909 5.642104 6.464055 6.953175 7.223829 7.194717 6.75922 7.793892 9.001219 8.402164 8.467755 9.105956 9.549191 10.00555 9.995285 10.63927 10.50464 
  8.922166 8.332091 7.03961 5.980728 6.225526 6.371877 5.918252 5.577023 6.364498 6.463142 6.68854 6.625251 7.484723 8.15549 8.158682 8.053457 9.05261 9.488605 9.734821 10.21587 10.20581 10.38341 10.10878 
  8.024488 7.072478 6.878668 6.975305 5.990084 5.479215 5.30763 5.490246 5.015785 5.2762 6.797408 7.72217 7.497231 8.205117 8.319041 8.659027 8.7244 9.27982 10.05546 9.981281 10.01403 10.46869 10.66346 
  9.483214 8.542027 6.677491 6.776389 5.754642 4.961199 4.331917 6.460757 6.995022 6.333321 6.96676 7.971083 8.256327 8.105864 8.046538 8.701299 8.767174 9.749586 9.242205 9.932746 9.835931 10.33119 10.20985 
  10.11907 9.045872 6.395842 6.544322 6.029325 6.157638 5.224101 5.880878 6.49724 6.651616 7.223829 7.622605 7.662093 7.63886 8.0946 8.268046 8.845593 9.540802 9.819199 10.02173 10.01403 10.14917 10.74287 
  9.558021 8.374079 5.993486 6.809542 7.010332 6.014812 5.422122 5.812657 6.596796 7.066259 6.216775 6.332382 7.534757 7.857729 7.870312 8.469224 8.710142 8.999766 9.254012 10.03791 10.02341 10.28329 10.61052 
  10.38089 8.91991 7.482202 7.804119 7.206533 6.371877 5.088005 5.360083 6.86228 6.110769 7.363555 7.129635 7.146988 7.365274 7.982456 8.912659 9.095477 9.592998 9.819199 10.07026 9.845304 9.880932 10.36988 
  8.884763 8.542027 7.683379 7.638356 7.441975 5.407802 4.755326 5.403471 6.530426 6.203499 7.410131 7.572822 7.619648 7.711816 8.278913 8.496048 9.18121 9.514704 9.46654 10.30485 10.21797 10.42605 10.43726 
  9.071779 7.744271 7.281024 5.61605 5.230967 5.193563 4.997274 6.290205 6.729538 6.388958 6.531284 7.572822 8.256327 8.403625 8.359169 8.415577 8.467755 9.16967 9.751697 10.17542 10.24229 10.42605 10.36988 ]
