 [
  4.931751 5.075699 6.646737 6.236753 5.46414 5.455695 4.706462 5.567163 6.717936 6.280148 6.952398 7.239367 7.538908 8.662821 8.083522 8.640181 8.760229 8.907987 9.724893 9.844153 10.06932 9.842331 10.68118 
  4.735653 4.868645 5.99472 4.464323 5.249003 5.423202 5.511693 5.450886 6.018326 6.86203 7.043026 7.391334 7.58295 7.878077 8.354183 8.526313 9.120173 9.578609 9.803832 9.474862 10.25173 10.44549 10.50461 
  5.454678 5.420788 4.772191 4.551026 5.381395 5.455695 4.813827 5.489645 5.80393 6.177789 6.887249 7.589576 7.318702 7.538517 8.083522 8.557368 8.705074 9.149684 9.060512 9.918125 10.13037 10.7841 10.75941 
  5.58541 4.868645 4.690689 4.233114 5.249003 5.293228 4.581204 6.078419 6.659258 6.736308 7.180849 7.391334 7.829707 8.162925 7.957195 8.412445 8.889009 9.119472 9.324146 10.14004 10.39837 10.46431 10.65511 
  4.997117 5.006681 5.261202 5.851577 5.381395 5.530502 4.455946 6.202085 6.24852 6.472069 6.322627 6.409134 7.304022 7.84978 8.354183 8.609126 8.574709 9.169826 9.548723 9.61904 10.3023 10.63361 10.30354 
  3.232238 4.592574 4.975945 5.793775 4.934573 5.455695 5.404329 5.353988 5.396578 6.049841 7.043026 7.024651 7.480186 8.062946 8.025217 8.402094 8.740173 9.08926 9.665895 9.708292 9.772458 10.13278 10.50461 
  3.166872 4.247484 5.709464 6.467705 5.017318 4.822071 5.332753 5.102055 6.061205 5.832329 6.30091 7.325253 7.685712 7.057473 8.025217 8.948312 9.081645 9.048977 9.685423 9.804411 10.22645 10.30363 10.52472 
  4.997117 4.247484 4.160925 5.707071 5.712375 4.610863 5.100131 5.315229 5.80393 5.857919 7.318672 7.010337 7.465506 8.562841 8.112674 8.288226 8.664962 9.24032 9.177683 9.39934 10.05909 10.70885 10.52472 
  5.25858 3.281233 5.1797 5.967181 5.414493 5.114513 5.386435 5.780337 6.541904 6.241763 7.043026 7.110537 7.715073 7.736593 8.083522 9.062622 8.594765 9.038906 9.724893 9.735755 10.13037 10.20967 9.881287 
  4.212726 4.523556 5.709464 5.360258 5.728924 4.903305 5.064342 5.644681 6.307197 6.459275 6.930682 6.881507 7.715073 8.062946 7.966913 8.277874 8.830426 9.896754 9.784098 10.08251 9.966955 10.16695 10.44429 
  5.193214 4.178466 4.812942 5.360258 5.993707 5.147007 4.885403 5.392747 6.039766 7.427779 7.456495 6.996022 8.058975 7.835632 8.034935 8.71969 8.889009 9.405074 9.863037 9.694561 9.997665 10.38906 10.73334 
  3.493701 3.488287 4.772191 5.071247 5.249003 5.276981 5.869633 6.140252 6.541904 6.987752 6.865533 7.391334 7.509547 7.665852 7.685108 8.588423 9.274281 9.139613 10.238 9.951002 10.24162 10.26092 10.8898 
  3.03614 3.143198 4.690689 5.562566 5.46414 4.415902 4.509628 5.470265 5.418017 6.547725 6.409492 6.910136 6.775527 7.736593 8.258435 8.872105 9.274281 9.289384 9.882771 9.653368 10.14049 10.82172 10.57687 
  4.604921 4.109448 4.323929 5.446961 5.662728 5.211994 5.010661 5.27647 5.782491 5.793945 6.344343 7.196424 7.377424 7.962967 8.589989 8.834002 8.690033 9.318307 9.65613 9.909906 10.10003 10.63361 10.5508 
  3.362969 3.488287 4.894444 4.89784 5.563434 5.260734 5.207495 5.27647 5.568095 5.819534 6.626654 7.391334 7.944341 7.184808 7.821151 8.350336 9.197226 9.376151 9.744628 9.868811 10.33264 10.67123 10.13263 
  4.212726 3.350251 4.568436 5.735972 5.480689 4.562123 4.455946 4.714465 5.610974 6.241763 6.713519 7.010337 7.083816 7.84978 8.684312 8.872105 8.889009 9.210108 9.843302 9.687696 9.926009 10.53955 10.43424 
  6.565898 5.489806 4.894444 5.967181 6.29582 6.502988 5.869633 5.237711 6.061205 5.921893 6.908966 6.953079 7.685712 8.062946 8.27787 9.138829 9.043118 9.24032 9.343675 9.942783 10.27701 10.38906 10.44429 
  7.384868 6.870164 7.32842 6.053885 6.597932 7.550281 7.547568 7.12958 6.835289 8.11925 8.14561 7.325253 7.406785 7.863928 8.495667 9.138829 9.235753 9.230249 9.882771 9.646502 9.905536 10.40787 10.26333 
  7.660387 7.771285 7.678064 7.39151 7.88191 8.747187 8.755682 7.438746 7.304705 8.433555 8.972548 8.712953 8.173609 8.262904 8.920117 8.910209 9.505442 9.665376 9.882771 9.564115 10.19105 10.76529 10.94195 
  6.69663 7.841599 8.097636 9.085154 8.712719 8.373154 9.225504 8.799073 8.302212 9.37647 9.386017 9.241601 9.377266 8.912768 8.920117 9.253139 10.1604 10.44628 11.24448 11.4527 10.96901 10.69004 10.81157 
  5.323946 7.35329 8.237494 8.469284 8.561663 7.849507 8.621447 8.551741 8.830305 10.25652 10.35078 10.36498 10.40897 10.11252 10.33495 10.92969 12.0097 11.83455 13.45917 13.95755 13.18626 12.30781 11.30703 
  5.716142 7.422307 8.027708 9.393089 9.543528 7.999121 8.352977 8.613574 9.065012 10.44511 10.62642 10.36498 10.29434 9.962549 11.18385 12.22521 13.0114 12.96253 14.61087 15.87303 14.8492 13.26323 12.5848 
  7.219557 7.700971 8.517209 9.239121 8.486135 8.447961 10.03091 9.850235 9.769135 10.50797 10.55751 11.88484 11.32604 10.71239 11.56114 12.37763 13.90541 14.92646 16.33842 16.60975 15.62524 14.45496 13.73219 
  6.958094 7.491325 8.517209 9.316105 9.921168 8.821994 9.158386 9.231905 9.29972 10.57083 12.00465 11.22403 11.55531 11.61221 13.21178 13.55884 14.64621 15.29015 18.06598 18.96726 17.73163 15.64669 15.21848 
  6.958094 7.560343 8.027708 9.547056 10.44987 9.121221 9.091269 9.54107 10.53193 10.88513 13.31397 12.61173 11.44068 12.66199 12.88166 13.55884 14.76968 15.94479 18.25793 20.14601 17.39904 16.0612 15.21848 
  8.927771 10.79479 10.12557 9.547056 10.60092 9.570061 10.23226 9.170072 10.3559 11.01085 13.58962 12.74389 12.35775 13.41183 12.97598 13.80894 16.12782 17.54503 17.87403 19.1146 17.39904 16.0612 15.19337 
  10.8564 14.31049 13.34229 11.7026 9.543528 9.869287 10.70209 9.788403 10.17987 10.00508 12.21139 12.34741 12.81629 14.36163 13.77772 14.6426 16.00435 17.1086 17.68208 17.7885 16.17955 15.28399 14.66607 
  12.78503 16.76891 16.35966 14.62799 13.84863 11.51503 10.63497 10.28307 10.59061 12.26807 14.072 13.93335 13.33214 15.60486 14.80057 14.72597 16.43648 15.29015 17.01025 16.60975 15.07092 14.50677 14.189 
  13.72179 17.45654 16.49357 16.006 15.28366 13.53481 12.44714 12.26172 11.99886 13.46243 15.65696 15.78362 14.93702 16.43369 15.44025 14.3925 16.68342 16.09027 14.99477 14.1049 13.62971 14.45496 14.38987 
  14.27283 17.53989 16.22575 17.4264 16.04957 14.73172 13.25255 13.31289 12.76166 14.27963 16.65301 17.54923 16.50831 17.67692 16.71961 15.47626 16.43648 15.5811 13.36319 12.33677 12.85367 14.86948 15.2687 
  14.66323 17.58156 16.30015 17.9807 15.70444 14.95614 13.92372 12.94189 13.05504 14.46821 16.54573 18.02459 17.50977 18.40214 17.35929 17.06023 17.42422 15.79931 12.97929 10.86333 12.41022 14.19589 15.09293 
  14.82761 17.53989 16.52333 18.11927 15.58578 15.03094 14.19219 13.12739 13.58314 14.87951 16.2239 19.04321 18.60227 19.64537 18.91281 18.22736 17.60942 15.87205 12.59539 10.37018 12.1885 14.35133 15.2687 
  14.97144 17.53989 16.64236 18.04998 15.43472 15.03094 14.19219 13.37472 13.70049 14.96663 16.33118 18.9753 19.14852 20.8886 20.10079 18.81092 17.67115 16.30848 12.40344 10.81401 12.63195 14.40315 15.44447 
  15.01254 17.64407 16.65724 18.08463 15.35919 14.88133 14.19219 13.00372 13.46578 14.70529 16.00934 19.04321 19.78581 20.26698 19.64387 18.39409 16.74515 15.36288 12.59539 10.09073 11.63418 13.47049 14.21411 
  15.09473 17.72742 16.62748 17.94605 15.35919 14.88133 14.05796 12.57089 13.4071 14.53107 15.79479 19.04321 20.05893 19.95618 18.36451 17.56043 16.18955 15.29015 12.69137 10.19758 11.63418 12.90053 13.75827 
  15.15637 17.81077 16.6126 17.80748 15.43472 14.95614 13.72237 13.00372 13.4071 14.61818 16.00934 19.51857 20.33206 19.74897 17.81621 16.89349 15.44875 14.6355 13.07527 10.84689 11.96677 13.00416 13.18457 
  15.30021 17.83161 16.55309 17.6689 15.51025 15.03094 13.58813 13.43655 13.52446 14.70529 16.65301 20.06183 20.78726 19.23096 17.99898 17.14359 15.44875 14.12634 12.40344 10.86333 12.1885 13.5223 12.79342 
  15.3824 17.87328 16.52333 17.53033 15.6613 15.10041 13.65525 13.68389 13.58314 14.70529 17.29668 19.7902 20.51414 18.29853 17.17653 16.30993 14.33754 13.108 11.75759 10.60032 11.41246 12.57117 13.10634 
  15.3824 17.78993 16.38942 17.32246 15.58578 14.95614 13.92372 13.86938 13.87411 14.96663 17.72579 19.31484 19.3306 17.15891 16.07993 15.47626 12.97287 12.09486 10.90899 10.03319 11.07987 11.96921 12.55873 
  15.3824 17.68575 16.18112 16.90674 15.6613 14.95614 13.99084 14.06852 14.30818 15.66351 17.61851 17.95668 17.50977 15.39766 15.25748 14.8927 11.77854 11.60318 9.764362 9.901687 10.31241 10.87815 11.93288 
  15.46459 17.62324 15.89842 16.28315 15.92015 14.95614 14.12507 14.33403 15.26312 16.27329 17.1894 17.00596 16.41727 14.11168 13.9192 13.10159 11.31621 11.57425 9.363203 9.885249 10.67649 10.99102 11.46349 
  15.52623 17.64407 15.79427 16.10993 16.13585 15.10041 14.37516 14.59954 16.13124 16.97018 16.86757 16.32688 15.68894 13.61179 13.58907 12.30142 11.77854 12.23947 9.863037 10.06607 9.598434 10.09861 11.80249 
  15.54678 17.56072 15.58002 15.93671 16.43783 15.23933 14.80209 14.93142 16.82574 17.49285 17.56487 16.19107 15.14269 13.46182 13.73056 12.53004 12.31791 12.06593 9.744628 9.646502 9.926009 10.53955 13.23673 
  15.56732 17.51905 15.64994 16.10993 16.86924 15.72555 15.22902 15.39607 17.25981 18.18973 18.1549 16.39479 14.76506 13.51181 14.6178 13.55884 12.08675 11.54533 10.04065 9.983879 10.186 11.68704 13.86257 
  15.54678 17.4357 15.71987 16.24851 17.4732 16.42015 15.59496 15.92709 17.25981 19.58351 18.74493 17.75295 15.05165 13.76176 14.70919 13.6422 12.31791 11.71887 9.324146 9.371878 10.22645 12.42068 14.38987 
  15.46459 17.18565 15.88354 16.31779 17.86147 17.11476 16.14387 16.1926 17.52025 20.01907 19.17405 18.49994 15.50686 14.31164 15.07472 13.8923 13.39667 12.81792 10.37614 10.09073 10.34781 12.7969 15.31892 
  15.32075 16.78974 15.74963 16.45637 18.33601 17.67044 16.93673 16.59086 18.12794 19.4964 19.12041 18.83949 16.59935 15.19045 15.62302 14.6426 14.15234 13.54443 10.49455 10.15648 10.5349 12.7969 14.64096 
  15.19747 16.70639 15.51009 16.45637 17.94775 18.22613 17.36366 17.12188 18.38837 19.32218 18.47674 18.77158 17.32769 15.39766 15.62302 14.55923 14.15234 13.39896 10.90899 10.03319 10.36803 13.36686 14.21411 
  15.15637 16.72723 16.32991 16.69888 18.37915 18.57343 17.97356 17.38739 18.64881 19.32218 17.99399 18.22831 18.14706 15.60486 14.70919 13.97567 14.52274 13.25348 11.56024 9.918125 10.56524 13.31505 14.23921 
  15.11528 16.60221 15.71987 16.07529 17.99089 18.85127 17.7296 17.6529 18.562 18.7124 17.1894 17.48132 18.51123 16.9517 15.25748 13.6422 13.78194 12.64438 11.24448 10.36196 10.96901 13.47049 14.44009 
  14.80706 16.56053 15.77939 16.07529 17.60262 19.40696 17.79059 18.05117 19.08287 19.06084 17.13576 17.14178 18.69331 17.78052 15.89717 13.80894 14.39928 13.03527 11.75759 10.5099 11.19073 13.57412 14.64096 
  14.45775 16.34959 16.56797 16.17922 17.94775 18.71235 18.03455 17.78566 19.16969 18.27685 16.49209 15.91943 17.69185 17.57331 15.7144 12.75866 14.70794 13.32622 12.21149 11.30536 10.6057 13.93682 15.14315 
  14.05241 15.99802 16.1216 15.93671 17.55948 18.71235 17.7296 17.78566 18.90925 17.9284 15.84843 15.25497 17.50977 18.09133 16.07993 12.98728 14.33754 13.32622 11.99441 11.15802 10.61075 13.05597 14.44009 
  13.72179 16.13865 15.37023 15.70576 17.17122 17.80937 17.18069 17.25464 18.04112 16.44751 14.76111 14.06551 15.50686 16.33008 14.34365 12.22521 13.78194 12.81792 12.49942 11.74739 10.32252 12.53354 14.38987 
  13.00544 14.73237 14.88073 14.62799 16.30841 17.32314 15.89991 16.45811 17.43343 15.40218 13.52071 12.87605 14.82238 16.12288 13.54191 11.42504 13.20403 12.52869 12.40344 11.30536 10.3832 12.25138 14.13878 
  13.55648 15.29488 15.3003 14.85894 16.52411 16.97584 15.9609 16.72362 16.99937 14.46821 13.17615 12.54565 14.19189 15.29406 13.77772 12.30142 14.02887 12.96253 12.49942 11.15802 10.52479 12.289 13.91279 
  13.17075 16.27928 15.79427 15.62878 16.22213 16.62854 15.65595 16.65724 15.95762 12.89668 11.38445 10.23281 12.01385 13.66178 12.2214 11.27263 12.43349 11.40072 12.69137 11.30536 10.64615 12.53354 13.44534 
  13.832 15.99802 15.3003 15.01291 16.65353 17.18422 15.83892 17.18826 15.61037 13.08527 11.45336 10.56322 11.21141 13.66178 12.88166 12.37763 12.12528 11.8924 12.49942 11.4527 10.70177 12.57117 13.13242 
  13.39117 16.41991 15.44016 15.47481 16.26527 16.28123 16.02189 16.72362 14.82905 12.51952 11.03989 10.69538 11.38336 13.66178 12.8345 11.84418 10.1604 10.82227 11.85626 11.01067 10.58041 12.36424 13.31496 
  14.16262 16.27928 14.53108 15.08989 16.78296 16.698 16.5098 17.18826 13.7873 12.51952 10.83316 10.69538 11.44068 14.26165 13.54191 12.45383 9.929239 11.22718 11.89573 11.01067 10.96901 12.15732 12.76734 
  14.27283 16.56053 15.3003 14.01212 15.20814 15.23933 15.351 15.86071 13.70049 11.07372 9.661663 9.307682 9.606534 12.71198 13.16462 12.30142 9.698077 10.30167 12.88332 11.89474 10.74728 11.59298 12.50657 
  14.49885 16.49022 14.46115 11.93355 14.15074 14.43249 15.47298 15.06418 11.8815 9.439331 9.041459 9.770248 9.205315 12.16209 13.40043 11.99659 9.004591 9.462918 12.05361 11.30536 10.64109 10.84053 11.54172 
  13.72179 15.01363 12.64301 11.16372 10.44987 11.96387 14.19219 13.56022 10.06252 8.74786 8.076698 7.457415 8.230927 10.81237 11.93843 9.443657 8.715103 9.433996 10.31694 9.776948 10.14049 10.38906 11.02018 
  11.95847 12.62295 11.52415 10.16293 7.88191 10.16851 12.71561 11.64339 10.53193 10.57083 8.972548 8.646872 9.319949 9.712602 11.13669 8.557368 8.529582 9.347229 9.764362 10.13182 10.02838 10.38052 10.73334 
  9.313496 9.951019 9.636069 8.084364 7.579797 9.270834 11.77596 11.39606 10.76664 11.19944 9.52384 8.911196 9.778485 9.262695 10.05199 8.910209 9.043118 9.867832 9.922242 9.804411 10.31747 10.6148 10.81157 
  7.880801 8.544739 8.587138 7.468494 7.051101 8.522767 10.50073 10.83957 9.710459 9.879357 9.110371 8.977277 9.377266 8.262904 9.863341 9.405554 8.850483 9.462918 9.724893 9.827715 10.70177 10.72766 10.96803 
  7.439972 7.630657 8.307423 7.468494 6.900044 7.699894 10.3665 10.77773 9.534428 10.69655 9.386017 9.109439 9.090681 8.162925 9.910502 9.405554 9.312807 9.72322 9.803832 9.901687 10.49445 10.38906 10.78549 
  8.652252 8.122855 9.426283 8.546268 6.371347 7.475474 10.63497 10.59223 8.830305 10.00508 8.627991 8.845115 9.319949 9.062737 9.344568 9.367451 8.850483 9.260462 9.981446 10.37018 10.58041 10.34635 10.73334 
  10.63598 9.247879 8.726995 6.698656 6.220292 7.475474 10.70209 11.02506 8.771627 9.250748 8.352345 8.184305 8.460194 8.062946 8.589989 8.986415 8.780286 8.958341 9.724893 10.27155 10.70683 10.32072 10.21306 
  8.431838 8.19317 6.76899 6.082786 5.695826 7.176248 10.43362 10.96323 8.419566 8.496416 7.594318 8.712953 8.34556 8.312894 7.850304 8.402094 8.735159 9.318307 9.724893 10.40306 10.17083 10.67123 10.5508 
  7.495076 7.982227 6.279978 6.053885 5.877864 6.727408 9.493973 9.664736 7.480735 8.81072 8.283433 8.118224 8.116292 7.750742 8.268152 8.681587 8.725131 9.08926 9.33391 10.09895 10.21634 10.55836 10.44429 
  9.203289 7.700971 6.076222 5.996082 6.371347 7.400668 9.628208 9.602903 6.952643 8.11925 8.14561 7.8539 8.116292 8.012957 8.825795 9.291244 8.840455 9.520763 9.764362 10.1236 9.864589 10.38906 10.4644 
  10.25026 9.107251 8.587138 7.314527 6.069235 5.979342 9.091269 8.428075 6.483228 6.924891 7.111938 6.638164 8.517511 8.562841 8.589989 9.100726 8.584737 9.665376 9.843302 9.983879 10.14049 10.40787 10.45435 
  9.203289 9.599449 8.517209 7.39151 6.144763 5.163253 7.413333 7.933411 6.483228 6.987752 7.525406 7.523496 7.77239 7.750742 8.209848 8.381391 9.043118 8.857634 9.197211 10.08251 10.0898 10.23529 10.31359 
  10.14005 9.177565 7.608135 6.698656 6.522404 5.341968 5.475905 6.944081 6.483228 6.547725 7.249761 7.325253 7.274661 8.362884 8.354183 8.495258 8.845469 9.376151 9.685423 9.975659 10.10003 10.35489 10.78549 
  10.80129 8.755681 5.913218 6.236753 5.331748 5.147007 7.010629 7.562412 6.952643 7.113474 7.180849 6.938765 7.494867 7.496071 8.180696 9.062622 9.274281 9.250391 9.275325 9.811276 10.13543 10.63361 10.5508 
  10.36047 9.247879 7.188562 6.929607 6.069235 5.1795 6.138102 6.882248 5.610974 6.484864 6.974114 6.738364 7.406785 7.878077 8.307022 8.609126 9.389861 9.491841 9.58778 9.804411 9.895299 10.38052 10.65511 
  9.478807 9.599449 6.838918 6.236753 6.748988 5.423202 6.675042 7.253247 6.600582 6.673447 6.843817 6.566592 7.715073 8.012957 7.850304 8.515962 9.274281 9.018764 9.568252 10.07429 10.40849 10.44549 10.52472 
  9.313496 8.19317 6.442982 6.236753 5.993707 5.406955 4.903296 5.140814 5.418017 5.921893 6.170612 7.225052 7.715073 8.212914 8.141826 8.650533 8.589751 9.433996 10.04065 9.909906 10.04885 10.32926 10.96803 
  10.30536 8.825995 7.957779 7.545478 6.446876 5.390708 5.802515 5.896614 5.26794 6.190584 7.043026 7.325253 7.494867 7.76489 8.637151 8.50561 8.770258 9.289384 9.617073 9.591578 10.1506 10.40787 10.40408 
  9.644118 9.740077 7.398349 7.006591 6.371347 5.605309 5.565375 5.838475 4.946346 5.947482 6.865533 7.139166 7.58295 7.609258 8.448505 8.019084 8.740173 9.781065 9.882771 10.14826 9.874825 10.57717 10.86372 
  9.533911 8.544739 6.076222 6.024983 6.29582 5.22824 5.601163 5.373367 6.082645 6.280148 6.670087 7.457415 6.848929 7.835632 8.401344 8.795897 9.235753 9.189967 9.275325 9.371878 9.680327 10.40787 10.75941 
  8.872667 7.422307 7.258491 5.996082 6.144763 6.054148 6.138102 6.573083 6.189843 6.011456 6.561505 7.523496 7.887024 8.262904 8.180696 8.609126 9.120173 9.149684 9.167918 9.783814 10.2669 10.14987 10.3337 
  9.699222 8.615053 7.817921 5.851577 5.62963 5.293228 5.735398 6.202085 5.911128 6.203379 6.887249 7.919981 8.058975 8.212914 8.637151 8.910209 8.889009 8.978482 9.421788 9.488593 10.1506 10.03881 10.11252 
  9.3686 8.825995 8.237494 7.006591 6.522404 5.904535 6.809277 5.722198 5.996887 6.10102 6.192329 6.795621 7.77239 8.212914 7.733695 8.153655 8.850483 9.549685 9.451081 10.04141 10.0898 10.72766 10.38397 
  8.542045 9.318193 7.258491 7.083575 6.824516 5.680115 5.046449 5.470265 6.600582 5.665997 6.409492 6.752678 6.819568 7.76489 8.307022 8.267523 9.120173 9.83891 9.646366 9.844153 9.966955 10.38906 10.52472 
  10.14005 9.107251 7.468277 6.390721 5.348298 5.530502 5.547481 5.102055 5.932568 6.331326 6.47464 7.787819 7.829707 7.722445 7.957195 8.834002 8.664962 9.210108 9.784098 10.45237 9.731511 10.40787 10.78549 
  9.093081 8.685368 8.237494 6.621672 5.431042 6.278568 4.670674 5.954752 5.846809 6.318532 5.584273 7.024651 7.157218 7.42533 8.542828 9.176933 9.466915 9.72322 9.902507 10.06607 10.25173 10.35489 11.04626 
  8.872667 8.685368 7.188562 5.475862 5.910962 5.455695 5.171707 6.016585 5.418017 6.987752 6.952398 7.589576 8.058975 7.580962 8.307022 8.757794 8.715103 8.615936 9.578016 9.516055 9.444883 10.03027 10.21306 
  9.533911 8.474425 7.258491 6.467705 6.144763 5.605309 5.869633 5.392747 4.817708 6.736308 6.974114 6.738364 7.259981 8.562841 8.448505 8.71969 8.889009 9.607531 9.675658 9.770082 9.874825 10.3378 10.68118 ]
