 [
  4.275134 3.850857 4.200059 5.409499 5.137568 4.191869 4.702956 4.244216 5.709201 6.448814 5.995017 6.811453 6.942261 7.851479 8.517529 8.598248 8.405454 8.780712 9.638653 9.601052 10.05429 10.07993 10.54334 
  3.852098 3.850857 4.215464 5.569406 4.961403 5.077173 5.071406 6.438895 6.470276 5.800408 6.910945 7.719353 7.553337 8.320324 8.425333 8.199945 8.777385 9.381073 9.742597 9.89862 10.2857 10.34905 10.37438 
  3.587701 3.823447 4.585187 4.827235 4.533572 3.940023 4.439778 5.015158 5.170618 5.754094 6.43558 6.457676 7.358903 7.924836 8.886312 8.765541 9.132317 9.262275 8.869869 9.252812 10.02958 10.14237 10.0046 
  4.063617 2.26105 4.523566 5.001112 4.961403 4.897037 5.281949 5.207894 5.534526 6.30987 6.46947 6.643875 6.956149 7.581736 8.016266 8.654012 8.267701 8.773068 8.990839 9.796062 10.10372 10.20481 10.25992 
  3.217545 2.288461 3.645475 4.943153 5.904488 5.456669 5.358313 5.762009 5.170618 5.661464 6.175761 6.197 7.691595 7.413146 8.065497 8.312286 8.736059 9.147617 9.39097 9.935247 10.06665 10.22563 10.46525 
  4.458188 3.987909 4.076818 5.136349 5.036902 4.443715 5.106496 5.617457 5.563638 5.730936 6.24354 7.498895 7.691595 7.868338 7.954727 8.210158 8.990094 9.254631 9.335138 9.796062 10.3039 10.10074 10.04862 
  5.23113 3.028543 4.184654 4.672678 4.797821 5.510882 5.887683 6.557584 5.723758 6.30987 7.007421 7.498895 8.023039 7.981334 8.262424 8.598248 9.037501 9.767167 9.500061 9.190903 10.21291 10.19441 10.13667 
  5.463013 4.150435 3.799526 4.556761 4.432906 4.846668 4.878408 5.713824 6.02944 6.471971 6.717993 6.774213 7.358903 7.750325 7.548569 8.016113 8.515656 9.025315 9.279305 9.796062 9.683568 10.184 10.11906 
  4.380893 3.247827 4.123034 5.329545 5.704612 4.720745 5.475951 6.14217 5.854764 6.008824 6.46947 6.643875 7.483896 7.548018 8.609725 8.821305 9.132317 9.224055 9.279305 9.38437 10.19471 10.40929 10.11025 
  4.999247 3.330058 4.739938 5.039751 5.099819 5.402455 4.597685 5.304261 5.971215 6.356184 6.910945 6.941791 7.414456 7.143404 8.237807 8.932835 9.037501 9.58897 9.811893 9.708155 10.2493 10.23604 10.31275 
  2.635871 3.549342 5.04944 5.489452 5.062069 5.02296 5.475951 6.082825 6.20738 5.707779 6.706697 7.03489 7.581113 6.856802 7.523953 8.765541 8.873811 9.648369 9.186252 9.515927 10.10372 10.36913 10.09264 
  2.74163 3.055954 4.107628 4.09309 5.637987 5.510882 5.299494 5.617457 6.259959 5.221475 6.548545 6.811453 6.900597 7.328852 7.733186 8.87707 9.084909 9.678068 9.898513 9.252812 10.2857 10.44945 9.925364 
  0.9966071 3.220417 4.123034 4.846555 5.137568 3.990392 5.124042 4.91879 5.796539 6.425656 6.492063 7.221088 7.414456 7.379428 7.499337 8.036539 8.446779 8.987096 9.482738 9.670701 9.782429 9.840568 10.13667 
  3.429063 3.357469 4.184654 5.117029 4.671988 3.940023 5.053861 5.964135 5.927546 6.170926 6.717993 7.370047 6.886708 6.789366 7.831649 8.654012 9.511575 9.09411 9.186252 9.361154 9.881289 10.23604 10.98062 
  4.69007 3.713805 4.015198 4.209008 5.036902 4.947406 5.159132 5.03925 5.505413 6.9418 7.055659 7.183848 7.372791 7.615454 8.127037 8.506331 8.901361 9.262275 9.204863 10.12571 10.2857 10.48961 10.4184 
  4.380893 2.86408 4.585187 5.489452 5.200485 5.185601 5.475951 5.964135 6.470276 6.798847 6.187057 7.388666 7.857317 8.320324 8.379234 8.53697 8.667183 8.948877 9.465413 9.730131 9.770071 10.36913 10.57457 
  3.69346 2.23364 4.41573 5.059071 4.822987 5.02296 4.597685 5.376537 5.738314 5.893038 6.46947 7.258327 7.178358 7.581736 8.114729 7.944623 9.179724 9.499871 9.621329 10.15501 10.2857 10.24644 10.38318 
  4.535481 3.796036 4.508162 5.569406 5.238235 4.74593 4.685411 5.15971 5.796539 6.798847 7.29685 6.625255 7.067254 7.851479 8.333137 8.598248 8.598307 8.841863 9.84654 9.78141 10.19471 10.44945 10.18949 
  2.477232 3.275238 4.215464 6.368941 5.637987 5.294028 5.53477 6.913654 6.628014 6.9418 7.055659 7.609124 7.746835 8.320324 8.425333 8.588035 8.832485 9.351374 10.1757 9.986526 10.3039 10.14237 9.85493 
  4.116496 3.960499 5.04944 5.969173 7.503496 6.757796 7.828708 8.634657 7.627019 7.704218 8.261611 8.93187 10.17743 11.08874 10.03876 11.44224 11.73972 10.56906 10.98992 10.74537 10.23111 10.73057 10.65266 
  4.535481 5.450642 6.287448 8.207873 8.836002 8.221565 8.534534 10.11828 9.309554 9.89617 9.612277 11.13644 12.11086 11.59722 11.4678 12.33447 12.64046 12.70742 12.58864 12.44663 11.55953 11.27274 11.21488 
  3.904978 5.69443 7.061203 9.726992 10.50164 9.03477 9.063906 10.35566 10.83435 10.84919 10.48056 11.19156 11.61369 12.55769 12.85074 14.1747 14.82119 14.29209 13.69569 13.90485 12.93176 12.97003 12.62157 
  3.904978 5.938219 6.906452 10.12676 10.70151 9.197411 10.00501 9.940245 11.78078 12.23107 11.63828 11.3569 12.49754 13.91365 13.7266 15.1227 15.89491 15.69582 15.10465 14.39093 14.34487 14.15111 13.94855 
  4.844659 6.019482 8.299212 10.12676 10.63489 9.414266 10.18147 10.94911 11.09725 11.84986 11.05942 10.9711 12.38706 14.59163 14.09538 15.1227 16.11593 16.13449 15.80913 16.09219 15.17611 15.33219 15.17346 
  5.772189 6.344534 7.525456 9.487131 9.635507 9.79376 10.5932 10.29631 10.41372 11.3257 11.44532 11.24667 12.66327 14.59163 14.09538 15.28999 16.17119 15.78355 15.10465 15.72763 15.42548 15.60474 15.58177 
  5.926778 6.263271 7.680207 9.24727 9.169129 9.522693 10.82847 10.05894 10.04566 10.32503 11.49356 11.30179 12.88423 14.36563 14.04929 16.13917 17.11053 16.39769 16.21169 16.21371 16.42297 16.14986 16.09215 
  5.308424 4.719275 7.061203 8.927456 8.236375 8.817915 9.299181 9.64352 10.25598 10.70624 10.96294 11.08133 12.4423 13.85715 14.49327 16.27352 17.49731 16.39769 16.11105 16.45675 17.00483 16.42241 16.90875 
  4.380893 4.069172 6.983828 7.968013 8.702752 8.221565 8.358078 8.931381 10.99209 11.1351 10.5288 11.02622 12.27658 13.85715 14.04929 17.12441 17.82885 16.92409 16.7149 17.06434 16.58921 16.87668 17.11291 
  4.844659 5.12559 6.132697 7.808105 7.103744 7.516788 7.887527 8.753346 10.62403 10.89684 10.1429 10.47507 12.33182 13.91365 14.34042 17.07963 18.10512 16.66089 16.7149 17.30738 16.92171 17.33094 17.21498 
  4.999247 4.231698 5.977946 7.00857 8.169749 8.275779 8.652173 7.566448 8.363129 10.18208 10.76999 11.30179 11.94514 13.74415 14.14148 16.18395 18.27089 17.45049 17.11746 17.79345 16.58921 17.24009 17.62329 
  4.999247 4.881801 5.513693 5.729313 8.236375 7.950497 8.299259 8.575312 8.836341 9.800867 10.28761 11.08133 11.50321 13.91365 14.18758 16.18395 18.49191 18.15236 17.7213 18.27953 17.42045 17.9669 18.03159 
  4.767365 4.638012 6.287448 7.408338 8.369625 6.974651 7.828708 9.821555 9.572451 10.84919 10.91471 10.91599 12.00038 13.97015 14.41685 15.91525 17.71834 17.88915 18.02322 18.03649 17.42045 18.60287 18.54197 
  4.612776 6.50706 7.061203 9.407177 9.235754 7.896283 9.299181 10.59304 10.51888 12.56463 12.31361 12.18362 13.49188 14.87412 14.79896 16.3183 18.10512 18.59102 17.7213 18.03649 17.66982 18.33031 18.8482 
  5.076541 6.100745 7.680207 9.407177 10.03526 8.872129 9.063906 9.406141 11.09725 12.51698 11.44532 11.19156 14.65194 16.56552 14.49327 15.73611 17.33155 17.45049 16.81553 16.69978 16.25672 17.14923 17.31706 
  11.10549 11.87041 11.93586 12.44541 12.36715 11.5286 10.76965 11.18649 11.88594 12.18342 11.73475 11.08133 13.54712 15.10011 13.26562 13.72859 15.01082 14.64302 13.79633 13.66182 13.59675 14.06025 13.64233 
  14.60989 15.06358 15.9047 17.66794 17.77988 16.46259 14.76006 15.53449 16.85185 17.57463 16.28286 15.30663 17.17471 18.17049 17.93229 17.61704 17.22104 15.08169 11.88416 10.86689 12.84864 12.29684 11.40229 
  14.83051 15.56909 16.25134 18.11308 19.54196 17.77975 16.49197 16.34158 17.90042 18.95313 17.13046 16.40977 18.47213 19.35677 18.84937 18.42315 17.77359 15.69582 11.64824 10.61652 12.84864 12.67837 12.24563 
  14.68932 15.55037 16.30912 17.82981 19.93353 18.43833 17.02487 16.28778 17.37613 19.05917 17.7897 16.79347 18.40005 19.07764 18.69652 18.24402 17.49731 15.69582 12.08544 10.86689 13.43051 13.42429 12.05822 
  14.62754 15.53165 16.28023 17.74887 19.83563 18.54809 16.89164 16.23397 17.02661 19.05917 18.26059 17.03329 18.54421 19.28699 18.84937 18.37837 17.55257 15.60809 12.488 10.86689 13.59675 13.9694 12.51949 
  14.59225 15.4942 16.19357 17.587 19.54196 18.65786 16.62519 16.28778 17.02661 19.05917 18.54312 17.08125 18.61629 19.42655 18.84937 18.2888 16.94476 14.99395 12.28673 10.62385 13.18114 13.9694 12.37056 
  14.5393 15.43803 16.1358 17.4656 19.44406 18.76762 16.55858 16.39539 17.11399 19.16521 18.6373 17.17718 18.76045 19.49633 19.00221 18.51272 17.11053 14.99395 11.9848 10.25757 12.51614 13.42429 12.62157 
  14.51282 15.41931 16.1358 17.38466 19.34617 18.87738 16.49197 16.44919 17.20137 19.27125 18.82566 17.32106 18.97669 19.49633 19.00221 18.5575 16.94476 14.55529 12.18608 10.74537 12.84864 13.9694 12.9278 
  14.52165 15.38186 16.1358 17.34419 19.34617 18.87738 16.62519 16.503 17.28875 19.37729 18.82566 17.41699 19.12085 19.35677 18.92579 18.42315 16.55797 13.76569 11.9848 10.44071 12.37843 13.42429 13.02987 
  14.504 15.38186 16.16468 17.38466 19.34617 18.76762 16.69181 16.61061 17.55089 19.48333 18.54312 17.46495 19.19292 19.14743 18.77294 18.42315 16.17119 13.76569 12.08544 10.62385 13.26426 13.87855 13.3361 
  14.51282 15.38186 16.22246 17.54653 19.44406 18.65786 16.75842 16.71822 17.90042 19.48333 17.97806 17.41699 19.12085 18.79852 18.6201 18.2888 16.17119 13.15155 12.28673 10.62385 12.16006 13.42429 13.54025 
  14.49517 15.34442 16.22246 17.74887 19.63985 17.99928 16.89164 16.77203 18.33732 19.27125 17.13046 16.8894 19.19292 18.37983 18.08514 17.88574 15.83965 13.06382 11.68288 10.08908 11.50494 12.97003 12.72364 
  14.37163 15.23208 16.16468 17.66794 19.05249 16.79188 16.35875 16.61061 18.33732 18.21086 16.18868 16.40977 18.2559 17.26333 16.86238 16.94528 15.06608 12.29163 11.14584 9.971875 10.95901 12.73861 12.41742 
  14.11997 14.96996 15.81804 16.61577 17.19253 14.15757 14.89329 16.07255 17.55089 16.62028 14.68184 15.69034 17.03055 15.30945 15.56319 15.82568 14.53675 11.48974 10.33161 9.662962 10.83163 12.15628 11.6834 
  13.81079 14.74529 15.41363 15.68501 15.82203 12.95018 13.8275 15.53449 16.85185 15.66593 13.64589 15.16275 16.38184 14.42213 15.02823 15.17846 13.82564 9.678068 9.39097 9.766759 10.75884 11.35306 11.30859 
  13.50161 14.48318 15.06699 15.08388 15.23467 12.73065 13.36121 15.10404 16.41495 15.24178 12.98664 14.44331 15.8052 13.74415 14.56969 14.78811 13.44638 10.56906 10.1757 11.23144 10.83163 12.11612 11.04309 
  13.81079 14.38956 15.0381 15.5636 15.52835 13.38923 13.2946 14.94262 16.50233 15.55989 13.175 14.27796 15.44481 13.68766 14.18758 14.39776 13.06712 10.30176 9.967809 10.86689 10.74064 12.17636 11.30859 
  14.2922 14.52062 15.26919 16.77764 16.31149 14.81615 14.29378 15.05024 17.02661 16.40821 14.21095 15.01886 15.8052 14.25264 14.79896 15.17846 14.11008 10.45026 9.881188 10.27222 11.66872 12.69845 12.24563 
  14.53047 14.68913 15.41363 17.30372 16.89885 15.58449 14.9599 15.21165 17.20137 17.25652 14.77602 15.45052 16.23768 15.30945 15.71603 15.96003 14.01527 10.86605 10.22767 10.61652 12.43302 12.71853 12.51949 
  14.58342 14.82018 15.4714 17.30372 17.09464 16.02354 15.15973 15.42688 17.02661 17.57463 15.43526 15.83422 16.30976 15.86771 16.09815 16.40787 14.29971 11.37094 10.08908 10.49931 12.84864 12.87917 12.82572 
  14.54812 14.76402 15.41363 17.14185 16.99674 15.80402 15.09312 15.31927 16.50233 17.36255 15.81197 15.64237 15.8052 15.79792 15.9453 16.40787 14.96342 12.67772 10.14105 10.16966 12.84864 12.87917 13.3361 
  14.4687 14.59551 15.09587 16.08969 15.33256 14.3771 14.49361 14.56598 15.10425 15.55989 14.58766 14.82701 14.72402 14.47863 14.09538 14.89964 14.53675 12.11343 9.621329 10.16966 11.0864 11.49363 11.82396 
  14.54812 14.76402 15.15365 15.80641 14.35363 12.51112 13.36121 14.29695 12.83236 12.90893 12.89247 14.63516 15.37273 15.5188 12.66635 12.83635 10.69676 10.00476 9.409581 10.21362 10.52227 11.3129 11.05871 
  14.40693 14.48318 14.83589 15.84688 14.15785 12.2916 13.22799 14.13553 12.91974 12.90893 12.84423 14.53923 15.08441 15.37924 13.31172 13.50553 10.45972 9.826567 9.655977 9.686178 10.2493 11.55387 11.08994 
  14.30985 14.38956 14.63369 15.72547 13.96206 12.07207 13.02815 13.70509 12.91974 12.70759 12.89247 14.44331 14.79609 15.65836 13.12733 13.56129 10.60194 9.796866 9.811893 10.01583 10.57686 11.35306 10.88692 
  14.27456 14.22704 14.48925 15.68501 13.76628 11.96231 12.82832 13.38225 12.83236 12.65993 12.84423 14.38819 14.59669 16.00727 13.08123 13.56129 10.60194 9.915665 9.482738 9.655224 10.41308 11.09202 11.40229 
  14.28338 14.22704 14.41188 15.5636 13.5664 11.79967 12.65186 13.20422 12.83236 12.70759 12.84423 14.33308 14.43097 15.79792 13.6805 13.84011 11.31305 10.00476 9.552033 9.840014 10.50407 11.39322 11.40229 
  14.3981 14.3083 14.3345 15.48365 13.36653 11.79967 12.4754 13.14487 12.67462 12.80289 13.08082 14.44331 14.32049 15.10011 14.00319 14.06317 11.50268 9.678068 9.260695 9.847341 10.90442 11.73459 11.44914 
  14.58342 14.57679 14.10237 15.40369 13.36653 11.90809 12.35777 12.96684 12.14883 12.80289 13.45753 14.63516 14.21001 15.23967 14.04929 13.89588 11.73972 10.18296 9.967809 9.508188 10.35849 11.67435 11.27735 
  14.48635 14.38956 13.56075 14.92397 12.5004 10.82382 11.47548 11.89863 10.83435 11.56396 12.65128 13.67171 13.04995 14.30914 13.40391 11.498 10.74417 9.767167 9.27 10.07443 10.12192 10.73057 11.07433 
  13.96538 13.49567 11.08473 13.24495 10.63489 7.733643 9.358 10.415 9.151816 10.61094 10.86647 11.52225 11.17177 12.04921 11.28341 9.49048 9.843426 10.06416 9.149031 9.554621 9.819501 10.17359 10.63704 
  13.34702 12.7643 9.382469 11.16615 8.302999 7.40836 9.240362 9.584175 8.25797 10.75389 10.23937 9.8137 9.901226 9.845776 9.762174 9.100128 9.369353 9.440472 9.552033 9.861992 10.01722 10.48961 10.48087 
  12.3422 11.78915 7.912333 9.24727 7.503496 7.733643 8.358078 7.981863 6.943489 9.657914 9.081658 8.986983 8.630688 8.376822 8.16396 8.821305 9.132317 9.101754 9.638653 9.942573 9.708283 9.944638 10.57457 
  10.79631 9.920101 6.519575 6.688756 6.30424 6.378301 6.946424 7.981863 7.469281 8.60959 8.309849 8.546068 8.409725 8.659313 8.471431 8.654012 9.084909 9.216412 9.223474 9.585575 10.15832 10.24644 10.17188 
  9.018547 8.701159 7.215954 6.049127 5.30486 6.703583 7.358156 7.329068 6.996068 8.60959 7.634516 8.986983 8.74117 8.376822 8.794117 8.821305 9.321945 9.796866 9.534709 9.624269 10.02958 11.1121 11.01186 
  7.163486 8.457369 6.287448 6.688756 6.637366 5.781951 6.181778 7.388413 7.469281 7.561265 8.020421 9.979042 9.293578 9.0548 9.439488 8.9886 9.132317 9.58897 9.500061 9.788736 10.06665 10.69041 10.76198 
  6.313249 6.750848 6.674326 7.168477 6.370865 4.796299 6.240597 7.329068 6.89091 7.323009 7.103897 9.262555 8.962133 8.546316 8.701921 9.434715 9.369353 9.678068 9.500061 9.9792 10.44948 11.03178 10.91815 
  6.15866 6.425797 4.508162 5.649359 5.971113 5.836164 5.475951 6.735619 6.785751 6.798847 7.393326 8.93187 9.017374 8.489819 8.655823 8.53697 8.942687 9.648369 9.344443 10.07443 10.2493 10.40929 10.26873 
  4.169375 4.638012 5.513693 4.904513 6.637366 5.944592 6.240597 5.713824 6.312538 7.561265 7.586278 9.262555 7.912558 7.025391 8.016266 8.709777 9.037501 9.410772 9.794569 9.585575 10.00486 10.12156 10.25992 
  4.458188 6.263271 5.513693 4.691998 5.137568 5.510882 5.946502 5.7861 6.154801 7.180056 7.634516 7.884696 7.967798 8.207327 8.176269 8.455267 9.084909 9.55927 9.586681 9.554621 10.07901 10.20481 10.32155 
  4.999247 6.182008 5.823195 5.059071 4.646821 5.185601 5.071406 4.798331 6.102221 7.465962 7.682754 7.93981 7.636353 7.868338 8.471431 8.414415 8.419229 9.063535 9.534709 9.662962 10.04194 10.32897 10.49649 
  6.004072 7.157163 5.823195 5.569406 5.150152 5.131387 5.946502 6.676274 6.102221 7.180056 6.910945 7.554009 7.275575 8.150828 8.287039 8.526757 8.990094 8.964165 9.534709 10.16234 10.15832 10.40929 10.52772 
  5.617601 7.726003 6.906452 6.448895 5.371485 5.727737 4.1766 6.37955 6.417697 7.513614 7.393326 7.93981 7.553337 7.981334 8.379234 9.100128 9.321945 9.440472 9.534709 9.299244 9.312843 9.934231 10.52772 
  4.458188 5.613168 5.436317 5.569406 5.904488 5.510882 5.299494 5.400629 5.781983 6.9418 7.248611 7.388666 7.331127 8.094331 8.978508 8.557396 8.860036 9.291974 9.777245 9.91327 10.15832 10.30888 10.62142 
  4.999247 5.206853 5.74582 5.409499 4.986569 4.645191 5.652407 5.762009 6.522855 6.751196 6.390394 7.554009 7.428344 7.868338 8.563626 8.383777 8.667183 8.872438 9.037366 9.469495 10.05429 10.40929 10.33036 
  3.799219 4.881801 5.358942 5.569406 4.470656 4.091131 5.358313 6.02348 6.259959 6.989451 6.412987 7.183848 8.464966 8.094331 8.333137 8.598248 8.722283 9.381073 9.690625 9.593314 10.23111 10.61009 10.44963 
  4.921953 5.369379 5.126815 5.310225 5.099819 5.239814 5.53477 6.61693 6.365118 6.101454 6.051499 7.09075 7.691595 7.328852 7.893188 8.557396 9.084909 9.470172 9.777245 9.949898 9.807143 10.29848 10.59019 
  4.921953 4.312961 3.59926 5.329545 5.238235 5.348242 5.176677 6.320205 5.505413 6.703545 6.910945 8.160268 8.023039 8.320324 8.886312 8.654012 9.227131 9.648369 9.794569 9.89862 9.819501 10.32897 10.13667 
  5.23113 5.12559 4.169249 5.155668 5.771237 4.015577 4.369597 5.352446 5.578195 5.86988 6.638917 7.498895 6.692275 7.716607 8.655823 8.9886 9.179724 9.017672 9.863865 10.10373 10.54047 10.48961 10.48087 
  4.169375 3.905678 4.894689 4.981792 5.571361 4.242238 4.895954 5.689733 6.365118 5.754094 6.605028 6.792833 6.983925 7.817761 8.003959 8.087604 8.061073 8.971808 9.372359 9.299244 10.2675 9.975859 10.30394 
  4.999247 5.206853 5.436317 5.136349 5.30486 4.897037 5.652407 5.7861 5.214287 6.798847 6.706697 7.202468 7.289463 7.463723 7.536261 8.261223 8.515656 9.216412 9.690625 9.927921 9.856573 10.32897 10.57457 
  4.328013 3.576752 4.585187 5.649359 5.837862 3.411147 4.422233 5.641549 5.91299 6.703545 6.559842 7.127989 7.011701 7.868338 8.065497 8.821305 8.708508 9.291974 9.13042 9.639746 10.19471 9.642834 10.46525 
  5.308424 3.521932 4.3233 5.569406 5.504736 4.846668 5.358313 5.231986 5.854764 5.96251 6.514656 7.554009 7.746835 7.716607 8.114729 8.46548 8.928912 9.170548 9.353748 9.810713 10.19471 10.38921 10.48087 
  3.640581 4.312961 4.817314 4.363564 4.520989 4.242238 4.61523 5.063342 5.563638 5.545678 6.096685 6.941791 7.636353 7.463723 7.917804 8.404202 8.763609 8.918302 9.176947 9.869317 10.00486 10.38921 10.28634 
  3.957857 4.394224 3.968982 4.344245 4.583905 3.814101 4.755592 5.496997 6.154801 6.286713 6.492063 7.332807 7.691595 7.66603 8.425333 8.87707 8.942687 8.925945 9.121115 10.17699 10.14012 10.24644 10.71513 
  3.534822 4.312961 4.477351 5.489452 5.637987 4.569637 5.01877 6.14217 6.058553 6.425656 6.910945 7.44378 7.746835 7.598595 7.671647 8.475693 8.625857 9.032959 9.794569 9.876642 10.61326 10.54985 10.62142 
  5.463013 3.604163 4.739938 6.049127 5.30486 4.393345 4.843318 6.557584 6.522855 6.798847 7.007421 7.774467 7.317239 8.376822 8.379234 8.516544 8.873811 9.321673 9.777245 9.737457 9.794785 10.69041 10.80883 ]
