 [
  5.148871 4.297764 4.628974 6.306636 5.071164 5.547383 5.593362 5.912529 7.259314 7.566071 6.751509 7.407929 7.727867 8.16191 8.684006 8.775055 9.333899 9.680676 9.769535 9.632015 10.0196 10.53415 10.56404 
  5.34479 6.071403 5.947679 5.189019 5.897624 4.558234 5.377913 5.132182 6.764105 7.690104 7.858538 7.558724 7.939472 8.193547 8.618086 8.599014 8.529279 9.053589 9.069366 9.513812 10.11939 10.05748 10.40192 
  4.038661 4.354431 5.618003 6.14342 5.812769 5.620964 5.131684 5.646069 6.307781 6.962815 7.656783 7.580266 8.773561 8.415007 8.640059 8.842763 9.275474 9.005411 9.110012 9.726578 10.0753 10.24617 10.22358 
  4.887645 3.504422 4.793812 6.551461 6.067336 5.473803 5.716476 6.12189 7.940451 8.723711 8.625207 8.729468 8.058628 8.541555 8.558204 8.984151 9.626028 9.415039 9.880346 9.549273 10.47211 10.7848 10.72308 
  5.410097 5.204439 5.82405 5.21115 5.044678 5.225836 5.162462 6.198022 6.978846 7.314245 8.302399 8.856886 7.706707 8.69974 8.596112 8.599014 9.105515 9.077678 9.769535 9.643836 9.880209 10.53415 10.54783 
  5.476161 5.997781 7.36607 5.816987 5.018192 4.996944 5.562584 6.60519 7.419581 7.378141 7.93924 8.729468 8.25722 9.016111 8.640059 8.899318 9.363112 9.535783 9.536789 9.887119 9.831012 10.57838 11.11415 
  4.887645 5.034438 5.329536 5.321805 5.018192 4.386565 4.700784 6.401266 7.099046 6.70723 8.302399 9.239138 8.932434 9.14266 9.057554 8.219851 9.012906 9.680676 9.099851 10.44803 10.14878 10.15532 10.66722 
  4.757032 5.431108 6.75677 4.680005 5.177107 5.473803 5.254798 6.554209 6.656734 6.803075 9.069067 10.30095 10.52117 10.53469 10.61767 9.577981 9.918157 9.511634 9.425014 9.980604 10.32514 10.37196 10.46136 
  5.377444 7.175736 8.203858 5.898595 5.150621 4.615458 5.285577 6.962057 6.549364 7.122556 8.423451 9.409027 8.574968 9.047749 9.694783 9.408316 9.479963 9.354697 9.658725 10.31715 9.535827 10.26713 10.86275 
  4.659073 5.374441 5.86526 5.43246 5.441966 5.694545 5.870369 6.045759 6.952003 7.2184 7.818187 9.069248 8.177783 8.117291 8.705979 8.842763 8.591019 9.053589 10.03548 9.887119 9.740816 10.38671 10.93258 
  4.920299 5.147772 4.876231 5.343936 5.680339 4.901572 5.65492 5.646069 6.119883 7.282297 7.898889 8.517106 8.098346 8.415007 8.096098 8.653181 8.529279 9.366741 9.648563 9.679296 10.19287 10.23219 10.54783 
  4.985605 5.431108 5.494374 6.469852 6.57647 6.503932 6.173458 6.554209 7.579849 7.524726 7.353195 8.219799 7.727867 7.715723 8.430727 8.788597 8.765947 8.716348 9.465659 9.905816 10.036 10.56364 10.83482 
  4.789686 5.657777 6.299795 5.277543 4.96522 5.225836 5.316355 5.931561 6.334623 5.876578 7.898889 8.177327 7.875991 8.225184 8.815846 8.63964 8.580729 9.366741 9.680887 9.980604 10.45741 10.66685 10.36409 
  4.365193 4.864436 4.793812 5.011971 5.203593 5.915287 5.439469 6.554209 7.339447 7.855481 8.665558 8.432161 7.749027 8.16191 8.048294 9.266928 9.479963 9.161987 9.008398 9.241943 10.35453 10.40145 10.54783 
  4.365193 4.864436 5.123488 5.189019 4.461988 4.253045 5.039348 5.646069 6.388309 7.896825 8.423451 7.795075 7.220014 7.879325 8.382922 8.63964 8.817397 9.017456 9.343722 9.608375 9.937607 10.43094 10.47217 
  3.712129 5.261106 5.988888 5.735379 5.521424 6.136029 6.294693 6.60519 6.441994 6.898919 8.504154 8.517106 8.376375 7.864452 8.574139 8.693806 8.837976 9.970461 10.07981 10.6163 11.23633 11.581 11.42142 
  4.789686 5.827779 5.288326 7.04111 6.661326 5.244911 6.052223 6.60519 6.764105 7.282297 7.616432 7.62335 7.304657 7.210044 8.382922 8.612556 8.858557 9.608229 9.475821 10.24236 11.01588 11.41881 11.75662 
  4.62642 5.431108 5.205907 5.980203 5.812769 5.168613 5.562584 6.554209 7.259314 8.062202 8.786611 7.558724 8.058628 7.760342 7.857078 8.070894 8.683628 9.728973 9.313239 9.45471 10.0442 10.33702 10.51541 
  4.4305 5.714445 5.205907 5.100494 5.653853 5.149539 5.316355 5.493806 7.259314 8.103546 8.826962 7.964965 7.749027 7.834706 7.554319 8.301101 9.074645 9.584081 9.880346 9.832961 10.20757 10.12037 10.66722 
  4.038661 4.751101 4.093251 4.591481 5.680339 5.168613 5.285577 5.569937 5.98567 5.684889 6.149824 6.373909 7.346977 7.90907 8.430727 8.599014 9.217048 9.089722 9.680887 9.77386 9.831012 10.37196 10.56404 
  4.006008 5.204439 4.835022 5.321805 5.897624 4.996944 5.501027 6.236087 5.26092 5.397356 6.751509 7.300219 7.85483 7.358773 7.618058 8.73443 8.940876 9.222209 9.858184 9.750219 10.13408 10.37196 10.66722 
  7.391998 9.016291 9.346296 10.63187 11.58296 12.83187 13.20511 12.26408 12.482 12.84018 13.09341 13.10413 13.30679 13.36618 13.79196 14.13662 14.3471 14.61001 15.86302 15.7817 14.4126 13.72541 14.40419 
  6.136794 8.721802 8.508509 9.652572 10.56469 12.09607 13.08388 12.36604 11.42627 11.82453 11.97434 11.95737 12.10991 12.17982 12.72297 12.95839 13.12994 13.49404 14.90087 14.71501 13.33833 12.78287 13.58539 
  3.744782 5.657777 5.370746 5.520984 5.177107 5.768126 7.749519 10.3268 10.34446 7.648759 6.977141 7.407929 7.156533 8.117291 8.727953 8.544848 8.673338 9.246298 9.282755 9.832961 9.954005 10.30208 10.75102 
  3.32029 2.371078 3.928413 5.122626 5.071164 5.168613 5.00857 5.798332 7.780183 7.2184 6.82672 6.869377 7.05073 8.16191 8.96966 9.153817 9.363112 9.222209 9.769535 9.868423 10.0606 10.11339 10.93258 
  4.593766 2.767748 3.763575 5.21115 5.600882 4.558234 4.423777 5.531872 6.307781 6.675282 5.20969 7.149424 6.923767 8.087545 9.233341 10.0587 9.655241 9.294476 9.769535 9.821141 9.609623 10.16929 10.94655 
  4.822339 3.107752 3.681155 4.79066 5.521424 5.187687 5.347134 6.083825 6.81779 7.814137 7.541222 7.10634 7.410459 7.983435 8.00049 8.55839 8.796817 9.330608 9.516466 9.111919 9.609623 10.05049 10.56945 
  5.116218 4.241096 4.876231 4.237384 4.117671 4.691755 5.285577 5.208313 6.388309 7.442038 7.737485 7.62335 6.585198 7.760342 8.574139 8.87104 8.714498 9.186076 9.791698 10.018 9.970405 10.40145 10.55324 
  3.646822 4.5811 5.700421 5.144757 5.336022 4.996944 3.900541 6.217054 6.549364 7.250349 7.616432 7.666434 6.881446 7.90907 8.925714 8.626098 8.961456 9.415039 9.435175 10.018 10.17817 10.25316 10.51 
  4.757032 4.467766 3.433898 4.635743 4.912248 4.748978 5.285577 5.132182 5.448818 6.483593 7.315589 7.752603 8.098346 7.894197 8.596112 8.842763 9.002616 9.608229 9.92467 9.943211 9.921207 10.43094 10.55864 
  5.050911 4.524433 5.164698 5.100494 4.461988 6.062449 6.719018 6.178989 5.958827 7.483382 7.979591 7.964965 7.791348 8.288459 8.478531 9.266928 9.655241 9.174032 9.485982 9.608375 10.25166 10.56364 10.75102 
  5.608287 6.807625 7.442233 7.857192 8.019017 8.343451 6.961488 6.911076 7.860317 10.21211 12.29715 10.89556 9.131027 8.69974 9.848598 11.30292 11.05746 9.487485 9.725211 10.22366 10.13408 10.63736 10.34788 
  5.312138 6.586758 6.985258 6.551461 7.340171 7.239739 5.870369 6.860095 7.018912 9.840008 12.45855 10.93803 8.416094 7.968562 8.859793 9.35176 9.392324 9.149943 9.791698 9.856602 10.33984 10.60787 10.83482 
  5.246831 7.102114 6.45212 6.796285 7.509883 7.975547 8.052608 7.165981 7.259314 8.475645 10.03749 8.474634 8.614687 9.807039 9.277288 10.08698 11.75857 11.99896 11.80845 12.03726 11.78011 12.46869 13.17599 
  6.401048 8.353691 7.289907 7.775583 8.103872 8.858515 9.083109 7.726772 7.139113 9.38522 11.12697 9.196665 9.210464 10.18668 10.02438 10.85047 12.2844 12.43364 12.11872 12.36829 12.0492 12.67814 13.68774 
  6.929555 8.280068 7.06142 5.816987 6.237047 6.651094 6.779635 7.013038 6.603049 9.09581 10.40065 8.219799 7.897151 8.415007 10.22215 9.521426 9.538389 9.342652 9.557112 9.868423 10.41332 10.48992 10.90465 
  7.325935 10.19425 8.660833 6.714677 7.000749 6.28319 6.779635 7.216962 7.259314 8.475645 10.31995 8.219799 8.932434 9.459031 10.04636 9.238649 9.684454 9.439188 10.50089 10.69109 10.0524 10.38671 11.39348 
  8.97752 11.81393 10.26025 8.673273 7.679594 6.20961 6.476547 6.293186 6.334623 8.930432 10.40065 9.493972 8.25722 8.952837 10.02438 9.012428 9.509176 9.366741 9.858184 10.16757 9.970405 10.47517 11.01638 
  11.22367 13.65449 11.7835 10.30544 7.340171 7.607643 7.749519 7.318924 8.301052 7.979514 11.04627 10.93803 9.131027 9.870314 10.37596 9.662814 11.17431 12.19215 12.78413 13.54165 12.58634 12.25924 12.18958 
  12.74313 15.12693 13.07826 11.61117 9.291852 9.152838 7.810136 8.032658 7.980517 8.599678 12.29715 11.49018 9.448774 10.66124 11.47582 11.50086 12.31361 13.65347 14.80465 15.03502 15.05716 14.03959 14.30184 
  13.40377 15.51047 13.15442 11.85599 10.14041 9.079258 7.931372 8.542468 8.46132 9.426564 11.85328 11.66007 10.83892 10.94597 11.74307 12.4623 13.12994 14.21145 15.86302 16.31504 15.80915 15.40103 15.73474 
  13.53589 15.3478 12.62128 12.01921 10.31012 9.079258 7.99199 8.236582 8.982189 10.25345 12.29715 12.25468 12.07019 11.61035 11.83215 12.64833 14.21186 15.64627 17.40247 17.4884 16.45372 16.4483 16.65589 
  13.46983 15.12693 12.24047 11.77439 9.546419 8.343451 8.295078 9.664051 9.543125 10.12942 12.01469 12.12726 11.95104 12.37642 13.34655 13.14443 14.54996 15.64627 17.01761 17.4884 16.99085 17.60029 17.67939 
  13.46983 15.05331 12.01198 11.36634 9.970697 8.564193 7.99199 9.409145 9.62326 9.964041 11.85328 11.99984 11.83188 12.11655 12.72297 13.39248 14.54996 15.72598 16.9214 18.23508 17.74284 17.91447 17.16764 
  13.46983 14.97969 11.85966 11.12152 9.716131 7.975547 8.840637 9.103259 8.861989 9.591942 11.36907 12.33962 12.03048 12.21146 12.99022 13.26845 14.61758 16.44339 18.26841 18.66176 17.74284 18.12392 18.08879 
  13.60196 15.05331 11.85966 10.9583 8.95243 8.196289 8.840637 9.969936 9.74346 10.21211 10.72346 11.78748 12.14963 12.54138 13.25747 13.5165 14.75282 16.36367 18.26841 18.55509 18.17255 18.0192 18.39585 
  13.80015 15.27418 12.08815 11.69278 8.697863 9.005676 9.628668 9.715032 10.62493 10.62555 11.20767 13.25181 12.70569 12.54138 14.14829 13.76455 14.82044 16.5231 17.78734 18.76843 18.70969 18.85701 18.19114 
  14.08535 15.64403 13.0021 12.83529 9.800986 9.37358 9.931757 10.42877 10.94547 11.03899 12.37785 14.50654 13.02344 13.77858 14.86095 13.95058 15.36139 16.28396 18.55706 18.98176 18.70969 18.85701 18.80525 
  14.35144 16.08925 13.83989 13.8962 10.47983 9.447161 8.901256 10.0719 10.665 10.5842 11.97434 13.94191 11.95104 14.27346 15.48453 14.26064 15.90235 16.68252 18.46084 18.55509 18.38741 18.75228 18.80525 
  14.57057 16.53448 14.60151 14.9571 10.81925 9.815064 7.931372 9.409145 10.50473 10.79093 11.24802 13.1466 13.59015 14.43842 15.48453 14.75673 16.51093 17.47964 17.69112 17.91508 17.74284 17.49556 17.57704 
  14.7271 17.06874 15.51546 16.33245 12.60122 11.13952 9.264961 9.154241 10.50473 10.87362 11.40942 14.38107 14.65273 14.35594 15.92994 14.5707 14.75282 15.80569 15.95924 16.84839 16.66857 16.13412 16.04179 
  14.83667 17.60301 16.27496 17.67121 14.63776 12.24323 8.598166 8.950316 9.983861 11.3284 12.13574 14.19286 14.93608 14.76834 16.6426 14.50869 14.95568 14.76943 14.90087 14.50167 14.73488 14.77267 14.91594 
  14.85232 18.00371 16.83318 18.77715 16.33487 13.27336 11.26535 11.34642 10.1842 12.11395 12.25679 13.69096 15.00692 14.9333 16.19719 14.63271 14.88806 14.45059 14.03493 13.32831 14.30517 15.40103 14.40419 
  14.82101 18.1818 17.10195 19.35922 17.3589 13.862 12.35647 12.26408 10.82527 12.73411 13.32746 14.4438 16.0695 15.7581 16.82076 15.37685 16.24045 14.61001 14.70844 13.32831 14.52003 15.08685 14.81359 
  14.77406 18.22632 17.12263 19.59205 17.73924 14.22991 12.78079 12.77389 11.54647 13.4766 13.5615 14.63201 17.06124 16.17051 16.99893 15.68691 15.83473 15.16799 14.90087 13.32831 13.87546 14.8774 15.01829 
  14.69579 18.22632 17.12263 19.65026 17.81531 14.52423 12.96264 12.87585 11.867 13.37053 13.24944 14.63201 16.91957 16.50043 16.99893 16.05898 16.17283 15.32742 14.90087 13.11498 13.55318 15.08685 14.60889 
  14.58623 18.1818 17.10195 19.59205 17.92941 14.59781 13.1445 12.46801 11.78687 13.26446 13.17143 15.00843 17.13208 16.83035 16.99893 16.12099 16.37569 15.16799 13.55385 12.47496 13.55318 15.61049 15.01829 
  14.41405 18.09276 17.08128 19.59205 18.11958 14.67139 13.56882 12.31506 12.02727 12.94625 13.5615 15.38485 17.06124 17.40771 16.82076 16.36904 17.18713 15.56655 13.74628 12.58163 11.94177 14.56322 14.40419 
  14.19491 18.00371 16.99858 19.65026 18.30975 14.89213 13.62944 12.2131 11.78687 12.27932 13.17143 15.19664 16.4237 16.74787 15.48453 15.56289 16.51093 15.00857 13.55385 12.24293 12.37148 14.8774 13.89244 
  13.99143 17.82562 16.87453 19.70846 18.53795 15.24504 14.04188 12.87585 12.482 12.11395 13.79554 16.63958 17.27376 17.07779 15.03912 14.88076 16.37569 14.84915 13.36142 12.26163 12.37148 14.66795 13.89244 
  13.86621 17.64753 16.68845 19.76667 18.57598 15.73911 14.52306 13.66741 13.2312 12.73411 14.49767 17.14147 17.48628 16.00554 13.88104 13.88857 14.88806 14.37087 13.2652 12.22423 12.69376 14.8774 13.89244 
  13.73408 17.46944 16.50238 19.65026 18.38581 16.51551 14.52306 14.31504 13.7931 13.4766 15.43383 16.76505 16.70705 14.85082 11.5649 12.71035 13.53566 13.49404 12.88034 11.12111 12.37148 14.24904 12.76659 
  13.66802 17.33588 16.31631 19.53384 18.15761 16.939 15.00425 14.60288 14.44865 14.74945 16.44802 16.45137 16.4237 14.43842 10.74951 12.95839 13.80614 12.77663 12.38467 10.54151 11.53027 13.20178 11.95215 
  13.73408 17.24683 16.23361 19.35922 17.81531 17.08017 15.76039 14.81876 15.47879 16.34051 17.22816 16.01221 15.85699 13.36618 11.27687 13.08242 14.14424 13.33462 12.59169 10.635 11.10406 13.09705 12.24545 
  13.80015 17.11327 16.33698 19.00998 17.2448 17.00958 15.55417 15.03464 16.22799 16.87086 15.58986 14.88296 14.51105 11.70527 10.44188 12.34919 13.12994 12.04726 11.40953 10.16757 10.61907 11.97909 11.19795 
  13.80015 16.93518 16.17158 18.48611 16.75036 16.58609 14.93551 15.03464 16.04069 14.53731 13.09341 13.18907 13.02344 10.40814 9.826624 10.70909 11.40801 11.00886 10.70035 9.584734 10.14878 11.22713 10.61135 
  13.80015 16.71257 15.98551 18.02045 16.33487 16.16261 14.72929 15.1066 15.47879 13.26446 11.85328 12.63693 11.79217 10.31323 10.74951 10.48287 11.02825 10.55003 10.27926 9.77386 10.47211 10.60787 10.45596 
  13.86621 16.579 15.98551 17.84583 16.41973 16.09202 15.21047 15.46639 16.22799 13.4766 12.78136 13.10413 11.99076 10.24996 10.15623 9.493149 10.73612 10.81567 10.14629 10.07409 10.5162 10.21123 10.52081 
  14.06969 16.53448 16.37833 17.84583 16.82643 16.51551 15.89787 16.25795 16.97719 14.85552 13.17143 13.7537 11.8716 9.933587 9.475049 10.20009 10.76533 10.96056 10.10197 10.24236 10.53089 10.1064 10.66722 
  14.27318 16.48995 16.58508 17.67121 17.89138 17.22133 16.24158 16.25795 17.16449 16.23444 13.24944 13.56549 11.8716 9.205935 9.123474 10.11526 11.02825 11.03301 10.36791 10.57891 10.47211 10.44568 10.69515 
  14.4297 16.35639 16.60575 17.32197 18.80419 17.7154 16.37906 16.11403 17.82004 17.29514 13.71753 12.63693 11.63329 10.21832 9.914517 10.11526 10.88218 10.93641 10.58953 10.54151 10.5162 10.21821 10.75102 
  14.57057 16.13378 16.6471 17.32197 19.07042 18.13889 16.99772 16.11403 17.82004 17.40121 14.73171 13.37728 11.8716 10.47142 10.13425 11.4443 11.58329 11.1779 11.09926 11.40157 11.05997 10.40145 11.07225 
  14.64884 15.91117 16.56441 17.26376 18.53795 18.77413 17.41016 15.89815 17.07084 17.71943 15.74589 15.19664 13.73183 11.04089 9.914517 12.12297 12.34283 11.90236 12.05224 12.90164 12.15663 10.74057 10.75102 
  14.64884 15.68855 16.39901 17.03093 18.11958 19.33878 17.27268 16.11403 17.07084 17.29514 16.29199 14.69475 13.59015 11.57872 11.03516 12.32091 12.2844 12.36119 12.49548 12.47496 11.51557 10.9175 10.76498 
  14.63318 15.46594 16.25428 16.68169 18.00548 19.33878 17.41016 17.19342 17.72639 19.09834 17.4622 15.19664 14.58189 12.17982 11.74307 12.95839 12.9947 12.5375 12.47332 12.36829 11.28042 10.94699 11.21192 
  14.58623 15.42142 16.19226 16.44886 17.77728 19.05645 17.75387 17.4093 18.00734 19.41656 17.69624 15.19664 14.79441 11.89509 11.38674 12.95839 12.92708 12.77663 12.88034 11.98117 10.70725 9.980604 10.77895 
  14.57057 15.3478 16.15091 16.33245 17.66317 18.77413 17.82261 16.97754 17.53909 18.67406 16.83809 14.50654 14.65273 11.76854 11.38674 13.14443 13.12994 11.97481 12.14088 11.58854 10.89831 10.96173 11.18398 
  14.57057 15.27418 16.10956 16.21603 17.58711 18.56238 17.96009 16.6897 17.35179 17.40121 15.74589 14.31833 15.78615 12.70634 11.18898 11.86847 12.07991 11.56428 12.47332 12.03726 11.19224 10.85853 11.23985 
  14.53927 15.27418 16.08888 16.21603 17.54907 18.4918 17.89135 16.47383 17.25814 16.65872 14.73171 13.44002 15.50279 13.61362 12.01031 12.77236 12.89787 11.46769 12.11872 12.58163 11.94177 11.38932 12.03595 
  14.47666 15.12693 15.94416 16.01801 17.47301 18.35064 17.82261 16.47383 17.35179 16.12837 14.26362 13.18907 15.07776 14.02602 11.74307 12.12297 12.16755 11.44354 11.80845 12.79497 11.92707 11.50728 12.24545 
  14.3984 14.97969 15.82011 15.9364 17.39694 18.20947 17.68513 16.61775 18.00734 16.76479 14.41965 13.56549 15.1486 13.61362 10.96924 11.6988 11.87542 12.45779 12.68791 12.90164 12.26405 11.72844 12.06388 
  14.28883 14.90607 15.66779 15.77319 17.32087 18.06831 17.1352 16.90558 17.91369 16.55265 14.02958 13.06166 14.51105 13.44866 10.33201 11.61397 11.81699 11.10545 11.12143 11.94378 11.60375 11.00597 11.63092 
  14.16361 14.97969 15.59162 15.77319 16.75036 17.43307 16.51654 16.25795 17.25814 14.96159 13.17143 12.46704 13.23595 13.2837 11.03516 11.27464 11.72936 10.64663 10.96629 11.96248 11.22164 11.89063 12.35718 
  13.73408 15.42142 15.05849 16.09962 16.75036 17.36249 15.62291 16.04207 15.85339 12.73411 11.36907 11.19287 12.38794 12.37642 9.914517 10.87875 11.43723 10.71907 10.4344 11.34548 10.82483 11.49253 11.81248 
  13.60196 15.12693 14.83 15.85479 16.6743 17.00958 15.07299 15.89815 15.01055 11.78319 9.391875 9.4515 11.83188 12.21146 10.31004 10.42631 10.79454 9.970461 9.946833 10.95284 10.88361 11.3156 11.37952 
  13.53589 14.97969 14.67767 15.77319 16.6743 16.44493 14.79803 15.61031 14.26135 11.28706 10.11819 9.196665 10.24314 11.07252 9.628863 9.747647 10.4732 10.01876 9.836021 11.2146 11.07467 11.25662 11.30968 
  13.60196 14.97969 14.75384 15.77319 16.58944 15.95086 14.66054 15.17856 13.13755 10.54286 9.391875 9.154192 9.528212 9.553942 8.414792 9.408316 10.73612 9.753122 10.32359 10.91545 11.10406 11.28611 11.53315 
  13.73408 14.97969 14.83 15.77319 16.33487 15.45679 14.04188 14.53092 12.10741 9.964041 8.948014 8.686996 10.08427 11.23071 8.991633 9.634537 10.73612 10.01876 9.81386 9.856602 10.66316 11.22713 11.32365 
  13.73408 14.90607 14.75384 15.36514 15.48632 14.52423 13.62944 13.23565 10.5448 9.302531 9.109419 8.856886 9.05159 10.85106 9.299262 9.125539 9.772093 9.39089 9.516466 9.525632 9.880209 10.41619 10.91862 
  13.66802 14.6852 14.2207 14.54906 14.12863 13.1262 12.90203 12.41703 9.462992 8.475645 7.777836 7.964965 9.369338 9.68049 8.881766 9.521426 10.21029 10.55003 10.39008 10.48542 10.47211 11.74319 12.76659 
  13.86621 14.61158 13.07826 13.56977 13.11036 11.87532 12.29585 11.60133 9.382858 9.054465 8.504154 8.77194 9.687086 9.90195 8.991633 9.097261 10.32714 11.25035 10.56737 11.27069 10.76604 12.12654 13.17599 
  14.05404 14.46433 11.93582 12.34564 12.00723 11.50742 10.35608 10.37778 10.10406 8.806399 8.544505 8.304744 8.53525 8.952837 8.727953 8.626098 8.776237 9.234254 9.747374 9.525632 9.831012 10.7848 11.11415 
  13.60196 14.24347 11.32652 10.46865 10.22527 9.447161 9.143726 10.02092 9.663326 7.524726 7.503616 8.262272 8.694123 8.668103 8.287314 8.927596 9.655241 10.33269 9.836021 9.924513 10.33984 11.22713 11.42142 
  12.34675 12.99189 9.955596 9.815788 9.461563 10.03581 10.23485 10.83661 9.863661 9.013122 8.948014 9.11172 9.647367 9.68049 9.716757 9.917313 10.15186 10.81567 9.404691 10.05539 10.41332 10.30208 10.30464 
  9.770281 10.41511 9.422459 9.081314 8.95243 9.520742 9.931757 10.68367 10.86533 9.840008 9.512928 9.154192 9.56793 9.332482 8.96966 9.945591 9.830518 10.93641 9.92467 9.905816 10.16348 10.63736 10.47758 
  8.052632 9.458024 9.193971 7.9388 8.358439 8.417031 10.65917 11.39741 11.5064 9.467909 9.109419 8.262272 9.011871 9.016111 9.277288 11.27464 10.79454 11.46769 9.946833 10.09278 10.036 10.14134 11.21192 
  6.136794 8.059202 7.137583 7.04111 7.425027 8.26987 9.992374 11.39741 10.82527 9.715975 8.019942 8.474634 8.773561 8.446644 9.255315 10.51114 10.15186 10.47759 10.27926 10.11148 9.978604 10.41619 10.66722 
  6.136794 7.543847 7.137583 6.14342 6.406759 8.26987 9.264961 10.12288 9.663326 8.806399 7.165168 7.922492 8.495531 8.573193 8.90374 10.73736 10.0058 10.64663 10.27926 10.33584 9.970405 10.27412 10.59738 
  5.872541 7.028491 7.213745 5.498853 5.600882 6.798255 7.325195 8.389525 8.781855 8.144891 7.541222 8.304744 8.058628 7.983435 8.727953 9.973868 9.567602 10.01876 9.991157 10.35454 10.19287 10.29509 10.70912 
  6.401048 5.147772 5.700421 5.321805 6.237047 6.28319 7.022106 7.420886 8.34112 7.814137 7.240379 7.837547 8.296939 8.256822 8.366988 9.691092 9.626028 9.728973 9.577434 9.980604 9.962205 10.09941 10.29383 
  6.334984 5.884446 5.782841 5.034101 6.237047 6.945417 8.173842 8.542468 7.579849 6.994763 6.225035 7.558724 8.495531 8.351732 9.057554 10.28492 9.538389 10.1878 9.81386 10.09278 10.57498 10.84378 10.91862 
  5.542224 6.734003 7.137583 5.520984 5.680339 6.577513 8.719402 8.287563 7.619915 7.814137 6.789114 7.407929 7.558583 7.537248 7.920817 9.040707 8.848267 9.656527 9.747374 9.943211 10.26635 10.54889 10.86275 
  7.524125 6.513136 6.071307 5.816987 5.283051 5.620964 7.082724 6.809114 7.780183 7.05866 6.676299 7.127882 7.600904 8.147038 8.574139 9.238649 9.479963 9.354697 9.475821 9.667477 10.44271 10.29509 10.63928 
  8.97752 6.145025 6.14747 5.144757 5.897624 5.263985 6.597782 6.350285 7.299381 7.855481 6.864326 6.524704 7.579743 7.90907 8.54227 9.521426 9.567602 9.680676 9.791698 9.738399 9.634222 9.924696 10.41273 
  8.118696 5.487776 5.04107 5.735379 5.627367 5.283059 5.839591 6.236087 6.361466 7.05866 6.901931 7.10634 8.177783 7.923944 8.207642 8.842763 9.136385 9.535783 9.333561 10.018 10.5015 10.72583 10.55324 
  8.58114 7.470224 6.299795 5.816987 5.812769 4.596383 5.162462 6.178989 6.898318 6.962815 8.019942 7.21405 7.114212 8.415007 8.90374 9.521426 9.146675 9.077678 9.557112 9.844782 9.634222 10.38671 10.2452 
  8.118696 8.280068 6.071307 5.343936 5.897624 5.225836 5.562584 6.809114 6.92516 7.346193 6.525877 7.257134 7.579743 7.566994 7.825209 8.246934 8.848267 8.993367 9.384368 9.549273 9.888409 10.30906 10.66722 
  9.241774 9.531646 6.909095 5.609509 6.491614 6.651094 6.6584 5.779299 6.334623 6.483593 6.638693 6.934003 7.368138 7.745469 8.478531 8.436516 8.961456 8.595904 9.170979 9.961907 10.23696 10.12736 10.54243 
  10.82729 9.752512 7.518395 5.520984 5.812769 5.263985 5.930987 5.969627 6.468836 6.19606 6.187429 6.847835 7.473941 7.849579 8.175772 8.206309 9.217048 9.656527 9.567272 9.905816 10.32514 10.43094 10.41813 
  9.241774 9.752512 6.071307 5.388198 5.897624 5.263985 6.537164 5.703167 6.441994 7.090608 6.676299 7.580266 8.217502 8.057799 8.446661 8.788597 9.115805 9.753122 9.703049 10.16757 10.26635 10.2881 10.61135 
  10.16666 9.458024 7.97537 6.061811 6.57647 5.035093 5.778034 6.350285 7.539782 7.855481 6.413061 7.601808 7.706707 8.16191 8.462596 8.395891 9.363112 9.559932 9.475821 9.961907 10.26635 10.79955 10.86275 
  11.28974 11.44582 8.203858 5.65377 6.746181 6.651094 6.173458 6.401266 6.576207 7.186452 6.074613 6.524704 7.727867 7.983435 8.430727 8.829222 8.982036 9.186076 9.567272 10.37324 9.978604 10.31605 10.77895 
  10.89336 10.12062 6.985258 5.65377 6.152192 6.28319 6.597782 6.707152 7.299381 6.739178 5.961797 7.752603 8.455812 7.730596 7.873013 8.899318 9.187835 9.174032 9.587595 9.549273 10.13408 10.47517 10.65325 
  9.57209 8.869046 7.746883 6.469852 5.600882 6.20961 6.719018 6.25512 7.05898 7.346193 6.225035 7.321761 8.495531 7.983435 8.175772 8.531307 9.246261 9.258343 9.313239 9.738399 9.921207 10.33702 10.55324 
  9.836344 9.752512 7.289907 6.714677 7.255316 6.136029 6.779635 6.25512 6.415151 6.803075 6.337851 7.709518 7.979191 8.320095 8.54227 8.395891 8.591019 9.366741 9.658725 10.07409 9.937607 10.59313 10.55324 
  11.62006 11.00409 6.909095 6.469852 6.237047 5.41658 5.501027 6.007693 6.656734 7.483382 7.578827 7.321761 7.473941 8.668103 8.684006 7.976103 8.837976 9.30652 9.836021 10.26106 10.0753 11.12392 10.3749 
  11.81824 11.3722 8.660833 6.796285 4.567931 5.016018 5.685698 5.893496 7.700049 7.690104 7.052352 7.51564 7.727867 8.509918 8.526335 8.450058 8.591019 8.981323 9.880346 10.03669 9.970405 10.85853 10.52081 ]
