 [
  5.406937 3.438869 4.213486 5.070045 5.087198 5.082073 4.395977 5.312928 6.131817 6.584266 7.10015 7.52165 7.561253 6.665051 8.136391 8.551467 8.620738 9.368961 9.396684 9.469143 10.23615 10.15392 10.65527 
  4.952249 3.630372 5.022851 5.270707 5.41412 5.397131 5.395885 5.577814 5.845331 5.634087 6.56666 7.44007 7.802324 8.17734 8.687033 8.633314 8.472032 9.606167 9.734672 9.780706 10.43231 10.9768 10.86288 
  5.065921 3.783574 4.329812 5.00932 4.128227 4.640992 5.4728 5.895676 6.001596 6.451241 6.687908 6.807969 7.883196 7.532883 8.419127 8.651502 9.444077 9.704775 9.462517 9.719748 10.09458 10.29349 10.36581 
  5.520609 4.396382 4.009917 4.705694 5.239762 5.208097 5.344607 5.81621 6.288082 6.413234 7.027401 7.286316 8.37502 8.133263 8.50843 8.633314 8.85206 9.041029 9.01109 9.618152 10.51637 10.56346 10.30938 
  5.520609 3.47717 3.486454 4.417249 5.392325 5.145085 4.626725 5.577814 6.566144 6.850316 6.809155 7.286316 7.247859 8.066934 8.50843 8.786691 9.228691 9.408953 9.686 9.550421 9.966299 10.25244 10.57742 
  6.168241 4.93259 4.446136 5.024501 4.825661 5.176591 5.036943 4.995066 5.480712 5.995155 5.814925 7.047143 7.416609 7.577387 7.930763 8.651502 9.336384 9.320971 9.953693 10.09561 9.935756 10.48831 10.56331 
  4.573342 3.783574 3.806348 4.887869 4.128227 4.168404 4.806195 5.365905 6.314126 5.881134 5.669428 6.483377 7.11527 8.022429 8.256339 8.96368 9.444077 9.704775 9.832014 10.06804 10.18011 10.71377 10.56331 
  5.179593 4.358082 4.30073 5.191495 4.782071 4.451957 4.575448 4.597738 5.272359 6.39423 7.309901 7.132562 7.537145 8.089186 7.990738 8.830938 9.39023 9.352964 9.236803 9.726521 9.831907 10.3017 10.30938 
  4.762795 4.472983 3.864511 4.842326 5.305146 5.082073 4.960027 5.551325 5.923463 6.052166 7.221397 6.978807 7.730002 8.044682 8.102119 8.178608 8.562908 9.458257 9.686 9.985331 9.966299 10.20318 10.37992 
  5.444828 6.876512 7.492821 6.696506 6.049362 6.391016 6.029316 6.189625 6.767759 6.698287 6.809155 7.183813 7.75411 8.662188 8.954938 9.096423 9.228691 9.240988 9.953693 10.20588 10.08237 10.37559 10.68122 
  6.95979 8.496289 9.2218 6.934139 7.101897 6.142784 6.259421 7.003598 6.767759 7.006989 8.327693 8.826921 8.419731 8.794419 9.178192 8.919433 9.497923 9.458257 10.34307 10.64699 10.76857 10.48831 11.1743 
  5.880404 6.114263 6.340168 4.250255 5.588878 5.708376 4.883111 4.968577 5.506757 7.999249 8.283441 9.234819 8.553865 7.443875 8.731684 8.875186 9.336384 9.606167 9.612992 10.39887 10.48835 11.05195 10.83693 
  4.990139 4.587885 5.105184 5.50834 6.575629 6.701307 5.914264 6.406685 6.616548 7.529232 8.194937 8.745342 8.509153 7.911169 8.820985 8.96368 9.282537 9.017035 9.85635 10.7297 10.68451 10.90165 11.2262 
  3.095606 4.358082 5.022851 4.857507 5.501299 4.231416 4.447254 4.968577 4.647299 6.546259 7.708167 7.405902 7.927907 8.48588 9.08889 8.786691 9.497923 9.803382 10.9758 11.4465 10.51637 10.52589 10.51393 
  6.312159 4.97089 4.30073 5.429129 4.934635 4.514968 5.344607 5.710257 5.246315 6.850316 7.197148 7.48086 7.573306 8.044682 9.178192 9.096423 9.228691 9.400954 10.6351 11.11567 10.26417 10.17855 10.78503 
  6.528036 4.626185 4.30073 5.666762 5.588878 3.44377 4.575448 6.24389 6.183905 6.299212 7.398405 7.44007 7.308127 7.332614 8.419127 8.36049 8.893368 9.336967 9.340256 9.882304 10.1068 10.25244 10.78503 
  5.02803 2.519657 4.504299 4.584244 4.346175 5.58426 5.165136 5.021554 5.975552 6.166187 6.469662 7.098394 7.079109 7.755404 8.162093 8.830938 8.959459 9.458257 9.537754 9.957762 9.954082 10.24423 10.48572 
  4.914358 3.094165 4.06808 4.811963 4.32438 4.325933 4.90875 5.418882 5.09005 7.006989 7.172898 7.064226 7.067056 8.000177 8.419127 8.830938 8.868583 9.408953 9.217994 9.631698 10.01517 9.981519 10.28117 
  6.312159 5.637857 4.155324 5.270707 5.852011 5.460143 5.799211 6.623744 5.610933 6.793305 7.172898 7.388819 8.01733 8.221417 8.119255 8.875186 9.120998 9.408953 9.52835 10.0129 10.37626 10.24423 10.46456 
  6.456077 6.209544 5.846174 6.062817 7.628164 7.570123 7.812631 6.949333 7.221393 7.63368 7.885175 7.970337 7.883196 8.353648 7.965034 8.633314 8.711615 9.50756 9.832014 9.889077 10.08237 10.30991 10.88883 
  7.103709 6.304825 6.669497 7.72625 8.483349 8.00453 8.502946 8.305953 9.187138 9.827099 12.00059 12.66116 11.23654 12.23243 11.9912 12.28224 12.62101 12.36717 12.72797 13.43148 12.61804 11.54043 11.90094 
  8.183095 8.401009 8.151479 8.597571 9.535885 7.880414 8.387894 8.414483 9.691175 10.08822 11.33681 11.96773 12.13077 13.42251 14.13444 14.54087 14.72102 14.58583 15.68656 16.36737 15.88263 15.68191 15.39166 
  7.319586 7.924603 8.069147 7.488616 8.417566 8.687171 9.135736 9.445515 10.54804 10.87158 10.93855 11.92694 11.95192 13.11397 14.22683 14.74299 16.08882 16.41561 17.37718 18.46443 18.33683 17.73053 17.49866 
  6.456077 6.590668 7.492821 7.488616 8.87805 8.563054 8.848104 10.09669 10.29602 10.76714 10.76154 11.72299 12.08605 12.58505 13.59863 14.36187 15.85179 16.70858 18.22249 19.1984 19.09847 18.35132 17.76203 
  8.830727 9.258537 8.563141 8.597571 9.404318 8.37688 8.90563 9.933898 9.035926 10.45379 10.93855 12.53879 12.2649 12.54097 13.10747 14.22913 15.85179 16.85506 18.96214 19.30325 18.50608 18.28924 17.67424 
  6.743913 6.78123 6.834162 8.359938 8.812266 9.369811 8.617999 10.36802 10.44723 11.49827 11.95634 12.04931 11.90721 12.1002 13.33072 14.74299 15.69025 17.22127 19.38479 19.61781 18.75996 18.53755 17.49866 
  5.520609 5.256733 7.575153 7.963883 8.483349 9.43187 9.250788 10.15096 10.44723 11.5505 11.51382 12.17168 12.17548 12.27651 13.42002 14.40612 15.69025 17.33113 18.75081 20.03722 19.01385 18.78587 17.93761 
  5.520609 6.114263 5.846174 7.330194 7.957082 8.252764 8.90563 9.608309 10.59844 11.28938 11.38107 12.0901 12.22019 12.49689 13.68793 14.40612 15.91105 16.56209 18.64515 19.72266 18.67534 18.16508 17.76203 
  5.592568 5.637857 6.175504 7.647038 7.496598 8.128647 8.963157 9.933898 11.15288 11.18493 10.93855 10.98878 11.41539 12.1002 13.28607 14.36187 15.25948 16.26913 18.01116 19.09354 19.09847 18.41339 18.02541 
  5.664527 5.733139 6.669497 6.775717 8.154432 8.252764 8.90563 9.716839 10.24562 10.61046 10.67304 11.55984 12.08605 12.18835 12.52701 13.60967 14.55948 15.79306 17.37718 18.77899 18.50608 18.91003 18.63995 
  6.528036 6.304825 7.245824 7.01335 8.417566 8.935404 9.423367 10.63934 10.59844 10.50601 11.55807 12.66116 11.90721 13.11397 13.50933 14.27338 15.58256 16.52547 17.69417 19.09354 18.92922 19.09627 19.43007 
  6.599995 8.877414 8.727805 8.201516 8.088649 9.183637 9.941103 10.53081 11.15288 11.49827 12.62012 13.59539 13.56153 13.82968 14.22683 14.81036 16.50362 16.81844 17.79984 18.56928 18.16757 18.53755 18.90332 
  11.70909 14.88012 15.06739 14.30077 14.03777 13.0933 11.60937 11.56184 12.36257 13.22168 13.0083 11.84536 12.44374 14.02694 14.31923 13.03445 14.02102 14.38862 14.62992 15.31884 15.20561 15.30944 15.12828 
  14.29962 17.59171 17.83752 19.05316 18.66297 16.58223 16.0789 15.23961 16.43204 18.08647 18.28322 15.83755 15.68235 18.07076 18.38453 16.15783 17.2147 16.63533 13.25629 14.89942 15.54412 16.42686 14.9527 
  14.73137 17.89025 17.05136 19.6736 18.56857 18.44557 16.63049 16.18788 17.09008 18.84505 19.38727 16.77178 16.77933 19.64884 19.95522 17.2358 18.28132 17.8072 13.89028 15.31884 16.30577 17.23389 15.47945 
  14.8364 17.80988 16.93905 19.05316 19.51249 19.87047 17.73367 17.76832 17.84213 19.92872 20.49133 17.79944 17.51065 19.8461 19.95522 18.04428 19.05166 17.9903 13.57329 15.21398 16.3904 17.42013 15.30387 
  14.86265 17.82136 16.86418 18.70847 19.89006 20.30891 19.05749 18.00539 17.84213 20.03709 20.49133 18.26655 17.80318 19.74747 19.67804 18.38115 19.4072 17.95368 13.78461 15.00428 16.22114 17.73053 15.74282 
  14.95892 17.83284 16.78931 18.43271 19.32371 19.65126 19.60908 17.76832 18.03015 19.92872 20.24598 18.54682 18.16884 19.94473 19.86283 18.65064 19.58497 18.02692 13.67895 14.58487 15.79801 16.9235 15.30387 
  15.01143 17.84432 16.75187 18.29484 19.04053 19.43204 19.7194 17.84734 18.31216 20.36219 20.614 18.17313 18.16884 19.94473 19.67804 18.58327 19.34794 17.47761 13.67895 14.37516 15.88263 16.9235 14.9527 
  14.99393 17.77543 16.63957 18.15696 18.75736 19.32243 19.94003 17.45223 18.59418 20.25383 20.49133 17.89286 17.87631 19.74747 19.40086 18.38115 19.11091 17.33113 13.15063 14.16545 15.29024 16.6131 15.04049 
  14.93267 17.66061 16.5647 18.01909 18.56857 19.32243 19.82972 17.29419 18.68819 20.25383 20.24598 17.51917 17.58378 19.55021 19.12368 17.97691 19.05166 17.29451 13.04497 14.0606 14.78248 15.93023 14.60153 
  14.88891 17.52282 16.48982 17.81227 18.56857 19.32243 19.60908 17.37321 18.68819 20.03709 19.75529 17.33232 17.29126 19.25432 18.75411 17.70741 18.9924 17.36775 12.72797 13.85089 14.35934 15.74399 14.33816 
  14.8714 17.45392 16.41495 17.74334 18.56857 18.99361 19.16781 17.37321 18.68819 19.71199 19.01925 16.77178 16.9256 18.95843 18.19975 17.37055 18.75537 17.03816 11.87622 13.12822 13.76695 15.18528 13.8992 
  14.80139 17.23576 16.30264 17.39865 18.47418 18.33596 18.28526 17.21517 18.59418 18.84505 17.42451 15.83755 16.34054 18.46528 17.18342 16.76419 18.34057 16.56209 11.80322 12.63198 12.7021 14.39619 13.48398 
  14.58745 16.4999 15.47906 15.95095 16.86952 15.92458 15.74795 15.95081 17.3721 17.11116 14.72572 13.12827 14.80477 16.1968 14.50401 14.94511 16.56287 13.99419 10.17272 11.14324 10.88066 11.87862 11.20025 
  14.37158 16.40462 14.5734 14.85525 13.81181 12.90713 12.81742 14.05428 14.83394 14.18523 11.73508 11.02957 12.44374 13.73105 11.85724 12.68047 14.12871 10.98667 9.953693 10.20588 10.2922 10.78892 10.40108 
  14.29962 16.40462 14.3264 14.5384 12.95662 12.53478 12.81742 13.65917 14.08189 13.53502 11.42532 10.45851 11.63894 12.54097 11.36609 12.01676 13.69794 10.24711 9.453112 9.794253 10.43231 10.78892 10.78503 
  14.37158 16.59518 14.5734 14.93446 13.74603 13.4036 13.32095 13.97526 14.64592 14.2936 12.2661 10.58088 12.30961 13.11397 11.85724 12.76896 13.80563 10.69085 9.453112 10.20588 9.923538 10.33454 10.62932 
  14.51549 16.88102 15.14972 15.95095 15.45364 15.15733 14.64477 14.92352 15.774 15.59401 13.62166 11.6822 13.56153 14.52009 13.33072 14.09639 14.82871 11.23319 9.661664 10.28859 10.37626 10.41316 10.52804 
  14.78388 17.17835 15.74111 16.77821 17.05831 16.69184 15.85827 15.79277 16.90207 17.21953 15.21641 13.59539 14.51224 15.99954 14.96598 15.48409 16.32585 12.7616 10.58642 11.36379 11.07682 11.99134 11.53762 
  14.91516 17.32762 16.00316 16.91608 17.71905 17.4591 16.63049 16.34592 17.2781 17.9781 16.81115 14.80989 14.95103 17.18309 16.35188 16.15783 17.15544 14.24071 10.80545 11.88761 11.6933 13.64468 12.73139 
  14.92391 17.29317 15.89085 16.70927 17.53027 17.23988 16.74081 16.2669 16.52605 17.9781 17.9152 15.37043 14.95103 17.08447 16.90624 16.2252 17.45173 15.27608 10.44041 11.25351 12.61804 14.35861 13.76944 
  14.91516 17.20131 15.74111 16.50245 17.24709 16.80145 16.40986 15.87179 15.67999 17.32789 17.79253 16.02439 14.8779 16.98583 17.27581 15.82096 17.45173 15.71982 10.95146 11.77733 13.62684 14.50892 13.63968 
  14.95017 17.07159 15.59136 16.2267 16.96391 16.1438 15.52731 14.8445 14.64592 16.02748 17.42451 15.55728 14.36598 16.39406 16.99863 15.41672 16.91841 15.5719 10.34307 11.50164 12.7021 13.71983 13.43207 
  15.13396 17.16687 15.47906 15.81308 16.02 14.49968 13.87254 12.91846 12.7658 14.07686 15.46175 13.78224 13.70779 13.82968 14.78119 13.38843 14.88256 13.69837 10.46475 11.8049 11.9455 12.10407 12.00475 
  15.28275 17.71802 15.89085 16.01989 14.22655 13.73242 13.32095 12.80993 11.95934 10.97603 12.84138 12.94143 14.14658 13.33436 12.75026 10.20261 10.73639 10.64154 10.22139 11.50164 11.49715 11.39013 11.56357 
  15.27399 17.68357 15.70367 15.74414 13.94338 13.5132 12.99 12.8642 12.00974 10.55824 12.88563 12.66116 13.85405 12.84951 12.21445 9.892878 10.73639 10.59224 10.17272 11.06053 11.55319 11.35256 11.40786 
  15.21273 17.62616 15.55393 15.33051 13.68024 13.21742 12.99 13.02699 11.55611 10.45379 13.0083 12.04931 13.33797 12.14428 11.58934 9.848631 10.09023 10.0006 9.85635 10.45401 11.07682 10.86407 10.70717 
  15.10771 17.5343 15.39672 14.85525 13.08819 12.78301 12.64484 12.64714 10.64884 9.565977 12.39886 11.72299 12.75672 11.1305 10.87493 9.31766 10.09023 10.0499 9.462517 10.15075 10.54439 10.75134 10.68122 
  14.94142 17.44244 15.31439 14.22156 12.29879 11.85214 11.83947 11.50758 9.338348 9.148184 10.36328 11.15194 11.81779 10.11673 10.33912 9.052176 9.228691 9.081021 9.832014 10.17832 10.37626 10.63862 10.73312 
  14.73137 17.47689 15.66623 13.35023 11.18047 10.11451 10.86152 10.74787 9.338348 9.304856 10.36328 10.94799 12.08605 10.68973 10.69632 8.786691 9.120998 9.049027 9.368469 10.3713 10.88066 10.63862 11.01859 
  14.58745 17.07159 15.06739 12.00365 10.52264 9.680102 11.32173 11.50758 9.539963 9.461529 10.67304 11.3151 12.08605 10.68973 10.51772 9.140671 9.605616 9.704775 10.29439 10.64699 10.93671 10.78892 10.45751 
  13.65199 15.54709 12.76209 9.389683 8.746483 8.811287 11.14915 11.12772 8.884715 7.738129 9.301232 10.13219 10.38703 8.662188 8.007874 8.487808 8.521601 8.985041 9.612992 9.807799 10.16789 10.17034 10.30233 
  11.92497 13.73675 10.95078 7.092561 7.299247 7.135715 9.365841 9.336985 7.574219 6.508252 8.77021 8.949291 9.313956 9.279267 8.463778 8.487808 8.662045 9.384957 9.85635 9.985331 10.18011 10.41316 10.65527 
  9.694235 11.64056 9.057135 7.72625 6.904547 5.956609 9.595945 9.662574 8.279871 7.790353 8.460448 8.174286 9.135111 8.133263 8.333449 8.31502 8.752922 9.336967 9.637328 9.563967 9.831907 10.56346 10.52804 
  7.607422 9.734943 8.316144 6.775717 5.654661 6.825424 8.90563 8.577277 7.876641 6.812309 9.079973 9.234819 9.045689 8.662188 8.282043 8.733349 8.719876 8.897059 9.518945 10.12318 10.20813 10.48831 10.70717 
  6.2402 6.876512 7.081159 5.904395 5.983578 6.701307 9.308314 8.468748 6.969374 7.215886 8.858714 8.663763 8.37502 8.397725 8.033577 8.160419 8.819014 9.105016 9.406089 9.726521 9.813581 10.37559 10.41518 
  5.293265 6.018982 5.599177 5.904395 6.575629 6.763366 9.365841 8.685807 6.314126 6.90254 8.283441 8.051916 8.37502 8.022429 8.076416 8.742443 8.893368 9.606167 9.443707 9.957762 10.26417 10.48831 10.75908 
  5.808445 5.923701 4.446136 5.270707 5.720445 6.080725 7.352421 6.24389 5.272359 6.280209 7.619664 7.48086 7.513038 8.133263 8.256339 9.184918 9.336384 9.556864 9.434302 9.801026 10.26417 10.52589 10.50688 
  5.880404 5.82842 4.824194 5.145951 5.283351 5.708376 7.237368 6.840803 5.454668 7.059213 8.01793 8.011127 8.062041 8.133263 8.597731 8.606031 9.120998 9.288978 9.537754 9.469143 9.899103 10.36738 10.99264 
  5.02803 6.685949 7.739818 6.775717 7.957082 8.314821 9.826051 11.45331 11.70732 12.22941 11.33681 10.00982 10.65529 9.367421 11.54469 12.37074 12.29793 10.69085 10.07537 10.34373 10.93671 10.23602 10.73312 
  6.168241 8.210446 9.139467 7.567827 7.825515 7.880414 10.11368 12.05023 12.41297 13.065 12.39886 11.6822 12.39903 10.33712 12.2591 12.81321 12.89024 11.08528 10.22139 10.50915 10.62846 10.90165 10.62932 
  5.736486 7.448198 6.916494 5.587551 5.283351 5.708376 7.237368 8.305953 7.423007 7.999249 7.973678 8.215075 9.000978 8.066934 8.865636 8.260455 8.959459 9.458257 9.734672 10.17832 10.46033 10.56346 11.09645 
  5.736486 4.166579 4.30073 5.085227 5.852011 5.894551 7.870157 8.414483 8.834311 9.043735 9.079973 9.03087 9.939914 9.23519 9.312145 9.273413 8.893368 9.360963 9.953693 10.20588 10.174 10.29349 10.57742 
  6.168241 5.82842 6.010839 5.745973 5.983578 6.328959 9.135736 9.228456 9.237541 9.095959 9.079973 9.275609 10.25289 9.279267 8.731684 9.007928 8.959459 9.328969 9.661664 9.631698 10.40428 10.63862 10.56331 
  5.293265 4.319781 3.806348 5.429129 5.917795 5.770434 6.086843 5.81621 6.767759 7.63368 6.712157 7.44007 8.01733 7.644144 8.230636 8.405961 8.430724 9.408953 10.19705 9.902623 10.16789 10.41316 10.60337 
  5.880404 4.93259 4.940519 5.429129 6.180929 6.080725 6.201895 6.135361 7.019778 7.790353 6.59091 6.859221 7.838485 8.089186 8.162093 8.651502 8.761184 9.606167 9.509541 9.611379 10.34824 10.71377 10.88883 
  5.592568 4.626185 4.678787 5.50834 5.196172 5.708376 6.201895 5.975142 6.465337 7.006989 6.639409 7.354651 7.717949 7.955673 8.55308 8.875186 9.336384 9.153006 9.293232 9.807799 10.20813 10.22781 10.57742 
  5.664527 4.24318 3.079316 4.705694 4.237201 5.522202 6.777158 6.569479 5.819287 6.052166 6.421163 7.166729 7.669734 7.532883 8.50843 8.919433 9.336384 10.74015 10.7081 10.26102 10.37626 10.37559 10.50688 
  5.02803 5.542576 5.516845 4.508337 5.174377 5.271108 5.97179 6.460949 6.02764 7.215886 7.124399 6.978807 7.621521 7.977925 8.333449 8.830938 8.79423 9.145008 10.19705 9.87553 10.54439 11.01437 10.73312 
  5.02803 3.515471 5.022851 5.070045 5.588878 4.514968 5.626632 6.460949 6.616548 7.529232 7.929426 7.047143 7.247859 7.844413 8.999589 9.229165 8.645523 9.408953 9.880686 10.0129 9.789145 10.56346 10.65527 
  6.2402 5.923701 5.599177 5.070045 5.588878 4.798521 5.395885 5.710257 6.414933 7.738129 6.978902 7.388819 7.091163 8.265494 8.350585 8.487808 8.678569 8.897059 9.434302 9.848438 10.16789 10.21139 10.99264 
  4.573342 3.706973 4.707869 5.176314 5.152583 5.271108 4.806195 5.021554 6.818163 6.223198 6.663658 7.422987 7.814378 8.133263 8.55308 8.786691 9.067152 9.50756 9.807678 10.17832 10.01517 10.01436 10.65527 
  5.141702 5.923701 5.516845 5.191495 5.523094 5.365625 5.498439 5.842699 6.314126 6.318216 6.59091 7.725598 7.778217 7.28811 8.50843 8.615126 9.013306 9.655471 9.462517 10.26102 10.18011 10.25244 10.86288 
  5.065921 5.161452 4.824194 4.569062 5.043609 4.672497 3.985758 4.38583 5.116094 6.508252 7.10015 6.825053 7.927907 8.397725 7.973602 8.196796 9.282537 9.803382 9.686 9.611379 9.880777 9.850163 10.12599 
  5.331156 5.82842 5.105184 4.219893 5.326941 5.460143 5.165136 5.975142 5.819287 6.470244 7.265649 7.684809 8.151464 7.799909 8.119255 8.642407 8.711615 9.458257 9.686 9.780706 10.14956 10.45074 10.46456 
  4.876467 5.161452 5.105184 4.675331 5.174377 5.397131 4.344699 4.465295 5.819287 6.337219 6.299915 6.346706 7.344288 8.706264 8.342017 8.96368 8.959459 9.296976 9.575374 10.26102 10.18011 10.45074 10.73312 
  5.880404 4.358082 4.591543 5.024501 5.588878 5.050568 5.113859 6.081096 6.183905 6.954764 7.309901 7.48086 7.392502 7.844413 7.870789 8.460526 8.843799 9.704775 9.612992 10.0129 10.20813 10.67619 10.54215 ]
