 [
  7.328172 5.188864 4.972985 5.809538 5.469643 5.372568 5.27913 6.424238 5.709159 5.497228 6.380047 6.233541 6.479109 7.6707 8.41103 8.770165 9.065356 9.251711 8.723447 9.799996 9.672833 10.08271 10.61651 
  5.840022 4.101351 4.031783 5.489398 4.8671 4.620913 5.217762 5.922804 5.853916 6.349649 6.668571 7.434108 7.658689 7.6707 8.474606 8.079054 8.911734 9.364414 9.206134 10.10868 10.1379 10.20809 10.29034 
  6.568442 4.391355 4.213418 5.569433 6.061478 6.413855 5.736389 5.070876 5.974547 6.765948 7.185505 7.650827 7.74004 7.747189 8.474606 8.993924 8.850285 9.533468 9.817428 9.533109 9.839221 10.23495 10.78197 
  5.840022 3.883849 4.956472 5.649468 5.517846 5.166231 5.474665 5.001801 5.974547 6.945605 6.091524 7.795307 7.780715 7.651577 8.331237 8.504354 8.973183 9.21248 9.525904 9.981181 10.36093 10.17227 10.7706 
  6.884996 4.753859 5.039034 5.438258 6.294464 6.59909 5.684044 5.853728 6.778184 7.215092 7.400177 5.86602 7.007886 7.307375 7.86578 8.065763 9.113556 9.279886 9.411276 9.994602 10.10603 10.23943 10.5639 
  5.808021 4.210103 4.692276 5.448486 5.67317 6.228621 6.469215 5.968854 6.481197 6.448768 6.805963 6.919579 7.699365 7.995779 7.998768 8.41132 9.034632 9.104592 9.792296 10.24289 10.20162 10.23495 10.85587 
  5.039996 4.028851 5.751017 5.729503 4.240456 4.679866 5.238217 6.059931 6.288188 5.972998 6.929615 7.336102 7.923686 8.208149 7.918975 8.304995 9.019269 9.308063 9.566113 9.793285 9.866953 10.46283 10.94115 
  5.168 4.246353 4.923448 5.366663 5.059914 5.225184 6.312181 5.715578 5.974547 6.56771 7.775854 8.012027 7.475651 8.34973 8.278042 8.42461 8.604488 8.7417 9.737007 9.784893 10.1379 10.14988 10.52182 
  5.584014 4.282603 4.461103 5.233699 5.750831 5.672917 4.992747 5.738603 6.215809 6.329825 6.888398 7.238097 7.495989 8.208149 8.317939 8.21196 8.788836 9.055552 9.495746 10.27645 9.789305 10.07823 10.42712 
  5.552013 4.391355 4.378541 4.937089 5.228626 5.734662 5.217762 5.531377 6.022799 6.389297 7.024501 6.821574 7.3943 7.651577 8.131756 8.826105 8.604488 9.202671 9.411276 9.709357 10.05824 10.48654 11.07758 
  4.623983 4.391355 6.090497 6.049644 5.983817 5.549428 5.17685 5.646503 6.167557 5.834231 6.819702 7.360604 7.719702 7.728066 8.538181 8.756875 8.850285 8.624005 9.495746 9.880523 10.21755 10.41541 10.49025 
  5.168 3.920099 4.411566 5.417802 5.493744 5.672917 5.299585 5.209026 6.119304 6.389297 6.970833 7.434108 7.780715 7.689822 8.251445 8.826105 8.95782 8.996705 9.157865 9.398825 9.778213 10.04689 10.91272 
  4.079966 3.376343 4.593202 5.42803 5.180422 4.900941 4.113145 5.001801 5.685033 5.893703 6.32509 6.625563 6.743497 7.517721 7.86578 8.358157 9.402752 9.448941 9.35094 9.549894 9.961239 10.3917 10.61651 
  3.823957 3.738847 4.890423 5.295067 5.595508 4.768296 5.42232 6.014392 5.660907 6.508239 7.024501 7.385105 8.066657 8.066569 7.559909 8.251832 8.81956 9.124208 9.025126 9.491145 9.894684 10.20361 10.61651 
  5.168 4.210103 4.972985 5.02914 4.264558 5.151493 5.27913 6.105469 7.032745 6.349649 7.239173 7.506348 8.352598 8.49131 8.224847 8.158798 9.354552 9.39259 10.13911 10.03487 10.04231 10.19913 10.00626 
  5.998645 5.92801 5.496408 6.44982 6.760434 5.519951 4.317704 5.669528 7.499439 6.855777 7.400177 7.409606 9.210423 8.845261 7.879079 8.41132 9.54735 9.21248 9.546008 9.97447 10.55211 10.77106 10.7706 
  5.712018 4.536356 4.395053 5.295067 5.397337 5.343091 4.542718 4.495249 6.566051 6.855777 6.586135 6.478554 7.434976 7.594211 8.538181 8.517644 8.81956 9.505293 9.510824 9.700965 9.972331 10.11853 10.70238 
  5.552013 5.152614 5.666147 5.458714 4.963507 5.416782 4.849556 5.093901 6.650904 6.855777 6.33883 7.11559 7.852201 7.842801 8.792485 8.882045 9.402752 9.251711 9.515851 9.650608 9.800397 10.42332 10.82176 
  5.264004 3.448843 4.873911 5.569433 5.325032 5.505212 5.381409 5.807678 6.119304 6.131588 6.874659 6.993083 7.2316 7.6707 8.145055 8.344866 9.065356 8.908434 9.581192 9.907365 10.24942 10.54187 10.74218 
  3.855958 3.376343 5.072059 5.489398 4.891202 5.372568 5.299585 6.105469 6.650904 6.25053 7.024501 7.434108 7.995171 8.208149 8.665334 9.273622 8.942458 8.967281 9.948111 9.256147 9.833675 10.24839 10.03783 
  5.712018 6.545715 7.108934 7.650348 8.158345 8.389689 8.563005 8.83777 9.196509 9.505727 10.02991 10.39594 10.56865 11.11054 11.01764 10.44835 10.12574 10.20969 10.36095 10.8078 10.88666 11.42475 11.19697 
  8.594388 10.09752 12.20112 12.7726 12.66273 12.89706 13.06257 13.42447 13.73445 13.94264 14.89442 15.01929 15.2152 16.34901 15.72226 14.86758 14.31908 14.0562 14.28008 15.55251 15.23618 16.17578 15.57182 
  9.607361 11.02408 11.09782 11.412 11.34248 10.36552 10.29038 10.20392 10.42688 11.07773 12.01563 11.7685 12.99915 14.22531 12.98849 12.68594 14.22269 14.53539 14.7977 14.46356 13.76202 13.91709 13.45651 
  12.64628 15.50244 15.9354 16.6252 15.77677 13.90467 13.27149 13.23677 14.88558 16.32204 15.84308 14.58585 16.71639 17.05691 15.53153 14.81164 15.04207 14.4289 14.50191 13.68574 12.84703 12.04783 11.80393 
  13.78588 15.94668 16.7648 18.17529 16.12393 15.03442 14.47275 14.36295 16.03672 18.1066 17.21336 16.10289 18.43937 17.86342 16.71971 16.28573 15.26987 13.44389 10.50884 10.28316 12.23704 10.81058 10.82745 
  13.84919 16.06137 16.86847 17.90403 15.68999 15.1474 14.68167 14.8009 16.70821 18.70145 17.8458 17.64188 18.09874 16.27822 16.67697 16.39231 13.78889 12.96469 9.807375 9.558288 11.17342 10.54977 10.62703 
  14.0292 16.03843 16.90994 17.74902 15.83463 15.29803 14.89058 15.1763 17.18785 18.93939 18.16202 17.92455 16.43045 15.07479 16.10371 15.76262 12.9213 11.73118 9.26647 9.62543 10.71142 10.46283 10.54286 
  14.17411 16.06137 16.99288 17.63276 16.15286 15.48633 15.0995 15.48912 17.66749 19.05836 18.58365 17.52881 15.00074 14.43768 15.21365 15.81856 13.4033 11.5903 9.326805 9.893944 10.96632 10.36009 10.91272 
  14.29614 16.10725 17.07582 17.63276 16.41322 15.63696 15.20396 15.67682 17.95527 19.17733 18.89987 17.58534 14.35737 14.01294 14.64147 15.25916 13.0659 12.09746 9.242335 9.608644 10.52025 10.35218 11.20834 
  14.38767 16.15313 17.09655 17.59401 16.61573 15.78759 15.25619 15.73938 17.95527 19.2963 18.79446 17.13308 14.07143 13.80057 14.32359 14.47601 13.2587 11.73118 9.399208 9.692572 10.87073 10.90542 11.47341 
  14.44868 16.10725 17.11729 17.51651 16.76038 15.82525 15.36064 15.55169 17.85934 19.53424 18.89987 17.52881 14.14292 13.87136 14.19644 14.64383 13.78889 12.18199 9.157865 9.927496 10.74328 10.33638 11.60562 
  14.45631 16.01549 17.11729 17.40025 16.93396 15.78759 15.41287 15.36399 17.85934 20.01012 19.4269 18.54641 14.57183 14.15452 14.45074 14.58788 13.83709 12.57645 9.561088 9.314897 10.87073 10.14988 11.26519 
  14.4258 15.85492 17.09655 17.28399 17.19432 15.5993 15.36064 15.23886 17.76342 19.89115 19.95394 18.94215 15.35817 14.65005 14.8322 15.14728 14.60828 11.92841 9.78727 9.96776 10.82294 10.31267 10.80471 
  14.36479 15.7861 17.01361 17.20649 17.28111 15.44867 15.25619 14.9886 17.09192 19.41527 20.05934 19.16828 15.85857 15.004 15.0865 15.81856 15.23487 11.703 9.586219 10.07513 11.28494 10.3838 10.93546 
  14.33428 15.76316 16.97215 17.16774 17.25218 15.37335 15.0995 14.67577 16.51636 19.65321 20.37556 19.95975 16.78788 15.42874 15.46795 16.21467 15.6199 12.23834 9.812402 9.927496 10.99818 10.48654 10.69101 
  14.3114 15.69435 16.95141 17.09023 17.19432 15.26038 14.94281 14.42551 15.94079 18.70145 20.16475 20.07281 18.43937 16.06585 15.97656 16.60549 15.89993 12.68915 9.726954 10.11539 10.93446 10.65251 10.71375 
  14.28852 15.57965 16.90994 17.01273 17.16539 14.99677 14.7339 14.17525 15.46115 17.27381 20.48097 20.24241 19.50993 16.77375 16.54874 17.20948 16.28496 12.71733 9.459544 10.39723 11.90626 10.57348 10.78197 
  14.26563 15.50244 16.86847 16.93522 16.99182 14.80847 14.42052 13.86242 14.98151 16.32204 19.63772 19.95975 19.99655 17.60873 17.0189 17.52925 16.35497 13.09781 9.993347 10.37039 11.41239 10.72364 11.0719 
  14.26563 15.50244 16.4745 16.58645 16.99182 14.65784 14.10715 13.48703 14.40594 15.48925 18.89987 19.84668 19.85057 18.62748 17.3181 17.52925 16.28496 13.94971 10.287 10.39723 11.65136 11.03978 11.13443 
  14.23513 15.42523 16.18422 16.43144 16.93396 14.39423 13.74155 12.98651 13.9263 14.8944 18.68905 19.67708 19.65592 19.26419 17.70277 17.63583 16.35497 14.37566 10.36095 10.53816 12.00185 11.0872 11.47341 
  14.19699 15.34801 16.08054 16.19893 16.64466 14.13062 13.42817 12.67368 13.54259 14.41852 17.42418 18.88561 19.31529 19.51888 18.17293 18.02665 16.775 14.21593 11.17435 10.37039 12.4912 10.858 10.68533 
  14.17411 15.34801 15.9354 16.08267 16.44215 13.90467 13.06257 12.42342 13.15888 14.06161 16.2647 18.77255 18.87733 19.64622 18.55761 18.13324 17.02002 14.0562 10.87857 10.65224 12.59287 10.91333 11.22539 
  14.15886 15.2708 15.76566 15.88891 16.23965 13.75403 12.80142 12.17316 12.8711 13.7047 15.63226 18.71601 18.63402 19.68867 18.98503 18.16877 17.09003 13.71011 11.10041 10.88558 12.9487 11.26898 11.47341 
  14.13597 15.2708 15.68079 15.7339 16.06607 13.56574 12.59251 11.9229 12.48739 13.10984 14.78901 18.09414 18.43937 19.73112 19.156 18.06218 17.05503 13.577 11.32224 11.35227 13.30453 11.73629 11.16854 
  14.09784 15.2708 15.51105 15.57383 15.8057 13.45276 12.38359 11.70669 12.29553 12.8719 14.36738 17.47228 18.48803 19.56133 19.24148 18.06218 17.23004 13.49713 11.39619 11.19671 12.6437 11.26898 11.60562 
  14.09021 15.2708 15.42618 15.41376 15.6032 13.26753 12.0701 11.38792 11.91182 12.51499 13.84035 17.35921 18.58536 19.0944 19.07051 17.9556 17.19504 13.44389 11.17435 11.19671 12.69454 11.50264 11.36751 
  14.08259 15.2708 15.34131 15.33373 15.38089 13.14404 11.91307 11.2513 11.61483 12.20059 13.62568 17.41574 18.82867 18.88216 19.156 18.02665 17.44006 13.8166 10.65673 11.04115 13.60953 11.96995 11.11169 
  14.05208 15.2708 15.25644 15.25369 15.1479 12.95881 11.65135 10.93254 11.36027 11.9311 13.25 17.30268 18.87733 18.79727 19.156 17.9556 17.30005 13.55038 10.58278 11.27449 13.20286 11.42475 11.73783 
  14.01394 15.19359 15.25644 15.17366 14.91492 12.77357 11.44197 10.70484 11.02086 11.6167 12.76699 16.68081 18.43937 18.71237 19.02777 17.81348 17.09003 13.39065 11.02646 11.43006 13.35536 11.65841 11.67172 
  13.97581 15.2708 15.17157 15.09362 14.68193 12.58834 11.1279 10.34054 10.63902 11.34722 12.39131 15.95841 18.00141 18.54258 18.89955 17.63583 17.12503 13.55038 10.58278 10.65224 12.54204 11.50264 11.40731 
  13.97581 15.2708 15.0867 15.09362 14.44895 12.27961 10.97086 9.839615 10.42688 11.25739 12.23031 15.45273 18.05007 18.50013 18.94229 17.63583 17.12503 13.89646 10.95251 11.04115 13.2537 11.73629 11.67172 
  13.9125 15.42523 15.00183 15.09362 14.21596 12.09438 10.60445 9.42977 9.960191 10.94299 11.80096 14.51361 17.7581 18.33034 18.68584 17.3516 16.66999 13.52376 10.36095 10.96336 13.05037 11.58052 11.47341 
  13.9125 15.57965 15.00183 15.25369 14.06064 12.09438 10.5521 9.520846 9.069229 10.80824 11.47895 14.15242 17.51479 18.203 18.47213 17.24501 16.88001 13.68349 11.39619 11.74119 13.35536 12.51515 12.79548 
  13.78588 15.80904 14.83209 15.4938 13.82765 12.46485 10.5521 9.930692 8.13584 10.62859 11.15694 13.64674 17.7581 18.16055 18.13019 16.74761 16.38997 13.39065 11.02646 12.44122 13.71119 13.13823 13.65482 
  13.53263 16.06137 14.57748 15.57383 13.43934 12.83532 11.18024 11.43346 8.857095 9.775213 10.5666 12.77986 17.41747 17.99076 17.53181 16.28573 15.65491 12.54827 10.13911 11.19671 12.08454 11.17414 11.11169 
  13.15277 16.26782 14.83209 15.85016 13.82765 13.20579 11.18024 12.04803 10.04504 9.23624 10.02991 12.27418 17.07684 17.94831 17.23261 15.93044 15.13847 13.36402 10.11398 10.8078 12.28787 11.50264 11.17991 
  12.70959 16.52015 15.59592 16.08267 14.75959 13.56574 10.5521 11.66115 10.89358 9.595555 9.063889 11.84074 16.93085 18.16055 17.06165 15.65074 15.09027 12.85821 9.902874 11.50784 12.4912 11.73629 11.60562 
  12.2031 16.81836 16.37083 15.81141 15.38089 13.49042 11.44197 10.06731 10.63902 10.31419 8.258867 11.47954 16.71639 17.65118 16.84794 15.25916 15.09027 12.09746 9.338873 11.35227 12.03371 11.81418 12.26665 
  11.44337 17.00187 16.8892 15.25369 15.45855 13.14404 12.0701 10.52269 10.85115 9.909956 7.936859 11.11834 16.00154 17.69363 15.72226 14.92352 15.13847 11.98476 9.26647 11.74119 12.69454 12.20361 12.59717 
  10.62033 17.02481 17.11729 14.45334 15.07024 12.58834 12.12245 11.43346 11.14814 9.550641 7.131837 11.4073 14.78629 16.27822 16.16729 14.97946 15.82992 12.43557 9.500772 11.35227 11.96998 11.65841 12.20055 
  9.607361 16.93305 17.2417 13.25281 13.90531 11.60042 11.49431 11.79776 9.917764 8.248123 8.634543 11.47954 14.42886 15.35795 15.97656 13.41315 13.93349 10.8859 10.13911 11.27449 11.92219 11.58052 12.39886 
  8.6577 16.68072 17.20023 12.45246 12.19676 10.79774 10.76148 10.61377 9.57835 8.382866 8.634543 10.3237 13.35658 14.72084 13.94213 11.95872 12.00552 10.32239 9.983294 10.62539 12.03371 12.12572 12.79548 
  8.341145 16.10725 16.78553 12.21235 11.73079 8.883648 8.981763 10.52269 9.620777 8.876925 8.205199 9.745784 11.85538 12.80951 12.67061 10.44835 11.23433 10.18151 9.711876 10.28316 11.65136 11.89206 11.93614 
  8.024591 15.03916 15.68079 11.09186 11.03183 8.204454 7.568455 9.111001 8.347974 8.068465 7.990527 8.662186 11.42647 12.52635 12.28916 10.33647 9.884745 9.730699 9.206134 10.55158 10.66363 10.88171 11.2993 
  7.20155 13.64932 14.57748 10.29151 9.556256 7.587007 7.987213 6.651929 8.050987 8.11338 7.239173 8.951145 10.35419 12.03082 11.27194 9.161743 9.740147 9.153632 9.290604 10.13552 10.58397 10.33638 10.98663 
  6.37851 11.719 12.96495 9.090981 7.381728 7.340027 7.673144 6.697468 6.990318 7.349835 6.970833 8.517706 10.35419 11.74765 11.20837 10.16866 10.84873 10.15333 10.01848 9.900654 10.18569 10.57348 11.17423 
  5.998645 9.788667 11.09782 7.970489 6.216802 5.672917 6.469215 6.606391 7.541866 7.70915 7.400177 8.951145 10.71162 11.67686 11.6534 10.89587 10.89693 10.23786 9.777218 9.84697 10.15383 10.88171 11.53952 
  5.998645 7.16342 7.872763 6.60989 5.828493 6.166876 6.678595 6.834083 7.669146 7.70915 7.131837 9.601304 10.64013 10.89817 11.58982 11.23151 11.42712 10.09698 10.05869 10.31 10.29721 10.89752 10.63755 
  5.808021 7.240633 7.448414 5.284839 5.156321 6.660834 6.573905 7.608235 7.966133 8.382866 6.957094 8.445466 10.35419 10.47343 11.58982 10.39241 10.02934 9.871577 9.535955 9.84697 10.18569 10.613 10.61651 
  5.998645 7.703912 7.193804 5.489398 5.421439 6.59909 6.469215 6.424238 8.390401 8.562524 7.61485 9.095625 11.42647 11.11054 11.33552 10.61617 9.981144 10.12516 9.953137 9.940918 9.983424 10.31267 10.64808 
  5.103998 7.240633 7.108934 5.809538 5.67317 5.981641 6.416871 6.834083 7.796426 7.484578 7.078169 8.300986 11.06904 10.19027 10.63619 10.95181 9.981144 10.01246 9.767165 9.742929 9.994516 10.51816 10.67964 
  6.188577 6.468502 6.514846 6.28975 6.760434 6.4756 6.887973 7.152852 8.178267 7.978637 6.737267 8.300986 10.64013 9.340791 9.364668 10.05678 9.49915 9.561645 10.02853 9.920786 9.789305 10.71574 11.40731 
  6.061955 6.005223 5.496408 5.37689 6.915757 7.401772 6.730939 7.517159 7.626719 8.11338 7.668518 8.878905 9.496365 7.881045 9.555396 10.33647 9.450951 9.364414 9.762138 9.608644 10.42466 10.54977 10.9582 
  4.335974 5.773583 6.260236 5.969609 6.13914 6.784324 6.469215 8.109158 8.263121 8.203209 7.668518 8.012027 8.066657 7.91929 9.364668 9.49738 9.643748 9.364414 9.792296 9.726143 10.0901 10.28896 10.5113 
  5.935334 6.93178 7.278674 5.649468 3.975337 5.796407 6.887973 7.152852 7.669146 7.304921 7.131837 7.578588 7.475651 8.066569 8.601757 8.826105 9.065356 9.045745 9.495746 10.12881 9.817036 10.25287 10.39556 
  5.071998 5.850796 6.005627 5.468942 5.228626 5.672917 5.320041 5.922804 6.820611 7.215092 7.024501 7.578588 7.719702 7.91929 8.065262 8.770165 9.354552 9.364414 9.822453 10.21605 9.922415 10.32847 10.63755 
  6.061955 6.468502 7.278674 5.110964 5.469643 4.915679 5.238217 6.105469 6.735757 7.125263 7.078169 6.968582 6.743497 6.771951 7.972171 9.49738 9.161755 9.843402 9.777218 9.954339 10.3928 10.1051 10.31139 
  7.771348 5.66012 7.024065 5.969609 5.906155 5.033586 5.841078 6.469776 5.974547 7.484578 8.097863 7.795307 7.618014 7.747189 8.357835 9.217682 9.258154 8.879011 9.581192 9.575073 9.866953 10.36799 10.6967 
  7.328172 6.082436 5.055546 5.809538 6.216802 5.858151 5.788733 6.196546 6.360566 6.40912 6.805963 7.213595 7.211262 8.278939 8.601757 8.690422 8.466228 8.624005 9.194066 10.09526 10.28128 10.07375 10.83313 
  8.024591 6.93178 6.005627 5.039369 4.891202 4.650389 5.579355 5.001801 5.51615 6.448768 7.131837 7.311601 7.211262 7.728066 8.238146 8.882045 8.758111 9.202671 9.902874 9.524716 10.32907 10.31267 10.77628 
  8.341145 6.391288 6.769455 5.489398 5.517846 5.734662 4.788189 6.059931 6.566051 7.035434 6.764745 7.578588 7.852201 8.208149 8.264744 8.610679 8.942458 9.39259 9.61135 9.84026 9.866953 10.25734 10.74218 
  8.594388 7.317846 4.01527 5.438258 5.084015 4.606174 4.481351 5.001801 4.937122 6.528063 7.024501 7.867547 8.066657 7.594211 7.86578 7.919567 8.220431 8.820164 9.74706 9.281325 9.661741 9.970765 10.122 
  7.581415 6.391288 5.835887 5.569433 5.517846 6.166876 6.155147 6.014392 6.566051 7.035434 6.902137 7.867547 7.923686 8.13736 7.879079 8.42461 9.003907 9.055552 9.411276 9.887233 9.728296 10.20809 10.90135 
  5.872023 5.406366 5.835887 6.049644 6.60511 6.166876 5.736389 6.788545 6.735757 7.574407 7.078169 7.650827 8.138142 7.479476 8.30464 8.937984 9.209954 9.561645 9.338873 9.793285 10.26535 10.57348 10.86724 
  7.20155 6.391288 5.751017 5.889574 5.595508 5.328352 5.258674 4.95575 6.046926 6.310001 6.709788 7.506348 6.580797 7.900167 8.601757 8.743585 8.911734 9.279886 9.772191 9.533109 9.639556 10.24839 10.83313 
  5.872023 5.773583 5.00601 5.151875 4.915304 4.665127 5.095026 5.209026 5.492024 6.448768 6.215177 7.140091 7.190925 8.49131 8.792485 8.993924 9.065356 9.21248 9.656587 9.759714 10.05824 10.20809 10.20617 
  7.264861 5.69637 4.675763 5.213243 5.750831 6.413855 5.684044 5.692553 6.820611 7.574407 7.668518 7.311601 8.066657 8.49131 9.936852 10.83993 10.70413 10.60415 10.0989 10.08855 10.04231 10.47073 11.10601 
  7.074929 6.005223 4.692276 4.83481 5.156321 5.210446 5.788733 5.807678 5.878043 6.746124 6.943355 6.57656 7.3943 8.562099 8.251445 8.730293 8.865646 9.026129 9.551035 9.987891 9.750481 10.29686 10.66912 
  6.821685 5.69637 4.262955 5.315523 5.595508 4.930418 4.563174 5.853728 6.167557 5.953174 6.407526 7.336102 6.967211 7.708944 8.474606 9.441441 9.003907 9.006514 9.133731 10.04829 9.661741 10.40751 11.08327 
  8.087902 6.700141 4.081319 4.926861 5.595508 4.886202 4.992747 5.968854 5.685033 6.746124 6.668571 7.336102 7.780715 8.066569 8.538181 8.318285 8.08217 8.829971 9.500772 9.981181 9.833675 10.19465 10.70238 ]
