 [
  4.379761 3.608729 3.592618 4.41809 4.607495 4.622874 5.184672 5.416194 6.931727 7.460675 7.076886 7.117594 7.232289 7.925547 8.784128 10.18878 9.816682 9.762736 9.284369 10.41562 10.36964 10.50431 10.42801 
  4.908407 3.152477 4.367015 5.524108 5.494823 5.590253 5.436708 5.438408 6.008572 6.53992 7.142112 7.297443 6.933446 7.985212 8.125376 8.078279 8.843342 9.119319 8.799547 9.790354 9.729054 9.995619 10.61269 
  4.789899 4.306141 3.301663 4.60741 4.72622 4.697379 4.721151 5.32734 6.096492 6.81073 7.337791 7.185444 7.771331 7.672397 7.982968 8.238872 8.793614 9.166231 9.880417 10.07059 10.18847 10.29105 10.90846 
  4.299153 3.406936 3.912669 4.526273 4.281001 4.89606 6.041593 5.349553 5.609775 6.197499 6.719386 6.832623 6.853755 7.806218 7.584227 8.37939 9.118181 9.54759 9.749969 10.19997 10.01211 10.16666 10.44974 
  5.927572 3.690778 3.912669 4.215249 3.909986 4.84639 5.23508 6.102877 6.272331 7.948134 8.316188 7.239724 7.95148 7.761611 8.672549 9.321247 9.816682 9.332444 9.241275 9.898073 10.14318 10.11224 10.90846 
  5.192825 3.197382 3.854478 4.499228 4.25132 5.342327 5.23508 4.749784 5.876693 6.325907 6.881207 6.832623 7.311981 7.925547 8.111135 8.389427 8.706593 9.189687 9.359787 9.636468 10.055 10.32659 10.64966 
  4.908407 3.481776 3.31621 4.715592 5.124384 4.99523 5.285487 5.908174 6.140451 7.514837 8.120508 7.239724 7.411595 8.283536 8.839917 9.78838 9.181681 9.440017 9.749969 10.15684 10.03784 10.13556 10.56924 
  4.057329 3.406936 3.621713 4.404568 5.018545 5.441497 4.983044 5.908174 6.711928 8.218945 8.64232 8.163224 8.251729 8.46253 9.174652 10.32224 9.435681 10.19303 10.44569 10.11372 10.14318 10.61094 10.83452 
  4.017025 3.376999 4.159981 5.271447 4.562973 5.243156 4.721151 5.71347 6.272331 6.390111 7.533471 7.759193 7.711282 7.49397 8.449392 8.987581 9.181681 9.440017 9.305918 10.2431 10.5961 10.39768 10.79755 
  4.218545 3.376999 4.491235 3.850132 4.548132 4.722214 4.768148 5.393981 5.508091 6.81073 6.832661 7.297443 7.531133 7.375018 8.56097 8.920848 9.181681 9.54759 9.489073 10.07059 10.18847 10.01894 10.76058 
  5.951274 3.649753 3.767191 4.620933 4.844944 4.399358 4.88564 5.762146 5.686037 6.176098 6.153015 6.493371 7.831381 7.62779 8.728338 9.054315 8.706593 8.990312 9.749969 9.744188 9.548927 9.79348 9.928283 
  5.145422 3.649753 4.532642 5.170382 5.124384 4.99523 5.436708 5.956849 5.876693 6.069092 7.142112 7.586037 8.191679 8.343201 8.393603 8.787382 9.181681 9.224871 9.155084 9.490277 9.892027 10.25995 10.72361 
  6.923036 4.265117 3.228924 4.404568 4.622335 5.838179 5.688743 5.664793 5.533512 6.53992 6.719386 7.759193 8.13163 8.343201 7.598468 8.720649 8.930364 9.493804 9.749969 9.7288 9.969225 10.39768 11.27818 
  5.785363 3.854875 4.201387 4.715592 4.503611 5.243156 5.335894 5.859498 5.78772 6.594082 6.525202 7.701474 7.471364 8.223871 8.182339 8.920848 9.626182 9.213142 8.896512 10.02746 10.32435 10.26773 10.90846 
  6.188289 4.265117 4.491235 5.321979 4.74106 4.175842 5.033452 6.200229 5.838562 6.648244 6.444292 7.076883 7.491287 7.553446 8.839917 9.054315 9.054681 8.82612 9.576038 9.751883 10.27905 10.50431 11.72184 
  4.097633 3.032732 3.621713 4.566842 5.177304 5.391912 4.932637 5.482835 5.825851 6.702406 7.076886 7.199014 7.311981 7.523708 8.672549 8.854115 8.507685 9.107591 8.961155 9.628774 9.91776 10.12001 10.50405 
  3.412467 4.634335 5.526406 5.271447 5.918182 5.391912 4.815145 5.664793 6.272331 7.081541 7.207339 6.805483 7.531133 7.523708 8.168098 8.787382 8.942795 8.837848 9.295144 10.11372 10.50551 10.2444 10.52578 
  3.85581 3.21235 4.82249 5.625173 5.759423 5.391912 5.335894 5.616117 5.724168 5.833678 6.379564 6.669782 6.256068 7.746742 8.393603 8.854115 9.499181 9.440017 9.749969 9.867296 10.27905 10.53985 11.57395 
  6.614916 5.45482 5.940474 8.353912 8.670015 7.325735 6.243221 6.102877 6.580049 7.406513 7.924829 7.239724 7.192444 6.854605 8.025691 9.321247 8.54498 9.38623 9.619521 10.19997 10.23376 10.50431 10.64966 
  5.809064 5.618917 5.774847 9.314026 10.36345 9.160388 8.309911 8.049916 7.898842 8.11062 9.816396 8.913568 8.251729 8.522195 8.672549 9.521446 9.816682 10.13924 10.22828 10.19997 10.68668 10.32659 10.51492 
  7.207455 7.752176 8.46629 9.061364 10.25761 9.75541 9.01561 9.461519 8.997835 9.952131 11.18615 11.04916 10.47357 12.28107 11.12728 12.12404 12.61068 12.18313 12.185 11.49383 11.50193 11.74831 11.72184 
  7.160051 8.917321 9.377239 8.404446 9.940091 9.804996 9.670901 11.1165 10.14079 10.76456 12.36023 12.43441 12.15496 14.01135 12.96832 15.32723 15.84919 14.11945 14.35914 14.03841 13.44948 14.41402 13.86619 
  6.022378 8.736758 9.605374 10.42573 11.63353 11.19338 11.13271 11.26253 10.88811 12.44359 13.66475 13.06932 13.83635 15.38364 14.80937 16.0613 16.35719 16.30983 16.50487 15.9474 16.00142 16.57793 16.0339 
  7.325962 8.36754 9.896015 9.819347 10.78681 10.40002 12.02911 12.53325 10.84415 11.73948 13.79521 13.53107 14.55695 16.37622 15.42305 16.86209 17.39097 16.97741 17.87857 17.7985 17.48816 17.7362 17.14663 
  6.851932 7.629104 8.631917 11.61743 12.71197 11.1438 12.67348 12.23899 12.7034 13.31018 14.12134 14.57 13.95645 15.4433 15.08831 17.90167 19.05724 18.98016 18.87069 18.39349 18.39082 18.46011 17.99443 
  7.923022 9.196398 9.750694 11.32829 12.09572 11.49251 12.88827 12.63133 12.46343 13.31018 14.70838 14.70496 14.91724 16.8945 15.88025 19.24394 20.2028 19.51423 19.17595 18.59183 18.60321 18.89446 17.99443 
  7.776291 8.777782 10.04134 11.90658 12.86603 12.7402 12.88827 13.02368 13.06336 14.37531 15.83546 14.51228 15.79504 18.03473 16.33746 18.92436 20.35901 20.31533 19.48122 19.0546 19.18729 19.11164 17.99443 
  8.950141 10.03363 10.33198 12.48487 12.24978 12.49066 13.53264 13.21985 12.58341 13.60162 15.33107 14.78219 16.27633 18.03473 16.24602 19.18003 20.25487 20.0483 19.4049 19.58348 18.9749 19.4012 18.68326 
  8.216484 9.615014 11.05858 12.05115 11.78759 12.24112 13.10306 13.90646 13.42331 13.47267 15.16496 14.70496 15.31375 18.44936 16.79466 19.62745 20.46315 19.78126 19.32858 18.98849 18.9218 19.25642 18.57729 
  9.830528 9.894092 10.62262 11.47286 10.83973 11.36774 13.10306 13.80837 13.30333 13.47267 14.70838 13.87738 15.31375 16.58353 15.69737 19.11611 20.15073 18.98016 18.56542 18.59183 17.80675 18.09816 17.6765 
  15.11285 16.03379 15.99948 16.53288 15.79323 14.61174 14.28441 14.10263 15.34308 16.56744 16.03722 15.32282 16.66137 17.72376 16.24602 17.77384 19.47381 17.37796 17.26804 16.93906 16.79789 16.65032 16.08688 
  17.02036 17.56871 18.61525 20.00261 19.33667 16.8576 16.86189 17.04522 18.10275 19.79116 18.86183 17.94874 19.83788 20.83347 19.90364 19.75529 18.17204 16.10955 15.05486 15.61685 15.89523 14.84054 15.34506 
  17.02036 17.56871 18.46992 20.14718 20.10699 17.85575 17.39886 17.73182 18.70268 20.6938 19.9715 18.41214 20.51169 21.55907 20.90949 20.71405 18.64067 16.51011 15.28381 15.41852 15.71406 14.27185 15.55701 
  16.72689 17.42918 18.3246 19.71346 20.41512 18.35483 17.72104 18.02608 19.06264 21.33854 20.67765 18.95277 21.08924 21.9737 21.00093 20.71405 18.38032 15.41033 13.75038 13.39148 14.80823 13.56099 15.19717 
  16.58016 17.56871 18.3246 19.85804 21.03137 18.35483 17.93583 18.02608 19.06264 21.59644 21.08117 18.95277 21.08924 21.76639 21.09237 20.84189 18.74481 16.00198 14.57655 14.68533 15.62348 15.20249 15.19717 
  16.43343 17.56871 18.17928 20.29175 21.33949 18.72914 18.15062 17.82991 18.82267 21.2096 21.08117 19.2617 21.28176 21.66273 21.00093 20.96972 18.90103 16.17631 14.79396 15.246 16.32001 14.76945 15.76896 
  16.2867 17.56871 18.03396 20.29175 21.03137 19.10345 18.04323 17.63374 18.46271 21.46749 21.58556 19.4934 21.28176 21.2481 21.18382 21.28931 18.64067 16.05577 14.79396 14.98723 16.10762 13.77425 16.24584 
  15.84651 17.28964 17.45268 19.71346 20.41512 18.85391 17.39886 17.24139 17.98277 21.08065 21.48468 19.41617 20.70421 20.21153 20.54373 20.90581 18.11996 15.46412 14.18521 14.16779 15.39702 13.34774 15.27112 
  15.55305 17.01056 17.01672 18.9906 20.26105 18.35483 16.75449 16.4567 17.02288 19.79116 20.87941 18.48937 18.77905 17.82742 17.70907 18.66868 16.99219 14.87246 12.96769 13.17584 14.85352 12.88568 14.08802 
  15.25958 16.73148 16.29012 18.70146 19.49074 17.48144 15.46575 15.08349 15.46307 18.37272 20.07238 18.10321 17.62395 16.27256 16.06314 17.96559 16.99219 14.49596 12.61983 12.91707 14.21943 12.03265 13.64436 
  15.25958 16.73148 16.43544 18.12317 17.95011 15.98421 14.71399 14.49497 14.26321 16.43849 18.76095 18.18044 18.00898 16.1689 15.78881 18.15734 17.18269 15.78683 13.92431 12.61517 13.8571 12.42362 13.82922 
  14.96612 15.75471 15.27287 17.68946 17.48792 14.73651 14.28441 13.80837 13.5433 15.27795 17.34865 17.33088 17.0464 14.72733 13.41464 14.72663 15.34119 14.44217 12.70679 11.4507 12.40777 12.17482 13.01585 
  14.96612 14.77794 14.83691 14.79802 14.2526 12.11635 11.81432 11.35988 11.01999 12.55191 15.53283 15.32282 14.91724 12.16174 11.0157 12.12404 12.99168 12.50585 11.22838 11.1488 11.59251 10.93082 11.86973 
  12.17823 12.8244 11.9305 11.61743 10.78681 8.912462 8.914795 9.412844 10.44851 11.52283 13.07772 12.60757 11.67456 9.894484 9.844124 10.78938 11.72168 11.86041 11.01097 11.40757 11.59251 11.42842 11.86973 
  8.216484 7.670128 7.182678 8.859236 7.664537 7.424906 7.100141 7.660508 9.481393 10.54791 11.3166 10.47197 8.13163 7.672397 8.168098 8.27902 8.930364 9.440017 9.402882 9.744188 10.50551 10.25218 10.64966 
  7.468171 6.726571 5.443592 6.939011 5.388984 5.193571 4.909139 5.305126 5.571643 6.176098 6.703204 7.090454 7.072906 7.925547 7.982968 8.920848 9.181681 9.048951 9.101214 9.882685 10.14318 10.57539 10.94543 
  6.283095 5.495844 4.242795 5.170382 5.283144 4.672544 4.983044 5.859498 6.096492 6.702406 8.511868 8.163224 6.534988 7.122246 7.940246 8.449649 9.562681 9.54759 9.706487 9.98433 10.41493 11.46397 12.35036 
  5.572049 4.552287 3.854478 4.107066 4.295842 4.126172 5.033452 5.482835 5.609775 6.864892 7.794376 7.009033 7.391673 7.375018 8.337813 8.600204 8.69416 8.697112 9.230501 10.07059 10.08073 10.29105 10.48233 
  5.026914 3.526681 4.242795 4.052975 3.954508 4.300017 4.133691 4.72757 5.964612 5.833678 6.007377 6.791913 7.252213 7.865882 8.784128 8.640352 9.181681 9.493804 9.706487 9.828825 10.09789 10.32659 9.917419 
  4.621584 3.977947 4.325608 4.917721 5.283144 4.672544 4.815145 5.060775 5.063227 6.347308 7.207339 7.131164 7.591182 8.044877 8.449392 9.054315 9.308681 9.54759 9.9239 10.2431 9.943492 10.43322 10.87149 
  7.923022 7.916273 8.34207 9.314026 9.728413 9.55707 9.267645 10.09431 9.92099 10.54791 11.38183 10.70285 9.87307 9.59616 9.565178 10.38898 9.689681 10.40818 11.66321 12.18388 11.50193 11.67722 11.35212 
  12.0315 11.84763 10.91326 13.64144 13.94447 12.61543 12.45869 13.80837 13.18334 14.63321 15.73458 14.16597 14.0165 13.11638 13.582 14.39297 13.94419 15.35654 16.42856 17.13739 15.89523 15.34728 15.01231 
  10.27072 10.17317 9.418647 11.32829 11.42185 10.30085 10.42701 11.16518 11.3277 13.60162 14.7736 14.70496 14.85719 14.84666 14.86516 15.39396 15.78569 16.77714 17.42067 17.13739 16.5855 16.65032 16.24584 
  7.776291 8.695734 8.673325 10.6784 11.63353 10.69753 10.72945 11.31121 11.41562 13.73056 15.6337 15.63175 15.69878 15.65062 15.36726 16.79536 16.48419 18.24582 19.02332 18.32738 17.91294 17.95337 17.14663 
  5.880169 6.849644 8.217849 10.5268 11.05141 11.09421 11.38474 11.40856 11.50354 13.20186 17.04601 17.09918 16.08382 15.65062 15.42305 17.51816 17.05569 19.04692 19.63385 18.85627 18.8687 18.38772 17.41157 
  6.283095 7.752176 8.217849 10.93106 11.21017 10.05292 10.88067 11.26253 10.84415 12.87688 16.23898 16.09515 15.21749 15.14498 15.25568 17.19576 17.7034 19.38071 19.63385 19.18682 19.24038 18.74968 17.6765 
  6.093483 7.259886 8.549103 9.010832 10.31053 11.24297 11.28393 11.84664 11.41562 13.20186 15.6337 15.24559 15.15744 15.32397 15.51449 17.12903 17.80754 19.51423 19.8628 19.12071 18.70941 18.38772 17.35858 
  8.216484 9.615014 9.896015 10.5268 11.31601 11.74204 11.92172 11.65194 11.50354 13.31018 16.54161 16.01792 14.43685 15.20465 15.42305 17.26249 17.91168 19.64775 19.63385 19.45126 18.33772 18.53251 17.30559 
  7.705186 8.039346 9.087392 11.18372 11.94165 11.86681 11.33434 12.33707 12.46343 12.98521 15.23019 14.85942 16.08382 15.96159 15.97169 18.54085 18.43239 19.91478 19.48122 19.31904 18.44392 18.31533 17.30559 
  8.80341 8.777782 9.460053 11.32829 12.24978 11.74204 11.38474 12.43516 12.58341 14.50426 16.03722 14.10825 16.27633 16.1689 15.51449 18.28518 18.27618 19.91478 19.4049 19.12071 18.60321 18.24294 17.14663 
  7.61038 8.203443 9.605374 11.18372 11.58061 11.36774 11.18311 12.23899 11.62353 13.85951 16.23898 14.62772 15.60252 15.75428 15.97169 18.3491 18.38032 19.51423 19.25227 19.0546 18.23153 18.38772 16.51078 
  7.183753 7.259886 8.756138 10.82999 11.63353 11.99158 11.13271 11.40856 10.93207 13.73056 15.73458 14.70496 15.50627 15.14498 15.60593 19.11611 18.74481 18.98016 18.64174 18.32738 18.23153 17.95337 16.72273 
  7.349664 8.36754 9.211613 12.34029 11.94165 10.54877 10.72945 11.45724 11.62353 13.47267 14.38225 13.70422 15.50627 15.75428 15.78881 18.86044 18.32825 18.4461 18.18384 17.40183 17.32887 17.30185 16.24584 
  6.306797 7.7932 8.921764 10.93106 10.89265 10.40002 11.23352 11.55459 11.62353 13.47267 14.83883 14.28141 15.31375 15.54696 15.19989 17.77384 17.44304 17.84527 17.57331 17.00517 16.85099 16.72272 15.71597 
  6.093483 7.834225 8.424883 8.454977 10.25761 10.30085 12.13651 11.94473 11.15186 13.47267 15.03451 13.76194 14.43685 14.66766 14.97674 17.19576 16.61119 16.8439 16.65751 16.5424 16.16072 16.07119 14.82746 
  4.837302 7.30091 8.838951 8.859236 11.21017 10.69753 11.28393 10.19166 10.00891 13.73056 14.83883 12.83844 13.83635 13.89202 14.19569 15.79436 15.21419 15.41033 15.01138 14.81472 14.17414 14.05859 13.34859 
  5.832766 7.218862 6.810017 9.010832 10.46929 9.854581 10.17497 10.33769 9.613272 12.98521 13.46908 11.91494 12.33511 12.5794 12.41043 14.79337 14.38869 13.68916 13.75038 12.87394 12.36247 12.81459 12.01761 
  7.325962 8.917321 8.052221 7.040075 7.876217 8.466195 9.620495 8.439324 8.953876 13.4185 13.46908 10.81828 11.37431 11.26677 10.84833 13.2585 12.61068 12.39828 12.09803 11.4507 11.6831 11.53505 11.24121 
  7.349664 7.916273 7.017051 7.393801 7.823297 7.127395 8.763575 8.341972 8.865956 10.43959 10.79479 12.43441 12.69541 11.86342 11.07149 12.12404 13.24568 12.55964 12.70679 12.3564 14.21943 14.09414 13.23768 
  6.923036 7.259886 5.195151 7.595929 7.452858 5.788594 7.654619 7.514481 6.536089 8.11062 7.72915 8.509537 8.191679 8.164207 7.869042 8.47976 9.435681 9.278657 9.9239 9.798048 10.46022 10.53985 10.87149 
  6.496408 7.013741 4.94671 6.635817 6.182781 5.788594 7.352177 6.735665 6.580049 6.81073 7.598697 7.643755 7.591182 8.164207 7.797839 8.529945 8.594707 8.474281 9.058119 9.544137 9.789097 10.64648 10.64966 
  4.661888 3.936923 4.82249 5.625173 5.653583 5.838179 4.721151 5.32734 5.508091 6.154697 6.865025 6.995463 7.172521 7.746742 9.007285 8.519908 8.457958 9.493804 9.532556 10.02746 9.909183 10.2444 10.61269 
  5.500945 4.470238 3.912669 6.02943 6.024022 5.391912 5.991186 5.71347 5.813141 6.53992 6.525202 7.41288 8.13163 7.865882 8.225061 8.309131 9.372181 9.70895 10.01087 9.941201 9.960648 10.50431 10.87149 
  3.694594 3.567705 3.418045 4.968254 5.494823 4.622874 3.875208 4.194442 5.075938 6.004888 7.142112 7.816912 8.01153 8.223871 8.784128 8.987581 9.181681 9.278657 9.576038 10.11372 10.02069 9.995619 10.41714 
  5.358736 4.511262 4.781083 4.634456 4.043551 4.250347 4.486167 5.038562 6.492129 6.53992 7.207339 8.278662 8.431878 8.283536 8.182339 9.121048 9.308681 9.213142 9.749969 10.02746 9.943492 10.32659 10.29765 
  4.621584 3.152477 4.043599 5.372511 4.384886 4.275182 4.580161 5.859498 6.272331 7.135703 7.272565 7.470599 8.13163 8.104542 8.56097 8.690537 9.245181 9.440017 9.706487 10.15684 10.18847 10.03449 10.35196 
  3.936418 3.197382 4.159981 4.485704 4.429407 4.79672 4.88564 5.762146 5.749589 5.940684 6.946433 7.990067 7.771331 8.46253 8.61676 8.787382 9.435681 9.332444 9.273596 10.32936 10.32435 10.57539 10.79755 
  4.58128 4.183068 4.615456 4.17468 5.494823 5.986935 6.394442 7.611833 8.690117 8.056458 8.250961 9.606192 8.972325 9.417166 10.23465 9.454714 9.054681 9.70895 9.967382 9.505666 9.81483 10.06559 10.90846 
  5.287631 3.526681 3.927217 5.018786 5.600663 5.342327 5.033452 6.443609 7.635083 6.53992 7.794376 8.682693 8.311779 8.46253 9.230442 9.054315 9.029818 8.990312 9.101214 9.78266 10.41493 10.46877 10.76058 
  5.382437 3.526681 3.985408 4.539796 4.01387 4.647709 3.428738 4.416579 6.536089 6.283105 6.606112 7.41288 7.471364 8.223871 7.370616 8.198724 9.245181 9.177958 9.435204 9.744188 10.41493 10.57539 10.59096 
  5.074317 3.895899 3.432592 5.11985 4.830104 4.051666 4.580161 4.594288 5.609775 6.53992 6.881207 6.371241 6.933446 7.300673 7.883283 8.987581 8.569843 8.849576 9.619521 9.651857 9.806252 10.61094 10.64966 
  5.192825 2.658529 3.665357 5.11985 5.283144 5.044816 4.74465 5.282912 6.184411 6.53992 6.687022 6.656212 7.711282 7.642659 8.672549 9.254514 9.118181 8.908216 9.489073 9.941201 10.32435 10.36214 10.31937 
  5.524646 3.649753 4.491235 5.069318 5.653583 5.788594 4.932637 5.762146 5.393698 5.641067 6.832661 7.528318 7.591182 7.865882 8.728338 8.319168 9.029818 9.278657 9.252048 9.405641 9.900604 10.71757 11.05635 
  4.742496 3.002796 4.532642 4.580364 5.018545 5.937349 5.487115 6.492285 5.964612 6.518518 7.011659 7.41288 7.651232 7.791348 8.337813 8.720649 8.880636 9.278657 9.793451 9.490277 9.831985 10.43322 10.94543 
  3.65429 3.077636 4.491235 4.867189 5.230224 4.573204 4.486167 4.97192 5.77501 6.069092 6.476656 6.873333 7.351827 7.702135 8.337813 8.787382 8.955227 9.119319 9.14431 9.56722 10.00353 9.956746 10.64966 
  2.163045 2.643561 4.656863 4.661501 4.281001 3.306613 4.74465 5.908174 6.140451 5.769474 6.460474 7.131164 7.651232 7.806218 7.940246 8.560057 9.181681 9.201415 9.155084 9.898073 10.36964 10.08114 10.3411 
  3.049731 2.56872 4.325608 4.867189 5.177304 5.590253 5.487115 5.810822 5.46996 6.497117 7.403018 7.036173 7.651232 8.044877 8.449392 8.787382 9.245181 9.54759 9.576038 9.98433 9.952069 10.28328 10.61269 
  3.331859 3.332095 3.709 4.539796 4.503611 5.044816 4.983044 5.908174 6.052532 6.648244 6.719386 7.528318 7.95148 7.806218 8.337813 8.369353 8.520117 9.166231 9.836934 9.490277 10.23376 10.39768 10.53664 
  4.58128 3.511713 4.367015 4.336954 4.325523 4.523533 5.184672 5.060775 5.920652 6.919055 6.881207 7.297443 7.451441 7.761611 8.505181 9.054315 8.880636 9.54759 9.305918 9.882685 10.03784 10.2755 10.48233 
  5.406138 3.731802 3.999955 4.445136 4.652017 5.044816 4.768148 4.771997 5.698747 5.170238 6.50902 6.832623 7.591182 7.702135 8.225061 8.987581 9.118181 8.908216 9.230501 9.898073 10.32435 10.57539 10.21074 
  4.813601 3.122541 3.636261 4.867189 5.124384 4.300017 5.638336 5.908174 6.184411 6.283105 6.104469 6.615502 7.591182 7.925547 8.153857 8.369353 8.681729 9.189687 9.532556 10.19997 10.32435 10.50431 10.52578 
  4.908407 2.957891 4.325608 5.625173 5.441904 4.250347 4.462669 5.71347 6.624009 6.81073 6.557566 7.701474 8.07158 8.164207 8.125376 8.138501 8.893068 9.440017 9.663004 10.02746 10.27905 10.07336 10.3411 
  2.848212 3.257254 4.449829 4.766125 4.965625 4.449028 4.462669 4.660929 5.762299 6.973217 7.011659 7.239724 7.311981 7.226329 8.139617 8.710611 8.69416 8.82612 9.576038 9.859602 10.055 10.14334 10.39542 
  3.775202 2.80821 4.532642 4.715592 5.653583 5.342327 5.134265 5.549477 5.533512 7.081541 6.946433 6.927613 6.813909 7.404756 7.541505 8.47976 8.25905 8.532921 9.576038 10.15684 9.909183 10.25218 10.39542 
  3.613986 3.496744 4.325608 5.069318 4.800423 4.598039 4.838644 4.97192 5.45725 5.384251 5.845557 6.629072 7.172521 7.77648 8.505181 8.660427 9.372181 9.107591 9.489073 10.41562 10.41493 10.57539 10.25419 
  4.621584 3.032732 3.621713 4.647978 4.859785 5.342327 5.23508 5.616117 6.184411 5.790875 6.282472 7.239724 7.771331 7.791348 8.282024 8.550019 9.181681 9.278657 9.305918 9.636468 10.41493 10.61094 10.83452 
  4.702192 3.649753 3.301663 4.431613 4.206798 4.076501 4.768148 4.572074 5.724168 6.069092 6.039741 6.534081 7.172521 8.283536 8.253543 8.670464 8.893068 9.224871 9.413656 9.941201 10.50551 10.18998 10.47146 ]
