 [
  9.505033 10.58852 10.48518 8.142067 6.168688 4.96769 4.851259 6.013368 5.43073 6.838638 6.957543 7.415854 7.672497 7.651311 8.231612 8.420927 8.711045 8.996286 9.327896 9.603627 9.876253 10.27477 10.2499 
  7.530038 9.522391 9.859446 7.710098 4.979801 5.081833 5.924575 6.04482 6.312973 6.415686 8.638822 9.506849 8.464651 9.370336 10.70269 11.71837 11.67894 10.92613 12.59431 13.58491 12.92297 11.90224 12.24922 
  6.119327 5.670504 6.26559 4.664234 4.246609 5.138904 5.809577 6.453693 6.067905 6.929271 9.678502 10.72254 9.240601 10.04242 11.6064 12.51105 12.53997 11.33761 13.30371 14.43978 13.68377 12.67766 12.96515 
  6.401469 5.95426 4.528366 4.272383 5.493034 5.652544 5.311252 6.890065 6.533534 7.412645 8.558846 8.791738 8.787964 9.504753 9.605317 9.835779 9.885111 9.031499 9.821537 10.48599 10.70397 10.66525 10.79787 
  6.048791 6.780921 5.359212 3.684605 4.906481 5.652544 6.192904 6.139175 6.411 6.627162 7.413274 8.148137 8.012014 7.464757 8.133457 8.558232 9.024075 9.148876 9.135877 9.577994 10.06997 10.70218 11.10323 
  6.260397 6.628617 6.038996 5.252011 5.05312 5.880829 5.886243 6.633553 6.533534 6.687584 7.033499 7.30879 7.008084 7.79789 8.182534 8.033975 8.988198 9.401206 9.66157 9.854823 10.41867 10.49909 10.68477 
  6.330933 6.933225 6.869842 4.533617 5.199758 5.42426 5.579581 5.132716 6.141426 7.140748 7.64114 7.30879 7.315983 6.97172 8.06802 9.043107 8.879747 8.796744 9.17762 9.818937 9.792309 10.1892 10.30248 
  6.613075 6.628617 6.416653 4.729543 6.168688 6.39447 7.388186 7.40309 6.763306 8.202563 10.23833 10.72254 9.822562 8.765459 9.798971 9.63761 9.849234 9.788487 9.821537 9.788179 9.979569 10.33182 10.7187 
  7.388967 6.552465 5.585807 5.382628 7.071342 7.259451 7.851662 7.659602 6.533534 8.561617 10.31831 11.00858 10.01655 9.101501 9.992624 10.08349 9.024075 9.498026 9.528263 9.783052 10.02477 9.837389 10.49309 
  5.95393 5.102993 5.208149 4.598926 3.953332 4.96769 4.812926 4.84965 5.406223 5.902101 6.046082 6.211377 7.008084 7.651311 8.06802 8.558232 8.650795 9.449616 9.528263 9.951694 10.16507 10.22723 10.79787 
  5.147616 5.102993 6.939368 6.774167 5.676332 6.451541 5.541248 6.170627 6.533534 7.050115 7.489229 7.933603 7.559061 8.026166 8.507948 8.844939 8.711045 9.352796 9.554924 9.757421 10.10167 10.57294 11.22764 
  4.578454 4.900311 5.208149 4.990777 5.346396 4.853548 5.196254 6.013368 6.312973 6.506319 6.919566 7.389089 7.08911 7.358154 7.986224 7.996528 9.095828 9.019762 9.688231 9.916075 10.01186 10.36985 10.47338 
  4.673314 4.738165 2.942205 2.966211 4.063311 4.625263 5.119588 5.321427 5.602277 6.234421 6.008104 7.014362 7.818027 8.026166 7.953505 8.38348 8.711045 9.32859 9.581586 9.859949 10.06351 10.46217 10.30248 
  5.147616 4.738165 3.168799 3.684605 3.770035 4.853548 6.001241 5.54159 5.479743 5.84168 6.501813 6.907298 7.413214 7.59801 8.572498 8.670573 8.735146 9.101926 9.185968 9.742041 9.74065 10.49909 11.28419 
  4.815605 4.576019 2.035827 3.162137 3.880013 3.940409 4.391266 5.635946 5.920865 5.84168 6.349903 6.291676 7.153931 7.811215 8.63705 8.620645 8.939998 9.280181 9.768215 10.20103 9.921453 10.36985 10.42079 
  4.104151 4.008508 2.413485 3.096828 3.33012 3.826267 4.927924 5.54159 6.043399 5.479149 5.248553 6.077547 6.65157 7.891748 7.920787 8.296103 9.382839 9.425411 9.085785 9.834317 9.973112 9.875422 10.57854 
  4.009291 3.846362 2.262422 2.966211 3.550077 3.255555 4.314601 4.535131 6.361987 5.902101 6.08406 6.184611 7.332189 7.584684 8.198894 8.083904 8.855647 9.207565 9.419731 9.639512 9.843966 10.40678 10.33535 
  3.72471 4.008508 3.395394 2.378434 3.586737 2.856057 4.391266 4.975457 4.965101 5.902101 7.185409 7.121427 7.299778 8.093374 8.297049 8.346033 8.566444 9.32859 9.269455 9.880455 10.13337 10.36985 10.88835 
  3.81957 3.805825 4.452835 4.468308 4.869822 4.339908 4.007939 4.598035 5.406223 6.717795 6.881588 6.934064 6.846033 7.677962 8.28069 8.246175 9.203457 9.498026 8.99395 10.02293 10.02477 10.42524 10.55882 
  6.401469 8.456264 9.581344 10.22991 10.59989 10.93022 11.28138 11.67829 12.20124 12.79845 13.2774 13.58299 13.50832 12.9996 12.38102 11.76792 11.46368 11.33761 10.59472 10.62847 10.51377 10.36985 11.09192 
  8.376465 10.51237 12.01474 12.24577 12.65138 12.93246 13.22798 13.73039 14.116 14.88096 15.35676 15.65681 15.57752 15.01585 14.31755 13.65051 13.40101 13.32262 12.51433 12.44508 12.00367 11.79146 13.00283 
  8.305929 8.075504 8.955612 10.01393 10.59989 11.26392 11.18869 10.48124 10.59283 11.57767 11.83784 12.93939 12.79703 11.31938 12.18736 10.97524 12.00182 11.84592 11.39455 11.16277 11.78177 12.30841 11.96278 
  9.575569 11.27389 10.97186 10.58989 10.76401 11.26392 12.57912 11.9348 12.81396 13.15751 11.59791 11.58068 11.56845 11.65543 12.31647 10.38074 10.35151 10.12736 11.36789 13.40681 13.17657 12.5115 12.24922 
  12.39699 15.91916 15.76913 14.90957 15.44139 16.5198 17.02849 17.06505 16.33713 16.53261 16.07653 14.9417 14.41359 15.15027 15.22127 14.09639 12.86286 11.09556 12.51433 14.43978 14.12757 12.92993 11.9854 
  14.72467 17.02015 16.27441 16.73779 17.44751 18.87317 19.78621 19.84279 19.11504 19.44727 18.80653 17.2415 16.69385 17.60929 17.71602 16.43186 15.10465 13.02605 14.32613 16.06552 15.5043 13.74557 12.0985 
  14.86574 16.84269 15.6996 16.33984 17.14439 18.54151 19.69201 19.91985 19.2753 19.71546 18.96845 17.27868 16.64183 17.39258 17.24119 15.83982 14.19009 12.2574 14.06228 16.03749 15.5043 13.57682 11.8723 
  15.00681 16.66522 15.86537 16.248 16.86883 18.29276 19.80975 19.76573 19.32872 19.98366 18.80653 17.61334 16.77189 17.62899 17.16621 15.5438 13.69471 11.99115 14.29315 15.9534 15.32948 12.81742 11.84968 
  15.10465 16.39902 16.09796 16.21739 16.59327 17.98873 19.50363 19.57309 19.54241 19.60819 19.04941 17.2415 16.84993 17.49108 16.86632 15.13677 13.40101 12.20899 14.26016 15.72916 14.84872 12.73305 11.45384 
  15.1245 16.28071 16.10598 16.11024 16.5106 17.85054 19.1975 19.68868 19.59583 19.66183 19.04941 17.27868 16.90196 17.37288 16.79134 15.03769 13.40101 12.39055 14.65594 15.64507 14.52093 12.17917 11.78182 
  15.15429 16.28071 16.114 16.11024 16.5106 17.79526 19.12686 19.80426 19.70267 19.7691 19.19109 17.42742 17.00601 17.56989 16.9163 15.17377 13.50864 12.68711 15.01874 16.09355 14.56463 11.84685 11.58956 
  15.2089 16.28071 16.12202 16.06433 16.42793 17.68471 18.98557 19.72721 19.59583 19.87638 19.15061 17.35305 16.95398 17.53049 16.96628 15.17377 13.54451 12.30581 14.88681 16.20567 14.54278 13.29556 14.47237 
  15.21386 16.2955 16.114 16.06433 16.42793 17.71235 18.98557 19.76573 19.59583 19.87638 19.15061 17.46461 16.98 17.66839 17.09124 15.17377 13.6185 12.30581 14.91979 16.17764 14.65204 12.41919 13.37964 
  15.22876 16.28071 16.04182 15.9878 16.37282 17.57415 18.84428 19.65015 19.38214 19.66183 18.82677 17.31586 16.82392 17.39258 16.81633 15.08723 13.54451 12.18479 14.35911 15.89734 14.54278 12.45611 11.25026 
  15.23372 16.2955 16.04984 15.97249 16.31771 17.57415 18.82073 19.61162 19.32872 19.71546 18.86725 17.27868 16.74588 17.41228 16.89131 15.13677 13.58039 12.2574 14.45805 15.61704 14.03247 11.80993 10.9449 
  15.20393 16.25113 15.9937 15.92657 16.31771 17.4636 18.70299 19.38045 19.22188 19.60819 18.80653 17.05557 16.53778 17.35318 16.81633 15.17377 13.6566 11.89433 14.49103 15.61704 14.32425 12.17917 11.39729 
  15.18656 16.25113 16.00172 15.9878 16.42793 17.54651 18.75009 19.34192 19.16846 19.66183 18.82677 17.01838 16.48575 17.27437 17.01626 15.24778 13.58039 11.94274 14.16122 15.64507 14.45537 12.27149 11.68003 
  15.15677 16.17719 15.9536 15.94188 16.40038 17.49124 18.70299 19.22634 18.95477 19.50091 18.60413 16.80099 16.27765 17.05766 16.96628 15.39579 13.80903 11.67648 13.86439 15.50492 14.3461 12.7893 12.17386 
  15.12947 16.14761 15.92152 15.89596 16.34526 17.40832 18.6088 19.07223 18.74109 19.39363 18.40173 16.72948 15.96549 16.86065 16.74136 15.32178 13.84713 11.72489 14.26016 15.61704 14.12757 12.71459 11.74789 
  15.09968 16.07146 15.87339 15.83473 16.29015 17.35304 18.53815 18.99517 18.58082 19.23272 18.34101 16.65797 15.9915 16.74244 16.64139 15.24778 13.88524 11.84592 13.30371 15.28068 14.25869 12.10532 11.80444 
  15.09224 16.07146 15.79319 15.77351 16.17993 17.18721 18.37332 18.84106 18.42056 19.0718 18.23981 16.51495 15.83617 16.64394 16.66639 15.17377 13.99956 12.03956 12.8076 14.74811 13.81057 11.97609 11.96278 
  15.08727 16.07146 15.78517 15.70152 16.09787 17.18721 18.34977 18.84106 18.31372 19.0718 18.54341 16.94402 15.83617 16.64394 16.69138 15.24778 14.26631 12.34818 13.23774 14.8322 14.19313 12.73305 12.06457 
  15.11458 16.07146 15.82527 15.70152 16.09787 17.18721 18.32622 18.87959 18.15345 18.80361 18.68509 16.87251 16.04353 16.68334 16.71637 15.28478 14.38063 12.43291 13.10582 15.30871 14.80501 12.95805 12.13618 
  15.0972 16.07146 15.78517 15.70152 16.01581 17.02036 18.34977 18.84106 17.88635 18.48178 18.80653 17.01838 15.90083 16.42723 16.64139 15.13677 14.30441 12.47528 13.20476 15.22462 14.54278 13.21118 12.77675 
  15.07983 16.14761 15.76913 15.70152 16.01581 17.10378 18.39686 18.4943 17.67266 18.15994 18.76605 17.20431 15.83617 16.44693 16.57684 15.28478 14.57116 12.89895 13.03985 15.30871 14.58648 13.12681 13.19123 
  15.07734 16.14761 15.76913 15.70152 16.01581 17.10378 18.34977 18.26313 17.24529 17.78447 18.52317 17.61334 16.22562 16.42723 16.31864 15.24778 14.49495 12.94131 12.75428 14.46781 14.09587 12.81742 12.66371 
  15.10961 16.22156 15.6996 15.70152 16.09787 17.24249 18.63235 18.10902 17.35213 17.46264 18.72557 17.9852 16.32967 16.42723 16.57684 15.72881 14.8379 13.53445 13.1388 14.69205 14.41166 13.37994 12.73907 
  15.10465 16.2955 15.76913 15.80412 16.17993 17.43596 18.82073 17.68521 16.92476 17.03353 18.28029 18.28267 16.48575 16.2256 16.51229 16.09883 14.91412 13.95812 12.8076 14.2973 14.65204 13.66119 13.19123 
  15.11706 16.38423 15.76913 15.89596 16.34526 17.68471 19.07976 17.49257 16.49739 16.60442 18.28029 18.80326 16.71987 16.36002 16.81633 16.43186 15.06654 14.04285 12.56765 14.2973 14.54278 14.05495 13.455 
  15.10961 16.53212 15.76913 15.97249 16.59327 18.01637 18.84428 17.60815 16.26054 16.60442 17.91597 18.87763 16.7979 16.56514 17.46611 17.02389 15.71436 14.67835 12.70096 14.52387 14.76131 14.50496 13.60572 
  15.10217 16.6948 15.76913 16.17147 16.89639 18.51387 18.32622 17.32156 16.18395 16.53261 17.75602 19.13793 17.13607 16.78185 17.91595 17.24591 15.75246 14.97492 12.59431 14.36854 15.02354 14.47684 14.09557 
  15.10713 16.84269 15.84933 16.35514 17.22706 18.92845 18.14083 16.80854 15.95417 16.38899 17.59607 19.28667 17.60431 16.93946 18.21585 17.46792 15.9811 14.93255 12.59431 14.19044 14.60834 13.91432 13.455 
  15.08231 16.96099 15.89745 16.4929 17.55774 18.70734 17.95544 16.1245 15.64781 15.95813 17.43612 18.87763 17.57829 16.99856 18.16587 16.98689 15.71436 14.84782 12.24772 13.86987 14.38981 13.35181 13.26659 
  14.93627 17.07931 15.92152 16.70718 17.91597 17.73998 17.21388 15.52598 15.26486 15.52726 17.43612 18.20831 16.87594 16.86065 17.69103 15.98783 15.33329 14.25468 11.90112 13.12185 13.36677 13.37994 12.24922 
  14.7952 17.07931 15.88943 16.73779 17.91597 16.8535 15.82345 14.75644 14.57554 15.16821 17.11621 17.53897 15.51285 16.2256 16.76635 14.78998 14.38063 13.15315 11.23459 12.76565 13.04977 11.99455 11.46515 
  14.51306 16.85747 15.4215 15.9878 16.84128 15.76896 14.06224 13.30287 13.3501 14.01923 15.83661 15.72832 13.70231 14.54539 14.76941 13.25418 12.71935 11.09556 10.14147 10.84219 11.62327 11.9207 10.99014 
  14.08984 16.39902 14.51767 14.40561 14.70286 13.68329 11.55947 11.07976 10.8992 11.36224 12.71757 12.22428 11.3098 12.59634 13.09108 10.9257 10.88965 10.70828 10.38142 10.66409 11.14777 10.72064 10.52596 
  13.31395 15.6907 13.82241 11.45382 11.66666 10.76336 9.149395 8.429138 8.67807 9.997832 11.27801 11.15161 10.85716 10.71451 11.08999 10.23211 10.85378 10.12736 10.16813 10.37913 10.41867 10.8868 10.60483 
  12.04431 13.93921 11.80616 9.653956 7.973994 8.177143 9.24209 8.771154 9.520567 10.71594 11.27801 11.79521 11.76243 11.05055 11.73551 11.76792 12.14533 12.30581 10.72802 11.4121 11.65497 11.42221 11.2955 
  8.517536 9.903151 9.164189 9.077999 7.399579 9.345114 9.612871 9.626195 10.28647 11.1468 12.47764 13.0109 12.79703 12.05868 12.38102 13.05601 13.36513 13.78865 12.94091 12.83689 12.63767 13.23931 13.49268 
  7.318431 8.68472 7.982253 8.358051 8.138113 9.011408 9.705566 9.455187 10.74602 11.29043 12.31769 13.15392 12.79703 12.66355 13.34929 13.25418 13.22162 13.40735 13.27072 13.83425 13.43017 14.02683 14.20861 
  5.621919 7.390137 7.426047 7.710098 7.891934 9.428541 10.35443 9.113171 9.90352 10.50051 12.55762 12.93939 11.76243 11.78984 13.41384 13.20463 13.92335 13.23788 13.07284 13.62053 13.52527 13.77369 13.86948 
  6.895218 7.466289 8.260355 7.998077 8.302231 9.345114 10.9106 11.42178 10.59283 10.85956 12.15774 12.86788 12.21507 11.38659 12.44557 13.35326 13.29338 13.02605 12.19439 12.76565 12.92297 12.76117 12.85211 
  9.293427 9.750847 9.650869 10.22991 11.91284 12.51532 12.67181 12.44783 12.35442 11.86491 13.9172 14.44112 12.86169 12.46193 14.57576 14.04685 13.29338 13.23788 13.33669 14.08358 13.46187 12.9018 12.55066 
  9.293427 9.750847 9.372766 10.08593 12.32314 12.59875 11.83755 11.42178 11.05238 10.78775 12.95749 13.29694 11.37446 11.11776 13.41384 12.61013 11.78656 11.7491 12.22106 12.80127 11.81347 11.60684 11.41991 
  8.235394 9.827 9.720394 9.581962 11.42049 12.68218 13.13529 12.53333 10.51624 10.85956 13.35737 12.79637 11.11581 11.65543 12.44557 11.71837 10.9614 10.95033 9.928183 10.34351 10.70397 10.99758 10.82049 
  10.06932 9.598543 9.928972 10.15792 11.17431 12.26504 12.67181 11.59279 10.36306 9.566968 12.71757 12.58183 10.66317 10.71451 11.80006 11.32204 11.53543 11.43443 10.59472 10.41475 10.41867 10.46217 10.50624 
  8.376465 9.827 8.816561 9.869941 10.35371 10.01253 11.18869 11.16527 10.43965 10.06964 12.39767 12.3673 10.21054 9.63917 11.3482 11.47066 11.32017 11.09556 10.35476 10.45037 10.57717 10.86834 10.43394 
  7.388967 7.847048 8.260355 9.077999 8.794587 8.927981 10.53982 11.07976 9.98011 9.495157 11.51794 11.58068 9.563912 9.571961 11.08999 11.12387 10.38738 10.53884 9.66157 10.16541 9.940825 10.20821 10.70739 
  7.530038 8.227808 10.13755 10.01393 8.384291 9.428541 10.44713 10.39573 9.673748 9.566968 11.19803 11.29463 9.693237 9.571961 10.18628 10.47983 9.598099 9.812693 9.48652 9.644638 9.979569 10.09411 10.73001 
  7.17736 8.760872 9.094664 7.998077 7.891934 10.34623 10.81791 11.16527 10.28647 9.566968 10.07838 10.29347 8.917288 8.496625 10.12173 10.38074 9.382839 9.619052 9.519915 10.23665 10.10167 10.62833 10.84311 
  7.106824 7.999352 9.025138 7.638103 7.563697 9.511968 10.63252 10.65224 9.673748 8.920671 9.118674 9.649872 8.335326 8.227791 9.863522 10.38074 8.927948 9.043237 9.528263 10.02293 10.26017 10.5914 10.50624 
  6.472004 7.009377 7.773676 5.643863 7.399579 8.427423 9.798262 10.73775 8.984432 8.346185 9.598527 9.721383 8.270664 7.677962 9.088908 10.23211 9.311087 8.937597 9.494868 9.767673 10.29187 10.36985 10.79787 
  6.824682 8.760872 8.329882 6.630177 7.399579 8.177143 9.24209 9.369683 8.524889 8.130753 8.798773 8.863249 7.332189 7.744588 8.830704 10.03395 9.705729 8.867171 9.581586 9.951694 10.38697 10.51755 10.76394 
  6.401469 8.227808 7.426047 6.630177 6.743104 7.676584 8.685919 9.113171 7.835574 8.130753 9.358601 8.505692 7.105316 8.295 8.830704 8.993565 8.927948 9.32859 9.352942 10.12979 10.19677 10.51755 10.49967 
  6.189862 7.618592 7.70415 6.702172 6.743104 6.758892 7.388186 8.514643 7.29944 7.987131 9.038699 7.737048 7.510446 7.82454 8.297049 8.745467 9.239334 9.18409 9.327896 9.747168 10.13337 10.26526 11.19371 
  7.106824 7.313985 6.939368 5.578554 5.309737 6.223256 7.573576 8.25813 7.37603 7.556267 8.078994 7.790581 6.732596 7.811215 8.572498 9.488985 9.490469 9.043237 9.528263 10.09417 10.19677 10.14165 10.49967 
  7.530038 7.694745 8.121305 6.702172 5.676332 6.508612 6.739319 6.975569 7.37603 7.352223 7.919044 7.603218 7.49424 7.291528 8.443397 9.241275 9.024075 9.207565 9.478171 9.665144 9.656706 9.913456 10.53253 
  4.673314 6.857073 7.843202 7.350124 5.840451 6.337399 7.758966 7.40309 6.993077 7.382434 7.679117 8.219648 8.141339 7.891748 8.572498 8.795397 8.819496 9.125401 9.453125 9.798431 9.979569 10.22723 10.23018 
  4.910465 6.476313 7.078419 7.062145 5.639673 6.842319 7.388186 7.745106 7.37603 7.412645 7.527207 8.434181 7.88269 7.251552 8.166175 9.389901 8.964098 9.066712 9.688231 9.916075 9.850424 10.3033 10.57197 
  5.100186 6.400161 6.114527 5.578554 6.414866 7.342877 8.129747 8.600146 7.069668 7.771699 8.31892 8.505692 7.88269 7.558034 7.822631 8.795397 8.626695 9.07845 9.714892 10.05855 10.13337 10.38832 10.74132 
  3.013256 5.427285 5.661338 5.77448 5.922511 7.342877 7.388186 6.975569 6.26396 7.628078 8.31892 7.790581 7.688703 8.026166 8.215253 9.043107 8.819496 8.491564 9.519915 9.84457 9.792309 10.08461 10.63112 
  3.81957 4.900311 6.718779 6.846161 4.503226 6.675465 6.92471 6.202079 6.533534 7.699888 7.413274 7.737048 7.559061 7.584684 8.182534 8.558232 8.554394 9.090188 9.36129 9.757421 10.06997 10.40678 10.59826 
  5.100186 5.670504 7.21747 7.206135 5.603013 5.880829 4.927924 6.170627 6.839896 7.050115 7.261364 8.076626 8.206002 8.093374 8.507948 8.495821 8.964098 8.45635 9.277803 9.552362 10.01831 10.1987 10.65084 
  6.001361 5.71104 6.492185 6.990151 6.168688 6.451541 6.346235 6.233531 6.839896 8.130753 7.679117 7.335556 7.251163 7.331504 8.051661 8.046457 8.21699 8.691105 9.714892 9.916075 9.979569 10.36035 11.14847 
  5.574489 5.873187 7.21747 7.854088 6.414866 7.259451 7.758966 7.146577 7.452621 6.929271 7.839068 7.683516 7.478035 7.651311 8.443397 8.894481 8.759246 9.255976 9.48652 10.05855 10.01186 10.62833 11.15978 
  5.527059 6.319088 7.70415 7.926083 5.922511 6.592039 6.461234 6.233531 7.146259 7.84351 7.919044 7.790581 7.753365 7.59801 8.28069 8.470857 9.598099 8.961073 9.453125 10.05855 10.0506 10.28428 11.09192 
  6.119327 6.628617 7.008893 8.214062 6.907223 7.50973 7.480881 7.317585 7.29944 7.699888 7.261364 7.790581 8.012014 8.160583 8.247972 8.38348 8.735146 9.008024 9.077436 9.726662 10.19677 10.36035 10.77525 
  6.472004 6.197479 6.038996 6.846161 6.989282 6.758892 7.1101 5.667397 6.190439 6.687584 7.679117 7.603218 7.753365 8.227791 7.331854 8.595679 8.964098 9.449616 9.768215 9.567741 10.16507 10.34133 10.76394 
  5.95393 5.994796 6.114527 6.166331 6.168688 7.009171 5.809577 5.101264 5.57777 7.261591 7.033499 7.389089 7.46183 7.82454 8.378845 8.70802 9.024075 9.148876 9.87486 10.05855 9.785851 9.761323 10.85442 
  6.119327 5.913723 6.038996 5.578554 5.273077 7.092598 6.422901 6.013368 6.763306 7.556267 6.957543 7.30879 7.02429 7.59801 8.231612 8.795397 9.059951 9.195827 9.848199 10.45037 10.10167 10.17969 10.54568 
  5.85907 6.238015 6.939368 6.558183 5.566354 6.842319 6.307903 6.548049 6.386494 7.556267 7.565185 6.96083 7.818027 7.478082 7.920787 8.558232 8.795397 9.473821 9.319547 9.61388 10.29187 10.70218 10.70739 ]
