 [
  6.415525 5.421432 3.814145 3.734593 3.764241 4.629644 5.627714 6.430044 7.452082 7.568195 7.779931 8.271035 7.98468 7.804383 9.032608 10.031 9.840528 10.23315 11.01136 10.93525 11.6318 12.4406 12.14517 
  5.86632 4.441514 4.091473 4.472795 4.240175 4.258843 5.413798 6.125193 6.781135 7.507436 6.907739 7.011659 7.600595 8.247618 8.290744 8.79539 9.319462 9.390329 9.688938 9.920996 10.18174 10.53507 10.8271 
  5.500183 4.964137 3.167047 4.507947 4.666011 5.200106 5.157622 6.277618 7.116609 7.082123 7.039052 7.259871 7.85806 8.247618 8.665292 8.825581 8.867875 9.5308 9.599283 9.56964 10.23798 10.5685 11.3763 
  4.035636 3.984219 3.351932 4.507947 4.841355 4.800782 4.94948 6.048981 5.577481 6.510437 7.341745 7.403656 7.303221 7.804383 8.161074 8.493486 9.111035 9.390329 9.50909 9.296364 10.28294 9.982103 10.2443 
  4.218704 3.200284 3.120826 4.015813 4.590863 4.772259 5.077568 5.687532 5.538511 6.76053 6.251176 6.897895 7.219956 7.667735 7.827636 8.423042 8.918402 8.59003 9.41196 10.23307 10.37287 10.27415 10.86371 
  4.76791 3.592251 2.797277 4.086118 4.716109 4.344413 5.029535 5.623747 5.752845 6.24367 6.809255 7.737263 7.731441 7.604667 8.346316 9.044747 8.943665 9.811741 9.34258 9.676999 10.00129 10.23765 10.93694 
  4.584841 3.134956 3.583039 3.488526 4.716109 5.000444 5.013524 5.79384 7.720461 8.115026 7.592137 7.870706 8.427848 10.48576 10.50187 10.96245 11.1953 11.95391 10.51825 10.66218 10.41783 10.39097 10.59229 
  5.134047 3.265612 3.583039 3.629136 3.288307 4.886352 5.429809 6.027719 6.781135 7.811232 7.466941 7.870706 7.98468 9.142873 8.971389 9.318706 9.527888 10.51409 9.778594 9.960006 10.59768 10.80251 10.75387 
  4.828932 3.984219 3.490596 3.418221 4.69106 4.173274 5.237677 5.241037 7.116609 6.660493 6.874911 7.177134 7.85806 9.398661 9.032608 8.694756 8.577349 9.987329 10.31653 10.19406 10.41783 10.53507 10.53934 
  3.48643 2.742988 3.721703 4.12127 4.290273 5.55592 5.79937 5.708794 6.454301 6.693839 6.595871 6.959948 7.85806 8.567352 8.420414 8.604184 9.111035 9.460565 9.913077 10.03802 10.50775 10.53507 11.01017 
  4.34075 3.722907 2.612392 3.312764 3.463651 5.55592 5.541885 5.241037 5.499541 6.893913 6.891325 7.60382 7.731441 7.951542 8.971389 9.209122 8.956296 9.15024 9.231573 10.07703 9.854682 10.43478 10.64403 
  3.91359 2.873644 2.612392 2.25819 3.764241 4.715213 4.61325 4.688233 6.512756 6.927259 7.592137 6.866868 7.707651 8.439458 9.277486 9.757038 9.111035 9.67127 9.585407 9.852676 10.05768 10.20114 10.50908 
  5.317115 3.461596 2.982162 4.191575 4.741158 4.344413 5.077568 5.730055 5.967179 6.660493 7.404343 7.177134 6.970161 8.247618 8.665292 9.044747 8.703665 9.310299 9.363394 9.452522 10.19302 10.86937 10.79049 
  5.073024 3.526923 2.843498 3.453373 5.172237 4.572598 4.917458 5.5387 6.915324 6.743857 6.546629 6.928921 7.481646 7.446996 8.411152 8.935163 8.842612 9.495682 10.15963 9.764837 10.18174 11.10339 10.79049 
  5.561206 4.24553 3.444375 4.156423 3.689093 3.374628 4.869425 5.963934 5.986664 6.52711 6.956982 6.608314 7.445961 7.730803 8.374104 8.614247 9.006823 9.030194 9.363394 10.07703 10.28294 10.96967 11.04678 
  6.110412 5.421432 3.351932 3.172154 4.064831 5.200106 5.397787 5.262299 6.646945 6.610474 7.341745 7.537099 7.731441 7.772849 8.604073 9.428288 9.215249 9.323638 9.845836 9.891716 9.854682 10.10622 10.50151 
  6.842685 6.532007 4.091473 4.367337 4.891453 6.089643 6.915135 6.201406 6.493271 7.446677 6.563044 6.887553 8.047989 8.119724 8.604073 9.099539 9.058929 9.243608 9.439711 9.960006 10.46279 10.70222 10.57716 
  6.537571 7.60019 5.570553 4.602758 6.108184 7.601854 7.515932 6.201406 7.586272 8.418822 7.039052 6.680709 7.624386 8.035633 7.864685 8.935163 9.058929 9.110225 9.666525 10.07703 10.3279 10.50164 10.90033 
  6.842685 7.374785 4.923455 5.266439 7.41851 8.580345 8.116729 6.734894 8.190125 8.54034 7.592137 7.937428 7.683861 7.657223 8.281482 8.989956 8.741559 9.425447 9.711352 9.803877 10.46279 10.50164 11.01017 
  10.33377 9.102891 6.938719 6.688613 7.699294 8.22453 7.430104 7.115957 8.793978 8.479581 7.592137 7.270213 7.79475 8.247618 8.198122 9.099539 8.867875 9.565917 10.09239 9.462281 9.978739 10.30336 10.56203 
  10.53435 9.478566 8.145924 8.205598 8.822431 9.380928 7.344275 8.259146 8.659788 8.358063 8.092921 8.804807 9.060946 8.503405 8.481633 8.584057 8.1984 9.601035 9.75618 10.27208 10.15918 10.34716 10.68065 
  8.528524 7.44992 7.904483 8.395222 8.354457 8.402437 8.374213 8.10672 10.00168 9.816279 10.09606 9.872351 9.820662 9.654448 9.88968 10.35975 10.10106 9.987329 9.481339 10.31109 10.3279 10.66879 10.93694 
  9.397715 9.478566 8.950727 9.627771 10.22635 10.44837 11.3782 11.46007 13.02095 12.48968 11.974 11.54039 12.22643 12.97968 12.27724 12.33224 11.87268 12.41044 11.05618 11.71544 11.27211 11.40426 11.15662 
  10.06632 9.703972 9.192168 9.248526 9.758377 10.80419 11.97899 11.91735 13.35642 14.61624 14.22753 14.14252 14.12572 15.08993 14.48114 14.41433 14.00905 14.72447 14.38231 14.64116 14.73419 14.71387 14.34197 
  10.73493 10.831 10.56033 11.33438 11.63027 12.76117 12.40813 12.90811 13.02095 13.58334 14.66571 14.74302 15.45523 15.92123 15.88918 15.78412 15.97556 15.45169 14.99975 15.56819 15.85824 15.60426 16.08022 
  10.86865 11.20667 12.16994 12.75655 12.9406 13.73966 13.35224 13.82266 14.56413 14.43397 15.46714 15.6104 16.32725 16.30491 15.82796 16.27698 15.74293 15.45169 15.12323 15.69899 15.63343 16.30385 16.47337 
  10.86865 10.98127 10.15793 10.6707 11.53668 11.96058 12.66562 12.52705 13.82608 14.9191 15.76779 15.96511 16.18663 16.30491 15.88918 15.67453 16.50728 15.95514 15.98765 16.87613 17.11689 17.32144 17.45625 
  9.464576 10.45532 9.67505 10.10183 10.69432 12.22744 13.78138 13.36539 14.69831 14.73776 15.868 15.74384 16.18663 16.52732 16.2565 16.61769 17.10548 17.40956 16.35811 17.4429 17.63 18.02103 18.30809 
  9.397715 11.0564 12.16994 12.37731 13.12779 13.73966 15.06881 15.11828 16.17983 16.27913 16.16865 16.11966 16.18663 16.41612 16.46962 15.98493 16.30789 16.4586 15.80241 17.61729 17.74402 18.72062 19.42202 
  9.063411 10.30505 11.60658 11.61881 12.00465 12.85012 14.29635 14.35615 15.31667 15.37244 15.1665 15.27679 15.32861 15.28177 16.36306 16.13095 16.04202 16.29078 16.11113 17.66088 17.43046 18.65702 19.15992 
  9.397715 9.478566 9.51409 9.817394 10.60073 11.96058 12.75145 13.36539 13.49061 13.76562 13.85194 14.60957 14.82213 14.83414 15.39943 15.56495 15.84263 16.23484 15.86416 16.17856 16.43276 17.44864 18.11151 
  7.592473 8.877486 8.870247 7.826352 9.945567 10.44837 10.60574 12.75569 14.02737 13.09727 14.29013 14.60957 15.01206 15.02598 15.27699 15.67453 15.46803 15.39575 15.43195 15.82978 15.76832 16.93984 17.71836 
  7.208822 9.027756 9.75553 9.343337 11.0687 11.69372 12.06482 12.8319 12.88676 13.09727 14.16493 14.14252 14.75882 15.02598 15.58309 16.27698 15.97556 15.84326 15.98765 16.17856 16.31874 17.63944 17.98046 
  8.060499 9.253161 10.47985 9.343337 11.72387 12.04954 12.06482 12.98432 13.42351 13.3403 14.41532 14.20925 14.82213 15.53755 15.6443 15.83891 16.20819 15.67544 15.98765 16.30935 17.17391 17.63944 18.04598 
  10.40063 10.15478 10.96274 10.76551 12.65981 12.13849 12.66562 13.74645 15.03379 14.73776 14.54052 15.34351 15.07537 15.92123 16.01162 16.2283 17.77014 16.68235 15.43195 16.44015 17.00287 16.93984 17.19415 
  11.73784 11.0564 11.60658 12.47212 12.56622 12.40535 13.09476 13.97509 13.82608 13.94789 13.97714 13.94236 14.31565 15.21782 14.97089 15.12662 15.41593 14.78041 13.70313 13.93899 14.41945 14.17899 14.89116 
  15.61577 16.80698 16.919 16.99018 16.87157 16.58617 16.52788 15.80419 14.36284 14.49473 14.35272 14.27597 15.2653 15.40966 15.46065 14.90745 14.84276 13.88538 13.45615 13.23681 14.01479 14.27928 14.92778 
  18.24825 18.8948 19.85052 20.80009 20.74761 19.6418 20.15464 18.5453 16.39562 15.28178 15.26671 16.9697 18.85835 18.52894 18.22786 17.39648 15.67646 12.58603 10.54066 11.1693 13.74502 13.81125 14.01245 
  18.17529 18.85684 20.05991 21.57939 21.74146 20.63281 21.24267 19.59958 16.7193 15.55378 15.66757 17.43335 19.70206 19.14055 18.81394 17.98056 15.74293 12.7265 10.74239 13.93899 15.85824 14.77747 15.18407 
  18.21177 18.85684 20.12971 21.75257 22.23839 21.04573 21.42401 18.96701 16.8272 15.37244 15.56736 17.20152 19.49113 19.52975 19.29346 18.662 16.24142 12.58603 10.94411 14.75819 16.46127 15.15907 15.88364 
  18.21177 18.85684 20.12971 21.83916 22.33778 21.37607 21.69601 18.22902 16.7193 15.37244 15.66757 16.9697 19.63175 19.64095 19.4533 18.90537 16.37435 12.79674 11.45963 15.08862 16.46127 14.71387 15.75259 
  18.24825 18.8948 20.1995 21.92574 22.43716 21.70641 21.87735 17.3856 16.28772 15.10044 15.46714 16.73787 19.70206 19.80776 19.61314 18.90537 16.70668 13.46397 12.04239 15.82978 16.86034 14.84107 16.40784 
  18.24825 18.8948 20.2693 22.01233 22.33778 21.78899 21.69601 17.06932 15.64036 14.677 15.1665 16.42877 19.49113 19.64095 19.4533 18.27261 15.90909 13.99726 13.20918 15.78618 16.74632 14.96827 16.60442 
  18.24825 18.93276 20.2693 22.09892 22.13901 21.70641 21.33334 17.28017 15.10088 14.37321 14.91611 16.04239 19.49113 19.52975 19.08034 17.68852 15.2075 14.3329 13.64139 15.65539 16.60379 14.51329 15.81811 
  18.21177 18.8948 20.2693 22.09892 22.03962 21.62383 20.97066 17.28017 14.96669 14.13017 14.66571 15.81056 19.35051 19.41855 19.02706 17.63984 15.2075 13.78003 12.96221 15.04502 16.26173 14.68044 15.62154 
  18.17529 18.8948 20.1995 22.09892 22.03962 21.62383 20.97066 17.28017 15.03379 14.13017 14.72831 15.81056 19.2802 19.41855 18.9205 17.5425 15.36382 12.30509 11.25791 14.91423 16.37575 14.84107 15.55601 
  18.10233 18.85684 20.1995 21.92574 22.23839 21.54124 21.24267 17.17475 15.10088 14.25169 14.72831 16.27421 19.49113 19.41855 18.97378 17.63984 15.31171 11.74321 11.0786 14.95782 16.43276 14.84107 15.29391 
  18.06586 18.81888 20.12971 21.83916 22.43716 21.54124 21.60535 16.96389 15.53246 14.677 14.9787 16.66059 20.0536 19.64095 19.08034 17.88321 15.57225 11.25156 10.78722 15.17581 16.57529 15.09547 15.42496 
  17.9929 18.81888 19.99011 21.66598 22.73532 21.2109 21.60535 18.5453 16.50351 15.28178 15.46714 17.20152 20.26452 19.58535 19.24018 18.07791 15.87586 12.02415 11.10101 15.4374 16.77483 15.09547 15.88364 
  17.91994 18.85684 19.85052 21.66598 22.93409 20.7154 21.42401 20.33757 16.7193 15.73512 15.96822 17.897 20.19422 19.30735 19.13362 18.32128 16.17496 12.37533 11.81825 15.61179 16.94586 15.41346 16.21127 
  17.88346 18.8948 19.64112 21.83916 23.13286 20.7154 22.24003 21.91898 18.22983 16.82315 16.76993 18.82431 19.84267 19.41855 19.4533 18.12659 15.97556 12.76162 12.40101 15.96057 17.25942 15.79506 16.27679 
  17.8105 18.93276 19.43173 21.83916 23.03347 20.96315 21.69601 21.91898 19.41667 17.18582 17.27101 19.67435 19.42082 19.19615 19.24018 18.27261 14.73854 13.3235 12.24412 15.56819 16.46127 15.09547 14.96439 
  17.73754 18.85684 19.22233 21.66598 22.53655 21.37607 21.152 22.44612 20.17193 17.63917 18.17294 20.67893 19.56144 18.91815 18.97378 17.98056 14.4259 13.94132 12.46826 15.481 16.09069 14.54672 15.07423 
  17.59163 18.705 18.94314 21.31962 22.13901 21.37607 19.88264 21.28641 20.60351 18.18318 19.2753 20.21527 18.15527 18.47334 18.33442 16.423 16.64022 14.50072 13.14744 15.08862 16.06219 14.413 14.37858 
  17.40923 18.55316 18.66395 20.97327 22.03962 21.04573 18.97595 20.97013 21.35877 18.63653 20.27745 20.138 16.96002 18.13974 17.90818 15.83891 17.63721 14.55666 13.76487 13.82196 15.5435 14.64701 13.82938 
  17.15388 18.40132 18.45456 20.62691 22.03962 20.7154 18.88528 21.07556 21.79035 19.36188 21.07916 20.06072 16.46786 17.69493 17.48194 15.07183 17.50427 14.94823 13.82662 13.70493 15.5435 14.14556 13.28018 
  16.93501 18.24948 18.31496 20.36715 21.94023 20.21989 19.06661 20.33757 21.68246 19.99656 21.48002 19.51979 15.9757 17.52813 17.37538 14.68828 17.27164 15.17199 13.88836 14.29007 15.81328 14.68044 14.19551 
  16.86205 18.09764 18.10557 20.36715 21.74146 19.97214 18.79461 20.33757 21.89825 20.44991 21.48002 18.51521 15.83509 17.25013 17.3221 14.63349 15.67646 14.83635 14.69103 14.17304 16.17621 15.15907 15.35944 
  16.75261 17.86987 17.75658 20.02079 21.14515 19.22888 17.88792 19.38872 21.25088 19.99656 20.27745 17.04697 14.94875 16.69412 17.16226 14.41433 16.70668 15.17199 13.9501 14.017 15.94816 14.96827 15.55601 
  16.6067 17.37639 17.0586 18.63537 19.55498 18.07269 17.16257 18.33445 20.06404 18.9992 18.47358 16.04239 13.36601 13.17152 14.48114 12.6062 15.57225 14.66853 11.90791 12.57365 14.37449 13.51038 13.93922 
  16.49726 16.54126 15.87204 16.64383 17.96482 17.57719 16.79989 17.3856 18.98509 18.54586 18.47358 15.21007 11.97319 11.57285 13.25675 11.67475 15.05118 14.38884 12.06481 11.83247 14.19464 13.71096 13.09712 
  15.95008 14.66288 13.37715 14.55797 15.56125 16.23036 15.06881 13.74645 17.47457 17.09516 16.06843 13.34187 10.39045 9.462607 9.399924 9.702247 13.69641 13.07768 12.04239 12.06652 12.62097 12.67462 12.18179 
  15.54891 14.21207 12.3309 12.56693 12.47262 13.91756 13.78138 12.90811 15.31667 15.37244 15.46714 13.80892 10.51707 9.590501 9.583583 9.428288 11.92479 11.81344 11.75101 12.33959 12.08142 11.83886 11.52275 
  14.61286 13.8364 11.68706 11.90325 11.81746 14.09547 13.86721 12.52705 13.96027 14.25169 14.79091 12.94154 9.504113 9.142873 10.31822 9.757038 11.09108 11.42715 11.0786 11.87148 12.03646 11.20368 11.3763 
  13.27564 12.03316 9.67505 10.86032 11.1623 12.49431 13.5239 12.06977 14.16156 14.37321 14.54052 13.34187 12.60629 11.82864 10.19578 9.976205 11.29951 10.68968 11.54929 11.9885 12.17135 11.40426 11.41291 
  13.47622 12.48397 10.72129 8.869279 9.103214 12.49431 12.40813 11.46007 14.22865 13.6441 13.16336 12.74137 12.16312 11.57285 10.01212 9.702247 10.93476 10.16292 11.23549 11.79346 12.44112 11.37083 11.63259 
  11.60412 11.43208 10.64081 9.248526 9.571188 11.42686 10.86323 10.69795 13.02095 12.97575 12.78777 12.80809 9.630733 8.951033 9.522364 11.12683 12.75849 11.35692 12.65349 13.97799 14.64426 11.93915 11.04678 
  9.865741 10.831 9.996971 8.300409 8.728836 10.44837 9.747463 9.478546 11.61196 12.12512 11.28542 12.27432 9.883972 8.887086 9.216267 9.48308 10.15317 9.425447 10.58549 11.36435 11.67677 10.70222 10.64403 
  11.8047 11.50721 8.950727 8.869279 9.19681 10.44837 10.00495 9.402334 10.94101 11.2745 10.72204 11.20678 8.554467 8.567352 8.124025 8.724946 9.371569 9.003518 9.935491 10.38911 10.3279 10.53507 10.60742 
  11.00237 11.58235 8.628805 9.627771 9.009621 10.35942 9.919119 8.563995 10.00168 11.09222 10.40905 8.93825 8.301229 8.119724 9.032608 9.099539 9.423675 9.846858 10.04756 10.50614 10.28294 10.23765 10.47125 
  10.66807 9.403431 8.789766 7.636729 8.073673 8.758252 9.575807 8.792633 8.793978 9.20869 9.344882 8.404478 10.26383 10.35786 10.13456 9.702247 8.98156 9.376991 9.823421 10.07703 9.86596 10.35447 11.19323 
  10.26691 9.328297 8.870247 7.826352 7.886484 7.868715 6.915135 7.649445 8.995261 8.115026 8.218117 7.737263 10.0739 10.35786 9.644802 9.757038 10.10106 10.09268 9.536842 9.999015 10.37287 10.5685 10.97355 
  10.06632 8.50181 7.26064 6.214555 5.920995 7.779762 7.344275 6.353831 5.850269 7.93275 7.654735 7.403656 8.554467 9.014979 8.031404 8.755136 9.527888 9.495682 9.502152 9.833157 9.471235 10.29606 10.59229 
  9.932602 8.727216 7.26064 6.593801 5.733806 5.55592 6.400167 6.582469 6.915324 7.203641 6.743598 7.403656 8.364538 8.823139 7.901733 9.099539 9.215249 9.846858 9.356456 9.530601 10.01257 10.23765 10.49395 
  10.33377 9.929377 7.019199 6.024932 5.733806 5.000444 5.79937 5.836364 6.356876 6.727184 7.404343 7.197818 7.731441 7.793871 8.78773 8.664565 8.691032 9.376991 9.439711 9.813637 10.11407 10.43478 10.31239 
  9.665158 8.351541 7.502081 6.688613 5.920995 4.715213 4.661283 5.496177 5.577481 7.021364 7.153951 6.63934 7.148586 7.615178 8.225908 8.433105 8.880507 9.07021 9.453587 9.833157 10.13663 10.46821 10.12326 
  9.397715 7.825595 7.18016 5.93012 6.108184 5.466967 5.029535 5.857625 6.162028 6.76053 7.216549 6.939263 7.160481 7.920008 8.133287 8.805453 8.994191 9.096886 9.845836 10.11604 10.23798 10.40557 10.56203 
  9.732019 8.576945 6.294876 5.645686 4.985048 5.028967 5.237677 5.878887 6.646945 6.793876 7.153951 7.403656 7.707651 8.01461 8.383366 9.099539 9.371569 9.110225 9.801008 9.803877 9.944905 10.02591 10.15352 
  8.528524 6.923975 6.053435 5.456063 4.340372 5.200106 5.045546 5.623747 6.103573 5.893539 6.169105 6.856526 7.505435 8.119724 8.383366 8.241899 9.006823 9.323638 9.666525 10.38911 10.55271 10.27415 10.35021 
  7.525612 6.727991 5.570553 4.40249 5.172237 5.200106 6.142682 6.353831 5.77233 7.203641 7.404343 6.835842 7.219956 7.573133 8.665292 8.704819 9.111035 9.495682 9.578469 9.520841 10.28294 10.31796 10.60742 
  6.842685 6.727991 5.570553 3.734593 4.565814 5.200106 5.627714 6.201406 5.65542 6.393726 6.103449 6.753105 7.231851 7.93052 8.216646 8.181519 8.75419 9.495682 9.86825 10.07703 10.19302 10.60193 10.60742 
  9.397715 7.90073 5.731514 4.982005 5.453022 4.914875 6.22851 6.125193 5.265722 5.910213 6.727184 7.336935 7.445961 7.667735 8.420414 8.584057 9.111035 9.323638 9.155256 9.960006 9.899794 10.06972 10.75387 
  8.795968 6.923975 5.570553 3.734593 3.914536 3.716905 5.541885 5.857625 5.441086 6.226997 6.694356 7.403656 7.136691 8.077679 8.225908 8.50355 9.475781 9.5308 9.711352 9.686759 10.11407 10.34716 10.60742 
  7.926777 6.923975 5.570553 4.472795 4.465617 5.466967 5.365765 6.582469 6.376362 6.960605 7.592137 7.218502 7.410276 7.835917 8.216646 8.704819 9.371569 9.243608 9.439711 9.901476 10.19302 10.46821 10.50908 
  7.859916 6.727991 4.784791 3.769745 4.640962 4.772259 4.517184 5.900149 5.947694 6.910586 7.717333 7.803985 7.434066 7.85694 8.161074 8.262026 8.82998 8.976841 9.578469 9.920996 10.23798 10.60193 11.15662 
  8.795968 6.009384 4.969676 3.664288 5.453022 4.886352 5.541885 6.125193 5.69439 6.677166 6.924153 8.07087 8.111299 8.311564 8.604073 8.880372 9.163142 9.565917 9.801008 9.55988 9.820848 10.14273 10.68065 
  6.964731 5.944056 4.461243 4.507947 4.265224 4.287367 4.965491 4.922112 6.220482 6.64382 6.940567 6.928921 7.79475 8.183671 8.170336 8.694756 8.615243 9.203592 9.155256 9.296364 10.08024 10.50164 10.28213 
  8.394803 7.44992 5.811994 3.910355 4.666011 5.466967 5.093579 5.602485 6.646945 7.082123 7.07188 7.032343 7.445961 8.247618 8.216646 8.402915 8.817348 9.460565 9.50909 9.60868 10.00129 10.46821 10.71726 
  7.391891 8.576945 7.582561 5.645686 5.546616 5.644874 6.485994 6.658681 6.646945 7.142882 6.792841 7.146107 7.065321 7.993587 8.481633 8.644438 8.728928 8.936827 9.398084 9.696519 9.899794 10.16463 10.25187 
  8.795968 9.027756 7.904483 5.550874 5.453022 5.05749 5.713542 6.201406 6.512756 6.960605 6.71077 7.270213 7.648176 7.55211 8.665292 8.825581 8.476295 8.710074 9.203822 9.960006 10.02385 9.967501 10.30482 
  7.793056 7.675325 5.892474 4.887193 5.172237 5.14306 5.971026 5.79384 6.181513 6.477091 6.694356 7.336935 8.174608 8.567352 8.604073 8.825581 8.943665 8.536676 9.666525 9.764837 9.685514 10.12813 10.40317 ]
