 [
  3.882195 3.589047 4.752707 5.115296 5.16069 5.54749 4.569916 4.829079 5.669322 6.371526 7.101431 7.036767 7.575395 7.723309 8.62578 8.778049 9.072276 9.243723 9.744887 10.15985 9.776511 10.34564 10.79773 
  5.41458 3.589047 3.404119 5.898577 4.848348 4.999379 5.685246 5.684711 5.669322 6.070727 7.308628 7.809308 7.376244 7.805105 8.525362 9.002115 9.009049 9.051414 10.09529 9.998092 10.07241 10.40912 10.72156 
  5.123684 3.371495 4.265718 4.45252 5.316861 4.872892 4.569916 5.214113 6.252656 6.391579 7.224488 6.626607 8.048377 8.357235 8.543714 8.81182 9.261956 9.104834 9.346311 9.683311 10.1135 10.17649 10.72156 
  5.533269 3.502026 4.303178 5.32618 5.004519 4.619918 3.640473 5.171331 6.081088 6.552005 6.69649 6.947602 7.799439 7.477917 8.213391 8.519144 8.898403 8.912524 9.033922 9.655876 9.965555 10.44086 10.68348 
  5.236547 2.762348 3.516501 4.542899 4.942051 4.198295 4.848748 5.000205 5.635008 5.950408 7.182419 7.108099 6.778792 7.41657 8.396903 9.135592 8.819369 9.532187 9.779928 9.847916 9.957335 10.44086 10.83582 
  6.186059 5.329466 3.92857 4.241637 4.817114 5.37884 4.66286 5.898619 6.252656 5.749876 6.635749 7.51826 7.401138 7.866453 8.360201 8.957623 9.337383 9.609775 9.478839 9.655876 9.866923 10.40912 10.8739 
  5.41458 5.068403 4.677786 5.205675 4.692177 5.336678 5.778191 5.984182 6.321284 6.531952 6.089079 7.108099 7.525607 7.886902 8.213391 8.271495 9.119696 9.329194 9.620833 9.738178 9.817608 10.20669 10.79773 
  5.473925 3.937131 3.741266 4.934539 5.5355 3.945321 3.965778 4.700734 5.737949 5.970461 6.230808 6.769272 7.251775 7.968699 8.378552 9.224575 9.088083 9.307826 9.280046 9.957652 10.46773 10.27919 10.72156 
  4.220783 3.110432 3.966031 4.45252 5.285627 5.589652 4.476972 4.272917 5.497753 6.772591 6.392785 6.840604 7.899014 8.111844 7.571097 8.361549 8.96163 9.790814 9.431507 9.436402 10.05597 10.25502 10.5945 
  3.859622 3.110432 4.340639 4.844161 5.191924 4.788568 4.569916 5.64193 6.492853 6.552005 6.777478 7.393428 7.650076 8.132294 8.066581 8.192698 8.740335 9.051414 9.422041 9.587291 9.990212 10.17044 10.37206 
  4.491653 3.458516 4.565404 4.241637 4.910817 4.11397 4.291083 5.299676 6.115401 6.772591 6.777478 7.090267 7.500713 7.743758 8.396903 8.733023 9.230343 9.168936 9.384175 10.07897 9.78473 10.05566 10.57671 
  4.356218 2.588306 4.677786 5.32618 5.098222 4.746405 5.499358 5.299676 4.880105 5.709769 6.858466 7.268597 7.226881 7.600613 7.919771 8.631712 9.261956 9.635637 9.955131 10.32161 10.1975 10.25502 10.55001 
  4.175638 5.024893 5.202237 4.69353 5.223158 5.336678 3.594001 5.085768 6.046774 6.471792 6.676243 7.018934 6.82858 7.866453 8.433606 9.269068 9.337383 9.790814 9.744887 9.450119 9.981994 10.23086 10.95007 
  5.533269 4.198194 4.228257 4.753782 5.191924 4.746405 3.826362 4.144572 6.149715 6.592112 6.635749 6.983268 7.874121 7.396121 8.470308 8.890617 9.381197 9.713226 9.308445 9.751896 10.50151 10.4726 10.37206 
  4.559371 3.458516 4.640326 5.145422 5.066988 5.041542 5.452886 5.770274 6.01246 5.890248 6.89896 6.555275 7.625182 8.377685 8.19504 8.507887 8.866789 9.083466 9.850009 10.11941 10.36639 10.50434 10.83582 
  4.807669 3.676068 3.254276 4.69353 5.191924 4.915055 4.848748 5.428021 6.28697 5.489184 6.413032 7.28643 8.247528 8.070946 8.011527 8.721766 9.337383 9.371929 9.545103 10.20029 10.40017 10.66304 10.41655 
  4.739951 3.197453 4.228257 4.512773 5.254393 5.168029 5.452886 5.941401 5.978146 6.010568 6.736984 7.771735 7.177094 7.805105 8.470308 8.789307 8.455816 9.361245 10.23545 9.998092 9.776511 10.37738 10.8739 
  3.92734 3.284474 4.340639 4.482646 5.316861 4.872892 5.359941 5.171331 5.772264 6.672325 6.332043 7.589592 8.371997 8.336786 8.139986 8.575428 8.281942 8.912524 9.6019 10.24073 10.36639 10.66304 10.83582 
  4.10792 4.024152 4.153335 4.723656 4.754646 5.631815 5.313469 4.786297 5.806577 6.632218 7.182419 7.036767 7.35135 7.212077 7.405936 8.496631 9.214537 9.739089 9.674807 9.724462 10.02309 10.4726 10.63899 
  4.01763 4.067662 3.741266 5.115296 5.91031 5.168029 4.523443 5.342458 6.115401 6.110834 7.561046 7.69659 7.450925 7.927801 8.525362 9.091099 9.381197 9.286458 9.327377 10.07897 9.603906 10.2369 10.8739 
  4.627089 5.533587 6.671828 6.675527 6.691165 7.695015 8.802443 10.20592 10.64403 11.44006 12.44113 13.43456 14.2977 14.89462 14.73707 14.51913 14.94865 14.46993 13.98479 14.04202 13.91316 14.24963 14.79658 
  4.852814 6.443718 7.108997 7.497473 7.159981 8.236595 9.498348 11.1021 11.51702 12.43013 13.34095 14.36327 15.36288 15.83791 15.72888 15.41525 15.83994 15.31896 14.79803 14.81037 14.6398 15.06903 15.82196 
  6.72016 7.193237 8.129058 10.21622 10.68513 11.55689 12.96276 14.21307 13.28702 10.11997 8.781066 11.19083 12.60603 12.09661 11.21154 11.04875 10.25747 10.20462 10.02521 10.24073 10.90685 11.26609 11.55942 
  6.423437 7.1397 6.817551 10.12138 9.972878 10.72149 12.36053 14.21307 13.28702 8.564145 8.3183 10.66481 12.04892 12.02978 13.34365 14.51913 12.97393 10.74774 12.12764 12.10093 13.81183 14.21789 13.76831 
  4.559371 5.372976 4.715247 5.356306 5.941545 6.095601 6.897856 8.264204 7.417789 6.451739 7.266558 7.51826 7.799439 8.091394 9.669155 10.7818 9.381197 9.17962 9.779928 10.03853 10.56907 10.56782 10.54112 
  3.814477 4.589787 4.940012 5.235801 5.847842 6.011276 6.057023 6.026964 6.115401 5.890248 6.554761 7.28643 7.724758 7.784656 8.176688 8.665482 8.898403 9.243723 9.365243 10.15985 10.29883 10.69478 10.62119 
  5.829992 7.086163 7.449017 8.730393 9.366175 8.71446 8.399549 8.525589 9.353536 10.30855 10.37971 10.8151 11.34325 11.69559 11.93736 13.45132 14.50741 13.05488 11.63707 12.74796 11.00819 10.59956 10.75965 
  6.60147 7.782146 7.546166 9.26782 9.669526 8.650745 8.765816 8.936337 9.884916 10.3557 10.08523 10.47695 11.08326 11.49508 11.57445 13.22886 14.63885 12.98413 11.77724 13.03104 10.94063 10.30939 10.72156 
  4.581944 6.229569 6.866125 7.529087 7.683952 8.045449 7.923402 8.488249 8.176906 7.998391 8.065882 8.372894 8.5577 9.022107 9.442334 8.957623 9.64408 9.297142 9.674807 10.11941 10.04775 10.24898 10.75965 
  5.078539 6.550792 7.060422 6.6123 7.959726 8.905607 8.948949 8.264204 7.949171 8.469853 8.150022 8.673473 9.226231 8.955271 8.378552 9.53602 9.906962 9.764952 10.02521 9.751896 9.79295 10.10399 10.95007 
  4.130493 6.818478 7.546166 7.75038 7.711529 8.746319 8.692562 9.0857 7.531657 9.36563 8.612787 8.786191 9.337653 9.890989 9.759883 9.31356 9.425011 9.816677 9.639766 9.861632 10.09706 10.30939 10.39876 
  5.889336 5.426513 5.651767 6.169713 6.74632 7.153434 7.337376 7.181323 8.518508 11.15718 9.916947 8.823764 8.929106 9.523386 11.2569 10.42586 10.95849 12.42882 11.70716 11.29215 10.36639 10.72652 10.38096 
  7.90705 8.42459 9.440565 10.66228 10.53045 10.21177 9.534975 9.795174 10.26447 11.25148 11.13697 10.06365 10.749 11.66217 12.93537 12.38351 13.23681 14.32843 14.12495 13.39499 12.79846 12.44046 12.54961 
  6.72016 6.122496 7.546166 8.5091 8.263078 8.873749 9.095455 9.197722 10.64403 12.33584 12.56734 11.07811 11.64037 11.36141 14.1602 13.40683 13.63114 15.1067 14.4054 14.36553 13.27137 12.69438 12.70195 
  5.711303 6.497255 6.623253 6.865207 6.856629 8.650745 9.461721 8.712293 10.98563 12.28869 12.0625 10.58967 12.34604 12.26371 14.73707 14.20769 14.20071 15.1067 15.47112 15.01256 14.45362 14.51844 13.99681 
  6.008025 6.015421 6.13751 7.244567 7.353023 8.332169 9.315215 8.413567 10.37834 11.15718 11.38939 11.34112 13.126 13.11284 14.50371 14.43015 14.68267 14.9652 15.13457 14.81037 14.41984 14.90385 14.79658 
  6.957538 5.694199 5.389541 6.049208 7.187559 7.790587 8.875695 8.936337 10.7579 11.81723 12.56734 12.318 12.49461 12.56447 15.49551 14.96684 15.37084 15.1067 14.79803 15.37751 15.07423 14.95891 14.94892 
  5.770647 6.443718 6.671828 7.84522 9.117977 10.05248 10.04775 8.973678 11.78271 12.8073 11.68387 11.45383 12.19748 12.66473 16.02058 16.13271 15.41775 15.53122 15.5833 15.5724 15.63277 15.56456 15.64617 
  7.432294 7.086163 7.25472 9.17298 9.807413 10.68964 10.6704 10.65401 11.93453 12.47728 11.59973 11.6417 12.86601 13.00803 15.84556 16.04303 15.83994 16.38025 16.98555 16.79052 16.6878 16.22527 15.32976 
  5.236547 6.015421 5.427002 8.540714 8.842203 9.128611 9.388469 10.46731 11.06155 11.44006 11.38939 11.97985 11.90036 12.39738 14.85376 15.41525 15.37084 16.59251 16.98555 17.1316 17.24634 16.61068 15.55827 
  5.711303 5.908347 6.623253 8.31942 8.98009 9.574618 9.937868 10.16858 11.4411 12.38299 11.01076 11.60412 12.27176 12.49764 13.93338 14.1187 14.55122 16.23875 17.37818 17.76502 17.74283 16.88597 15.95381 
  3.791905 5.587125 6.671828 7.46586 8.373387 9.033037 8.765816 10.31794 10.94768 12.05296 12.56734 12.35557 12.08606 11.92952 13.75193 14.60812 14.90174 16.3095 17.37818 17.95992 18.30137 17.43656 17.00857 
  4.897959 4.546278 5.202237 7.149727 8.180346 8.045449 8.582682 10.0939 10.94768 11.44006 12.89888 11.30354 11.90036 12.09661 13.75193 14.1187 14.68267 16.23875 17.37818 17.91119 17.99107 17.71185 16.70093 
  5.236547 6.229569 7.011848 7.339407 8.594007 8.459599 8.692562 10.46731 11.66884 12.38299 11.93629 11.56655 12.1232 12.02978 13.79729 14.43015 14.94865 16.38025 17.65863 17.95992 17.86695 17.82197 16.65698 
  6.008025 5.640662 7.837612 9.109754 8.152768 7.726872 8.655935 9.907196 11.28928 12.33584 11.85215 11.45383 12.16034 12.0632 14.02411 14.96684 16.02758 16.52176 17.60254 18.20354 18.36343 17.87703 17.09647 
  5.711303 4.850851 7.206145 8.856847 8.952513 7.854303 10.01112 10.72869 10.26447 12.1944 11.59973 11.26597 13.05171 13.00803 13.79729 15.32557 16.63741 16.38025 17.49036 17.95992 18.11519 17.54668 17.27226 
  6.423437 5.285955 7.25472 8.351034 7.987304 8.427741 8.948949 10.61667 10.64403 12.24155 11.6418 11.71684 12.34604 12.90321 14.38702 15.59462 16.63741 16.451 16.59292 17.18032 18.11519 17.60174 17.22832 
  5.213974 6.657866 7.934761 8.951687 8.869781 9.160468 9.058828 9.496449 11.63088 12.76015 11.51559 12.50586 12.75459 12.90321 14.62039 15.32557 16.07449 16.16799 16.87337 17.22905 18.05313 17.3815 16.78883 
  4.491653 6.657866 7.59474 7.65554 9.145555 9.224184 9.644855 10.50465 11.89657 13.69475 12.18871 11.79199 12.16034 12.73157 13.38901 15.32557 16.68432 17.30004 16.64901 17.18032 17.55664 17.43656 16.3054 
  6.186059 6.604329 7.400443 8.098127 9.972878 10.86073 10.45064 11.66221 11.70679 12.8073 12.27285 12.78447 12.19748 12.73157 14.1602 15.14621 16.30904 16.94627 16.31247 16.7418 17.43252 17.60174 16.26145 
  8.144428 7.460923 7.740463 8.69878 9.697104 9.702049 10.6704 10.99008 10.94768 12.8073 12.02043 12.20528 13.44555 14.37056 14.62039 16.13271 16.02758 16.73401 16.31247 16.7418 16.93604 17.16126 16.26145 
  13.2808 12.53708 12.73225 12.74389 12.38669 11.83536 11.65792 12.1405 12.70738 14.02754 13.89352 14.73475 16.21503 16.36197 15.49551 15.77398 16.16831 16.66326 16.20029 16.40073 15.63277 16.17021 15.64617 
  15.57136 16.11772 17.30597 17.94792 17.02729 15.03771 14.6691 15.08993 16.47503 17.79918 16.5459 15.66345 17.8128 16.99083 16.54565 19.09221 16.87196 15.60197 15.30285 16.1571 14.38606 13.36091 16.26145 
  15.91992 17.05179 17.21967 19.13741 18.57416 16.43003 15.67282 15.88707 16.86146 19.24129 18.31415 16.87077 18.77147 17.72451 17.42078 19.89935 17.57561 10.9805 13.94975 16.40073 14.51568 13.80527 16.39329 
  15.96971 17.12963 16.87449 19.58348 19.19291 16.98696 15.87357 15.96679 16.66825 19.46315 18.97724 17.52086 19.73013 18.77262 18.00419 20.25807 17.85708 12.73917 14.46149 17.08287 14.88805 14.8488 17.36016 
  15.96971 17.12963 16.61559 18.69135 19.19291 17.26543 15.7732 15.80736 16.37843 18.35384 18.64569 17.24225 19.41058 18.87743 17.71248 19.18189 17.0596 13.40864 15.19066 17.86247 15.32247 15.67468 18.10729 
  15.96971 17.12963 16.443 18.54267 19.65697 17.68313 15.7732 15.72764 16.37843 18.46477 18.97724 17.33512 19.62362 19.29667 17.82916 18.46444 16.44977 11.73052 15.07848 17.57012 15.50865 15.45444 18.10729 
  15.91992 17.05179 16.27041 18.39398 19.96634 18.37929 15.97394 16.12621 16.76485 18.13198 18.53518 17.79947 19.73013 19.19186 18.00419 18.6438 16.35595 11.73052 14.34931 16.88797 15.75689 15.67468 17.71175 
  15.91992 16.97395 16.09781 17.94792 19.50228 18.79699 16.37543 16.36536 16.66825 18.5757 19.08776 18.26382 19.73013 19.40148 18.00419 19.00253 16.5905 11.60121 13.49422 16.352 15.07423 15.17915 17.7557 
  15.91992 16.89611 16.01152 17.50186 19.19291 19.07545 16.97767 16.36536 16.37843 18.46477 18.86673 18.35669 19.83665 19.40148 17.94585 18.55412 16.40286 12.84262 14.85412 17.3265 15.13629 15.12409 17.62385 
  15.91992 16.89611 15.92522 17.35318 19.34759 19.49315 17.37916 16.68422 16.86146 18.90849 18.86673 17.98521 18.98451 18.56299 18.06253 18.28507 15.51157 12.68744 14.62976 16.88797 14.51568 15.5095 18.32703 
  15.82033 16.74043 15.75263 17.0558 19.34759 19.49315 17.5799 16.44507 16.86146 19.46315 19.52982 17.98521 19.19754 18.14375 17.82916 18.19539 15.6523 11.98915 13.84463 16.49817 15.19835 15.01397 17.79965 
  15.72074 16.58475 15.66633 16.90712 19.19291 19.35392 17.37916 16.28564 16.95807 19.24129 19.30879 18.26382 19.30406 17.82932 17.47912 18.01603 15.23011 11.23913 12.68829 15.32878 14.6398 14.12267 16.48119 
  15.62115 16.50691 15.58004 16.90712 19.03822 19.07545 17.17841 16.52479 16.95807 18.90849 18.75621 17.98521 18.87799 17.51489 17.24575 17.6573 14.99556 12.40295 13.2139 15.13388 14.21717 14.40833 16.52514 
  15.52156 16.42908 15.58004 17.20449 19.03822 18.51852 16.77692 16.6045 17.92413 19.79594 18.53518 17.79947 18.3454 17.30527 17.65414 17.74698 14.59504 11.44603 12.37292 13.31411 13.00113 13.13874 15.82196 
  15.27259 16.11772 15.40744 17.20449 17.80073 16.84773 15.27133 15.4885 18.02074 18.46477 16.76693 16.49928 16.74762 15.20905 16.72068 15.95334 12.53579 10.23048 10.9713 13.03104 12.49445 13.01178 14.87275 
  14.72484 15.57284 15.40744 16.60974 15.94448 14.75924 13.96649 15.16964 16.95807 16.24615 14.88816 15.1991 15.25636 14.16094 14.97044 14.1632 11.52807 10.64429 10.6209 12.02006 10.83929 11.55175 13.00662 
  14.27669 15.1058 14.88966 15.71762 15.01636 13.64538 13.76574 14.85079 16.66825 15.46964 14.99868 14.54901 14.19118 13.32246 14.97044 13.62929 11.57189 11.34258 10.9713 11.37303 11.21086 11.23435 12.89237 
  14.02772 14.63876 14.37188 15.12288 14.08824 13.50615 13.46463 14.21307 15.70218 14.69312 14.4461 14.08466 14.08466 12.66473 14.25093 13.05089 12.40435 12.37709 12.0926 11.89874 12.05533 12.02785 12.54961 
  13.87833 14.48308 14.19929 15.12288 14.5523 13.64538 13.36425 14.21307 15.60558 15.02592 14.00404 13.99179 13.97814 12.7984 14.06948 12.428 10.56417 11.1874 11.77724 11.57522 11.95399 12.18654 13.0447 
  14.02772 14.48308 14.19929 15.42025 15.01636 13.78461 13.565 14.21307 15.79879 15.46964 14.00404 14.17753 14.40422 12.66473 12.93537 12.07207 10.69561 10.69601 10.30554 11.93918 12.15667 11.58349 12.89237 
  14.1771 14.79444 14.54448 15.86631 15.63511 14.06308 13.565 14.13336 16.08861 16.13522 14.33559 14.64188 14.40422 12.29713 12.5271 10.95977 10.95849 10.79946 10.09529 11.57522 12.12289 10.6313 12.51152 
  14.32649 14.95012 14.37188 16.16368 15.94448 14.34154 13.565 13.89421 15.992 16.02429 14.11455 14.64188 14.19118 11.46166 11.48372 11.09324 10.3451 9.920128 10.41066 12.26269 12.49445 10.98043 13.19704 
  14.37628 15.02796 14.28559 15.86631 15.48042 13.92385 13.36425 13.65507 15.8954 16.02429 14.00404 14.36327 13.65859 10.82671 9.850612 10.69281 11.96621 10.90291 10.65594 12.14137 12.4269 10.88522 13.73022 
  14.02772 14.87228 13.8541 15.42025 14.70699 13.50615 12.96276 13.41593 15.50897 15.6915 13.23043 13.89892 13.126 9.957827 9.034057 9.980941 12.44816 11.10982 10.34058 11.69654 11.48109 10.91695 13.69214 
  13.43018 14.01604 12.64595 13.18995 12.232 12.11382 11.75829 12.1405 13.19041 12.47728 10.59006 11.67927 12.23462 12.7984 11.30226 11.49367 13.36825 12.76503 10.83114 11.17083 10.53529 10.75826 11.33091 
  12.83265 12.30356 12.47336 10.51359 9.366175 10.68964 11.25643 11.25146 11.25133 9.837092 11.05283 12.13014 13.126 14.05613 12.25491 12.11656 14.20071 13.55015 11.11147 10.80688 10.60284 10.91695 11.10241 
  13.2808 12.61492 11.95558 9.678794 10.22107 9.893195 9.571602 10.35528 10.90972 9.978531 10.59006 11.30354 12.01178 11.8961 10.07743 10.06992 10.73942 10.43738 9.6303 9.738178 10.26506 10.6313 10.52332 
  13.13141 12.22572 11.86928 9.014914 8.759471 9.319757 9.388469 10.50465 11.13746 10.40285 11.13697 12.50586 12.86601 11.49508 9.895975 10.33688 10.43273 10.41152 9.779928 9.889067 9.710756 10.30939 10.8739 
  12.53592 11.85096 9.683437 7.84522 8.897358 8.555172 7.593762 8.936337 9.960829 10.63858 10.46385 11.79199 12.56889 11.62875 10.21352 10.38137 10.16985 9.739089 9.611367 9.847916 10.43395 10.50434 10.46994 
  12.29854 11.9045 9.343416 8.825233 8.649161 9.033037 8.509429 9.197722 10.37834 11.01575 10.6742 11.67927 12.71745 12.39738 11.57445 10.51484 10.91468 9.868402 9.469372 9.079758 10.1135 10.34564 10.5856 
  12.12051 12.17219 9.391991 8.825233 8.98009 8.969322 8.765816 8.861656 9.846961 11.11004 10.84248 11.94228 12.60603 12.4308 10.80326 10.73731 11.35282 10.30807 9.885049 9.834198 10.23128 10.37738 10.83582 
  11.40838 10.8873 9.537714 8.603941 8.538852 8.109164 7.850149 8.674952 10.30243 10.87431 10.59006 11.11568 11.49181 12.59789 11.48372 11.00426 11.309 10.12703 9.620833 9.998092 10.12994 10.56782 10.68348 
  10.34018 9.763018 8.857673 7.876833 7.187559 8.045449 8.655935 8.413567 10.22652 10.07282 10.50592 11.86713 12.04892 12.29713 11.71054 10.60383 10.60798 9.713226 9.639766 9.806764 10.40017 10.08587 10.30088 
  9.271975 10.29839 9.246267 7.75038 7.904572 8.364026 8.619308 8.152182 10.03674 9.884238 9.159693 11.30354 11.82607 11.8961 10.57644 9.980941 10.52036 9.971853 9.545103 9.889067 10.43395 10.50434 10.63009 
  8.02574 9.70948 8.274781 7.687153 7.408178 7.280865 7.080989 9.235064 10.0747 9.695654 8.823135 10.92782 11.67751 11.72901 10.6218 9.402544 10.12603 9.868402 9.850009 10.40248 10.1975 10.50434 10.8739 
  7.194916 7.086163 7.157571 5.747946 7.242713 7.790587 8.216415 8.002819 9.239668 8.941315 8.907275 10.62724 11.60323 11.29457 9.895975 9.402544 9.687894 10.23048 10.65594 11.17083 10.63662 10.44086 10.67458 
  6.423437 5.85481 6.13751 6.549073 6.566228 7.153434 7.374002 7.890797 8.176906 7.998391 8.528648 10.43938 11.26896 11.5285 10.57644 8.957623 9.556453 9.532187 9.488305 10.07897 10.29883 10.6313 10.75965 
  6.304748 6.979089 7.011848 7.0865 6.911784 6.771142 6.103495 6.882597 8.252817 8.045538 8.150022 9.763075 10.11761 10.69304 10.1228 8.890617 9.556453 9.635637 9.545103 10.03853 10.05597 10.1644 10.66568 
  6.72016 7.407386 7.108997 7.023273 6.801475 5.631815 5.685246 7.256004 8.366685 7.904099 8.570718 9.124343 10.11761 10.15834 8.8526 8.755536 9.29357 9.945991 10.02521 10.20029 10.03131 10.24294 10.8739 
  6.779504 6.497255 7.400443 7.908447 7.628797 6.222088 6.289384 8.002819 8.594419 7.904099 8.150022 8.974053 9.671919 9.489967 8.807237 9.135592 9.15131 9.339877 9.488305 9.436402 10.16372 10.79 10.75965 
  6.72016 6.818478 7.206145 6.643913 6.939362 6.643711 6.289384 7.256004 7.987126 7.244052 7.729324 7.51826 8.5577 9.623641 9.079421 8.823076 8.898403 9.687364 9.779928 10.07897 10.12994 10.1342 10.79773 
  7.016882 6.497255 6.9147 6.42262 6.911784 6.994145 6.010551 7.03196 8.518508 6.692378 7.392767 8.29775 8.371997 8.687922 8.48866 8.5304 8.803562 9.489451 9.92009 10.03853 9.973774 10.37738 10.38096 
  8.737873 7.460923 6.623253 6.359393 6.856629 6.475061 6.934483 7.143982 7.607568 5.990515 6.230808 8.260177 9.15195 8.754759 8.378552 8.81182 9.337383 8.848421 9.639766 9.998092 10.36639 10.50434 10.18521 
  9.450007 7.889219 7.691889 6.865207 7.159981 7.026003 7.227496 7.218664 6.870305 6.772591 6.676243 7.500427 8.446279 8.50038 8.62578 8.87936 8.487429 9.051414 9.709846 9.697027 10.56907 10.31543 10.66568 
  9.212629 7.942757 7.740463 7.307794 6.939362 6.432899 6.641469 7.069301 7.076187 7.055468 7.162172 7.33993 8.073271 8.621085 8.807237 8.890617 8.487429 9.17962 9.582968 9.943935 10.23128 10.53608 10.91198 
  7.550983 6.443718 8.080483 7.339407 6.801475 7.75873 7.923402 6.919938 7.303922 7.385491 7.040689 7.553926 8.631981 8.888433 8.988693 9.002115 9.819335 9.609775 9.99017 10.24073 9.891582 10.29731 10.98815 
  7.076227 7.728608 7.546166 7.244567 8.180346 8.491457 7.996655 8.450908 7.759392 8.186975 9.285902 9.500068 8.247528 8.855015 8.943329 9.491528 9.512638 9.393296 9.52617 9.697027 10.04775 9.959 10.11403 
  7.90705 8.04983 7.837612 8.003286 8.45612 8.332169 8.033282 8.749634 8.252817 8.658438 9.49625 10.06365 8.594841 8.955271 8.8526 8.913131 10.16985 9.558049 9.709846 10.48336 10.1975 10.88522 10.91198 
  6.126714 6.283107 6.671828 6.42262 6.472526 6.707427 6.861229 7.218664 7.531657 7.809807 7.350698 8.034742 8.371997 8.988688 8.580416 8.609198 9.29357 9.868402 9.744887 10.20029 10.12994 10.40912 10.75965 
  6.838849 7.032626 7.740463 6.70714 7.353023 7.663157 6.971109 7.03196 7.379834 7.432637 7.224488 8.072315 8.409138 8.439033 8.580416 8.665482 9.277763 9.635637 9.674807 10.03853 10.04775 10.21273 10.66568 
  5.829992 6.068958 7.59474 6.6123 7.325446 7.599442 6.971109 6.797034 7.721436 6.592112 5.886609 7.99717 8.347103 7.989149 8.543714 8.721766 9.009049 9.583912 9.639766 9.477553 10.16372 10.40912 10.63009 
  5.711303 5.85481 6.623253 6.391006 7.628797 6.643711 6.641469 6.411999 7.076187 6.652271 7.000196 7.553926 8.147953 8.520829 8.562064 8.913131 9.056469 8.848421 9.052855 9.751896 10.29883 10.2671 10.33647 
  5.123684 5.198935 5.014933 5.08517 6.50376 6.898572 7.154243 6.540344 6.733049 7.008322 6.858466 7.571759 7.799439 8.754759 8.988693 8.5304 9.337383 9.136885 9.507237 10.03853 10.63662 10.32752 10.57671 
  5.473925 6.550792 6.720402 7.339407 7.739107 7.695015 6.568216 5.898619 6.630108 5.890248 6.413032 7.84688 8.631981 7.334773 8.103283 9.180083 9.024857 9.40398 9.709846 9.751896 9.8998 10.15836 10.8739 
  6.186059 5.372976 5.894639 6.169713 6.441292 6.675569 6.604843 6.540344 7.00756 6.451739 6.332043 7.375596 8.446279 8.754759 8.671144 9.002115 8.724529 8.997994 9.280046 10.11941 10.53529 10.18253 10.83582 ]
