 [
  5.736763 3.911174 3.819698 4.526692 4.732563 4.945341 5.710038 5.318351 5.061836 6.149691 6.848128 6.983006 7.65233 8.402872 8.217171 8.125429 9.042685 9.472932 9.526478 9.718877 9.232899 9.983418 10.58857 
  4.45384 4.107807 5.258028 5.321053 5.827736 5.401006 6.313464 6.780107 6.274557 6.762976 6.699438 6.759222 7.582175 8.596461 8.26078 8.866477 8.398322 8.654629 9.477915 10.00715 10.11246 9.87301 10.42589 
  3.456012 4.501071 6.188712 4.990069 6.649117 6.654084 7.520316 7.657161 7.542401 5.659062 7.095945 7.833386 8.353878 7.667233 8.217171 8.233875 9.060583 9.055075 9.825868 9.881252 9.605597 10.06622 10.41776 
  3.456012 4.304439 5.258028 4.725283 4.732563 5.173173 6.615177 7.306339 7.487277 6.701648 6.749002 7.564845 7.897872 7.938258 8.43522 8.631511 9.078482 9.642697 9.981571 9.852597 10.27317 10.59574 10.78173 
  3.598559 3.124644 4.327344 5.056266 4.184977 4.261844 5.227297 5.552232 6.605299 6.456333 7.095945 7.430574 7.231401 7.163901 7.977317 9.065294 9.096381 9.037664 9.390501 9.823943 9.665228 10.515 10.70976 
  3.598559 3.22296 3.819698 4.592889 4.732563 5.059257 4.985927 5.727643 5.888691 5.843048 6.451621 6.669708 7.406788 8.402872 8.413415 8.956848 9.547699 9.281414 9.825868 9.728429 9.665228 10.08463 10.56417 
  4.097473 3.419593 3.481267 4.659086 4.595667 4.603592 4.503186 4.558238 5.502826 6.333676 6.649875 7.162033 8.038181 8.093129 8.217171 8.595362 8.93529 9.575225 10.26184 10.09829 10.187 10.67649 10.45843 
  3.242192 3.22296 3.904306 4.195709 4.116529 4.717508 5.347982 5.318351 5.392578 6.824305 7.442889 7.475331 7.862794 8.131847 8.805902 8.794179 8.308827 9.072486 9.594466 9.537399 9.844123 10.25944 10.27948 
  3.170918 2.534747 3.650483 4.923873 4.664115 4.603592 5.227297 5.844583 6.274557 6.149691 6.055114 7.027763 7.441865 8.44159 8.348 8.378469 8.988987 9.333647 9.732446 9.613811 9.516149 10.35145 10.70976 
  3.954926 4.697704 5.004205 5.38725 4.390322 4.660551 4.201473 5.552232 6.219433 5.536405 6.451621 7.20679 7.582175 8.015694 7.802879 8.794179 9.400663 9.211771 9.794727 9.54695 10.02302 10.54191 10.36895 
  3.669832 4.304439 5.596458 4.923873 4.45877 5.116215 5.046269 5.493762 5.668197 6.088362 5.906424 7.520088 7.897872 8.131847 8.151756 8.450768 8.756301 8.393468 9.079696 10.00715 10.53165 10.515 10.25507 
  4.596387 3.714541 5.850281 5.18866 4.732563 4.660551 4.925584 5.786113 5.943815 5.413748 6.848128 7.430574 7.406788 8.131847 8.064537 8.197726 9.024785 9.455522 9.594466 10.06791 9.456517 10.38825 10.48283 
  4.881481 4.107807 5.258028 4.592889 4.595667 4.318802 5.408325 5.435291 5.998939 6.149691 6.402058 6.848735 8.038181 7.744669 7.802879 8.541139 9.293269 9.642697 10.13727 9.652017 9.993201 10.06622 10.57231 
  3.313465 4.402755 4.83499 4.592889 4.390322 4.888383 5.28764 5.669172 5.11696 6.211019 7.492453 7.251547 7.757562 8.790051 8.696877 8.016983 8.380424 9.403289 9.35165 9.766634 9.903754 10.29624 10.44216 
  4.810208 4.992653 5.511851 4.791479 5.143253 5.116215 5.468668 5.903053 5.668197 6.456333 6.897692 7.296304 7.617253 7.35749 8.653268 8.667659 8.863695 8.863557 9.390501 9.365473 9.814306 10.21344 10.80572 
  5.095302 4.992653 6.527143 5.718234 5.348598 5.116215 5.28764 5.727643 6.825793 7.86689 7.492453 7.430574 8.178491 8.44159 8.195366 8.595362 9.239573 8.828735 9.439064 9.699774 9.903754 10.20423 10.45843 
  5.594216 5.484234 6.780965 4.725283 6.10153 6.19842 5.830723 6.663167 6.384804 6.762976 6.154241 7.833386 7.932949 7.976976 8.042732 8.414618 9.060583 9.17695 9.732446 9.929009 10.03792 10.34225 10.56417 
  4.952755 5.385918 6.019497 5.652037 5.143253 5.059257 6.072093 5.493762 6.32968 6.57899 6.253367 7.878143 8.073259 8.364155 8.086342 8.378469 9.221674 9.246593 9.732446 10.15905 10.12737 10.46117 10.66178 
  4.952755 5.484234 7.373219 6.049217 6.033082 6.027545 6.554834 6.312345 6.219433 6.517662 8.235904 9.444633 10.19337 9.641844 8.43522 9.065294 9.45436 8.950611 9.623604 9.785737 10.00811 10.36985 10.58044 
  4.596387 5.484234 6.527143 6.181611 6.375323 6.141461 5.589353 5.903053 6.715546 6.517662 7.988087 8.50474 9.336045 9.332101 8.696877 8.468842 8.95319 9.281414 9.507052 9.575605 9.784491 9.965016 10.56417 
  5.522943 5.877499 7.627042 7.174562 6.92291 6.597126 6.192779 6.663167 8.148761 7.928219 7.492453 7.699116 9.020349 8.906204 8.980341 8.685734 8.917392 8.550164 9.254523 9.976767 10.70398 10.7034 10.59671 
  4.810208 8.040457 8.557726 7.902726 7.538944 7.907163 7.097918 8.183393 8.424379 9.093462 9.732941 10.02603 9.3932 9.641844 10.50113 11.3439 12.02118 12.13916 12.31712 13.47045 13.83455 14.97044 16.76046 
  7.090959 9.125353 8.811548 8.167513 8.018083 8.589106 7.037575 7.715631 8.424379 9.382748 9.028918 9.780087 10.42199 10.51931 10.55232 11.51083 11.41448 11.39697 11.63203 12.83247 13.74838 14.54613 16.12963 
  6.877139 8.138773 9.319616 9.60438 8.15498 7.793246 7.822029 8.34854 10.15832 9.558638 8.979355 9.780087 10.25052 11.23225 10.80832 11.17696 11.13446 10.28368 11.28948 12.28564 12.28362 12.04914 12.38907 
  7.090959 9.125353 9.319616 8.711367 9.154531 8.053293 8.254486 8.685995 9.955927 10.48206 10.00563 10.82533 11.67939 11.78067 11.01311 11.45519 10.99445 10.41862 10.79123 11.79956 11.73793 11.2417 11.14158 
  7.5186 9.871269 10.65049 8.878806 8.847786 7.793246 8.063399 10.18043 10.71491 10.96575 10.71463 12.05503 12.13663 11.23225 10.91072 11.56648 11.97451 11.4307 11.5386 12.4983 12.36978 12.02222 11.78932 
  12.93826 13.89922 13.55422 13.73457 13.36132 13.21657 13.41382 13.79601 14.15566 13.64807 13.65969 15.00631 14.53713 15.72926 16.29251 15.9068 16.95392 17.05413 14.28502 13.92764 14.88841 14.60674 14.61566 
  11.25401 13.1533 13.19125 12.95318 12.66018 11.85269 12.17176 12.15695 12.53648 12.10903 12.45985 14.6374 14.42282 15.07116 15.87282 15.85115 16.59062 16.79793 14.79078 14.73695 14.48727 14.30366 14.86799 
  9.186993 10.39341 11.25543 11.55785 10.46915 10.05041 11.21633 11.1928 11.6257 12.15301 13.60516 14.45295 15.22299 15.61958 15.87282 15.57292 15.7187 16.18304 15.11262 15.11047 14.26441 14.48551 15.24648 
  7.589873 9.349128 10.65049 10.99971 10.90736 11.4143 11.21633 11.38563 12.13169 12.85656 13.82331 16.17453 16.30893 15.18085 15.56981 16.29631 15.24138 15.5169 14.05513 13.50083 13.26013 12.96424 13.98484 
  7.96209 8.826986 11.25543 11.61366 11.34556 11.02461 11.40741 11.38563 12.58708 13.95587 14.53231 16.85086 16.19462 15.89379 15.46741 16.47811 14.72802 15.67063 14.97469 14.05215 13.23141 13.0719 13.73251 
  8.727654 9.796678 11.01346 11.7811 10.64443 11.21945 12.69725 11.72308 11.92929 13.42821 15.18677 16.05156 16.08031 15.72926 15.621 16.56901 15.28805 15.00449 13.87122 13.19703 12.9442 13.09882 13.49261 
  8.497985 10.09504 10.10604 11.83691 11.65231 11.9014 11.98067 12.39799 13.44727 14.3956 15.29584 16.72789 15.16584 15.40021 15.41621 16.56901 15.42806 14.49209 13.68731 13.01475 12.1113 12.82967 12.60498 
  7.73242 8.826986 9.07764 10.60902 11.95905 11.85269 12.17176 12.30157 12.84008 13.60409 15.514 15.99007 15.3373 15.18085 14.64823 15.62857 14.54134 13.82595 13.59389 12.89323 12.02514 12.64126 11.98124 
  8.421429 8.97617 9.985054 9.60438 11.34556 11.65785 12.12399 12.78365 12.78948 14.21971 15.9503 16.05156 15.56592 15.01632 15.31381 15.7955 14.35466 13.5898 13.12678 12.37678 12.39851 12.31829 11.93326 
  7.090959 9.274536 10.28753 10.72065 10.86354 11.75527 12.64948 13.21752 13.49787 14.04382 14.42323 15.68265 15.73739 14.57759 14.85302 14.90518 14.68135 13.38739 12.72195 12.61982 11.85281 12.10297 12.02922 
  8.880767 9.722086 11.43692 10.55321 11.38939 12.24237 12.31507 12.34978 11.5245 13.42821 15.02315 15.25225 14.82291 14.46791 14.54583 14.79389 14.21465 13.42112 12.53511 12.52868 12.16874 12.1568 12.22114 
  9.033879 10.468 9.682582 10.83227 12.0467 12.63205 12.55393 11.72308 11.5245 13.77998 15.18677 16.54344 14.93722 13.97433 14.23864 14.73825 13.79463 13.01629 12.50397 12.13374 12.2549 12.42595 12.12518 
  8.574541 10.61718 9.985054 9.381126 11.69613 11.4143 12.17176 12.68723 12.13169 13.38423 14.75046 15.25225 14.0799 14.24854 14.34103 14.57131 13.60795 12.94882 12.03686 12.40716 12.31234 12.50669 11.57341 
  9.569775 10.16964 9.743076 10.99971 12.22198 11.80398 12.41062 12.34978 12.53648 13.47218 14.53231 15.0678 14.65144 14.46791 14.39223 14.51567 13.42127 13.18497 13.09564 12.98437 13.69094 13.34105 12.53301 
  9.340105 10.09504 10.34802 12.06017 11.17028 11.07332 12.74502 12.10874 13.29547 14.65943 15.40492 14.94483 13.45119 13.5356 14.18744 14.79389 13.32793 12.37531 10.85351 11.31348 11.88153 11.99531 11.54941 
  8.804211 10.02045 9.743076 11.39041 11.08264 11.9014 12.45839 11.53025 12.13169 13.38423 14.47777 14.32998 12.53672 13.20655 13.57305 13.12454 12.06785 11.73433 10.69781 11.10082 11.422 11.2417 10.99764 
  8.574541 10.16964 10.04555 10.49739 11.82759 11.26816 10.97747 11.38563 11.7269 12.72465 13.55062 14.14552 11.96517 12.82266 12.65147 12.56809 11.92785 11.09334 10.5421 10.79702 11.24967 10.99946 10.78173 
  5.66549 8.97617 10.10604 9.43694 10.55679 10.9759 11.21633 11.1928 11.4233 11.8452 12.51439 12.178 11.39362 12.32908 11.6275 12.06728 10.52776 9.777641 9.763587 10.15905 10.53165 10.7034 11.04562 
  7.090959 7.94214 9.259122 9.325314 10.73208 10.09912 10.97747 10.42147 9.601733 11.27356 11.5327 11.56315 10.13621 11.83551 11.01311 10.67616 9.967725 9.777641 9.643029 9.93856 10.41677 10.73031 11.16557 
  8.421429 6.958978 7.880865 8.4323 8.760145 9.417178 9.592092 9.987603 9.601733 11.14164 11.36909 9.964542 9.336045 11.67098 10.14273 9.563256 8.595211 9.845113 9.732446 10.12867 10.44549 10.86489 10.8537 
  8.038646 9.125353 8.219296 8.4323 8.628683 9.076207 8.827745 8.300333 8.58975 10.08631 10.87824 9.718602 9.195736 10.62899 10.44993 11.17696 10.80778 10.68851 10.63553 11.5869 11.01991 10.86489 11.04562 
  8.421429 8.138773 6.019497 7.704136 8.497221 8.150714 8.636659 8.241863 7.652648 8.848147 9.732941 9.265606 8.388955 9.099793 9.374753 10.11971 9.734377 9.43811 9.888149 10.49322 10.14228 10.48808 10.75774 
  6.164404 6.762345 6.104104 7.042168 7.128255 7.67933 8.779974 7.189399 6.495051 7.314933 7.789833 7.654359 8.073259 8.828769 9.47715 9.451965 9.078482 10.04753 10.07499 10.09829 10.00811 10.39745 10.92567 
  8.268315 7.647192 7.880865 7.505546 6.991358 7.052791 7.580658 6.546226 7.432154 7.376262 8.781101 9.220849 9.336045 10.35478 11.5251 10.84309 10.43442 10.55357 10.2307 10.6755 10.7327 11.29552 11.78932 
  6.877139 6.074131 6.104104 5.983021 5.896185 6.426252 6.373806 6.253875 5.888691 7.00829 7.195072 7.833386 8.108336 8.325437 8.827707 8.758031 9.185876 9.17695 9.633317 9.489642 9.635412 9.900612 10.63738 
  4.881481 3.911174 4.327344 5.122463 5.28015 4.603592 4.623871 6.253875 6.825793 6.57899 6.897692 7.296304 7.441865 8.131847 8.500634 9.451965 9.167976 9.089896 9.701305 9.919457 10.09756 10.18583 10.37709 
  6.877139 5.779182 5.258028 5.519643 5.006357 4.37576 4.865242 5.142941 5.447702 6.333676 6.402058 7.027763 7.091092 7.667233 7.955513 9.04722 8.93529 9.351057 9.516765 9.976767 10.30189 10.36065 10.25507 
  8.344872 8.532038 6.019497 5.122463 5.896185 5.628839 6.554834 6.663167 5.998939 6.640319 6.848128 8.236198 7.862794 8.131847 8.587853 9.451965 9.45436 9.211771 9.888149 10.28057 10.38805 10.38825 10.31201 
  9.875999 8.138773 5.765674 5.652037 6.033082 6.540168 7.459973 7.306339 7.762896 7.560247 7.789833 9.534147 9.195736 7.860822 7.890098 9.229385 9.687708 8.985432 9.215672 9.652017 10.21572 10.27784 10.49096 
  10.33534 8.97617 7.204003 7.042168 6.512219 6.540168 7.459973 8.300333 8.038513 6.762976 7.195072 9.131335 8.529265 8.557744 8.282585 8.992997 9.874386 9.507753 10.10613 10.55398 10.35933 10.43425 10.50723 
  13.01481 12.63116 10.16654 8.822993 8.086531 6.711042 6.675519 7.832571 7.487277 7.621576 7.343762 8.50474 8.213569 8.054412 8.457025 8.758031 9.781047 9.878849 9.623604 10.79702 10.7327 10.64957 10.92567 
  15.38806 15.91319 14.34064 13.00899 11.43321 9.368468 9.83095 11.14459 11.4233 10.57 9.623864 11.87058 11.67939 11.06773 9.784343 9.507611 9.594369 10.18247 9.794727 11.22234 10.8763 10.26864 10.64551 
  13.85693 14.19758 11.43692 10.55321 8.672503 7.109749 7.459973 8.637787 10.31012 9.822472 9.514788 11.68612 11.62224 11.45162 9.733145 9.674546 9.594369 9.351057 9.68188 11.64766 11.65176 10.515 10.61298 
  11.78991 11.88524 8.896156 7.902726 4.86946 6.824959 6.675519 6.253875 6.715546 7.00829 7.294199 8.952308 9.3932 9.215947 7.67205 8.758031 9.594369 10.18247 10.35526 11.00968 12.02514 10.97255 10.8537 
  13.47415 13.60085 13.31224 12.6183 11.17028 9.758149 9.54432 9.650149 10.00653 9.60261 9.078482 11.19424 11.56508 11.39678 8.849512 9.04722 9.11428 9.316236 10.3864 12.52868 11.99641 10.99946 11.26153 
  16.3833 16.21156 15.79251 14.79502 13.14221 11.51172 11.83736 12.4462 12.84008 11.66931 11.5327 13.8381 14.30852 14.1937 11.21791 11.12132 9.641038 9.811377 11.13378 13.37931 12.68571 11.18787 10.80572 
  16.30674 17.25584 15.97399 14.79502 13.5366 11.60914 11.98067 12.88007 12.78948 11.53739 11.75086 14.6374 15.16584 15.23569 12.29308 12.73503 10.52776 9.777641 11.5386 13.59197 12.8006 11.40318 11.47744 
  16.53641 17.25584 16.09498 15.01827 13.5366 11.9014 12.17176 12.63903 11.87869 11.09767 11.64178 14.14552 15.05153 15.34537 11.21791 10.89874 9.874386 9.878849 11.56975 13.44007 12.59955 11.4301 10.97365 
  16.61296 17.70339 16.45794 15.5206 13.58042 12.09624 12.45839 13.31394 13.14367 12.02109 11.36909 13.96107 14.36567 14.46791 11.26911 11.17696 9.734377 9.507753 11.35176 13.50083 12.77188 11.72616 11.50143 
  16.68952 17.92716 16.63943 15.79697 13.79952 12.24237 12.6017 13.84422 13.90266 12.59273 11.69632 13.4077 14.19421 14.68727 12.75387 13.5697 13.3746 13.08376 14.65284 15.91977 15.6907 14.36428 13.7956 
  16.84263 18.15094 17.03949 15.85212 15.05738 12.97302 13.27051 14.37451 14.76285 15.31464 13.33247 13.89958 14.0799 14.30338 11.5251 13.0689 12.90791 11.16081 12.19256 13.53121 13.17397 13.15265 13.25271 
  17.45509 18.77135 18.37302 17.83721 19.28456 19.26417 16.99764 16.97649 17.84065 19.02029 17.80218 16.42047 16.36609 17.69647 15.78888 17.84163 16.37264 13.25244 12.62853 14.98596 15.73527 16.48586 16.12963 
  17.53164 18.85398 18.28412 18.2232 19.81296 20.8402 18.79185 18.34317 19.01435 20.52571 18.935 17.34274 17.47556 18.91401 16.88007 18.84154 17.82584 15.41442 13.25134 15.79526 15.73527 16.66771 16.9497 
  17.53164 18.82093 18.32857 18.2232 19.6016 20.70887 20.07343 18.91262 19.44115 20.98891 19.45784 17.90667 18.07046 19.15751 17.63551 19.11424 16.95392 13.52233 13.46933 16.72907 16.58213 16.91018 16.69737 
  17.55731 18.83746 18.41747 18.2232 19.39024 20.8402 20.4579 19.25429 19.86795 21.10471 19.54498 17.94854 18.4823 19.7054 18.22307 19.20514 17.24456 13.55606 14.60687 16.66681 16.09185 17.03141 15.81422 
  17.53164 18.85398 18.46193 18.33348 19.39024 21.23421 20.97053 19.93763 20.40145 20.75731 19.54498 18.57659 18.66535 20.19242 19.48214 20.65955 17.68052 13.79222 14.51491 17.78738 16.67128 17.15264 15.81422 
  17.53164 18.90356 18.55083 18.33348 19.49592 21.36555 21.35501 20.39319 20.82826 21.22051 19.54498 18.78594 18.34502 20.25329 20.23758 21.02316 17.60786 14.3896 14.56089 16.79132 15.73527 15.87969 15.05724 
  17.53164 18.92009 18.59528 18.38862 19.6016 21.75955 21.73948 20.96264 21.04166 21.10471 19.45784 18.78594 18.34502 20.31417 20.90908 21.75036 18.11648 15.41442 15.89424 16.72907 15.42327 16.00093 14.99416 
  17.55731 18.93661 18.68418 18.44377 19.70728 21.89089 21.9958 21.19041 20.93496 20.87311 19.28356 18.66033 18.07046 20.37505 20.90908 21.84126 18.40712 15.41442 15.94022 17.10259 15.86899 15.69784 15.05724 
  17.55731 18.93661 18.68418 18.44377 19.81296 22.02223 22.12395 21.3043 21.14836 20.87311 19.3707 18.40911 17.61284 20.25329 20.90908 21.75036 18.33446 15.05574 15.89424 16.54231 15.28956 14.48551 14.93107 
  17.60865 18.95314 18.72863 18.49891 19.81296 22.02223 22.12395 21.3043 21.25506 20.87311 19.28356 18.32537 17.33828 20.07066 20.90908 21.75036 18.04382 14.90201 15.38849 16.10653 15.33413 14.18243 15.05724 
  17.68567 18.98619 18.86199 18.60919 19.91863 22.15356 22.25211 21.41819 21.36176 20.98891 19.3707 18.45098 17.38404 19.88803 20.74121 21.84126 18.55244 15.15822 16.30804 16.85358 15.33413 14.54613 15.37265 
  17.76268 19.01925 18.90644 18.66433 19.91863 22.15356 22.25211 21.53208 21.36176 20.98891 19.3707 18.53472 17.01795 19.94891 20.65727 21.84126 18.55244 15.05574 16.12413 16.72907 15.28956 14.30366 15.12032 
  17.83969 19.06883 18.99534 18.71947 19.91863 22.15356 22.12395 21.64597 21.57516 21.10471 19.28356 18.45098 16.78915 20.00979 20.65727 21.75036 18.47978 14.54333 15.52642 16.35555 15.20041 13.87934 14.36333 
  17.91671 19.08535 19.03979 18.71947 19.91863 22.2849 21.9958 21.53208 21.46846 20.98891 19.19642 18.45098 17.06371 20.25329 20.65727 21.75036 18.6251 15.00449 16.49195 16.60456 15.15584 13.87934 14.99416 
  17.96805 19.10188 19.12869 18.77461 20.02431 22.2849 21.9958 21.53208 21.68186 21.22051 19.10928 18.45098 17.06371 20.37505 20.48939 21.56856 18.69776 14.3896 15.84826 16.60456 15.33413 13.85243 14.42642 
  18.04506 19.11841 19.17315 18.82976 20.12999 22.41623 21.9958 21.53208 21.78856 21.45212 19.28356 18.49285 16.69762 20.25329 20.32152 21.47766 18.9884 14.49209 15.89424 16.54231 15.64613 13.44871 13.98484 
  18.14775 19.13493 19.26205 18.82976 20.23567 22.41623 22.12395 21.53208 21.78856 21.68372 19.63212 18.7022 16.97219 20.37505 20.40546 21.84126 18.9884 14.79953 15.94022 16.23104 15.60156 14.06119 13.61256 
  18.22476 19.13493 19.3065 18.82976 20.23567 22.41623 21.9958 21.41819 21.78856 21.79952 19.89354 18.99529 17.15523 20.37505 20.23758 22.02307 19.3517 14.90201 15.80229 15.98202 15.24499 14.00058 13.63655 
  18.35312 19.13493 19.35095 18.77461 20.34135 22.15356 21.9958 21.19041 21.68186 22.03112 20.15496 19.33025 17.65861 20.07066 19.73395 21.11406 18.84308 15.2607 16.58391 16.35555 16.09185 15.03106 12.94084 
  18.4558 19.16799 19.43985 18.82976 20.34135 22.02223 21.73948 20.96264 21.57516 22.26273 20.41638 19.45586 17.97893 20.4968 19.56608 19.84144 17.82584 15.00449 16.35402 15.79526 15.64613 14.12181 13.66054 
  18.53281 19.13493 19.43985 18.77461 20.44703 21.75955 21.48316 20.62097 21.14836 22.14693 20.85208 19.33025 18.52806 20.19242 19.56608 19.75054 17.5352 14.54333 16.03218 15.6085 15.55699 15.09168 13.58857 
  18.60983 19.0523 19.3954 18.66433 20.34135 21.49688 21.09869 20.16541 20.40145 21.79952 21.37492 19.5396 18.39078 19.7054 19.48214 19.65964 16.082 14.59457 15.1586 15.73301 15.46784 15.21291 14.04792 
  18.71251 18.98619 19.35095 18.77461 20.44703 21.49688 20.32974 19.59596 19.76125 21.45212 21.5492 19.45586 18.29926 19.82716 19.65002 19.65964 16.082 14.85077 15.43446 16.04428 15.73527 14.48551 14.61566 
  18.78952 18.95314 19.35095 18.94004 20.44703 21.36555 19.5608 18.91262 19.01435 20.75731 21.46206 19.45586 19.35176 20.13154 19.48214 19.84144 16.15466 14.44084 14.92871 15.35948 15.60156 15.27353 15.1834 
  18.89221 18.98619 19.35095 19.05032 20.44703 20.8402 19.17632 18.45706 18.37415 19.48349 20.93922 19.37212 19.53481 20.13154 19.3982 20.02325 16.95392 15.20946 15.29653 14.23891 14.7547 16.24339 16.76046 
  18.94355 19.00272 19.35095 18.94004 20.65839 20.31486 18.92001 18.22928 17.84065 18.20968 20.32924 19.87457 19.21448 20.00979 19.31426 20.20505 17.97116 14.79953 15.43446 14.42568 15.46784 16.54648 17.39128 
  18.99489 19.0523 19.35095 18.82976 20.76407 19.92085 18.66369 18.11539 17.73395 17.39907 19.8064 20.04205 19.21448 19.88803 19.23033 20.47775 18.9884 15.31194 15.43446 14.55018 16.22556 17.69819 17.70669 
  19.02056 19.11841 19.3065 18.77461 20.55271 19.65818 18.0229 17.77372 17.52055 16.58846 18.935 19.62334 18.66535 19.34014 19.23033 20.65955 19.78766 15.41442 15.02067 14.86145 15.86899 16.84956 17.20203 
  19.07191 19.18451 19.17315 18.49891 19.91863 19.13283 17.51027 17.43205 17.20045 15.66205 17.71504 18.82781 18.29926 19.52277 19.06245 20.65955 20.00564 15.72187 14.37698 14.7992 16.18099 16.66771 17.20203 
  19.12325 19.26715 19.03979 18.2232 18.86184 18.34482 17.1258 17.20427 17.20045 15.08304 17.01792 19.03716 18.98568 20.19242 19.23033 20.11415 19.78766 16.1318 14.23904 14.73695 16.18099 17.21326 16.82354 
  19.14892 19.41589 18.72863 18.00263 18.01641 17.68814 16.99764 16.97649 17.30715 14.96724 16.23366 18.57659 18.43654 20.00979 18.64276 19.20514 19.49702 16.54173 13.31362 13.86539 15.24499 16.66771 16.44505 
  18.76385 18.75482 17.61735 16.8998 16.53689 16.24344 15.84422 16.17927 16.66694 15.19884 16.40794 17.52984 16.65186 17.75735 16.04069 17.93253 18.91574 15.41442 14.05513 13.56159 13.74838 14.24304 15.24648 
  18.66117 18.82093 17.21729 16.01754 15.16306 14.66741 14.94711 15.60982 16.88035 15.54624 16.84364 18.2835 17.33828 17.14858 13.93144 14.34873 14.86803 10.92466 12.53511 12.8021 13.86327 13.85243 13.85868 
  18.50714 18.65566 16.86168 15.57641 14.63466 14.40474 14.56264 15.26815 16.13344 15.19884 16.40794 17.69732 17.06371 16.72245 14.03384 13.18019 13.09458 10.78972 11.94343 12.4983 13.51862 13.36796 13.58857 
  18.37879 18.50692 16.33695 15.18571 14.10627 14.14207 14.30632 14.6987 15.38654 15.08304 16.05938 17.40423 16.92643 16.8442 14.23864 13.34712 12.06785 10.78972 12.13028 11.82994 12.45595 13.15265 13.37266 
  18.22476 18.37471 15.79251 14.6834 13.58042 14.14207 14.17817 14.47092 15.06644 14.87929 16.05938 17.65545 16.88067 16.66157 14.34103 12.67938 12.25453 11.12708 12.19256 11.7388 11.96769 12.85658 12.67695 
  18.07073 18.22553 15.12707 14.34851 13.40514 13.99593 13.74822 13.84422 14.81345 14.48354 15.73215 17.61358 16.88067 16.49704 14.23864 12.90196 12.44121 10.75598 11.63203 12.10336 12.02514 12.21063 12.46104 
  17.81402 17.85257 14.15916 13.90201 13.05457 13.80109 13.46159 13.6996 14.96524 13.73601 15.13223 17.4461 16.53755 15.67442 13.82905 12.56809 11.92785 10.75598 11.3829 11.61728 11.62304 11.77999 12.36508 
  17.53164 17.5542 13.19125 12.84155 13.09839 13.02173 12.79279 13.55497 14.81345 13.86793 14.64138 15.68265 14.99437 15.40021 12.60028 12.73503 11.41448 10.62104 10.57324 11.19196 11.422 11.67233 12.50902 
  17.0723 17.10666 13.07026 12.39505 12.61637 12.24237 12.21953 13.60318 13.70026 13.25232 14.31415 15.80562 14.30852 14.68727 12.13949 11.8447 11.32114 10.65477 10.72895 10.64512 10.70398 12.23754 12.72493 
  16.76608 16.80829 13.97768 12.39505 11.78377 13.07044 12.79279 13.12111 12.73888 13.03245 14.15054 15.80562 14.13705 14.63243 12.44668 11.95599 11.60116 11.26202 10.35526 10.34132 10.93374 12.18371 12.62897 
  16.15363 16.65911 13.67521 12.56249 11.82759 12.3885 11.74181 12.25337 12.13169 11.93314 13.27793 14.6374 12.82249 13.70012 12.13949 11.90035 11.13446 11.05961 10.13727 10.58436 11.07735 11.80691 12.65296 
  16.23018 15.8386 13.19125 13.23225 13.22985 12.63205 11.64627 11.67487 12.53648 11.93314 12.35078 13.77661 12.07948 12.2194 11.88349 12.34551 10.99445 10.75598 10.57324 10.00715 10.61782 11.56467 12.84488 
  16.3833 15.91319 14.15916 12.95318 12.30962 11.95011 11.35964 11.8195 12.84008 12.02109 12.29624 11.87058 11.22215 12.65813 11.6275 11.28825 11.18113 11.02587 10.72895 10.85778 10.67526 12.26446 12.84488 
  13.16793 13.45167 13.79619 12.6183 11.87141 12.14495 11.5985 10.95176 11.92929 11.88917 11.0964 12.66988 11.73655 11.5613 11.32031 11.73341 11.41448 11.8018 10.76009 10.49322 10.67526 11.9684 12.58099 
  13.24448 14.27217 13.25175 11.55785 11.17028 11.26816 11.16856 11.28921 11.97989 11.66931 11.58724 12.23949 11.22215 12.00003 11.7811 11.3439 11.13446 11.19455 10.35526 10.49322 10.30189 11.77999 12.60498 
  14.54594 14.19758 13.19125 11.55785 12.13434 11.99882 11.55073 10.99997 10.96791 10.74589 12.40532 12.73137 12.36525 12.76782 12.08829 11.56648 10.94779 10.65477 10.5421 10.58436 10.27317 12.02222 12.89286 
  13.78038 13.1533 13.85669 11.16715 11.43321 11.12203 10.88193 10.71072 11.22091 11.09767 11.31455 12.48543 11.85086 11.94519 11.4227 11.28825 10.90112 10.65477 10.16842 10.40209 10.70398 11.29552 11.52542 
  13.78038 13.37707 13.00977 10.9439 10.73208 10.68364 10.64307 10.08402 10.76551 10.2622 10.3874 11.25573 10.30768 11.61614 10.70592 9.841481 11.18113 10.62104 9.919291 10.12867 10.33061 10.8918 11.69336 
  14.0866 13.52626 12.16285 11.44622 10.03094 10.14783 10.35644 10.22864 10.36072 10.52603 10.33286 10.76385 10.30768 11.5613 10.80832 9.674546 9.874386 10.08126 9.950431 9.795289 10.21572 10.99946 11.38148 
  13.24448 12.33279 11.01346 11.61366 10.51297 10.78106 10.97747 9.360903 11.17031 10.87781 10.33286 10.70236 10.13621 10.79352 10.09154 10.06406 10.06106 9.946321 9.487627 9.8717 10.187 9.845407 10.8537 
  14.23972 13.00412 12.16285 12.39505 11.47703 10.63493 10.73861 10.46968 9.702931 10.48206 10.22379 10.02603 9.907594 9.916052 9.323554 9.507611 10.1544 9.777641 9.516765 10.21981 9.814306 10.515 11.02163 
  13.85693 13.67544 12.58631 11.05553 10.68826 10.78106 10.30867 9.601941 9.095741 9.032133 9.405711 10.33345 9.564665 10.08058 9.045755 9.155666 9.418562 9.368467 9.458489 10.06791 9.635412 10.43425 10.8537 
  13.55071 13.1533 12.10235 10.9439 10.42533 9.85557 9.783178 9.746565 9.955927 9.734527 9.623864 9.718602 9.230813 9.970894 9.272355 9.897126 9.781047 9.878849 9.701305 9.757083 10.50293 10.59574 10.66178 
  13.01481 13.07871 11.19494 11.16715 10.16241 10.09912 9.448776 10.42147 9.601733 9.338776 9.13302 9.595633 9.450355 9.751527 9.06756 8.956848 9.096381 9.507753 9.732446 9.843046 9.620504 10.515 10.66178 
  13.24448 11.88524 10.5295 11.39041 10.55679 10.24525 9.687634 10.03581 8.994543 9.470693 9.951094 10.08751 9.26589 9.806369 9.579548 9.155666 9.45436 9.912584 9.584754 10.31095 10.187 10.86489 10.75774 
  13.70382 12.92953 12.28384 11.33459 11.03882 9.80686 8.732203 9.601941 9.19694 9.910417 10.22379 10.76385 9.621819 10.08058 9.681946 9.618901 8.95319 9.385879 9.53619 10.12867 9.844123 10.48808 10.80572 
  13.55071 13.37707 11.67889 10.49739 10.73208 9.95299 9.735406 10.37326 10.00653 9.690555 9.569326 10.51791 9.50751 9.696686 9.118759 9.17374 9.257471 9.43811 9.196247 9.699774 10.27317 10.54191 10.70976 
  11.78991 11.73606 12.10235 10.83227 10.03094 10.05041 10.06981 10.32506 9.500535 9.646582 10.33286 10.21048 9.678974 10.46447 9.579548 9.451965 9.921056 9.403289 9.409925 10.03753 10.27317 10.29624 10.1412 
  12.70859 13.07871 12.22334 11.50203 10.64443 11.21945 10.64307 9.40911 9.095741 9.514665 10.44194 10.64088 9.736129 10.57415 9.579548 9.28503 9.418562 9.676433 9.672168 9.642466 9.605597 10.35145 10.68577 
  13.55071 13.89922 12.76779 12.28342 10.95118 11.31688 10.16535 8.975241 9.652332 9.426721 10.22379 11.13276 9.678974 9.641844 8.653268 9.17374 9.547699 9.777641 9.623604 9.709326 10.24445 10.25944 10.60484 
  14.16316 12.85493 12.16285 11.89273 11.17028 11.12203 9.878721 9.023449 10.15832 9.470693 9.514788 9.903057 9.450355 9.448255 9.272355 9.451965 9.50103 9.642697 9.312799 9.518296 9.784491 10.24104 10.40149 
  13.62726 13.37707 12.58631 11.39041 10.7759 10.44009 9.353233 9.40911 9.551134 9.690555 9.787479 9.48939 10.0219 10.02573 9.374753 9.28503 9.594369 9.743905 9.732446 9.67112 9.799398 10.08463 10.68577 
  12.63203 13.45167 13.37273 11.66947 10.51297 10.24525 10.59529 10.42147 10.25952 9.558638 9.460249 9.35512 9.621819 10.2451 9.221156 9.39632 9.874386 10.01379 9.763587 9.881252 10.1721 10.46117 10.4991 
  13.24448 13.00412 13.13076 11.7811 10.46915 10.05041 10.78638 10.6143 10.41132 9.954389 9.514788 9.657117 9.621819 9.751527 9.06756 9.17374 9.185876 10.01379 9.794727 9.833494 10.30189 10.17663 10.56417 
  12.8617 11.88524 12.82829 12.22761 10.64443 10.87848 11.12078 11.28921 11.22091 10.43808 9.732941 10.51791 9.564665 10.95804 9.886741 9.340675 9.400663 9.980057 9.419639 9.699774 10.12737 10.22264 10.4991 
  12.78514 11.28851 11.6184 11.33459 10.64443 10.87848 9.639863 9.746565 9.601733 9.426721 9.678402 9.399877 8.704652 9.564408 8.805902 9.101443 9.132179 9.124718 9.507052 9.489642 10.14228 10.40665 10.20627 
  12.70859 12.63116 11.55791 11.72529 10.7759 10.4888 11.50296 10.75893 9.955927 9.382748 9.351173 9.964542 9.50751 9.916052 8.238976 8.992997 9.50103 9.142128 9.594466 10.06791 9.978293 10.33304 10.43402 
  13.55071 12.70575 11.55791 11.39041 10.55679 10.34267 10.40421 10.22864 10.05713 9.822472 8.681974 10.21048 9.850439 10.40963 9.733145 9.730191 9.734377 9.912584 9.458489 9.8717 9.993201 10.41585 10.57231 
  13.93349 13.07871 11.55791 12.45086 12.22198 11.26816 9.878721 9.650149 10.20892 9.646582 9.514788 10.27197 10.13621 10.13542 9.272355 9.065294 9.45436 9.333647 9.507052 9.900354 10.27317 10.36065 10.66178 
  13.55071 12.18361 10.34802 12.33923 12.30962 11.12203 10.35644 10.66251 9.298139 10.30617 9.842017 10.70236 10.25052 10.35478 9.323554 10.00842 9.874386 9.575225 9.594466 10.00715 10.33061 10.31464 10.82971 ]
