 [
  4.897252 3.868722 4.403957 5.54913 6.091249 4.926544 5.232398 5.626403 6.238252 7.127618 7.098902 6.926883 7.448189 7.981842 8.70718 9.102094 8.92223 9.707813 9.635536 9.881941 10.31193 10.30173 10.85185 
  5.456294 3.684808 4.651145 5.941888 5.683139 5.15939 6.053297 5.385879 6.111256 5.962095 7.152303 7.303411 7.932073 7.981842 8.387498 8.190864 9.451976 9.473635 9.142239 9.55842 10.26959 10.19202 10.48998 
  4.442021 3.206631 4.590852 5.854608 5.592448 5.72294 6.176383 5.488961 5.878468 6.402559 6.35927 7.958097 8.083745 7.837175 8.633408 8.257826 8.92975 9.201904 9.397913 9.812447 10.26254 10.42487 10.44006 
  4.350975 3.942288 5.133495 5.418211 6.317977 5.20596 5.074495 5.870389 6.322923 7.032158 6.987957 7.142042 7.278043 7.916469 8.156223 8.811584 8.92975 9.00444 9.227463 9.980051 10.40718 10.51124 10.73847 
  4.988298 3.648025 4.385268 5.59277 5.493036 5.112821 4.56131 5.660763 6.005443 6.71396 7.552809 7.195832 7.552894 8.27602 8.756362 8.680856 9.331462 9.34874 9.69144 9.415297 10.1179 10.40328 10.71231 
  4.745508 4.126203 4.952614 4.995704 5.728485 5.268052 4.975806 5.781025 5.709168 6.841239 7.446008 7.236174 7.304219 8.243334 8.46127 8.782534 9.197558 9.278486 9.131585 9.433187 9.982275 10.57063 10.50662 
  4.199231 2.250276 4.403957 5.59277 5.070534 5.190436 5.58768 5.403059 6.153581 6.292443 6.605814 7.582665 7.780401 8.17796 8.338316 8.525676 8.92975 8.755783 9.275402 9.935084 10.43187 10.11659 10.32358 
  5.87229 3.795156 3.394726 4.735701 4.001853 4.817882 6.237926 6.090401 5.751493 6.65032 6.704432 7.480274 7.186426 7.865139 8.387498 8.547997 8.689091 8.989814 9.403239 9.647873 10.27312 10.50045 10.58149 
  5.248295 5.260029 4.771733 4.68695 5.517889 5.097298 5.48899 6.255411 6.195916 5.879508 7.259104 7.343754 7.291131 7.482959 8.510452 9.087568 8.877107 9.070262 9.505095 10.25394 10.48479 10.20573 10.32358 
  4.290277 4.932204 5.254083 4.6707 6.045904 5.447354 5.807126 6.42042 5.518705 6.540204 6.950975 7.719185 7.780401 8.079902 7.933667 8.724432 8.734215 9.567307 9.724051 9.54053 10.16023 10.45726 10.63382 
  5.456294 5.751765 5.615845 4.914453 5.44333 5.72294 6.484097 6.530426 6.44993 6.182327 6.97563 6.832751 7.742483 8.733631 8.338316 8.66633 9.237729 8.945933 9.243443 9.18272 10.10379 10.58142 10.38182 
  4.836555 5.150754 5.434964 5.680049 6.045904 5.612706 5.807126 5.660763 6.153581 6.209856 6.568832 6.899988 8.387088 8.668259 7.690877 8.157382 8.764297 9.165337 9.714733 9.361625 9.734112 10.48425 10.76464 
  4.775857 5.806403 5.85702 6.247366 5.592448 5.888292 6.053297 5.43742 6.026606 7.000339 7.179003 7.650925 7.238779 7.74396 8.68259 8.869687 8.779339 9.294098 9.654171 9.72838 10.18845 10.24687 10.4567 
  5.040298 5.423941 5.314376 6.334645 4.722591 6.163878 6.607183 6.255411 6.746279 7.477636 7.686312 7.889836 7.742483 8.112588 8.196689 8.570317 9.010093 9.165337 9.3553 10.00049 9.918914 10.21945 11.10476 
  5.040298 5.587853 5.555552 5.723689 6.408668 6.439465 6.176383 5.574862 6.703943 7.477636 7.499408 7.923966 8.083745 9.289302 8.68259 8.045778 8.591324 8.850858 9.472485 9.828798 10.80784 10.58142 10.30695 
  4.9276 6.462052 6.218782 6.029167 5.637794 6.108761 6.54564 6.915448 6.788615 7.032158 6.950975 7.719185 7.780401 7.916469 8.024713 8.724432 9.237729 8.9825 9.408566 10.09043 9.945314 10.04117 10.86057 
  4.988298 5.751765 5.012908 6.116446 6.635396 6.770168 6.361012 6.200408 7.000293 7.063978 7.392607 8.094617 7.742483 7.837175 8.307967 8.942314 9.492146 9.715619 9.821881 10.00867 10.07204 10.30859 10.67742 
  5.092297 5.64249 6.218782 6.683764 6.091249 6.163878 6.053297 6.585429 7.296642 7.764015 7.472708 7.616795 6.715254 7.333815 8.338316 9.334501 9.291291 9.194591 9.481802 10.11495 10.07909 10.34389 11.14837 
  6.340285 6.134227 6.640838 6.465565 5.955213 5.20596 6.607183 7.410476 6.492265 5.328927 7.659611 7.958097 7.134074 7.501602 8.277618 8.95684 8.764297 9.379963 9.728709 9.603147 10.0034 10.13716 10.24039 
  5.768291 7.117701 6.520251 5.810968 6.136595 6.32923 6.914898 6.915448 6.407594 6.292443 7.552809 7.343754 7.343484 7.641424 8.075294 8.680856 8.892147 9.092202 9.528388 9.692599 10.15318 10.42487 10.55653 
  5.976288 6.789876 7.062894 6.509204 6.227285 5.943409 7.099527 7.355473 6.534601 7.063978 7.419307 7.650925 7.278043 7.790567 7.953899 7.956495 8.448432 9.23165 9.593609 9.665763 10.1179 10.6462 10.4983 
  6.912279 7.445525 7.243775 8.691193 8.494562 11.3449 13.13073 13.95227 13.42623 12.06503 11.23851 12.42859 12.40639 13.01099 11.98842 11.10114 9.987591 9.918573 9.789271 11.41217 12.2291 14.47865 14.08758 
  6.80828 6.899151 7.183482 8.516634 7.859725 11.3449 12.82302 13.55354 13.34564 11.88612 10.38306 11.71241 11.42052 12.35065 11.11709 10.49654 9.61266 9.785872 9.640195 11.22322 11.6606 13.76519 13.55652 
  6.236286 6.243502 6.218782 5.271958 5.728485 6.218996 7.284156 7.300469 9.201743 9.19591 7.205704 7.343754 7.969991 8.341393 8.176456 8.855162 9.318071 9.80929 9.915054 10.23759 10.29429 10.81895 11.1222 
  5.768291 7.33625 7.123188 6.072807 6.091249 5.833175 7.099527 7.905503 7.21197 7.477636 7.57951 8.026357 8.045827 7.576173 8.034829 8.826111 9.170777 9.364351 9.509753 9.665763 9.855554 10.21945 10.67742 
  5.716291 6.407414 5.917314 5.680049 6.045904 5.72294 6.853355 6.640432 6.322923 6.485146 6.568832 7.582665 7.818319 8.210648 8.608816 9.043992 9.25112 9.00444 9.565657 9.767479 10.0298 10.41947 10.63382 
  5.560292 5.150754 4.832026 5.767329 6.635396 6.990637 6.730269 7.13546 6.83095 7.095798 7.312505 7.480274 8.235416 8.079902 7.984248 7.923014 8.726694 10.00444 9.89642 9.629982 10.0298 10.0206 10.30695 
  5.664291 6.735239 5.555552 5.854608 6.771432 5.557589 6.176383 6.805441 5.984281 6.595262 7.205704 7.855706 7.969991 8.406766 8.237154 9.421654 8.92223 9.158024 9.514412 9.701544 10.26254 10.38708 10.9565 
  6.080287 5.970315 5.193789 6.378285 6.771432 5.612706 5.807126 6.365417 6.153581 7.127618 6.97563 7.115147 7.666647 8.472139 8.535044 8.436392 9.117216 9.317516 9.551682 9.576311 10.3719 10.24687 10.4983 
  6.236286 6.516689 5.917314 5.941888 6.454013 5.888292 5.991754 5.574862 6.534601 6.936699 7.125602 7.330307 7.330396 8.112588 8.928499 8.680856 9.304681 9.465829 9.312688 10.01275 10.52359 10.51664 10.6251 
  5.976288 4.659017 4.273131 4.71945 5.294211 5.612706 5.48899 5.815386 5.963118 7.063978 6.35927 7.480274 7.856237 7.389744 7.953899 8.753483 8.8019 9.121456 10.06879 10.37295 10.31193 10.20573 10.36518 
  4.350975 3.280197 4.441336 5.680049 4.971122 4.600558 5.192922 5.196896 5.899631 6.74578 6.827703 7.034462 7.704566 8.308707 8.485862 8.62612 8.892147 9.473635 9.467158 9.783831 10.0562 10.21259 10.75592 
  7.692272 8.647549 8.811413 8.909391 10.30838 11.84095 13.71575 13.15482 10.72582 9.609568 11.3829 12.26332 13.35728 13.34116 11.48596 10.04625 9.492146 9.278486 9.803246 9.812447 10.80784 11.82868 11.27046 
  8.108268 8.210449 8.931999 9.607628 9.718891 11.89607 13.9011 12.85578 9.582764 8.559512 11.23851 11.61002 12.7392 12.58649 10.60068 9.334501 9.398414 9.497052 9.980274 10.24577 10.08262 11.21714 11.00883 
  8.784262 6.953789 6.218782 6.771043 6.045904 7.100871 7.899585 6.200408 5.39173 6.09974 7.686312 7.514405 7.818319 8.243334 8.756362 9.450705 8.969922 9.30971 9.812564 9.906469 9.918914 10.26744 10.75592 
  6.392284 5.697128 5.193789 5.54913 4.797151 5.361191 5.271873 5.145355 6.280587 6.319972 7.846514 7.685055 7.818319 7.715996 9.248181 10.04625 9.224339 9.465829 9.467158 9.549475 9.876674 10.18516 10.53157 
  4.9276 4.567596 3.93672 5.985528 5.728485 5.447354 5.370563 7.300469 7.21197 7.286717 7.232404 8.162878 8.576677 8.079902 8.338316 8.62612 8.943141 9.325322 9.919712 10.09043 9.945314 10.38168 10.71231 
  4.533067 4.713655 4.385268 4.654449 5.319065 4.678174 6.237926 7.025454 8.058682 8.336773 7.873215 8.538309 8.652514 9.452734 9.272773 9.058517 9.411804 10.01225 9.956982 10.37295 10.38954 11.11522 11.45361 
  3.835047 3.831939 4.385268 6.203726 6.272631 6.218996 6.607183 7.245466 7.762333 8.97317 8.994634 9.255043 10.20715 10.56408 11.48596 11.17671 11.01288 10.85763 10.86739 11.79008 12.0396 12.33829 12.84844 
  5.092297 4.199768 4.771733 6.160087 7.360924 7.155989 7.468784 9.555596 8.820723 9.355009 10.22285 11.93277 11.91346 11.4793 12.36526 12.00804 12.26801 11.96823 12.64206 13.67958 14.59785 14.68249 14.2646 
  8.108268 9.357835 10.49964 11.0041 11.39668 11.56537 11.77679 12.52576 12.86206 13.04898 12.9712 13.36512 13.59501 13.34116 13.93545 14.04857 14.1138 13.95145 14.41674 15.38014 15.82961 16.92478 16.30034 
  10.18825 11.59797 12.98189 13.40559 13.57685 13.62503 13.80843 14.65003 15.11874 14.92745 14.92048 15.1831 15.40171 15.03916 15.44283 15.25777 15.29511 15.22071 15.65901 16.23042 16.49286 17.43439 17.27395 
  10.29225 11.48869 12.69327 14.11191 14.53068 14.37453 14.73519 15.54715 15.44112 14.39075 13.98194 14.46693 14.97381 14.47316 14.12387 14.35087 14.63063 13.55481 13.35193 14.34091 14.8821 15.49787 15.9463 
  11.64423 11.59797 12.50086 14.25318 14.93947 14.58867 14.73519 15.54715 15.44112 14.56965 14.05413 14.74238 14.92626 14.23733 14.06107 14.35087 14.63063 13.63414 12.997 13.67958 13.9346 14.88634 15.32673 
  15.72397 15.66591 16.44531 17.21973 16.84712 16.51595 15.38392 13.2545 12.2979 12.15448 12.61022 13.08967 13.07201 11.74079 11.8 12.46149 13.15399 12.52353 10.42372 10.65637 10.90259 12.13444 12.31738 
  16.23394 16.61798 17.7922 19.47996 18.89104 18.5503 17.60814 14.35099 12.2979 10.72326 11.16632 13.69566 14.73608 13.29399 12.86772 13.973 14.03997 13.31682 10.51246 10.27847 10.19198 12.13444 12.67142 
  16.08823 16.79109 18.17702 19.90375 19.16356 18.97859 17.05209 14.05195 12.2173 10.72326 10.06265 12.97949 14.30818 13.67133 13.18176 13.29282 12.56334 11.09562 10.33499 10.04955 10.3719 11.52291 11.6978 
  16.01538 16.79109 18.36943 19.47996 19.16356 18.65738 16.03265 13.15482 11.48787 10.24597 9.421841 12.48368 14.26063 13.19966 12.6793 12.61264 11.82503 11.25428 10.15752 10.14357 10.52359 11.42099 11.78631 
  15.86967 16.79109 18.36943 19.47996 19.16356 18.65738 15.38392 12.58077 11.06451 9.800487 9.208237 11.71241 13.73764 12.58649 12.23965 13.21724 11.89886 10.69898 10.00357 9.922821 10.71309 11.11522 11.87482 
  15.79682 16.79109 18.27323 19.3387 19.0273 18.33616 14.54984 12.03074 10.47181 8.686791 8.300422 11.23459 13.73764 12.06765 11.67438 12.99052 11.67736 10.30233 10.04084 9.930996 10.21667 10.90533 11.41 
  15.65112 16.79109 18.27323 19.3387 18.89104 18.01495 13.9011 11.59071 10.13313 8.241313 8.113519 11.57589 14.16554 12.16199 12.05123 13.36839 11.60353 9.481441 9.686781 10.09043 10.29781 10.81356 11.40128 
  15.50541 16.70453 18.27323 19.3387 18.89104 17.90788 13.62308 11.26069 9.498093 8.336773 8.994634 11.33698 13.6901 11.7081 12.49088 14.04857 11.67736 9.055634 9.933688 10.18445 10.43893 10.90533 11.6978 
  15.35971 16.70453 18.17702 19.19743 18.89104 18.01495 13.80843 11.31569 9.794441 8.782251 8.834431 12.09805 14.07046 12.03497 12.6793 13.74627 11.16054 9.707813 10.51246 10.5619 10.71309 11.31906 11.66292 
  15.43256 16.70453 18.17702 19.3387 19.0273 18.44323 14.82786 12.08574 10.47181 9.673207 9.261638 12.53877 13.78519 12.68082 12.99334 12.91494 11.08671 10.20739 10.42372 10.5619 9.955874 11.52291 11.87482 
  15.72397 16.79109 17.98461 19.47996 19.29983 18.97859 16.31068 13.05514 11.57254 10.50052 10.51656 12.97949 13.6901 13.48266 13.74703 12.46149 12.48951 11.09562 10.77866 11.22322 10.71309 11.11522 11.6978 
  16.01538 16.96419 17.8884 19.76249 19.57235 19.19273 17.70082 13.95227 12.2979 11.25997 11.52729 13.69566 13.59501 13.76566 13.93545 11.78131 11.67736 10.69898 10.15752 10.46742 10.0034 11.0133 11.33151 
  16.08823 17.05074 17.69599 19.90375 19.84487 18.76445 18.62758 15.64683 13.10385 12.15448 13.83755 14.30166 12.54902 14.2845 14.18668 11.17671 11.67736 11.73025 11.13359 11.12875 10.80784 10.86214 11.39256 
  16.01538 17.05074 17.50358 19.90375 19.98113 18.33616 19.18364 17.54076 14.39338 13.85404 15.06487 13.75075 12.54902 14.00149 13.05615 11.25229 12.26801 12.99951 11.31106 11.03427 10.61834 10.63541 11.32279 
  15.94253 16.96419 17.31116 19.62122 19.84487 18.01495 19.46166 18.53756 15.27993 14.92745 14.99267 12.64895 12.29263 14.19016 12.49088 10.87441 11.82503 12.60286 11.13359 10.75085 10.61834 10.54364 11.87482 
  15.94253 16.79109 17.11875 19.19743 19.43609 17.69374 18.62758 19.13564 15.52171 15.46416 14.77609 12.48368 12.97693 14.14299 11.8 10.49654 10.93905 12.60286 11.22233 10.46742 10.71309 10.46266 12.84844 
  15.86967 16.70453 16.83014 18.63237 19.0273 17.37252 17.88617 18.93628 16.16648 16.35866 15.06487 12.04296 13.40483 13.90716 10.52691 10.1334 10.86521 12.68219 11.22233 10.65637 10.32604 11.21714 13.29099 
  15.65112 16.27178 16.15669 17.21973 17.80095 16.30181 15.93998 17.74012 16.65005 15.55361 14.77609 12.31841 13.11956 13.38832 10.60068 10.46749 10.64372 11.41293 10.68992 10.5619 10.30134 11.0133 13.99907 
  15.50541 15.3197 14.42498 14.11191 14.93947 13.94624 13.62308 15.94587 15.36052 14.12239 13.33218 11.1322 11.30677 11.90422 9.543273 9.857417 9.679612 10.54032 10.15752 10.07407 10.28018 11.42099 13.82205 
  15.43256 14.45418 12.78948 11.71042 12.75929 12.76846 11.71525 14.65003 14.39338 13.67514 13.54876 11.43937 11.34469 11.44661 9.789183 9.639536 9.585879 10.30233 10.00357 10.18854 10.19551 11.52291 13.73354 
  14.92259 13.84832 12.30845 10.04403 10.30838 11.56537 11.71525 14.35099 14.39338 11.88612 12.17705 10.38134 11.57219 12.39782 9.543273 9.102094 9.103826 10.77831 10.24626 9.890118 10.37543 10.98091 13.29099 
  13.97551 12.63659 10.37905 8.953032 10.127 10.13232 12.5153 14.15163 14.39338 12.33338 13.62096 11.37111 11.07926 11.64273 9.321955 8.826111 9.063654 10.22301 9.929029 10.00867 10.06148 9.883458 11.87482 
  12.29991 11.16087 9.233468 8.647552 10.76184 12.44724 12.88456 12.95546 13.34564 11.88612 12.9712 11.7675 10.70008 11.41392 8.633408 9.073043 9.693003 10.20739 9.686781 9.824711 9.755232 10.55983 11.61931 
  10.50024 9.084648 7.665832 7.818398 10.08166 11.62048 12.5153 12.47076 12.37849 12.33338 11.59949 10.31308 9.600462 10.53139 9.223591 8.66633 9.036874 9.895156 9.840516 10.09451 10.52359 10.3331 11.13965 
  8.680263 8.155811 6.701132 8.123876 8.948017 11.17955 11.83833 11.97573 12.1367 11.08107 11.59949 9.937646 9.221283 9.616167 9.198999 8.855162 9.26451 9.840514 10.06879 10.09043 10.61834 10.61381 11.13093 
  7.328276 7.33625 6.037901 8.080236 9.582855 10.29767 10.11513 10.71066 10.68349 10.99162 10.35636 9.255043 8.72835 8.897064 8.95309 8.447553 8.884626 9.450217 9.905737 9.894205 10.13906 10.86214 10.6251 
  6.964279 6.29814 6.33937 7.600199 9.401473 10.0772 9.376615 9.500593 9.117072 9.291368 9.154836 8.162878 7.818319 8.602885 8.584226 8.651805 8.892147 8.989814 9.873126 9.692599 9.924194 10.29487 10.6251 
  6.912279 6.243502 5.193789 6.683764 8.811981 8.699271 8.022671 9.170574 9.032401 9.13227 8.80773 7.330307 7.666647 7.981842 8.412088 8.797059 8.996702 9.473635 9.686781 10.27847 10.30487 10.63001 10.68615 
  6.600283 6.024952 5.796726 5.941888 7.134196 7.541809 7.838042 8.675547 8.56671 8.082214 7.392607 7.753316 7.780401 8.472139 8.156223 8.38059 8.969922 9.871737 9.537705 10.19262 10.61834 10.76497 10.3319 
  4.775857 5.314666 5.012908 5.336959 6.272631 7.431575 7.776499 8.895559 7.592991 7.223078 6.827703 7.021015 7.029369 7.697353 8.535044 8.525676 8.996702 9.621947 9.65883 9.576311 10.17787 10.42487 10.56485 
  7.120277 6.024952 5.073202 5.255708 6.18194 6.494582 7.222612 7.685491 6.957957 7.254898 7.419307 7.548535 8.045827 8.439453 8.559634 8.913263 9.358243 9.465829 9.700757 9.74627 9.739392 10.2263 10.93034 
  4.411673 4.60438 4.952614 4.71945 5.393624 5.667823 7.345698 6.970451 6.661608 6.873059 6.655123 7.128594 7.666647 7.981842 8.485862 8.913263 9.077044 9.070262 9.621561 10.27847 10.1567 10.46266 10.92162 
  5.092297 5.423941 4.711439 5.46185 5.542742 5.314621 6.853355 6.035398 6.365259 6.74578 6.938648 6.711724 7.474365 7.781246 8.08541 8.884212 9.331462 9.551694 9.387259 9.886029 9.940034 10.12345 10.67742 
  5.040298 3.905505 4.385268 5.36946 5.864522 5.252529 5.153447 5.196896 5.814981 5.659276 6.309961 6.483117 7.304219 7.883782 8.135991 9.160195 9.25112 9.395576 9.286056 9.94326 10.14259 10.3223 10.39014 
  4.502718 4.986842 3.861963 5.418211 5.683139 6.549699 5.21266 5.43742 5.47638 6.512675 7.499408 7.514405 8.083745 7.916469 8.854726 8.738957 9.197558 9.247262 9.523729 9.898293 9.850273 10.42487 10.58149 
  4.350975 4.126203 4.952614 4.930703 5.368771 6.053644 5.350825 5.317158 6.238252 4.888463 7.152303 7.787446 8.235416 7.287208 7.964015 9.523332 9.237729 8.909366 9.37128 10.12722 10.31545 10.51664 10.9565 
  3.865395 3.648025 3.843273 5.898248 5.77383 4.553988 5.745583 5.574862 6.195916 7.063978 7.259104 7.155489 7.36966 8.047215 7.852736 8.753483 9.036874 9.481441 9.612244 9.674708 10.20962 10.52744 10.88673 
  3.04598 2.581322 3.544242 4.459446 5.070534 5.888292 5.567942 5.47178 4.79918 5.686804 7.499408 7.923966 7.304219 8.047215 8.584226 8.313628 8.899668 9.520471 9.607585 9.922821 10.71309 10.49505 10.72975 
  3.531559 3.464111 3.731136 5.125706 5.493036 4.522943 5.745583 5.815386 6.492265 6.127269 6.482542 7.115147 7.628729 8.27602 8.68259 8.268986 8.892147 9.512665 9.349974 9.612092 10.25195 10.24002 10.35686 
  5.040298 4.236551 4.142304 5.076955 5.77383 4.879974 5.528466 5.47178 5.010805 6.74578 7.312505 7.480274 7.395836 8.504826 8.756362 8.63728 8.749256 9.194591 9.24877 10.02093 10.30487 10.58142 10.85185 
  4.533067 4.162985 4.651145 5.680049 5.219652 5.392237 4.857378 5.815386 6.534601 7.000339 6.938648 7.289964 7.969991 7.818532 8.633408 8.280147 9.224339 9.17265 9.621561 9.902381 10.22726 10.09602 10.65126 
  5.404294 3.169848 4.478715 5.54913 4.672885 4.973113 4.679738 6.200408 5.984281 6.319972 6.901667 7.650925 7.304219 7.520245 8.46127 8.38059 9.036874 9.30971 9.649512 9.853326 10.25901 10.6786 10.68615 
  5.300295 3.464111 3.656379 4.540698 4.498914 5.557589 4.956068 4.767389 6.132418 7.382177 6.803049 7.412014 7.055545 7.771924 8.328199 8.492194 8.756777 9.223845 9.424545 9.792007 9.881953 10.6516 10.04904 
  5.196296 5.041479 4.160994 5.190707 4.573473 4.740266 4.679738 4.767389 5.518705 6.182327 6.593487 7.480274 7.500541 7.874461 8.176456 8.695381 8.983312 9.63756 9.467158 9.816534 10.1567 10.59222 10.4567 
  4.957949 4.822929 4.403957 5.304459 5.592448 4.569512 4.817903 4.715848 5.772655 6.457617 7.339206 7.992227 8.045827 7.799889 7.690877 8.146222 9.652831 9.700007 9.537705 9.800182 10.38601 10.42487 10.30695 
  4.47237 4.877567 4.516094 4.768201 5.393624 4.398757 4.719213 5.609222 5.836143 5.934566 6.950975 7.222727 8.197498 8.537512 8.657998 8.235505 8.696611 9.372157 9.451179 10.10269 10.19198 10.61381 10.19047 
  6.80828 5.478579 4.460026 4.378195 5.095387 4.973113 4.482359 5.196896 5.582193 6.237385 7.739712 7.249622 7.408924 7.827854 8.535044 8.898738 8.996702 9.356545 9.419219 9.656818 9.892513 10.08231 10.70359 
  5.82029 4.310117 3.731136 4.394445 5.368771 5.237006 5.807126 6.090401 5.899631 6.68214 6.729086 6.752066 6.846135 7.753282 8.186572 8.855162 9.077044 9.048322 9.333994 9.755216 9.950594 10.36549 11.06988 
  5.87229 4.126203 4.198373 5.141956 5.819176 5.888292 5.706107 6.255411 6.534601 6.968519 7.552809 7.303411 7.435101 7.846497 8.387498 8.62612 8.779339 9.158024 9.312688 9.638927 10.10026 10.44646 10.77336 ]
