 [
  4.38581 3.680755 3.829813 4.854834 4.555861 4.184299 5.397798 6.036029 6.245389 6.172371 6.621139 7.237805 7.748314 7.399365 8.149039 8.834213 8.973993 9.055185 9.427851 9.770523 10.07689 9.990161 10.88617 
  4.609771 3.36629 4.10933 4.620456 5.498355 4.781835 4.839768 5.569598 6.293797 6.643838 7.54237 6.969513 7.257242 8.45147 9.310822 9.207337 9.174395 9.547931 9.674627 9.637449 10.24641 10.34063 10.6121 
  5.057693 3.020379 3.169137 5.344896 5.676664 5.015653 5.583808 5.436332 5.754317 6.748609 7.02836 7.405488 7.860574 8.059622 7.955453 8.859088 9.199339 9.316071 9.419524 9.712303 10.32687 10.41504 10.42816 
  5.348875 3.869433 4.058509 4.364771 4.046404 4.677916 4.886271 5.669548 6.487431 6.504144 6.790319 7.38872 7.606162 7.799412 8.499681 8.809339 8.787964 9.080361 9.436177 10.10228 10.26652 10.54897 10.75967 
  4.996613 4.026666 4.566722 4.982676 5.676664 5.223491 5.63031 5.236434 5.418321 6.154909 6.738264 7.153964 7.386472 8.177176 8.374889 8.196723 9.274172 9.364883 9.496837 9.329714 10.42745 10.42992 10.6121 
  5.305085 4.152452 3.956867 5.259668 5.218153 5.015653 5.769817 6.402511 5.961084 5.858059 6.816347 7.254574 8.197355 7.653941 8.132907 8.933713 9.224283 9.181067 9.496837 10.09132 10.07689 10.2952 10.53239 
  4.528331 4.121005 3.804403 5.110518 5.447409 5.223491 5.351295 5.436332 5.948161 7.089751 6.438946 6.852135 7.748314 7.981252 8.655669 8.883963 8.94017 8.790833 9.510513 9.529325 10.02262 10.24328 10.4933 
  5.261294 4.152452 3.753581 4.726991 5.5493 5.873861 4.839768 4.336888 5.909392 6.678761 6.816347 7.153964 7.972835 7.672125 7.616679 8.373321 8.534288 9.38929 9.647275 9.629132 10.15588 10.71267 10.32394 
  5.436457 4.121005 3.601118 4.81222 4.606806 4.522037 5.304793 5.369699 5.8577 5.631057 6.985526 7.556919 7.451086 7.663033 7.745736 8.612247 8.483553 9.004832 9.427851 10.22281 10.13577 10.41504 10.56496 
  4.26365 3.869433 4.414258 5.515353 5.472882 5.613188 5.583808 6.135979 6.293797 6.591453 6.38689 6.852135 7.153859 7.417549 8.165172 8.570694 9.224283 9.401493 9.261316 9.850261 10.62861 10.40016 11.16024 
  4.34509 3.492076 4.007688 5.02529 5.396463 4.548017 3.956221 5.636231 6.193697 7.004466 7.585204 7.271342 6.921246 7.817596 8.655669 8.48759 8.585024 9.218446 9.756685 9.970791 9.859808 10.12645 10.43468 
  5.261294 4.561255 4.414258 5.259668 4.988898 4.08038 3.584201 5.502965 7.165148 6.608914 6.868402 7.254574 7.192627 7.817596 8.278096 8.759588 8.957082 9.669962 9.361237 10.26664 10.28664 10.30818 10.80184 
  4.874453 3.177612 4.08392 5.451431 5.815206 5.587208 4.932773 5.536282 6.129082 6.91918 6.985526 7.443346 7.528624 8.333916 8.530878 8.259051 8.771052 9.092949 9.81139 10.14611 9.883066 10.10698 10.59101 
  4.222929 3.680755 3.829813 4.684377 5.039844 5.587208 4.839768 5.336383 5.625088 6.25968 7.456701 7.405488 7.785734 7.663033 7.971586 8.653799 9.024729 9.669962 9.228009 9.629132 9.759021 10.094 10.78076 
  4.813372 2.548682 3.728171 5.003983 5.447409 5.145552 4.839768 5.203117 5.728471 6.486682 7.156863 7.821923 8.309615 8.333916 8.468483 8.310992 9.074617 9.168478 9.252989 9.612497 10.35704 10.40016 10.75967 
  4.202569 3.837987 4.439669 5.709907 5.192681 4.729875 4.467748 5.802814 5.844778 6.486682 7.371033 7.973353 7.935414 8.255546 8.406087 8.784463 9.124506 9.193654 9.975504 10.44195 10.43751 10.20434 10.56496 
  4.28401 3.712201 3.855224 5.580204 5.472882 4.911734 5.351295 6.583872 5.98693 6.451759 6.842374 7.481204 7.897994 7.863056 8.437284 9.107838 9.274172 9.35268 9.537866 9.562594 10.41739 10.51921 11.01266 
  5.874363 6.709868 7.843318 8.368816 7.546972 7.050829 6.67372 7.960609 9.343526 9.946819 10.24092 11.22912 11.15354 11.50789 9.872381 8.425261 9.473726 9.572336 9.674627 10.38717 10.13577 10.33414 10.57147 
  4.467251 5.038725 6.128874 7.006936 6.577183 6.527732 6.095335 6.235929 7.261965 7.644108 7.713706 8.84408 8.833496 10.05805 8.874053 8.466813 9.049673 9.279461 9.866095 10.14611 10.40733 10.37039 10.27183 
  4.691212 3.680755 4.439669 5.067904 5.014371 5.509269 4.700261 5.669548 5.702625 6.329527 6.152642 6.885672 7.748314 7.463009 8.165172 8.983463 8.889435 9.474711 10.1533 9.795475 10.11565 10.42992 10.63318 
  6.618805 6.888919 5.557393 6.812381 7.062078 8.227797 10.64133 12.03346 11.5219 10.88496 11.95428 13.10581 13.89715 13.88128 12.97535 11.99233 10.97039 11.31917 12.90625 13.55001 13.33278 13.78372 13.86256 
  8.151479 8.500379 8.922783 9.471291 9.34801 11.56254 13.81542 14.55361 13.28911 12.76796 12.86699 14.13126 14.7335 14.76563 13.58249 12.73252 11.84344 11.7599 13.43874 14.19147 14.41824 14.49368 14.72207 
  8.151479 7.664807 8.287804 8.56337 7.754785 11.2356 13.36198 14.25686 12.10281 11.73782 11.05477 12.17556 11.97678 12.25241 10.71472 11.09784 10.62117 9.938431 10.30373 11.73255 13.09157 12.95542 14.72207 
  5.159493 5.695246 4.642954 5.451431 5.320045 7.116216 8.770885 8.878434 7.213556 8.369036 7.499536 9.071226 9.694159 9.156799 8.406087 9.132713 9.174395 9.889618 9.647275 10.24472 10.43751 10.80196 11.37106 
  6.049526 5.874297 5.239903 6.488124 5.676664 7.377764 8.884245 9.337347 9.053076 9.264535 9.812578 11.4184 12.53808 11.93893 8.749263 8.518754 9.124506 10.62181 10.59093 10.20089 11.40308 10.53409 10.63318 
  4.854092 4.34113 4.388847 5.83961 5.745935 5.35339 5.490803 6.469144 6.219543 6.748609 7.456701 8.124784 9.245117 8.84332 8.530878 8.373321 9.224283 9.130713 9.452831 9.850261 9.751268 10.38527 10.82292 
  4.548691 4.183898 4.858916 5.709907 5.953747 6.462345 6.730401 6.870692 6.874698 7.175037 6.582098 7.38872 8.010255 8.177176 8.499681 8.020125 9.007817 9.38929 9.161395 9.587546 10.02262 10.1654 10.18063 
  8.501804 9.634369 10.00225 10.31436 11.21832 12.60873 14.9817 14.70198 12.39326 11.60989 11.99712 13.53308 15.4653 15.00682 12.77297 10.79934 10.97039 10.18249 10.87813 11.198 12.12672 12.24546 13.48055 
  7.450828 8.201961 8.795786 8.757924 8.863115 11.88947 13.81542 13.35283 9.924427 9.605678 10.24092 11.45626 13.79261 12.99692 10.80831 9.431212 9.822948 9.499118 10.04389 10.33238 11.13152 10.95077 12.00353 
  6.180898 4.79999 4.858916 5.774758 5.676664 6.723893 7.920683 7.386969 7.261965 6.643838 6.217711 7.481204 7.296011 7.817596 8.562076 8.48759 9.199339 9.017421 9.633599 9.916004 10.40733 10.26275 11.03374 
  6.531223 5.814613 4.770007 5.323589 4.759643 4.833794 5.211788 5.303066 5.844778 5.631057 6.230725 7.036586 7.257242 7.726676 8.019982 8.933713 9.349005 9.633352 9.660952 9.562594 10.07689 10.34063 10.2132 
  6.049526 4.859674 4.985911 4.940062 5.953747 5.587208 5.537305 6.813328 7.11674 7.260323 6.868402 8.541219 8.197355 7.83578 7.342432 9.008338 9.074617 9.303867 9.169722 9.72062 10.41739 10.71267 10.78076 
  5.830573 4.026666 4.795418 6.488124 6.992807 7.7047 7.297202 7.559061 8.762625 9.64832 9.512739 9.790523 9.918678 9.783757 10.24675 10.15259 11.02028 10.43876 10.75505 11.94637 12.36793 12.71877 12.78357 
  3.958249 4.121005 5.430397 7.136639 7.408431 8.16241 7.467242 9.222619 10.16647 10.97025 11.56878 11.60769 12.23872 11.39034 11.86904 11.86896 12.2176 12.64138 12.46251 13.22928 14.17703 14.73033 14.62657 
  6.356061 5.695246 7.144841 7.914856 7.408431 8.489346 9.961168 11.63191 12.51228 12.28704 11.86862 12.84945 13.16535 13.3989 12.77297 13.47272 14.64012 13.85341 13.79373 14.19147 15.74491 16.03194 16.5366 
  6.443642 5.396827 7.208339 8.368816 7.477702 9.404764 11.37817 11.804 13.43035 13.48934 13.6644 14.21671 14.52441 13.55969 14.08845 14.58301 15.02773 15.06544 15.47995 16.32966 17.19218 17.33354 17.20511 
  8.326641 9.694053 11.01821 11.61139 11.77248 12.15102 13.19194 13.81174 14.34842 14.93209 15.17946 15.75488 16.30165 16.29316 16.21346 16.0634 16.77194 16.60802 16.54492 17.39876 18.15703 18.0435 18.25563 
  10.8665 12.20077 13.64889 14.23501 14.54331 14.11264 15.29977 16.03734 16.39641 16.93592 16.854 17.63487 17.8698 18.06187 18.13609 17.79053 18.32236 17.70986 16.81117 17.93331 19.00128 19.22678 19.30614 
  12.42844 13.23309 15.10036 16.60753 16.31837 16.28215 16.57208 17.52108 16.89075 17.25653 17.49192 17.29305 17.138 16.85593 16.82061 17.17369 17.45025 17.15894 16.54492 17.07803 17.91582 17.80685 18.82864 
  17.47472 17.4771 17.15661 18.56137 18.21176 17.60796 16.14798 15.44385 15.26648 15.25271 15.17946 14.90034 15.15167 14.36365 14.99917 15.44657 15.41533 14.95525 14.41497 15.15366 15.6243 16.62358 16.4411 
  18.43592 19.19765 19.81764 21.9108 21.52521 21.22382 20.28297 17.15014 15.40772 14.93209 14.4618 16.95124 18.49706 16.61474 18.54086 18.65409 17.54715 14.95525 12.72876 13.22928 14.17703 18.75347 17.68262 
  18.43592 19.31235 20.30147 22.46904 21.99855 21.70593 20.49502 17.07596 15.90206 14.93209 14.54154 17.03669 19.01978 17.4991 18.74324 19.64101 18.22546 14.40433 12.55126 12.90856 14.53885 19.70009 18.73314 
  18.43592 19.42705 20.30147 22.6086 21.99855 21.70593 20.07092 16.70502 15.3371 14.29087 14.14284 16.52397 19.12432 17.65989 18.23728 19.02419 17.74095 14.40433 12.8175 13.01546 14.17703 19.10845 18.06462 
  18.31577 19.42705 20.42242 22.6086 21.64354 21.46487 19.54079 16.2599 14.91338 13.80995 13.42518 16.01124 18.81069 17.82068 18.64205 19.27092 17.83785 12.97193 12.72876 12.80165 14.41824 19.34511 17.87362 
  18.07547 19.19765 20.54338 22.32948 21.17019 20.98276 18.48054 15.1471 13.99531 13.00842 12.70751 15.24216 17.97435 17.17751 18.23728 18.77745 16.77194 12.09046 10.80975 10.90216 13.81521 17.92518 16.7276 
  17.71502 18.96824 20.42242 22.05036 20.81518 20.38012 16.99618 14.55361 12.93601 12.20689 11.74011 13.8749 16.92891 16.05197 17.22537 18.28399 15.99674 11.87009 10.11227 11.0446 13.33278 16.38692 15.48608 
  17.23442 18.62413 20.30147 21.77124 20.2235 19.65694 15.72388 13.75438 12.34485 11.56725 11.05477 13.02036 15.98802 15.00682 16.11227 17.29706 15.31843 11.0988 11.75253 12.48092 12.60915 15.08532 14.91307 
  16.99412 18.28002 19.9386 21.35256 19.86848 18.93377 14.66362 12.95128 12.10281 9.946819 9.684076 12.25127 15.15167 14.12246 15.8087 16.4335 14.25252 10.42656 12.8175 13.01546 12.48854 14.1387 14.62657 
  16.63367 18.05062 19.69669 21.07344 19.75015 18.81325 13.75874 12.89392 11.37668 10.45853 8.99873 11.91055 13.68806 13.96167 15.8087 15.56994 13.96182 10.63401 14.50372 14.72602 11.88551 13.78372 15.39058 
  16.27323 17.82121 19.57573 20.93389 20.2235 19.41589 14.34554 13.06601 11.90917 10.79968 10.62643 13.10581 14.31532 14.36365 16.21346 15.94004 14.93083 10.76824 14.05998 13.76383 12.60915 13.42873 14.81757 
  16.27323 17.82121 19.45478 20.65477 20.81518 20.01853 15.51182 12.95128 12.15121 11.09818 10.54076 13.53308 14.21078 14.28326 15.70751 15.6933 15.02773 9.8164 12.8175 12.58783 12.85036 13.42873 14.53107 
  16.27323 17.82121 19.09191 20.23609 20.69685 19.898 16.57208 13.12337 12.44166 11.2261 11.52594 14.55853 14.52441 13.72048 14.5944 14.70638 13.47731 9.633352 11.93003 12.37401 11.52369 12.60044 13.48055 
  16.15308 17.4771 18.36617 19.67785 20.10516 19.898 17.52631 14.10849 12.72415 11.90839 12.38263 15.15671 14.7335 14.12246 14.79679 14.45965 13.08971 10.36554 11.75253 11.41182 11.08123 12.95542 13.28955 
  15.79263 16.78889 17.88235 19.67785 19.63181 19.898 18.79861 14.47942 12.44166 11.60989 12.46829 13.36217 12.74717 13.4793 13.98726 12.73252 13.47731 11.0988 10.85078 10.68301 10.24641 11.97759 12.2776 
  15.31203 16.10067 16.79374 19.25917 19.63181 18.81325 18.90464 14.0343 12.0544 12.20689 13.10622 12.42218 11.04128 12.05648 12.3682 11.69484 13.38041 10.87843 10.68667 10.40908 10.50792 11.0103 11.53972 
  14.83143 15.52715 16.06801 18.42181 18.92179 16.16162 16.89015 14.47942 12.29644 12.68781 13.02647 11.26697 10.66708 10.88093 10.37155 11.86896 12.50831 10.45096 10.38579 10.7378 10.59844 10.094 11.16024 
  14.47098 15.29775 15.58418 16.88665 16.91006 16.40268 17.31425 17.00177 15.19586 15.57332 13.98336 11.94841 11.67742 12.56589 11.61946 12.60916 13.08971 12.86175 10.94652 10.79258 10.58838 10.71267 11.32889 
  14.23069 15.06834 15.58418 17.16577 17.62008 16.64373 17.52631 18.4855 16.32579 16.05424 13.98336 11.79698 11.64 13.3185 12.3682 11.66996 12.2176 12.86175 11.22004 10.71588 10.64873 10.41504 12.13002 
  13.62994 14.26542 14.61654 16.60753 17.14673 16.16162 16.6781 18.04038 16.89075 16.77562 13.82388 10.69911 10.44256 11.93893 10.90191 10.25209 11.41938 13.41267 11.93003 11.41182 10.96053 10.92101 12.76249 
  14.83143 15.18304 15.46323 16.46797 16.79172 15.07686 14.5576 16.70502 16.46703 16.455 13.10622 10.58554 10.1432 11.31197 10.12196 9.729712 10.62117 12.31083 11.22004 11.00077 10.42745 10.71267 12.44625 
  12.54859 13.23309 13.04411 15.49105 16.4367 13.52415 12.17169 14.92454 15.19586 15.89393 12.70751 8.919796 9.282537 10.92012 9.123635 9.480963 10.09733 10.69502 10.12594 10.55152 10.07689 10.32116 10.69643 
  12.42844 13.3478 12.92315 13.81634 15.135 14.35369 13.81542 15.36966 15.83144 15.81378 13.90362 10.69911 10.85418 12.72263 9.591601 9.431212 10.84566 12.09046 11.57503 11.73255 10.95047 11.18887 12.80465 
  8.85213 10.35057 10.38323 11.41683 12.95008 14.04725 13.70206 14.77617 15.40772 16.455 15.33894 11.49412 11.00386 12.21322 9.529206 9.132713 9.947669 11.98027 11.57503 10.60631 11.20192 11.75437 13.95806 
  10.16585 10.23121 10.25624 11.35198 12.673 14.11264 13.64538 13.63965 15.26648 15.89393 15.73764 11.07768 11.00386 11.54708 9.903579 10.00334 9.847892 10.54859 10.94652 10.84737 10.54815 11.35257 12.84682 
  10.16585 9.753736 10.51023 9.600993 11.07978 12.87028 12.73849 13.88593 15.05462 14.37102 14.30232 12.25127 11.0787 11.31197 9.435613 9.306838 9.124506 9.645555 9.078128 9.787158 10.16594 10.54897 11.32889 
  8.370432 8.321327 8.097309 8.433667 11.01051 12.41257 12.68181 12.66446 13.78345 12.76796 13.42518 12.50764 11.90194 11.82137 9.34202 10.25209 9.498671 9.206243 9.044821 10.10228 10.39728 10.30169 10.94941 
  7.976316 9.694053 8.605293 8.498519 10.38707 10.64712 10.69801 11.05827 12.15121 11.86575 12.70751 11.68341 11.0787 10.29316 8.718064 10.00334 9.423838 8.916716 9.327929 9.778841 10.16594 10.47456 10.71751 
  8.939711 9.455318 8.097309 7.331193 9.209469 8.881668 9.394367 10.14044 10.79578 10.50118 10.88343 10.24482 9.544477 9.195984 8.562076 9.605337 9.099562 9.143302 9.961828 9.770523 10.13577 10.37039 10.9705 
  7.888735 8.381012 6.890849 6.942084 8.447491 8.489346 8.430804 9.222619 9.391934 8.198464 9.041564 9.1848 8.758656 8.804134 8.326493 8.958588 9.299116 9.017421 9.838742 10.33238 10.43751 10.80196 11.03374 
  6.881549 6.41145 6.446363 6.29357 6.161559 8.293184 8.940926 8.706343 8.181725 8.070536 8.013545 7.935496 7.860574 8.137991 8.437284 8.908838 9.274172 9.067773 9.784038 9.795475 10.28664 10.0291 10.67534 
  7.363246 5.396827 5.239903 6.228719 6.507913 7.900861 8.260764 7.329605 6.729473 6.791251 7.371033 7.481204 7.709545 8.177176 8.749263 8.983463 9.32406 9.767587 9.688304 9.795475 10.1079 10.35551 10.54542 
  7.144293 5.754929 5.049409 5.515353 5.523828 6.527732 7.183842 6.928056 6.167851 7.21768 6.673194 7.443346 7.972835 8.490656 8.468483 8.373321 8.576568 9.055185 8.936573 9.992705 10.25646 10.20434 10.41513 
  6.443642 5.217776 5.811384 5.515353 6.646454 6.004635 6.56036 6.069346 6.342206 7.175037 6.399904 6.332319 7.972835 8.333916 8.624472 8.684963 9.274172 9.926228 9.797713 9.670717 9.898572 10.094 10.73859 
  6.268479 5.874297 5.176405 5.580204 6.161559 6.266184 6.61704 6.641236 6.232466 6.678761 7.242531 7.00305 7.076321 7.908516 7.503754 8.082454 8.897891 8.841187 9.111435 9.421203 10.176 10.38527 10.59101 
  6.881549 6.232399 4.985911 4.620456 5.884476 6.78928 6.78708 7.673789 7.165148 7.004466 6.530043 7.443346 7.897994 8.3731 8.213568 8.684963 9.074617 9.547931 9.496837 10.20089 10.28664 10.37039 10.51285 
  6.793968 5.516194 5.684389 5.709907 6.161559 6.658506 6.957121 6.369194 6.826289 6.791251 6.72525 6.667685 7.632008 7.753953 8.624472 8.883963 8.855612 9.438102 9.565218 9.981748 10.27658 10.62338 10.34348 
  7.450828 6.590501 5.684389 6.034164 6.092288 5.873861 6.900441 6.928056 6.487431 6.91918 7.114028 7.371952 8.122515 7.917608 8.905252 8.883963 8.779509 9.181067 9.469484 10.08036 9.960594 10.48944 11.16024 
  7.056712 6.471133 5.366899 5.904461 5.884476 6.135409 7.353882 6.928056 6.232466 7.047108 6.295794 7.897638 8.159935 8.3731 8.749263 9.356587 8.686494 9.291664 9.660952 9.263177 9.859808 10.53409 10.9705 
  4.976253 6.172715 5.811384 5.02529 6.646454 5.743087 6.78708 6.435827 6.20662 6.346989 6.243739 7.271342 6.960014 7.9267 8.2297 8.622635 8.830244 9.328274 9.40287 10.06941 10.31681 10.77219 10.67534 
  4.833732 5.635562 4.795418 4.854834 5.884476 6.331571 6.67372 6.583872 6.193697 6.833894 7.156863 7.237805 8.010255 8.020436 8.593273 8.883963 9.473726 9.584539 9.294622 10.02558 10.06913 9.92526 10.17411 
  4.996613 5.993664 5.874882 6.942084 6.438642 6.78928 7.183842 7.386969 6.923106 7.089751 6.816347 7.221037 7.321857 8.177176 8.2297 8.082454 8.79642 9.193654 9.386217 9.872175 9.805538 10.04208 10.26531 
  5.392666 5.93398 5.493895 6.682678 5.745935 5.691127 7.523922 7.501697 7.165148 7.260323 7.970711 8.616934 7.386472 7.572113 8.261965 8.186335 8.906346 9.425899 9.647275 9.916004 10.03037 10.6829 11.01266 
  6.487433 5.814613 4.49049 6.099016 6.3001 6.527732 7.013801 7.042785 6.584247 7.004466 7.585204 7.85978 8.122515 7.899424 8.499681 8.709838 8.69495 9.242852 9.606247 9.762206 9.78228 10.51921 10.67534 
  6.487433 6.471133 5.430397 6.358421 6.923536 6.331571 7.240521 7.960609 7.455598 7.388251 7.499536 8.2005 7.425241 7.853964 7.794132 8.53953 9.024729 9.474711 9.537866 9.562594 10.55821 10.83172 10.844 
  6.531223 5.993664 5.874882 4.1517 5.116262 6.78928 7.410562 6.928056 6.971515 6.591453 7.628038 7.405488 7.244319 8.137991 8.593273 8.362932 8.999361 9.181067 9.269643 9.6624 10.07689 10.51921 10.63318 
  7.144293 6.530817 6.065376 5.580204 5.014371 5.873861 7.013801 7.444333 5.806009 6.748609 6.608125 7.519061 7.102167 8.725765 8.245832 9.058088 9.024729 8.652365 9.319603 10.02558 10.19611 10.11347 10.33697 
  5.567829 5.217776 5.620891 5.709907 5.745935 5.717107 7.523922 7.386969 6.245389 7.089751 7.75654 7.746207 7.722468 8.177176 8.655669 8.709838 9.074617 9.401493 10.05756 10.03653 9.619471 10.04208 10.53239 
  7.144293 4.529809 4.922414 6.034164 5.523828 6.331571 7.807323 7.673789 6.584247 6.591453 7.328199 7.85978 8.010255 8.137991 8.068378 8.958588 9.498671 9.828603 9.838742 10.31046 10.22629 10.28222 10.5845 
  7.625991 7.008286 5.811384 6.942084 6.23083 6.854668 6.78708 7.329605 6.632656 6.833894 7.02836 8.011211 7.580316 8.255546 8.686867 8.784463 8.923258 9.523524 9.688304 9.916004 10.25646 10.66802 10.94941 
  7.801153 7.784175 6.382866 6.812381 6.646454 6.135409 6.67372 7.042785 5.676779 6.277142 7.328199 7.237805 7.489855 7.708492 7.939322 9.008338 8.990906 8.639776 9.496837 9.959833 9.72801 10.51921 10.50633 
  7.494618 7.008286 4.985911 6.682678 7.131349 7.050829 7.297202 7.788517 6.584247 6.713685 7.156863 7.443346 7.785734 8.177176 8.374889 8.300604 9.199339 8.400601 9.044821 9.620814 9.665987 10.4448 10.43468 ]
