 [
  7.803071 7.960248 6.46614 5.153567 6.068039 6.03608 6.243796 6.373965 6.247478 6.511141 7.010043 8.122345 8.253597 8.218472 8.436767 8.607746 8.504107 9.306232 9.849269 9.739803 9.996538 10.41205 10.73724 
  7.28377 7.769447 5.853679 5.072194 5.503437 7.301341 7.191326 7.046649 7.219501 8.143909 7.334458 7.971261 8.162534 8.171192 8.600978 9.063096 9.34722 9.084047 9.270891 9.963754 10.53552 10.35463 10.25311 
  3.589044 3.963341 5.153724 4.665329 4.702043 5.719765 5.770031 6.306697 6.743297 7.291953 7.056442 6.764517 7.099699 7.936717 8.284915 8.740338 9.533167 9.282518 9.500198 9.468411 10.20002 10.2634 10.64602 
  3.833199 3.769373 4.352438 5.856475 5.829292 6.03608 6.5822 7.248453 6.637474 7.859924 7.612475 7.769816 8.02594 8.360308 8.655715 8.794131 8.311093 8.932832 8.789347 9.704405 9.996538 10.52691 10.44886 
  5.379666 4.428867 4.512654 5.856475 6.625116 6.747789 7.394369 8.795625 8.859763 11.38135 11.83832 10.43896 10.16592 11.66983 13.69154 14.17343 11.20668 10.65795 10.38414 9.645407 9.859423 10.46948 10.35461 
  4.107872 3.284451 4.701999 5.04507 5.468594 6.510553 7.055965 7.921137 10.3942 12.85807 13.2284 12.40304 11.94165 13.65554 15.22418 16.09034 14.08885 12.45416 11.73057 11.18775 10.36777 10.7279 11.10214 
  4.107872 4.907451 5.328712 5.424811 5.988457 6.273317 7.191326 7.853868 7.272413 7.34875 8.946953 9.179929 9.30082 10.77153 11.17363 12.12929 11.02074 9.40109 9.270891 9.421213 9.996538 10.46948 10.67642 
  4.016314 4.40947 4.687434 5.140005 5.829292 5.561608 6.243796 6.777575 6.227864 6.628174 7.223252 7.307847 7.934876 7.992876 8.76519 9.009303 9.038607 9.685661 9.614449 10.05791 10.30067 10.23636 10.44161 
  3.253332 3.808167 4.93504 5.275627 4.475562 4.908649 5.230409 6.037624 6.53165 6.894373 6.221248 6.732556 7.413349 8.086474 8.226646 8.641518 9.02376 9.084047 9.731859 10.05791 10.16647 10.16201 10.70683 
  4.809815 3.633595 4.701999 5.492622 5.590545 5.067019 6.64988 6.912112 6.954943 7.178359 7.501268 6.97226 8.34466 8.502145 8.436767 8.495177 8.59319 9.121851 9.614449 9.963754 10.36777 10.67047 10.76765 
  3.680602 4.079723 4.731129 5.384125 6.545533 7.222262 7.597411 8.257479 8.013177 9.450243 10.50385 11.44618 11.07655 11.43343 10.79047 10.73068 9.858573 9.495947 9.96668 10.90529 10.20002 10.35463 10.57936 
  3.863718 3.556007 4.687434 5.384125 5.670127 5.482529 5.837712 7.315722 6.478738 8.598287 9.669796 10.28787 10.80336 10.58241 9.422036 9.063096 9.207761 9.329947 9.562266 10.19914 9.642324 10.49819 10.64602 
  4.290987 3.284451 4.439829 5.6141 5.670127 5.205594 6.040754 6.441234 7.219501 7.235156 7.946095 8.172706 8.799974 9.589558 8.984138 9.224475 9.161274 9.159656 9.823178 9.869599 10.20002 10.18229 10.54311 
  5.206566 4.525851 5.503701 6.422015 6.386369 6.985026 7.52973 8.930161 9.177233 8.257504 9.22497 9.985707 10.5757 11.10248 9.53151 9.654819 9.579653 8.885576 9.511664 9.893138 9.733734 10.41205 10.59386 
  5.379666 4.812051 5.766184 4.909448 6.784281 7.301341 6.988284 8.459283 8.648117 7.916721 9.002557 9.482096 9.89273 10.3933 9.805196 9.439647 9.207761 9.027341 9.030119 9.539209 10.01939 10.58433 10.79806 
  4.779296 3.84696 4.570914 5.126443 5.224691 4.651298 5.635125 6.643039 5.600217 5.984495 7.056442 6.92432 7.712741 7.861839 7.974148 8.901717 9.300734 9.008439 9.098911 10.10498 10.26712 10.2972 10.57936 
  3.77216 3.575404 4.803955 5.6141 5.050475 4.512723 4.447956 4.933217 5.992496 6.355098 6.778044 7.084123 6.928617 7.26281 8.323761 8.427635 8.845592 9.661947 9.705768 10.01083 10.23357 9.972749 10.59386 
  4.718257 3.575404 4.556349 5.6141 5.670127 4.215779 4.960597 5.948289 6.11018 6.530647 6.940443 7.467649 6.985645 8.360308 8.436767 8.360093 8.801051 9.150205 9.562266 9.869599 10.08795 9.993027 10.41986 
  5.812417 4.46766 4.93504 5.694892 5.381485 4.433538 5.25739 5.617287 5.580603 6.95117 6.870843 7.719455 7.313551 7.113053 8.710453 8.540205 9.254248 9.424805 9.744905 9.574609 10.43487 9.979507 10.15161 
  4.931892 3.84696 4.235918 5.04507 5.670127 5.086816 4.987578 5.683487 5.992496 5.808946 6.708445 7.339807 7.980408 8.067755 8.236358 8.393864 8.801051 9.263617 9.397011 9.8578 9.973686 10.21609 10.22411 
  4.718257 3.711182 4.93504 4.895886 4.876259 4.829464 4.340031 4.91115 5.619831 6.472131 6.221248 6.9403 6.885847 7.655923 8.275204 8.089926 9.068301 9.263617 9.562266 9.810601 10.46842 9.993027 10.49961 
  4.016314 3.362038 4.600044 5.058632 5.520858 5.561608 4.043239 5.683487 5.757129 5.594387 7.501268 7.9209 7.980408 8.691259 9.038876 10.13896 10.09101 10.20738 11.0886 11.63499 11.91105 12.73783 13.7781 
  5.293116 4.118516 5.241218 6.018058 5.988457 5.126409 4.205125 4.955283 5.972882 6.199055 6.337247 7.467649 7.889345 8.502145 8.819927 8.95551 9.300734 9.709375 10.50155 11.25837 11.27361 12.22099 13.96055 
  5.639317 4.351279 4.381568 5.194254 4.702043 5.166001 5.581163 5.837955 6.425827 6.257571 6.986843 6.9403 7.843813 8.123914 8.546241 8.664031 9.579653 9.827948 10.31891 10.55222 10.50197 10.87147 11.98399 
  4.413065 4.021532 4.745694 5.289189 5.120162 5.185797 4.960597 5.948289 5.835585 5.516365 6.615645 7.036181 7.684228 7.618484 8.090686 8.416378 9.533167 9.40109 9.601403 9.728004 9.950833 10.21609 10.98051 
  5.084489 4.254295 4.600044 5.533309 5.590545 5.482529 5.28437 5.021483 5.972882 7.34875 6.986843 7.467649 8.299129 7.693362 8.929401 8.95551 8.682274 8.92338 9.770996 10.19914 10.60262 10.81404 11.04133 
  6.245168 5.19365 5.416207 6.018058 5.329221 5.640687 6.64988 6.373965 6.425827 7.689533 7.556871 7.820178 8.526786 9.636837 10.07888 9.49344 9.34722 10.15995 9.888406 10.22268 10.26712 10.24312 10.70683 
  6.418268 5.002851 5.766184 5.424811 5.224691 5.40345 6.785242 6.306697 7.219501 8.93907 9.391779 9.482096 10.5757 11.62255 12.32311 11.48378 10.88128 11.15595 10.71028 9.940215 10.33422 10.44077 11.10214 
  5.812417 4.907451 5.416207 5.153567 6.068039 5.106612 5.770031 6.643039 7.007855 7.803127 9.502986 11.39582 10.66677 9.967789 10.18836 10.83826 11.02074 11.06109 10.82769 10.64637 9.996538 10.67047 11.46705 
  5.206566 4.812051 5.503701 5.856475 5.311799 4.057409 5.203427 5.705554 6.372915 7.519142 9.725399 11.64762 10.53017 10.20418 10.46204 11.42999 12.08993 11.32195 10.86683 11.58791 11.20651 11.50316 12.50094 
  5.812417 5.57525 6.378645 5.937266 5.503437 5.324371 5.581163 5.396619 6.690385 6.723982 9.669796 11.84907 11.34974 10.86609 11.55679 12.8286 13.43804 12.45416 11.32737 12.29406 11.64265 11.53187 12.92666 
  3.924756 4.621251 5.67869 6.018058 4.806572 4.255372 4.717767 5.970356 6.637474 6.780779 9.113763 11.59726 11.03102 10.34602 11.11889 12.29067 12.27587 10.51566 10.22759 11.32899 10.90456 11.10117 12.10563 
  3.466967 3.497816 4.803955 5.492622 5.74971 5.561608 6.040754 5.970356 6.11018 8.087112 10.72626 11.19438 10.39358 10.53513 11.77573 12.72102 11.76452 9.780519 9.523129 9.987291 11.8104 12.6804 12.7138 
  3.650083 4.312486 5.416207 5.6141 5.398907 5.284779 5.419276 4.822883 6.267092 9.109461 11.61591 11.44618 10.53017 10.72425 11.99468 12.88239 11.85749 10.23109 9.549221 10.4816 12.04525 11.84772 12.16644 
  4.901373 3.885754 4.920475 5.357 5.43375 5.185797 4.582861 6.441234 6.425827 7.007967 8.168508 8.122345 7.356321 8.123914 8.655715 9.332061 8.979218 9.946519 9.953634 10.03437 9.973686 10.41205 10.91969 
  5.206566 4.487058 5.416207 5.937266 5.829292 4.651298 4.960597 5.374552 6.320004 7.519142 7.445665 7.467649 7.327808 8.218472 9.093613 10.08516 9.579653 9.377376 9.836224 10.55222 10.04224 10.58433 11.40623 
  6.072067 5.67065 6.203656 6.17964 5.224691 4.671094 5.905393 6.239429 7.536972 8.995867 7.723681 7.467649 8.253597 8.313029 8.600978 9.601026 9.719112 9.543376 10.04495 10.71698 10.60262 11.01503 11.80154 
  4.809815 5.76605 6.291151 7.149137 6.784281 7.064105 7.935814 8.392015 10.12964 11.72213 10.83746 9.68354 9.983793 9.684115 10.51678 10.83826 9.951546 10.0888 9.823178 10.24621 10.53552 10.38334 10.9501 
  4.535142 6.624649 7.0786 7.876261 7.739269 7.696735 8.477261 8.930161 10.87041 13.25565 11.94953 10.18715 10.30251 10.01507 11.50205 11.69895 10.4629 10.32595 9.87536 10.34037 10.43487 10.69919 10.67642 
  4.931892 4.428867 5.241218 5.519747 5.276956 5.40345 5.28437 5.683487 6.372915 8.768679 8.446524 6.636674 8.071471 7.80568 8.148954 8.585233 9.254248 9.448519 9.64054 9.598207 10.30067 10.46948 10.35461 
  4.260468 3.84696 4.978735 5.424811 5.670127 4.908649 5.837712 5.860022 6.372915 6.394109 6.894043 6.732556 7.769769 7.824399 8.1878 9.224475 8.904982 8.998988 10.25368 9.598207 10.46842 10.61305 10.50686 
  4.382545 3.963341 4.745694 5.343438 5.908874 4.492927 4.205125 4.756682 6.320004 6.452625 7.167649 7.769816 7.934876 7.917998 8.38203 8.168725 9.48668 9.519661 9.339684 9.267818 9.985112 10.67047 10.61561 
  5.985518 5.38445 4.93504 5.533309 5.670127 5.798844 5.311352 5.175951 5.090254 5.769935 7.501268 7.568372 7.441862 7.955437 8.929401 9.116889 8.504107 9.036793 9.144773 9.987291 10.00797 10.2972 10.46336 
  4.870854 5.09825 4.046573 6.341223 5.670127 7.538578 6.785242 5.573153 6.425827 6.413614 5.571651 7.068142 7.54166 7.187932 7.993571 8.022384 9.114788 9.169106 9.454337 10.29329 10.43487 10.55562 10.49236 
  6.072067 5.38445 5.591196 5.6141 6.306786 6.985026 6.311477 5.551086 5.992496 6.550152 6.847644 7.371768 8.162534 8.086474 8.022705 7.966099 8.415024 9.055695 9.614449 10.03437 9.459503 10.20257 10.76765 
  4.382545 5.76605 6.553634 6.098849 7.023027 7.301341 6.785242 5.175951 6.267092 7.121562 7.334458 7.669094 7.843813 8.218472 8.226646 8.794131 9.579653 9.40109 9.770996 9.916677 9.939407 10.09442 10.38361 
  4.59618 4.506454 4.235918 4.92301 6.784281 7.143184 7.123646 6.441234 6.84912 7.519142 7.946095 7.618733 8.253597 8.549423 8.022705 8.506433 9.068301 9.661947 9.653585 9.787002 9.74516 9.986267 10.76765 
  5.639317 5.67065 5.328712 6.502806 7.420939 7.696735 6.785242 6.710307 7.219501 8.200706 9.614193 7.719455 7.980408 8.502145 8.012994 9.009303 9.068301 9.40109 9.627494 9.610007 10.56907 10.61305 10.76765 
  5.466216 5.19365 6.028667 6.018058 5.908874 6.668711 7.326688 6.710307 6.84912 9.109461 10.33704 7.9209 8.9821 9.164048 8.655715 9.116889 8.949524 9.306232 9.293822 9.114423 9.950833 10.44077 10.70683 
  4.809815 5.38445 6.991106 6.987555 6.545533 7.38042 7.326688 6.239429 6.637474 9.734229 10.50385 8.122345 8.617848 9.164048 8.874664 9.332061 9.300734 8.781615 9.523129 9.739803 10.09937 10.0809 11.10214 
  5.176046 6.24305 7.428578 6.987555 7.023027 7.696735 7.462049 6.508502 7.272413 9.734229 11.05988 8.625956 9.164227 9.589558 8.819927 9.009303 8.875287 9.40109 9.213565 10.10498 9.962259 10.46948 11.43664 
  6.764469 5.86145 6.116162 7.068346 8.933004 9.278311 8.612621 7.38299 8.013177 9.90462 11.00427 10.69076 9.756135 9.873231 9.367299 10.30033 10.60236 9.519661 10.24064 10.45806 10.70327 11.04375 11.74072 
  11.61128 11.96704 10.2284 8.118635 7.739269 8.487523 8.341899 7.517527 8.806851 11.15416 11.94953 11.34546 11.75952 11.71711 13.25364 15.57204 16.4504 14.49736 12.40257 12.45883 12.85043 13.25467 13.50442 
  14.46743 14.54284 13.99066 13.2085 11.71839 10.70173 9.35711 9.535576 9.917996 11.32455 12.39436 11.74835 12.21483 12.47357 14.23891 17.21331 18.18903 17.22163 15.76259 16.30224 15.95939 15.74432 15.22903 
  14.81363 14.82904 14.9531 14.17799 11.79797 11.25528 10.84609 10.41006 11.24079 13.14206 13.06159 11.84907 13.48972 13.60826 14.95049 16.95416 18.49585 17.49406 16.7034 18.0121 17.95999 16.67686 16.19052 
  14.12123 14.44744 14.34063 13.45087 11.32048 10.30634 10.16928 9.871918 10.65876 13.93722 14.64659 11.79871 13.62631 13.89193 15.45949 17.81799 19.31403 18.17513 16.569 18.0121 18.13395 17.70265 17.39239 
  14.12123 14.16124 13.55319 12.31979 10.44507 9.515547 9.492472 9.535576 10.50002 12.74448 13.50642 12.00015 12.85228 14.03377 16.45491 17.64523 20.13221 19.53726 17.91301 18.35407 18.3949 18.44868 18.11351 
  13.86158 13.58884 12.85323 11.10792 9.569664 8.566602 8.747983 8.728356 9.283056 10.75658 11.61591 11.64762 14.18133 14.3991 15.81499 18.42267 20.02993 19.53726 19.66022 19.26599 18.65585 18.91495 18.75451 
  13.68848 13.20724 12.32826 10.13842 8.535093 8.250286 9.018706 9.266502 9.283056 10.3022 11.4491 12.60449 14.08883 13.89193 16.3127 17.64523 19.51857 19.67348 18.98821 19.72195 19.61266 19.19471 19.075 
  13.68848 13.11184 12.24077 10.05763 9.09217 9.041075 9.492472 10.07372 10.18255 11.77892 12.72798 12.25196 15.29138 14.84608 15.9572 17.64523 19.31403 19.26484 18.71941 19.94993 19.8736 19.38122 19.47563 
  14.03468 13.68424 13.3782 12.07742 10.84298 10.38541 9.289429 10.74641 10.60585 12.2901 12.78358 13.41027 14.92137 14.77158 16.59711 18.16352 20.74584 20.76318 19.12262 20.06392 19.61266 19.84748 19.55575 
  14.29433 14.92444 14.8656 13.85483 12.59379 11.5716 11.92898 11.95724 13.03978 15.02931 14.45742 13.91388 15.19888 15.51655 17.37922 19.2865 21.46175 20.8994 19.12262 19.60796 19.17774 19.10146 19.23525 
  14.98673 16.35544 16.17802 15.63224 14.58335 13.7858 13.07955 13.70621 14.95022 18.08719 17.95708 16.19411 17.23396 17.08099 18.58794 19.54564 21.05266 20.21833 18.18181 18.35407 18.13395 17.7959 18.35388 
  15.59259 17.237 17.29611 17.12373 15.77709 14.89291 14.16244 14.6847 15.71439 19.07008 18.43001 16.80802 18.99154 17.97496 19.29896 19.89117 19.51857 17.22163 16.8378 16.87219 16.65525 17.14313 16.99177 
  16.11189 17.78242 18.23531 18.24136 16.74144 15.52183 15.13452 15.10068 16.60593 19.72534 19.1867 17.33423 19.26905 18.86892 19.65446 20.2367 19.31403 15.99571 14.82179 16.07426 16.30732 15.93083 15.4694 
  16.44217 17.9415 18.772 18.83304 17.54507 16.12479 15.21245 15.41267 16.86065 20.16218 19.65962 17.59733 18.89904 18.57093 19.86777 20.15032 18.90494 14.22494 13.61218 15.50431 16.04638 14.62528 14.4775 
  16.58887 18.14603 18.99562 19.16176 18.10761 16.57701 15.9138 15.93266 17.11537 20.05297 19.47045 18.21124 18.71403 18.57093 19.86777 19.89117 18.2913 12.31795 13.61218 15.16233 15.52448 14.06576 13.96055 
  16.59935 18.16876 18.9509 19.42473 18.50942 16.65238 16.22552 16.24465 17.62482 20.16218 19.65962 18.82515 18.43652 18.42194 19.58336 19.2865 17.88221 11.98595 13.47778 14.82036 15.26354 13.59923 14.90853 
  16.6203 18.16876 18.99562 19.6877 18.75051 16.95386 16.4593 16.55664 18.13427 20.48981 19.56504 19.17595 18.0665 18.12395 19.22786 18.68182 17.47312 11.72509 13.47778 14.82036 15.52448 13.9725 15.4694 
  16.6203 18.10058 18.90617 19.81918 18.9916 17.17998 16.53723 16.76464 18.64372 20.70823 19.47045 19.43906 17.88149 17.90046 18.51684 17.90437 16.55267 11.27452 12.94018 14.25041 15.17655 13.59923 15.95015 
  16.59935 18.00968 18.772 19.81918 18.9916 17.25534 16.61516 16.97263 19.15317 20.81743 19.56504 19.35135 17.14146 17.37898 17.37922 17.29969 15.73449 11.32195 12.26817 13.33849 13.92402 13.08239 16.35077 
  16.59935 17.9415 18.72728 19.88493 18.9916 17.25534 16.61516 17.07663 19.53526 20.59901 19.84879 19.00055 16.40143 16.783 16.59711 16.60863 14.97209 11.46423 11.86497 12.88253 13.65562 14.15901 16.91164 
  16.56791 17.8506 18.72728 19.75344 18.9916 17.25534 16.69308 17.38862 20.0447 20.48981 20.13255 18.47434 15.7539 15.96354 15.74389 15.83119 14.69317 11.10852 11.59617 12.50591 14.02467 15.37131 16.91164 
  16.57839 17.78242 18.72728 19.62196 18.91123 17.33072 16.84894 17.80461 20.42679 20.27139 20.03797 17.07112 15.01387 15.29306 15.45949 15.1417 14.69317 11.39309 11.04946 11.91745 14.19241 15.93083 16.59114 
  16.6203 17.73697 18.772 19.42473 18.83087 17.40609 17.08273 18.42859 20.68152 20.05297 19.37587 16.10641 14.27384 15.06957 15.45949 14.60377 14.50723 11.01366 11.12774 11.89391 14.39371 16.49035 16.83152 
  16.58887 17.71424 18.81672 19.42473 18.83087 17.33072 17.39444 19.26056 20.80888 20.16218 19.09211 15.2294 13.62631 14.69708 15.27891 14.28101 14.27479 11.15595 10.95814 11.94099 14.32661 16.49035 16.83152 
  16.59935 17.62334 18.81672 19.35898 18.83087 17.40609 17.55029 19.88454 20.80888 20.05297 18.61918 14.61549 13.39865 14.3246 14.84102 14.11963 14.04236 10.72909 10.22759 11.51729 14.65466 16.77011 16.99177 
  16.60983 17.60061 18.81672 19.42473 18.83087 17.40609 17.78408 19.98854 21.0636 20.16218 18.33542 14.17698 13.26206 13.98649 14.62207 14.11963 14.08885 10.46823 10.17541 11.56437 14.82862 16.5836 17.07189 
  16.60983 17.57789 18.81672 19.42473 18.91123 17.40609 17.86201 20.09254 21.0636 20.16218 17.57874 14.08928 13.07993 13.89193 14.62207 14.22722 14.08885 10.49195 10.18845 11.96452 15.26354 16.30384 16.75139 
  16.6203 17.55516 18.772 19.49047 19.15232 17.48146 17.93994 20.09254 20.93624 20.48981 17.67333 14.00158 12.98887 14.1756 15.00523 14.44239 14.18182 10.89509 10.01886 13.11051 15.69845 16.3971 16.83152 
  16.65174 17.48699 18.68255 19.55621 19.39341 17.55683 18.09579 20.30053 20.80888 20.59901 18.33542 14.17698 13.0344 14.54809 15.38839 14.65756 14.36777 10.96623 9.979725 14.47839 16.74224 16.3971 16.67127 
  16.66222 17.46426 18.54838 19.62196 19.87559 17.93368 18.32958 20.40453 20.80888 20.38059 18.61918 14.79089 13.39865 14.92058 15.67279 15.1417 14.69317 10.91881 10.44937 15.04834 17.09017 16.30384 16.51102 
  16.63078 17.48699 18.36949 19.88493 20.43813 18.61201 18.64129 20.71652 20.80888 19.72534 19.09211 15.5802 13.90382 15.14407 16.0283 16.00396 15.3254 11.74881 10.345 16.07426 17.52508 16.3971 16.59114 
  16.54695 17.46426 18.10114 20.01641 20.83994 19.36572 18.79715 20.71652 20.68152 19.17929 19.37587 17.07112 14.73636 15.06957 16.59711 16.95416 16.14358 12.8628 11.19296 16.53022 17.78602 16.3971 16.51102 
  16.49456 17.35063 17.74335 19.6877 20.75958 20.04405 18.87508 20.61252 20.42679 18.30561 18.71377 18.21124 16.03141 15.51655 17.30812 17.99076 17.06403 13.40766 11.16687 16.7582 17.87301 16.49035 16.1104 
  16.42121 17.12337 17.43028 19.16176 20.51849 20.11942 19.03093 20.82052 20.42679 17.97798 18.05167 18.82515 17.60398 16.11253 18.09024 19.63202 18.70039 14.906 11.59617 16.18825 17.52508 15.93083 16.27065 
  16.40025 16.94157 17.29611 18.7673 20.35776 20.19479 19.34265 21.02851 20.42679 17.75956 17.29498 19.00055 18.89904 16.48502 17.87693 20.755 20.02993 15.45086 13.74658 15.6183 16.9162 15.65107 15.4694 
  16.36882 16.82794 17.16194 18.50433 20.19704 20.04405 19.34265 21.13251 20.42679 17.21351 16.72747 18.82515 19.45406 16.63401 17.52143 21.01415 20.5413 15.31464 14.82179 15.96027 17.09017 15.65107 15.38927 
  16.42121 16.78249 17.11722 18.37284 19.95595 19.81794 19.18679 20.92451 20.17207 16.77667 16.34913 18.47434 19.36156 16.783 17.52143 20.84138 20.33675 15.17843 14.68739 15.96027 17.17715 15.46456 14.8284 
  16.48408 16.80521 17.11722 18.3071 19.79523 19.74257 19.03093 20.50853 19.66262 16.55825 16.15996 18.12354 19.26905 16.8575 17.73473 20.66862 20.13221 15.58707 14.14978 15.16233 16.30732 14.99829 14.50791 
  16.53647 16.78249 17.11722 18.10987 19.55414 19.6672 18.87508 20.30053 18.77108 16.33983 15.97079 17.59733 18.89904 16.70851 17.87693 20.40947 19.82539 15.45086 13.61218 14.82036 15.87241 14.15901 14.26464 
  16.59935 16.75976 17.07249 17.91264 19.31305 19.51645 18.87508 20.40453 18.13427 16.0122 15.59244 16.80802 18.34401 16.55951 17.80583 20.15032 19.4163 15.58707 12.80577 14.70637 15.69845 13.91508 13.65646 
  16.70413 16.78249 17.07249 17.71541 18.91123 19.36572 19.03093 19.98854 17.75219 15.46615 15.11952 16.28181 17.60398 16.33602 17.59253 19.71841 18.90494 15.31464 12.26817 13.90844 14.74164 13.51309 13.29156 
  16.84035 16.85067 17.11722 17.71541 18.58978 19.29034 19.34265 19.57255 16.73329 14.81089 14.74117 15.5802 16.86395 15.51655 17.16592 19.11373 18.39357 15.17843 11.59617 13.11051 14.25951 13.1111 13.26115 
  16.93466 16.89612 17.02777 17.64967 18.18797 18.83812 19.26472 19.15656 15.07758 14.37405 14.17366 14.70319 16.21642 14.47359 15.9572 17.64523 16.96176 14.08872 10.35805 11.98806 13.15238 12.73783 13.0787 
  16.94514 16.91884 16.84888 17.45244 17.7058 18.46127 18.71922 17.28462 13.6766 13.76682 13.39521 14.44009 15.7539 13.70282 14.29364 15.57204 15.01858 13.8163 10.46241 11.91745 12.71624 12.79526 12.83543 
  16.85083 16.73704 16.44636 16.86076 17.06289 18.08442 18.79715 15.82866 12.72231 13.02846 12.39436 13.05774 14.27384 12.47357 12.70627 14.49618 15.12085 13.40766 9.927543 12.19991 12.54849 11.93386 12.13604 
  16.78796 16.75976 15.82804 15.87461 16.25927 16.95386 17.47237 14.5807 11.71699 12.00611 11.5047 12.4534 13.48972 12.89908 12.65153 14.44239 14.73966 13.68008 10.41023 12.67068 12.31364 12.02 11.80154 
  16.58887 16.45084 14.51562 14.17799 14.98127 15.44646 14.43316 12.22631 11.2937 11.32455 10.33704 10.99293 12.26037 11.52799 11.44731 13.52791 13.15912 12.45416 9.549221 11.21129 11.27361 11.24474 10.76765 
  16.28499 16.35544 13.20321 11.51188 13.23045 13.62764 12.67347 10.81367 9.970908 9.90462 9.336176 9.68354 11.07655 10.62969 10.51678 10.5693 12.04344 11.67766 9.236496 10.85822 10.87101 10.49819 10.70683 
  15.59259 15.59224 11.89079 8.764967 11.63881 12.91594 12.06434 10.67914 9.38888 9.507041 8.279715 8.77704 9.346352 9.731394 9.203087 8.551462 10.13749 9.875376 9.836224 10.10498 10.60262 11.10117 11.19337 
  14.29433 14.16124 9.965916 8.118635 9.808411 12.75778 11.92898 10.41006 9.124321 9.734229 8.112905 8.978484 9.482946 8.927654 9.203087 9.708611 9.48668 10.0888 10.27977 10.29329 10.66972 12.07742 12.0144 
  12.04403 12.06244 9.528443 7.472303 9.251334 11.80883 10.37232 8.392015 7.431149 8.257504 6.986843 7.769816 8.708912 8.785817 8.491504 7.99987 9.254248 8.706007 9.442872 9.893138 10.26712 10.32591 10.38361 
  9.274424 9.295846 7.516072 7.633886 7.261775 8.961996 8.544941 6.239429 6.902032 6.95117 7.668078 8.122345 8.9821 8.880375 8.76519 8.901717 8.830746 9.543376 9.836224 10.03437 10.23357 10.24988 10.67642 
  8.755122 7.864847 6.991106 6.906764 7.023027 10.0691 9.221748 7.652063 6.690385 7.405547 7.390062 8.575595 9.482946 10.10962 10.95468 10.83826 13.29858 13.54387 12.80577 11.98806 11.37426 11.12988 10.9501 
  10.91888 10.15445 9.703432 7.31072 8.375928 10.30634 9.086387 8.324746 7.325325 7.405547 7.779284 9.733902 11.03102 12.00078 12.87048 12.45205 15.42767 15.45086 14.41859 13.68046 13.21948 12.10614 11.83195 
  11.17853 11.68084 9.790926 7.633886 7.182192 7.933971 7.191326 6.373965 6.954943 6.723982 7.501268 8.021622 8.572317 8.549423 8.929401 9.009303 10.27695 10.0888 9.862314 9.8578 9.962259 10.61305 11.22378 
  11.17853 10.15445 8.566005 8.037844 6.943445 6.747789 6.717561 5.815888 6.425827 7.064764 7.223252 7.435689 7.980408 8.549423 8.491504 8.95551 9.672626 9.638233 9.810132 10.03437 10.07652 9.945711 10.70683 
  10.13993 8.914247 7.428578 7.553095 7.659687 7.064105 6.176116 5.926222 6.425827 6.413614 6.940443 7.195984 7.798282 8.049035 8.304338 8.847924 9.300734 8.677654 9.408476 9.586409 10.16647 10.35463 10.38361 
  11.35163 9.963645 8.128532 8.603384 7.420939 6.985026 6.5822 6.172161 6.478738 5.711419 6.801244 7.9209 8.117002 8.067755 8.491504 8.740338 9.207761 9.131302 9.465803 9.893138 10.20002 10.24988 10.70683 
  10.31303 9.963645 8.128532 7.229929 7.10261 7.459499 5.716069 6.441234 5.835585 6.589163 7.056442 7.403728 7.384835 8.123914 8.139243 9.278268 8.919829 9.244715 9.385545 9.763403 10.36777 10.38334 10.58661 
  9.880275 8.532646 7.516072 6.745181 6.704698 6.510553 5.770031 6.373965 6.149408 6.296582 5.85005 6.892359 6.957131 8.360308 8.071262 8.740338 9.114788 9.306232 9.144773 10.12852 10.26712 9.864598 10.15886 
  9.101323 8.437246 6.991106 7.31072 5.908874 5.798844 6.176116 6.172161 5.737515 6.199055 5.89645 7.020201 7.370578 6.925857 7.964437 8.438892 9.161274 9.495947 9.901451 10.24621 10.46842 10.24988 10.70683 
  9.101323 8.341846 6.728622 7.068346 6.147621 5.719765 5.608144 5.418686 6.796208 6.628174 6.847644 7.180004 7.213753 7.76824 8.05184 8.540205 9.207761 9.353662 9.653585 10.03437 9.985112 9.891636 10.49236 
  9.274424 8.055647 7.0786 5.937266 5.829292 4.334557 5.837712 6.441234 5.227552 6.569658 6.754844 6.828438 7.342065 7.187932 7.896456 8.382607 8.949524 9.178557 9.282357 9.751603 10.13292 10.29044 10.73724 
  8.408922 7.483248 6.728622 4.895886 5.486015 5.719765 6.311477 6.172161 6.227864 6.894373 6.847644 6.796477 7.798282 7.78696 8.178089 8.247523 8.949524 9.263617 9.397011 9.621807 10.23357 10.09442 10.47786 
  8.668572 8.151047 6.378645 5.6141 5.908874 6.905947 5.973073 5.970356 6.743297 7.291953 7.056442 6.444911 7.170983 7.618484 7.974148 8.202496 9.254248 9.188008 8.789347 9.480211 9.939407 10.27016 10.59386 
  8.755122 8.341846 6.641129 5.533309 5.520858 4.69089 6.176116 5.440753 5.502147 7.064764 6.801244 7.419709 7.641458 7.861839 8.158666 8.573976 8.949524 9.353662 9.653585 9.940215 10.30067 10.13497 10.57211 
  7.54342 6.529249 6.028667 5.6141 6.625116 5.482529 5.770031 6.037624 6.743297 6.667185 6.244447 6.95628 7.980408 8.26575 7.993571 9.009303 9.62614 9.273067 9.627494 9.680805 9.92798 10.16201 10.58661 
  7.629971 7.387848 6.028667 4.787388 5.329221 5.264982 5.905393 5.815888 5.815971 6.238066 7.167649 6.860398 7.327808 7.450006 7.779919 8.48392 8.474413 8.715458 9.167704 9.409413 10.30067 10.44077 10.79806 
  8.235822 6.624649 4.774825 6.018058 5.311799 4.552316 4.636824 5.705554 6.267092 5.53587 6.917243 7.820178 7.726998 8.171192 8.546241 8.101183 8.118079 9.1124 9.37408 9.751603 9.368093 10.22285 10.36911 
  8.062721 6.147649 5.591196 6.098849 5.670127 5.640687 6.176116 6.373965 6.070952 5.808946 6.963643 7.719455 7.54166 8.26575 8.343184 8.585233 8.949524 9.519661 9.549221 10.03437 10.30067 10.81404 10.31836 
  7.110669 6.910849 5.67869 6.260432 6.545533 5.957002 5.905393 5.970356 5.011798 7.007967 6.522846 7.618733 7.741255 7.450006 7.760496 8.95551 8.904982 9.178557 9.064515 9.916677 10.20002 10.67047 10.55761 
  6.677918 4.716651 4.978735 6.098849 5.276956 5.719765 6.243796 6.239429 5.815971 6.780779 6.824444 7.769816 8.117002 8.502145 8.343184 8.551462 9.068301 9.40109 9.133307 9.397614 10.0651 10.06062 10.21686 
  5.466216 4.254295 4.978735 5.6141 5.050475 4.354353 5.527201 5.970356 6.149408 6.894373 6.847644 7.518011 7.441862 7.917998 8.38203 8.416378 8.979218 9.329947 9.705768 9.893138 9.756587 10.27016 11.01092 
  6.851019 6.24305 4.439829 5.357 4.876259 4.195983 4.663805 4.558081 5.149096 6.355098 7.223252 7.036181 7.456119 8.171192 8.003283 8.847924 9.207761 8.970635 9.259426 9.739803 9.87085 10.22285 10.88928 
  7.110669 5.57525 4.687434 5.6141 5.172426 5.245186 6.243796 4.933217 5.874813 6.257571 6.174848 6.604714 7.413349 8.171192 7.809053 8.011127 9.038607 9.590804 9.536175 9.728004 10.13292 10.64176 10.67642 
  5.725867 5.289051 4.978735 5.694892 5.033053 4.908649 4.933616 5.926222 5.835585 6.257571 6.198048 6.604714 7.199497 8.360308 8.05184 8.573976 8.504107 9.353662 9.316753 9.657206 9.950833 10.52691 10.73724 
  5.206566 5.86145 5.153724 5.031508 5.670127 5.719765 5.230409 6.306697 5.914041 6.140538 6.847644 7.307847 7.356321 7.992876 8.874664 8.540205 8.979218 9.244715 9.236496 9.315017 9.950833 10.35463 10.39086 
  6.158617 4.506454 4.148528 5.384125 5.590545 5.205594 4.474936 5.308352 5.600217 5.418838 7.223252 7.339807 7.980408 8.360308 8.710453 8.382607 8.75651 8.980086 9.362615 9.704405 9.916554 10.15525 10.64602 
  6.937569 5.38445 4.920475 5.533309 5.590545 5.719765 5.50022 6.172161 6.690385 6.589163 7.056442 7.518011 7.669971 7.450006 8.178089 8.438892 8.726815 9.448519 9.385545 10.01083 10.23357 10.69919 10.73724 
  5.725867 5.289051 4.745694 5.194254 5.189848 4.294964 5.230409 6.57577 5.639445 7.405547 7.334458 7.259906 7.18524 7.80568 8.236358 8.901717 8.75651 9.273067 9.627494 9.916677 9.813718 10.41205 10.73724 
  4.718257 4.506454 4.93504 5.099319 5.050475 4.84926 4.744748 5.882089 6.796208 7.121562 7.278855 7.568372 7.313551 7.730801 8.38203 8.686545 9.068301 8.942283 9.259426 9.963754 10.30067 10.22285 10.57211 
  5.639317 4.060326 5.241218 4.841637 5.346642 5.304575 4.825691 5.617287 5.541375 6.062517 6.406846 7.180004 7.641458 7.955437 8.600978 9.063096 8.652579 9.353662 9.549221 10.12852 10.13292 10.23636 10.98051 ]
