 [
  5.898797 7.334609 7.490177 7.586725 8.035492 7.163402 7.537557 6.570119 7.167756 7.996913 8.810441 7.205644 7.732025 7.863894 7.997267 8.544142 9.17291 9.036777 9.478503 9.65051 10.17989 10.36563 11.04922 
  5.870609 7.249896 7.329365 7.741762 7.868038 7.984784 7.366319 6.041163 6.898485 7.66359 9.019539 8.269388 8.121612 8.318561 8.566008 8.689776 9.316035 9.528398 9.662494 10.29552 10.2599 10.50809 10.8683 
  5.985727 6.57219 7.731394 7.044094 7.281948 7.89333 8.05127 7.455691 7.495371 7.548922 8.492823 8.494758 7.985256 7.985138 8.460686 8.442197 8.873649 9.641849 9.196385 9.68786 10.17189 10.74933 10.94583 
  4.348447 6.233337 6.253605 6.811538 7.700583 7.801875 7.937112 7.687292 6.662883 7.66359 8.531645 8.225066 7.712545 8.257938 8.186848 8.675213 9.133876 9.150229 9.613429 9.70031 10.33393 10.06035 10.80215 
  5.08134 6.741616 7.007741 6.553291 6.488555 6.897371 7.651715 7.301291 6.922045 7.204917 8.02696 8.904927 8.807202 8.076072 8.776653 9.010174 9.483548 9.909259 10.72673 10.83019 10.2599 9.948409 11.02337 
  5.898797 6.911043 7.007741 7.431687 7.017484 6.09928 6.45305 7.06969 6.827804 7.24314 7.794029 8.426395 7.770984 8.500427 8.544944 8.675213 8.834615 9.150229 9.772887 9.75011 10.2519 10.3758 10.85885 
  5.165904 5.461887 5.981904 5.409629 6.180014 6.205692 6.338891 6.364414 6.733563 7.166695 7.211701 8.003452 7.86838 8.500427 8.629202 8.544142 8.7045 9.263679 9.527567 9.96176 10.60536 10.50809 10.85885 
  4.489388 5.144231 4.929062 6.590184 6.091859 5.83325 6.281812 6.658279 6.380162 6.860913 7.17288 7.826162 7.459314 7.742649 8.502815 9.141245 8.977739 9.855777 9.87887 9.86216 10.2359 10.49792 10.78325 
  4.320259 5.371128 5.506427 6.184368 5.166234 5.567219 6.224732 6.217482 6.780684 6.24935 7.328167 7.338612 7.673587 7.530471 7.512784 9.024736 9.133876 9.301496 9.220918 10.16096 10.33393 10.3351 10.8494 
  5.786044 5.461887 4.895099 5.409629 4.857693 6.36531 6.281812 6.48196 5.579117 6.6698 7.211701 7.471581 7.478794 7.469849 8.228976 8.893665 8.587399 9.036777 9.931862 10.19831 10.13988 10.58046 10.34857 
  4.433012 4.508919 5.370576 5.926122 6.444478 4.822334 5.083147 6.276255 6.474402 6.82269 7.095236 7.693193 7.400876 8.530739 8.123654 8.558704 9.094842 9.314101 9.984853 10.29552 10.58069 10.62871 10.41472 
  5.588727 4.41816 4.555473 6.221261 6.57671 6.258898 5.711019 5.864844 6.497962 7.166695 7.328167 7.604548 7.147645 8.409494 8.144718 8.544142 8.496319 9.125017 9.503036 9.51356 10.53134 10.53222 10.63206 
  5.673292 4.554298 4.38566 5.778553 5.915549 5.247983 5.711019 6.48196 6.662883 6.708022 7.794029 8.136421 7.926818 8.167006 8.250041 8.587831 8.613421 8.835087 9.527567 9.75011 10.38328 10.41651 10.49032 
  6.50731 5.461887 4.759249 6.258153 6.753019 6.152486 5.939336 6.834598 6.615763 7.090249 6.668196 7.515903 7.926818 7.530471 8.460686 8.864538 9.792552 9.962741 9.564365 9.65051 10.53134 10.86995 11.17845 
  5.532351 4.690436 4.453585 5.483414 5.651085 5.460807 4.968988 5.247728 5.414196 5.40845 6.047046 6.718095 7.108686 7.530471 8.228976 9.270019 8.977739 9.061989 9.233184 9.82481 10.2359 10.30457 10.68876 
  6.768102 5.961061 5.132838 5.704768 5.607008 5.088364 4.398195 5.747298 6.686443 5.217337 6.12469 7.338612 7.459314 7.591093 8.818782 8.879102 8.79558 9.37713 9.772887 10.19831 10.2519 10.50809 10.50921 
  7.898198 6.05182 5.981904 6.184368 5.518853 5.620425 5.368543 6.452574 5.861839 5.867123 6.707017 7.028353 7.556711 8.598285 8.418557 8.70434 9.068819 9.748813 9.527567 10.34413 10.2359 10.39615 11.10091 
  7.028893 8.266454 7.8118 6.516399 7.017484 6.684547 8.224178 7.610091 7.90489 8.913553 8.531645 8.563119 9.094595 9.206194 8.818782 8.70434 9.58655 9.748813 9.380375 9.46376 10.16389 10.79758 11.23014 
  8.24592 8.097027 7.650989 7.741762 8.3704 7.642256 8.483541 7.841692 9.542966 10.83016 10.20442 10.47725 10.45971 10.42201 9.945401 9.785115 9.844052 10.01622 10.03784 10.29552 10.40796 10.74933 10.82105 
  7.724337 7.758174 6.525306 7.199131 7.951765 8.442058 8.915811 7.996093 9.952485 10.49684 10.20442 11.02414 10.96264 10.62465 10.4093 11.00847 10.82257 10.60453 10.72673 11.26765 10.95083 11.06294 11.07506 
  6.855032 6.402764 6.355493 7.509206 8.035492 9.082241 10.21262 10.2349 10.362 11.91347 11.8772 12.5281 12.61515 12.1782 12.19864 11.78111 11.59507 11.62069 11.83955 12.77445 12.08592 12.48625 12.44489 
  5.898797 5.734163 6.927335 7.664243 8.621582 9.173697 10.47198 10.8525 11.50866 11.83013 12.0166 13.07499 13.62102 13.39402 13.52407 12.61814 12.93409 12.79729 13.27032 13.69797 13.68519 13.33059 13.60796 
  5.278657 6.402764 6.083792 7.354168 8.872764 9.813879 10.99071 11.7017 11.50866 11.9968 12.3651 13.69024 13.90841 13.86683 13.78916 13.45517 13.7066 13.86693 13.53528 13.84379 14.16539 14.77876 15.2662 
  4.855834 6.57219 7.088147 7.741762 9.87749 10.36261 11.9417 12.39651 12.73721 12.99677 13.27118 13.48516 14.1958 14.67738 14.12052 13.71272 14.94262 14.66916 14.33015 14.96173 14.85902 15.37016 16.22763 
  5.842421 6.142579 7.248959 8.43943 9.458854 9.813879 12.02815 11.7789 12.98293 13.49675 14.31667 13.96369 14.69874 14.67738 13.98798 14.16343 15.20012 14.82961 14.6481 15.59361 15.71271 15.84328 16.54811 
  5.673292 6.142579 6.927335 8.749505 8.872764 10.54552 11.33652 11.5473 13.14673 14.41339 14.52577 15.26256 14.98613 14.81247 14.71697 14.67853 15.45762 15.09702 14.86006 15.59361 15.81942 16.13899 16.86859 
  5.504162 6.187958 6.525306 7.586725 9.123945 10.54552 11.07716 11.7789 12.4096 14.41339 15.22276 14.78403 15.34537 15.01511 15.31341 15.19362 15.71513 15.09702 15.12502 15.15616 15.23251 16.31641 17.12498 
  5.898797 6.097199 7.650989 8.206874 10.04494 11.36861 11.07716 11.8561 11.91818 13.74674 14.17727 13.96369 14.62689 15.1502 14.84951 15.45117 15.35462 15.31095 15.01904 15.54501 15.49929 16.61211 17.76593 
  8.33285 8.266454 7.731394 10.29988 10.04494 10.54552 10.38553 12.47371 13.31054 14.24673 15.29246 15.26256 15.27353 15.28529 15.71104 15.38678 15.66363 15.68532 14.91306 15.93386 15.92613 16.78953 18.21461 
  8.24592 9.367725 10.30438 10.76499 10.71476 12.00879 12.46042 12.93691 14.7029 15.58002 15.50156 15.33092 15.48907 15.75811 15.71104 15.77311 16.24276 16.00622 15.60194 16.12828 16.03284 16.73039 17.57365 
  9.897599 11.40084 12.31453 13.09055 12.9754 14.0208 14.44887 14.78971 16.01336 16.16334 16.75614 16.76652 16.99788 17.33637 17.46243 17.18962 17.41234 16.94235 16.13186 16.60162 16.45969 16.96695 17.89413 
  12.59244 12.67154 13.76184 14.02078 14.48248 15.11826 15.48631 16.25652 16.99621 17.32997 17.5914 17.87762 18.51163 17.76253 17.30156 16.99646 16.65212 17.32135 16.68111 17.06884 16.77982 17.32179 18.08641 
  11.897 12.50211 11.67128 12.70296 11.88694 12.10025 13.0656 13.32291 13.96577 14.91338 14.45607 15.33092 16.42309 15.42038 15.24714 16.09504 16.00885 16.67705 16.5028 16.75736 16.13955 16.55297 17.25317 
  12.67937 13.17982 12.95778 13.16807 13.64521 14.47807 14.44887 14.86691 13.63815 14.83005 15.36216 13.82697 14.77059 14.74492 14.18679 15.25801 15.25162 15.09702 14.6481 14.7187 14.00533 14.12821 14.17657 
  15.37422 16.14478 15.28955 14.64093 14.81739 15.66698 15.57277 16.33372 15.52194 14.99671 13.89848 14.64731 15.92016 13.39402 13.98798 15.64433 15.25162 14.5622 15.284 15.98246 13.73855 13.49946 13.76303 
  18.51377 19.23802 18.26996 19.21938 20.42636 20.97367 20.57726 20.60802 19.9121 17.49663 16.40765 17.40612 18.04261 17.22983 18.0523 18.10445 16.03809 15.89925 17.08838 17.48414 14.69895 13.89165 14.68933 
  19.06364 19.27288 18.99631 20.13791 21.64002 22.54034 22.22755 21.96865 21.77167 18.92935 17.78497 18.20023 19.16104 18.24195 19.44653 19.2654 16.88603 17.09395 16.86908 16.86118 14.85902 14.36478 14.88162 
  18.93426 19.02885 18.82337 19.70566 21.46664 22.69196 22.29102 22.3088 22.33762 19.72856 17.84028 17.65428 18.83634 18.77465 19.87552 19.29678 16.68136 17.09395 17.65231 17.19862 14.6456 13.65509 14.30476 
  18.80488 18.85454 18.7196 19.4355 21.17768 22.48981 22.54492 22.13873 22.33762 19.92836 17.6467 17.20759 18.83634 19.14753 20.03639 19.10851 16.06733 17.24555 17.77762 17.12075 15.1258 14.30564 14.68933 
  18.6755 18.68024 18.58125 19.27341 20.88871 22.28765 22.54492 21.71353 21.85252 19.84844 17.31373 17.10833 18.90849 19.46715 19.8219 18.66924 15.71513 17.51085 18.05958 17.04288 14.43217 14.48306 14.94572 
  18.61081 18.61052 18.51208 19.27341 20.71533 22.28765 22.79881 21.62849 22.01422 20.32797 17.89558 17.2324 19.26928 19.94657 19.98277 18.63786 15.92113 17.32135 17.93427 17.35436 13.95197 13.89165 14.56114 
  18.57846 18.50593 18.37372 19.16535 20.59974 22.23712 22.86228 21.37337 22.17592 20.28801 18.08916 17.45575 19.19712 20.10638 20.14364 18.16721 16.47668 17.05605 18.52952 17.43223 13.68519 13.83251 14.75343 
  18.54612 18.40135 18.37372 19.16535 20.48415 22.33819 22.98923 21.71353 22.49932 20.36793 18.19977 17.80317 19.55791 20.47927 20.51901 19.01439 17.23691 18.76153 18.37288 17.84753 14.00533 13.49946 14.75343 
  18.44908 18.36649 18.40831 19.16535 20.31077 22.48981 23.11617 22.05369 22.41847 20.44785 18.33803 18.05133 19.30536 20.26619 20.57263 18.76337 17.70474 18.72363 18.46686 17.89945 14.37882 14.12821 14.94572 
  18.38439 18.29676 18.40831 19.05728 20.25298 22.43927 22.98923 21.79857 22.09507 20.32797 17.89558 17.72872 19.19712 20.21292 20.41176 19.07714 17.09071 18.00354 17.55832 16.96501 13.89862 14.36478 15.2662 
  18.35205 18.29676 18.4429 19.00325 20.19518 22.43927 22.92575 21.71353 21.77167 20.56773 18.0062 17.87762 19.63006 20.53254 20.67988 19.35953 17.14919 17.92774 18.02826 17.74371 14.32546 13.77337 14.56114 
  18.28736 18.2619 18.4429 18.94922 20.19518 22.33819 22.73533 21.45841 21.52912 20.64765 17.89558 17.67909 19.16104 20.21292 20.46538 19.23402 16.4182 17.43505 18.05958 17.74371 13.73855 13.52358 14.62524 
  18.22267 18.22704 18.51208 18.94922 20.25298 22.33819 22.60839 21.03321 21.60997 20.64765 18.11681 17.80317 18.98065 20.05311 20.57263 19.29678 16.73983 17.54874 17.49566 16.96501 13.41842 14.42392 14.75343 
  18.19032 18.19218 18.4429 18.89519 20.19518 22.33819 22.67186 21.11825 21.36741 20.28801 17.92324 17.55501 18.61987 19.7335 20.14364 18.73199 16.21352 17.32135 17.55832 17.5101 14.21875 13.23409 14.30476 
  18.15798 18.15732 18.40831 18.84116 20.19518 22.28765 22.48144 20.86313 21.44826 20.84745 18.03385 17.65428 18.65594 19.78677 20.41176 19.01439 17.70474 18.87523 18.43553 18.05519 14.27211 13.59595 14.56114 
  18.09329 18.12246 18.37372 18.7331 20.19518 22.23712 22.3545 20.86313 21.36741 20.68761 17.81262 17.77836 18.65594 19.7335 20.30451 19.10851 16.76907 18.30674 17.46433 16.7314 13.17166 13.57183 14.02149 
  18.02859 18.05274 18.30455 18.62503 20.19518 22.13604 22.29102 20.60802 21.28656 20.56773 17.81262 17.65428 18.87241 19.84003 20.14364 18.88888 15.76663 17.24555 16.64978 16.32271 13.52513 13.83251 14.43295 
  17.99625 18.01788 18.26996 18.51697 20.13739 22.03497 22.03713 20.43794 21.12486 20.36793 17.86793 17.33167 18.29516 19.41388 19.8219 18.76337 15.45762 16.71495 17.80895 17.61392 13.52513 12.89636 14.30476 
  17.93156 17.94815 18.16619 18.40891 19.90622 21.83282 21.84671 20.69305 20.80146 19.96832 17.61905 17.03996 18.11477 19.36061 20.09002 18.82612 15.71513 17.32135 17.15104 16.47183 12.94957 14.06907 14.30476 
  17.89922 17.91329 18.13161 18.35487 19.84842 21.78228 21.78324 20.52298 20.31635 19.4888 17.56375 17.13314 17.46535 18.88119 19.8219 18.66924 15.61213 16.86655 17.52699 16.52375 12.18462 13.95079 13.84057 
  17.86687 17.87843 18.16619 18.30084 19.96401 21.73174 21.6563 20.3529 20.47806 19.28899 17.5914 16.9716 17.57359 18.82792 19.76827 18.57511 15.56063 16.0597 16.5028 16.44588 12.65346 13.28234 14.15072 
  17.80218 17.87843 18.09702 18.24681 19.73283 21.63066 21.52935 20.09778 20.2355 19.20907 16.96524 16.69816 17.35712 18.29522 18.69579 17.41416 16.09657 16.75285 16.55579 16.2255 13.57848 12.89636 14.30476 
  17.73749 17.80871 18.06243 18.19278 19.67504 21.42851 21.21199 19.75762 20.0738 19.08919 17.45313 16.90324 17.50143 18.45503 19.23203 17.50829 14.89112 15.89925 16.71243 16.80927 13.29504 12.5345 12.83258 
  17.6728 17.73899 17.99326 18.13875 19.61725 21.37798 21.14851 19.58754 19.9121 18.88939 16.82584 16.56143 17.21342 18.34849 18.96391 17.44554 15.30312 16.48755 17.2137 17.09479 13.39374 12.5345 13.81472 
  17.60811 17.70412 17.92408 17.97665 19.50166 21.17583 20.95809 19.33242 19.66955 18.72955 16.75614 16.42471 16.78233 17.70926 18.37404 17.31839 15.20012 16.60125 16.83775 16.54971 13.41842 13.16172 13.53042 
  17.54342 17.73899 17.95867 17.97665 19.55945 21.07475 21.08504 19.5025 19.9121 19.36892 17.10464 16.42471 17.14157 18.13541 18.74941 17.79068 15.76663 17.35925 16.80642 15.93386 12.70281 13.95079 14.30476 
  17.47873 17.73899 17.8549 17.92262 19.44387 21.02421 21.33893 19.58754 19.66955 19.72856 17.45313 16.83488 17.57359 18.13541 18.53492 17.66517 16.79831 17.66244 17.05705 17.01692 13.22101 13.42708 14.15072 
  17.41404 17.6344 17.68196 17.65247 19.03931 20.67045 20.89462 18.48203 18.21424 18.16328 16.82584 16.42471 16.92603 17.33637 17.78418 16.8033 15.14862 17.01815 17.2137 16.41992 12.50541 13.77337 13.58211 
  17.38169 17.70412 17.71655 17.7065 19.03931 20.72099 20.89462 18.48203 18.21424 18.24661 16.68644 15.53601 16.35125 17.10902 17.23529 16.09504 15.50912 17.47295 17.49566 16.62757 11.54305 13.71423 14.07318 
  17.28466 17.73899 17.68196 17.7065 18.92372 20.77152 20.95809 18.65211 18.37594 18.68959 17.10464 16.56143 16.56679 16.70374 17.10275 16.48136 14.99412 16.11318 15.70793 15.88525 12.60411 12.84811 13.27196 
  17.21997 17.6344 17.54361 17.59843 18.86593 20.77152 21.08504 19.07731 19.427 20.00828 18.0615 17.50538 18.04261 17.97561 18.42767 17.88481 16.00885 17.01815 16.90041 16.60162 12.43138 13.40296 13.9698 
  17.15528 17.52982 17.33608 17.27424 18.69255 20.61991 20.89462 18.82219 19.2653 19.84844 18.31038 17.48056 18.07869 17.8158 18.42767 18.0417 16.62288 18.00354 17.52699 17.27649 13.19633 13.65509 14.07318 
  17.09059 17.28579 17.09397 17.05812 18.46137 20.21561 20.32337 18.31195 18.45679 19.52876 17.84028 17.13314 18.18692 17.76253 18.21317 18.07308 16.5644 17.81404 17.62098 17.45819 13.41842 14.00993 14.07318 
  17.0259 17.07662 16.81726 16.73393 17.99903 19.50808 19.11738 16.79692 17.40573 18.72955 16.96524 16.15126 16.99788 16.77129 17.30156 17.31839 15.45762 16.79075 16.83775 16.60162 12.308 13.35471 13.47873 
  16.93897 16.82248 16.65645 16.57889 17.9153 19.05081 18.42575 16.87412 16.66859 18.52975 18.0615 16.49307 16.99788 16.97393 16.10867 16.03065 14.06711 15.41791 15.65494 15.54501 11.39499 13.28234 13.09104 
  16.85204 16.65306 16.65645 16.34634 17.66412 18.50208 18.5122 16.95132 17.24192 19.04923 18.9464 17.3813 17.79006 17.17656 16.9702 17.38278 15.61213 17.01815 17.24503 17.06884 12.99893 13.23409 13.60796 
  16.67818 16.39892 16.33483 16.26882 17.41294 18.68499 17.3883 15.63892 16.01336 18.32994 18.14446 16.6298 17.21342 15.8932 15.5785 15.83749 14.22161 14.77613 15.97288 15.83665 12.06124 12.46213 12.75504 
  16.67818 16.31421 16.25442 15.95874 17.24548 17.67899 16.69667 16.17932 16.34098 18.16328 18.55926 17.72872 18.29516 17.04147 15.77731 16.73891 15.71513 14.82961 16.55579 16.03107 11.46902 12.79986 12.62581 
  16.59125 16.31421 16.17402 16.03626 17.24548 17.03881 16.86958 16.10212 16.01336 17.74663 19.19528 18.10096 17.93437 16.83884 15.71104 17.18962 16.09657 14.5622 16.13186 15.78804 11.76513 13.23409 13.14273 
  16.41739 16.22949 16.09361 16.1913 17.41294 17.49608 16.09149 14.55811 14.37529 16.08001 18.03385 17.2324 16.63864 15.96074 15.1146 16.61014 15.92113 14.24131 15.54895 15.30198 11.74046 12.72749 12.65166 
  16.33045 16.14478 15.9328 15.88122 17.32921 17.22171 16.00504 14.55811 14.37529 15.91335 18.55926 18.02652 17.14157 16.29847 15.31341 16.93207 16.03809 13.81345 15.8669 15.30198 12.28333 12.99285 12.98766 
  16.24352 15.89064 15.9328 16.03626 17.58039 17.13026 16.35085 14.63531 14.45719 15.91335 18.25507 18.54765 17.57359 16.83884 15.64477 17.60242 17.14919 14.50872 15.54895 15.59361 12.45606 13.08935 12.93596 
  16.06966 15.55179 15.9328 16.11378 17.9153 17.49608 16.09149 14.32651 14.04767 15.16337 17.61905 18.49802 17.53751 16.97393 15.97613 17.82206 17.64626 14.93657 15.91989 15.78804 12.53008 12.79986 13.06519 
  16.06966 15.6365 15.61117 15.64867 17.83157 17.22171 15.74568 14.17211 13.63815 14.49672 17.70201 18.67173 17.35712 17.10902 15.90986 17.69655 17.70474 15.25747 15.49596 15.44779 12.25865 12.70337 12.67751 
  15.8958 15.29765 15.61117 15.72619 17.32921 16.67299 14.79468 13.09131 12.98293 13.74674 16.61674 17.55501 17.21342 16.70374 15.24714 17.12523 17.6755 14.45524 14.17118 14.18403 11.81448 11.83491 12.23813 
  16.06966 15.38236 15.53077 15.57115 17.24548 16.30717 14.1895 12.78251 12.81912 13.66341 16.47734 17.80317 17.28527 17.17656 15.51223 17.31839 17.5293 14.77613 14.75408 14.86452 12.13527 12.60687 12.52243 
  16.06966 15.46707 15.36996 14.951 16.49194 15.57553 13.93014 13.01411 12.65531 13.58008 16.47734 17.62946 16.92603 16.90638 15.44596 17.41416 17.76322 15.36443 14.91306 14.96173 12.55476 12.84811 12.83258 
  15.98273 15.38236 15.53077 15.57115 14.81739 14.20371 12.46042 12.08771 11.83627 12.91343 15.78035 16.69816 15.92016 15.35283 14.38561 14.8073 15.40612 13.27863 13.32331 13.26051 11.27161 12.29326 12.75504 
  15.98273 15.21293 15.53077 15.95874 15.31976 13.83789 11.85525 11.9333 10.93533 11.9968 14.94396 15.87782 14.91429 14.74492 14.45188 14.8073 15.61213 13.59952 12.58143 13.01748 11.51837 12.46213 12.49658 
  16.06966 15.38236 15.77199 16.34634 15.31976 13.83789 11.85525 12.08771 11.42675 12.33012 14.94396 15.26256 14.77059 14.13702 13.92171 14.93608 16.06733 13.92041 13.48229 13.55215 11.09888 11.90728 11.90213 
  15.98273 15.46707 16.25442 16.34634 14.31503 13.56352 12.20106 12.70531 12.4096 13.66341 15.22276 15.67273 15.77646 14.60983 14.58442 15.38678 15.97961 13.54604 12.7934 12.96887 11.07421 11.37655 11.74706 
  15.80887 15.46707 16.57605 16.50137 13.89639 13.47207 11.9417 12.01051 12.57341 13.91341 14.24697 14.71567 14.98613 13.73174 13.52407 14.67853 15.40612 12.58336 12.21049 12.04535 10.53134 10.67696 11.61783 
  15.46115 15.29765 16.33483 16.11378 14.2313 13.38062 11.76879 11.4701 12.90102 13.99674 13.48028 13.96369 14.26765 12.85365 13.65662 13.64834 14.27311 11.5672 11.36263 10.9274 10.06787 10.65283 10.8116 
  15.0265 14.95879 16.0132 15.49363 13.14285 12.64898 11.07716 10.6209 11.83627 12.58011 12.3651 13.14335 13.47732 12.38083 12.9939 13.39079 13.7581 11.13935 10.24981 10.78158 10.67939 10.55634 11.1526 
  14.85264 14.61994 15.36996 14.64093 12.30558 11.55152 10.47198 10.0033 10.60772 11.58014 11.38931 12.25465 12.32776 11.36765 11.27084 12.3606 13.2431 10.9789 10.19682 10.68437 10.65472 11.13531 11.23014 
  14.50491 13.77281 14.24427 13.24559 11.46831 9.905334 9.261626 9.462897 10.60772 11.33015 10.69232 11.84448 11.53743 11.09747 10.74066 12.03866 12.88259 10.81845 11.04468 10.8788 10.85212 10.70108 11.1526 
  14.24412 12.84097 12.15372 11.07507 10.37985 9.173697 8.137725 8.999696 10.93533 11.08016 10.76202 11.02414 11.17819 11.57029 11.13829 11.58795 11.69808 11.24631 11.25665 11.07322 11.12356 11.15944 11.33352 
  13.98333 12.92568 10.5456 9.757248 8.789037 8.167694 8.397086 8.613694 10.52581 10.99683 10.90141 11.29759 12.04036 11.84047 11.46965 11.71673 11.74958 11.35328 11.83955 12.04535 11.96254 11.83491 12.26397 
  13.20096 12.84097 10.94763 9.369655 8.537855 8.990787 8.829356 8.459294 9.461062 11.9968 11.38931 11.50267 11.75297 11.97556 11.33711 11.45918 12.26458 11.99506 12.52844 12.92027 12.25865 12.38976 12.57412 
  12.07086 11.40084 9.821948 8.206874 8.789037 9.63097 9.348081 8.768095 9.706774 12.08013 12.0863 11.16086 12.18406 12.9212 11.93355 11.78111 12.67659 12.4764 12.36947 13.30912 12.80152 12.55862 13.09104 
  10.33225 9.283011 8.776671 8.361912 9.207672 9.996789 9.607443 9.617298 12.08198 12.91343 12.92269 11.63939 12.5433 13.46156 12.66254 12.87569 12.67659 12.74381 13.00536 13.9896 13.17166 13.47533 13.71134 
  8.33285 7.927601 8.776671 8.671987 9.793762 10.36261 10.47198 9.771698 11.91818 13.33009 13.27118 12.8699 12.97439 13.32647 13.19272 13.58395 13.03709 13.27863 14.11818 14.08682 13.1223 13.35471 14.07318 
  6.941963 6.995756 7.650989 8.749505 9.375127 9.813879 10.29907 10.1577 12.98293 14.08007 13.96818 13.28007 13.76472 13.93438 13.25899 13.64834 13.8611 13.54604 13.58827 13.40633 13.34439 13.65509 14.30476 
  8.680573 8.351167 7.731394 8.827024 9.123945 9.813879 10.55844 10.4665 12.4915 13.24676 14.24697 13.28007 13.90841 14.47474 13.19272 13.64834 13.6551 14.34827 13.27032 13.45493 13.57848 13.89165 14.24066 
  7.985128 9.113585 8.61586 8.206874 8.286674 10.81988 10.73134 9.926099 11.91818 13.58008 13.82878 13.07499 13.47732 13.39402 12.92763 12.94008 13.08859 12.85077 12.42246 12.3856 12.72749 12.82399 13.14273 
  8.593641 9.960717 10.30438 10.3774 9.87749 11.55152 10.55844 8.999696 11.50866 12.99677 12.4348 11.9812 11.68112 12.85365 12.39746 12.10305 12.52209 12.15551 11.15066 11.55929 11.27161 11.64191 11.82459 
  9.289085 9.452438 9.339513 8.982061 10.2124 11.55152 11.33652 10.3121 11.83627 12.74677 12.0863 10.75069 11.25004 11.63783 11.07202 11.97427 11.28607 10.9789 10.40878 10.8788 10.2599 10.89407 10.99753 
  8.33285 8.69002 8.294236 9.602211 11.71949 12.28316 11.68234 10.3893 11.09914 12.49678 12.156 10.81905 10.81895 10.75974 10.21049 11.07285 11.64658 10.28363 9.699291 10.68437 10.2519 10.23334 10.736 
  8.767503 10.29957 9.500324 9.912286 11.71949 13.10625 12.11461 10.6981 10.93533 12.08013 11.04081 10.27216 10.96264 11.4352 10.34303 11.58795 11.18307 9.695331 10.03784 10.73298 10.13188 10.30457 10.55646 
  8.24592 9.113585 9.017889 9.679729 10.96594 12.74043 11.9417 10.0033 10.93533 12.74677 12.50449 10.40888 11.03449 11.09747 10.67439 12.42498 11.44057 10.12319 9.772887 10.83019 10.60536 10.43686 10.52811 
  8.072059 8.774733 8.455048 8.749505 9.626308 12.00879 12.28752 10.3121 11.42675 12.91343 12.4348 10.27216 11.53743 11.70538 10.47558 12.16743 11.13157 10.17667 9.984853 10.58716 10.17189 10.19263 10.64151 
  8.941364 9.537151 7.972612 9.05958 9.207672 11.27715 11.42298 9.308496 10.11629 11.9968 12.2257 10.27216 10.17232 10.42201 9.282684 11.20163 10.87407 10.23015 9.220918 10.01156 10.18789 10.8217 10.60371 
  8.24592 7.758174 6.491343 8.982061 9.123945 10.63697 10.29907 8.768095 9.624869 10.99683 11.45901 9.656905 10.02862 9.949194 9.415228 10.49337 10.10156 9.137623 9.723824 9.874609 10.02787 10.26387 10.26353 
  7.376615 7.588748 6.927335 7.974318 9.123945 10.36261 10.29907 8.304893 8.396313 10.16352 10.20442 9.178374 8.663507 8.936012 9.150141 9.978276 9.895554 9.440158 9.269981 9.837259 9.819838 10.31475 10.89414 
  6.681171 7.249896 7.8118 6.774645 7.616856 9.539515 10.12617 6.952144 7.90489 8.330237 8.88014 8.358034 8.16057 8.439805 8.951325 9.591954 9.895554 9.616637 10.14383 9.91196 9.827839 10.53222 10.736 
  7.637406 8.605307 6.84693 5.88923 7.23787 8.259149 9.002264 6.276255 6.450842 8.496899 8.104605 7.693193 7.57619 8.28825 8.207912 9.270019 9.224956 9.162834 8.987864 9.58826 10.09188 10.46739 11.04922 
  6.072658 6.487477 6.287567 5.520307 7.061561 8.167694 8.137725 5.453433 5.767598 6.631577 7.561098 8.136421 8.232418 8.348872 9.216413 8.587831 9.290012 9.389735 9.30678 9.775009 9.963859 10.45721 10.7927 
  5.814232 4.645057 5.472464 5.335845 5.915549 6.312104 6.45305 5.776685 5.838278 6.364018 7.483455 7.205644 7.128165 8.28825 8.144718 8.209181 8.678478 9.364524 9.36811 9.96176 9.819838 10.34527 10.39582 
  4.996775 5.416508 6.287567 5.594091 5.562931 5.460807 6.45305 6.893371 6.662883 6.516909 7.794029 7.29429 7.673587 8.530739 9.150141 8.777158 8.912683 9.17544 9.576632 10.24691 10.48199 10.21299 10.94583 
  5.645103 5.144231 5.506427 5.778553 5.342544 4.822334 5.768098 5.688525 5.555557 6.708022 6.939949 7.870484 7.322959 6.590825 8.566008 9.141245 9.329046 9.541003 9.552099 9.737659 10.28458 10.28422 10.736 
  5.673292 5.23499 5.200763 5.298953 6.091859 5.14157 5.539781 5.923617 6.05032 6.402241 6.241155 6.895385 7.069727 7.924516 8.397492 8.849975 9.016773 9.099806 9.650228 9.68786 10.05187 10.3758 10.8683 
  4.348447 3.918986 5.098875 4.450429 4.460997 4.609509 4.512353 5.89423 6.780684 7.013804 7.017592 7.161322 7.206083 8.28825 8.818782 8.718904 8.717512 9.099806 9.662494 9.675409 9.891848 10.39615 10.66986 
  4.940399 4.599678 5.234725 5.225168 5.122157 5.620425 5.197305 5.188955 6.121 6.937358 7.056414 5.521382 6.99181 7.894205 9.017597 8.966483 9.042796 9.263679 9.772887 10.14851 9.859843 10.32492 10.41472 
  5.335033 4.735816 5.370576 4.597998 5.166234 4.981952 4.911909 5.717912 6.02676 6.784468 6.784661 7.648871 7.498273 7.712337 8.271106 8.835411 8.99075 9.641849 9.73609 9.45131 9.747827 10.35545 10.61316 
  4.855834 3.692089 4.827174 5.225168 5.386621 5.354395 5.197305 5.570979 6.14456 6.172904 6.55173 7.338612 6.913893 8.04576 8.250041 8.806284 9.303023 9.427552 9.588898 9.82481 10.30925 10.53222 10.70765 
  4.940399 5.144231 5.438501 6.147476 6.135936 5.780044 5.197305 6.070549 6.19168 6.746245 6.939949 7.161322 7.089207 7.621404 8.48175 8.325689 8.834615 9.452764 9.42944 9.68786 10.35861 10.60459 10.99753 
  4.658517 3.828227 5.472464 5.520307 4.857693 4.822334 5.368543 5.688525 6.285921 6.746245 7.366989 7.471581 7.965777 7.742649 8.734524 8.646086 9.224956 9.414947 9.674759 9.837259 9.843841 10.29439 10.8683 
  4.686705 4.100504 4.895099 5.557199 5.562931 4.396685 4.79775 5.659139 6.21524 6.899136 7.250524 6.452158 7.439835 8.530739 8.650266 9.097554 9.211944 9.137623 9.233184 9.72521 10.14789 10.26387 10.53756 
  5.137716 4.826575 5.302651 5.483414 5.474776 5.726837 5.368543 5.864844 6.07388 6.058236 7.134058 7.604548 8.043694 8.530739 8.587072 8.806284 9.17291 9.301496 9.257715 9.40151 9.835839 10.39615 10.89414 
  5.109528 3.828227 4.759249 5.557199 5.034002 5.088364 5.368543 5.98239 6.09744 7.052027 7.056414 7.471581 8.121612 7.682027 8.544944 8.646086 8.977739 9.427552 10.14383 9.79991 9.859843 9.856825 10.44307 
  4.094753 3.329053 4.351697 5.372737 5.07808 4.87554 5.083147 5.659139 6.0032 6.784468 6.862305 7.515903 7.634628 7.348604 7.997267 8.267435 8.808592 9.427552 9.527567 10.29552 10.14789 10.20281 10.39582 
  4.489388 4.145883 4.996987 5.594091 5.430698 4.662715 4.911909 6.129322 6.686443 7.24314 7.59992 8.092098 8.376114 7.77296 7.470655 8.99561 8.964728 9.238468 9.699291 9.62561 10.13988 10.48774 10.72655 ]
