 [
  4.461618 5.746433 6.440062 6.293587 6.322199 6.3425 5.183899 5.681012 6.809193 7.917496 7.821768 7.447958 8.134896 8.219995 8.084378 8.882586 9.104369 9.078629 9.50475 10.45241 10.67472 10.30351 10.47498 
  5.271597 6.869017 6.544819 5.221722 5.930006 6.50983 6.37416 6.464176 6.282256 6.65293 7.397952 7.467357 7.26749 8.439095 8.77785 8.429842 8.964046 9.266348 9.553658 9.386306 10.13195 10.69628 10.79742 
  5.560875 5.479151 5.741684 5.663078 5.986033 5.380346 6.412556 5.97936 6.995171 7.247374 8.547554 7.93293 8.251382 8.422241 8.645058 8.675617 8.771102 9.494394 9.431388 9.843889 10.32764 10.22714 10.77861 
  4.519474 5.265326 5.322657 6.356637 6.630352 6.426165 7.5337 7.135458 6.716204 7.219067 8.413726 7.58375 7.001957 7.646967 8.645058 8.442778 8.771102 9.623837 9.553658 9.703094 10.32764 10.47535 10.53018 
  4.808752 5.639521 6.5099 7.166743 6.266172 4.878354 6.489347 5.86748 6.158271 7.445522 8.212982 8.454288 8.08179 8.23685 8.49751 8.675617 9.051748 9.425186 9.516977 9.480169 10.08842 10.42762 10.7234 
  5.09803 4.891131 6.125792 6.356637 6.490283 4.794688 5.414273 6.315001 6.561223 5.888645 8.017375 8.040666 7.586129 8.051457 8.468 8.49452 9.12191 9.381866 9.658734 9.867355 10.35656 10.56638 10.46577 
  4.750896 5.853346 5.322657 5.694603 7.171702 6.467998 6.758116 6.277708 6.840189 7.077533 7.463154 7.428559 7.479916 8.01775 8.586039 9.024877 8.893885 8.862032 9.101256 9.667895 10.12469 10.38943 10.7418 
  5.965865 6.601735 6.754333 6.829519 5.789937 5.673176 5.875019 6.389588 6.778196 7.020919 7.919571 8.109602 7.745449 7.950335 8.231925 8.313423 8.893885 9.237469 9.77107 9.750026 9.849007 9.912109 10.65899 
  5.50302 5.372239 6.579738 6.419688 5.061576 5.58951 6.335765 6.016654 6.313252 6.369862 6.941535 7.176373 7.603831 8.575589 8.468 8.261681 8.227351 8.674314 8.820033 9.280709 9.899791 10.43716 10.47498 
  5.09803 5.158413 5.148062 5.757654 6.854463 6.007837 4.876736 6.501469 6.530226 5.973566 6.876333 7.389761 7.586129 7.832358 8.290944 8.546262 9.262233 9.150829 9.855321 10.42436 10.02312 10.62411 11.15482 
  4.982319 4.677306 5.392495 5.064095 5.509798 5.58951 5.145504 5.382664 6.437237 6.256634 7.07194 7.215171 7.957875 7.444721 8.040114 8.843779 9.539039 9.597949 9.101256 9.92602 10.23352 10.72515 10.85385 
  4.982319 4.303112 5.567089 5.978333 5.81795 5.003852 5.030317 4.748675 5.352367 6.313248 7.169744 8.109602 7.178979 8.102019 9.10841 8.86965 8.981586 9.338547 9.174619 10.14383 9.870771 10.18896 10.6774 
  5.155886 5.104957 5.84644 6.072908 5.986033 4.711023 4.761549 5.569132 5.507349 5.860338 7.039339 6.846591 7.426809 7.849212 8.261435 8.546262 8.806183 8.544355 9.2113 10.08772 10.51564 10.49444 11.00434 
  3.709495 3.928917 5.148062 5.410875 5.45377 4.66919 5.260691 5.792892 6.034286 5.66219 6.126505 6.788394 7.51532 8.034604 9.055776 9.024877 8.823724 9.06419 9.50475 9.843889 10.24803 10.52308 10.83504 
  6.602277 5.79989 5.53217 6.419688 6.378227 5.12935 5.337481 6.72523 6.406241 6.284941 6.452517 6.730198 7.409107 8.354826 8.438492 9.089554 8.788643 9.468506 9.827237 10.17188 10.24077 10.30351 10.87266 
  6.255143 7.350123 7.187572 6.608841 7.409632 8.482581 8.352282 7.988604 7.546758 7.980877 7.430553 7.40916 7.745449 8.118873 7.848303 8.934328 9.359691 9.324107 9.77107 9.679628 10.09567 10.18896 10.77861 
  7.065123 7.898053 7.267236 6.356637 8.83721 9.084044 8.604153 7.201085 7.687178 8.17102 8.48064 7.641947 8.193139 8.23685 8.438492 10.07488 11.24285 9.324107 9.686818 9.785225 10.02312 10.65298 10.57619 
  6.717988 6.494822 6.614656 7.081722 7.964801 7.74746 7.218862 6.799817 6.375245 7.473829 9.149784 7.506155 8.028684 7.866066 8.010605 9.843041 10.88415 9.324107 9.101256 9.574032 10.96395 10.69628 10.59459 
  8.266579 7.663226 6.370224 6.766468 5.733909 6.3425 6.220578 6.911697 6.902182 7.219067 7.658762 7.098777 7.072766 7.950335 8.27619 9.785081 10.79448 9.425186 10.05191 10.50852 10.45779 10.42762 10.96671 
  9.33448 9.150464 7.028244 7.018672 5.061576 6.50983 6.143787 5.792892 6.375245 6.851078 6.941535 7.835936 8.309625 8.836716 8.845239 10.30673 11.15317 9.856834 10.50125 10.67684 10.54456 10.60968 10.7326 
  11.18551 10.79425 6.789251 7.591849 6.350214 7.011823 6.911697 6.240415 5.476353 7.727353 8.346811 6.730198 7.710044 7.781797 8.172907 10.13284 10.52545 10.19339 11.2876 11.51844 10.26979 10.59525 10.6958 
  13.67728 13.2208 10.53347 9.377293 8.123421 7.81429 7.180466 6.203121 6.716204 7.473829 8.180381 7.564351 8.046386 8.575589 8.792604 11.29206 12.00508 12.34213 12.4952 11.51844 10.3421 10.39898 10.62219 
  15.7419 15.64734 13.72003 13.11822 12.00961 11.22258 10.55615 9.498015 9.372207 8.804831 9.952758 9.695153 11.45473 12.07469 13.58232 14.13213 15.12983 16.64092 16.5702 15.5951 14.33223 14.48863 14.93823 
  15.88428 15.56907 15.31331 14.81864 12.96132 11.82404 11.81551 11.00743 10.0743 11.97388 11.62562 11.07389 13.20201 13.48477 14.21393 16.04483 17.55649 18.70807 19.24042 18.55411 16.54358 16.18309 15.98934 
  15.31474 15.88217 15.71163 14.90367 13.27856 11.48989 12.06738 11.53244 11.05724 12.9246 13.09774 10.86708 13.72619 14.26815 14.52973 16.6272 19.37648 19.39712 19.09988 18.6774 17.03498 16.81852 17.4784 
  15.31474 15.56907 15.23365 14.39354 12.88202 11.28941 11.75254 11.72932 11.75933 12.79783 13.09774 11.07389 13.60971 14.52928 15.93728 17.04259 19.07315 19.81055 18.95935 19.29387 17.52639 17.03033 17.12804 
  15.31474 15.25597 14.83533 13.88341 12.40616 11.02209 11.18583 11.46681 11.68912 12.98798 13.63305 12.31476 13.78444 14.42483 15.73353 17.33931 19.22481 20.49961 19.38096 18.92399 17.52639 16.81852 16.95285 
  15.24354 15.02114 14.43701 13.28826 11.61306 10.15331 9.800539 11.26993 10.35514 12.60769 13.29848 12.10795 13.20201 14.1637 15.05608 17.33931 19.22481 20.63741 19.5215 18.06094 16.42072 15.86538 16.25211 
  15.17235 14.78631 14.11835 12.69312 10.74065 9.084044 9.044927 9.563642 9.933883 11.34007 11.89328 11.69433 13.20201 14.68595 16.03916 16.80522 18.99731 19.67274 18.95935 18.18424 17.64925 17.34804 16.95285 
  15.10115 14.55149 13.79969 12.43805 10.26479 9.150873 9.674604 9.694895 10.0743 11.53021 11.69253 10.66027 13.20201 14.21593 16.03916 17.33931 18.69398 19.53493 19.38096 18.6774 16.91213 16.92442 17.12804 
  15.02996 14.31666 13.48104 12.18299 9.39238 8.883556 9.044927 9.432388 10.98703 11.72036 12.02711 11.97007 13.08552 13.79812 15.31925 17.63602 18.92148 20.22399 20.50526 19.29387 17.64925 17.45395 17.74118 
  14.95877 14.16011 13.32171 12.09797 9.630309 9.017215 9.863507 9.760521 10.98703 11.53021 12.69625 11.97007 13.31849 14.11147 16.24291 18.34813 19.75565 20.77522 20.92688 19.41716 18.75492 17.87756 18.09155 
  15.02996 14.16011 13.48104 12.43805 9.23376 9.685507 10.80802 10.28553 10.56577 11.14993 12.56242 12.31476 12.85255 15.05153 16.24291 18.11076 19.14898 21.46428 21.91064 19.78703 19.12347 18.61889 18.44192 
  15.31474 14.47321 14.03869 13.37329 10.97858 10.28697 12.00441 11.99183 11.33807 12.03726 14.3022 13.27988 15.06577 16.03639 16.95603 18.94156 19.75565 21.18866 22.05118 21.38983 19.86059 19.04251 18.7047 
  15.88428 15.25597 15.15399 14.90367 12.80271 11.15575 12.00441 12.84497 12.39122 12.86122 15.17208 14.79649 16.09208 17.27867 16.85416 18.1701 19.83148 21.18866 21.7701 21.01995 18.75492 18.30118 18.52951 
  16.87271 16.82148 17.46535 17.4543 15.10269 13.76209 14.14532 14.87939 14.35708 14.38236 15.57357 15.69267 16.67789 18.00333 18.17853 18.46682 18.84565 19.94836 19.09988 18.55411 17.52639 16.92442 17.91637 
  17.74193 17.89259 18.59776 19.03982 16.37165 15.36599 14.08235 13.895 14.07625 15.26969 17.01659 17.09164 16.84527 17.89981 17.26166 17.33931 17.02565 17.32997 17.55397 17.81436 16.91213 15.97129 16.16452 
  18.08961 18.39086 19.29462 19.86428 16.13372 15.90062 14.71202 15.01065 14.63792 16.03528 18.44796 18.86749 17.59846 19.76322 18.58603 18.34813 18.08732 16.3653 16.71074 16.21156 15.56076 15.01815 15.81415 
  18.29243 18.66491 19.55595 20.22275 16.45096 15.56647 15.27873 14.61689 14.4975 15.66138 18.2094 19.38545 18.6027 21.10902 20.41978 19.59433 18.76982 16.77873 16.71074 16.45815 15.1922 14.48863 14.67545 
  18.35038 18.81439 19.55595 20.04352 16.92682 15.03184 14.64906 14.74814 14.56771 15.39646 17.8277 19.16347 18.77008 21.31607 20.92915 20.2471 19.07315 17.05435 16.14859 15.5951 14.33223 14.59453 14.32508 
  18.3214 18.81439 19.51239 19.64921 17.00613 14.83135 14.20828 14.1575 14.21667 14.95279 17.49371 19.45944 18.93745 21.52311 21.43853 20.18775 19.52814 15.81406 16.5702 15.10193 13.59512 13.7473 13.79953 
  18.29243 18.81439 19.55595 19.29074 16.92682 14.96501 13.89344 13.82937 14.00604 15.01617 17.30286 19.68143 19.02114 21.73016 21.84603 19.89104 19.14898 15.40063 15.16483 14.73206 13.22656 13.7473 13.11114 
  18.26345 18.88913 19.64305 19.07566 16.68889 14.96501 13.70454 13.69812 13.79541 14.95279 17.11202 19.82941 19.35589 21.73016 21.9479 19.89104 19.30065 15.67625 15.30536 14.60876 12.6123 13.53549 12.64087 
  18.20551 18.88913 19.5995 18.86059 16.37165 14.96501 13.89344 13.63249 13.37415 14.44574 16.77803 19.82941 19.60695 21.52311 21.74415 19.65367 19.30065 14.9872 14.60267 14.23889 12.3666 13.42958 13.0547 
  18.17653 18.88913 19.5995 18.68135 16.21303 15.03184 13.76751 13.50124 13.51457 14.38236 16.71112 19.68143 19.69064 21.41959 21.5404 19.65367 19.22481 14.57377 14.18106 14.48547 12.48945 13.00597 13.0547 
  18.11859 18.8393 19.5995 18.64551 16.13372 15.03184 13.76751 13.63249 13.51457 14.5725 16.96888 19.90341 19.85801 20.90198 20.82728 19.77236 19.45231 14.71158 14.3216 13.9923 12.24374 12.68825 12.73492 
  18.06064 18.86422 19.68661 18.82474 16.45096 15.23233 14.01938 13.43561 13.51457 14.76265 17.49371 20.49536 20.52751 20.48788 20.21603 19.53498 19.30065 14.16034 13.89999 13.74572 11.87504 12.79416 13.88712 
  18.00269 18.93896 19.73016 19.14736 16.84751 15.36599 14.71202 13.82937 14.00604 15.33307 18.78194 21.45728 20.86226 19.03856 19.29915 19.29762 19.07315 13.88472 13.00071 12.30393 11.12303 11.30248 13.27397 
  17.91577 18.86422 19.5995 19.46997 17.00613 15.56647 15.08983 14.22313 14.35708 16.11006 19.59305 21.45728 20.27645 17.38219 18.58603 18.94156 18.54232 13.6091 11.96161 11.6026 10.63133 10.89834 14.23749 
  17.59706 18.61508 19.29462 19.57751 16.37165 16.29702 15.55118 15.27315 15.55065 17.23176 18.59109 19.53344 18.01689 15.72582 16.85416 17.04259 16.64649 12.75635 12.29861 12.33198 11.54242 11.51898 13.97471 
  17.1045 18.19155 18.81553 18.96812 16.45096 16.29702 15.27873 15.53566 16.18253 16.7083 17.0643 17.5356 15.67365 14.11147 15.47715 16.16075 15.58483 12.26447 11.6246 12.02339 12.48945 12.22621 13.44916 
  16.64092 17.84276 18.4671 18.43043 17.1334 16.05918 14.77499 15.76647 16.39122 16.11006 16.04197 16.24417 14.59983 13.7459 14.58237 15.52318 15.05399 13.05786 12.43903 12.89304 12.85801 13.11187 14.23749 
  16.38264 17.5438 18.07511 17.96443 17.26067 15.76696 14.71202 15.53566 16.32295 15.01617 15.10517 15.48586 14.30862 13.69367 13.31915 13.78436 13.03633 12.49747 12.41095 12.5003 12.85801 13.42958 14.58786 
  16.31144 17.41924 17.77023 17.70936 17.3243 15.76696 15.27873 15.70877 16.45949 15.20631 14.90443 15.21011 13.49322 12.80584 13.05597 13.26272 12.94665 12.78224 12.97263 12.9772 12.98086 13.42958 13.71193 
  16.45383 17.41924 17.90089 18.00027 17.64247 15.90062 15.34685 16.1704 16.73256 15.45984 15.77431 15.07224 13.02728 12.85807 12.42437 12.85699 13.17084 13.05786 12.07394 13.3419 12.85801 13.11187 13.36156 
  16.58297 17.51889 18.11866 18.50212 18.15154 16.3763 15.95986 16.51662 16.93736 15.5866 16.44346 15.14117 12.9108 12.49249 12.26646 13.66844 13.52954 12.49747 12.13011 12.9772 11.48458 12.37054 12.6973 
  16.75681 17.66837 18.24933 19.14736 18.91515 17.16911 16.64098 17.26676 18.02964 16.85786 17.30286 16.03736 12.44485 12.12691 13.26651 14.82765 13.66405 11.15126 11.76502 12.64057 11.45565 11.47568 12.24584 
  16.95963 17.74311 18.16222 19.61336 19.7424 17.88263 17.11776 17.49757 18.91712 18.27869 18.44796 16.58885 12.56134 12.49249 13.68759 15.00154 13.4847 10.6076 12.04586 13.08942 11.38334 11.24474 12.41514 
  17.24937 17.94242 18.03156 19.75674 20.44237 18.75472 17.79888 17.9015 19.87287 19.62473 18.73423 16.79566 12.85255 13.27587 14.84554 15.75502 13.88823 11.04771 12.6637 13.62243 11.42673 11.27361 12.6973 
  17.27835 18.14173 17.81379 19.90013 20.82417 18.91328 17.93511 17.84379 20.0094 19.92385 18.63881 16.17523 13.43498 13.58922 15.10871 15.6391 13.61921 10.89238 11.98969 12.72472 11.15196 11.34578 12.24584 
  17.2204 18.04207 17.68312 19.64921 21.01508 19.46824 18.41189 18.36312 20.14594 20.29775 19.7839 16.72672 14.36686 14.21593 16.03916 16.6272 14.6953 11.66903 12.69179 13.31384 11.7015 11.27361 13.0547 
  17.1045 17.84276 17.50891 19.29074 20.69691 19.70608 17.86699 18.07461 19.8046 19.84907 19.54534 17.5356 14.07565 14.42483 16.14103 16.50851 14.11242 11.04771 12.88837 13.14552 11.64366 11.15814 13.27397 
  16.95963 17.69328 17.37825 18.89643 20.506 20.0232 17.93511 18.70934 20.0094 19.54995 19.59305 18.27554 14.71632 15.05153 16.34478 16.45055 14.15725 11.38426 13.61891 13.86901 11.62919 11.51898 13.18638 
  16.87271 17.64346 17.24758 18.64551 20.44237 20.57817 18.95679 18.82475 20.28247 19.54995 19.11593 18.05356 15.29874 15.51877 16.54853 16.92391 13.79856 10.63349 13.61891 13.74572 11.77381 11.24474 12.62206 
  16.72784 17.46906 16.98626 18.10781 20.06056 20.73673 19.22923 18.65164 19.53153 18.65259 18.2094 18.20155 15.58996 15.82934 16.34478 16.74588 13.93307 10.78882 13.1973 13.86901 11.84612 11.33134 12.71611 
  16.64092 17.36941 16.9066 17.79438 19.61513 20.57817 19.22923 18.59394 19.19019 18.12913 17.8277 18.20155 15.75733 15.72582 15.63166 16.04483 13.88823 11.35837 12.86029 13.62243 12.12089 11.34578 12.02011 
  16.61195 17.36941 16.9066 17.87941 19.80603 20.81601 19.5698 18.94016 19.46326 17.97956 17.35058 18.34953 16.84527 15.93287 15.52978 15.98687 14.65046 11.61726 13.33783 13.3419 11.44119 12.05301 12.05774 
  16.52502 17.29113 16.82693 17.79438 19.80603 20.89529 19.43357 18.94016 19.19019 17.4561 17.0643 18.34953 17.2637 15.82934 15.16134 15.23338 13.61921 11.0736 12.71987 12.69667 10.7181 11.50454 11.71914 
  16.45383 17.29113 16.74727 17.70936 19.80603 20.73673 19.22923 18.94016 19.53153 17.4561 16.96888 18.12755 16.84527 15.20821 14.68764 15.17542 13.84339 11.46192 12.60754 12.30393 11.22427 11.36021 11.56866 
  16.38264 17.36941 16.74727 17.87941 20.06056 20.65745 19.50168 19.17097 20.2142 17.83001 17.15973 18.49752 17.43108 16.03639 15.00344 14.47989 13.88823 11.04771 12.83221 13.17358 10.57349 10.76845 11.94487 
  16.31144 17.36941 16.58794 17.79438 20.1242 20.49889 19.43357 19.17097 20.62381 17.75522 17.11202 18.7935 17.43108 16.13991 14.95081 14.59581 13.26051 11.64314 13.47837 12.94915 11.36888 11.46124 11.70033 
  16.24025 17.21286 16.42861 17.4543 19.42422 20.0232 18.82056 19.11327 20.2142 18.20391 16.87346 18.42353 17.2637 16.13991 14.52973 14.24805 13.39502 11.17715 13.00071 12.83694 10.97842 11.46124 11.19244 
  16.24025 17.05631 16.42861 17.62434 19.48786 19.78536 18.27567 18.19001 19.25846 17.30654 16.24271 18.05356 17.09633 15.51877 14.00339 14.07417 13.03633 11.17715 12.3267 12.19171 11.35442 11.40351 11.43698 
  16.16906 17.05631 16.34895 17.62434 19.55149 19.6268 18.27567 18.47853 19.53153 17.4561 16.04197 17.5356 16.67789 15.41525 14.26656 13.20476 12.36377 10.71116 11.39993 12.13561 11.03626 10.68185 11.23006 
  16.09786 16.97803 16.26928 17.28426 18.53335 18.834 17.39021 18.07461 18.71232 17.0822 15.64048 17.16563 16.25946 15.41525 14.37183 12.45127 11.60154 10.71116 11.23143 11.32206 10.68918 11.66331 11.06077 
  16.09786 16.89976 16.42861 17.70936 18.78788 18.4376 16.7772 17.38217 17.4835 16.18484 15.77431 16.79566 16.09208 15.6223 14.84554 13.08883 12.67763 10.21927 10.5855 11.01348 10.96395 11.20144 10.92909 
  16.02667 16.89976 16.50827 17.96443 18.91515 18.19975 16.70909 17.38217 17.2787 15.88572 15.30591 16.17523 15.12402 15.15598 14.42447 13.08883 13.08116 9.908611 10.92251 11.51844 11.25319 10.97051 11.02315 
  16.02667 16.82148 16.42861 18.00027 18.66062 17.56551 15.68741 17.49757 17.6883 15.81094 14.83751 16.03736 14.94929 14.47705 14.21393 12.62515 12.04991 9.908611 10.81017 10.50852 10.58795 10.78288 11.21125 
  16.02667 16.82148 16.42861 18.00027 18.53335 17.08983 15.82363 17.38217 17.82484 15.66138 14.7706 16.72672 15.58996 14.32038 14.10866 13.49456 13.21568 10.29694 10.92251 11.15374 10.80487 11.34578 11.19244 
  16.02667 16.4301 15.87096 17.11422 17.64247 16.85199 16.02797 16.86284 17.62004 14.95279 13.69997 16.03736 15.18226 12.96252 13.42441 13.49456 13.61921 10.65938 10.27658 10.62073 10.66026 11.24474 11.04196 
  16.02667 15.64734 15.15399 14.98869 16.68889 17.08983 16.09608 16.2281 16.52776 14.76265 13.96762 15.34799 14.48335 12.64917 12.68754 13.1468 13.88823 10.45227 10.55742 10.87321 10.76149 10.85505 11.00434 
  15.81309 14.47321 13.87936 13.28826 15.81648 15.70013 15.21577 14.55126 15.1996 13.74855 12.62934 14.45181 13.66795 10.97795 11.42431 12.10351 11.96024 9.779168 11.14718 11.06958 10.37102 10.28442 11.04196 
  14.88757 13.45563 12.84373 12.01295 13.99235 14.83135 15.48307 14.1575 13.79541 13.2415 11.96019 13.41775 12.85255 10.61238 11.26641 11.87166 11.96024 9.830946 10.47317 10.50852 9.994104 10.51353 10.98552 
  14.31803 13.847 11.01145 10.39755 11.21651 13.49477 14.27125 12.51684 13.30394 13.36826 12.56242 13.55562 12.85255 9.776772 11.10851 12.10351 11.64638 9.960388 9.883405 11.1818 10.48672 10.95608 11.2865 
  13.96206 12.98597 9.816488 11.4178 12.32685 13.22745 13.3897 13.43561 14.42729 13.74855 12.09402 13.48669 13.43498 10.29903 11.68749 12.27739 11.73605 9.882723 9.77107 10.59268 10.29871 11.07154 11.15482 
  13.4637 12.28149 10.13515 10.31252 11.05789 11.42307 11.56364 12.45121 13.79541 13.68517 11.35796 12.72838 12.61958 10.35125 12.26646 12.39331 11.64638 10.34872 10.13616 10.64879 10.35656 10.71071 11.02315 
  12.68058 11.65528 9.816488 9.377293 10.18548 12.49233 12.94893 13.1731 12.67206 12.22741 11.22413 12.79732 12.9108 10.19457 11.52958 11.69778 10.97382 9.908611 9.358025 10.19994 10.16822 10.92721 10.7418 
  11.75506 10.71598 9.338503 9.802399 9.788929 12.62599 13.2008 12.31996 11.82954 12.60769 11.69253 12.93519 12.03716 10.56015 10.4769 10.94429 10.61513 10.08983 9.492523 10.36825 10.38548 10.4658 10.87266 
  11.39909 10.16805 9.896152 10.65261 10.42341 10.68794 11.4377 11.00743 11.75933 11.78374 11.35796 12.03901 12.38661 11.50021 10.21373 10.30673 10.34611 9.830946 9.658734 9.855622 9.979595 10.63855 10.751 
  9.690449 10.08977 10.21481 8.612103 8.59928 11.48989 12.82299 11.40119 11.68912 12.67107 11.29105 11.90114 12.0954 10.97795 10.89797 10.71245 10.12192 10.37461 10.2485 10.19994 10.29871 10.42762 10.6958 
  7.354401 8.445983 8.30287 8.272018 9.788929 11.42307 11.68957 11.86057 12.18059 12.10064 11.22413 11.76326 11.51297 10.56015 9.47685 9.72712 10.43578 9.9345 9.370252 10.05967 10.3421 10.56638 10.64979 
  7.122978 7.506675 8.940183 8.272018 9.551 10.62111 11.75254 10.81055 12.11038 11.14993 9.818929 10.93602 10.98879 10.76905 9.74002 9.785081 9.808061 9.805057 9.455842 9.820423 10.35656 10.84061 10.87266 
  8.124191 7.350123 7.745221 8.186996 8.7579 9.150873 9.737572 10.61367 11.05724 10.45274 10.42116 10.45346 10.40636 10.4557 9.582117 9.379356 9.718387 9.597949 9.419161 10.19994 10.16822 10.78288 11.04196 
  8.764933 9.150464 9.099511 8.44206 9.23376 9.685507 10.80802 10.87617 11.26786 10.07245 9.952758 10.45346 10.52285 9.933448 9.10841 9.379356 9.404528 9.882723 10.30466 10.17188 10.31318 10.72515 10.65899 
  9.476868 8.993913 8.382534 8.527081 8.202731 9.952823 9.800539 10.48241 10.63598 10.26259 9.885843 10.10877 9.532721 9.620096 9.318947 9.147514 8.999127 9.324107 9.50475 9.832156 10.05214 10.62411 10.60379 
  9.1209 9.22874 7.824885 7.67687 8.044111 9.752336 8.730087 9.498015 9.933883 9.375259 8.748298 8.798972 9.416235 9.254519 9.213678 9.321396 9.174531 8.948671 9.480296 9.843889 9.921556 10.21759 10.81623 
  7.910611 8.68081 8.541862 7.931933 7.092392 9.885994 9.422733 9.03863 9.582835 9.058354 9.149784 9.281531 9.998661 9.672321 8.792604 9.553239 9.449365 9.352987 9.799153 10.31215 10.47225 10.35124 10.32776 
  8.195385 6.601735 6.868916 7.018672 7.251012 7.947948 8.163378 8.973002 9.863673 9.565402 9.08287 9.005783 9.183264 8.836716 8.718831 8.843779 8.999127 9.494394 9.431388 9.726561 10.3421 10.59525 10.92909 
  7.354401 5.906802 6.300386 6.388163 7.013083 7.947948 7.596668 8.185484 8.74032 7.980877 8.681383 8.661098 8.542595 8.523364 8.950507 8.86965 8.999127 9.338547 9.742986 9.972952 10.39995 10.51353 10.85385 
  6.197288 7.663226 6.5099 7.166743 6.826449 8.081606 7.659636 8.119857 8.319063 7.360601 8.346811 8.867909 8.367867 8.219995 8.792604 8.75323 9.297314 9.396307 9.911489 10.28409 10.29871 10.35124 10.77861 
  7.554643 7.029386 6.055954 7.166743 6.54631 7.179154 6.988488 7.791724 7.968016 6.879385 7.691363 8.316413 7.692342 8.627814 9.266313 8.675617 9.449365 9.830946 9.742986 10.03162 10.16822 10.17941 10.18975 
  8.052998 7.663226 7.904549 7.251764 6.350214 6.969991 7.026884 7.135458 6.7472 7.077533 7.593559 7.58375 7.816257 8.388534 8.733585 9.379356 8.841264 9.150829 9.382479 9.937753 10.04489 10.35124 10.64979 
  8.764933 7.428399 7.506228 6.829519 6.098089 7.346485 7.785572 6.837111 7.827597 7.473829 7.528357 7.680745 7.692342 8.575589 8.349963 8.585069 8.981586 8.862032 9.602567 9.726561 9.805477 10.4658 10.37377 
  7.839417 7.741502 5.811522 6.703417 5.901992 7.947948 8.10041 6.687937 7.026167 7.020919 7.658762 7.641947 7.887066 7.950335 8.615548 8.973134 9.086829 9.9345 9.742986 9.609231 9.849007 10.58081 10.64059 
  6.775844 5.479151 5.462332 7.251764 6.630352 7.179154 6.297369 5.792892 6.189267 7.134147 7.365351 7.58375 9.066779 8.888942 8.792604 9.205475 9.718387 9.675614 9.468069 10.08772 10.18273 10.44671 10.9479 
  7.122978 6.655191 5.602008 6.230536 5.930006 5.673176 6.297369 7.266712 7.546758 6.766158 7.07194 7.797138 8.193139 8.50651 8.187661 8.261681 8.893885 9.454066 9.33357 9.550567 10.29871 10.26533 10.7326 
  7.48345 5.532608 6.265468 5.757654 6.462269 6.593496 6.796511 6.986284 7.150152 7.417215 7.495756 7.971728 7.975577 8.68004 8.792604 8.61094 8.788643 9.367427 9.406933 9.538834 10.57349 10.60968 10.61299 
  7.412256 5.265326 4.55444 5.915281 6.826449 6.007837 6.105392 6.240415 7.33613 7.53721 7.202345 7.835936 7.798555 8.472803 8.792604 8.662682 9.314854 9.57206 9.150165 9.574032 10.24077 10.78288 11.09839 
  6.486566 6.174084 6.719414 6.703417 6.658366 5.254848 5.375877 6.016654 6.25126 6.964305 7.006738 7.098777 7.232086 7.950335 8.630302 8.921392 8.64832 8.905352 9.59034 10.11578 10.24803 10.69628 10.42897 
  6.370854 6.334453 7.824885 7.166743 7.171702 5.966005 5.913414 6.389588 6.933178 7.247374 7.397952 7.428559 8.064088 8.219995 8.394227 8.481585 8.19227 9.266348 9.77107 9.984685 9.899791 10.73958 10.9479 
  6.486566 5.265326 6.579738 6.167485 5.341715 6.007837 6.028601 6.352295 6.964174 6.907692 6.778529 6.982384 7.550725 8.439095 8.438492 8.908457 9.244692 9.396307 9.406933 9.843889 10.17548 10.25578 10.89147 ]
