 [
  3.54313 5.780595 5.922258 5.560766 6.221632 6.322455 5.265552 5.724078 6.865218 7.557877 6.783236 6.215812 6.593176 7.104964 7.149023 8.293592 9.160906 8.777288 9.49428 9.890611 10.03842 10.28114 10.59631 
  4.490581 5.635571 5.380672 3.495561 3.330571 4.418459 4.674696 4.833908 5.639686 6.653197 6.741101 6.378658 7.167278 7.367788 8.135633 8.124617 8.916637 8.568673 9.599398 9.643187 9.642162 10.02544 10.67609 
  5.344984 4.515141 4.771387 4.111607 4.164691 4.373333 4.209329 4.977671 5.730466 6.098632 7.078178 6.935049 7.945916 7.60141 7.928916 9.094296 8.479491 9.133825 9.441721 9.983395 9.967216 10.57845 10.95531 
  5.570851 6.288177 5.922258 5.245731 4.55233 4.71683 4.993179 5.78421 5.482806 5.94669 6.993909 6.785773 7.836647 8.576263 9.26815 9.236163 9.025201 9.23737 8.919808 9.449981 9.777331 10.07752 9.981961 
  4.968536 6.288177 5.719163 3.741356 4.181374 4.508712 5.658979 5.483546 5.775856 6.605583 6.951775 7.362107 7.690954 7.687587 8.169272 7.874827 8.916637 9.03028 9.625677 9.565904 9.753478 10.61681 10.59631 
  5.72143 4.70188 4.205505 2.635277 3.847726 4.71683 5.50766 6.084875 5.495879 6.185456 7.373121 6.973873 7.13994 7.798672 7.928916 8.205431 8.676748 8.89842 9.381339 9.643187 9.522896 10.14001 9.892282 
  4.893247 4.577388 4.431952 4.552655 3.931138 4.305643 5.205024 5.513612 4.959874 6.319894 7.036044 6.758632 7.112602 8.020841 7.928916 8.678154 8.699509 8.642697 9.240534 10.16896 9.602407 10.30032 10.35698 
  4.893247 4.70188 4.703689 2.72745 3.1137 4.328206 4.84392 4.877037 5.587392 6.27228 6.783236 6.066536 6.634183 7.659816 8.101995 8.212778 8.726649 9.459251 9.50742 9.573632 9.562651 9.905656 10.46667 
  3.803679 5.01311 5.651465 5.182724 5.17059 5.017885 5.931352 5.964609 6.774438 7.510262 7.963006 7.556224 8.164454 8.326324 8.89812 9.29291 9.106625 9.10424 9.638817 10.13803 10.06216 10.29073 10.12055 
  4.703757 4.515141 5.786861 6.316849 6.592588 5.770522 5.961615 5.904476 7.500679 8.081638 8.552891 8.293869 8.747224 8.74289 9.458773 10.09614 9.825862 9.9326 9.743935 9.921538 10.25204 10.36745 10.35698 
  5.646141 6.288177 6.666939 5.749787 6.09798 6.322455 6.08267 7.708464 7.636849 7.367418 7.246717 7.129166 7.727377 7.99307 8.002491 8.507914 9.133765 9.178202 9.256179 9.983395 10.10963 10.17564 10.73592 
  5.420273 7.230832 6.937733 5.434752 6.716241 6.372631 6.627415 8.339859 7.68224 7.605492 6.867505 6.880767 8.055185 8.048612 8.191699 8.7349 9.215188 9.548004 9.326582 9.589088 10.27578 10.38664 10.5664 
  4.869561 5.075356 3.254429 4.0486 4.131327 4.057447 5.205024 5.543679 6.320537 6.700812 6.530278 7.206813 7.098933 7.377523 8.158059 8.058496 8.631227 8.985904 9.441721 9.573632 10.41819 9.900448 10.47665 
  4.301091 2.647759 2.756246 4.111607 4.614156 4.917533 4.491369 4.172595 5.469733 6.011808 6.272605 6.812914 7.126271 7.715358 7.987776 8.630865 8.426384 8.837854 9.264001 9.148579 9.94348 10.16084 10.16132 
  4.1116 2.523267 1.805169 2.758175 3.413983 4.192826 4.77341 5.035176 5.561246 5.794748 5.75726 6.215812 6.415478 7.104964 8.002491 8.422793 8.320168 8.831124 9.520559 9.620002 9.268459 10.16605 10.29991 
  4.703757 1.651821 3.073271 3.00397 3.814361 4.373333 3.969594 5.393346 6.184367 6.462739 6.436579 6.840055 6.825551 7.036824 8.191699 8.422793 8.43397 8.743641 9.468 9.303144 9.451335 9.858785 10.34883 
  5.72143 2.896743 2.031616 4.86769 4.86146 3.583619 4.759308 5.006424 5.600466 6.185456 6.577127 6.595786 7.363147 7.319117 7.899487 8.555202 9.133765 9.577589 9.454861 9.952467 9.769381 10.19482 10.58634 
  5.043826 6.578225 5.922258 6.127828 6.654415 6.121752 6.08267 6.175075 6.910608 7.224574 7.036044 7.40093 7.363147 8.381866 7.825912 8.611949 8.464317 9.10424 9.50742 9.952467 9.94348 10.00981 10.49659 
  4.419522 7.448367 6.734638 6.69489 6.159806 5.268764 4.872124 4.575133 5.325926 6.700812 7.246717 8.371516 8.128032 8.215239 8.135633 8.065843 8.213953 8.662887 9.415442 9.797827 9.896009 10.06189 10.54645 
  6.323745 7.013296 7.208526 7.198946 5.541546 6.121752 5.356342 4.733273 5.912026 6.367509 7.373121 8.293869 8.492262 7.7709 8.225338 8.470082 8.930207 8.979175 9.177953 10.3236 9.872273 10.16605 10.34883 
  9.184742 8.971116 6.396146 6.568876 7.210849 5.921049 5.870824 5.994676 6.320537 6.653197 6.90964 8.837398 9.111455 7.687587 8.393534 7.955641 9.120194 8.763829 9.099728 10.81845 10.56061 10.84699 10.74589 
  13.55153 13.68439 13.36907 14.33959 12.6883 10.9888 8.74587 5.663945 6.365927 8.272098 7.920871 10.93386 10.67765 7.937527 8.337468 8.249512 8.930207 9.888224 10.5586 12.21021 10.53687 10.5305 10.61626 
  14.64044 15.28817 15.61558 16.46452 15.06108 13.14003 10.36996 8.159461 8.136141 9.986226 9.648391 11.90445 11.62465 8.74289 9.055103 8.47954 9.133765 10.34678 11.4207 13.47826 10.91664 10.48254 11.1747 
  14.97088 16.06743 16.51418 17.17282 16.72203 15.1909 12.48128 9.959144 10.40565 11.60513 10.49108 11.39974 12.01478 10.13145 10.35616 9.330741 9.445887 9.962184 11.94517 13.94665 10.86917 10.5305 11.10489 
  15.37476 16.25297 16.6265 17.67876 18.02706 16.47269 14.26778 10.9771 11.44962 12.1765 11.41805 11.47739 11.87961 10.8535 11.66061 9.639582 10.43653 10.8793 11.53724 12.95248 10.94037 11.39366 12.02543 
  15.59505 16.43851 16.85115 18.18469 18.97617 17.24177 16.70392 13.35233 12.43019 12.76009 12.35099 12.85886 12.32637 11.21452 12.37213 10.91794 11.40112 12.18106 11.82862 13.70045 11.86606 11.18266 11.67697 
  15.68684 16.54984 16.85115 18.48825 19.56937 18.26721 18.49042 16.06688 13.53333 13.93948 13.86755 14.85446 13.94669 12.67722 14.15094 12.37891 11.80726 12.80095 13.11066 15.22687 13.67277 11.70762 12.80945 
  15.68684 16.62405 16.85115 18.08351 19.33209 18.65174 18.97765 17.93313 14.5139 14.9223 14.87859 15.80888 14.88148 14.13992 15.09963 13.74858 12.77184 13.35885 13.98477 15.96545 14.15499 12.17857 12.19965 
  15.66849 16.69827 16.85115 17.3752 18.85753 18.77992 18.81524 18.61176 15.24932 15.11887 15.60076 16.67653 15.2554 15.4401 16.16691 14.47907 12.92415 13.73078 14.10132 16.60556 15.65525 11.9431 13.4628 
  15.66849 16.80959 16.90732 16.76808 19.09481 19.16446 18.49042 19.62972 16.5976 15.31543 15.96185 17.37065 15.8786 16.33398 16.87843 15.11825 13.17798 14.41266 14.50924 16.50709 15.54809 12.4533 13.02723 
  15.63177 16.95802 16.90732 16.16096 19.09481 19.03628 18.49042 19.12074 17.21046 15.70856 16.10628 16.7633 15.2554 15.60263 16.87843 15.30087 13.63489 14.78459 14.33442 16.31013 15.81599 13.35595 13.50636 
  15.53998 17.06935 16.85115 15.55384 19.09481 18.77992 18.1656 18.4421 18.55874 16.39654 16.68402 17.19712 15.69164 16.09019 16.99702 14.47907 12.82261 13.91675 14.74234 16.70404 16.19105 13.86615 14.29038 
  15.39312 17.18067 16.79499 15.35146 18.7389 18.39539 17.84078 17.93313 18.68131 16.88795 16.6118 17.02359 14.9438 14.46497 15.57398 13.20071 12.67031 13.42084 13.98477 16.11317 15.38735 13.00274 14.37749 
  15.22789 17.21778 16.68266 15.25027 18.26434 17.88267 17.02874 17.25449 18.43617 17.37936 16.32293 16.58977 14.50756 14.95254 14.86246 13.20071 13.07645 14.22669 13.98477 15.42382 15.06586 13.27746 13.81125 
  15.06267 17.25489 16.51418 15.14909 17.67114 17.24177 16.3791 16.74551 19.04902 18.26391 16.68402 17.11036 14.00901 14.05866 15.21822 14.29645 12.16263 13.29686 13.22721 15.71926 15.49451 13.12048 13.1579 
  14.93417 17.21778 16.12104 15.25027 16.72203 16.47269 15.40465 16.23653 19.1716 18.55875 16.32293 16.32947 13.75973 13.81488 14.62528 13.01809 13.12722 12.30504 11.24587 14.73447 14.63722 11.78611 12.11254 
  14.91581 17.03224 15.33476 14.94671 15.53564 14.80636 13.61814 14.37028 17.08789 16.39654 15.88963 15.46182 13.94669 14.05866 14.74387 13.74858 12.67031 12.05708 12.00344 15.42382 13.94067 11.58989 11.63342 
  15.20954 17.21778 15.16628 13.22654 13.04422 12.24277 10.53237 11.31642 13.77847 15.61028 14.15641 15.02799 13.88437 13.32731 11.66061 11.37449 12.87338 12.73896 12.35309 15.62078 14.20858 11.62913 11.56361 
  15.31968 17.25489 15.05395 12.05048 12.09511 11.21733 9.070688 10.80744 13.90104 15.02059 13.79533 14.24711 13.26117 12.67722 10.47474 10.644 12.92415 12.73896 12.64446 15.91621 14.47648 11.86461 12.33032 
  15.31968 16.92092 14.66081 12.11348 11.97145 11.21733 8.655079 9.450167 13.04304 14.62746 14.01198 14.07358 13.13653 12.59596 10.11899 10.18745 12.61954 12.73896 12.35309 16.01469 14.6908 11.9431 12.80945 
  15.02596 16.21586 13.98686 12.51823 12.33238 11.47369 8.019543 8.369926 12.30762 13.8412 13.36203 13.29269 12.45101 12.5147 9.290577 9.472608 12.11186 11.93311 11.30415 15.17763 14.10141 11.58989 11.27442 
  14.53029 14.91709 12.82749 12.31586 12.80694 11.08915 9.395506 10.46812 12.55276 14.82402 14.15641 14.5074 13.01189 12.59596 10.0004 9.639582 11.65496 11.37521 10.76884 12.8597 12.2933 10.77985 11.12484 
  14.07855 14.26448 12.1505 12.11348 12.03328 10.33652 8.908278 9.450167 12.06247 13.2515 12.4232 12.16474 11.95246 11.94587 9.133595 9.730892 11.65496 11.43719 11.07105 14.1436 13.56561 13.27746 13.50636 
  13.92797 13.97443 13.03058 11.60943 11.53867 9.734408 8.140596 8.941189 12.06247 12.66181 11.62872 11.28327 12.32637 11.94587 9.021463 9.179417 11.65496 11.62316 10.32208 13.57104 12.81548 11.82536 12.28677 
  11.89516 13.32183 11.87971 10.66433 9.683889 8.480014 6.506361 7.528065 11.0865 10.84329 10.15401 10.70092 10.09488 10.15922 8.090781 8.293592 9.500169 9.562797 9.201421 11.18959 11.03532 10.77985 11.31431 
  10.53995 11.00145 9.916458 10.03426 9.189281 7.877904 6.960315 7.678397 9.225503 9.938612 11.1231 11.63268 11.11473 10.93681 8.886908 8.574118 9.296612 9.311331 10.34836 13.60197 13.61919 12.02159 12.06898 
  10.38937 10.63889 9.713363 9.278173 9.683889 8.028432 7.444533 7.948996 9.860964 11.60513 12.49542 12.42504 11.29684 11.45831 9.346642 9.54827 10.16512 10.33199 10.25638 13.01434 12.81548 11.31693 11.93831 
  11.21756 10.63889 8.63019 7.387966 8.385544 7.677201 7.141897 7.858796 9.089333 10.08146 10.82816 11.08916 10.67765 10.79795 9.763225 8.583575 9.459457 10.21365 10.63744 13.65121 13.35129 11.55064 12.19965 
  10.61524 10.05879 9.239475 8.396076 9.003803 8.88142 7.656379 7.257467 9.270893 10.2243 11.08097 11.39974 10.82334 10.24253 9.122381 8.687612 9.486599 9.51842 9.599398 11.65351 11.79485 10.65517 10.74589 
  9.260031 8.31851 9.03638 9.026146 8.385544 8.429838 7.293215 7.678397 8.907772 12.36696 12.13433 10.50681 9.767071 10.10368 9.526051 8.838936 9.079483 9.607173 9.783354 10.81845 10.94037 10.38664 10.78578 
  8.582427 8.608557 7.750112 8.459084 7.458153 8.078608 7.353743 7.918929 10.22408 11.65274 11.08097 10.46798 9.366417 9.659338 8.685072 8.611949 8.449144 8.575402 8.888518 9.828754 10.18084 10.425 10.52651 
  7.227218 9.043628 8.562491 7.261952 6.901719 8.028432 6.990579 7.347667 9.815575 10.74806 10.82816 9.924454 7.945916 8.74289 8.359894 8.337673 8.943778 9.326122 9.678236 9.73597 10.20457 10.33868 9.835215 
  5.194405 9.043628 8.291698 7.009925 6.468937 7.275795 6.112933 5.904476 8.090751 9.890997 9.774795 8.720927 8.310146 8.187468 8.438386 7.86748 8.616054 9.148617 9.770214 10.01432 9.848538 10.25237 10.85559 
  7.678954 9.261164 7.208526 6.442863 6.530763 6.322455 6.203724 5.573745 7.68224 9.176777 8.215814 8.992691 8.237301 7.99307 8.180486 8.065843 8.623641 8.945526 9.49428 9.643187 9.713722 10.25237 10.20208 
  6.700192 8.100974 6.26075 5.119718 5.046938 5.921049 5.870824 6.145008 6.819828 8.176867 8.426486 8.371516 7.836647 7.854214 7.678762 8.441709 8.984489 9.089449 9.546839 9.705043 9.506993 10.46336 10.68606 
  4.893247 5.925618 6.193051 4.489648 5.17059 5.31894 4.962915 4.848284 5.957416 7.272189 7.499525 7.633871 7.945916 7.611145 8.584155 8.782189 9.065912 9.44446 9.48114 9.504078 9.848538 10.08793 10.33252 
  5.495562 7.085808 6.328448 3.77208 4.923286 5.017885 4.815716 5.078306 6.320537 7.367418 7.668063 7.090343 7.2903 7.854214 7.516897 8.403877 9.228759 9.755095 9.49428 9.565904 9.896009 10.09314 9.908587 
  7.076639 7.593391 4.839085 4.0486 4.675982 5.419291 5.356342 4.330735 5.639686 6.367509 7.45739 7.28446 7.085264 7.34832 8.002491 8.413336 9.106625 8.918609 9.389162 9.264503 9.650113 10.29073 10.59631 
  6.097878 7.883438 6.802336 5.056711 4.737808 5.068061 5.023442 5.904476 6.138977 5.72963 6.741101 7.323283 7.508839 7.909756 8.404746 8.526829 9.011631 9.414875 9.428581 9.73597 10.06216 10.22359 10.04718 
  5.947299 6.36069 5.719163 3.157592 3.747631 4.373333 4.63239 5.754144 5.339 5.903278 6.225756 6.717921 7.800223 7.937527 8.247764 8.574118 8.74022 8.884961 9.131018 9.766899 9.666016 9.832746 10.3869 
  6.173167 7.15832 5.516068 4.804683 5.603372 4.767006 5.447133 6.415606 6.411317 6.319894 6.623977 7.517401 7.618108 7.552739 8.247764 8.264206 8.570533 9.03028 9.757074 9.589088 10.32325 10.32909 10.43676 
  5.043826 5.262094 4.205505 3.464836 4.2432 4.486149 4.547778 5.078306 5.600466 5.924984 6.178906 7.16799 7.071595 7.231509 7.752337 8.366047 8.479491 9.074656 9.373517 9.504078 9.475188 10.11397 10.39687 
  4.869561 3.643696 3.88848 4.0486 3.53076 3.583619 4.293941 4.819531 4.802994 5.447453 6.413154 6.460081 7.2903 8.131926 7.796482 8.403877 8.494665 8.662887 9.454861 9.573632 9.506993 10.1296 10.48662 
  4.585326 4.70188 3.299718 2.543104 3.747631 3.222607 5.144497 5.182881 5.195193 5.295511 6.436579 7.16799 6.975911 7.504068 7.355032 8.451167 8.889496 9.119033 9.154486 9.705043 10.20457 10.51131 10.36695 
  4.301091 5.075356 3.797901 3.649183 3.964502 3.583619 4.858022 4.575133 5.548172 5.642807 5.991508 6.44651 7.363147 7.41646 8.214125 8.914598 8.848784 8.763829 9.373517 9.828754 9.769381 10.35786 10.43676 
  4.466894 5.853106 4.114927 3.495561 3.964502 4.373333 4.787512 5.092682 4.907581 5.990102 5.944658 6.43294 6.866558 7.7709 8.52809 8.498456 8.509838 9.074656 9.279646 9.612273 9.896009 10.03065 10.14501 
  5.043826 5.780595 3.797901 2.082237 3.564125 4.666655 4.660594 4.416993 4.986021 4.883097 5.241915 6.378658 7.800223 7.4846 8.046637 8.330326 8.848784 9.296538 9.48114 9.674114 9.753478 9.837954 10.03903 
  4.158973 3.58145 3.933769 2.788899 3.981185 4.917533 4.364451 4.647015 5.730466 5.794748 6.34288 6.595786 7.221955 7.367788 8.101995 8.168697 8.380863 8.555214 9.573118 10.16896 10.20457 10.30032 10.2673 
  4.869561 5.780595 4.296084 2.973246 3.580807 5.017885 4.322145 4.718897 5.685076 6.9865 6.389729 6.636497 6.442816 7.406725 8.797203 8.161351 8.916637 9.459251 9.091905 9.890611 10.41819 10.18523 10.0961 
  4.443208 5.99813 3.933769 2.942521 3.447348 4.418459 5.17476 5.633878 5.600466 6.076926 6.670827 7.051519 7.690954 8.187468 7.825912 8.715984 9.025201 9.311331 9.170131 9.449981 10.03842 9.890033 10.12871 
  3.377326 4.764126 3.435586 3.864254 4.428678 3.854378 4.84392 5.182881 5.730466 5.816454 6.623977 7.16799 6.729867 7.630613 8.348681 8.264206 8.661574 9.222578 9.559978 9.620002 9.411579 10.3195 10.41681 ]
