 [
  3.486304 3.660577 3.823054 5.908729 6.205896 4.85345 4.815953 4.868005 6.036083 6.792597 7.548339 7.735401 7.115133 6.995896 7.859396 8.365198 8.940058 9.236382 9.234121 9.846646 10.30864 10.46881 10.61469 
  4.183037 3.131843 4.420487 5.753877 6.341696 4.95345 5.593842 5.419046 6.359249 6.125646 6.847825 7.035936 7.004952 7.898085 8.704676 8.691174 8.802723 9.354528 9.24401 9.525161 10.08568 10.52193 10.79784 
  3.346957 2.943009 4.139732 5.599024 6.137996 3.953448 4.981981 4.684325 5.85653 6.189756 5.912332 7.335707 7.634848 7.992351 8.270576 9.118215 8.588643 9.15199 9.671394 9.744519 10.232 9.932178 10.37979 
  4.461731 4.000478 4.490675 6.373285 7.156496 5.428869 4.836707 5.679547 6.111319 6.577105 6.326357 6.868792 7.376813 7.559764 7.797297 8.733877 8.940058 9.692093 9.6474 10.27461 9.740315 10.32007 10.51549 
  5.708312 3.698344 4.77143 5.599024 6.545396 5.604288 6.018921 5.622768 6.061733 6.577105 7.504557 7.535554 7.773141 7.616151 7.992464 8.691174 9.065803 8.633221 9.135238 9.496549 9.756609 10.50068 10.16971 
  4.706044 3.585043 3.625862 5.831303 6.749096 5.370396 6.018921 5.90666 5.574375 6.84647 6.979171 6.900131 6.646863 7.757118 8.019077 8.44913 8.971494 9.607702 9.575418 9.749382 9.512212 9.956091 10.30476 
  4.86024 4.227078 4.209921 7.224972 6.545396 4.85345 5.836744 6.076995 6.359249 6.013453 7.022953 7.085898 7.266632 7.743021 7.868267 8.060945 8.355948 9.091467 9.863347 10.02658 9.821781 9.995946 10.47733 
  5.939605 4.75949 5.052185 7.07012 7.428096 5.120117 5.064995 6.020217 6.408835 6.954216 7.198082 6.503164 6.564228 8.322283 8.379101 7.977012 9.034367 9.43892 9.759373 9.900141 9.99511 10.21116 10.37229 
  5.245727 4.000478 5.473317 7.379825 7.224396 6.715274 5.836744 5.736325 5.907831 6.141673 6.390053 7.485592 7.634848 8.13375 7.735199 8.819285 9.065803 9.15199 9.659397 9.851509 10.37135 10.47944 10.62996 
  4.937337 4.688826 5.403129 7.302399 7.292296 6.481382 6.747629 6.304109 6.458421 6.577105 6.628914 7.185822 7.450456 8.039484 8.704676 8.480605 8.681722 9.065528 9.943327 10.15789 10.02298 9.764787 10.09468 
  4.183037 4.076011 4.139732 6.992694 8.242896 6.42291 4.940474 6.020217 6.160905 7.008089 7.198082 7.635478 7.58875 7.945218 8.045691 8.58552 9.065803 9.472676 9.915334 9.924457 10.00904 10.58568 10.61469 
  5.322824 5.466125 4.701241 6.450711 7.224396 5.311924 6.079647 5.793104 7.301383 8.354916 7.854814 6.973257 7.404358 7.714828 8.270576 9.331736 9.034367 8.624574 9.194568 9.353489 9.544798 10.44756 10.92757 
  5.014434 4.900817 5.192563 6.450711 7.563896 6.013599 5.958196 6.076995 7.400556 7.331327 7.635903 6.921024 7.773141 7.827601 8.162051 8.691174 9.222984 9.557068 9.983317 10.30865 10.09265 10.05174 9.997144 
  5.014434 4.618163 4.911808 7.07012 7.360196 7.124585 6.747629 6.474444 6.656765 7.277454 7.942378 7.43563 7.170224 8.13375 8.59615 8.990103 8.47695 8.667805 9.303341 9.924457 9.952127 10.17928 10.5918 
  5.245727 5.183471 4.560864 6.528137 7.088596 5.83818 6.383275 6.474444 6.508007 6.900343 7.110518 6.701648 7.957532 8.086617 8.019077 8.904694 9.065803 9.100113 9.43189 10.10926 10.33651 10.20319 10.77495 
  5.785409 5.042144 4.631053 6.063581 6.273796 5.779707 5.958196 5.38231 5.343522 6.900343 7.592121 6.659862 7.542652 7.771215 7.983592 8.691174 8.940058 9.219502 9.155014 10.11412 10.38528 10.46881 10.84363 
  5.554117 5.324798 5.122374 5.444172 5.798496 5.220117 4.732939 5.014949 5.010067 6.253866 6.935389 7.185822 7.911435 8.086617 8.650414 8.691174 8.718952 8.780205 9.323117 9.734982 9.870661 10.0916 10.04216 
  5.014434 4.476836 2.689201 5.521598 5.594796 5.604288 5.411665 6.247331 5.497424 5.228101 5.705319 7.385669 7.496554 7.700731 8.270576 8.776582 8.839953 9.590824 9.715384 9.70637 10.15536 10.18725 10.43982 
  5.477019 5.042144 4.069543 6.295859 5.730596 4.65345 5.085748 5.679547 6.260077 5.853177 6.501522 6.57629 7.170224 7.038187 7.699714 8.86199 9.380165 9.658337 9.422001 10.01199 10.12052 10.11551 10.79784 
  4.937337 3.849411 4.841619 4.747337 5.798496 5.311924 4.712186 5.793104 5.779579 6.09359 6.469673 6.691201 7.865337 7.785312 8.324839 8.606503 9.380165 9.108759 9.503435 9.42025 10.05782 10.11551 10.31977 
  5.399922 4.264845 2.442711 3.249684 4.359615 4.686783 4.732939 5.345573 5.625676 5.692901 6.628914 6.78522 7.183996 7.630248 8.324839 8.691174 8.681722 9.074175 9.471443 10.01686 10.41315 10.44756 10.50023 
  6.0938 4.97148 5.473317 5.444172 5.866396 6.130545 5.47239 6.190552 6.755938 7.331327 7.942378 9.484065 10.12413 11.29166 12.34026 12.32103 11.07772 10.40098 9.441778 9.754246 9.895101 10.41569 10.72916 
  6.787677 6.667405 6.736714 7.07012 7.156496 7.533895 6.686903 7.099006 8.094759 8.354916 9.080714 11.08284 11.87585 12.94132 14.23944 14.24233 12.74385 12.02054 10.41838 10.24543 10.46192 10.42631 11.19466 
  3.096133 1.847774 2.738499 2.750467 3.124434 4.153449 4.048075 5.161894 5.035717 5.692901 6.342281 7.285745 7.211542 7.785312 8.487626 8.86199 9.097239 9.320772 9.955324 10.07522 9.813635 9.836526 10.42481 
  4.628947 4.476836 3.970948 4.53933 5.363199 5.896653 5.715293 6.644779 7.400556 7.439074 6.935389 7.735401 8.602902 8.228016 8.216314 8.606503 9.097239 9.860876 9.715384 9.734982 9.854367 10.50068 10.56891 
  5.245727 5.324798 4.139732 4.414526 6.613296 6.481382 5.836744 8.404909 8.34269 6.954216 7.548339 9.33418 10.12413 9.594874 9.301561 9.88689 10.00889 9.810241 9.875344 9.895278 10.232 10.66005 10.85126 
  7.558653 6.243424 4.77143 5.831303 6.816996 6.773747 6.018921 7.439677 6.755938 6.577105 7.241864 8.23502 8.833391 8.699347 8.270576 9.118215 9.600219 9.489554 9.631404 10.26974 10.39225 10.42631 11.01915 
  5.014434 4.038244 3.083585 3.499293 4.977205 5.487342 5.47239 6.644779 6.210491 6.361612 6.847825 6.628522 7.404358 8.039484 8.758938 8.86199 9.537347 9.303894 9.135238 10.36701 10.2738 10.12348 10.48496 
  4.07156 2.905242 2.24552 2.084843 3.240233 4.486783 3.84054 3.214884 5.471774 6.173728 6.628914 6.837452 7.819239 8.039484 8.487626 8.501588 8.774799 8.970421 9.883342 9.812604 10.00904 10.39444 10.44732 
  2.845309 2.791942 0.9144751 3.041677 4.591211 4.986783 5.085748 5.198629 5.728278 6.141673 6.437825 7.385669 8.003631 7.743021 8.162051 8.947398 8.774799 8.771559 9.511434 9.783424 10.13446 10.50068 10.836 
  8.86931 9.705937 10.38653 10.39944 9.736696 11.80242 12.51656 12.83362 12.89363 11.85667 12.71297 13.43105 13.69607 14.21231 14.13092 14.88094 14.60583 13.7403 11.9411 12.26759 11.63758 12.2297 11.33966 
  10.79675 12.46182 12.98351 14.65788 14.50964 15.00605 15.46328 15.48327 16.10598 15.52923 17.7524 17.01283 17.70575 18.35996 17.56559 18.01015 18.01545 17.38214 16.18298 16.80789 16.54686 17.12606 16.17593 
  11.64482 11.3312 12.07105 12.79965 12.5206 11.45158 11.54495 12.0955 12.40874 14.43857 17.15247 15.36715 16.72778 17.23517 17.10282 18.01015 18.01545 17.68562 16.83557 17.01906 17.03779 17.30741 16.76615 
  10.10287 11.26054 10.5269 10.47687 9.872497 10.22365 10.45189 11.41416 11.66495 13.54622 17.15247 16.04478 16.33659 15.89949 16.11115 16.47748 17.04127 15.96587 14.87779 15.85759 15.46682 15.67529 15.24843 
  11.72192 11.26054 10.5269 11.56083 10.4836 9.989759 9.419557 9.710812 10.37572 13.14962 15.71263 14.4959 16.43439 15.61829 15.05338 14.68936 15.41765 14.75192 13.57259 14.48495 13.99403 14.04317 13.2248 
  16.2371 16.203 15.56114 15.27763 14.34191 12.62104 12.15221 12.0955 11.81371 14.04197 15.71263 15.36715 15.9454 14.9856 15.58226 14.9448 14.7682 13.63913 11.50604 12.79554 12.8158 11.59499 11.62276 
  17.23741 17.30519 18.16144 18.84118 16.85786 14.83805 14.74281 14.74485 14.83316 16.81819 17.87239 17.88407 18.39033 17.58667 18.55725 17.30767 15.41765 13.13332 11.07098 12.26759 13.40492 12.59239 11.96003 
  17.06344 17.64962 18.90438 19.53839 17.19333 15.34206 15.14307 15.57015 16.16659 18.99949 19.5522 19.04573 19.1727 18.28966 19.21836 18.13787 16.14828 14.04378 11.61481 12.68995 13.60129 12.59239 12.04435 
  16.84598 17.58073 18.81152 19.15105 17.69652 15.38406 14.90292 15.35296 16.2272 19.3961 19.79217 19.52975 19.46609 17.79757 18.75559 17.4354 15.66119 13.43681 11.28851 12.16201 13.20855 12.2297 11.7914 
  16.49805 17.44296 18.53291 18.84118 17.80834 15.21606 14.54268 15.0489 16.10598 18.90034 19.43221 19.33614 19.2705 17.37577 18.2267 16.47748 14.7682 13.13332 10.96221 12.68995 13.01218 12.50172 12.71889 
  16.28059 17.37407 18.34718 18.68624 17.80834 15.04805 14.50266 14.78828 15.92415 18.90034 19.31223 19.04573 18.97711 17.16488 17.56559 15.39183 15.01174 12.42519 11.39727 11.95083 13.20855 12.04835 12.55026 
  16.01964 17.16741 17.9757 18.60877 17.5847 14.54404 14.14242 14.35391 15.6211 18.70204 18.83228 18.3681 18.48812 15.96979 16.70615 15.96658 15.01174 12.931 11.07098 11.73965 13.01218 12.13903 12.04435 
  15.84567 16.96075 17.6971 18.60877 17.36106 14.12403 13.82222 13.96298 15.0756 17.90884 17.99238 17.30324 17.41236 14.845 16.83837 16.28589 14.84938 12.931 10.09208 11.10612 12.03032 11.77633 11.45413 
  15.62821 16.82298 17.51136 18.68624 17.02559 13.95602 13.42196 13.48518 14.4695 17.11564 17.27246 17.01283 17.02117 15.0559 16.30948 15.58342 14.03757 11.91938 10.41838 11.3173 12.52125 12.41105 11.7914 
  15.54123 16.75409 17.4185 18.76371 16.5224 13.87202 13.0217 13.31143 14.40889 17.11564 16.79251 16.81922 16.72778 14.6341 15.51615 14.81708 13.22575 11.61589 9.811359 11.21171 12.22669 11.68566 11.4236 
  15.45425 16.68521 17.4185 18.76371 16.07512 13.95602 12.88092 13.3983 14.59072 16.81819 16.19258 16.81922 16.43439 14.49351 15.38393 14.1146 14.11875 12.02054 9.89134 10.78936 12.12851 12.41105 12.21299 
  15.45425 16.61632 17.32563 18.68624 15.79557 14.04003 12.94164 13.48518 14.77255 16.61988 15.59265 17.30324 16.72778 14.28261 14.78206 13.38863 12.98221 11.61589 9.599412 10.36701 11.34302 11.77633 12.46594 
  15.41076 16.54744 17.23276 18.45383 15.85148 13.95602 13.06172 13.87611 15.25743 16.22328 14.87273 16.81922 16.23879 14.28261 15.11949 13.38863 13.95638 11.3124 9.56342 9.866098 11.34302 11.95768 12.21299 
  15.36726 16.40966 16.95415 18.06649 15.90739 13.95602 13.26185 14.09329 15.6211 16.22328 14.15281 15.36715 14.96743 14.14201 15.45004 14.49777 13.71284 11.21113 9.983317 10.47259 10.85209 12.13903 12.46594 
  15.28028 16.27189 16.76842 17.67915 15.90739 13.91402 13.22183 14.04986 16.04537 16.02498 13.19292 14.59271 14.18505 13.93111 15.11949 14.37005 12.90103 10.97484 9.827355 10.68377 11.04846 12.2297 12.71889 
  15.1933 16.203 16.67555 17.44674 15.68375 13.83002 13.14177 14.18017 16.10598 15.13263 12.23303 13.52785 12.75171 13.83685 15.31782 14.30619 12.42948 9.945267 9.52743 10.36701 10.85209 11.425 11.7914 
  15.14981 16.06523 16.58268 17.21434 15.51602 13.62001 13.10175 14.70141 15.86354 13.94282 11.35739 12.68162 12.70561 13.93111 15.45004 14.75322 12.39805 9.91151 9.68739 10.00713 9.988142 11.30813 12.29731 
  15.10631 15.85857 16.30408 16.67206 15.34829 13.41001 13.26185 15.17922 14.77255 12.07216 10.56931 12.78155 13.16659 14.14201 15.1856 14.1146 12.90103 10.51913 10.09208 10.34269 10.52463 11.59499 11.37781 
  15.06282 15.58303 16.11834 16.12978 15.06874 13.032 13.66211 14.96203 13.3179 10.56371 9.299624 11.98216 13.30488 12.65852 14.13092 12.40644 11.54927 9.236382 9.105573 9.773698 10.12749 11.19126 12.12867 
  14.97584 15.10082 15.654 15.66497 14.286 12.73799 13.50201 13.61549 10.67323 8.893647 9.080714 10.883 11.92195 10.6318 12.39452 11.76587 10.449 9.33765 9.627405 9.467937 10.44799 10.46881 10.92757 
  14.49743 13.30978 13.0537 14.50303 13.3354 11.91937 13.30188 12.49295 9.383995 8.193296 10.00014 11.68239 12.89 11.00887 10.9837 9.801482 9.474474 9.472676 9.803362 10.16275 10.25987 11.00003 11.01152 
  14.18904 12.95646 12.14124 13.96104 12.928 13.87202 13.66211 11.64128 10.52447 10.02498 10.00014 10.58323 11.73755 10.39614 10.82091 10.35664 10.82623 9.43892 9.135238 9.572847 10.2947 10.85129 11.41597 
  13.34097 10.90722 9.263508 11.71568 10.8231 11.51006 11.72713 9.313363 8.491447 7.600693 7.548339 8.884523 10.21633 10.01907 9.627136 9.246327 10.07176 9.523311 9.095684 9.744519 9.878807 10.26695 10.41731 
  12.64709 10.41257 8.421243 9.934885 9.940397 10.16518 9.662459 8.348131 7.400556 7.331327 7.285646 7.68544 9.29437 9.783406 8.541888 9.417145 9.474474 9.489554 9.983317 9.851509 10.12749 10.64942 10.75969 
  11.49063 9.635274 7.087657 9.160625 9.193497 10.45754 9.358831 7.837125 7.797244 7.008089 7.285646 8.135096 8.695098 8.74648 8.487626 8.819285 8.940058 9.303894 9.631404 9.744519 10.09265 10.62818 10.5918 
  10.10287 8.575321 7.368412 8.696068 8.650296 9.755868 9.541008 5.529254 6.061733 6.84647 6.76026 6.659862 7.032497 8.086617 8.650414 9.545257 9.00293 9.303894 9.747375 9.467937 9.438892 10.2457 10.34228 
  6.787677 6.950059 6.94728 7.147546 7.020696 9.463503 9.358831 7.099006 6.855109 6.221811 7.811032 7.68544 7.496554 7.658441 8.324839 8.428147 8.908621 8.762913 9.591413 9.841783 9.960273 10.40507 10.91231 
  6.170897 6.031434 5.33294 7.379825 7.360196 9.697395 11.05915 8.348131 6.954281 7.061962 7.548339 7.335707 7.496554 7.992351 8.054562 8.113401 8.940058 9.270138 9.607409 10.20166 9.789195 10.53256 10.72153 
  4.86024 5.183471 5.33294 6.141007 6.952796 9.697395 10.9377 9.199806 6.954281 6.954216 6.565217 6.450932 8.003631 8.793612 7.708585 8.575028 8.867877 8.832082 9.174791 9.70637 9.471478 10.18725 10.82074 
  6.247994 4.547499 6.105016 5.753877 6.409596 8.118626 7.415611 8.348131 6.260077 7.223581 6.672696 6.952364 8.141924 8.699347 8.019077 8.44913 9.097239 9.354528 9.587415 9.658684 9.886953 10.25633 10.59943 
  5.091532 3.207376 4.560864 6.218433 7.020696 6.949166 7.537062 8.461687 7.301383 7.115835 6.198965 7.485592 8.41851 8.180883 8.704676 8.691174 8.616567 9.287016 9.735378 9.13413 9.715876 10.37319 10.37979 
  5.091532 4.97148 5.262752 6.218433 7.088596 7.475423 7.233434 7.496455 7.103039 7.061962 6.804042 6.513611 7.004952 7.898085 8.019077 8.522571 8.908621 9.013651 9.799362 9.939047 10.06478 10.38382 10.75969 
  4.86024 4.618163 5.192563 4.53933 5.517597 6.715274 7.233434 7.382898 7.549314 6.173728 6.628914 7.085898 7.450456 7.785312 8.001335 8.407165 8.532797 9.15199 9.623405 9.939047 9.911393 10.5963 10.37979 
  4.210907 4.97148 4.280109 6.295859 6.613296 6.364437 5.89747 6.360888 7.995587 7.870059 7.811032 8.784599 8.925587 9.500608 9.952711 12.0221 12.77528 13.43681 12.5937 10.28433 9.789195 9.724932 10.53075 
  4.378123 4.335508 4.911808 5.28932 5.934296 6.539855 6.261824 6.304109 8.243517 8.408789 7.723467 7.785363 7.865337 8.557947 9.084513 11.16802 11.80076 12.72867 12.04987 9.846646 9.903247 10.2882 10.70627 
  4.127299 4.335508 3.921649 4.206518 4.977205 5.662761 5.715293 5.492518 7.202211 7.762312 6.374129 7.135859 7.183996 8.13375 8.098918 9.075511 9.160111 9.074175 9.571419 9.553773 9.895101 10.5963 10.64522 
  3.681389 4.476836 4.490675 4.164917 5.054404 5.487342 5.715293 4.647589 5.959132 5.821122 6.549294 6.607629 6.949862 8.13375 7.992464 8.291758 8.551413 9.455798 9.655398 10.11898 10.05085 10.43694 10.40981 
  5.091532 5.112807 4.139732 4.824763 4.900007 4.886783 4.31787 5.56599 5.805229 5.933315 7.460774 7.43563 6.701954 8.275149 8.054562 8.428147 8.430411 8.598636 9.155014 10.0509 10.42012 10.16334 10.42481 
  4.433861 4.406172 3.280777 4.331323 5.517597 5.25345 4.878214 5.679547 6.656765 6.469358 6.310433 7.385669 7.58875 7.221444 7.540032 8.819285 9.25442 9.590824 9.362671 9.968225 10.43405 10.35194 10.30476 
  4.601078 4.335508 3.625862 3.790504 4.243817 5.25345 4.85746 5.419046 5.651327 6.02948 6.935389 6.36736 7.280405 7.945218 8.270576 8.648469 8.421103 8.866667 9.273675 9.630072 10.20413 10.38382 10.49259 
  4.461731 4.547499 3.42867 3.624098 4.128019 4.353449 5.168762 5.38231 5.88218 6.415485 6.310433 6.461378 6.52291 7.714828 8.324839 9.246327 8.281487 9.15199 9.77137 9.70637 10.07175 10.23508 10.54601 
  4.322384 4.113778 3.872352 3.540895 5.208802 5.220117 4.836707 4.941477 5.907831 6.84647 6.804042 7.035936 7.496554 8.416549 8.433363 8.291758 8.877185 9.091467 9.691389 10.17248 10.32954 10.09957 10.16971 
  4.86024 4.618163 3.280777 4.497728 4.977205 4.453449 5.085748 5.419046 6.111319 6.045507 6.437825 7.085898 7.634848 8.228016 8.650414 8.501588 8.709644 9.793363 9.835354 9.267653 10.06478 10.37319 10.68337 
  4.294515 3.585043 2.294817 3.790504 3.626227 5.220117 5.290214 5.793104 6.557593 6.189756 6.979171 7.385669 7.266632 8.086617 8.487626 8.333724 8.756184 9.202624 9.679392 9.773698 10.13446 10.45819 10.22223 
  3.040394 2.489808 3.280777 3.873706 4.01222 4.020115 4.048075 5.345573 6.855109 6.307739 6.437825 6.732987 7.36304 8.228016 8.704676 8.648469 8.495565 9.108759 9.575418 9.553773 9.68329 10.22711 10.51549 
  4.86024 2.867476 4.020246 3.707301 4.359615 4.65345 5.411665 4.574117 5.394823 5.740984 5.609775 7.085898 7.450456 7.517474 8.379101 8.990103 8.877185 8.866667 9.323117 9.620534 10.11355 10.60693 10.49259 
  4.573208 4.335508 2.738499 4.123315 5.208802 3.953448 4.38013 4.868005 4.753562 5.516598 6.501522 7.285745 7.450456 7.306024 8.090047 8.904694 8.877185 9.489554 9.551423 9.668221 10.13446 10.51131 10.56891 
  4.601078 3.698344 2.196222 3.832105 4.784208 4.086782 4.525404 4.831269 4.420107 5.997425 6.891607 7.285745 7.30795 7.945218 8.107789 8.819285 9.50591 9.33765 8.838586 9.448862 10.06478 10.17928 10.04216 
  3.681389 2.603108 2.689201 3.332887 4.01222 3.120114 4.483898 4.757797 5.907831 6.415485 6.469673 6.430038 6.867226 7.249637 7.886009 8.144876 8.39318 8.633221 9.194568 9.83692 10.35044 10.13942 10.52312 ]
