 [
  5.57974 6.25015 6.143238 6.547205 6.811105 7.795378 7.710914 8.335807 8.139273 7.502392 7.535655 8.428129 7.938023 8.328839 8.536304 8.976519 9.155153 9.491597 9.83719 10.11381 9.894317 10.49341 10.58186 
  5.498902 4.472052 4.497036 6.177685 6.368699 7.124369 7.044947 7.780657 8.065046 6.673951 6.472742 7.13082 7.364212 7.787617 8.501677 8.730968 8.814558 8.917945 9.716903 9.874261 10.24448 10.42918 10.67483 
  6.63063 4.774887 4.705743 5.361391 6.280218 5.486751 5.023553 5.75368 5.235039 6.357897 6.601385 7.312051 7.723694 8.177238 8.281343 8.719613 8.838886 9.023014 9.403213 9.411569 9.95611 10.39065 10.83542 
  4.797405 4.5057 5.152972 5.096637 5.837811 5.144949 4.786838 5.3319 5.797326 6.066155 6.766783 6.473859 7.447169 7.706507 7.803668 8.367588 8.924035 9.163107 9.475951 9.475718 9.908049 10.3778 10.25901 
  3.518879 3.227064 3.274612 4.765694 5.3314 4.559002 5.070897 6.253994 6.164034 6.625327 7.254673 7.085512 7.980889 7.530767 7.728245 8.708258 9.285133 9.522273 9.548501 9.942702 10.27783 10.369 10.37647 
  4.626935 3.866382 4.019993 5.278656 5.6747 4.87639 4.455435 5.512663 6.041798 6.284962 6.56463 6.745705 7.502474 7.300954 8.46705 9.116833 8.838886 9.675648 10.07776 10.01114 9.990439 10.28093 10.64102 
  4.399642 3.159767 4.646112 4.96426 5.271695 5.782351 5.141912 4.518467 5.772878 6.552392 6.766783 6.881628 7.419517 7.868728 8.57093 8.617413 8.948363 8.637759 9.088013 10.03396 9.880585 10.48057 10.31121 
  5.251992 3.765437 4.705743 5.146278 5.376178 4.754318 4.502778 5.663299 6.237376 7.124639 6.674895 7.221435 7.640737 7.084659 8.092787 8.730968 8.887543 9.005503 8.966782 10.06818 10.3612 10.44203 10.64948 
  4.257583 2.991525 4.169069 4.782241 5.047804 4.314858 5.236598 6.115206 6.090693 5.895972 6.178702 6.972243 7.530127 7.760581 8.744066 8.674191 9.350124 9.250665 9.620673 9.885668 9.983574 10.57048 10.18723 
  4.71217 2.621393 4.28833 4.831882 5.926292 5.707794 5.11824 5.813934 6.286271 5.847349 6.19708 6.858974 7.585432 8.063539 8.744066 8.322165 8.413142 9.145596 9.330475 9.842283 10.2278 10.09598 10.29164 
  3.85982 3.630844 4.556667 5.576504 5.689626 5.09612 5.639016 6.115206 6.212929 6.746886 6.307345 5.884859 5.953937 7.206325 8.640185 8.801126 8.79023 9.522273 9.572558 9.356584 9.818791 10.1224 10.46782 
  3.831408 3.126119 3.870917 4.798788 4.794061 4.095128 4.124032 5.663299 5.259486 5.190929 6.031682 7.429785 7.852291 7.949839 8.16821 8.730968 9.675076 9.285687 9.427459 9.594851 10.26115 10.62187 10.72554 
  3.973466 4.10192 4.2287 5.262108 5.704552 4.070714 5.425971 6.462175 6.580523 6.479456 6.49112 7.334704 7.502474 7.652433 8.674812 9.116833 9.285133 9.430247 9.644731 9.54903 10.21113 10.49341 10.70019 
  4.967875 3.49625 4.526852 5.675787 5.450809 5.782351 4.621136 5.813934 6.457402 6.746886 6.63814 6.791012 7.447169 8.290939 8.193351 9.011597 9.447609 8.900433 9.318352 10.21647 9.962976 10.58333 10.70864 
  4.456465 3.799085 4.526852 4.815335 4.9881 5.486751 5.047225 6.878537 7.248558 6.430832 7.348333 7.382245 7.447169 7.949839 7.740816 8.606056 9.64258 9.368897 9.172874 9.384076 9.756998 9.866993 10.40257 
  4.797405 3.159767 3.453503 5.708881 5.74933 5.389093 4.881524 6.253994 6.654748 7.313515 7.910296 8.903532 8.452413 7.855209 8.813321 9.257147 9.415114 9.614298 9.427459 9.741477 10.26115 10.26331 10.54805 
  4.001878 4.572997 5.357414 5.477221 5.495586 5.633237 6.452976 6.184599 6.803201 7.376474 7.441994 8.190429 7.723694 7.611877 8.57093 9.081754 9.350124 9.233153 9.644731 9.897075 10.49459 10.3778 10.25901 
  5.109933 4.135569 4.616298 5.344844 5.555291 5.09612 5.787008 6.253994 6.38406 6.601015 6.619762 7.477325 6.838815 7.625396 7.841379 8.276743 8.99702 9.09306 9.221367 9.750642 10.17778 9.981485 10.5396 
  3.973466 4.034624 5.182787 5.808165 5.391104 5.633237 4.573793 5.452409 6.481849 5.506983 6.41761 7.062859 7.895157 7.625396 7.489408 8.503856 9.675076 9.338223 8.748567 9.851447 10.02477 10.55764 10.57341 
  5.983928 7.291512 6.841747 6.824345 6.280218 7.124369 7.488925 8.613382 9.401118 9.705949 9.830336 9.236313 8.28095 8.253038 8.986456 10.73045 11.29983 11.24007 10.55891 10.23928 10.87811 10.943 10.5396 
  5.660578 7.291512 5.357414 6.177685 5.689626 5.462337 6.082994 6.462175 7.248558 7.250556 7.535655 7.667486 8.58101 8.442539 8.674812 8.976519 9.70757 10.13577 9.789075 10.39898 10.77806 10.86593 10.43519 
  6.226441 6.510491 5.706669 6.547205 6.014774 4.827561 5.449643 5.663299 6.408507 6.998722 7.629315 7.857647 9.481192 10.71654 11.37573 12.13359 12.40466 11.11737 10.79949 10.83244 10.4279 10.86593 10.65793 
  6.549792 6.423711 6.405179 5.411033 6.191736 5.931464 6.748961 7.086719 8.436177 8.194939 8.753241 9.664175 11.32442 13.4603 14.57993 15.34305 14.96144 14.61291 13.84266 13.49603 13.28462 13.38186 12.92463 
  6.873142 7.378293 6.929061 6.824345 5.74933 7.049812 7.266936 8.474594 9.54957 8.824526 9.127882 10.94776 11.88168 14.71289 15.78487 16.81925 15.82824 15.51177 15.08153 15.16653 15.2161 15.11257 14.58319 
  8.085708 8.072535 5.96861 6.362445 6.191736 7.422595 7.710914 8.75217 9.54957 8.824526 9.783506 10.13958 12.39607 15.10845 16.80443 17.00377 16.69504 16.23085 16.32041 16.58003 16.23865 16.34879 16.36023 
  9.217435 9.113896 5.03371 6.639585 7.341993 7.497151 8.154892 8.543988 9.178439 8.509732 9.502524 11.04284 13.38807 15.30623 17.82399 17.74187 17.73519 17.2196 17.24956 17.73653 17.94289 17.33776 16.95258 
  10.51084 10.24204 7.278316 7.563385 8.492249 8.317274 9.042849 9.168532 10.58874 10.58737 10.3923 11.66086 13.12479 15.70178 17.54593 19.03354 17.90855 17.57914 18.07548 18.76453 18.62459 18.69761 18.25574 
  12.3701 11.80408 9.897728 7.748146 8.757693 8.764613 9.264837 9.584895 10.29183 11.09104 10.57962 11.4707 13.21052 16.7566 18.00937 18.94128 18.08191 18.38811 19.10787 18.63603 18.51097 19.43934 18.84808 
  14.31021 14.06037 12.42982 11.81287 10.79276 9.510179 10.22679 10.97277 11.25677 11.34288 11.3289 12.13627 14.21665 16.09734 18.28743 18.75675 18.60199 18.478 19.10787 19.15003 18.85182 19.8102 19.08502 
  15.3611 15.10173 14.52535 14.39951 12.91631 11.67232 11.26274 12.70761 13.18665 11.4688 12.54649 12.23135 13.56563 15.96549 18.56549 18.94128 18.16859 18.38811 18.69491 19.40703 19.19267 19.06847 18.84808 
  15.68445 15.53563 15.4858 15.60045 13.53568 12.49244 12.22469 13.60973 14.15159 11.78359 11.04792 12.18381 13.62481 15.83364 18.10205 18.29544 18.77535 18.92743 19.00463 19.27853 19.4199 18.57398 18.13727 
  16.05987 16.06246 16.3987 16.52425 13.88961 13.08889 12.89066 14.44246 15.41344 13.04276 12.21868 13.27723 14.33502 15.43808 17.82399 17.64961 17.56183 17.30948 18.90139 18.50753 18.62459 18.94485 18.3742 
  16.48892 16.63152 17.3132 17.63281 15.39379 14.13268 13.70462 15.20558 16.28715 14.61673 12.35917 13.13461 14.09829 15.89956 16.98981 17.64961 18.34195 17.2196 16.11393 17.09403 17.26119 17.58501 17.18951 
  16.86434 17.02088 17.94937 18.43655 16.72101 14.20724 14.0006 14.78943 15.71035 14.80561 12.17185 13.37231 14.98605 15.76771 16.24831 17.09603 18.25527 17.12971 14.87506 15.42353 16.12503 15.48343 14.34626 
  17.13249 17.41024 18.50602 18.78601 17.70722 15.02736 14.96256 15.1016 16.24716 16.03082 12.78064 13.64487 14.63095 14.38326 14.95068 15.98889 15.82824 15.78143 14.35886 13.36753 14.07994 14.37083 13.0431 
  17.29339 17.64985 18.86386 19.13546 18.27628 15.40863 15.40942 15.20558 16.60704 17.30709 15.47054 14.88245 15.75545 15.2403 14.1165 15.52758 14.87476 15.42188 14.15238 12.72504 13.85271 13.75272 12.45075 
  17.37383 17.76965 18.86386 19.41502 18.49758 15.68722 15.5181 14.99761 16.20718 17.51129 16.22668 15.83876 16.93914 16.95438 15.69218 15.25079 14.7014 14.52303 13.73942 12.98203 13.62547 13.6291 11.73994 
  17.37383 17.7397 18.78434 19.17041 18.21305 15.5015 15.27357 14.99761 16.20718 18.0218 17.15085 16.5138 16.52485 16.82253 15.50681 14.23591 14.87476 14.97245 13.73942 12.85353 13.62547 13.50548 12.92463 
  17.34702 17.70975 18.74458 18.75106 17.83368 15.31577 15.03655 14.78943 15.71035 17.51129 17.65494 16.85133 16.58404 16.36104 14.67262 14.14365 14.96144 14.97245 13.32646 12.59654 13.28462 12.88737 11.97687 
  17.29339 17.64985 18.70482 18.36666 17.42269 15.10192 14.88856 14.78943 15.56189 17.51129 18.24305 16.4013 14.92687 15.96549 14.20918 13.49781 14.35468 14.79268 13.4297 12.85353 14.07994 13.99997 11.52849 
  17.23976 17.6199 18.70482 18.05215 17.10655 15.02736 14.74057 14.72003 15.56189 17.61339 18.32707 16.85133 13.68399 15.04252 13.56037 13.22102 13.66125 13.98371 12.60379 12.21104 12.94378 13.25823 11.97687 
  17.15931 17.50009 18.6253 17.87743 16.89797 14.87825 14.74057 14.72003 16.00725 17.9197 18.4951 16.96383 12.99619 14.25141 13.18962 13.08071 13.66125 13.53428 11.42498 10.83244 12.19538 12.39288 11.27493 
  17.07886 17.41024 18.50602 17.94732 16.89797 14.95281 14.81457 14.85882 16.72699 17.8176 17.90699 15.95127 11.88168 13.26252 12.41454 12.41422 12.89209 13.53428 11.54526 11.11762 12.26208 12.26926 10.9453 
  16.99841 17.35034 18.46626 18.15699 16.98645 15.17648 15.11055 15.46555 17.68665 17.76655 17.4029 15.61375 11.53875 11.81564 11.20259 10.90584 12.11221 12.28302 11.49715 11.12902 11.37834 11.52104 10.95375 
  16.91797 17.23054 18.22769 18.4715 17.07493 15.54793 15.35508 16.14145 18.48637 17.66444 16.98282 14.65743 11.79595 11.70194 11.27185 11.08123 11.88474 11.63885 10.48674 10.14803 10.51127 10.93015 10.9622 
  16.83752 17.14068 18.02889 18.75106 17.23301 15.91938 15.65395 16.97334 18.04653 16.94974 16.31069 14.0949 12.26747 11.62614 10.89095 10.76552 12.8596 12.5591 10.29428 9.965516 11.56175 11.98348 11.46933 
  16.75707 17.05083 17.98913 18.99568 17.32785 16.33726 15.89848 17.54526 17.68665 16.33713 15.63857 13.22969 12.26747 11.66404 10.4408 10.94092 12.20969 12.40572 10.60703 10.15943 11.96194 11.89356 11.73994 
  16.67663 17.02088 17.94937 19.31019 17.48592 16.66228 16.19735 17.9612 17.92657 16.28608 15.63857 13.41985 12.31034 11.13344 9.921389 10.90584 11.75476 11.54682 10.22211 9.530703 11.71182 11.62381 11.22422 
  16.64981 16.99093 17.94937 19.65964 17.83368 17.17302 16.41471 18.22117 18.08651 16.33713 16.22668 13.18215 12.73899 11.09554 10.16378 11.32678 12.30718 12.52842 9.813132 9.965516 11.6618 11.99632 11.47778 
  16.59618 16.96098 17.86985 19.83437 18.27628 17.49804 16.6049 18.27316 18.4064 16.74553 16.73077 13.70112 12.05314 10.98184 10.4408 11.57233 12.63213 12.62045 10.24617 10.22788 11.77852 11.72657 12.33228 
  16.56936 16.81123 17.71081 19.76448 18.71888 17.5909 16.71358 18.06519 18.44638 17.00079 16.73077 13.98239 11.83881 11.39874 10.9602 12.20375 12.66463 12.4364 10.07776 10.69556 12.26208 11.82933 12.33228 
  16.40847 16.63152 17.43248 19.2403 18.84533 17.17302 16.57773 17.64924 18.24645 16.79659 15.8066 14.2074 13.21052 11.43664 10.78707 12.87024 13.31453 13.4444 10.53485 10.62712 12.37569 12.02201 12.09534 
  16.27439 16.36196 17.19392 18.75106 19.06663 17.08016 16.82226 17.64924 18.4064 16.64343 15.38652 14.65743 14.09829 12.11884 12.03364 13.95912 13.57457 12.22167 11.016 10.46742 12.83016 12.14563 12.33228 
  16.08668 16.18226 16.87583 18.22688 19.03502 17.40518 16.76792 17.12932 17.80661 16.69448 14.88243 14.82619 14.51258 12.80104 12.55305 13.31329 13.15205 13.11125 12.29104 11.31154 11.87857 11.18706 12.09534 
  15.92579 16.06246 16.63727 17.87743 18.94018 17.77663 16.74075 16.92134 17.60668 16.18398 14.04227 14.60118 14.21665 12.64944 12.72619 13.31329 13.08706 13.14192 13.22323 11.44004 10.81141 11.10999 11.62147 
  15.79171 15.94265 16.35894 17.66776 18.75049 18.00878 16.46905 16.97334 18.08651 16.49028 14.12629 14.48867 14.15747 13.52623 13.28231 13.59007 13.66125 13.4444 13.22323 11.69704 12.48931 11.94494 11.16505 
  15.68445 15.88275 16.35894 17.63281 18.68726 18.10165 16.71358 17.33729 18.52636 16.59238 14.2103 14.48867 14.33502 13.78993 13.65306 14.14365 13.83461 13.26462 13.01675 11.95404 11.84522 11.88071 11.02137 
  15.60361 15.79597 16.27163 17.63281 18.52919 17.91592 16.46905 17.33729 18.28644 16.13293 14.37833 14.54493 14.33502 13.32845 13.18962 14.23591 13.83461 13.53428 13.32646 11.95404 11.67847 11.89356 10.68328 
  15.52277 15.70919 16.27163 17.63281 18.40273 17.7302 16.46905 17.44127 18.36641 15.77557 14.46235 14.43242 13.92073 12.80104 12.91156 13.68233 13.31453 13.53428 13.22323 11.82554 12.71654 12.39288 10.99601 
  15.44194 15.62241 16.18431 17.54043 18.21305 17.40518 16.27886 17.33729 17.48672 14.67969 13.62219 14.43242 13.97992 12.45994 12.91156 13.11579 12.30718 12.9272 12.70703 11.44004 12.60293 12.26926 10.70019 
  15.3611 15.53563 16.18431 17.44805 17.92852 17.03373 16.08867 17.2333 16.88694 13.98715 13.20211 13.53236 13.2697 11.77774 12.34529 12.62469 11.98223 12.8045 12.91351 10.94651 11.17824 11.18706 10.47435 
  15.3611 15.44885 16.18431 17.35567 17.61238 16.47655 15.87131 17.02533 16.12721 13.10572 12.26551 13.53236 13.38807 11.51244 11.47961 10.90584 11.23484 12.5591 12.55567 10.77541 11.09487 11.18706 10.50045 
  15.28026 15.18851 16.097 17.07853 17.07493 15.73365 15.59961 16.34942 15.19076 11.90951 11.23524 12.13627 12.43893 10.98184 11.06408 11.32678 10.64993 12.8045 12.26699 10.31913 10.62799 10.86593 11.02982 
  15.19942 15.10173 15.83506 16.61663 16.63253 15.3622 15.5181 15.67352 14.00314 11.59471 11.3289 12.08873 11.83881 10.48914 11.13334 11.64249 11.00737 11.91492 11.32875 9.778134 11.0115 12.5165 12.45075 
  15.19942 14.84139 15.22386 16.06235 16.01316 15.17648 15.76263 15.8295 12.81552 11.53175 11.37573 11.80349 11.45302 10.33754 10.61393 10.73045 9.675076 10.8413 10.60703 9.851447 10.2945 10.76317 11.10589 
  15.11858 14.23393 14.43804 15.32331 15.03986 14.72914 15.13772 14.92822 11.6279 10.71329 10.53279 10.42482 10.16705 9.465839 9.367354 9.783325 10.77991 11.36277 10.87166 9.732313 10.41122 10.5191 11.10589 
  14.7144 13.62647 12.60445 13.29095 13.27024 12.86522 13.55663 12.98519 10.66296 9.831867 9.970827 9.901876 9.39546 9.693239 9.54049 11.25663 11.4948 10.93332 10.63108 9.787298 10.46125 10.90446 10.97911 
  13.82518 12.75867 10.59624 8.764326 9.996431 11.07587 10.22679 10.14005 9.772249 8.63565 9.081053 9.093693 8.666741 8.025639 8.605558 11.08123 12.07971 11.05602 9.83719 10.19366 9.873719 10.95585 10.83542 
  12.04675 10.4156 8.675335 8.302425 9.554025 9.882961 10.67077 9.584895 9.104214 9.076361 9.174713 9.331394 8.881071 8.745739 8.709439 10.13411 11.78726 10.90265 10.31834 10.15943 10.12089 10.55764 10.31121 
  10.18749 8.940336 7.452943 8.949086 9.907949 8.988282 10.0788 9.30732 9.994927 9.202279 9.315204 10.09204 9.181131 8.366739 9.021084 10.20427 11.39732 10.62657 10.24617 10.53586 10.32785 10.76317 10.70019 
  7.843194 8.332874 6.754434 8.025286 8.757693 8.83917 9.708816 9.168532 10.21761 9.265238 9.034222 9.949417 9.223997 8.366739 8.778693 10.55505 11.72227 10.28915 9.813132 10.25069 10.12776 10.89162 11.01292 
  7.519844 8.159315 7.802198 7.286245 8.049843 9.510179 8.894855 8.890957 9.252666 8.950443 8.893731 9.521555 9.181131 8.821539 8.501677 10.37966 11.13736 10.56522 9.885304 9.999738 10.24448 10.75032 10.91994 
  6.711467 6.857612 6.841747 6.639585 7.518956 7.646265 7.932903 8.127625 8.287725 7.754227 8.425429 9.331394 8.366681 8.745739 8.744066 9.362383 10.03252 9.859697 9.909362 10.02255 10.26115 10.48057 11.42707 
  8.085708 7.812194 7.802198 7.378625 6.988068 7.646265 8.376881 8.266413 7.174332 7.124639 8.425429 8.523211 7.723694 8.783639 8.709439 9.18699 9.837551 9.798347 9.366843 9.530703 10.16111 10.28093 10.85233 
  6.792305 6.944392 7.36563 6.916725 8.049843 8.988282 8.228889 7.2949 7.619689 7.250556 8.144447 8.333049 8.409547 8.290939 8.363168 8.871283 9.317629 9.890373 9.644731 9.264942 10.0385 10.29854 10.58186 
  7.115655 6.25015 6.841747 6.454825 7.341993 7.94449 8.228889 7.433688 7.842368 8.131979 8.70641 8.428129 8.923937 7.665951 8.193351 8.333521 9.220143 9.320711 9.475951 10.42179 10.59464 10.46772 11.11434 
  6.95398 6.25015 6.143238 6.177685 6.368699 6.304246 8.080895 8.19702 7.397011 7.250556 7.910296 7.857647 7.980889 8.025639 7.992224 8.378943 9.252639 9.491597 9.136505 9.988331 10.19446 10.2457 10.81852 
  6.307279 4.572997 5.793983 6.731965 6.811105 7.646265 8.672867 7.780657 7.248558 7.187598 7.722975 8.000268 8.109487 7.987739 8.193351 8.026918 8.863214 9.128083 9.500197 10.13662 9.873719 10.22808 10.40909 
  7.196493 6.684052 5.706669 6.916725 6.103255 6.900699 7.488925 7.433688 7.174332 6.698263 7.535655 7.905187 8.023754 8.404639 8.231062 8.94144 8.802394 8.987991 9.197121 9.999738 9.880585 10.5191 10.91149 
  6.307279 6.770832 6.754434 6.639585 6.103255 7.124369 6.97095 6.054952 6.654748 7.313515 7.441994 7.715026 8.323815 7.949839 8.18078 8.503856 9.382619 9.460922 9.83719 9.931295 9.969842 10.1224 10.50697 
  6.711467 6.25015 6.055924 6.547205 6.368699 7.571708 7.636918 7.364294 6.139587 7.376474 7.488824 7.01755 7.723694 7.93632 8.501677 8.004208 9.021348 9.040525 9.716903 9.862854 9.95611 10.40349 10.21333 
  4.911052 5.122008 4.735559 5.576504 5.926292 6.900699 6.304983 5.874188 6.580523 6.625327 7.301503 7.266743 7.640737 7.841691 7.85395 9.011597 8.778066 9.023014 9.885304 9.954109 9.949244 10.28973 10.21986 
  5.57974 5.903029 6.055924 6.454825 5.837811 6.22969 6.008997 5.723553 6.506296 7.124639 6.307345 7.085512 8.195218 8.025639 8.117929 8.140475 8.656425 9.023014 9.269859 9.814791 9.688339 10.42918 10.74245 
  6.064766 6.770832 6.143238 6.639585 6.280218 6.378803 5.935001 6.085079 6.408507 6.998722 7.060822 7.198781 7.142992 8.253038 8.293914 8.871283 9.106497 9.552948 9.524444 10.14803 10.37787 10.35138 10.38299 
  6.226441 5.816249 5.706669 6.177685 6.014774 5.633237 5.165583 6.253994 6.803201 6.625327 7.301503 6.473859 7.809425 8.253038 8.092787 8.801126 8.984856 9.3032 9.330475 10.09099 10.0591 10.26331 10.91994 
  5.05311 6.33693 6.929061 5.900545 5.629921 6.304246 5.639016 4.91012 6.066246 7.313515 7.301503 7.334704 7.22595 7.882246 8.674812 9.18699 9.155153 9.338223 9.524444 9.677328 10.21113 10.25451 10.59031 
  5.308815 6.07659 5.357414 5.808165 5.3314 6.00602 6.008997 5.362027 5.748431 6.406521 6.766783 6.723051 7.198297 7.665951 7.992224 8.560634 9.106497 9.522273 9.524444 9.954109 10.34452 10.05194 10.20028 
  4.71217 5.295568 4.884634 5.295203 5.74933 5.218192 5.935001 6.253994 6.654748 6.998722 7.207843 7.334704 7.852291 7.557804 7.967083 8.378943 9.187649 9.368897 9.74096 9.649836 10.11403 9.814151 10.31774 
  5.337227 5.035228 6.230552 6.085305 5.614995 5.389093 5.070897 5.422282 4.941671 6.090467 7.060822 7.198781 7.336559 8.177238 8.218492 8.503856 8.607768 8.217482 9.378966 9.805626 10.47792 10.30735 10.64948 
  5.57974 5.035228 5.182787 6.085305 5.719478 5.120534 4.38442 4.187069 5.088355 6.212026 6.674895 6.858974 7.447169 7.987739 8.709439 8.871283 8.729409 8.86541 9.548501 9.411569 10.17778 10.44203 10.9284 
  4.655347 4.000975 4.526852 5.328297 5.182139 5.09612 5.11824 5.12101 6.481849 5.99322 6.93218 7.244089 7.087687 7.665951 7.992224 8.447078 8.37665 8.725317 9.245613 10.12521 10.12776 10.26331 10.35689 
  5.138345 3.832734 5.706669 6.177685 5.241843 5.389093 5.473314 5.663299 5.30838 5.531295 6.215457 7.01755 7.447169 7.436138 8.281343 8.481144 9.220143 9.233153 9.765018 10.01114 10.12089 9.911029 10.13503 
  4.911052 4.404756 4.735559 5.741976 5.495586 4.485759 4.999882 5.392155 6.580523 5.823037 7.254673 7.572405 7.723694 8.518339 8.709439 8.435722 8.546947 9.522273 9.644731 9.374912 9.901183 10.30735 10.52002 
  5.741415 4.371107 4.765374 5.493769 5.06273 5.169363 4.786838 5.12101 5.675089 6.935762 6.215457 6.881628 7.170645 7.341509 8.328541 8.254032 8.37665 9.491597 9.488074 9.604015 10.46125 10.41634 11.03827 
  5.498902 4.539349 3.66221 4.749146 5.837811 5.047291 4.550121 5.904316 6.580523 6.809845 6.674895 7.619946 7.980889 8.290939 8.256203 8.571989 8.765902 9.460922 9.439582 9.695657 10.19446 10.63471 10.12198 ]
