 [
  5.245044 6.726983 8.411724 8.052608 6.087493 6.852433 8.083532 7.952424 8.253416 9.133328 8.808352 9.040395 9.531116 9.12206 9.281484 8.768908 9.644915 10.00591 9.864632 10.28514 10.26361 10.26155 10.62685 
  5.756908 5.713731 6.911907 7.326987 6.850397 6.852433 7.161555 8.505499 8.880751 9.29929 9.540057 9.565395 9.390213 9.335 9.063339 9.160914 10.22389 10.70213 9.749291 9.395536 9.849754 10.35746 10.78887 
  5.087547 5.145333 6.984543 7.626486 7.372019 7.414765 7.871964 8.213295 8.541752 9.033752 9.01741 10.06783 9.289036 9.372211 9.063339 9.13076 10.14226 10.38883 9.233346 9.554703 9.807013 10.45337 10.68404 
  5.756908 6.221145 7.751533 8.600479 7.64711 7.498508 7.962636 8.300252 8.637864 8.706159 8.773508 8.3801 8.951782 9.409422 8.872366 9.13076 9.815768 9.714825 9.571574 10.11876 10.1347 10.27354 10.95782 
  6.814172 5.401112 7.531468 7.365424 7.062542 7.526423 6.504929 7.77851 9.153997 9.266097 8.878037 8.961159 9.390213 9.029714 8.184389 8.949834 10.18307 10.17997 9.710845 10.01894 10.46787 10.94993 10.92403 
  5.953779 5.287432 6.367138 7.057925 6.441699 7.275193 6.833242 9.079049 9.487966 9.531634 8.371557 9.225277 9.322762 9.098973 8.6758 9.9293 10.22389 10.56289 9.787738 9.939354 10.00647 10.55563 10.85645 
  5.245044 4.633774 7.093496 7.211675 6.278219 8.056796 7.366751 8.430688 9.184359 9.432057 9.435528 8.248041 8.749429 9.29779 9.317841 9.9293 9.572289 9.512361 10.01842 9.92609 10.04921 9.973831 10.53155 
  4.339437 5.315852 6.875589 6.904176 6.993769 6.468106 6.792203 9.552852 9.184359 9.199713 8.693118 9.36442 9.788198 9.967582 8.708562 9.463229 9.475452 9.681081 9.482043 9.660813 10.35115 10.58596 10.78887 
  5.875031 6.726983 7.384759 7.80911 7.440792 7.198327 7.325711 9.403231 9.24508 9.46525 9.540057 9.665883 9.971828 10.00479 9.535985 9.9293 10.38713 9.799185 9.392512 9.766924 9.821259 10.55563 11.05919 
  5.756908 6.818953 7.678178 7.326987 6.993769 6.775568 7.079476 7.952424 8.445641 9.432057 9.435528 9.565395 9.824924 10.042 9.390555 9.675079 10.06064 9.832929 9.472095 9.607758 10.02072 10.42939 10.73169 
  5.756908 5.600051 6.839271 7.211675 6.523438 6.852433 7.871964 9.478041 9.579048 9.29929 9.01741 9.36442 9.49439 9.781528 9.426913 9.378489 10.14226 10.42364 9.749291 10.31842 10.26361 10.88927 11.12678 
  4.142567 5.685311 6.730317 7.626486 7.612723 7.083029 7.902188 8.804743 9.396884 9.199713 9.12194 9.198865 10.00855 9.237493 8.888746 8.995066 10.14226 10.07554 9.787738 9.422064 9.322613 10.38144 10.99161 
  4.142567 5.514791 6.185548 6.942613 6.250973 6.852433 7.509277 7.604595 8.157305 9.730787 9.296155 8.591394 9.086683 9.075887 8.135247 8.346745 9.281782 9.613592 9.581522 10.08549 10.40951 10.76795 10.42671 
  5.638785 7.002894 6.294502 5.136057 6.441699 8.196367 8.113756 8.555373 8.850389 8.769658 8.693118 8.829101 9.390213 8.498724 8.741323 9.463229 9.015485 9.461744 9.903078 9.700604 10.09195 10.55563 10.66498 
  5.481289 5.85583 6.730317 6.788864 6.768657 7.358936 7.284672 7.952424 9.032555 8.706159 7.969607 8.3801 9.423938 9.168233 8.626659 8.738753 9.734144 9.681081 9.07418 9.81998 9.849754 10.03377 10.4839 
  5.560037 5.401112 6.875589 7.656923 6.90489 7.833481 7.079476 9.228671 8.698586 8.867792 8.773508 9.330924 9.604568 9.006627 9.172412 9.336119 10.46876 10.07554 9.153763 9.859771 10.04921 10.61629 10.95782 
  5.67816 5.401112 6.657681 6.673552 7.303246 8.615084 7.932412 8.169817 8.349528 8.45216 9.330998 9.225277 9.714746 8.983541 9.426913 9.463229 9.815768 10.00591 9.690949 10.21859 10.12045 10.58596 10.35047 
  5.67816 6.083189 7.384759 7.1348 7.475178 8.391768 8.204428 8.480562 8.728947 9.033752 9.609743 9.498404 9.971828 9.145146 9.026982 9.251378 10.38713 10.38883 9.710845 9.873034 9.920989 10.2136 10.59826 
  5.441915 6.772968 6.33082 6.55824 6.850397 8.168453 8.415996 7.995903 8.698586 9.166521 8.344761 8.617806 9.714746 10.042 8.790463 9.145838 10.18307 10.07554 9.422356 9.939354 10.09195 10.2136 10.85645 
  7.067228 6.635012 6.040277 5.635743 6.577931 8.028881 8.839131 9.128923 8.541752 9.598019 9.505214 9.565395 9.714746 9.781528 8.692181 8.829216 10.63201 10.31921 9.35272 9.939354 10.29279 10.70729 10.85645 
  6.864783 6.726983 6.693999 6.788864 6.332712 8.224282 8.113756 8.854616 9.366523 8.801408 9.087096 8.855513 9.356487 9.483843 9.026982 9.505599 10.55038 10.73694 9.571574 9.727133 10.23442 10.45337 10.56014 
  6.308058 6.726983 6.294502 6.020117 6.659671 7.749737 8.053308 8.804743 9.63977 9.266097 9.47037 9.699379 12.06521 13.42817 13.28079 12.68336 12.14204 10.73694 9.864632 10.00567 10.35115 10.73762 11.3971 
  6.510504 5.85583 7.494791 7.480736 6.959383 8.447598 8.385772 8.829679 9.427244 9.797171 9.818802 9.732875 10.85325 12.05138 11.68107 10.98855 10.99931 10.73694 9.690949 9.395536 9.835506 10.27354 10.74122 
  4.851302 5.088493 6.766635 8.174357 6.577931 7.777652 9.050699 8.58031 8.668225 9.066945 9.505214 9.36442 9.751472 9.632686 9.535985 9.206146 10.50957 10.2844 9.903078 9.567966 10.00647 10.55563 10.33141 
  6.055001 5.600051 6.802953 7.869984 6.768657 7.198327 8.14398 9.029176 9.24508 7.721916 9.296155 9.632387 8.51335 8.567984 8.823224 8.603058 9.774957 9.901484 9.442252 9.170051 10.00647 10.88927 10.99161 
  6.308058 5.742151 7.311404 7.057925 6.714164 6.621837 7.811516 8.729932 9.184359 8.134663 8.912881 8.961159 9.086683 8.821935 8.921507 8.391977 9.620707 9.697952 9.293034 9.780188 9.878248 10.03377 10.89024 
  5.717534 5.571631 6.766635 7.365424 7.372019 7.159894 8.536892 9.178798 8.637864 8.293411 9.435528 9.066807 9.221585 9.260579 8.446475 8.844294 9.548079 9.529232 9.40246 9.660813 10.1062 10.33349 10.32188 
  3.670077 5.656891 5.168646 6.519802 7.234474 6.660269 7.448829 8.256774 8.445641 8.039413 8.371557 8.591394 9.289036 8.891194 8.954268 9.251378 9.572289 9.697952 9.826185 9.634285 10.23442 10.3215 10.76028 
  6.00439 4.917974 5.604462 7.019488 6.686917 7.275193 6.258694 7.561117 7.148129 7.975914 8.843194 8.697042 9.356487 8.937367 8.282671 8.452287 9.233364 9.681081 9.561626 10.21859 10.35115 10.55563 10.36 
  4.772553 4.264316 6.911907 7.288549 5.842274 6.39124 7.366751 8.387209 8.109248 7.785415 8.183981 8.353688 9.322762 8.821935 8.544758 8.663367 9.548079 9.664208 9.64121 9.806715 9.807013 10.64662 10.82266 
  5.441915 5.685311 7.202451 7.480736 5.978507 6.621837 7.569725 8.555373 8.637864 7.245669 8.532337 8.697042 9.49439 9.521054 8.64304 8.286437 9.475452 9.579848 9.903078 9.674077 9.849754 10.61629 10.82266 
  6.00439 5.770571 7.458114 6.98105 5.215603 7.63808 7.038438 8.455625 8.668225 7.944164 7.674843 8.327276 9.457664 8.752675 8.479236 9.293748 9.451244 9.34364 9.581522 9.81998 9.906742 10.58596 10.89024 
  5.875031 5.96951 6.294502 6.250741 6.496192 6.967731 7.202594 8.300252 8.445641 7.690166 8.585931 8.459335 9.604568 9.260579 9.172412 9.010143 9.548079 9.428 9.501939 9.289425 10.49705 10.55563 10.17892 
  4.496934 4.690614 5.568144 7.211675 6.850397 7.442679 8.536892 8.480562 8.157305 8.261662 9.12194 8.749865 9.390213 9.260579 8.266291 9.055374 9.233364 8.786864 9.681002 9.92609 9.920989 10.34547 10.7031 
  4.93005 5.173753 6.548728 7.019488 6.74141 7.526423 7.932412 8.729932 9.487966 9.000561 8.585931 8.961159 9.67802 9.446632 9.245127 8.91968 9.897392 10.17997 9.591471 9.727133 10.14894 10.73762 11.0254 
  4.063818 5.003233 7.238769 8.052608 6.605178 8.08471 7.720844 8.256774 8.850389 9.332481 8.982567 8.934748 9.67802 9.521054 9.099697 8.91968 9.52387 9.630465 9.826185 9.727133 10.23442 10.58596 10.71263 
  3.433831 6.129175 7.934919 8.296106 7.509564 7.442679 8.14398 8.854616 8.397584 8.900984 8.843194 9.431412 9.788198 9.707108 8.954268 9.590339 9.257573 9.25928 9.521835 9.899563 9.935236 10.12968 10.25516 
  4.378812 5.003233 7.057178 7.656923 6.686917 7.23676 7.407789 8.979301 8.20536 9.000561 8.912881 9.766371 10.04528 9.669897 9.245127 9.675079 9.938204 10.24959 9.903078 10.28514 9.379601 9.758039 10.56014 
  4.181941 5.94109 6.548728 7.211675 6.90489 7.121462 7.325711 8.300252 8.698586 9.29929 8.773508 9.967345 11.44087 10.86064 10.91756 10.94618 10.71363 10.11035 10.13376 10.45152 9.906742 10.3215 10.42671 
  4.536308 5.99793 7.678178 8.052608 6.959383 7.693909 7.962636 8.954365 9.002193 9.100137 8.719914 9.36442 10.30236 9.893161 9.6087 10.01404 10.30551 10.45845 9.903078 10.35169 9.977978 10.1057 10.89024 
  4.811928 5.91267 7.6415 8.14392 8.162905 7.470593 7.407789 8.530436 8.911111 9.398866 10.27176 11.03921 10.85325 10.30248 10.77213 11.32751 10.79525 10.21478 9.491991 10.51807 10.46787 11.04092 11.05919 
  6.156224 6.818953 8.301693 8.722229 8.472382 7.805566 8.14398 8.505499 9.062915 10.42782 11.14284 12.64702 12.17539 11.45601 12.11736 12.68336 11.85636 10.45845 9.551679 10.6179 10.81803 11.3139 10.95782 
  6.105613 5.94109 8.118306 7.519174 7.131315 7.442679 7.660397 9.877033 9.973739 9.531634 9.191626 10.23531 10.48599 9.168233 9.172412 9.251378 9.620707 9.816056 9.864632 10.25187 10.38033 10.61629 11.0254 
  6.206836 6.726983 8.265016 6.904176 6.768657 8.615084 8.536892 9.353356 9.487966 9.232905 9.609743 10.46978 10.59617 9.930371 10.3722 10.22589 10.14226 10.21478 9.710845 10.31842 10.40951 10.5253 10.62685 
  9.294128 9.899963 11.12585 11.49202 11.36083 10.9953 11.3175 11.12388 11.03637 13.56943 14.52669 14.11346 13.71788 13.94913 14.75286 14.75432 14.91725 14.64321 14.86976 14.27821 13.82362 13.34605 13.59347 
  9.952076 9.578068 11.41927 11.79625 11.66069 10.84824 11.3175 11.62262 11.15781 14.34858 15.30264 14.21248 13.86479 14.3778 14.94367 14.83388 15.01439 14.85705 15.1075 14.41484 14.21721 13.46737 13.83001 
  7.826399 8.290481 8.925207 8.996164 8.781858 9.033799 9.806298 10.22615 10.61131 10.75974 12.11845 11.84311 11.22051 12.64675 12.26279 11.36988 11.24418 10.66732 10.97958 10.65117 10.81803 10.98026 10.99161 
  7.269674 7.186835 8.668466 9.665785 10.12292 10.0108 10.441 10.69995 10.79348 11.7887 13.40586 13.24994 12.50592 13.35375 12.59 11.83596 11.52987 11.85088 10.7489 10.8841 10.96394 10.9196 10.89024 
  7.421508 6.818953 7.568146 9.209226 10.29486 9.759574 9.322715 10.40071 11.37033 12.08743 13.49208 13.81642 13.49753 13.46539 12.77179 12.17492 11.36662 11.46796 10.67201 10.8841 10.67213 10.85894 10.92403 
  7.269674 7.14085 8.118306 9.2701 8.919403 8.615084 9.141371 10.20121 10.91492 12.22019 13.75073 13.21645 13.3139 12.72117 12.29914 12.3444 11.93799 11.01542 10.78735 10.81755 10.49705 11.07125 10.99161 
  7.168451 7.462747 8.154984 9.665785 8.988176 8.252196 9.655179 9.727411 9.548688 10.82613 12.98953 13.04897 11.22051 11.71648 11.35385 11.2004 10.9585 10.11035 9.700897 10.55135 10.29279 10.41741 10.92403 
  7.11784 8.520407 7.934919 7.596048 8.919403 8.866313 9.141371 8.555373 9.882656 10.56059 11.70033 12.27856 11.51432 11.38159 10.00863 10.22589 10.42795 9.866673 9.941525 10.18532 10.67213 10.85894 10.52202 
  6.257447 6.405086 7.093496 8.417855 9.263267 8.754656 8.929804 8.343731 9.002193 9.797171 11.56096 12.11108 11.00016 9.85595 9.245127 9.505599 9.52387 9.444873 9.710845 10.45152 10.52623 10.47735 10.53155 
  6.662338 6.589027 8.558434 8.783103 7.681496 7.303107 8.113756 7.865467 7.772857 9.033752 10.89894 11.74263 10.08201 9.558265 8.872366 9.505599 10.67282 11.32872 11.4025 12.2484 11.37246 10.42939 10.95782 
  7.067228 6.221145 7.934919 7.596048 6.468945 6.967731 6.833242 6.735024 6.907849 8.769658 10.65504 10.40279 10.04528 9.483843 8.495616 8.934757 9.427035 9.901484 9.979972 10.58462 10.35115 10.47735 10.78887 
  5.835656 6.221145 6.367138 6.827301 6.82315 6.160644 6.135577 6.821981 6.907849 6.769423 8.317965 9.498404 9.289036 8.475637 8.069726 8.376901 8.603934 8.888096 9.482043 9.780188 9.920989 10.3215 10.77934 
  5.599411 4.491675 4.987057 5.481994 5.433576 4.815499 5.109599 5.648061 5.562282 6.769423 7.916014 7.640571 7.299234 8.036993 8.331812 8.391977 8.143966 9.17492 9.601418 10.18532 10.46787 10.55563 10.53155 
  6.864783 5.96951 6.185548 5.712618 5.488069 5.430422 5.889342 6.517632 7.100073 6.991671 7.058519 7.904688 7.33296 7.783041 7.905922 8.331669 9.354408 10.00591 10.2491 10.71772 10.43869 10.73762 10.65545 
  12.2802 10.91164 9.622077 8.600479 8.403608 9.368773 10.28988 8.854616 8.493696 9.066945 8.398355 9.11963 9.457664 8.660329 9.245127 9.378489 9.644915 9.613592 10.05686 10.25187 10.26361 10.11769 10.37906 
  12.12836 11.87733 9.988851 9.148351 10.15731 10.06663 11.01526 10.57527 9.973739 11.75551 12.0836 12.11108 11.25724 10.97227 11.79014 12.38677 12.01961 12.09455 13.47861 13.67925 12.42296 11.89018 11.63363 
  12.38142 11.60142 10.90578 9.574473 9.88222 9.954975 9.232043 10.05159 11.79539 12.95042 13.49208 12.17807 13.97497 13.76307 13.60801 14.50527 14.34589 14.32244 16.17734 16.46419 15.57947 14.51595 13.93138 
  11.62225 10.77368 9.512045 9.148351 10.15731 9.954975 9.776074 8.954365 11.52214 12.48573 13.23343 13.38392 14.12187 14.11211 14.62565 15.62948 16.47146 16.03321 17.00944 17.69381 16.94173 16.89916 16.48703 
  10.86308 10.31383 8.88853 9.878846 10.39802 10.42952 11.22683 9.976781 10.76312 11.85508 12.04876 13.35043 15.57329 14.99774 16.72455 16.82288 17.24857 17.85092 19.62462 19.87979 19.04705 17.8741 18.05617 
  9.496573 9.440111 9.548722 9.665785 9.263267 9.731659 10.86414 9.951843 11.49178 12.12062 12.53657 13.18295 14.59389 14.28924 16.21573 17.53892 18.89992 18.17169 20.81333 21.24603 19.41857 18.30742 18.64459 
  9.547185 9.807993 9.842141 9.909284 9.503971 9.787488 11.04548 10.87451 12.52404 12.6185 12.60625 13.41742 13.90151 15.79482 17.29698 18.25496 19.67702 18.7063 19.62462 20.83615 20.03778 19.06571 18.64459 
  8.332512 9.394126 9.512045 9.665785 9.641516 9.92706 10.83391 11.39819 11.73466 12.65169 12.81531 13.6184 14.1586 15.17487 16.72455 18.09584 19.09419 19.56169 20.45672 21.6559 20.28547 19.60735 19.13495 
  8.585569 8.796318 8.595112 8.691792 9.538357 10.09455 11.53142 12.6537 12.77273 13.82915 14.18182 13.91544 14.92035 15.52913 16.97896 18.57321 19.48274 19.66862 20.69446 21.51927 20.53315 19.28236 19.62531 
  8.686791 10.58974 9.695432 9.209226 10.77626 10.73658 12.17319 13.16923 14.14048 15.90688 15.90616 15.40063 15.46446 16.68045 17.55139 18.81189 19.48274 19.88246 20.81333 21.24603 21.02852 20.36564 20.01759 
  8.788014 10.0839 9.842141 9.39185 11.51076 11.73065 12.17319 12.34437 13.27009 15.77702 16.0786 16.19274 16.55268 16.94614 17.42418 18.57321 19.28847 19.98939 20.9322 21.6559 21.02852 20.36564 20.50794 
  8.433735 10.68171 10.24559 10.97459 11.36083 10.9953 13.02888 13.37545 14.01614 16.42631 16.25103 15.69767 15.68211 16.3262 17.29698 18.25496 19.67702 20.41708 21.52656 22.33901 21.77157 20.79895 20.70408 
  10.0533 10.35982 10.90578 10.03103 11.05136 12.02479 13.34976 12.44748 13.39443 16.03674 15.99238 16.78682 16.44386 16.85758 17.23337 19.68705 21.03695 21.05862 22.12092 22.88551 21.64773 21.23226 21.29251 
  11.52103 11.9693 12.0061 12.55683 13.01005 12.31892 13.02888 13.89098 13.8918 16.1666 16.50969 16.29175 16.33504 16.50332 17.61499 18.89145 20.16271 20.63093 21.64543 22.20239 21.15236 20.79895 20.21373 
  14.90631 15.30336 15.97978 15.75123 14.80919 13.05427 13.34976 13.99409 15.25955 15.90688 15.81995 16.09373 16.77033 15.44056 17.16977 18.33452 18.89992 19.02707 19.50574 20.15303 19.54241 19.06571 18.44845 
  17.56387 17.56191 18.81812 19.70621 18.10762 16.28978 15.59595 16.05624 18.49243 19.02348 16.5959 16.78682 17.74973 17.3004 16.08852 17.14112 18.41422 17.63707 18.79252 18.92342 17.18942 17.22414 16.78125 
  17.56387 18.52986 19.15872 21.07524 20.20662 17.46633 16.87948 17.29353 20.35755 21.23107 17.88916 17.87597 19.81735 19.60305 17.16977 18.41409 20.16271 18.27861 19.86236 20.01641 17.56094 16.35752 17.56581 
  18.11371 17.77701 18.81812 20.46679 20.35655 18.78995 17.52125 17.49974 19.36282 20.19221 18.0616 17.57893 19.92617 18.9831 16.02492 17.06156 17.34571 18.7063 19.50574 19.19667 17.31326 16.57417 17.76196 
  18.20535 17.66946 18.81812 20.01044 20.80633 19.37822 17.73517 18.11839 19.98453 20.8415 18.66512 18.37103 20.035 18.62885 16.27933 16.90244 16.95715 17.3163 18.79252 18.37692 16.44637 17.11581 18.54652 
  18.02207 18.31476 18.81812 19.70621 20.6564 19.52529 17.52125 17.19042 18.74111 19.80263 17.45807 19.36117 21.0144 19.24879 16.40654 18.01628 17.73426 17.63707 18.67365 18.92342 17.31326 17.22414 19.03688 
  18.11371 18.20721 18.70458 19.40198 20.80633 20.11357 18.05606 17.49974 18.61677 20.06235 17.37186 18.56906 19.81735 17.65465 15.7069 18.01628 17.73426 16.99553 18.67365 19.06005 17.18942 16.79083 18.44845 
  18.02207 18.31476 18.70458 19.24987 20.6564 19.81943 18.05606 17.60285 18.61677 19.54291 17.37186 19.65821 20.90557 18.54029 16.15212 18.81189 18.41422 16.8886 18.4359 18.51355 16.69405 17.11581 18.15424 
  18.11371 18.42231 18.81812 19.40198 20.50648 19.67236 17.84213 16.8811 18.98979 19.80263 17.45807 19.85623 20.68793 18.36316 16.08852 18.41409 18.21995 17.42322 17.96042 17.83043 16.07484 16.46585 17.56581 
  18.11371 18.52986 18.93165 19.85833 20.6564 19.23116 17.52125 16.98421 18.98979 19.80263 16.68212 18.96511 20.14382 17.83178 15.83411 18.57321 17.92853 17.53014 17.12831 17.42056 15.82716 15.92421 16.5851 
  17.74715 18.20721 18.59105 19.5541 19.75683 18.05461 16.77252 16.57178 17.24902 17.59504 16.25103 18.37103 19.16442 16.76902 15.6433 16.82288 16.37432 16.56783 16.41509 16.19094 14.71258 14.94926 15.80054 
  16.92239 17.88456 18.36398 18.18507 17.65783 16.28978 16.02379 16.46867 16.62731 15.90688 15.73373 16.58879 17.0968 14.73205 14.68926 14.54764 15.7915 15.71244 14.75089 14.68808 13.94035 13.71002 14.97888 
  16.83075 18.09966 18.25045 17.72872 16.90819 15.84857 15.91683 16.26245 16.25429 15.25759 15.30264 15.69767 16.00857 14.82062 15.89771 15.47036 14.63157 14.42936 14.63201 14.41484 14.34105 14.16498 15.21211 
  17.01403 18.31476 18.70458 18.79353 17.95769 16.28978 15.59595 16.36556 17.37336 16.55617 15.64751 16.19274 16.33504 15.17487 16.66095 16.5842 16.37432 15.81937 15.58299 15.23458 14.83642 14.62428 14.84372 
  17.28895 18.52986 18.93165 19.85833 18.85726 16.73099 15.38202 16.36556 17.99506 17.07561 16.33725 16.88583 16.87915 15.88338 17.10617 16.82288 16.08291 15.60552 16.05847 15.23458 14.34105 14.2863 15.11404 
  17.65551 18.63741 18.93165 20.31467 19.6069 16.87806 15.80987 16.26245 18.11941 17.85476 16.68212 18.07399 17.64091 16.94614 17.42418 17.3798 15.69436 14.96398 15.9396 15.23458 13.96953 13.43704 14.64097 
  17.83879 18.74496 19.04519 20.46679 20.05669 17.02512 16.13075 15.64381 17.37336 17.85476 16.42347 19.06413 17.64091 16.68045 16.27933 16.66376 17.44284 16.67476 16.29622 15.09795 14.09337 14.01332 14.84372 
  17.83879 18.74496 18.81812 20.46679 19.90676 17.02512 16.13075 15.95313 18.11941 19.02348 16.76834 18.56906 17.96737 17.21183 15.83411 17.22068 17.92853 17.3163 16.65283 16.32757 14.46489 15.92421 16.29089 
  17.83879 18.63741 18.81812 20.46679 19.75683 16.87806 15.80987 15.5407 17.87072 19.15334 16.85456 18.47005 18.29384 17.65465 15.19808 17.7776 18.41422 17.74399 16.89057 15.78107 14.96026 16.24919 16.48703 
  17.74715 18.42231 18.47752 19.85833 19.15712 16.73099 15.80987 15.23138 17.4977 18.63391 17.02699 17.77695 17.20562 16.59189 15.45249 18.01628 18.41422 17.42322 16.41509 16.32757 15.0841 17.44079 17.36967 
  17.47223 17.99211 18.02338 18.64141 18.40747 16.28978 15.38202 14.50963 16.25429 18.63391 16.94077 16.48978 16.44386 15.70625 15.00727 17.93672 18.31709 15.92629 16.29622 16.73744 14.83642 17.11581 17.17353 
  16.83075 17.34681 17.11511 18.03295 17.80776 15.7015 14.84722 13.58166 15.75692 18.11447 16.0786 15.79669 16.00857 15.26344 14.18043 16.10684 16.76288 14.64321 15.34524 15.23458 14.34105 17.8741 18.15424 
  16.09763 17.34681 16.88805 17.27238 17.05812 15.40737 14.41937 13.06612 14.76219 16.03674 14.0956 14.50951 14.37624 13.91191 12.66272 15.70904 15.98577 12.8952 14.32444 13.77908 14.09337 17.98243 18.35038 
  15.73107 17.34681 17.22865 16.35969 15.55883 13.93668 13.2428 13.47855 12.77273 13.56943 12.57141 14.11346 15.35564 13.31654 12.22643 14.67476 14.91725 10.14516 12.20988 12.71426 14.09337 16.79083 16.78125 
  15.08959 16.70151 16.54745 15.447 14.05955 11.87772 11.95926 12.85991 12.77273 13.05 11.8397 12.61352 13.86479 13.09328 12.29914 11.11566 11.52987 10.38883 11.59473 12.78081 12.53968 15.81588 16.19282 
  14.81467 16.91661 17.22865 15.14277 13.60976 12.02479 11.42446 13.58166 13.27009 13.69929 12.29266 13.6184 14.26742 13.24212 12.80815 10.01404 10.79525 10.14516 12.40211 12.84736 12.33542 14.84093 15.11404 
  15.73107 17.02416 17.45572 16.05546 14.3594 13.05427 12.70799 14.71584 13.27009 13.56943 13.19859 15.00458 15.02917 14.02355 12.3355 11.45463 11.89717 10.24959 11.74852 12.94719 12.80231 14.62428 15.11404 
  14.17319 15.08825 15.63918 14.3822 12.11047 11.28944 11.28727 12.96302 12.77273 13.82915 12.78047 13.45092 14.26742 13.39096 11.42657 10.98855 11.44824 9.25928 11.86386 12.21513 12.16034 14.73261 15.21211 
  15.63943 16.59396 16.88805 15.14277 13.3099 12.17185 11.74534 13.06612 11.79539 12.58531 11.90939 12.88149 13.53425 13.31654 10.99028 10.01404 10.71363 9.512361 12.44056 12.31495 11.81017 14.34696 14.70856 
  14.99795 15.4109 14.50384 13.16528 11.36083 10.4016 9.776074 10.94932 12.4026 12.55212 11.87455 13.91544 13.53425 12.87002 11.17207 9.9293 10.87688 9.866673 11.44094 12.14857 11.43082 14.16498 14.74235 
  15.54779 15.73356 15.18504 13.01317 11.08574 10.4016 10.68279 11.07401 11.33997 11.68912 11.8397 12.47954 12.02849 12.05138 9.717772 9.293748 9.596498 9.34364 10.90269 11.78254 11.19738 13.10341 13.8638 
  14.44811 13.79765 12.68731 10.88328 9.125721 10.42952 10.89436 10.82464 12.52404 12.68488 11.3519 11.54165 11.7714 12.20022 10.1177 9.505599 9.620707 9.34364 11.9023 12.78081 11.98525 14.40762 15.11404 
  14.44811 13.6901 12.91437 10.70065 9.572743 10.09455 9.927195 10.69995 11.73466 12.31977 10.96863 12.01059 12.10194 12.27464 10.08134 9.675079 9.427035 9.613592 10.2491 11.61617 11.22656 13.04274 13.59347 
  12.43203 13.79765 14.61738 13.16528 11.81062 11.43651 10.68279 10.62514 11.24889 11.58954 12.15329 13.51791 13.75461 14.55493 11.20842 9.84456 9.184947 9.681081 10.67201 12.48133 11.98525 13.74035 13.99896 
  12.61531 12.3995 13.82264 12.40471 9.503971 9.368773 9.715627 10.17628 11.43106 11.95466 11.5958 12.07759 12.10194 13.39096 9.899558 9.717449 9.475452 10.14516 10.55667 11.41651 11.43082 12.16316 12.64734 
  12.98187 11.09558 10.28227 9.483161 8.472382 7.610166 8.506668 9.079049 11.15781 12.28658 10.79441 12.17807 11.66123 13.13049 9.972273 9.63271 9.499661 9.816056 10.59512 12.3815 11.34328 12.22382 12.74871 
  11.57164 10.0839 10.09888 9.361412 8.334836 8.838399 8.74846 8.256774 10.24699 11.52316 10.20208 10.57027 11.44087 12.01417 9.46327 9.75982 10.67282 10.73694 10.36444 10.81755 10.67213 11.04092 11.32952 
  10.45819 9.94595 10.09888 9.148351 8.541154 8.866313 9.262267 8.58031 11.73466 12.02104 10.48082 11.50816 10.9267 11.30717 9.390555 9.420858 10.46876 10.56289 10.32599 10.45152 10.58459 10.73762 11.05919 
  9.597795 9.578068 8.448402 8.539605 9.297653 8.58717 8.59734 8.680058 10.45951 10.75974 10.62019 11.64214 10.9267 10.11642 8.692181 8.889525 10.83607 10.91099 10.40288 11.78254 11.28492 11.10158 11.93774 
  9.445962 9.532082 10.7224 9.574473 9.160108 8.419683 8.839131 8.680058 10.33807 10.12909 9.783958 10.26881 10.81653 10.26527 9.026982 9.675079 10.99931 11.53758 10.8258 11.71599 11.37246 11.7082 12.4446 
  8.180678 9.440111 9.5854 8.996164 7.887814 8.196367 8.234652 9.627663 10.06482 10.75974 10.09755 11.07271 10.11873 10.86064 10.33585 9.63271 11.32581 11.15467 10.2491 11.25013 11.81017 11.95084 12.74871 
  8.332512 8.566392 9.328658 8.600479 7.715882 8.056796 8.869355 9.727411 9.305801 10.29505 10.02786 10.70426 10.85325 10.67459 10.62671 10.353 11.24418 10.80656 10.71046 11.74927 12.48132 12.28448 13.01904 
  7.826399 8.474422 7.714855 9.817972 9.263267 6.737135 8.204428 10.25109 9.366523 9.996324 9.749116 11.27368 11.00016 10.042 9.790486 10.43774 11.69311 10.70213 10.78735 11.58289 11.69345 12.13283 12.91767 
  8.534958 8.290481 8.815175 10.09191 9.297653 8.000967 7.811516 9.378293 9.882656 9.896748 9.853645 11.24019 10.85325 10.7118 10.08134 9.88693 11.6523 11.05023 10.13376 11.78254 11.69345 12.13283 12.98525 
  9.142294 8.796318 10.35562 10.06147 8.334836 7.582251 7.932412 10.30096 9.852295 9.46525 9.400684 10.60377 10.22891 10.07921 10.04499 9.88693 11.6523 11.60721 10.94114 11.48306 11.63509 11.92051 12.51218 
  9.648407 8.244495 10.02553 9.939721 7.612723 7.833481 7.962636 9.103987 9.427244 9.000561 9.644587 11.03921 10.37581 10.52574 9.935916 10.01404 10.91769 10.70213 10.40288 11.48306 11.46 11.92051 11.90395 
  8.534958 8.520407 9.878819 9.72666 8.128518 8.503426 7.751069 8.430688 9.153997 8.834599 9.12194 10.26881 11.07361 9.29779 9.6087 9.88693 10.59119 10.56289 10.8258 11.54961 11.22656 11.67787 12.20807 
  8.383123 8.704348 9.512045 9.483161 8.19729 8.335939 7.962636 9.278545 9.305801 8.674409 8.666321 10.63726 10.26564 9.707108 9.46327 9.717449 10.83607 10.49326 10.2491 11.48306 11.22656 11.7082 12.17428 
  9.243517 8.474422 9.255303 9.72666 7.750268 6.967731 7.539501 9.054112 8.493696 7.817165 8.049997 9.732875 10.15546 9.409422 9.6087 10.22589 10.71363 10.45845 10.71046 11.21686 10.90558 11.37456 11.76879 
  8.636181 8.796318 9.365335 9.635347 7.990973 7.665994 7.407789 7.995903 7.772857 7.753665 7.085316 9.799867 10.33909 9.168233 9.717772 9.336119 10.67282 10.52808 10.94114 11.64944 11.19738 11.28357 11.59984 
  7.927621 7.646688 9.181949 8.570042 7.9222 6.698702 6.956359 8.655121 8.349528 8.293411 8.183981 9.933849 9.67802 8.729589 9.499628 9.420858 10.10145 10.63251 11.05648 11.18358 11.0223 11.28357 11.49847 
  8.889237 9.440111 8.705143 8.600479 7.543951 6.737135 7.161555 8.430688 8.157305 8.166412 8.371557 9.598891 8.884331 9.372211 9.026982 9.336119 10.22389 10.66732 10.13376 10.95065 10.26361 10.9196 11.53226 
  8.636181 9.118215 9.43869 8.935289 8.128518 8.112624 8.14398 7.952424 8.397584 7.848915 7.996404 9.36442 9.457664 9.483843 8.610279 9.293748 10.38713 10.11035 10.2491 10.4848 10.00647 10.26155 10.78887 
  8.686791 7.922599 9.328658 9.635347 7.406405 7.442679 6.751163 7.343724 7.917025 8.325161 8.291167 8.987571 8.884331 8.660329 8.790463 9.505599 10.18307 9.546104 9.941525 10.98393 10.93476 10.30951 11.09299 
  9.142294 8.060555 10.13556 9.513598 7.750268 6.775568 6.299733 8.039381 8.789668 8.42041 8.291167 9.172453 8.918056 9.29779 8.6758 9.070452 9.85658 9.816056 10.01842 10.05221 9.678789 10.27354 10.54108 
  8.686791 8.750333 8.925207 8.509168 7.234474 7.498508 7.161555 8.430688 8.20536 8.867792 8.478745 8.406512 8.176096 9.191319 8.954268 9.463229 9.693333 9.901484 9.432304 10.05221 10.26361 10.67696 10.99161 
  6.409281 6.221145 8.631788 8.600479 7.990973 6.775568 7.407789 8.169817 7.96508 8.229912 8.076794 7.878277 8.209822 9.214406 8.774083 9.206146 9.572289 9.971105 9.661105 9.567966 9.992225 10.48934 10.92403 
  6.662338 7.002894 8.228338 7.839547 6.850397 5.39199 4.822325 7.082853 7.96508 7.690166 8.210777 8.53857 8.209822 8.937367 8.790463 8.964911 9.427035 10.2844 10.05686 10.21859 10.26361 10.30951 10.75075 
  7.472119 7.416761 7.898242 8.356981 6.550685 5.545721 5.191677 6.908938 7.868968 8.007664 7.299689 8.406512 8.884331 8.798848 8.544758 8.693521 9.52387 10.21478 9.651157 10.58462 10.73049 10.67696 11.16057 
  8.079455 8.060555 7.824887 8.14392 7.440792 6.275942 6.340773 7.039374 7.244241 7.055171 8.237574 9.531899 8.985507 8.891194 9.099697 8.75383 9.815768 10.35402 9.700897 9.965881 10.43869 10.33349 10.78887 
  8.484346 8.474422 8.815175 7.626486 6.993769 7.275193 6.751163 7.47416 6.811737 7.626666 7.755233 9.066807 9.289036 9.214406 8.806844 9.02522 9.774957 10.21478 9.941525 10.25187 10.38033 10.64662 10.40765 
  7.11784 8.10654 8.118306 8.996164 7.990973 6.468106 6.217655 7.952424 7.292297 7.277419 7.648046 9.498404 9.457664 8.821935 8.872366 9.590339 9.644915 10.07554 9.749291 10.38497 10.38033 10.64662 10.71263 
  7.472119 7.14085 8.411724 8.387419 8.128518 7.582251 7.120516 6.778503 7.868968 8.261662 7.755233 9.397916 9.18786 8.683415 8.479236 9.160914 10.01983 10.38883 9.979972 10.45152 10.38033 10.5253 10.89024 ]
