 [
  6.38279 6.385036 4.798985 6.02747 6.140933 7.315688 7.384465 5.492659 5.886222 6.869964 7.507288 8.083583 8.112984 7.334254 7.98082 8.398063 8.771907 9.179635 9.694911 9.708218 10.18348 10.34213 10.72729 
  6.454602 6.541655 6.422404 6.665346 8.028767 7.377745 6.172613 6.040271 6.522712 7.845322 7.756539 7.629825 7.684484 7.276698 8.273002 8.679037 9.287899 8.849 9.82121 10.42013 9.913417 9.854186 10.77483 
  5.916013 6.228417 7.377357 7.055159 6.951558 7.00422 6.455379 7.264346 7.739943 8.115867 7.779198 7.373587 7.134952 7.69398 8.346047 8.304898 8.696858 9.452689 9.595507 9.772825 10.26025 10.0444 10.72297 
  6.023731 6.802687 6.613395 7.385673 7.191743 7.625971 7.795556 7.864784 8.249334 7.92262 7.46197 7.405617 8.232701 8.082483 7.962558 8.584393 8.906994 9.502235 9.445681 10.19236 10.21837 10.43102 10.91312 
  5.054271 4.818846 6.135919 5.921157 6.621303 7.688028 7.42486 7.953506 7.025205 6.926568 7.869835 8.242208 7.699748 8.096872 8.400831 8.703808 9.132138 9.289846 9.603393 9.791285 10.18348 10.37521 10.48217 
  5.233801 6.071798 6.5179 6.807096 6.621303 7.211865 7.42486 8.397113 6.355215 7.662422 8.675901 8.321522 7.882926 8.183207 8.327785 8.926742 9.225595 9.100912 9.422024 10.13542 10.14256 10.11883 10.48777 
  5.951919 5.967385 5.753938 6.133782 5.810679 6.86579 6.778539 7.425409 6.65671 7.209589 7.801857 8.004271 7.730278 8.594674 8.777878 8.374771 8.967032 8.329431 9.216999 9.791285 10.56734 10.51025 10.45975 
  6.38279 6.332829 6.422404 6.877972 5.930771 6.761968 6.859329 8.175309 7.655045 7.729373 7.997108 7.277498 7.760808 8.475551 8.746457 8.82766 8.396665 8.911978 9.751745 10.15613 9.825803 10.54195 10.9088 
  6.418696 6.385036 6.995376 7.196909 6.351095 6.415893 7.222885 8.574555 7.527697 7.845322 7.869835 6.877126 7.241806 7.348643 7.862121 8.273843 9.132138 9.766485 9.884359 10.11472 10.31608 10.30904 10.71433 
  6.454602 7.115925 6.279161 4.964343 6.020841 6.727361 6.616959 7.554259 7.025205 7.806672 7.507288 7.277498 7.684484 8.140039 8.495092 8.753348 8.756897 9.100912 9.579736 10.08366 10.05495 10.3914 10.86991 
  4.946554 6.489449 6.5179 5.495906 5.780656 5.516098 6.414983 6.716734 6.221217 6.247318 6.940809 6.781037 7.562366 7.866648 8.263871 8.753348 9.443659 9.865578 9.941194 10.01636 10.3091 10.19326 10.48777 
  5.844201 4.610021 4.369257 5.779407 5.570494 5.619921 5.768662 6.008059 6.254716 5.879391 6.714217 7.229453 7.516571 7.938593 7.816467 8.53781 8.711868 9.33708 9.524537 10.07848 10.1765 10.72419 10.43733 
  7.244532 5.393116 6.088171 6.31097 6.321072 6.035211 5.849452 6.362396 6.422214 6.586943 7.326015 7.54975 7.272335 7.578867 8.236479 8.289371 8.771907 9.518751 9.739116 10.39942 10.10886 10.22634 10.56624 
  6.670037 5.862973 5.70619 6.736221 6.711372 5.135416 4.839575 6.008059 5.953221 6.360527 7.008786 7.629825 7.882926 7.866648 7.98995 8.59992 9.287899 9.226869 9.343168 10.09919 10.16278 9.986508 10.286 
  5.485142 5.445322 5.849433 6.665346 6.771419 6.381286 6.253403 7.006646 6.857707 7.096381 7.552607 7.725914 7.913455 8.316719 7.953428 8.679037 8.861964 9.535267 9.903304 9.726677 9.879719 10.62911 10.79644 
  5.485142 6.593862 6.756638 6.204658 6.170956 6.485108 5.728267 5.911421 5.584727 6.558641 7.507288 8.361178 10.2679 9.150583 8.38257 8.59992 9.443659 9.568298 9.650706 9.99048 10.44869 10.40725 10.69704 
  5.951919 6.280623 5.897181 6.31097 5.990818 6.312071 5.849452 5.589296 5.38373 6.247318 6.419648 7.101334 8.472136 7.794703 8.400831 8.452409 8.801926 9.289846 9.177571 9.969774 10.37192 10.09402 10.84398 
  6.131449 6.124004 5.276462 6.700784 5.510448 5.100808 5.809057 5.750359 5.517728 6.27562 7.031446 7.597795 8.591854 8.594674 8.218218 8.877201 9.505963 9.085168 9.469337 9.928363 9.87298 10.31732 10.91312 
  7.592786 9.990114 8.677752 6.133782 6.231003 5.75835 5.162735 6.201334 6.120718 6.360527 6.850172 7.245468 8.232701 8.183207 8.463673 9.199217 9.817484 9.289846 9.865415 10.12507 10.42078 10.42309 10.71433 
  10.16987 12.92611 11.47779 7.090597 6.531234 7.00422 6.455379 6.974434 7.125703 6.502037 6.736876 7.229453 8.073078 8.475551 8.90356 9.100136 9.537115 9.584813 9.75806 9.923186 10.1493 10.25942 10.7878 
  13.37382 16.02522 14.71993 11.83211 10.28349 8.867105 8.413381 7.953506 7.612595 7.096381 7.597925 8.321522 8.831288 9.468246 8.715036 9.868021 10.65859 9.865578 9.739116 9.861069 10.1493 10.38348 10.35326 
  15.18474 17.24855 16.11995 15.05194 13.46664 10.54263 9.957943 9.772295 9.565264 9.120749 8.209231 8.837055 9.908746 10.69919 9.751913 10.85884 12.09159 10.64181 9.335282 9.477475 10.43473 10.64496 10.92609 
  15.46335 16.84078 15.8989 15.58858 14.26242 11.96994 10.51399 9.772295 9.437915 9.468592 9.481968 9.709496 10.38762 10.18299 9.280605 10.09096 11.93583 10.75742 9.859099 10.05777 10.52547 10.77966 10.8094 
  15.60265 16.84078 16.11995 16.12522 14.92558 12.34228 11.44072 10.26026 9.819959 10.12563 9.906214 9.868122 10.46743 10.38153 9.374867 10.95792 12.62117 11.28592 10.2822 9.88695 10.24629 10.47856 10.72729 
  15.74195 16.92233 16.56206 16.50853 15.92031 12.65256 12.42924 10.97004 10.2869 9.777786 9.100147 9.788809 10.78667 10.30211 9.53197 10.51205 11.99813 11.03818 9.827524 9.717447 10.21837 10.62911 10.67111 
  15.8116 16.92233 16.78312 16.81519 16.84464 13.14902 12.67637 10.65951 9.77751 9.584539 9.524392 8.837055 11.78432 11.21539 9.437708 10.90838 12.02928 11.43456 9.751745 9.943892 10.65109 10.71627 10.27479 
  15.88125 17.00389 16.63575 17.04517 17.76896 14.14192 12.86172 10.70387 9.862408 8.502359 8.930449 10.14572 11.30545 10.7389 9.406288 11.10655 11.93583 10.39408 9.627049 9.698987 10.79766 11.39771 11.18107 
  15.9509 17.167 16.63575 17.2814 18.54734 15.25894 13.35598 11.50236 10.66895 9.313994 9.736515 10.14572 11.70451 11.7713 10.47458 11.82489 13.18662 10.67484 10.18748 10.07848 11.00006 11.70221 10.74458 
  16.0902 17.167 16.63575 17.71091 18.93653 15.76879 14.3445 11.94597 10.83874 9.313994 9.354694 9.630183 11.62469 11.65217 10.97731 12.02058 12.93269 11.45107 10.83684 10.60043 10.94423 11.62609 11.26139 
  16.20791 17.33011 16.48838 17.72165 18.88788 16.86132 15.78586 13.23243 11.43303 9.429942 9.77894 10.58194 12.22328 12.24779 11.32294 12.41197 13.52169 12.60871 11.91634 10.45636 11.15298 12.46349 11.90395 
  16.37611 17.49322 16.56206 17.58206 18.83923 17.73535 17.21986 14.96276 12.53671 10.39617 9.566817 9.868122 11.54488 12.48604 12.82143 13.19474 14.19183 13.18752 12.18622 11.50186 11.33319 12.08285 11.82363 
  16.59237 17.73789 16.9327 17.5928 18.83923 17.007 18.80481 17.60915 13.54677 10.74402 10.37288 9.868122 11.98385 13.24049 13.29997 13.87967 14.86197 14.27281 11.59249 10.24413 10.69995 12.08285 12.70715 
  16.80862 18.14566 17.00859 17.63575 18.98517 17.88102 20.08786 19.33948 14.95213 12.36729 11.30622 10.50262 11.58479 12.72429 13.53924 14.85813 15.66614 15.21338 11.80839 10.60043 11.60349 12.53962 13.02843 
  16.90474 18.30878 17.08448 17.66796 18.98517 18.68222 19.71049 18.83056 16.70883 13.20973 12.19714 11.45438 12.50262 13.2802 15.05459 15.15167 15.53212 15.14103 12.02429 10.68238 13.04514 13.22476 13.18907 
  16.91675 18.42836 17.18567 17.64649 18.83923 19.19206 19.63502 19.44127 18.34842 14.81103 13.48589 12.88201 13.0214 14.22122 15.77239 15.34737 15.19705 14.92397 12.34814 10.92822 13.31544 13.14863 12.54651 
  16.91675 18.40301 17.10978 17.5928 18.79058 19.62908 19.71049 19.64484 19.0511 16.41233 14.22874 13.43491 13.21056 15.22105 16.96873 17.1086 16.67136 15.43044 13.15777 11.25602 13.67585 13.98604 13.18907 
  16.89272 18.40301 17.10978 17.56059 18.64463 19.77475 19.55955 19.54305 19.51955 17.67049 14.87874 14.6197 13.58888 16.16208 17.28775 17.89137 17.3415 16.00926 13.31969 11.58381 13.94616 14.36667 14.79548 
  16.85668 18.39033 17.05918 17.45321 18.45004 19.84759 19.48407 19.33948 20.22223 18.6999 15.43588 15.33057 13.84109 16.57377 17.44726 17.98922 17.07344 15.71985 13.31969 11.41992 14.48678 14.97569 14.8758 
  16.80862 18.40301 17.05918 17.39952 18.25545 19.84759 19.48407 19.33948 20.33935 19.04304 15.6216 15.48854 14.59773 15.98563 16.96873 17.69568 17.14046 15.14103 13.26572 11.91161 14.21647 15.20407 15.43804 
  16.7846 18.40301 17.00859 17.35657 18.15815 19.77475 19.33313 19.13592 19.87089 19.15742 16.27159 15.80448 14.97605 15.69156 16.25093 16.13014 16.4033 15.14103 12.02429 12.32135 14.57688 15.88922 16.08061 
  16.77258 18.40301 16.95799 17.33509 18.06085 19.62908 19.18218 19.03413 19.28533 19.61493 17.01445 16.67333 16.04796 15.92682 16.33068 15.44521 15.19705 14.56221 12.07827 11.74771 14.84719 15.66084 15.43804 
  16.79661 18.44103 16.95799 17.2814 17.9149 19.55624 19.03123 18.83056 18.93399 19.84369 18.03587 17.3842 16.74154 16.80903 17.12824 15.6409 15.06302 14.20045 12.07827 12.81305 15.65811 15.88922 15.2774 
  16.82064 18.49174 16.95799 17.30288 17.86626 19.41057 18.95576 18.52521 18.34842 19.38617 18.4073 17.46319 16.61543 16.51496 16.6497 14.66244 14.45989 14.34516 12.02429 12.89499 15.74822 16.04148 16.16093 
  16.80862 18.52976 16.95799 17.29214 17.76896 19.2649 18.95576 18.32164 17.99708 19.04304 19.15015 17.77913 16.9307 16.6914 16.72946 15.05383 14.72795 14.34516 13.85944 15.68125 16.73935 16.19373 16.24125 
  16.76057 18.50441 16.9074 17.25993 17.52571 19.11923 18.72934 18.11807 17.64574 18.92866 18.96444 17.85812 16.99376 16.98547 17.3675 15.93444 15.66614 14.63457 12.40212 14.45202 16.10863 16.19373 16.00029 
  16.65244 18.54244 16.95799 17.37804 16.89328 18.82789 18.50292 17.71094 17.2944 18.81428 18.50015 17.30522 16.8046 16.75021 17.12824 16.13014 16.00121 14.41751 10.45902 11.66576 15.2076 15.88922 15.59868 
  16.55632 18.49174 16.8568 17.27067 16.74734 18.46371 18.12555 17.10023 17.06017 18.58552 17.85016 16.43637 15.9849 16.22089 16.49019 15.54306 15.4651 13.9834 10.78287 11.17407 14.48678 15.12795 14.63484 
  16.43618 18.39033 16.56206 16.96851 16.11491 17.51685 17.29534 16.18417 16.35749 18.12801 17.20016 15.80448 15.54353 15.69156 15.61288 14.95598 15.53212 13.91105 9.663336 10.25448 12.32432 12.99638 12.78747 
  16.38812 18.30878 16.11995 16.27855 15.72136 16.42431 16.16323 14.96276 15.30347 16.86984 15.80731 14.69868 15.48048 13.69189 13.0607 13.78182 14.19183 12.3193 9.833839 10.76433 12.41442 12.23511 11.42203 
  16.42417 18.61849 16.48838 16.12522 15.19084 15.47745 15.14767 13.74135 14.13234 15.38292 14.69303 13.43491 14.66078 13.57426 11.98277 11.60196 12.46541 11.00515 9.675966 10.76433 12.23421 11.85447 10.71001 
  16.38812 18.68187 16.56206 16.27855 15.05821 15.25894 15.14767 13.436 14.01523 14.81103 14.3216 12.96099 14.34552 13.69189 12.23413 11.57718 12.68348 11.13728 9.840155 10.60043 11.15298 11.04906 10.7878 
  16.26798 18.68187 16.56206 16.27855 14.85926 15.25894 15.33302 13.23243 14.01523 14.69665 14.50731 12.96099 14.28246 13.75071 12.26555 11.67627 13.11961 11.18682 9.915934 10.18201 11.06288 11.05699 10.99524 
  16.15985 18.75793 16.8568 16.5852 14.594 15.07277 15.48397 12.78883 13.781 14.35351 14.41446 12.88201 13.58888 13.86833 12.3284 11.42856 13.02615 10.95561 10.01697 10.76433 11.04892 10.73212 10.7489 
  16.02055 18.83398 17.10978 16.96851 14.46137 14.76249 15.48397 12.43394 12.96121 13.66724 14.22874 13.27694 13.71498 14.28003 13.22021 12.02058 13.11961 11.07121 10.16222 10.11989 10.79766 10.77174 10.90016 
  15.8116 18.91003 17.38804 17.33509 14.79295 14.26604 15.4085 12.78883 12.19712 13.20973 13.76446 13.43491 14.66078 14.28003 13.0607 11.82489 13.18662 11.10425 10.45902 10.10436 10.8535 11.01737 11.15946 
  15.533 19.02411 17.81809 17.36731 15.4561 13.33519 15.02411 13.23243 11.81508 13.43848 13.57875 13.5139 14.53468 14.1624 12.90119 11.00746 12.3408 11.36849 10.45902 9.662068 10.48359 10.73212 10.9088 
  15.32404 19.15087 18.17225 17.1096 15.92031 12.52845 14.22094 12.92191 11.13589 12.63783 13.39303 14.22477 14.97605 13.80952 12.04561 10.90838 12.77693 11.59578 10.62094 10.51848 11.0559 10.96983 10.99524 
  15.18474 19.1889 18.37463 16.66186 15.78768 11.90788 12.67637 12.16777 11.60283 12.13539 13.30018 13.82984 14.72384 12.84341 12.42266 10.48728 13.11961 11.52343 10.56697 10.60043 11.33319 10.58157 10.89152 
  14.97579 19.17622 18.45052 15.89523 15.19084 11.96994 12.18211 12.87755 12.96121 12.21269 13.04563 12.96099 12.94159 12.72429 12.50241 10.41297 12.2785 11.81283 10.62094 10.68238 11.06288 10.90644 11.18107 
  14.48823 18.85933 18.27344 14.82195 14.66032 11.5976 11.25538 12.43394 12.74896 11.43971 13.13048 12.76304 12.90168 12.2875 11.63714 9.223988 11.53085 11.12076 10.4085 10.32695 10.42078 10.65288 10.75754 
  13.86137 18.22722 17.64102 14.28532 13.79821 10.29441 11.37894 11.59109 11.56038 12.01945 12.91836 12.44579 12.70215 11.81101 11.2601 8.976283 10.8455 10.04725 9.720171 10.0733 10.21837 10.6925 10.77051 
  12.81661 16.92233 16.34101 14.13199 13.40032 9.549728 11.50251 11.28056 11.05099 11.47836 12.62138 12.28716 12.86178 11.2948 10.63169 9.719398 10.47168 10.79045 9.991714 10.33213 10.53244 10.49441 10.37568 
  10.65743 14.965 14.71993 13.21204 12.67085 8.618878 9.463683 9.727935 9.522814 10.82132 12.06987 10.81988 10.70686 10.7389 10.00328 8.728578 9.942093 9.981187 9.508765 10.10436 10.32306 10.23461 10.60548 
  8.985806 12.19211 12.36201 10.91216 10.68139 9.239445 9.649031 9.506131 9.395466 9.739137 11.13653 10.78022 11.26554 9.746201 9.280605 8.390299 10.34707 9.584813 9.751745 9.855892 10.33004 10.06921 10.65382 
  10.10022 11.45811 10.74094 8.45895 8.227714 7.874198 8.104468 9.772295 9.904858 9.855084 10.50016 11.13713 11.86413 10.2624 9.469129 8.85243 9.879788 9.370111 9.751745 9.959421 10.13582 10.57364 10.58866 
  9.891268 10.31634 9.340919 7.998974 8.028767 9.549728 10.20507 8.88508 9.735061 11.01456 10.88198 10.22503 10.90639 9.865324 9.249186 8.584393 10.19131 9.832547 9.998028 10.04224 10.42775 10.43102 10.77915 
  9.612664 10.39789 9.119863 8.688938 8.559291 8.742991 9.216554 9.46177 9.947307 9.932384 10.71228 10.26469 10.54724 9.38883 9.154923 9.174447 10.47168 10.04725 9.814895 10.29072 10.06843 10.28423 10.58866 
  9.891268 10.31634 9.856714 8.842264 8.227714 8.680935 9.278336 9.772295 9.565264 10.00968 10.16076 9.709496 9.350064 8.991752 9.469129 9.32307 10.12901 9.584813 10.18748 10.30107 10.63016 10.6608 10.58866 
  9.543014 9.827003 9.488289 8.612276 8.095082 8.742991 8.784076 9.284328 9.565264 9.739137 9.991062 9.828465 9.789028 8.872628 8.589355 8.561102 9.568268 9.584813 9.720171 9.912833 10.46265 10.75589 10.88287 
  8.916155 9.500781 8.677752 6.736221 7.371881 8.680935 9.463683 9.328688 9.395466 8.734255 10.50016 10.18537 9.828934 9.587369 9.437708 8.679037 9.630571 9.353596 9.650706 10.17166 10.74183 10.71627 10.82237 
  8.776853 10.88722 9.78303 7.538998 7.630874 9.487672 9.772596 8.618917 8.54648 8.656957 9.863789 9.907778 9.908746 8.793213 8.93498 9.050594 10.16016 9.353596 9.808579 9.745136 10.03473 10.68458 10.6884 
  9.194758 9.582336 9.414603 8.688938 8.095082 8.867105 9.710814 9.195606 9.607713 8.656957 8.760751 9.630183 10.2679 8.991752 8.683616 8.926742 9.225595 9.683907 9.871729 9.846663 10.1493 10.3914 10.95634 
  7.941041 9.256114 8.972492 8.842264 8.227714 9.487672 9.834378 8.88508 8.928524 9.468592 9.439544 9.868122 9.868839 8.912336 9.123503 8.976283 9.381355 8.974956 9.248541 9.579001 9.987551 10.48648 10.88287 
  9.055456 10.15322 8.08827 7.998974 7.962451 8.805048 8.228033 8.397113 8.843625 8.927502 9.609241 8.718085 8.831288 8.674089 8.715036 8.82766 9.256746 9.518751 9.814895 9.569772 10.39286 10.11883 10.58866 
  9.194758 9.827003 9.046178 8.305625 7.431928 8.060369 8.784076 8.84072 8.419132 8.347762 9.057722 9.035337 9.110629 8.197596 8.355178 8.530046 8.63682 9.053679 9.934878 10.1406 10.45567 10.8272 10.33084 
  6.275072 7.89902 8.751437 8.842264 8.559291 6.900398 7.980903 7.909145 7.527697 7.768023 8.378929 8.162896 8.671665 8.277011 8.108649 8.877201 8.952023 9.179635 9.524537 9.855892 10.16952 9.969968 10.36447 
  7.87139 8.359004 7.377357 7.30901 8.691922 8.308595 7.919121 7.64298 7.867291 8.309113 8.081958 8.519804 8.073078 8.515258 8.777878 8.753348 8.906994 8.974956 9.777005 9.772825 9.785366 10.57364 10.70568 
  7.87139 7.89902 7.79353 8.075637 7.564559 8.060369 8.351598 7.522046 7.655045 7.63412 8.421354 8.55946 7.993267 8.515258 8.273002 8.281607 9.102119 9.584813 9.871729 9.763596 10.26723 10.2925 10.62229 
  8.289296 8.195892 8.530381 7.998974 8.161398 8.556822 8.90764 8.574555 7.192702 8.656957 8.336505 7.405617 7.348659 7.996149 8.181695 8.877201 8.711868 9.370111 9.669651 10.13024 10.33702 10.65288 10.63654 
  8.289296 9.174559 8.677752 7.845649 7.498243 7.998312 9.031206 7.776062 7.90974 7.690724 7.91226 8.043927 7.562366 8.096872 8.840718 8.623211 9.16329 9.617845 9.688596 9.933539 10.20441 10.43894 10.64518 
  7.592786 7.951226 8.014585 7.30901 8.161398 7.142651 8.413381 7.232134 7.739943 7.690724 7.416651 8.281865 7.913455 8.053705 8.099519 8.157387 9.132138 8.849 9.161799 10.46154 9.960593 10.31732 10.35886 
  8.916155 9.908558 7.572474 7.090597 7.630874 8.556822 8.536945 8.441473 7.90974 8.734255 7.997108 8.083583 7.60816 7.751536 8.136042 8.374771 8.17152 9.148146 9.682281 10.1406 9.866241 10.09402 10.7878 
  7.244532 8.685225 7.79353 7.232347 7.341858 7.439802 7.67199 9.018163 8.716277 8.231814 8.294081 7.709899 7.2876 8.197596 8.777878 9.471693 9.08711 9.242613 9.657022 9.846663 10.27421 10.5578 11.18107 
  5.844201 7.637988 6.756638 8.075637 7.763505 7.688028 7.548426 7.554259 7.460698 7.351099 8.039533 7.924958 8.352419 8.316719 8.432252 8.576629 8.876974 9.321336 9.508765 9.579001 9.73819 10.18499 10.83966 
  7.17272 8.195892 6.995376 7.385673 7.896136 7.108043 7.42486 7.489834 7.360199 7.577516 7.688561 7.629825 7.89819 7.679591 8.11778 8.638739 9.350203 9.584813 9.707541 9.90248 10.16952 10.47064 10.54943 
  7.732089 8.114337 7.234114 6.913409 8.161398 7.377745 7.26328 6.620096 7.125703 7.605818 7.954684 7.661855 6.982305 7.478145 7.98082 8.926742 9.16329 8.880489 9.634935 9.60669 10.18348 10.51818 10.58866 
  6.526413 7.89902 7.425104 7.768986 7.896136 7.246473 6.455379 7.328772 7.824841 7.605818 7.954684 7.805988 7.89819 8.197596 7.916905 8.405827 8.816936 9.436173 9.146029 9.265192 10.49057 10.38348 10.70136 
  6.813661 8.032782 8.08827 8.1523 7.401905 7.073436 7.020909 6.813371 6.790708 7.63412 7.575266 6.781037 7.379188 8.475551 8.652195 8.654266 9.027071 9.568298 9.343168 9.61592 10.04821 10.45479 10.6279 
  8.080343 9.256114 8.456697 7.692323 7.498243 7.812141 7.222885 7.554259 7.570146 7.961269 7.235378 7.469676 6.93651 7.938593 8.495092 8.514519 8.666839 8.833256 9.650706 9.772825 10.03473 10.24288 10.26919 
  7.801739 8.195892 8.235641 8.075637 7.630874 6.4505 7.67199 7.199921 6.757209 7.49261 7.620584 7.277498 7.653954 8.111261 8.652195 9.372611 9.412507 9.33708 9.209113 10.29072 10.04821 10.76381 11.1076 ]
