 [
  5.866417 3.805759 4.488662 5.303084 4.664711 3.68184 4.71794 5.143968 6.232946 7.215142 7.326412 7.005969 7.831915 7.75096 9.010133 8.560449 8.536622 9.336706 9.505524 9.472323 9.938812 10.31536 10.49074 
  4.306646 2.907087 3.025643 4.683743 4.83091 4.311672 4.24134 5.630194 5.976848 6.397405 5.966183 6.976156 7.875739 8.326836 8.853237 9.206981 8.708685 8.857935 9.357594 9.896032 10.48006 10.53378 10.75579 
  3.674307 3.292232 4.01417 4.755205 4.74781 4.533965 4.837091 5.330978 6.318312 6.969821 6.659633 6.976156 7.108816 7.665645 8.023934 8.089763 8.536622 9.217013 9.620581 9.954884 10.06295 10.53378 10.75579 
  4.47527 3.228041 3.856005 4.731384 4.360014 4.200525 4.926454 4.956958 5.550017 6.274744 5.806156 6.886716 7.525146 7.878932 7.844626 7.880569 8.694346 8.989597 9.291848 9.811291 10.51919 10.32656 10.57139 
  3.252747 2.200987 4.488662 5.303084 4.637012 4.904455 4.986029 5.143968 6.01953 5.988535 6.152881 6.797276 7.043079 8.113548 7.956694 8.259732 9.18679 9.169136 9.784946 9.862136 9.824226 10.06892 10.61171 
  3.927243 2.907087 3.895546 5.303084 5.7727 5.460189 4.390277 4.956958 4.781722 6.315631 6.766318 7.453166 7.634706 7.708302 8.718756 8.65197 8.995456 9.601499 9.52196 9.480797 10.24531 10.44978 10.42622 
  3.168435 2.200987 4.172334 5.326905 5.163306 5.0897 5.641355 5.854606 6.360995 5.170798 6.419593 7.363727 7.766179 7.516344 8.225657 8.442777 8.966779 9.240952 9.968909 9.845187 9.996105 10.16973 10.56332 
  4.517426 2.714514 4.251416 4.636101 5.135606 4.645112 4.926454 5.592792 5.336602 5.824988 6.12621 7.184848 7.349849 7.964247 8.158416 8.717343 8.966779 9.097321 9.686327 10.13144 9.595056 10.10252 10.64397 
  5.10761 2.329369 3.579218 4.04058 5.024807 5.311993 5.105179 5.854606 6.489044 7.133368 6.953016 7.214661 7.064991 7.878932 7.979107 8.050539 8.895086 9.217013 9.538397 9.887558 9.776483 10.12493 10.28912 
  4.095867 1.815842 3.341972 4.183505 4.055317 3.496595 5.283904 5.069164 5.208552 6.397405 6.81966 7.274287 7.722354 7.985576 8.449793 8.806368 9.081488 9.504275 9.143918 9.954884 10.40181 10.25935 10.14395 
  5.866417 2.650323 3.579218 4.874309 4.80321 4.052329 5.075391 5.854606 5.5927 6.520065 7.27307 7.39354 7.021167 7.665645 8.292898 8.115912 8.221174 8.92975 8.848059 9.675703 10.15843 10.12493 10.4988 
  5.739949 2.971278 3.579218 5.279263 6.255961 6.010936 4.628578 4.208917 4.781722 6.274744 6.979687 6.767464 7.174552 7.857604 8.472206 8.984418 8.809055 8.92975 8.995989 9.616385 10.16798 10.46098 11.13854 
  5.571325 2.521942 3.856005 4.779026 4.886309 4.533965 4.956241 5.218772 5.336602 6.397405 6.446264 7.065595 7.612794 8.198864 8.337725 8.115912 8.737362 9.336706 9.456214 9.785868 10.15843 10.27055 10.59558 
  5.613481 3.934141 4.923614 5.49365 5.7173 5.311993 5.254117 5.517988 5.848798 6.683613 7.0597 7.304101 7.415585 7.814946 7.575663 7.919793 8.837732 8.810058 8.749439 9.455375 10.0725 10.46098 11.13854 
  4.517426 3.292232 3.935087 4.683743 5.107906 4.533965 4.866879 4.994359 6.104897 5.947649 6.632962 6.528958 7.064991 7.473687 7.799798 8.547374 8.550961 8.786119 9.390468 9.896032 10.63657 10.40497 10.41816 
  4.138022 3.420614 3.381513 4.731384 5.052507 5.015602 5.522204 4.769948 4.909771 6.19297 6.926345 7.423353 8.248245 7.537673 8.360139 8.638896 8.680008 9.601499 10.80654 10.7788 12.12338 11.96563 11.10664 
  4.812518 2.329369 3.618759 4.731384 5.523402 4.571014 5.015816 4.994359 6.14758 6.601839 6.392921 6.976156 7.56897 8.561452 8.472206 8.625821 8.837732 9.70019 9.801383 9.862136 10.13934 10.58232 10.58752 
  3.758619 4.255095 4.172334 4.850488 5.052507 5.645433 5.194541 5.218772 6.57441 7.256029 7.27307 7.304101 6.999255 7.644317 8.785996 8.761856 8.966779 9.264891 9.554833 10.07259 10.63657 10.30415 10.49074 
  4.306646 3.86995 4.488662 6.248343 5.301805 5.349042 5.164754 5.667596 5.848798 5.497893 7.086371 7.035782 7.459409 7.196413 8.606688 8.442777 9.110165 9.181106 9.176791 9.353684 9.977008 9.74407 10.16815 
  5.402701 4.383477 4.251416 5.446009 4.77551 5.200846 5.105179 5.779802 6.232946 6.438292 6.739646 7.453166 7.306025 8.26285 8.472206 8.625821 8.780377 9.240952 10.02475 9.896032 9.986556 10.06892 10.60365 
  6.060863 5.217958 6.110388 5.565113 5.8004 5.386091 5.164754 6.303431 6.873192 7.746672 8.067734 7.512793 8.401629 8.198864 8.965305 9.74113 9.474483 9.749536 10.08059 11.0142 11.18434 11.09196 11.26612 
  7.746058 8.145152 6.248917 7.478159 7.417299 7.299817 7.4912 7.443847 8.157531 8.901299 10.63917 9.826371 9.052422 9.718239 10.59551 13.03505 14.94063 14.98018 13.48696 14.30986 14.15796 14.67663 14.86667 
  9.171991 9.996064 9.019503 9.117912 8.02853 9.161534 9.182961 8.845848 9.445719 9.855933 11.29463 11.95129 12.21341 12.7066 12.07749 13.30213 15.08448 17.202 17.24501 17.63933 16.90642 16.34054 16.84899 
  7.421981 9.03359 7.564945 8.298036 7.967407 8.731907 8.735141 9.827249 10.08981 11.07574 12.05094 12.44166 12.86421 13.4296 13.42162 13.96981 15.27628 15.8684 18.4284 19.25214 18.59846 18.00445 17.96405 
  9.690513 10.8845 10.47406 9.527851 10.22896 10.02079 10.22787 11.83678 11.51602 12.29556 12.95851 13.58585 13.42203 14.34539 14.55676 15.41204 16.34016 16.47964 18.84258 19.25214 19.23298 19.25238 19.20301 
  7.357166 8.885517 8.603914 7.751451 9.312115 9.447952 10.67569 9.920715 10.96394 11.39396 12.2022 11.70611 12.12044 13.1404 12.38768 14.41494 16.34016 17.31314 19.02009 20.09361 19.8675 20.223 20.56586 
  6.514569 7.108642 7.703474 8.298036 9.128746 10.59362 11.52157 12.25738 11.93008 12.13645 12.65598 12.56425 13.23609 14.05619 13.50894 14.86817 16.34016 17.59097 19.1976 20.30398 19.76175 20.08434 20.56586 
  6.90346 7.77497 7.842004 8.912943 10.16784 9.973052 10.97424 12.21065 12.02209 12.6668 12.60556 13.66757 13.65445 13.91159 14.55676 15.04946 16.03619 18.14663 19.73012 20.72471 20.92503 21.74825 21.92871 
  9.820143 10.0701 10.26627 9.73282 10.5957 10.11626 10.47666 11.93025 12.80421 13.09108 13.96691 14.93612 15.23027 15.75513 15.86655 16.22786 17.48003 18.98013 20.61765 21.84667 21.8768 21.88691 21.92871 
  8.264579 8.959554 9.296561 9.73282 10.84019 11.7393 11.62109 12.69656 13.12626 13.51537 14.0956 14.5458 15.34009 15.95996 16.1285 16.86238 18.39192 18.81343 20.61765 21.84667 21.77105 22.30288 22.54819 
  7.940503 8.293225 10.40479 10.96264 12.9795 12.93563 13.26562 12.58452 13.76631 14.57607 15.51117 15.52161 15.77936 16.67687 15.77923 16.59044 17.32804 18.98013 20.67682 21.49606 21.77105 21.88691 22.30039 
  11.05163 11.18065 10.75112 12.53407 13.65185 13.73368 14.01451 13.4809 13.76631 15.12863 15.89724 15.42403 15.88918 17.08653 16.1285 16.77173 17.93598 19.3691 20.67682 20.93508 20.92503 21.19361 21.30923 
  13.51461 15.82142 15.85764 15.27543 14.97011 14.0529 13.39043 13.81705 14.373 15.81932 16.15462 15.42403 15.55973 16.67687 14.7314 15.68398 18.01197 17.59097 18.78341 18.97165 18.49271 18.8364 18.70743 
  16.50791 19.06681 18.88814 21.18583 20.24311 18.36234 17.01008 17.06644 18.61982 20.37792 19.75789 17.5708 19.18372 19.33967 17.08901 17.31561 17.02408 15.92397 16.94917 17.56921 17.43518 16.34054 16.6012 
  16.66086 19.18701 19.44639 21.90955 20.829 20.43726 18.38306 18.18692 19.95454 21.62118 21.17347 19.22968 21.05063 21.18315 18.83539 19.76305 19.4558 18.09107 18.78341 19.67288 19.12723 17.72713 18.45963 
  16.55889 19.12691 19.20714 20.94459 21.56137 21.2353 18.50787 18.52307 20.31855 21.75931 21.43084 19.42484 20.72117 21.08073 18.74807 20.12564 19.60779 18.14663 18.84258 19.81312 18.91572 18.00445 18.95522 
  16.55889 19.00671 18.80839 20.22087 22.29373 21.87374 18.50787 19.08331 20.68256 22.31187 21.68822 19.03452 20.50154 20.77348 18.48612 19.94434 19.22783 18.25777 18.78341 19.53263 18.49271 17.86579 18.58353 
  16.66086 18.94661 18.40964 19.49714 22.73315 22.03335 19.5064 19.5315 20.92524 22.72629 21.9456 19.1321 20.72117 20.56865 18.22416 19.49111 18.92386 18.42447 18.78341 19.67288 18.49271 16.89518 17.71626 
  16.76282 18.88651 18.25014 19.37652 22.87962 21.87374 20.13047 19.64355 21.04658 23.14071 22.07429 19.62 21.16044 20.77348 18.48612 19.40047 19.37981 18.92457 19.1976 19.88325 18.59846 17.03384 17.34458 
  16.96675 18.88651 18.40964 19.73838 22.73315 21.55452 20.38011 19.64355 20.92524 23.27885 21.9456 19.81516 21.27026 20.97832 18.92271 19.67241 20.06374 19.2024 19.3751 20.02349 18.59846 17.31115 17.59237 
  17.11969 18.82641 18.48939 19.97963 22.4402 21.39491 20.25529 19.41945 20.56123 22.86443 21.17347 19.81516 20.94081 20.77348 18.92271 19.58176 19.98775 18.81343 19.1976 19.743 18.28121 16.34054 16.6012 
  17.22165 18.70621 18.56914 20.34149 22.29373 21.07569 20.00566 19.08331 20.68256 22.31187 20.7874 19.52242 21.05063 20.97832 18.57343 18.85659 19.4558 18.59117 18.66507 18.90153 17.11793 15.50858 16.6012 
  17.32362 18.46581 18.56914 20.58273 21.85431 20.91608 19.38158 18.74716 20.43989 21.62118 20.53002 18.93693 20.72117 20.56865 18.22416 18.40336 18.6199 18.14663 17.95504 18.13019 16.37766 14.95395 16.22952 
  17.3746 18.22541 18.56914 20.94459 21.41489 20.43726 18.63269 18.41102 20.19721 21.48304 19.75789 18.35145 20.2819 20.05658 17.78757 18.04078 17.85998 17.47984 17.30418 17.70945 15.53164 13.56736 14.74277 
  17.27263 17.80471 18.48939 20.94459 20.68253 19.31999 17.75898 17.96283 20.19721 21.06862 18.34232 17.96113 19.84263 19.33967 17.35097 17.85949 17.40404 17.14643 16.94917 17.42896 15.21438 13.3004 14.71088 
  16.71184 17.02342 17.69189 19.61776 18.33897 17.08547 16.26119 16.95439 19.34785 19.27281 16.54068 16.39984 18.415 17.70103 15.69191 16.59044 15.65623 15.57233 15.32975 15.89884 14.07971 12.01417 13.81779 
  15.84515 16.06182 16.25639 16.36101 14.23774 13.89329 13.39043 15.16162 17.16377 16.37188 13.61397 13.86274 15.999 14.73098 13.04251 14.50558 12.92679 13.45046 12.37012 13.07399 11.88862 11.84429 12.15921 
  15.28435 15.40073 15.29939 14.67233 13.79833 11.2142 12.11866 13.705 15.46504 14.57607 11.9501 12.44166 13.14312 11.79081 10.73337 11.56614 10.865 11.47663 11.70001 12.19122 11.65386 11.5288 12.12731 
  14.77454 15.40073 14.42214 14.03717 13.10175 11.2142 10.22787 11.60312 14.373 13.46233 10.74001 10.43933 11.88802 10.58583 10.25086 11.25455 10.62525 10.6871 10.69486 11.19075 10.71482 11.01916 12.223 
  15.64122 16.48252 15.06014 14.79295 13.79833 11.97798 10.27763 10.01418 12.02209 12.03038 10.68959 10.19415 11.33019 12.12821 11.56052 11.92224 11.29653 11.13122 11.97922 12.72088 11.30172 11.82002 12.66954 
  15.69221 16.90322 16.17664 16.60225 15.556 13.89329 12.64154 12.80861 14.97969 16.23374 14.0956 13.01375 14.35173 13.91159 11.90517 12.81249 11.39243 13.10504 12.25843 12.60318 13.64931 12.01417 12.82902 
  15.02945 15.52093 16.17664 17.4466 17.31367 14.69133 13.51525 13.25681 14.85835 16.92444 15.12511 13.34066 14.791 14.93581 12.42214 13.07957 12.39935 14.09196 13.20775 13.19169 14.35359 12.91211 14.58329 
  14.57061 15.64113 15.93739 18.17032 18.1925 15.48938 14.01451 13.25681 14.49434 17.06258 16.54068 13.96032 15.55973 16.36963 13.59626 14.01433 13.78987 14.93083 14.32459 13.13284 14.78399 13.44601 14.36002 
  14.72356 15.64113 15.61839 17.20535 17.75308 14.53172 13.51525 12.25738 13.03424 16.0956 16.2833 13.86274 14.35173 15.34547 12.90465 12.857 13.45423 13.64785 13.59864 14.66296 14.97962 13.51882 14.5514 
  14.16276 14.88247 15.13989 16.96411 17.16719 14.69133 13.64006 12.39758 13.4023 16.51002 16.92675 13.76515 14.21227 15.85755 13.42162 12.67895 13.83781 12.80897 12.81686 13.95675 14.6666 13.27613 14.4876 
  13.83869 14.80844 12.96759 14.31046 13.28512 10.35494 10.7752 10.48152 8.203538 13.72751 13.71481 10.23501 11.28371 12.27281 9.079062 8.612746 9.378585 10.48972 11.02991 10.54339 12.20163 12.86357 11.99973 
  14.26472 15.46083 14.07582 14.24214 12.1849 11.11872 12.51672 12.69656 9.445719 12.29556 11.64758 11.42006 12.86421 12.803 9.733892 8.761856 10.6732 12.66093 12.8727 10.6611 11.14522 11.86856 10.81958 
  12.99609 14.43825 12.3442 11.4409 9.739977 8.350017 9.033688 9.780516 7.789477 10.33325 9.731605 9.458597 10.58643 10.24843 8.718756 8.625821 8.981117 10.34168 11.14159 10.48454 11.37998 11.09196 10.85147 
  13.77387 15.10458 13.10612 13.01233 11.08468 9.304743 10.67569 11.46292 8.893639 9.696828 9.832445 10.11242 11.51614 10.24843 8.42738 8.50815 9.522431 10.34168 10.7507 10.13144 10.44094 10.58232 10.63591 
  11.63497 13.32771 11.44376 11.71419 10.71795 10.02079 10.57617 11.32272 10.36585 10.28022 10.68959 11.3792 12.53881 12.7548 11.56052 8.984418 10.52935 11.57533 12.98438 11.77926 12.43639 11.69868 11.01095 
  13.96832 14.66036 11.92862 12.60239 11.81816 9.73437 10.57617 11.88352 10.87193 11.07574 11.19379 11.54265 12.91069 13.57419 12.66339 8.761856 11.00884 11.77271 13.26359 11.66156 12.82766 11.69868 10.692 
  12.93127 14.21614 11.85935 11.23593 10.35121 8.30228 8.585868 10.01418 8.709612 8.158805 8.824039 9.540324 10.58643 11.88721 11.2848 8.895393 8.880748 9.601499 10.69486 9.896032 10.48006 10.38257 10.36977 
  11.18126 11.84698 11.51303 11.98748 11.02356 9.829843 10.72545 12.25738 11.28599 11.23485 11.29463 10.88883 11.9345 11.98361 11.49159 9.296005 9.906021 10.39103 12.31428 11.48501 11.30172 10.99489 10.88337 
  9.366437 11.03258 9.296561 9.801143 7.906284 6.106409 6.695077 10.34132 9.307698 10.22718 10.13497 10.27587 10.49346 10.00743 9.182456 8.573523 9.282688 9.552153 10.02475 9.954884 10.36269 10.48525 10.61978 
  6.060863 7.997079 6.803034 6.726605 5.828099 6.679245 8.585868 9.359915 8.663605 10.49236 10.74001 12.15561 12.12044 10.53763 10.49212 8.717343 9.18679 9.552153 9.801383 9.641807 9.843325 10.7522 10.75579 
  5.782105 4.961195 5.556271 7.409836 6.989438 7.681708 8.934172 9.500114 9.537732 10.12111 10.68959 11.78784 11.33019 10.48943 10.35426 9.028931 9.378585 9.70019 9.857225 10.13144 10.28443 10.70366 10.78768 
  5.444858 5.924058 5.556271 7.683128 6.989438 7.538499 8.884415 9.920715 9.307698 10.54539 10.84085 10.60279 9.93564 10.05563 10.18193 8.403553 9.18679 9.252921 9.735637 9.565539 9.738288 10.48525 10.78768 
  10.72756 11.32872 10.33553 10.48437 9.495484 8.350017 10.17811 10.94885 10.50387 10.91664 10.79043 10.9297 11.60911 11.54982 11.52606 9.117955 10.14576 9.528214 9.801383 10.19029 10.04385 10.48525 10.78768 
  11.50534 11.77294 9.642884 10.41605 8.945376 7.92039 9.481506 10.43478 9.951793 10.33325 10.18539 10.39847 10.86534 10.34483 11.00909 8.850881 9.666277 9.552153 9.968909 10.24914 9.881519 10.42737 10.32944 
  10.59793 11.18065 8.326857 8.912943 7.417299 7.490763 8.386837 9.266448 9.307698 8.954334 8.723198 9.662916 10.40049 10.00743 9.458174 8.850881 8.780377 9.396552 9.857225 9.429952 9.728739 10.37136 10.27299 
  8.394209 8.959554 7.357151 8.707973 7.845161 6.917927 8.33708 8.986048 7.835484 8.848264 8.471096 9.540324 9.7497 9.477242 9.802821 8.599672 9.138842 9.540183 9.374031 10.01373 10.24531 10.30415 10.75579 
  6.320123 7.478824 6.733769 6.38499 6.561576 5.274944 6.545805 9.079515 9.123672 9.11344 8.319836 9.131686 10.0751 8.898848 10.14747 9.117955 9.714226 9.996264 9.752073 10.07259 10.20618 10.53378 10.54719 
  5.996047 7.182678 6.733769 7.888097 6.561576 6.010936 7.640473 8.565448 8.433571 8.742193 8.269415 8.682183 9.238362 8.995247 9.940681 8.984418 9.95397 10.19365 9.968909 9.879084 10.32356 10.48525 10.94716 
  7.227536 8.441298 7.287887 7.614805 6.683823 7.586235 8.287322 8.004647 7.881491 9.802898 8.924879 8.845639 9.424303 9.525441 10.00961 9.340518 9.57038 10.04561 9.857225 10.24914 10.40181 10.22574 10.6601 
  6.644199 6.960568 7.010828 8.093066 7.172807 6.34509 7.192654 7.817714 8.341558 10.01504 8.9753 9.090822 10.30752 10.44123 9.940681 9.028931 10.33756 10.24299 9.752073 9.616385 10.19663 10.70366 10.692 
  7.421981 8.885517 7.357151 8.298036 8.02853 6.679245 7.142896 7.817714 8.387565 8.264875 8.269415 8.96823 8.773511 9.477242 10.04408 9.652105 10.14576 10.19365 10.24812 10.48454 10.24531 10.89781 11.17043 
  6.514569 9.107626 7.980533 7.478159 7.23393 6.774717 6.84435 6.742847 7.881491 8.423982 8.622357 9.744644 9.703214 9.57364 9.664963 9.696617 10.19371 9.996264 9.913067 10.07259 10.71482 10.97062 11.17043 
  6.255308 7.478824 6.318182 7.27319 7.661792 7.347554 7.988776 8.845848 9.261692 8.848264 8.420676 9.009094 9.842669 10.24843 9.837286 9.785643 10.38551 10.39103 10.02475 9.675703 10.20618 10.7522 10.6601 
  6.644199 7.626897 7.010828 7.409836 6.744946 7.156608 7.4912 8.331781 8.571591 8.689157 8.672778 9.17255 9.703214 10.00743 10.52658 9.874667 10.24166 10.7858 10.80654 10.30799 10.8322 10.67939 10.91527 
  6.190493 6.220204 6.59524 8.024743 7.23393 7.108872 7.640473 7.584047 7.927497 7.946664 8.218995 9.908099 9.93564 9.959236 9.699428 9.162468 10.62525 10.19365 10.13644 10.01373 10.20618 10.65513 11.04285 
  6.709014 5.998095 5.16086 6.38499 5.661901 6.536036 7.341927 7.163447 7.559444 7.893629 8.118155 9.948963 9.610244 9.862837 10.00961 9.518568 10.48141 10.53907 10.30396 9.853662 10.51919 10.63086 10.88337 
  7.551612 7.404788 6.456711 7.341513 7.356176 6.679245 7.192654 6.602647 7.835484 8.423982 8.319836 9.540324 9.563759 9.911036 10.14747 9.696617 9.858072 10.58841 10.3598 9.531642 10.0725 10.53378 11.48939 
  7.746058 7.849007 6.318182 6.794928 7.478422 7.299817 6.147743 6.602647 7.513437 7.946664 8.370255 9.131686 9.098907 9.766438 9.216921 9.206981 9.95397 10.39103 9.857225 10.30799 10.40181 10.48525 10.88337 
  6.579384 6.738459 7.080092 8.161389 7.23393 6.106409 6.894108 7.163447 7.559444 7.337803 7.51311 8.437 8.226333 9.525441 10.18193 10.0082 10.14576 10.24299 10.13644 10.19029 10.6757 10.94635 11.29802 
  6.90346 7.700933 6.59524 7.06822 6.43933 6.249618 7.043381 7.724247 7.789477 8.636123 7.966893 8.845639 9.145392 9.62184 9.664963 9.785643 10.28961 9.996264 9.857225 9.954884 10.59744 10.70366 10.85147 
  6.838645 7.849007 7.772739 6.521636 6.317084 6.488299 6.943866 7.724247 7.835484 8.583087 8.269415 8.96823 9.005937 8.433479 9.492639 9.607593 10.04987 9.749536 10.30396 10.19029 10.71482 10.44978 10.94716 
  6.838645 7.256715 7.564945 5.446009 6.133715 6.201881 6.297016 6.696114 7.12929 7.787559 7.459768 8.437 9.098907 8.657851 9.113527 9.296005 9.330636 9.798882 9.913067 9.954884 10.20618 10.06892 10.85147 
  6.190493 7.700933 7.357151 4.421713 5.950346 5.867727 6.993623 7.163447 7.697464 7.946664 7.353083 8.682183 8.494599 8.802449 9.630498 8.850881 9.378585 9.897573 9.538397 9.828238 10.51919 10.7522 11.32991 
  4.68605 6.590386 6.664505 4.945771 5.661901 4.682161 6.028593 7.490581 7.559444 7.946664 7.51311 8.109056 8.401629 8.476137 9.147992 8.468926 9.378585 9.70019 9.686327 9.463849 10.12979 10.30415 10.54719 ]
