 [
  4.725635 5.745457 5.146843 5.729986 6.04071 5.159616 5.914917 5.608176 6.852787 7.425982 7.651599 7.37459 7.333228 7.632779 8.278934 8.101381 8.834671 9.243054 9.551547 9.590245 10.17268 10.167 10.48156 
  5.093454 6.530077 5.88006 6.807731 6.809261 5.790183 5.755719 6.453653 6.416401 6.584027 7.764709 7.110614 6.940599 7.314759 8.652035 8.527259 8.911608 9.49049 9.11917 9.500311 9.969783 10.3727 10.72421 
  5.134323 5.268826 5.199216 6.484407 6.932653 6.240589 6.750709 5.527654 6.241847 7.385889 8.330258 7.341593 7.987611 8.205215 8.079946 8.389475 8.37305 8.99562 9.669468 9.541819 10.09965 10.07884 10.28528 
  5.634268 4.732616 4.099391 5.460549 6.166964 5.655062 5.63632 5.890002 6.096385 6.303375 7.199161 6.978627 7.049663 7.282958 8.005325 8.564837 9.411697 9.096844 9.420524 10.00939 10.02544 10.21598 10.31992 
  4.480422 4.613458 4.623117 5.729986 6.12488 5.564981 6.233314 6.171827 6.270939 6.423655 6.690166 6.780645 6.918786 8.173412 8.577415 8.239165 8.219176 9.186819 9.775415 10.15874 9.79353 10.22577 10.62011 
  4.112603 3.42188 4.88498 6.214971 6.439084 5.159616 5.397522 5.930263 6.270939 5.942537 6.407392 7.275599 7.638607 7.473769 7.458109 8.126432 8.565392 9.096844 9.63016 9.839294 9.877018 10.19639 9.88118 
  3.989997 3.362301 2.790076 5.083339 5.998626 4.979453 5.715919 6.010784 6.300032 6.584027 6.916386 7.011624 7.638607 8.046205 8.005325 8.665044 8.680798 8.973125 9.842056 9.934721 10.23643 10.20618 10.55083 
  3.908259 3.064407 3.994646 4.436692 5.325271 4.484007 4.919927 5.205568 6.270939 6.183096 6.577057 7.440583 7.420479 7.855392 8.577415 8.951293 8.988544 9.423007 9.908698 9.74936 10.07182 10.32372 10.34301 
  3.826522 1.932408 4.413627 4.86779 5.367355 4.258804 5.238324 5.286089 5.863646 5.902444 6.972941 7.209605 7.965798 7.759987 8.204313 8.364424 9.065481 9.063102 9.708775 9.479557 9.737871 10.13761 10.72421 
  4.929979 4.077248 4.727862 4.975564 5.619864 5.069534 5.556721 4.883481 5.630906 6.022723 6.181172 6.318689 6.940599 7.569175 7.905831 8.839482 9.450166 10.06057 9.68257 9.694016 9.784254 10.45337 10.42383 
  6.062793 3.362301 3.366174 3.358947 4.441493 4.529048 5.715919 5.80948 6.096385 6.584027 6.294282 7.143611 7.224164 8.396026 8.602288 8.727673 8.546158 9.153078 9.842056 9.770114 9.941954 10.45337 10.60856 
  5.705689 3.838933 3.523292 3.951707 5.283186 5.249697 5.437322 5.930263 5.601814 6.183096 6.068063 6.813643 7.26779 8.014402 8.577415 8.839482 9.084716 9.423007 9.381216 9.797786 9.914124 10.40209 10.31992 
  5.052585 4.077248 4.466 4.652241 5.661948 5.159616 5.118925 5.890002 5.892738 6.824586 6.463947 7.077618 7.311416 7.251155 9.050011 9.342628 9.353994 9.310537 9.551547 9.555655 9.802807 10.60723 10.62011 
  4.521291 2.289881 3.628037 4.436692 3.978561 3.493115 5.158724 5.849741 5.776368 5.862351 6.463947 7.011624 7.878547 8.30062 8.552542 8.951293 8.969311 9.708926 9.407421 9.694016 9.672936 10.26495 10.35456 
  4.991282 3.302722 3.261429 4.005594 4.104815 4.393926 4.482131 5.80948 5.718184 6.423655 6.068063 6.912633 6.853348 7.378363 8.079946 8.16401 8.488455 8.905643 9.368114 10.08407 9.515237 10.39229 10.48156 
  4.010431 3.362301 3.942273 3.466722 3.683969 4.348886 4.203534 4.964003 5.572721 5.701978 6.520502 7.077618 7.289603 7.887195 8.428174 8.088855 8.757734 8.871902 9.027453 9.576409 9.79353 10.31393 10.31992 
  4.112603 3.600617 4.308882 5.029452 4.820255 4.754251 5.039326 5.688698 5.485444 6.183096 6.746721 7.539574 7.420479 7.982601 8.278934 8.126432 8.873139 9.344278 9.63016 9.638672 9.608002 10.17679 10.55083 
  5.705689 4.673037 3.889901 5.406662 5.493609 5.970345 4.641329 4.682177 5.136335 5.220861 4.88041 6.483674 7.093288 7.282958 7.980452 8.076329 8.834671 9.164326 9.669468 10.30808 10.02544 9.775187 10.11209 
  4.235209 5.387984 6.596532 7.426933 7.364527 5.835224 5.397522 5.890002 6.387309 6.423655 7.31227 7.077618 7.485918 7.950799 7.856084 8.677569 9.10395 9.051855 9.263295 9.860048 9.95123 10.26495 10.31992 
  4.786938 4.911353 7.05114 9.284542 8.47506 6.469533 7.042238 6.29261 6.910972 6.984958 8.499923 8.43049 8.249364 8.205215 8.676908 8.677569 9.770534 9.141831 9.446728 9.597163 10.36392 10.3825 10.93241 
  5.919951 5.447563 6.899604 8.527739 8.413363 7.5485 7.375415 7.912781 8.540196 8.094293 9.006275 9.961959 11.11453 10.32097 10.05837 9.230818 9.930717 10.41221 11.10824 11.20416 11.06515 10.65851 10.82831 
  5.705689 4.613458 6.217691 7.082932 9.030325 8.862023 8.041768 7.564028 8.540196 10.12361 10.52533 10.41239 11.30554 10.99563 11.11257 11.57883 11.74613 13.16672 14.50693 15.23649 14.38005 13.68433 13.43083 
  6.419897 6.216229 7.126909 7.839736 8.104882 8.627466 8.416592 7.651216 8.72523 10.06211 11.18359 10.27726 11.68756 13.0646 12.67094 13.59141 13.93531 14.86632 17.83898 18.89545 16.35624 16.1973 16.97025 
  8.633941 9.903941 9.47572 8.527739 6.439084 7.407765 7.625297 8.959038 9.958788 9.324182 10.93041 11.53847 11.59206 12.56985 12.4876 13.08826 14.57605 15.15935 18.23883 19.92159 18.01369 17.38716 17.74095 
  8.919623 10.06087 9.551489 8.046137 8.906933 10.03481 9.332827 9.394979 10.39053 10.67706 12.60138 13.25011 13.35891 13.10958 12.94595 13.98274 15.27018 16.68312 18.69559 19.46393 18.8743 18.73301 18.65777 
  6.562738 7.628544 7.733054 8.183737 9.585591 9.565697 9.832591 9.830919 10.69892 11.59948 12.95582 13.25011 13.31115 13.82923 13.49596 14.98903 15.96431 17.20902 18.80979 19.41816 18.98442 19.49006 19.34538 
  4.807373 6.765463 6.293459 8.802939 9.523895 9.753344 11.12365 11.31312 11.13067 11.41499 12.70265 13.70054 13.1679 13.91918 14.00014 15.38037 16.36919 17.96075 20.29428 21.06574 19.92038 20.07887 20.18579 
  5.562847 6.687001 7.657286 8.665339 8.968629 10.12864 9.790944 10.35405 11.99416 12.64488 13.51281 13.52037 13.2634 14.41393 14.91683 16.17167 16.28467 18.36553 20.52266 21.34034 20.74623 20.66768 20.6442 
  5.011716 6.765463 8.869576 9.078141 8.845237 10.55084 11.12365 12.44656 12.85765 12.58339 13.96853 13.9708 13.40666 14.59385 14.91683 16.07562 17.46788 19.34855 20.35137 20.79115 20.9114 20.58356 21.48461 
  5.919951 7.707006 8.566504 8.527739 9.770679 10.59775 11.45683 13.17749 12.85765 12.82937 13.61408 13.61046 13.78868 15.16636 15.36531 15.88351 17.72143 19.4642 20.80814 21.47764 21.35186 21.42472 21.56101 
  7.419787 8.099316 8.263431 10.04135 11.31309 10.7854 11.29024 12.62094 13.16604 14.12075 15.10375 14.01584 14.36171 15.04362 15.09622 16.17167 17.38337 19.86898 21.55039 21.47764 21.73725 22.26587 21.79021 
  7.276946 9.119322 8.793808 10.11015 10.75782 11.39525 11.8733 12.09781 13.47443 14.30523 14.98123 14.19602 15.05678 15.04362 15.5447 16.26772 17.72143 19.92681 21.3791 21.798 21.6822 22.18176 22.09582 
  10.77656 12.2578 13.18836 13.68776 13.47245 13.24713 12.08153 12.53375 13.28939 15.16615 16.32888 15.85634 16.02987 16.39379 16.80044 17.13219 18.82013 20.21593 21.83587 21.9353 21.73725 21.59295 21.56101 
  14.27618 17.53809 18.19159 17.23402 16.92901 15.674 14.64984 14.8704 15.94581 17.09964 17.06396 16.40979 17.14197 17.62121 16.62105 17.03614 19.74979 19.11725 20.63685 20.47078 19.81027 19.40594 19.42178 
  15.72599 19.34403 19.42604 21.74647 20.76331 18.96762 17.09585 18.0305 19.20946 21.68631 20.61685 19.06631 20.7563 20.68976 18.50465 19.3414 18.82013 17.09337 18.23883 18.89545 18.26868 16.76144 17.1264 
  15.72599 19.2876 18.19159 22.90351 22.23803 20.87444 19.17495 18.93338 20.36753 23.38993 22.33203 20.28388 22.00741 21.79445 20.02947 21.26245 20.67946 18.59683 20.0088 20.97421 20.25072 18.31243 18.73417 
  15.53269 19.17473 18.19159 22.09358 21.3532 21.91453 19.78645 19.15911 20.68337 23.78308 22.69957 20.50526 22.28544 22.03993 20.47795 21.83876 21.44009 19.63768 20.86524 22.02683 21.18669 19.06948 19.57458 
  15.58101 19.06186 18.19159 21.51506 21.64814 22.43457 19.78645 19.38483 20.68337 23.91413 22.57706 20.83732 22.28544 21.91719 20.56765 21.93481 21.60912 20.44724 21.09362 22.30143 21.35186 19.40594 19.72738 
  15.72599 19.06186 18.25037 21.16795 22.23803 22.78127 19.29725 19.49769 20.57809 23.78308 22.20952 21.0587 22.14643 21.79445 19.85008 21.07034 21.01752 20.04246 20.40847 21.84377 20.9114 19.15359 19.34538 
  15.96763 19.06186 18.42672 21.05225 22.82792 23.12797 19.05265 19.83627 20.99921 23.52098 22.08701 21.16939 22.56347 22.40816 20.02947 20.87824 20.76397 20.21593 20.57976 21.98107 21.07657 19.40594 19.57458 
  16.20926 19.11829 18.72064 20.93654 23.27034 23.30131 18.80805 19.94913 21.42032 23.12784 22.45454 21.16939 23.11952 22.77638 20.29856 20.87824 20.76397 20.73636 20.80814 22.0726 21.24174 19.49006 19.49818 
  16.4509 19.11829 18.95577 20.70514 23.56529 23.12797 18.93035 19.83627 21.5256 23.12784 22.69957 20.83732 22.70248 22.28541 20.29856 20.78218 20.84849 20.38941 20.63685 21.88953 21.13163 19.40594 19.19257 
  16.78919 19.00542 19.19091 20.47373 23.56529 22.43457 19.17495 19.61055 21.42032 23.38993 22.69957 20.28388 22.42445 22.28541 20.02947 20.59008 20.51043 20.10028 20.18009 21.38611 20.63612 18.98536 18.73417 
  17.07915 18.77968 19.36726 21.05225 23.41782 21.39449 19.17495 19.15911 20.89393 23.38993 21.84198 20.17319 22.28544 22.03993 19.85008 20.59008 20.25688 19.69551 19.66622 20.79115 19.86533 18.22832 18.19936 
  17.32079 18.44106 19.54361 21.74647 22.82792 19.66101 18.56345 18.5948 20.78865 22.07946 20.86187 19.61975 21.72939 21.42622 19.31191 20.10982 19.66528 18.82813 18.80979 19.92159 18.8743 16.96658 17.28255 
  17.22413 17.87671 19.19091 21.39936 21.3532 18.27422 17.34045 17.91764 20.57809 21.81736 19.2692 18.51287 20.89531 20.44428 18.32526 19.3414 18.56658 18.01857 17.63906 18.52209 17.31246 15.22289 16.29359 
  16.54755 17.25591 17.83889 18.85388 17.51891 15.32731 15.38364 16.67617 19.5253 19.58955 16.69642 16.74185 19.36617 18.84863 16.62105 17.70851 16.79176 16.68312 15.97303 16.87929 15.78251 13.53048 14.41978 
  15.82265 16.40938 16.66321 15.96128 13.41076 12.33348 12.44843 15.09612 17.525 16.96859 14.37361 14.30671 17.28098 16.27104 15.09622 15.88351 14.57605 14.98353 13.90716 14.86312 13.93381 12.19707 13.27467 
  15.09774 15.71013 15.68871 14.78857 13.78094 12.0051 11.45683 12.83891 15.31414 15.04317 12.60138 12.84472 14.02744 13.10958 12.76261 13.98274 12.22668 12.75647 12.30777 12.84696 13.55132 14.19719 13.58698 
  15.1944 15.84502 15.89903 15.61417 14.2745 12.33348 12.08153 13.51607 15.62997 15.65811 13.31027 13.20507 13.74093 13.0646 12.21259 13.31188 11.95971 12.22901 12.37442 12.92163 13.29633 13.94076 13.74313 
  15.33938 15.78859 16.01659 15.84558 14.42198 12.38039 11.24859 12.70813 15.41941 15.78916 13.05709 12.57446 13.93194 13.0646 11.89175 12.69693 11.1054 12.1118 11.24152 11.65219 11.76638 12.09449 12.65007 
  15.67767 15.9579 16.60443 17.00262 15.74923 14.28722 13.30454 13.40321 15.94581 17.09964 15.10375 14.41739 14.63974 13.91918 12.90011 13.20007 10.99861 12.05319 12.04121 11.57752 12.21262 11.63293 12.96237 
  15.3877 15.84502 17.0747 17.69684 16.92901 15.32731 14.64984 14.08038 15.94581 18.01697 16.57391 15.41359 15.89085 15.65733 13.77097 14.31817 12.60045 13.10812 12.57434 13.22032 13.29633 12.19707 13.32673 
  14.71113 15.9579 16.722 17.58113 17.07649 15.15396 14.52754 13.62893 14.89302 17.49278 16.69642 15.19221 15.75184 16.39379 14.22932 14.93313 14.25568 15.33517 15.37326 15.08714 15.46377 14.35104 14.99233 
  14.20476 15.78859 15.84024 17.00262 16.19165 14.11387 13.67144 12.62094 13.22772 16.4444 16.69642 14.63877 14.36171 15.90282 13.40429 14.37408 15.0032 15.74542 16.17295 15.60985 15.59126 14.40233 15.14849 
  13.84766 15.78859 14.32488 15.20137 14.56945 12.55374 12.32613 12.31578 11.25402 14.36673 14.62679 13.38524 13.1679 13.73927 11.89175 12.58512 14.0955 14.80771 16.03967 15.68452 14.82629 14.5049 15.09643 
  13.20487 14.45473 11.9003 12.51816 10.88121 9.894078 10.99871 11.74906 9.773754 12.52189 12.3482 12.03395 12.92913 13.55936 11.20424 9.622152 11.85292 13.40115 14.10708 13.22032 12.65885 12.65863 12.49392 
  13.06203 13.74858 12.12761 10.86695 10.07916 8.299085 8.833062 9.612949 8.416841 10.00062 9.968345 9.55657 10.637 12.34496 10.33338 8.783578 9.556955 10.70524 11.3748 10.45743 10.81016 11.06879 10.88036 
  12.70492 14.06243 12.05184 11.69255 10.14086 8.064527 8.833062 9.830919 8.72523 9.324182 9.715168 9.736743 10.44599 11.08559 9.783363 8.46463 9.123184 10.23639 10.90831 10.30808 10.55517 10.91494 11.08856 
  12.20498 12.49319 11.82453 11.83015 10.26425 8.721289 9.957533 11.35671 10.26718 10.43108 11.3355 11.94386 12.49936 13.42443 12.25843 9.342628 10.73164 11.93598 13.04083 12.10023 12.53136 12.81249 12.23367 
  12.84777 13.98396 12.43068 11.48615 10.88121 8.674377 9.082945 10.96437 9.89711 9.939126 10.82914 10.54752 10.39824 11.71527 10.79172 8.839482 9.61035 10.00196 10.37519 9.934721 10.17268 10.76108 10.72421 
  10.63372 12.49319 10.53647 8.734139 6.166964 5.069534 5.59652 7.520434 6.998249 8.709237 8.95564 6.912633 7.90036 9.601324 8.925643 8.702621 9.556955 9.41176 9.210886 9.624835 10.49142 10.76108 10.82831 
  7.419787 9.668555 7.657286 5.083339 5.030678 5.294737 5.755719 5.527654 5.776368 7.105237 6.916386 6.846639 7.136913 7.632779 7.632223 7.926019 8.892374 9.153078 8.870226 9.721687 9.598725 10.39229 11.08856 
  9.133886 10.21779 10.38494 10.66055 9.894073 8.908936 9.499414 10.22327 9.280331 8.647743 9.816439 10.36735 10.44599 10.90568 10.05837 8.589889 9.450166 9.826139 10.77503 10.45743 10.55517 10.81237 10.77626 
  11.70503 13.12088 12.58221 12.79336 11.43648 10.22246 11.20694 12.53375 11.43906 10.98453 11.4874 11.31325 11.4488 12.29998 11.70842 9.007197 10.46466 10.17778 11.90793 11.57752 11.63888 11.68421 11.76522 
  10.41946 12.17934 10.68801 10.72935 8.845237 7.079384 8.499886 10.48483 9.58872 9.57016 9.664534 9.286311 9.777452 10.54586 10.24171 8.502208 9.770534 9.591713 9.842056 10.08407 10.42767 10.55594 10.37765 
  6.634159 9.040859 7.581517 7.977336 6.870957 6.891738 8.041768 8.523097 7.615028 7.78682 8.702464 10.59256 11.49655 11.22052 11.1584 8.452105 10.19769 9.767533 10.2419 9.790868 10.23643 10.76108 10.5162 
  4.725635 6.843925 6.217691 6.376633 6.12488 6.751003 6.710909 8.087156 7.491672 9.016709 9.158181 12.57446 12.83363 11.49039 11.38757 9.566248 9.770534 9.512983 9.250194 9.934721 9.941954 10.86365 10.67216 
  5.052585 6.608539 5.356334 8.114937 7.734704 6.37571 8.208356 9.133414 9.095297 10.43108 10.77851 12.97985 13.07239 11.2655 11.43341 8.783578 9.663744 9.826139 9.775415 9.728605 10.17268 10.81237 10.77626 
  5.420006 5.149668 5.094471 7.358133 7.117742 6.844826 7.750238 9.787325 8.910263 11.84545 11.13296 12.3042 12.21284 11.98514 11.80008 8.652517 9.717138 9.708926 10.10862 9.860048 10.17268 10.45337 10.41229 
  4.194341 5.902381 5.827687 6.807731 5.998626 7.26703 8.166709 8.130751 6.998249 10.30809 10.4747 10.90787 10.82801 9.871191 9.875032 8.951293 10.03751 9.884747 9.538445 10.08407 10.10893 10.1572 10.77626 
  5.011716 6.373153 6.141923 6.107197 6.377388 6.516445 7.542003 8.741068 8.170129 9.44717 10.01898 10.27726 10.44599 9.69128 9.554191 8.783578 9.823928 9.708926 9.263295 9.735524 10.10893 10.81237 11.24471 
  6.348476 7.628544 6.823836 7.564534 6.932653 7.501588 8.583179 9.656543 8.355163 9.816137 10.12025 9.331354 9.872957 10.09608 10.10421 8.727673 9.219356 9.943353 9.842056 9.569491 10.23643 10.40209 10.56238 
  9.990935 10.92395 9.854561 10.45415 8.660148 7.595411 9.832591 10.22327 9.095297 10.49258 10.4747 10.77274 11.25779 11.58034 11.61675 9.398533 10.73164 10.23639 9.975339 10.00939 10.49142 11.22265 10.5162 
  8.848203 9.747017 7.505749 8.321338 7.179439 7.501588 9.416121 9.307791 8.910263 10.80005 9.512628 10.007 10.30273 11.94016 12.4876 9.286722 10.25108 9.826139 9.908698 10.30808 10.36392 10.91494 10.82831 
  7.062684 8.727012 7.202677 8.114937 7.364527 7.454677 8.374945 8.784661 7.923418 9.631654 9.360722 10.45743 9.92071 10.41092 11.1584 9.230818 10.51806 10.17778 9.775415 10.15874 10.10893 10.55594 10.47001 
  6.205634 7.000849 6.6723 8.183737 6.747565 7.829969 8.208356 8.566691 7.86174 9.016709 8.753099 9.466484 8.965655 9.286481 9.279183 9.007197 10.19769 10.47081 9.908698 10.30808 10.55517 10.34331 10.72421 
  5.77711 6.373153 6.520763 7.908536 6.747565 7.454677 7.87518 8.261533 7.86174 8.832226 8.550558 9.286311 9.777452 10.32097 11.11257 9.174912 9.984112 10.06057 9.617058 9.417295 9.923401 10.39229 10.67216 
  5.634268 6.687001 6.6723 6.538295 6.04071 6.65718 8.125062 8.697474 8.540196 9.939126 9.360722 10.18717 10.25498 10.36594 11.06673 9.063103 10.46466 10.17778 9.708775 10.15874 10.49142 10.81237 10.77626 
  6.277055 7.628544 7.733054 6.807731 6.335303 7.595411 7.58365 7.781998 8.108451 9.754642 9.512628 9.511527 9.538688 10.81572 10.92923 9.342628 10.62485 10.64663 9.775415 10.08407 10.42767 10.81237 10.93241 
  6.277055 8.020854 7.505749 6.807731 6.439084 7.689234 7.458709 7.520434 7.800062 8.832226 9.107546 9.55657 10.11172 10.32097 10.33338 9.174912 10.73164 10.93967 10.30854 10.15874 10.23643 10.45337 10.93241 
  5.420006 7.86393 7.581517 7.426933 6.809261 7.407765 8.374945 7.520434 8.601874 9.139698 8.386813 9.646656 10.25498 10.18603 10.42505 9.901678 9.663744 10.47081 10.10862 10.15874 10.55517 10.60723 11.03651 
  7.705471 7.942392 6.975372 7.702135 7.302831 7.923792 8.416592 8.130751 8.601874 8.893721 8.753099 9.151181 9.39543 9.51137 9.966702 9.119007 9.663744 10.11917 9.908698 9.934721 10.61891 10.76108 10.82831 
  7.562629 8.962398 7.202677 7.220532 7.302831 7.5485 7.916827 7.25887 8.601874 9.324182 8.601193 9.466484 9.252172 10.00612 10.01254 8.895388 10.25108 10.3536 9.975339 10.5321 10.36392 10.3825 10.72421 ]
