 [
  4.274821 3.986784 2.951192 4.825188 4.17793 4.674969 5.843807 5.698997 5.65259 6.171785 6.560899 7.124675 7.288899 8.100081 8.224874 7.881268 8.715957 8.993119 9.720087 9.616988 10.10594 10.24303 10.29447 
  4.206952 3.707379 2.510809 4.476144 4.43642 4.356974 4.687232 5.344739 5.539045 6.916458 7.147718 7.417519 7.539702 7.813728 8.111512 9.066794 8.561054 9.054706 9.116279 9.755291 10.25844 9.829135 10.48988 
  4.614163 3.30823 4.461571 5.206053 4.410572 4.47928 4.841723 5.781693 6.377509 6.916458 7.267593 6.634151 7.12767 7.896699 8.010746 8.897758 8.630493 8.740614 9.390183 9.963621 9.900392 9.941626 10.26934 
  3.731872 3.507805 3.831959 3.998448 3.066422 4.831319 4.146512 5.137074 6.127474 6.379445 7.027843 6.718723 7.80268 7.661615 7.708447 8.028318 9.048072 9.244305 9.575252 9.902646 9.826981 10.03805 10.33468 
  3.053187 3.148571 3.807493 4.504243 3.428308 3.916673 4.481243 4.897462 5.65259 6.349779 6.521272 8.04804 7.80268 7.689272 8.212279 8.959226 8.869393 8.691344 9.077533 9.62826 9.467267 10.43132 10.7482 
  2.985318 3.348145 3.318178 3.77365 4.920311 3.378528 4.999947 5.6163 5.036203 6.707283 6.808569 7.417519 6.572322 7.108477 7.683255 8.293008 8.928953 9.073666 9.142109 9.694316 9.975222 10.1184 10.4287 
  2.883515 3.707379 4.018446 4.279446 5.119863 4.831319 4.275254 4.993307 5.149748 6.379445 6.808569 6.870955 7.718846 8.313247 8.457771 8.774822 8.454225 8.980802 9.427733 9.5719 10.0896 10.41787 10.59865 
  4.376624 3.986784 4.372946 4.560443 5.518966 7.139368 7.478786 7.559675 8.419464 9.583445 8.786007 9.264046 9.185934 9.45013 8.259501 8.469468 8.780054 9.092626 9.403595 9.648584 9.812298 10.76083 11.12208 
  5.929269 5.723714 5.87957 7.338895 8.844827 7.930699 8.428128 7.766417 9.586295 10.42015 11.1835 11.0205 11.44944 10.69359 9.603338 8.605785 9.852127 9.358065 9.626212 10.27866 10.38371 11.18447 11.85164 
  5.373113 4.666781 4.727446 7.262722 8.113137 6.413981 7.320562 7.022146 7.21096 7.177927 9.225548 8.993822 9.856603 9.73435 9.162735 8.820923 10.26904 10.30606 9.93898 10.83265 10.45451 11.99123 11.97752 
  4.682032 3.707379 3.513904 5.815436 4.853794 4.963207 4.571363 6.236526 6.585872 6.409111 6.907969 6.701809 6.948525 7.385046 7.431339 9.266565 9.494769 9.206385 9.219602 9.459182 9.746228 10.90878 10.80938 
  3.731872 2.070868 2.535275 4.167047 4.384723 4.69943 4.185134 4.625901 6.044128 5.978958 6.62034 7.687743 8.179931 7.647787 8.174492 8.667253 8.705274 9.263265 9.607437 9.95854 10.08415 10.07019 10.60545 
  4.648098 3.986784 3.513904 5.282226 4.307176 4.765375 4.71298 5.520454 6.002456 6.008624 6.233974 7.327445 7.288899 8.064553 8.634012 8.713354 8.646518 8.660551 9.392866 9.616988 9.672817 9.829135 10.55106 
  5.373113 6.492392 5.968195 5.434571 5.652001 7.403145 7.689751 6.484616 6.627544 6.864164 6.570806 7.552631 7.92843 7.97967 8.259501 8.605785 8.839614 8.89458 9.521608 9.62826 9.75357 10.20678 10.2241 
  5.690916 6.396307 5.613695 5.129879 6.782793 7.79881 8.639093 8.345295 6.169146 7.230221 7.547301 8.318264 8.431432 7.993498 8.611982 8.190073 8.496956 8.740614 9.93898 10.04492 10.34558 10.49857 10.46269 
  5.770367 7.164985 7.474819 6.424819 6.982345 8.392309 7.742492 7.973159 6.585872 7.073339 6.650061 8.273227 8.431432 7.302075 8.457771 8.943858 9.018292 9.414944 9.607437 10.12622 9.969775 10.65996 10.81618 
  6.644326 8.414085 8.538319 8.481489 7.381448 7.535033 7.847975 8.386643 7.04427 6.916458 7.267593 9.264046 9.814686 8.206664 8.303561 8.410648 8.699932 9.187425 9.348756 9.301376 10.09504 10.51874 10.88416 
  8.233343 8.70234 8.538319 8.862353 7.780551 6.941535 7.004115 6.939449 5.960783 7.021046 6.263694 9.038859 9.814686 7.495674 8.237471 8.544317 8.928953 9.244305 9.655716 9.938215 10.23665 10.15054 10.50348 
  9.663459 10.04753 7.120319 7.719759 7.580999 6.809647 6.212996 6.319222 4.922658 6.498107 6.868011 7.867891 9.1021 8.029026 7.784021 8.160664 8.988513 9.225345 9.449191 9.841672 10.0079 10.33045 10.72101 
  11.17303 11.4888 8.715569 9.319391 9.110895 7.864755 7.373303 6.856752 6.002456 6.275615 6.868011 8.408339 9.521269 8.313247 8.523862 8.882391 9.226751 9.661423 9.206686 9.663828 9.964329 10.45149 10.3749 
  13.3182 13.69875 11.37432 10.53816 9.376965 7.996643 7.63701 6.691359 5.766135 7.387103 7.027843 7.597668 9.395518 9.023798 8.391682 9.066794 9.673449 9.642463 9.634259 9.605716 10.06237 10.55909 10.89095 
  15.52418 16.10086 15.27381 14.72538 14.19699 12.61274 10.696 9.296309 8.127756 7.962335 7.667176 9.264046 10.15002 8.597467 8.876344 8.68262 9.107632 9.130546 9.258348 9.233745 10.12228 10.66669 10.58505 
  16.25847 16.6178 17.02691 17.59822 16.76241 16.13656 14.07174 12.31271 10.71145 10.52473 9.784964 11.60598 12.49736 9.983043 10.11003 9.466336 10.09037 9.813102 8.857971 9.154842 10.07326 10.45822 10.99292 
  16.25847 17.30729 17.7365 18.65664 18.68648 18.17402 16.55088 14.02848 12.11935 11.20455 10.18455 12.19146 13.4324 12.7941 13.09793 10.31152 10.86464 11.08342 9.653034 9.928053 10.1604 11.28531 12.29219 
  16.58483 17.78464 17.81998 19.18585 19.32783 19.97178 18.44669 15.74425 13.90574 13.43749 13.17345 14.38647 15.24308 13.89075 13.8915 10.6583 10.74552 10.72318 9.116279 11.22044 11.07346 11.18447 11.78871 
  16.8024 18.02331 17.90346 19.03465 19.7554 20.69088 19.61334 16.68013 14.73022 14.42056 14.68178 16.56814 17.47161 17.01197 17.51924 14.39083 12.61977 12.133 10.40735 12.05142 12.01464 11.58785 12.16632 
  16.88399 18.1559 17.90346 18.88344 19.96919 20.33133 20.48833 18.23992 15.27987 15.07594 14.99932 16.41768 17.1234 17.3494 17.97271 14.83518 13.51261 13.30557 10.87572 12.827 12.95581 13.25178 14.24318 
  16.93838 18.1559 17.81998 18.65664 19.7554 19.97178 20.78 19.48775 16.10436 15.40363 15.23748 16.49291 16.98412 17.18068 18.19944 15.01292 13.4289 13.53357 10.56347 12.8824 13.20679 13.85685 14.93547 
  16.91118 18.12938 17.7365 18.50544 19.43473 19.61223 20.63416 20.42363 16.79143 16.05901 15.71379 16.94429 17.26269 17.26504 17.74597 15.45727 13.4847 13.40329 11.50021 13.60258 13.95973 13.85685 15.06134 
  16.88399 18.12938 17.7365 18.42984 19.32783 19.49238 20.48833 20.73558 17.61591 16.55054 16.11072 17.16998 17.26269 17.77118 18.08607 15.45727 13.59631 13.17529 12.07266 13.76878 14.14797 14.10896 14.93547 
  16.82959 18.1559 17.61127 18.35424 19.11405 19.49238 20.05084 20.57961 18.85264 16.63246 16.1901 17.24521 17.19304 17.85554 18.19944 15.72388 13.70791 13.24043 12.43695 13.60258 13.95973 13.70559 14.62079 
  16.8024 18.12938 17.56953 18.27864 18.90026 19.37252 19.46751 20.42363 19.12747 16.87823 16.26949 17.24521 16.98412 17.60247 18.08607 15.81275 13.84742 12.94729 12.54103 13.15939 13.70875 13.15094 13.99144 
  16.748 18.12938 17.48605 18.20303 18.79337 19.25267 19.32168 19.79971 19.12747 17.124 16.50765 17.24521 16.7752 17.18068 17.85934 15.45727 13.98693 12.97986 12.22878 12.8824 13.64601 13.5039 14.49492 
  16.69361 18.07635 17.40257 18.12743 18.68648 19.13282 19.17585 19.48775 19.67712 17.8613 16.98396 17.69659 16.91448 16.75889 17.06577 15.72388 14.21013 13.273 12.95736 12.9932 14.39895 14.20981 15.25015 
  16.63922 18.04983 17.27735 17.97623 18.68648 19.01297 18.88419 18.86383 19.95195 18.35283 16.98396 17.4709 16.49663 16.25275 16.9524 16.07936 14.07063 13.045 13.0094 12.7162 14.58718 14.26023 14.36905 
  16.47604 17.91723 17.06865 17.67383 18.25891 18.41372 18.15503 17.92796 19.40229 17.77938 16.26949 16.26722 15.03416 14.98739 15.2519 14.56857 13.401 12.91472 12.95736 11.88522 13.89699 14.00812 14.49492 
  16.39445 17.7316 16.81821 17.14462 17.51066 17.45492 16.69671 16.36817 17.20367 15.97708 14.28485 15.13877 14.61631 14.39689 14.11823 13.50213 12.73137 12.42614 11.24 12.05142 13.0813 12.89883 14.30612 
  16.14969 17.46641 16.6095 16.69101 16.33484 16.49611 15.82172 14.49642 14.31798 14.33863 13.57038 14.98831 14.54667 14.22818 13.43803 12.7023 12.70347 12.16557 9.730816 11.55283 12.39111 12.8484 14.49492 
  15.25221 16.96255 15.94166 14.42298 13.87632 14.0991 13.05092 12.78065 12.94384 13.8471 12.3796 13.55894 13.98954 14.22818 12.98456 12.61343 12.53231 11.08342 9.348756 10.77725 11.32444 11.63827 11.97752 
  15.3338 16.93603 15.69122 14.80098 13.55564 13.49985 12.17593 11.22085 11.84453 13.27364 11.90275 12.9571 13.64133 13.80639 12.53109 12.43569 14.09853 12.65415 9.782857 10.72185 11.01072 11.04327 11.28523 
  15.22502 16.77691 15.48252 14.72538 13.23496 13.49985 12.32176 11.37683 11.84453 13.27364 12.61775 13.18279 13.0842 13.55332 11.96426 11.45813 14.34964 12.91472 9.526973 10.55565 11.2617 11.02982 11.34816 
  15.06612 16.4852 15.09656 14.19446 12.90238 13.1403 11.5926 10.9089 11.43228 13.35556 12.61775 13.18279 13.00036 12.29234 10.90311 10.48056 13.2894 12.133 9.232517 10.01443 10.88523 11.08362 11.18326 
  14.90722 16.10086 14.74206 13.96594 12.2372 12.41491 11.22342 10.57811 11.29487 13.27364 12.14144 11.92124 12.24586 12.54103 10.9692 10.12712 12.61977 11.48157 9.602073 10.27358 10.13317 10.65324 10.50348 
  14.82776 15.9087 14.47619 13.66125 12.2372 11.88735 10.85423 10.45406 11.04483 13.19172 11.98267 12.73191 12.70695 11.72389 10.50657 10.18858 12.59187 11.64443 9.730816 10.50025 10.02424 10.49857 10.56466 
  14.66886 15.52436 14.29894 13.05186 11.77158 11.42575 10.74874 10.37137 10.50309 11.83208 11.62304 13.18279 13.22348 12.54103 11.05733 10.48056 12.84298 11.70957 9.834898 9.882321 10.5471 11.28531 10.89775 
  14.50996 15.33219 13.85581 12.51865 11.23945 11.09602 10.85423 10.20597 10.41975 12.61649 11.94271 13.55894 13.78061 13.04717 11.39743 11.28039 13.2615 12.23072 9.782857 9.892484 10.42728 10.68014 10.81618 
  14.43051 14.85176 13.41269 11.98544 10.17517 10.04091 10.16859 9.999231 10.21138 12.98254 12.06205 11.65102 11.91053 11.0844 10.19815 10.38835 11.04332 10.83694 9.725451 9.357736 10.34558 10.59271 10.89775 
  14.35106 13.89091 11.72882 11.37606 8.578758 9.843082 9.113765 9.79249 10.54476 12.82566 11.58309 11.24568 11.44944 9.769877 8.986494 8.559684 10.20948 9.888942 9.658398 9.953459 10.63424 10.57926 10.25426 
  13.55655 12.93007 10.39944 9.852602 7.847069 9.381473 8.533611 8.345295 9.377933 13.08713 11.86279 10.84035 11.23986 10.72912 9.713489 8.928492 9.703228 9.585583 9.206686 8.906861 9.724205 9.925555 10.37992 
  11.96753 11.4888 10.22219 9.700255 7.048862 8.853918 8.269905 7.187539 9.33626 11.93667 10.54417 9.98464 10.90452 10.76465 9.537248 9.266565 9.107632 9.452864 9.556477 9.459182 10.04058 10.33717 10.55106 
  10.29907 9.663187 9.070068 8.481489 6.583241 8.392309 7.795234 7.849114 9.752985 11.93667 9.305465 9.264046 9.814686 9.663295 8.942434 8.713354 9.196971 9.017754 9.361671 9.897565 9.665477 10.21482 10.32463 
  9.663459 9.278849 7.474819 7.262722 6.38369 8.194476 8.375387 8.097204 8.336119 9.740326 8.666132 9.219007 9.395518 9.308019 8.413712 8.440058 8.518322 9.187425 9.494787 9.549356 9.804957 9.989836 10.14368 
  9.742909 10.14361 8.183819 7.415068 5.785035 7.271256 7.689751 7.43563 7.21096 9.1128 8.865924 9.399157 8.72485 8.597467 8.634012 8.366533 8.899174 9.471824 9.650352 9.826427 10.69699 10.53892 10.41511 
  8.789499 10.33578 9.779068 6.729511 5.851552 6.282093 6.37122 6.401919 6.460854 8.43298 8.226591 8.633524 8.221848 8.739577 8.048533 8.175368 8.839614 8.672869 8.560917 9.312648 9.885709 10.1184 10.48988 
  9.981262 9.567102 8.538319 6.881857 6.716276 6.941535 7.426044 6.8981 6.919252 9.688032 8.586216 8.318264 8.431432 8.526412 8.457771 8.805555 9.048072 9.168465 9.470648 9.801022 10.06781 10.22285 10.09341 
  9.186754 8.798426 7.563444 7.110376 5.652001 6.677758 6.476702 6.029784 5.701252 8.328392 7.707134 7.372482 7.80268 7.813728 8.136704 7.572463 8.4382 9.301185 9.398231 9.459182 9.731546 10.30355 10.57146 
  9.584007 9.471018 8.715569 7.034203 4.986829 5.095096 4.545615 4.785643 5.749914 7.230221 6.560899 6.854041 8.012264 8.100081 8.523862 8.322418 8.646518 9.149506 9.671809 10.03476 10.26933 10.47167 10.60545 
  9.981262 9.182764 8.361069 5.282226 5.319415 5.358873 5.52736 5.600326 5.230852 7.073339 7.027843 6.989357 7.575531 8.526412 8.810253 8.410648 8.577078 8.900739 8.741733 9.922972 10.11683 10.21482 10.25929 
  8.233343 8.510171 7.386194 5.434571 3.583402 4.831319 4.947206 5.781693 6.044128 6.811871 6.907969 7.10776 7.647189 8.100081 7.809213 8.943858 9.018292 9.092626 9.400912 9.704478 10.30201 10.45822 10.59865 
  9.822361 9.278849 5.613695 4.391845 3.660949 4.674969 4.26238 5.216945 6.669217 6.127286 7.027843 7.73278 7.521788 7.592473 7.99815 8.425353 8.839614 9.017754 9.695948 9.785778 9.937097 10.43804 10.7482 
  7.836089 6.684561 5.34782 5.358398 4.72076 4.577125 4.700106 5.988435 6.085801 5.889961 6.610433 6.431175 7.253071 8.313247 8.413712 8.928492 8.928953 9.023912 9.653034 9.775616 9.969775 10.1184 10.24421 
  5.293662 5.819798 2.779932 2.874458 3.454157 3.965595 4.198009 4.785643 5.328176 5.771298 6.798663 6.820211 7.199327 7.993498 8.347621 8.713354 9.316091 9.509744 9.591345 9.933134 10.08415 10.01394 10.18389 
  4.783835 5.339375 3.513904 4.110847 3.996987 4.136824 5.263653 5.456558 5.214631 5.815797 6.501458 7.417519 7.378472 8.277719 8.413712 8.293008 8.715957 9.528704 9.361671 9.785778 9.969775 9.829135 10.395 
  6.723777 4.282443 4.107071 4.504243 4.669062 4.06344 4.894464 5.184997 5.522824 5.578471 7.707134 7.124675 7.700932 8.348774 8.224874 8.667253 9.137412 8.962326 9.703995 9.938215 9.871027 10.44477 10.54427 
  6.247072 5.24329 4.284321 5.053707 5.053346 3.941134 5.52736 4.593953 5.441721 6.864164 7.187676 7.822854 7.760763 7.869042 8.545893 8.744088 8.899174 9.023912 9.387502 9.989027 10.11138 10.3708 10.82298 
  5.293662 4.186358 3.685164 3.77365 4.920311 4.06344 4.275254 4.849539 5.960783 6.864164 6.858104 7.124675 7.324728 8.029026 8.303561 8.219483 8.54503 8.759089 9.543066 9.75021 9.562701 9.70861 10.30453 
  6.96213 5.339375 3.758561 4.195146 5.585484 5.556706 6.265738 6.980797 6.419181 7.177927 6.531178 6.854041 7.485959 7.62013 7.821809 8.98996 9.196971 8.900739 9.575252 9.95854 10.29656 10.38425 10.97933 
  4.546295 3.427975 3.171384 3.71745 4.255477 3.84329 4.609986 5.6163 5.685031 7.021046 7.067802 6.109797 7.378472 7.661615 9.008525 9.066794 8.988513 9.377024 9.406277 9.357736 10.11138 10.49857 10.61224 
  5.055309 3.38806 2.364015 3.886049 4.853794 4.332513 4.017768 5.089152 5.376838 7.282515 7.427426 7.040102 7.683018 8.171136 8.023342 8.513583 8.603786 9.168465 9.077533 10.06525 9.871027 10.41787 10.1286 
  4.105149 3.547719 3.929821 3.380253 4.72076 4.454819 4.828849 4.785643 5.263293 5.548806 6.947927 7.372482 7.80268 7.924356 8.325591 8.322418 9.226751 8.925374 9.502833 9.684154 9.937097 10.37752 10.395 
  3.596135 2.948996 2.975658 4.672842 4.617364 4.283591 4.635735 5.328764 6.87758 6.394278 6.461831 7.192333 7.844597 7.716929 8.413712 8.605785 8.577078 8.962326 9.47333 9.668909 10.02969 10.2363 10.30453 
  4.478426 3.188486 3.464972 4.825188 4.255477 3.133916 4.700106 5.657648 6.210819 5.919627 6.669874 7.090846 7.12767 7.578644 8.174492 8.713354 8.609127 9.073666 9.492105 9.087211 9.768251 9.917521 10.56466 
  3.630069 1.631805 2.584206 4.504243 4.384723 4.831319 5.316395 6.153829 6.169146 6.03829 6.630247 6.735638 8.096098 8.561939 8.073725 8.293008 8.6572 9.395984 9.834898 9.709559 10.19853 10.27665 10.49668 
  3.630069 2.829252 2.412946 3.211655 4.513968 4.503741 4.71298 5.089152 5.247072 6.364612 7.10776 6.904784 7.80268 8.313247 8.678073 8.728721 9.107632 9.168465 9.361671 9.278832 9.672817 10.35735 10.65303 ]
