 [
  3.677932 4.75005 4.432054 3.70491 4.270401 5.095419 5.062716 5.700637 4.82364 5.99133 6.278662 6.752666 7.931206 7.76643 7.759707 8.793826 8.828062 9.872103 9.150345 10.13752 10.34944 10.5243 10.45737 
  3.238416 4.129782 4.276871 4.045176 4.428845 4.807911 4.734092 5.481423 5.959377 6.190843 6.728795 6.862621 7.252971 7.76643 9.035204 8.859529 8.582291 9.421433 9.922562 10.18361 10.04163 10.62493 10.17601 
  1.919869 2.954537 2.600897 2.532884 4.129562 4.907916 5.573678 5.852592 5.76356 7.062158 6.799381 7.07337 7.975244 8.154434 8.121927 8.544159 9.06648 9.487708 9.150345 9.422836 9.826226 10.14417 10.33568 
  2.319429 2.726017 4.245834 4.12079 3.759859 3.432848 4.241155 6.422423 6.658834 6.432343 6.472253 6.98174 7.403713 7.709633 8.165417 8.436877 8.302083 8.9316 8.98175 9.907069 10.3884 10.44379 10.83701 
  2.878813 3.378931 4.494127 5.17784 4.710523 5.282914 6.312367 5.890581 6.299232 6.307225 6.869968 7.148743 7.446782 8.193235 8.230651 8.780685 8.788325 9.156333 9.30484 9.574615 10.18969 10.32304 10.90604 
  3.757844 4.097136 4.338944 5.328033 4.534474 4.632903 5.481342 6.308457 7.149199 6.684269 7.222901 7.342351 7.252971 7.921632 8.295885 8.22898 8.738877 9.047763 9.707879 9.907069 10.11176 10.37 11.21665 
  3.717888 4.815341 4.638034 5.328033 5.157351 5.470408 5.250502 6.384434 6.756907 6.432343 6.278662 6.57857 7.059159 7.720993 7.566192 8.59672 8.664704 8.147502 8.763568 9.630533 10.04553 10.37671 11.05271 
  4.117448 4.586821 3.625103 5.027647 5.157351 5.532906 5.666015 5.776614 6.070395 6.257347 6.834674 7.419795 7.49082 7.03943 7.497892 8.114636 8.738877 8.902559 9.457447 9.606568 10.25593 10.41025 11.65682 
  2.679033 5.168222 5.701874 3.629296 4.428845 4.957918 5.29667 5.738626 6.037704 6.290599 6.799381 7.458516 7.578897 7.76643 8.60031 8.364113 8.867798 9.527473 9.289188 9.840496 9.532744 9.861493 11.71728 
  4.644186 4.554175 5.210871 5.17784 4.838188 5.095419 5.712183 5.612951 5.41109 6.85222 7.081728 7.381073 7.382178 7.921632 8.491587 8.820107 9.285029 9.169588 9.367448 9.510708 10.51308 10.55784 11.10448 
  4.477052 4.652112 4.307908 5.778613 3.671835 5.7204 5.989191 6.19449 6.462687 6.684269 6.975848 7.497238 7.666975 7.664196 7.77109 8.754405 9.106216 8.844478 8.932163 9.686865 10.08449 10.55784 11.0182 
  4.39714 4.260365 4.494127 5.928806 5.029686 4.157882 5.180082 5.814603 5.920214 6.091086 6.799381 7.110021 7.79909 7.882831 7.80524 8.083451 9.006875 8.873519 9.790051 9.582603 9.743449 10.46392 10.99232 
  4.437096 4.815341 4.719868 4.272019 5.157351 4.807911 5.01577 6.118513 6.23385 5.326288 5.836166 6.560244 7.711013 8.038033 8.361118 8.364113 8.392738 8.554071 9.484838 10.0607 10.19748 10.15274 10.88878 
  4.237316 3.966553 4.801702 5.102744 5.029686 5.470408 5.666015 5.738626 5.626488 6.15759 6.764088 7.381073 6.973021 7.755071 7.850773 7.813185 8.967139 8.975161 9.051171 9.773922 10.08449 10.33645 10.76799 
  4.477052 4.488884 4.638034 4.801322 5.157351 4.682905 5.250502 5.814603 6.168468 6.15759 7.258194 7.458516 8.10736 7.844031 8.078438 8.767546 8.788325 9.156333 9.878391 9.953158 10.18579 10.26266 10.27182 
  3.717888 4.903561 4.494127 3.137801 4.534474 4.507897 4.734092 5.284131 6.364614 6.768244 6.541393 6.862621 7.436015 7.664196 7.623108 8.649282 8.94727 9.262373 9.594402 9.758559 10.2871 10.32974 9.920539 
  4.727753 5.344662 4.090652 3.629296 3.865489 4.632903 4.546307 4.29767 4.784476 7.272097 6.728795 6.935925 7.274506 8.154434 7.907689 8.280954 8.714152 9.143078 10.05507 9.814891 9.99178 10.04995 10.5264 
  3.957624 2.987183 4.028579 4.234212 4.41124 5.095419 5.435174 5.59103 6.135777 6.936195 7.011141 7.187465 7.446782 7.652836 8.31763 8.741264 8.475152 9.315393 9.672662 9.651017 10.13124 10.43037 10.75073 
  3.278372 3.183057 4.369981 4.082983 3.953513 5.282914 5.039244 4.494963 5.665652 6.47433 6.278662 7.226186 7.755052 8.154434 8.27414 8.491597 8.788325 9.580493 9.180098 9.784164 10.32995 10.14417 10.40754 
  3.318328 2.8566 3.376811 4.234212 4.270401 4.007874 3.748218 4.889547 5.195692 5.725313 6.444597 6.798481 7.080694 7.618758 8.404608 8.60986 8.788325 8.94612 9.259437 9.850738 9.939104 9.647341 10.31972 
  3.99758 2.758663 2.84919 3.667103 3.883093 4.33289 4.687146 5.284131 6.495378 6.290599 6.486081 6.844296 6.994555 7.698274 7.975988 8.135426 8.260876 9.262373 10.0109 9.686865 9.863853 9.767266 10.48326 
  6.315528 7.285507 7.420384 6.304288 6.880833 6.532875 8.436099 9.309567 8.652987 10.08527 10.32872 10.71114 12.33505 12.82134 10.84001 9.700514 11.44115 10.42881 9.602228 10.57949 10.4936 11.05428 11.53589 
  6.315528 6.932626 7.093049 7.355639 6.880833 6.907864 8.112923 8.663759 8.816442 11.76478 11.99436 11.56301 13.63005 14.32502 12.70074 10.56325 13.41579 12.36306 10.58511 11.75335 10.8003 11.67657 12.38238 
  4.037536 3.83597 3.56303 5.252937 5.348849 5.282914 5.666015 5.966558 6.364614 8.699678 8.458168 7.497238 9.296398 9.512451 8.404608 8.859529 10.75527 10.77344 9.586576 9.866101 10.14293 10.16987 11.139 
  4.237316 2.889246 3.252665 4.234212 3.68944 3.957872 4.288101 5.10876 6.201159 6.558306 7.222901 7.027555 7.091461 7.346133 8.044288 8.570439 9.265162 9.182843 9.150345 9.942917 10.19748 10.31633 10.30375 
  2.798901 3.705388 2.56986 3.251223 4.675313 4.682905 3.91253 4.911468 5.939795 6.432343 6.347802 6.606059 6.77921 7.22118 8.165417 8.570439 8.84793 9.315393 9.621793 9.80977 9.984255 10.38341 10.21593 
  4.81132 4.586821 3.749249 5.027647 6.497837 6.282883 7.281898 6.650355 5.430672 6.47433 6.458426 6.560244 7.145298 7.844031 7.83939 8.544159 8.808193 8.858998 9.071007 9.656138 9.924053 10.20899 10.36762 
  6.482663 5.256442 4.638034 5.478227 6.497837 7.532845 7.789746 8.131916 6.920362 6.373729 7.399368 7.613403 7.79909 7.844031 8.361118 8.478456 8.84793 8.684754 9.649183 9.446801 10.01436 10.32974 10.466 
  6.900498 7.373727 6.847548 6.379385 7.263829 8.532814 9.220956 7.752029 6.201159 6.390355 6.458426 7.342351 8.10736 8.232036 7.657258 8.754405 8.867798 9.368413 9.688313 9.630533 9.961679 10.7591 11.05271 
  7.067633 8.255929 7.256717 7.13035 6.306339 8.095327 8.851612 7.372142 6.691525 7.146133 6.29249 9.007383 9.428514 8.426038 7.998755 8.517878 9.443975 9.302138 9.543533 10.08631 10.24034 10.30962 11.4151 
  7.903304 9.579231 7.665886 7.280543 6.434004 6.470377 6.035359 6.954266 6.135777 6.600294 7.011141 8.69761 9.25236 8.969244 8.991714 8.846388 9.006875 9.341904 9.539619 9.727833 10.2832 10.59138 11.14762 
  9.491079 11.1672 8.075055 6.829964 5.540348 6.345381 5.435174 6.19449 5.64607 6.47433 6.869968 7.497238 9.076206 8.154434 8.27414 8.457666 8.598773 9.090058 9.715705 9.478755 10.18969 10.37 10.84564 
  12.41593 13.90202 11.51208 10.96027 9.817135 8.845304 7.374233 6.308457 6.299232 6.936195 6.652017 8.271671 9.912937 9.43485 9.122183 9.516548 9.463843 9.355158 9.649183 9.55065 10.2871 10.57796 10.60405 
  14.75581 16.01931 14.62176 14.56491 13.24596 12.2827 10.7445 8.92968 8.326077 8.489739 7.611128 9.3946 11.49832 10.01686 9.035204 9.634811 10.45725 10.29626 9.790051 9.855859 10.37281 10.51759 10.48326 
  15.47561 15.84287 16.5453 16.2424 14.34054 13.81199 10.37516 10.06934 9.274117 9.707382 9.058155 10.20776 13.17476 12.15088 10.40512 8.728125 9.265162 9.567238 9.289188 9.948037 10.13124 10.19557 10.43149 
  16.07954 16.69317 17.30249 17.76012 16.28647 15.89016 13.36208 11.82804 9.862556 10.04328 9.128742 11.25324 13.63005 12.73289 11.51854 10.16043 10.02015 9.845593 9.625706 10.69688 10.8721 10.9939 11.24253 
  16.44862 17.69714 18.05967 18.63881 18.47563 17.96833 16.07231 13.99633 12.10378 11.38689 10.25813 12.26888 13.99427 12.82134 12.30667 10.0553 10.37778 10.03116 9.441795 10.5208 10.47801 10.9134 11.65682 
  16.68348 18.19913 18.16784 19.43761 19.57022 19.26719 17.42742 14.89979 12.88779 11.72279 11.38512 12.47137 14.3585 13.4405 12.96345 10.83181 11.33145 11.03297 9.629619 11.81204 11.73375 12.1744 12.92655 
  17.019 18.45012 18.38418 19.59737 20.17832 20.69593 19.79887 16.8874 15.39662 14.33873 13.99617 15.10368 16.27068 14.76727 13.88293 12.44311 12.04452 11.58447 10.32009 12.51635 12.5954 13.23229 14.13581 
  17.18676 18.65928 18.43827 19.35773 20.54318 21.21548 21.32338 18.69431 16.33743 15.19671 14.60542 15.71113 16.45279 15.29798 14.93378 14.32297 12.64788 11.74668 10.85013 13.57282 13.60066 13.35675 14.80091 
  17.28741 18.70111 18.43827 19.11809 20.42156 21.08559 21.83155 20.32053 16.80784 15.6257 15.38873 17.02729 17.63652 16.80166 16.37869 15.2629 13.08669 12.29817 11.11515 13.86629 14.10328 13.91681 14.9823 
  17.25386 18.74294 18.38418 18.95833 20.29994 20.82582 21.66216 21.0433 17.74865 16.48368 16.43316 18.14096 18.63814 17.95153 18.21766 17.00848 13.30609 11.90888 11.86604 12.75112 13.24164 13.85458 15.34508 
  17.22031 18.74294 18.27601 18.95833 20.0567 20.56605 21.32338 21.76606 18.21906 16.74108 16.60723 18.44468 18.82026 18.30534 19.0058 18.35124 14.78707 12.65503 12.48442 13.98367 14.17509 13.10784 14.19628 
  17.18676 18.70111 18.11376 18.79857 19.69184 20.30627 20.9846 21.94675 18.53266 16.82687 16.60723 18.2422 18.45603 17.95153 19.13715 18.61979 14.56767 12.5577 12.57276 13.92498 14.3905 13.41898 14.25674 
  17.15321 18.65928 18.00559 18.63881 19.4486 20.0465 20.47643 21.0433 19.47347 16.91267 16.60723 18.03971 18.00075 17.59772 19.0058 18.48551 14.07401 12.81723 12.52859 13.80759 14.60591 14.9747 14.92184 
  17.0861 18.65928 17.9515 18.63881 19.32697 19.91662 20.30704 20.86261 20.10068 17.17007 16.69426 17.93847 17.54547 17.06701 18.74309 18.08269 13.47064 12.29817 12.17523 13.39674 14.46231 14.04127 14.3172 
  16.98545 18.61744 17.78925 18.39917 18.84049 19.39708 19.46009 19.77846 19.63028 16.39788 15.47577 16.41983 15.99751 16.0056 17.16682 16.73993 12.92213 12.29817 11.82187 13.69021 15.03674 14.41464 15.10323 
  17.019 18.49195 17.73517 18.07964 18.11077 18.74765 18.44376 17.97154 18.37586 16.14049 15.12763 16.31859 15.54223 14.23657 15.19649 14.99435 12.04452 12.07109 11.42434 13.04459 15.03674 14.72579 14.61952 
  16.95189 18.32462 17.627 17.76012 17.62429 18.09822 17.7662 17.06809 17.43505 15.3683 14.95356 16.41983 15.8154 14.67882 15.19649 15.12862 11.55086 12.00621 11.20349 12.1642 13.52885 14.1035 15.16369 
  16.81769 18.0318 17.35657 17.28084 17.01619 17.18902 16.74986 15.80325 16.33743 16.31208 15.38873 15.4074 14.54061 14.59037 14.67107 14.45725 12.20907 12.42794 11.64519 12.63374 14.3905 14.35241 14.86137 
  16.61637 17.82264 16.97798 16.96132 16.52971 16.53959 15.90292 14.89979 16.02383 15.7115 14.77949 15.4074 14.72272 14.32502 14.67107 13.51732 12.92213 12.5577 11.99855 12.9272 14.46231 13.60567 14.55906 
  15.74403 17.40432 16.11263 16.08263 14.94865 15.11085 14.20902 13.81564 13.9854 14.59612 13.38693 14.69871 14.08533 12.65529 12.56938 12.04029 13.47064 12.29817 9.727444 11.3425 12.09277 12.11217 12.74516 
  15.60982 17.36249 15.89629 15.44359 13.61082 13.55222 12.51513 12.00873 12.57419 14.08133 13.38693 14.09125 13.53899 13.2636 11.78125 11.63746 13.8546 12.16841 9.504403 10.2553 11.23112 11.24097 11.71728 
  15.50916 17.23699 15.57178 15.12407 13.36758 13.29245 12.17635 11.46665 12.26058 13.22335 12.69065 14.79995 14.63167 13.88276 12.04396 11.36891 13.9643 12.5577 9.743095 10.20409 11.30293 11.80103 11.65682 
  15.3414 16.986 15.40952 14.64479 12.8811 13.55222 12.34574 11.46665 11.63338 13.56654 12.69065 13.58504 13.08371 11.99568 10.66606 10.83181 13.58035 12.26573 9.46136 10.5208 10.8003 11.17874 10.75073 
  15.17364 16.60951 15.03093 13.96413 12.37044 13.03267 11.66818 11.10527 10.84937 13.22335 11.99436 13.28131 13.03967 11.99568 10.86176 10.56325 13.08669 11.68179 9.664836 10.19897 10.51308 11.42765 11.26842 
  15.00651 16.10753 14.62176 13.13807 11.92361 12.03271 11.16002 10.5632 10.37896 12.96595 11.90733 12.26888 12.77544 13.17515 10.86176 10.13415 11.87996 11.09785 10.05507 10.4621 10.26372 11.36543 11.34607 
  15.17364 15.48999 13.06692 12.4622 10.58313 11.03274 10.14432 9.993364 9.502954 11.6808 10.78753 12.0664 12.20294 12.73289 10.62257 10.16043 10.47712 10.09744 9.637444 10.11191 10.34164 11.04086 10.81113 
  14.58867 14.34312 12.82142 10.2844 8.348984 9.970269 9.682636 9.651466 9.176044 11.6808 10.36401 11.36941 11.5864 10.83167 9.209162 9.293161 10.39765 10.16371 9.684401 9.707349 10.22086 10.79935 10.64719 
  13.66943 13.10804 11.75758 9.007763 7.263829 8.532814 8.297595 8.815714 10.22216 11.85058 11.21105 11.02091 10.92582 10.98687 9.578821 9.306302 9.900943 9.911868 9.731357 10.28603 10.21307 10.72556 10.90604 
  13.0009 12.75516 10.85741 9.08286 8.221318 9.407786 8.759275 8.207894 10.09139 12.36537 11.10517 10.05287 10.39736 10.40486 9.165672 8.793826 8.615256 8.786397 9.041254 10.05046 10.27151 10.14417 10.85427 
  11.99809 10.7261 9.46623 7.430737 7.263829 7.907833 8.251427 8.283872 8.260695 10.79906 10.50518 10.20776 10.79371 11.06447 9.404864 8.104241 8.808193 9.421433 9.219767 9.414848 9.826226 10.64505 10.73347 
  11.58026 10.10855 9.384398 7.806219 6.817 7.282852 8.297595 9.119624 8.652987 10.88304 9.199328 10.24648 10.48544 9.822855 9.274396 8.820107 9.145952 9.580493 9.17018 9.191175 9.705824 10.51759 10.69896 
  10.91172 9.579231 9.384398 8.557184 7.519159 8.157825 7.789746 8.549793 8.587605 11.38689 9.975782 10.40136 10.13313 9.745254 8.143672 8.249769 8.967139 9.235863 9.692226 10.12727 9.871377 9.938588 10.34367 
  11.66382 11.52008 9.302563 7.656026 7.455327 8.34532 7.69741 7.524096 7.901093 10.79906 9.622849 9.897983 9.472552 9.085646 8.578566 8.531018 8.907535 9.381668 9.790051 10.07606 10.13514 10.16987 10.23988 
  10.91172 10.54965 8.81156 8.63228 7.838323 7.845335 7.004889 6.346446 6.756907 9.959309 8.599341 9.046105 9.032167 8.115634 8.535076 8.570439 9.205557 8.829958 8.654477 9.566627 10.13514 10.09278 10.16803 
  10.74459 10.90253 10.53007 9.157956 7.199996 7.720339 7.974418 6.954266 7.116508 9.707382 8.422874 8.542724 8.547745 8.814043 8.339375 8.395298 9.364502 9.235863 9.719618 9.76368 10.36502 10.47733 10.44874 
  11.16242 10.99076 9.22073 7.881315 7.008498 7.845335 7.69741 6.042536 6.201159 7.524023 7.187608 7.613403 7.711013 7.80523 7.862156 8.083451 9.225425 9.018722 9.700052 9.978764 9.630571 9.887192 10.48326 
  9.908915 10.02033 8.238723 7.806219 6.051009 6.220385 6.220032 6.764322 6.495378 6.47433 7.081728 7.303629 7.931206 7.80523 8.60031 8.457666 8.442186 8.858998 9.653097 9.66126 9.826226 10.58467 10.79387 
  10.82815 9.667452 7.093049 7.280543 6.625503 6.157887 5.896855 5.547187 5.52858 6.432343 6.834674 7.055043 6.940719 8.232036 8.382863 8.239374 8.598773 9.341904 9.590488 10.12215 10.11176 10.48404 10.466 
  9.658213 9.755672 7.911387 6.304288 5.348849 4.907916 4.874931 5.174524 6.070395 7.188121 7.399368 6.688526 6.876115 7.312055 8.055672 8.457666 8.722394 9.033242 9.641357 9.40686 10.09618 10.42367 10.35165 
  10.57745 8.961691 7.174883 6.754868 5.221184 5.032921 5.109663 6.042536 6.037704 6.323851 6.693501 7.264908 7.622936 7.096227 7.896306 8.177006 8.376255 9.047763 9.297014 9.830254 9.976729 10.10134 10.35165 
  9.407512 7.550167 4.5562 4.914743 4.076747 5.220416 5.850687 5.700637 6.593451 5.874948 5.891478 7.148743 6.940719 7.459727 8.252396 8.239374 8.326807 9.076803 9.598315 9.40686 9.863853 9.861493 10.39955 
  8.404707 8.52059 7.011215 5.62842 4.675313 5.40791 4.992297 5.284131 6.201159 6.390355 6.596705 7.53596 7.755052 7.58468 8.404608 8.531018 8.648222 9.076803 9.061089 9.656138 10.0689 9.895758 10.4235 
  9.491079 8.961691 6.765714 5.478227 4.710523 5.220416 6.035359 4.999154 6.364614 6.373729 6.665845 6.523592 7.360644 7.561961 7.850773 8.457666 8.69767 9.182843 9.355709 9.342953 9.7585 10.11848 10.57817 
  9.240377 8.87347 4.883535 4.952551 4.51687 4.657904 4.827985 5.349895 6.018122 6.684269 6.264833 7.148743 7.49082 7.960432 8.230651 8.395298 8.384497 9.553984 9.484838 9.45479 9.886428 10.47063 10.45737 
  7.151199 6.138644 4.965369 4.574478 5.157351 5.095419 5.29667 5.678716 5.802723 6.810232 7.434661 7.226186 7.339109 7.882831 8.165417 8.964651 9.285029 9.355158 9.080924 9.11928 10.11176 10.58467 10.53502 
  8.488274 7.020846 5.701874 4.234212 4.041537 5.032921 6.081527 6.19449 6.299232 5.592305 7.258194 7.458516 7.231436 7.686914 8.31763 8.728125 8.907535 9.514218 9.492664 9.446801 9.562845 10.02425 10.62131 
  9.407512 7.726607 5.047203 5.328033 5.60418 5.845396 5.712183 5.306053 5.64607 6.024582 7.222901 7.110021 7.446782 8.387238 7.987372 8.517878 9.006875 8.626673 9.229684 9.318988 10.01825 10.26266 10.40754 
  5.563424 4.75005 3.56303 3.591488 4.902021 4.532898 5.133136 6.118513 5.606907 6.558306 7.046434 6.862621 7.666975 7.22118 8.044288 8.89895 8.887666 9.169588 9.664836 9.999248 9.94663 10.10134 10.5264 
  6.984065 5.785763 4.5562 2.646306 3.58381 4.232885 4.663672 4.911468 5.332763 6.373729 5.80851 6.972577 7.534859 7.844031 8.426353 8.701843 8.780084 8.989681 9.190015 9.287035 9.886428 10.531 10.72484 
  6.649797 6.050424 4.883535 3.969561 4.270401 4.482896 4.546307 4.77994 5.626488 6.768244 6.834674 6.816807 7.666975 8.309636 8.426353 8.688703 8.747118 9.235863 9.473099 10.15288 10.04553 9.7587 10.24786 
  8.154005 6.050424 4.494127 5.703516 5.476515 5.532906 4.827985 5.569109 5.959377 6.357103 6.071242 6.780155 7.446782 7.527883 7.623108 8.728125 9.165821 9.487708 9.308753 9.799527 10.29489 10.35658 10.35165 
  7.903304 6.579745 4.965369 5.703516 5.540348 4.632903 4.452414 4.889547 5.52858 5.841696 6.306317 7.082532 7.005323 7.300695 7.34991 8.820107 9.682393 9.381668 9.041254 9.526685 10.18969 10.22241 10.40754 
  8.989676 8.608809 6.274711 5.027647 5.85951 4.932917 5.435174 6.270468 6.56076 6.091086 6.582877 7.342351 6.757675 7.459727 8.448097 8.741264 9.185689 8.960641 9.080924 9.707349 10.32216 10.10134 10.08021 ]
