 [
  4.748491 3.470511 3.095262 3.521283 3.892023 4.955554 4.561013 5.548173 6.564251 6.860673 7.553552 7.120973 7.65647 7.662339 8.227594 8.580743 9.030178 9.508891 9.464114 9.920248 10.06271 10.19876 10.48467 
  4.105321 2.960579 4.034037 3.912264 5.279809 4.5363 4.041192 4.359232 6.171967 6.702926 7.07983 8.339478 9.352757 8.022693 7.898637 9.04575 9.059342 9.326176 9.657623 9.940251 10.15328 10.2918 10.331 
  5.499877 3.740475 3.017031 4.00249 4.170262 5.266444 5.479776 5.74633 6.564251 7.044946 7.039273 8.197168 10.39968 8.719288 8.356828 8.580743 9.137114 9.007726 9.776939 9.720934 9.999311 10.76161 10.86454 
  5.567461 5.162902 5.638934 7.534188 8.162457 8.064449 8.499372 9.491373 10.25422 10.54613 10.44325 9.999771 10.49485 11.20505 11.90517 11.87766 10.55225 9.862142 10.28173 10.77037 11.43112 10.79315 10.39503 
  5.093046 5.407074 6.37322 6.923493 7.305454 6.820891 6.881732 8.574106 9.147227 8.7034 9.164205 8.813848 9.638281 10.55659 10.97449 10.7394 9.224607 10.56864 10.97463 10.10028 11.72222 11.40026 10.99059 
  5.499877 5.162902 6.37322 5.876587 5.980994 4.955554 6.01899 7.872666 8.639857 7.874173 7.979901 8.576663 11.16108 12.50197 12.32398 11.15346 9.312099 10.88535 10.74064 9.920248 10.6268 10.58815 10.76369 
  6.108134 4.755947 5.312585 4.567955 5.123991 4.955554 5.479776 7.710796 7.994113 7.137082 7.553552 7.533051 10.16174 12.17774 11.90517 10.7394 9.438478 10.10576 10.12571 9.766874 9.618921 10.27319 10.65655 
  5.905382 5.00012 3.603765 3.400981 5.2019 5.017732 5.330348 6.200003 6.043883 6.60521 6.572861 7.323092 7.83839 8.214881 8.321582 8.872929 9.253771 9.996133 9.240313 9.135191 9.872515 10.5093 11.23009 
  4.564728 4.370392 4.659886 4.393471 5.513538 5.328622 5.533698 6.25396 6.113747 6.860673 6.856764 6.87843 7.458013 7.974645 7.945631 8.208987 9.32182 9.326176 9.362387 9.789845 10.17366 10.50142 10.59352 
  5.364709 4.3104 4.386077 3.28068 5.513538 4.769021 5.371933 5.570191 5.892511 6.683383 7.269319 7.080549 7.507627 8.058727 8.121859 8.63098 9.020456 9.279345 9.509892 10.10028 10.13516 10.55661 10.5359 
  4.978194 5.244293 5.067823 3.67166 5.825175 5.826045 5.911147 7.225183 8.36311 8.7034 9.022088 8.197168 8.638946 9.205633 7.945631 8.520458 8.838871 9.740332 9.509892 9.743904 10.21898 10.32281 10.18373 
  4.380966 3.980443 3.721112 2.468643 3.570977 4.769021 5.425855 6.847486 7.071622 7.551696 8.548367 8.908722 9.638281 10.23236 8.601247 9.149443 8.950923 9.195049 9.464114 9.900246 10.09894 10.55661 10.75739 
  5.070076 3.050567 2.156487 3.160378 4.255874 4.070858 4.789734 6.307917 6.518127 7.321355 7.506179 8.054857 9.543106 10.34044 8.356828 9.097596 9.652349 9.288711 9.832007 9.93025 9.836287 10.04991 10.73848 
  4.266114 3.740475 3.877574 3.942339 4.641129 4.345891 5.533698 5.548173 5.601411 6.722469 6.187564 6.716735 7.755699 7.986657 8.601247 9.04575 9.428757 8.876598 9.565843 9.960255 10.16234 10.08712 10.58072 
  4.335025 4.040435 3.525534 4.567955 4.812353 4.303579 4.706563 5.283964 5.985663 6.95281 6.9176 7.222032 7.805314 8.01068 7.616674 8.540553 9.350985 9.423624 9.877898 9.900246 10.18499 10.10573 10.45266 
  4.817402 4.3104 4.581655 4.916924 3.442559 4.155484 4.935284 5.984175 6.195255 6.468408 6.856764 6.049743 6.994945 7.998669 8.356828 8.71739 8.861281 9.251246 9.514978 10.2603 10.23031 10.39892 10.46546 
  5.161957 2.510639 2.195603 3.370906 4.427098 5.142088 5.425855 6.092089 6.241379 6.585667 6.613419 6.696523 7.954157 8.98948 8.298085 8.610885 9.001014 9.594158 9.63009 9.686479 9.582694 10.22978 10.70697 
  6.581222 4.430384 4.073153 3.431057 3.570977 3.711198 4.477841 5.984175 6.794874 7.229218 7.07983 7.39074 7.937619 8.773326 8.508179 8.63098 8.872486 9.362719 10.08899 10.48033 10.27562 10.5645 10.97168 
  5.70263 5.162902 4.26873 3.791962 4.427098 3.415008 4.519427 4.821599 5.706207 5.999371 6.958158 6.999701 8.020309 8.611211 8.063116 8.369746 8.70441 9.472348 9.666801 9.920248 10.35492 10.47777 11.63542 
  6.919142 9.232447 7.841792 4.567955 4.491308 4.430517 5.143212 6.469787 6.055527 6.272976 6.653976 7.343303 7.57378 8.773326 9.020054 8.700108 8.98157 9.508891 10.12571 10.46033 10.41156 10.43834 10.77 
  10.36593 13.2206 12.00275 10.06421 9.09737 6.385646 6.180754 5.526156 6.979373 6.860673 7.127203 7.485614 8.496183 9.31371 8.97352 8.389841 8.558743 8.829768 9.382732 9.970256 10.27562 10.62757 10.70067 
  12.86654 16.36083 15.85448 15.47322 14.78476 12.47908 11.30328 11.00217 10.57709 9.855103 9.401065 9.904898 11.39901 12.61005 11.76557 9.270417 9.175999 9.667245 9.509892 10.34031 11.12525 11.16372 11.34984 
  13.67755 16.87569 15.64955 17.2735 15.38459 13.97992 12.59107 11.97339 11.63795 11.65176 11.01172 11.23313 12.63629 13.90697 13.39427 10.37647 9.156556 9.898685 9.795295 10.72037 11.51042 11.21891 11.63542 
  13.67755 16.87569 15.64955 17.76294 15.93443 14.8743 13.54267 12.67483 11.86858 12.20458 12.05391 12.22931 13.25492 14.60947 14.13881 10.60114 9.506528 10.54428 9.951323 10.87039 11.61238 11.31353 11.55703 
  13.74513 16.84351 15.60401 17.58814 16.18436 16.03699 14.6 13.43633 12.33982 12.9404 12.76449 12.79855 13.92115 15.14986 14.59167 10.94654 9.613463 10.73918 9.694336 10.80038 11.45378 10.77738 10.87084 
  13.88088 16.81133 15.5357 17.16862 16.78419 16.93137 15.8688 14.08905 12.94136 13.47576 13.14346 13.13061 14.1115 15.31197 14.59167 10.94654 10.20647 11.55041 10.50201 10.65036 11.1026 10.45411 10.96538 
  13.98314 16.77916 15.42185 16.78406 17.48399 17.73631 17.4548 14.52419 13.66322 13.79697 13.14346 13.41523 14.37976 15.52334 14.39163 10.46288 10.89804 11.74043 11.4036 11.46619 11.68561 11.02969 11.35614 
  14.13084 16.65044 15.23969 16.36454 17.93387 18.36238 18.93507 15.82962 14.26476 14.22525 13.55887 13.78976 14.78216 15.73472 14.59167 10.68755 12.51169 12.69051 12.30055 12.60293 12.41792 11.56663 11.47865 
  14.27855 16.52172 15.10306 15.84015 17.88388 18.09406 18.51213 17.89656 14.50538 14.01111 13.76658 13.78976 14.78216 15.73472 14.45831 10.4456 13.77956 12.88053 11.55959 12.53977 12.71085 11.85777 11.24269 
  14.3808 16.45737 14.93989 15.56046 17.43401 17.468 18.82933 19.52835 16.18971 14.54646 14.38969 14.16429 15.1175 15.89325 14.39163 11.67075 14.70164 13.16555 11.55959 12.60293 12.96716 11.98255 11.51784 
  14.44897 16.42519 15.02148 15.56046 16.98413 17.19968 18.4064 19.20199 18.47559 15.18889 14.90895 14.44519 15.38576 15.94609 14.32495 11.36037 14.35586 13.16555 11.91057 11.52934 11.79545 12.27369 12.22331 
  14.49442 16.36083 15.02148 15.59542 16.58425 17.19968 17.98347 19.41956 19.67868 16.79495 15.53207 15.19425 15.78816 16.15746 14.27841 11.25692 14.93217 13.54558 11.4426 11.65564 11.9053 12.44006 12.3017 
  14.52851 16.26429 15.10306 15.56046 16.28433 17.37856 17.66627 18.44049 19.31775 18.61515 16.15518 15.84968 16.25763 16.52737 14.65835 11.77421 15.50847 13.64059 11.94957 12.28717 11.48776 12.02414 12.3017 
  14.52851 16.07122 15.23969 15.56046 16.23435 17.468 17.56053 17.89656 19.43806 19.25758 17.08986 16.41148 16.7271 16.63305 14.92507 13.22261 15.85425 14.21064 11.87157 12.72923 12.34469 12.98075 12.81121 
  14.51714 15.87815 15.37631 15.63038 16.23435 17.37856 17.56053 17.46141 18.11466 19.36465 18.33608 16.97328 17.1295 17.21433 15.65856 14.15373 16.43056 14.97071 11.87157 12.85553 12.56439 13.31349 13.28152 
  14.49442 15.68507 15.55847 15.7003 16.33432 17.28912 17.56053 17.13506 17.51311 18.82929 19.37461 17.72234 17.59897 17.68992 16.72544 14.98139 16.77634 15.63577 12.14456 13.1713 12.601 12.93916 12.92879 
  14.44897 15.42764 15.80894 15.8751 16.48428 17.468 17.34907 16.8087 17.15219 17.86566 19.68616 18.84593 17.9343 17.95414 17.72565 16.01596 17.23738 16.39584 12.65153 14.56064 13.40655 12.56483 12.69363 
  14.36944 15.13803 16.05941 16.11983 16.83418 17.468 17.1376 16.37355 16.67095 17.3303 19.27076 19.31409 18.20257 18.42973 18.52581 17.154 17.46791 16.77587 13.1975 15.12901 13.91917 13.97896 13.35991 
  14.28991 14.84842 16.24158 16.29462 16.93415 17.19968 16.39747 15.82962 16.18971 16.68788 18.75149 19.12683 18.3367 18.6411 18.52581 17.36091 17.12212 16.87088 12.96351 14.49749 13.22347 14.02055 13.35991 
  14.13084 14.68564 16.28712 16.32958 16.63423 16.39474 15.5516 15.06812 15.58817 15.93838 18.43994 18.84593 17.9343 17.95414 17.65897 16.94708 16.66108 16.58585 12.41754 13.67651 12.74747 13.72941 13.86942 
  14.09676 14.84842 16.3782 15.77022 14.78476 13.97992 13.6484 13.6539 14.02415 14.43939 16.88215 16.87964 17.1295 17.90129 16.45872 15.08485 14.2406 14.49567 12.10556 13.73967 13.07701 13.64622 13.47749 
  13.9945 14.60425 16.53759 15.7003 14.83474 12.72779 12.27387 13.00119 12.82106 13.36869 16.46674 16.22421 16.7271 18.21835 16.92548 12.60187 12.62695 13.92562 11.71558 13.55021 13.11362 13.35508 13.04637 
  13.81271 14.52285 16.40097 15.59542 14.70685 12.72779 12.16603 12.78362 12.46013 12.83333 16.67445 16.41148 16.59296 18.16551 16.92548 12.08458 11.82012 12.78552 11.24761 13.36075 12.85731 13.18871 12.77202 
  13.60996 14.52285 16.30989 15.66535 14.55103 12.47908 12.27387 12.8924 12.0992 12.83333 16.36289 16.13058 16.66003 17.95414 16.59208 12.08458 10.89804 12.21547 11.4036 13.2976 12.93055 12.85598 12.45847 
  13.54238 14.44146 16.19604 15.47322 14.3173 12.23037 11.78858 12.56692 12.0992 12.61919 15.63592 15.84968 16.39176 17.63708 15.99196 12.29149 10.43699 11.64542 10.89663 13.1713 12.78408 12.64802 12.06654 
  13.81271 14.36007 15.80894 14.94977 14.00566 12.29255 11.3572 12.02735 11.82245 11.51356 15.22051 15.00699 15.25163 16.31599 14.99175 10.84309 9.642628 10.23975 10.36434 11.97141 11.94192 11.64981 11.40026 
  14.0854 14.84842 15.02148 14.33908 13.53821 11.17334 10.54838 11.21799 10.94609 10.17758 13.14346 13.41523 13.15975 14.12313 13.06853 9.667905 9.817614 9.460167 9.822829 11.15043 11.05728 11.56663 11.29942 
  14.26718 15.17021 13.79767 13.20493 12.44747 8.250983 8.768979 9.599287 8.87048 8.657331 11.95916 12.46649 12.49352 13.25851 11.8121 9.04575 9.282935 9.460167 9.767761 10.76037 10.75141 11.29776 11.14185 
  14.03995 15.00931 12.57386 11.72181 10.11019 7.567026 7.259181 8.84389 7.901864 7.459559 10.91697 11.75494 11.8273 12.88024 11.5329 8.369746 9.195442 9.423624 9.494633 10.39032 10.43422 10.84046 10.65025 
  13.40721 14.27868 10.61576 9.191789 9.331099 6.820891 7.798395 8.520149 7.25612 6.860673 10.82223 11.13826 11.35143 12.12371 10.78835 9.201288 9.564857 9.521072 9.822829 10.13028 10.27562 10.95084 10.51669 
  12.32586 12.97643 10.04465 9.279031 8.552004 6.447824 7.960159 8.250364 7.440619 7.229218 11.34332 11.66006 11.01831 11.90755 10.69528 8.769237 9.419035 9.508891 10.15324 10.31031 10.37758 10.44623 10.73218 
  10.56868 11.18583 8.984015 8.144883 7.071726 6.012578 6.82781 6.469787 7.071622 8.150581 9.448437 9.762587 9.781043 10.12429 10.22994 8.700108 9.010735 9.630702 9.776939 9.858756 10.51352 10.39104 10.70067 
  8.405991 9.232447 6.454808 5.876587 5.279809 5.266444 6.126832 6.577701 7.025497 8.104513 9.164205 9.667713 9.781043 9.962171 9.950737 8.924775 9.409313 9.411443 9.255571 10.16028 10.44555 10.19256 10.22856 
  6.71639 6.709329 6.781157 6.40004 5.435628 5.204266 6.719967 7.009356 6.472002 7.229218 9.06946 9.288218 9.638281 10.17832 9.252725 8.734673 8.614768 9.411443 9.620912 10.00026 10.16234 10.27319 10.71958 
  6.310886 4.837338 6.128458 5.353134 5.435628 4.240109 5.803304 7.11727 6.518127 7.229218 9.30632 8.718974 9.400344 9.63794 8.926986 8.71739 8.625973 8.904697 9.685158 10.2603 10.12611 10.87988 11.0158 
  6.783974 5.00012 7.515443 6.40004 5.513538 5.3908 5.857226 6.307917 6.794874 6.860673 8.595738 8.813848 8.543771 8.719288 8.368576 8.648262 9.292656 9.362719 9.550584 9.629053 10.24163 10.5093 10.83302 
  6.919142 3.710479 6.37322 6.661767 4.748144 5.266444 5.803304 5.724313 6.043883 7.091014 8.16939 8.102294 8.448596 9.475825 8.833918 8.520458 9.030178 8.72674 9.418337 10.00026 10.53617 10.667 11.03471 
  7.121894 6.383765 5.557347 5.17865 5.435628 4.705551 5.803304 6.092089 5.566479 6.860673 7.695668 8.386915 8.781708 9.205633 8.926986 8.63098 8.637178 9.129486 9.48446 10.35031 10.41156 10.61969 10.94017 
  5.70263 5.814029 5.312585 4.829681 4.427098 4.893376 4.623391 4.953703 6.287504 6.429321 7.411435 7.675362 8.305834 7.830503 8.1806 8.440079 9.049621 9.447987 9.694336 10.15028 9.718548 10.20497 10.36302 
  5.70263 4.511775 5.067823 4.829681 4.968172 4.955554 5.425855 6.361874 5.845935 7.367423 7.316691 7.262456 6.961869 8.058727 8.274589 8.610885 8.77164 9.338357 9.72187 9.847271 10.11705 10.11813 10.36302 
  5.972966 5.488465 5.802109 4.829681 5.046082 5.577333 5.857226 5.06379 6.148679 7.505628 7.600924 7.485614 7.987233 8.611211 8.345079 8.942058 9.263492 9.630702 9.978857 9.652023 9.754775 10.50142 11.0221 
  4.151262 5.488465 5.802109 4.363395 4.812353 5.950401 5.965068 5.504138 6.425878 6.312062 6.59314 7.533051 8.003771 9.421787 8.787383 9.201288 9.098228 9.983952 9.758583 9.970256 9.990254 10.43834 10.49108 
  5.116016 5.97681 6.210046 3.521283 4.106053 4.155484 4.727355 5.930218 7.209995 6.722469 6.248401 7.242244 8.401009 8.719288 8.461644 7.987944 8.861281 9.054556 9.489547 10.02026 10.29828 10.70642 10.56791 
  5.770214 6.058202 6.781157 5.353134 4.812353 4.663239 5.587619 5.416069 6.287504 6.370692 6.694533 7.040125 8.401009 8.611211 8.601247 8.620932 8.838871 9.082655 9.602555 9.870241 10.20765 9.994087 10.75739 
  5.499877 3.440515 4.62077 4.742439 4.127456 5.142088 5.101626 5.438087 5.741139 6.194803 5.781989 7.323092 7.65647 7.626303 9.066588 8.821082 8.244998 8.876598 9.296263 9.801331 10.25296 10.39892 10.80781 
  6.243302 4.837338 4.503424 3.310755 3.87062 5.142088 6.072911 6.307917 5.962375 6.722469 6.248401 7.040125 8.686533 8.395058 8.647781 8.59079 8.962128 9.31681 9.311522 10.10028 10.5475 10.2918 10.7763 
  4.909284 4.400388 5.067823 4.273169 5.046082 6.758713 6.558203 6.577701 7.532867 6.768537 7.316691 8.007421 9.162407 9.043518 9.206191 8.530505 9.739841 9.533254 9.740227 9.42232 9.981197 10.15535 10.90235 
  3.691855 4.430384 4.659886 4.122792 5.591447 4.515143 4.39467 5.768348 5.950731 5.862569 7.269319 7.222032 7.375322 7.794468 8.356828 8.855647 8.838871 8.951529 9.648445 9.801331 9.637035 10.01269 10.70697 
  4.380966 4.400388 5.230998 4.393471 5.123991 4.955554 5.018456 4.843616 5.450039 6.60521 6.856764 8.007421 7.954157 8.130798 8.554712 9.304981 9.516249 9.223147 9.63009 9.617568 10.36625 10.55661 10.49748 
  4.03641 3.680483 4.346961 5.091408 5.2019 4.893376 5.164005 5.173877 6.148679 6.998878 7.269319 7.343303 8.401009 7.698374 8.204098 8.786518 8.693204 9.213781 9.63009 9.900246 10.23031 10.41469 10.36302 
  5.635046 4.755947 5.14941 4.742439 4.890263 4.345891 5.857226 6.685615 6.472002 6.585667 6.958158 8.054857 9.352757 9.908133 10.04381 9.304981 9.360706 9.092021 9.565843 9.697964 10.33226 10.26079 10.61243 
  5.567461 6.139593 5.883697 4.393471 4.427098 4.642082 5.267969 5.217912 5.450039 5.471705 7.127203 6.736947 7.358784 8.130798 8.787383 8.59079 9.312099 9.3749 9.584199 9.617568 10.58149 10.61969 10.63134 
  4.197203 5.651247 5.720522 4.655197 4.469904 4.197796 5.226384 5.372034 6.241379 5.940742 6.309237 7.343303 8.163072 8.082751 8.694315 8.838365 8.625973 9.399261 9.685158 10.06027 10.02648 10.40681 10.59983 
  5.432293 4.130424 3.955805 4.213018 4.213068 5.515155 5.587619 5.930218 6.702625 5.764853 7.221947 7.302879 8.448596 7.914586 8.740849 9.114878 8.917307 9.703788 9.786118 9.801331 10.09894 10.43834 10.20294 
  4.197203 4.837338 4.62077 4.742439 5.046082 4.642082 4.68577 5.822305 6.287504 6.54658 7.059551 7.343303 7.921081 7.890563 7.957379 8.349651 8.850077 9.813417 9.448855 9.560142 10.36625 10.11193 10.35661 ]
