 [
  5.002865 4.4841 5.030097 5.37004 5.31273 5.523937 4.767689 4.689389 5.029514 5.411599 5.664232 7.164874 7.963941 7.787382 8.041941 8.975622 8.852553 9.573006 9.123264 9.652008 10.05926 10.26238 10.43849 
  4.324917 4.4335 4.872057 5.270849 5.485766 6.032609 5.409923 6.502179 6.276179 6.279685 6.535314 6.703086 7.801399 7.815306 8.271786 8.83881 9.473309 9.573006 9.858958 9.903239 10.51573 10.2994 10.38674 
  3.861059 4.751645 5.132359 5.612508 5.547565 5.27831 4.588144 5.531968 5.974804 6.398834 7.048211 7.129352 7.615795 7.899079 8.437683 8.656178 9.296955 9.066551 9.092823 9.790618 10.04972 10.81308 10.56787 
  3.468563 4.332302 5.030097 5.524338 5.683521 5.050228 5.922706 6.502179 6.359346 6.48394 7.124069 6.620202 7.350578 7.857193 8.721924 8.975622 9.238171 9.081155 9.133411 10.08552 10.16087 10.15875 10.54846 
  2.754935 4.281702 4.685283 5.237785 5.634082 5.523937 5.194109 4.761098 6.109845 6.262663 6.280363 7.400095 7.292922 7.605875 8.792984 8.701998 8.949136 9.241798 9.948599 10.01261 9.992466 10.41882 10.87059 
  3.504245 4.867391 5.541407 4.995317 5.461047 5.418668 5.32446 5.030006 5.400878 6.211599 6.620297 7.892624 7.546608 8.483211 8.437683 8.975622 9.120601 8.978927 9.407387 9.729977 9.897048 10.21797 10.53552 
  5.12864 4.500967 4.900792 5.017359 4.929581 4.909869 5.238996 5.245132 6.941516 6.710184 7.199927 6.667564 7.801399 8.274632 8.13705 8.907216 9.179385 8.876698 9.634856 10.01261 9.982924 10.41882 10.59374 
  5.002865 4.4335 4.886425 6.404438 5.535204 5.693495 4.812576 5.012079 5.383998 6.160536 6.259117 6.9399 7.350578 7.829268 8.295563 8.637851 9.238171 9.875005 9.569742 10.04906 9.696671 10.69712 11.12226 
  4.075148 4.751645 5.336883 4.984295 5.584643 5.778273 4.790133 5.567822 7.274185 6.936427 6.535314 6.9399 7.119956 8.066055 8.650864 9.522871 9.414524 8.643035 10.08306 10.01261 10.17565 10.60435 11.14743 
  6.119669 5.098883 5.745931 5.02838 5.597003 5.488848 5.580851 5.862863 7.357352 8.218472 8.41366 7.646359 7.235267 7.871154 8.192529 8.592031 8.900845 9.154175 9.427681 10.15843 10.39744 10.92904 10.92092 
  4.967183 5.214629 5.643669 5.546381 5.69588 5.693495 4.27394 5.531968 6.193012 6.381813 7.579219 7.212236 7.431296 7.619837 7.915131 8.83881 9.296955 9.271007 9.478417 9.885913 10.07834 10.38822 10.17973 
  5.12864 5.330376 5.336883 5.810491 5.70824 5.27831 5.32446 4.635607 6.109845 8.444716 9.854969 9.616477 8.776652 9.387049 8.935104 8.770404 9.767233 10.07634 9.590036 10.59589 10.57488 10.60435 10.76992 
  5.12864 5.214629 5.336883 5.810491 5.646441 5.608716 5.32446 5.729167 5.856643 6.634769 7.427502 7.318007 6.946988 7.996529 8.721924 8.701998 9.473309 9.183383 9.948599 10.01261 10.14608 10.44201 10.1862 
  5.002865 4.551566 4.69965 5.711499 6.144231 5.488848 5.837242 5.942778 6.858349 5.786067 6.301609 7.129352 7.638857 8.205107 8.579803 8.770404 8.780116 9.47234 9.366797 9.781955 10.01155 10.26238 10.50318 
  5.218733 5.098883 4.642181 5.711499 5.102616 4.418614 4.745246 5.621603 6.359346 5.786067 7.124069 8.220977 7.720128 7.563988 8.26386 8.51872 8.578901 8.628431 9.387093 9.885913 9.753922 10.3142 10.82025 
  3.575607 5.214629 5.01573 4.907146 5.609363 5.471303 5.32446 6.022692 6.276179 6.785598 6.535314 6.714927 6.900864 7.033428 8.366623 8.975622 8.900845 9.47234 9.634856 10.15843 9.954298 10.41882 10.52905 
  5.218733 4.011838 4.211163 5.612508 5.805326 5.208131 4.655474 5.782948 6.941516 6.710184 7.275785 7.09383 7.720128 7.745496 8.437683 8.115507 9.053767 9.371673 9.508859 9.859923 9.944757 10.18096 10.48377 
  4.574687 4.062437 4.139327 5.436168 5.974779 5.778273 4.835019 6.102606 6.442514 7.087256 7.503361 7.646359 7.558139 7.633799 8.02609 9.18084 9.296955 9.32134 10.03824 10.08552 10.04017 10.69712 10.45789 
  5.308827 5.561868 5.745931 5.259828 5.547565 5.523937 4.790133 4.796952 5.839763 6.785598 7.579219 7.564271 7.615795 7.605875 7.891353 8.701998 9.179385 9.573006 10.26234 10.30425 10.35309 10.24758 10.64408 
  4.467643 5.561868 6.257241 5.381062 5.34981 5.488848 3.802634 5.782948 5.974804 6.381813 6.726527 6.833334 8.126483 8.969893 8.650864 8.83881 9.35574 9.623339 9.858958 10.08552 10.01155 10.65074 10.71958 
  4.324917 3.893772 5.541407 5.149615 5.69588 5.24322 4.408599 4.94037 6.276179 6.634769 7.048211 6.489954 8.045213 8.761314 8.437683 8.637851 8.86865 9.573006 10.57608 10.37716 10.04972 10.39562 10.46436 
  5.489014 7.992537 7.893435 6.60242 6.144231 5.366034 5.32446 6.182521 7.191018 6.861012 7.882652 7.482183 9.426821 9.873731 9.716765 9.864902 10.82536 11.536 11.87587 12.12701 12.78228 14.45574 12.90917 
  7.471072 10.42321 10.04094 6.008473 6.737316 6.032609 5.32446 5.782948 6.775182 6.559355 7.579219 7.646359 8.939194 9.456574 9.219344 9.044028 9.943586 10.73067 11.42767 11.50727 11.93519 13.22505 11.9528 
  11.255 13.89559 12.59749 9.374172 7.245674 6.965175 5.580851 6.182521 6.092965 6.936427 7.730936 7.892624 9.508092 9.873731 9.645705 8.500392 10.00237 10.73067 11.15875 11.03335 9.96384 10.4652 10.87059 
  15.39931 17.9467 17.50607 16.30355 14.53214 13.2388 12.16156 12.97525 13.34539 12.29085 14.55818 13.88507 14.70944 15.15771 14.69098 12.39593 14.17608 15.05933 14.20653 13.47586 10.61924 10.67393 11.42428 
  16.61876 18.87267 17.09702 17.19447 14.95577 14.08658 12.67435 14.01414 14.34339 12.96958 15.54434 14.45968 15.1158 15.78344 15.82794 13.07999 14.99907 15.8487 15.54509 14.56952 10.84103 11.045 11.9528 
  16.85996 19.47528 17.60833 17.39246 14.95577 14.34092 13.0162 14.41371 15.3414 13.34666 15.77192 15.19848 15.27834 15.99202 16.18324 13.07999 15.29299 16.05126 15.85036 14.76387 11.16632 11.55522 12.27998 
  17.13332 19.74981 17.91512 17.59044 15.12522 14.51048 13.61445 14.8932 15.67407 14.25163 16.37878 15.44474 14.95325 15.64439 16.53854 14.10608 15.52813 16.15253 15.37065 14.64726 11.15153 11.48565 12.83367 
  17.34235 19.98853 18.16527 17.78842 15.20995 14.59526 13.27259 14.73337 15.50773 15.30743 16.60636 15.77309 15.60342 15.92249 15.82794 13.55883 15.41056 16.11877 15.89397 15.1137 11.15153 11.9031 13.13568 
  17.32627 20.15564 18.43909 18.08539 15.29468 14.76481 13.61445 14.73337 15.50773 16.82306 17.70122 16.26562 16.74122 16.54823 16.11218 15.61101 15.23421 15.71366 15.63231 15.03596 11.19589 12.64525 13.63904 
  17.40667 20.20338 18.66727 18.87366 17.53431 18.12984 17.96128 17.50428 16.99778 18.88128 20.25588 19.02305 17.6352 17.83453 18.4982 17.63036 16.52747 16.38885 15.5887 14.99709 12.04982 13.82112 15.29309 
  17.56747 19.98853 18.7129 19.75909 17.32786 18.84452 19.33276 18.32503 18.29135 20.08191 20.76681 19.61374 18.04156 18.1586 18.57727 17.45798 16.58626 15.66333 16.15563 15.46353 13.27058 14.27805 15.63413 
  17.56747 19.74981 19.03235 19.99521 17.26433 19.94903 20.08708 18.77271 19.26152 20.76798 20.91279 19.21995 18.55228 18.1586 18.57727 18.11303 17.44666 15.31099 16.41729 15.54127 14.16581 14.27805 14.15626 
  17.56747 19.5827 19.30617 20.08375 17.47079 20.40383 20.36137 19.22039 20.06999 21.02526 20.62083 18.97382 18.90585 18.12259 18.39278 18.38885 18.05611 16.38885 17.15866 16.04658 14.57273 14.20189 14.26994 
  17.58355 19.46334 19.53435 20.14278 17.56607 20.4688 20.2928 19.59346 20.63593 21.02526 19.81794 18.82615 18.94514 17.94256 18.36642 18.94047 18.70141 17.30037 17.98726 16.74624 14.53203 14.3542 15.1794 
  17.55139 19.4514 19.55717 20.14278 17.53431 20.40383 20.22422 19.89191 21.28271 20.76798 19.23401 18.5308 18.78799 17.79853 18.41913 19.18181 18.80896 17.67172 18.07448 17.01833 13.55542 13.79574 14.64889 
  17.47099 19.46334 19.37462 20.08375 17.47079 20.33886 20.2928 20.26498 21.84864 21.11102 18.94205 18.28468 18.55228 17.58248 18.4982 19.25076 18.84481 17.84052 17.94365 16.90172 13.88096 14.27805 14.98993 
  17.40667 19.47528 19.14644 19.93618 17.32786 20.27389 20.2928 20.48882 21.84864 21.11102 18.50411 17.98933 18.43442 17.1864 18.31371 18.90599 18.52216 17.73924 17.7256 16.55189 13.71819 13.3642 14.00468 
  17.29412 19.52302 18.84981 19.78861 17.28021 20.14395 20.36137 20.63805 21.28271 20.33918 18.28514 17.89088 18.39513 16.68728 17.86566 18.63018 18.16366 16.99653 16.85339 15.85223 12.53812 12.32056 13.28669 
  17.16548 19.59464 18.48472 19.52298 17.24845 20.014 20.49852 20.71266 21.4444 19.65311 18.06617 17.74321 18.27727 16.68728 17.62846 18.42332 18.05611 16.89525 17.07144 15.96884 12.25328 13.3642 14.08047 
  17.00468 19.64238 18.18809 19.22784 17.35962 19.62418 20.42994 20.71266 21.68695 19.39583 17.99318 17.89088 18.27727 16.82633 17.83931 18.42332 18.02026 16.96277 17.07144 15.65788 13.10781 13.10909 13.53837 
  16.87604 19.66626 18.14246 19.08026 17.47079 19.36429 20.42994 20.48882 21.84864 19.56735 18.06617 18.03856 18.27727 16.82633 17.99744 18.63018 18.27121 17.33413 16.94061 15.69675 12.94504 14.20189 14.95204 
  16.77956 19.69013 18.18809 19.05075 17.50255 19.1044 20.36137 20.19037 21.52525 19.91039 18.35813 18.18623 18.55228 16.93435 18.10287 18.69913 18.19951 17.43541 17.02783 15.96884 12.86366 13.51651 14.04258 
  16.71524 19.72594 18.25655 19.05075 17.50255 18.84452 20.2928 19.96653 20.95932 20.42494 18.72308 18.43235 18.90585 16.82633 18.31371 18.97495 18.16366 17.40165 17.02783 16.12432 13.51473 14.50651 15.06572 
  16.667 19.73787 18.30218 19.05075 17.4549 18.71458 20.22422 19.66807 20.31254 21.11102 19.38 18.77693 19.41657 17.04237 18.52456 19.21628 18.12781 17.57044 16.85339 16.12432 12.70089 14.6842 15.06572 
  16.69916 19.72594 18.25655 19.08026 17.34374 18.58463 20.0185 19.36962 19.82745 21.53981 20.1099 18.97382 19.57372 17.1864 18.62998 19.42314 17.94856 17.43541 16.80978 15.5024 12.86366 14.96343 15.52045 
  16.65092 19.69013 18.25655 19.13929 17.29609 18.51966 19.88136 18.92194 19.34237 20.9395 20.8398 19.26917 19.80943 17.69051 18.81447 19.45762 17.62591 17.03029 16.19924 14.84161 13.02643 14.93804 15.36887 
  16.60268 19.61851 18.18809 19.13929 17.28021 18.38972 19.67563 18.47425 18.93813 20.33918 21.20476 19.61374 20.00586 17.87054 18.91989 19.63 17.84101 16.82773 15.85036 14.95822 12.57881 14.43035 15.48256 
  16.57052 19.55883 18.11964 19.13929 17.20081 18.19481 19.40134 18.02657 18.53389 19.56735 20.69382 20.35211 20.08444 18.44666 19.05167 19.59553 18.16366 16.65893 15.54509 15.19144 12.33466 14.55728 15.59624 
  16.57052 19.47528 18.01738 19.13929 17.05788 17.93492 18.98989 17.50428 18.2105 18.53824 20.54784 20.84435 20.16301 18.91475 18.99896 19.45762 18.02026 15.91622 14.96847 14.49661 12.57881 14.27805 14.87625 
  16.57052 19.4514 18.01738 19.10978 16.88319 17.61006 18.50988 16.98198 17.80626 17.85217 19.38 20.59823 20.35944 19.05878 18.91989 19.42314 18.37876 16.08502 15.32703 14.99709 12.74158 13.51651 14.45941 
  16.48043 19.4514 17.91512 18.93269 16.7879 17.22024 17.96128 16.83275 17.56372 17.25186 17.8472 20.79513 20.51658 19.09479 18.84082 19.28524 18.34291 15.74742 14.69955 14.56952 12.45674 13.87189 14.87625 
  16.48043 19.33566 17.91512 18.75561 16.64498 16.76544 17.27555 16.60891 17.40202 16.7373 16.75234 19.76142 20.35944 18.87875 18.60362 18.69913 18.05611 15.56266 14.07207 14.27788 12.00913 13.82112 15.82361 
  16.39034 19.4514 17.91512 18.60803 16.58145 16.50555 16.72696 16.38507 17.15948 16.13699 15.6202 18.82615 20.24158 18.44666 18.10287 18.21646 17.84101 15.56266 14.20653 14.53307 12.00913 14.30343 15.82361 
  16.21015 19.4514 18.01738 18.28338 16.56557 16.37561 16.17836 16.012 16.75524 15.75992 15.16505 18.18623 19.88801 17.90655 17.39126 17.56141 17.80516 15.15999 13.31012 13.69459 11.06282 14.43035 16.20255 
  16.12005 19.33566 17.91512 17.88741 16.14194 15.78216 15.23826 15.37269 16.17307 15.53368 15.24091 17.49695 18.70942 17.40245 15.5437 16.22667 17.33911 15.41166 14.25135 13.58523 10.70795 13.74497 14.76257 
  15.93987 19.51109 18.41627 17.68943 15.88776 14.51048 13.69991 14.49363 15.67407 15.30743 15.77192 14.95221 16.90376 17.40245 15.68582 14.17449 16.11598 15.56266 14.92365 14.0956 10.70795 12.52929 13.81521 
  15.84977 19.4514 18.30218 17.39246 15.71831 14.25614 13.10167 14.3338 15.3414 15.23202 15.54434 14.37759 16.49741 17.1504 15.75688 13.76405 15.6457 15.00899 14.34099 13.47586 10.57488 11.94949 13.48803 
  15.66959 19.33566 18.27936 17.09548 15.54885 13.83225 12.93074 14.17397 14.84239 15.00577 15.16505 13.88507 16.09105 16.54823 15.11734 13.76405 15.6457 15.05933 13.7135 12.92903 10.09743 11.9031 13.23635 
  15.57949 19.21991 18.14246 16.60053 15.12522 13.2388 12.67435 14.01414 14.26023 14.32704 14.33061 13.47462 15.52215 15.71391 14.12249 12.46433 14.35244 13.801 13.80314 12.7103 10.13129 11.55522 12.53166 
  15.30921 19.10417 18.01738 15.61061 14.27796 12.64535 11.81971 13.53465 13.09589 12.21544 12.96516 13.06418 13.65292 13.62813 12.20387 11.57505 13.41188 12.24067 12.41372 11.90828 10.2348 11.09138 12.07864 
  14.67856 18.64118 17.91512 13.63079 12.24453 11.71278 10.96507 11.85645 12.01471 11.61212 12.8893 12.40748 12.43385 13.21098 12.06175 10.54896 12.5889 12.08967 11.51731 11.61664 10.5453 11.11458 11.62562 
  13.32715 17.25223 16.68797 10.76005 10.04164 9.423757 10.62322 11.29705 10.68404 10.40549 12.51001 11.58659 12.0275 12.65477 11.70645 9.796495 11.11928 10.479 10.57608 10.85108 10.3383 10.23278 11.0971 
  10.71444 14.35857 14.13142 9.077199 6.991495 7.389068 8.059301 8.739784 8.688026 8.595545 11.14456 9.862741 9.589363 10.91662 10.21419 8.390425 9.590878 10.07634 9.814137 10.08552 10.19044 10.58116 10.30264 
  9.18285 10.53895 10.24546 8.879216 8.516569 7.389068 7.375591 7.221409 8.272191 8.143059 9.020527 8.631418 9.183007 10.01278 9.858886 9.044028 9.296955 9.422007 9.634856 10.15843 10.14608 10.81308 10.97126 
  10.53425 11.23343 9.938675 9.572155 8.770748 7.812962 7.717446 8.340212 8.438525 8.444716 8.186086 8.220977 9.34555 9.526101 9.006165 8.628687 9.590878 9.008135 9.814137 9.43543 9.954298 10.3068 10.84542 
  9.633318 10.6547 9.836412 9.077199 7.076221 8.152077 8.401156 8.500041 8.771194 7.539742 7.882652 8.056801 8.532839 8.205107 7.978536 8.491228 9.590878 9.227195 9.326209 9.626019 10.05926 10.34381 10.39967 
  10.53425 9.960221 10.04094 8.879216 8.092937 7.89774 7.290127 7.940639 7.357352 7.388914 7.95851 7.810535 7.963941 8.205107 8.144975 9.112434 9.120601 8.336351 9.579889 10.15843 10.32351 10.97542 10.87059 
  10.26397 9.497236 8.507007 7.49334 7.245674 7.049953 6.777344 6.502179 6.193012 6.432876 7.199927 7.482183 7.638857 7.689647 8.366623 8.399589 8.780116 9.095758 9.28562 9.87725 10.39744 10.58116 10.66924 
  10.08379 8.918506 7.279862 7.394349 6.059505 6.371724 6.350025 6.502179 5.991684 6.559355 6.972352 7.235918 7.604263 7.550026 8.176678 8.326277 8.619144 8.993531 9.407387 10.08552 10.72274 10.85946 10.71958 
  8.642288 7.413806 5.132359 6.305447 5.535204 5.863052 5.922706 5.942778 6.359346 6.634769 6.684035 7.728447 8.126483 7.759458 7.891353 8.573703 8.546707 9.32134 9.634856 9.97615 10.30873 10.53478 10.57434 
  7.110698 5.677614 5.745931 6.404438 5.974779 5.863052 4.947235 6.022692 6.775182 6.075429 5.536757 7.164874 7.963941 7.871154 8.579803 8.907216 8.900845 9.037343 9.326209 9.54805 9.505836 10.19577 10.69441 
  7.471072 7.645298 8.404744 6.998384 5.275651 7.219511 7.973838 7.141495 5.924163 6.634769 6.769019 7.646359 7.720128 7.996529 8.002313 8.344605 9.061816 9.271007 9.634856 10.12197 10.0688 10.69712 10.61891 
  6.38995 5.214629 6.359504 5.711499 6.059505 6.456503 6.179098 6.182521 5.5528 6.710184 6.301609 6.643883 7.235267 7.927003 8.089496 8.975622 9.35574 9.522673 9.769318 9.348798 10.16087 10.55797 10.74475 
  5.038546 4.517833 4.110592 6.008473 5.890052 4.629152 5.238996 5.173423 6.025445 6.381813 6.769019 7.564271 7.292922 8.066055 8.295563 8.907216 8.981331 9.183383 9.569742 9.790618 9.96384 9.921885 10.61891 
  5.759295 5.446122 4.311734 5.711499 6.567863 5.608716 5.837242 6.741922 6.858349 6.143514 6.896494 7.235918 8.532839 8.413685 8.129124 8.454572 8.747922 8.716055 9.316062 9.842597 10.88538 10.44201 11.14743 
  4.681732 4.635899 5.01573 5.469232 5.69588 4.857234 5.580851 6.182521 6.008564 6.34777 7.351644 7.400095 7.88267 8.135581 8.113273 9.044028 8.965233 8.978927 9.092823 9.903239 10.01155 10.48839 10.34145 
  4.610369 4.467234 4.85769 5.039402 5.890052 5.693495 5.149223 5.334768 5.58656 6.126493 6.174134 7.400095 7.801399 7.927003 8.240083 8.500392 8.973282 9.623339 9.590036 10.08552 10.11651 10.27719 10.87059 
  5.308827 4.19737 4.872057 5.502295 6.059505 4.40107 4.677917 5.942778 5.181436 6.48394 6.407838 6.916219 7.292922 8.135581 8.144975 8.564539 9.061816 9.47234 10.08306 10.41361 10.14608 10.35861 10.87059 
  5.579107 4.163636 4.484141 5.612508 6.228958 5.102862 4.947235 5.460259 5.772242 5.479684 6.046659 7.188555 7.963941 7.899079 8.271786 8.975622 8.924991 9.623339 9.814137 9.97615 10.14608 10.12174 10.20561 
  5.849388 5.214629 4.872057 5.711499 5.7206 6.117388 5.238996 6.102606 6.276179 6.710184 6.599051 6.478113 6.993113 8.274632 8.366623 8.472899 9.061816 9.32134 9.634856 9.97615 10.42702 10.78989 10.82025 
  6.029575 4.399767 4.555977 6.206455 5.974779 5.693495 4.879905 5.460259 6.193012 6.634769 7.048211 7.117511 7.454359 7.633799 8.437683 8.656178 8.69963 9.623339 9.679677 9.608692 10.19044 10.65074 10.94609 
  4.39628 4.568433 5.132359 6.107464 6.652589 5.608716 4.879905 5.765021 5.772242 6.466919 6.599051 7.564271 7.88267 8.552737 9.148284 8.656178 8.81231 9.256403 9.569742 9.626019 10.22001 10.72031 10.52905 
  4.39628 4.551566 5.234621 5.347998 5.597003 4.944959 5.580851 5.030006 6.442514 6.364791 7.124069 7.318007 7.963941 7.550026 8.792984 9.249247 9.708447 9.875005 9.769318 9.695324 10.24958 10.33641 10.59374 
  4.14651 3.556442 4.900792 5.909482 6.228958 5.190586 5.495387 6.182521 6.025445 5.394578 7.275785 7.564271 8.61411 8.344159 8.792984 8.975622 9.473309 9.774339 9.993419 10.19488 10.47137 10.21057 10.30911 
  4.289236 4.619032 4.828955 5.425147 6.144231 5.778273 4.969678 5.71124 6.008564 6.634769 7.124069 6.9399 7.720128 8.274632 8.935104 8.701998 8.747922 9.522673 9.679677 9.903239 10.30873 10.35861 10.52905 
  5.218733 4.635899 4.843323 5.909482 6.144231 4.997593 6.00817 6.102606 6.775182 6.861012 6.684035 7.318007 7.638857 8.066055 8.287637 8.701998 8.739873 9.422007 8.940615 9.799281 10.53052 10.39562 10.76992 
  4.753095 5.098883 5.439145 5.909482 6.313684 5.523937 5.495387 6.502179 6.858349 6.48394 7.730936 7.974712 7.801399 7.996529 8.152901 8.83881 9.238171 9.037343 9.417534 9.781955 10.29394 10.39562 10.54199 
  4.182192 4.349168 5.336883 5.359019 5.805326 6.202167 5.216552 6.262435 5.839763 5.632875 6.577806 6.987263 7.477421 7.84323 8.508743 8.907216 8.884748 9.371673 9.346503 9.859923 10.3383 10.65074 10.76992 
  5.669201 4.450367 5.01573 5.513317 5.974779 5.947831 5.409923 5.603676 5.856643 6.559355 6.832756 6.916219 7.200674 7.298708 7.78832 8.335442 9.179385 9.13957 9.858958 10.37716 10.26437 10.72031 10.71958 
  5.218733 4.14677 4.484141 5.138593 5.890052 5.050228 4.520815 5.693313 5.434639 6.109472 6.896494 7.318007 7.408234 7.996529 8.366623 8.454572 9.179385 9.110363 9.634856 10.41361 10.48616 10.18096 10.39967 ]
