 [
  4.166142 3.614222 3.929933 5.201908 4.773709 4.648142 5.570142 5.324598 5.359383 6.185486 6.187635 6.418356 7.867358 8.185899 7.920346 8.013282 8.513195 8.80249 9.353255 10.17035 10.07214 10.28378 10.54392 
  3.710797 3.491746 4.406748 4.997375 4.689173 5.071944 5.95274 6.026625 5.691131 6.310904 6.516002 6.916009 8.221786 8.185899 8.389349 8.597269 9.045714 8.617801 10.21801 10.20177 9.671219 10.6729 10.77639 
  4.871928 5.206408 4.158804 4.929197 5.769485 4.556012 3.995692 4.649992 5.978646 6.560295 7.804579 7.191027 7.337336 7.861351 7.713985 8.448797 9.175646 9.4459 9.52145 10.10752 10.0972 10.04046 10.32269 
  4.598721 5.083932 4.998 5.161001 5.492266 4.795552 4.463795 5.283713 6.59582 6.492061 7.085385 7.151739 7.713454 7.63558 8.164227 9.287546 8.814247 9.270371 9.904778 10.0761 10.44571 10.60377 10.2519 
  4.393815 4.042887 4.502111 4.697393 5.449997 5.403615 4.370174 5.140615 6.199811 5.725624 6.377078 7.230316 7.458664 7.409808 8.220508 8.458695 8.287406 9.12262 9.852573 10.10752 10.00532 10.17563 10.55277 
  4.871928 4.930837 4.406748 4.779206 5.140032 4.942961 4.768063 5.324598 6.111345 6.492061 6.061341 7.138643 7.48293 7.282811 8.463632 8.696051 8.613545 8.679364 9.695959 10.01326 10.37239 10.35587 10.83189 
  4.462117 5.359502 4.254167 5.676435 4.97096 4.869256 4.838278 6.163237 6.022879 7.174395 7.66074 7.724821 7.628524 8.441262 8.258028 8.161753 8.688808 8.851742 9.774266 9.881655 10.10555 9.923303 10.15455 
  4.712557 4.226601 4.425821 4.915562 5.449997 5.598752 4.978709 5.958319 6.310394 6.492061 6.79385 6.916009 7.867358 7.804909 7.957866 8.290428 9.132336 9.159557 9.826471 10.01326 10.0972 10.5692 10.62356 
  5.792717 5.886082 5.330724 6.101907 5.680188 6.021646 5.11914 5.937876 6.46521 7.310861 6.250783 7.724821 7.867358 7.706133 7.845305 8.042976 8.199599 9.110307 9.722062 9.66674 9.996968 10.50006 10.80414 
  4.43935 5.42074 5.240653 6.208275 5.238657 4.463881 4.44039 5.65168 6.661125 6.283033 6.490743 7.802874 7.446532 7.593247 7.995387 8.399307 8.588458 8.753241 9.422512 9.804286 10.29906 10.29279 10.42888 
  5.296907 4.777742 4.158804 5.676435 6.394561 6.613698 5.446813 6.368155 6.98765 5.962523 6.478113 7.33456 8.292671 8.24974 8.574677 9.041089 8.927141 9.073369 9.669857 9.821479 9.846622 10.3018 10.36693 
  4.667023 5.513809 5.781082 5.242815 5.680188 5.683331 6.335338 5.73345 6.530515 6.43632 6.869627 7.204123 7.495063 8.568944 8.741244 8.646759 9.045714 8.950243 9.244424 9.941832 10.51903 10.53463 10.63241 
  5.084418 4.624647 4.807273 4.792842 5.280925 5.145649 5.423407 5.385926 6.266161 6.171551 6.061341 7.151739 7.725587 8.313581 8.630198 8.547778 8.939685 9.036431 9.659964 10.01326 10.44571 10.40994 10.57047 
  4.871928 5.886082 4.730983 5.889171 5.435908 4.334898 4.908494 4.649992 5.359383 6.833228 6.440225 7.191027 7.543594 7.903684 8.408109 8.359715 8.663721 9.258059 9.630281 9.838673 10.18908 10.13959 10.80414 
  4.871928 5.699945 5.330724 4.765571 5.506355 5.164075 5.723181 5.304155 6.46521 6.833228 6.78122 7.724821 7.216008 7.536805 8.032907 8.310225 8.927141 9.481006 10.03529 9.830075 10.2624 10.53463 11.1371 
  3.414822 3.491746 3.929933 5.092824 4.858245 4.869256 5.400002 5.365483 5.2488 5.600207 6.238153 6.588606 7.867358 8.185899 8.258028 8.527982 8.751528 9.061056 9.4423 10.2646 10.01367 10.0765 10.31384 
  4.871928 4.777742 4.368603 5.570067 5.858781 5.274632 5.07233 5.365483 5.293033 5.781365 6.402336 7.177931 7.118945 7.83313 8.796766 9.287546 9.565441 8.482362 9.590707 10.29602 10.40905 10.53463 10.52622 
  5.367737 5.206408 4.387676 5.676435 6.215968 5.852488 6.488377 6.573074 6.59582 7.037928 8.308016 9.44197 8.859756 9.654239 9.96274 9.780458 9.608751 9.796956 9.669857 10.61019 10.62902 10.60377 11.38681 
  5.013588 3.981649 4.921709 5.242815 5.1823 5.47732 6.794456 7.52936 7.37948 8.811995 10.24984 11.15912 11.19898 11.25026 11.18424 11.20991 10.77813 11.3065 11.2621 11.74122 11.61889 12.09021 12.44117 
  5.438567 5.606877 4.921709 5.106459 5.562712 6.698277 7.024014 8.553951 8.489666 9.289628 10.75328 12.1738 11.97872 12.08019 12.01707 12.09715 12.55386 12.21924 12.20178 12.55807 12.35213 12.6433 12.9961 
  4.325513 5.053313 5.150581 5.782803 5.590891 6.698277 7.559651 9.032095 9.469241 9.699028 10.68136 12.40796 11.97872 12.91012 12.96096 12.44219 12.03414 11.83308 12.28009 13.24925 13.342 13.57664 13.93947 
  3.710797 3.461127 4.998 6.314643 7.555419 7.713223 8.630925 9.851768 10.1876 10.51783 11.47247 12.25185 12.97112 13.74006 14.23798 13.92093 14.11304 13.58836 13.41847 14.01418 14.07523 13.99146 14.37209 
  8.696741 9.329615 11.00524 10.88846 12.64533 13.71832 12.8395 12.03756 12.99571 13.5201 14.56501 15.21783 16.0192 16.57381 16.67555 15.9522 14.89832 15.09984 14.64101 15.24176 15.418 16.05544 16.16606 
  10.11334 11.56326 13.3471 14.82408 14.87775 15.91737 14.67597 14.7015 14.98512 15.78793 16.91591 17.24719 17.24432 18.73663 17.94663 16.85348 16.39507 16.65845 15.57829 16.51166 16.65975 17.22253 17.41186 
  12.94653 16.68202 17.15196 17.0578 17.02087 15.57906 13.75774 13.33538 13.97529 15.22593 15.93148 14.98368 15.16857 16.35753 13.73827 12.59006 14.11304 14.26487 13.54072 14.18351 14.03857 14.50999 14.57142 
  13.93815 17.82689 17.0551 19.25423 18.17604 17.01717 15.46324 14.96739 14.98512 16.63094 17.67245 16.54472 16.51539 17.74174 13.73827 13.32943 14.54615 14.59886 13.98899 14.18351 14.66182 14.92481 14.21693 
  13.86732 17.95846 17.18828 19.62262 18.69772 17.46843 15.9886 15.60551 15.54815 17.28661 17.67245 16.77888 16.79894 16.66033 14.01589 14.61101 14.50284 13.98655 13.58147 13.81477 14.51517 15.0707 14.47176 
  13.79649 17.98038 17.29725 19.68018 18.9213 17.69407 16.26879 15.92457 16.11118 18.31695 18.34493 17.30422 17.24432 15.33608 13.84932 15.14579 14.54615 13.1671 12.82824 13.56343 14.22188 14.85567 14.47176 
  13.72566 18.01328 17.3578 19.7953 19.10762 17.9197 16.51395 16.34998 16.91551 18.69162 18.59711 17.58937 16.72805 13.48469 13.18305 14.95604 13.67994 11.76287 11.39261 13.53201 14.77181 15.03422 14.27243 
  13.65483 18.02424 17.40623 19.85287 19.21941 18.14533 16.79414 16.72222 17.71983 18.69162 18.42899 17.87452 15.87743 12.7186 12.68334 14.6603 13.80987 12.28946 11.49702 12.02398 15.05112 15.98249 14.52159 
  13.584 18.02424 17.44255 19.89891 19.36846 18.37096 17.0393 17.09446 18.68503 19.15995 18.42899 17.6464 15.09768 11.95251 11.57289 13.62518 13.24683 12.5352 11.75804 11.42705 14.91001 15.98249 14.92025 
  13.584 18.00231 17.39412 19.91043 19.36846 18.653 17.28447 17.4667 19.40892 19.81562 18.76523 17.87452 14.60148 11.88867 11.18424 12.59006 12.90035 12.5352 11.73194 11.20712 14.88179 16.01896 15.16941 
  13.65483 17.96942 17.30936 19.91043 19.3312 18.93505 17.42456 17.73258 19.89152 20.28396 19.18553 18.27374 14.5306 12.14403 11.46185 12.68864 13.07359 11.83308 11.3143 11.42705 14.47851 15.90955 15.6179 
  13.72566 17.92557 17.20039 19.87589 19.21941 19.21709 17.49461 17.83893 19.89152 20.28396 19.60583 18.67295 14.74326 12.78244 11.79498 13.03368 13.33345 11.83308 11.39261 11.36421 14.96646 16.34721 15.41857 
  13.79649 17.88171 17.09142 19.81833 19.14488 19.44272 17.45959 17.94529 19.56979 20.09662 20.11019 18.9581 15.09768 13.22933 12.0726 12.83652 13.07359 12.50009 11.49702 11.48988 14.51517 15.87308 15.21924 
  13.86732 17.83785 16.98245 19.73774 19.07036 19.66835 17.35452 17.94529 19.08719 20.47129 20.61455 19.12919 15.73565 13.86774 13.01648 13.62518 13.63663 12.78093 11.91466 11.42705 14.44185 15.65425 14.10595 
  13.93815 17.78303 16.83715 19.65716 19.07036 19.83758 17.1794 18.05164 18.52416 21.12696 21.11891 19.87058 16.91028 14.63383 13.84932 14.51242 14.54615 13.76389 12.20178 11.99256 14.66182 15.5813 14.32226 
  13.93815 17.71725 16.7645 19.51901 19.03309 19.89398 17.0393 18.05164 18.04156 20.93963 21.20297 20.84009 17.96807 15.46376 14.51559 15.14579 15.33854 14.26487 13.01095 12.74658 15.33334 16.09191 14.72092 
  13.93815 17.67339 16.67975 19.40389 19.03309 19.89398 16.86419 17.94529 17.71983 20.00296 21.20297 20.44088 18.69182 16.22985 15.07081 15.76245 15.82278 14.93285 13.54072 13.43776 15.36156 15.8366 13.99496 
  13.96992 17.67339 16.67975 19.33482 19.03309 19.83758 16.72409 17.78576 17.47853 19.34729 21.37109 20.15573 19.19288 17.1794 15.62552 16.23681 15.99887 15.21117 13.54072 13.97185 15.16401 15.36247 13.27356 
  14.01228 17.68435 16.67975 19.30028 18.99583 19.78117 16.61902 17.62623 17.23724 18.69162 20.86673 20.04167 19.3599 18.39058 16.39923 16.80605 16.30702 15.54516 13.29621 14.39515 15.50266 15.76366 14.32226 
  14.04405 17.67339 16.67975 19.28877 18.95857 19.72476 16.54897 17.41352 16.99594 17.94228 19.94207 20.04167 19.13721 18.95292 17.17293 17.37528 16.74724 15.93481 13.25546 14.94545 15.78488 15.69072 13.88398 
  14.05464 17.65146 16.58968 19.25423 18.80951 19.44272 16.47893 17.20081 16.67421 17.47394 19.35365 20.26979 19.19288 19.03943 17.89136 17.75477 16.92333 16.04614 13.29621 15.19943 15.75666 15.39894 13.44004 
  14.10759 17.62953 16.58968 19.26575 18.6232 19.16068 16.37386 16.93493 16.35248 17.00561 18.68117 20.04167 19.5826 19.08269 18.49927 17.94451 17.09942 16.21313 13.74448 15.53807 15.98243 15.03422 13.91173 
  14.18173 17.58568 16.58968 19.28877 18.36235 18.653 16.19874 16.66904 15.95031 16.53727 17.84057 20.15573 20.02798 19.08269 18.83086 17.75477 17.09942 16.38012 14.51875 15.19943 15.418 14.33715 14.67109 
  14.23468 17.50893 16.71607 19.31179 18.02698 18.14533 16.02362 16.40316 15.54815 16.1626 17.25216 20.44088 20.30635 18.99617 18.99665 17.75477 17.09942 16.49145 14.88551 15.1571 15.22045 14.7174 13.74525 
  14.29822 17.45411 16.87348 19.31179 17.65435 17.58125 15.74343 16.0841 15.14598 15.6006 16.49562 19.5284 19.80529 18.8664 18.94139 17.75477 17.14344 16.76978 14.92627 15.66506 15.50266 14.64826 14.05046 
  14.35117 17.38832 17.0551 19.24272 17.24445 17.01717 15.49827 15.55233 14.82425 15.08946 16.07532 18.72997 20.08365 18.73663 18.94139 17.51759 17.31953 17.10376 14.64101 16.21535 15.61555 14.78654 14.77075 
  14.34058 17.3335 17.15196 19.18516 16.66368 16.34027 15.28813 14.7015 14.30181 14.47536 15.57188 18.38779 20.02798 18.82315 18.94139 17.18553 17.27551 17.27076 14.84476 16.63865 15.92599 14.85567 15.6179 
  14.36176 17.3335 17.16407 19.18516 16.3065 15.66364 14.82901 14.08675 13.77937 14.1342 14.9246 17.47531 19.24856 18.69338 18.72033 16.75861 16.96735 17.0481 14.76326 16.55399 15.84132 15.10717 15.31891 
  14.34058 17.24043 17.15196 19.18516 16.03861 15.07159 14.21685 13.74522 13.38754 13.7248 14.42117 16.62277 18.85884 18.69338 18.49927 16.42656 16.61518 16.76978 14.84476 16.51166 15.64377 15.03422 15.01991 
  14.37235 17.14736 17.09142 18.97242 15.68142 14.56411 13.68122 13.33538 12.99571 13.3154 14.13349 16.07641 18.80317 18.73663 18.44401 16.42656 16.39507 16.49145 14.478 15.91904 15.36156 15.21658 14.82058 
  14.41471 17.05429 17.00666 18.65332 15.14564 14.14122 13.37514 13.06216 12.73449 13.04246 13.84581 15.6081 18.80317 18.82315 18.49927 16.52143 15.99887 16.04614 14.43725 16.25768 15.86954 15.54483 14.52159 
  14.44648 16.96123 16.84926 18.22785 14.43127 13.71832 12.91602 12.72062 12.40797 12.7013 13.55813 14.98368 18.30211 18.82315 18.27821 16.33169 15.51463 15.3225 13.78523 15.74972 15.36156 14.7174 13.91173 
  14.49943 16.86816 16.58968 17.80238 13.98478 13.21085 12.53342 12.31079 11.95083 12.29189 13.19854 14.35926 18.19077 18.82315 18.00189 16.18938 15.16245 14.76585 13.45922 15.45341 14.99468 14.12974 13.63426 
  14.56297 16.86816 16.40953 17.48327 13.5383 12.70338 11.99779 11.83265 11.36309 11.81426 12.47934 13.73484 18.02375 18.65012 17.61504 15.62015 14.45953 13.76389 13.01095 14.52215 14.14856 13.85319 14.52159 
  14.59474 16.77509 16.22939 17.16417 13.09182 12.11133 11.30911 11.08128 10.77534 11.47309 11.97591 13.18848 17.24432 18.08779 17.11766 14.95604 13.9398 12.71072 12.82824 14.14117 14.22188 14.54456 14.24468 
  14.60533 16.58895 16.04925 16.84507 12.46674 11.18096 10.54391 10.53483 9.991681 10.31313 10.75328 12.09575 15.87743 17.43894 16.23343 13.77305 12.94366 11.90329 12.93265 14.31049 13.89192 13.85319 12.96835 
  14.45707 16.12361 15.50882 15.99412 11.39518 9.827696 9.625679 9.510237 8.816191 8.539062 9.314888 10.69081 14.38883 15.71912 15.2929 14.21667 13.42007 11.79798 12.48891 13.31209 13.0487 13.68035 12.60765 
  14.11818 15.65827 14.24781 14.61134 9.966431 9.912274 9.39612 10.73975 11.36309 11.06369 10.75328 12.01769 13.67997 15.46376 15.62552 15.14579 14.63419 12.99157 12.07127 13.24925 13.15869 13.09269 12.77413 
  14.08641 15.93747 13.43717 12.69672 9.69854 10.16601 10.00828 10.53483 11.10187 10.24489 10.106 11.62743 14.38883 15.97449 15.68079 14.95604 13.9398 12.46498 12.12347 12.52665 12.24214 12.47046 12.35793 
  13.98051 15.65827 12.44638 11.20757 9.073463 9.151064 9.47264 10.2616 9.861071 7.310861 8.236095 9.754179 13.5382 15.5276 15.34843 14.70959 13.85318 12.46498 11.83635 12.33815 11.69221 12.05564 12.13596 
  13.01736 14.72758 11.90595 9.824783 7.198232 8.643591 10.16132 9.920074 9.142715 7.924961 8.092257 10.06639 13.25466 14.69767 15.51499 13.92093 13.59332 11.90329 11.36651 11.5213 11.43558 11.29513 11.44231 
  11.45911 12.86621 9.744234 8.229265 8.805573 9.235643 8.937003 9.100401 9.077411 9.084929 9.02721 9.676126 12.75846 13.67621 14.34902 13.42801 12.72711 10.92034 10.66175 11.30138 11.10562 10.70747 10.91513 
  9.26338 10.72564 7.852729 7.803793 10.05573 9.996853 9.013523 9.783462 10.77534 10.24489 9.171049 10.61275 12.26226 13.74006 13.29409 12.34361 11.8609 10.99055 10.42682 11.14429 10.92231 11.05316 10.94287 
  6.925995 7.747451 7.042085 8.761105 8.984167 9.573959 9.090042 8.690563 9.077411 8.743761 7.66074 9.285866 11.97872 13.10165 12.62782 11.40707 11.08131 10.14801 9.956983 10.67303 10.66568 11.26057 11.63653 
  6.996824 7.840519 7.042085 7.803793 7.466122 7.628644 7.024014 7.939197 8.42436 7.856728 8.164177 8.817553 11.76606 12.3994 12.18364 11.50565 11.68765 10.25333 10.45293 10.20177 10.37239 10.98402 11.52555 
  5.509397 7.18904 8.032873 7.165586 7.644715 8.474434 7.942249 8.144114 8.293751 7.924961 7.73266 9.051709 11.97872 11.95251 11.23976 11.65353 10.82145 9.76185 9.826471 9.546388 10.12226 10.70747 11.02611 
  5.296907 7.840519 8.393159 6.95285 7.287529 7.036592 7.63617 8.075809 8.097836 8.129662 8.092257 9.129761 11.69518 11.12258 11.46185 11.16061 10.38834 10.0778 9.748164 9.580774 10.29906 10.6729 10.85963 
  5.367737 7.002903 8.122944 7.697426 7.912606 7.96696 7.253572 7.734278 7.967226 7.242628 7.229224 8.895605 10.70278 9.973443 10.40692 10.42125 10.2151 9.656533 9.695959 10.0761 10.18073 10.49105 10.71205 
  6.076036 8.119724 7.762658 6.208275 7.376825 7.290329 6.947495 7.187829 6.72643 6.696761 6.941546 9.051709 10.41924 9.526557 8.963334 9.238255 8.902054 9.270371 9.036654 9.426036 10.2624 10.22971 10.57047 
  5.367737 5.979151 6.141369 6.633747 6.841045 5.937067 7.024014 6.436461 5.868063 6.560295 7.516901 8.7395 9.710382 8.632785 8.519154 9.139672 9.175646 9.270371 9.52145 9.778496 10.0972 10.31982 10.45543 
  3.801866 5.083932 6.321512 4.970104 6.037374 7.121171 6.182299 5.937876 6.288278 6.560295 7.229224 8.427291 8.930641 8.377421 8.408109 8.518084 9.262267 8.987181 9.462087 10.01326 10.18073 10.5692 10.49967 
  3.665262 6.816767 7.582515 5.570067 6.751748 6.359962 6.717936 6.777992 6.530515 6.560295 7.229224 7.724821 8.576214 8.129456 7.601424 8.260734 9.002404 9.147245 9.531343 9.503405 10.18908 10.84575 10.83189 
  5.084418 5.606877 6.321512 5.676435 5.858781 6.190804 5.646662 6.231543 6.661125 6.366644 7.66074 8.115083 7.640657 7.565026 7.207462 8.270632 8.400301 9.270371 9.293893 9.950428 10.0972 10.88031 11.0816 
  3.710797 5.237026 6.411583 5.570067 5.280925 6.021646 5.025519 6.163237 6.530515 6.46419 7.229224 7.112451 7.938243 7.593247 7.695225 8.28053 8.751528 9.221121 10.21801 10.29602 9.863327 10.20267 10.7209 
  4.871928 5.979151 7.222228 5.889171 5.069585 5.108797 5.259571 6.777992 6.530515 6.324839 6.402336 6.680279 7.604259 8.888148 8.201748 8.991798 8.977317 9.51611 9.452193 9.400246 10.48237 10.50006 10.83189 
  6.855165 5.979151 6.321512 5.338264 5.769485 5.403615 5.570142 5.631237 5.580548 6.352709 6.869627 7.802874 7.458664 7.649691 8.258028 8.991798 9.002404 9.481006 9.722062 9.477615 10.06379 10.47303 10.68551 
  5.580227 6.444493 6.141369 6.101907 7.019639 5.683331 5.799701 5.549467 6.46521 6.296968 6.503372 7.217219 7.604259 8.441262 7.957866 8.171651 9.132336 9.551216 10.00919 9.537791 10.22574 10.70747 10.63241 
  4.553186 5.979151 5.871154 6.633747 5.680188 5.514173 5.493623 5.958319 5.779597 6.074005 7.013465 7.33456 7.288805 8.129456 8.685721 9.041089 9.175646 9.410794 9.303786 10.01326 10.37239 10.77661 10.85963 
  5.438567 6.537561 5.961226 5.324628 5.534534 5.311485 5.282976 5.73345 6.288278 5.878911 6.941546 7.490664 7.867358 8.505103 8.741244 8.696051 8.876966 8.962555 9.580812 9.400246 9.988616 10.77661 10.46428 
  5.721887 5.298265 5.871154 5.782803 5.280925 4.979814 5.470218 6.026625 5.403615 6.696761 6.440225 6.758855 7.252406 7.438029 8.201748 8.636861 9.045714 9.258059 9.471981 9.417439 10.33572 10.19366 10.83189 
  6.076036 5.513809 4.769128 5.338264 4.914603 5.852488 5.723181 6.026625 6.72643 6.338774 7.301143 7.33456 7.361602 7.734355 8.258028 8.339918 9.392199 9.270371 9.800368 10.29602 10.33572 10.47303 10.97062 
  3.984004 4.226601 5.420796 4.820113 5.196389 4.832404 5.236166 5.794778 6.46521 6.40845 6.389707 7.007682 7.640657 8.058902 8.852289 8.696051 9.002404 9.481006 9.333467 10.13893 10.33572 10.77661 10.7209 
  4.507651 4.073506 5.07429 5.242815 5.948078 5.514173 4.885088 5.365483 5.713247 5.962523 6.856997 7.256508 7.398 8.377421 8.408109 8.843925 8.902054 9.726745 9.983085 9.69253 9.996968 9.977374 10.91513 
  6.005206 5.979151 5.240653 4.956468 5.680188 5.852488 5.423407 5.876548 5.646898 6.764995 6.856997 7.086258 7.131078 8.00246 8.408109 8.646759 8.701352 9.481006 9.481874 10.29602 10.37239 10.12156 10.7032 
  4.942758 5.42074 4.71191 6.208275 5.40773 5.440468 5.570142 6.026625 6.067112 6.40845 6.806479 6.771952 8.080014 8.24974 8.107947 8.240937 8.738984 9.551216 9.826471 9.838673 9.913443 10.455 10.51737 
  3.59696 5.513809 4.845419 5.995539 5.680188 5.937067 5.306381 5.508581 6.922345 6.901461 6.941546 6.863625 6.949085 7.438029 7.582664 8.320123 9.175646 9.184183 9.353255 9.787092 10.1139 10.70747 10.77639 
  4.166142 5.793014 4.921709 5.188272 4.858245 4.979814 5.048924 6.026625 5.691131 5.934652 6.579149 7.191027 7.796473 8.313581 7.976626 8.745341 8.902054 9.551216 9.669857 9.855865 9.654513 10.13058 10.67666 
  4.462117 6.444493 5.781082 5.174637 5.948078 5.514173 5.493623 5.222385 5.049751 6.764995 6.718073 7.112451 6.949085 7.621469 8.574677 8.102365 8.801702 9.097994 9.640176 9.632354 9.796507 9.968362 10.80414 ]
