 [
  3.979446 4.328218 4.58269 3.846108 3.756251 4.626943 5.318537 6.36262 6.452178 6.060098 7.119032 7.051449 7.238421 8.340327 8.465069 8.809567 8.689638 9.501104 9.316415 9.861932 10.35747 10.35474 10.55921 
  3.677865 4.649738 3.289189 4.557346 4.488753 4.583069 4.747318 4.87669 6.135518 5.954274 7.076096 7.524837 7.925817 8.037512 8.039104 8.287245 8.750616 9.348359 9.617736 9.792048 10.0787 9.923568 10.09528 
  4.711858 3.948242 3.720356 4.601798 4.928254 4.539195 4.383815 5.385969 5.861043 6.377571 6.775543 6.825046 7.464227 7.53689 8.006724 8.166709 8.913226 8.933106 9.254792 10.23465 10.14065 10.38562 10.21051 
  4.884191 3.802097 3.339915 3.468263 5.148005 5.153435 5.136786 5.461417 5.385286 5.213504 6.732606 6.969121 7.498967 8.070887 8.362903 8.387691 8.943715 9.297443 9.744123 10.04829 10.2026 10.35474 10.42884 
  4.960734 3.685181 4.633415 3.77943 4.525378 4.714692 4.617496 5.933166 5.915938 6.102427 6.539394 6.248748 7.221052 8.178663 8.567236 8.876059 8.852247 8.991148 9.360432 9.633068 10.00863 10.44737 10.82842 
  4.960734 6.661216 7.118689 6.37379 7.054547 6.944679 7.465753 8.203137 8.840755 9.596519 10.13288 10.05153 8.553897 8.87921 8.413986 8.658897 8.364418 9.234921 9.413252 9.256536 9.764994 10.29299 10.38032 
  4.237945 6.995789 7.92039 6.57303 6.800342 6.614925 6.774754 6.976126 8.149324 8.637505 9.426513 10.52749 9.981352 10.22641 9.180235 9.142024 8.781106 8.584861 9.643013 9.955111 9.927414 10.69437 10.64895 
  3.634782 4.59128 4.531964 4.490667 3.902752 4.846314 5.552217 5.871815 6.64075 7.072798 6.088564 7.319016 6.699962 7.545234 8.179417 8.638808 8.953878 9.501104 9.149153 9.658171 10.17162 10.47825 10.43491 
  4.841107 4.386677 4.633415 4.112823 3.609751 3.946891 5.292572 5.329382 5.092513 6.335241 7.448672 7.566001 7.273161 7.837263 7.887998 9.208516 9.152654 9.188488 9.430858 9.390413 10.17162 10.47825 10.76112 
  4.539526 3.802097 4.455876 5.377592 2.803999 5.10956 5.924294 6.117218 6.172114 6.356406 7.119032 6.680972 7.620554 8.124775 8.222589 8.287245 8.974205 9.142055 9.105136 9.783681 9.846205 10.27693 10.80599 
  3.290118 3.655951 3.618905 4.557346 4.745129 4.275949 4.799247 5.810464 6.263606 6.820426 6.925819 7.671768 7.394749 7.778857 8.201003 9.009042 8.913226 9.297443 9.413252 10.02499 10.17162 10.32387 10.41065 
  4.582609 2.866768 3.010199 4.668477 4.781754 5.087624 5.110821 5.367106 6.389321 5.954274 6.539394 7.236688 7.603185 8.232552 8.093071 8.942551 9.014857 8.666118 9.693568 9.955111 9.846205 10.18056 10.53677 
  4.754941 3.860555 3.238463 4.35731 5.001505 4.056577 5.526253 5.687763 5.751253 6.377571 7.03316 6.742718 7.603185 8.070887 7.672132 8.287245 8.689638 9.246529 9.052317 9.415516 9.927414 10.35474 10.67138 
  5.11382 4.737425 4.227611 4.9127 4.269003 4.583069 5.344501 5.423693 6.577892 6.314076 6.002692 6.825046 6.943137 7.979106 8.362903 8.689032 8.527028 8.991148 9.422054 9.666537 9.805599 10.22874 10.71625 
  4.108696 3.977471 4.12616 4.624024 5.402211 6.065336 5.977448 6.301269 6.389321 6.314076 6.389117 6.495733 7.047355 7.98745 8.060691 8.357557 9.221552 9.130446 9.201972 10.09488 10.2026 10.32387 10.35607 
  4.625692 4.678967 4.12616 4.001692 4.049252 5.285058 5.526253 5.329382 5.293795 5.911944 6.002692 6.804464 7.082095 7.561921 8.352109 8.876059 8.913226 9.200096 8.90266 9.792048 9.756873 9.907505 10.62651 
  3.893281 3.831326 4.303699 4.9127 5.211556 6.010377 5.658525 5.404831 6.452178 6.669003 7.448672 6.927957 7.151573 7.703764 8.31973 8.942551 8.862411 9.501104 9.668291 10.02499 10.14065 10.41649 10.46947 
  2.126875 3.217516 3.289189 4.979113 5.529314 5.625664 5.006963 5.31052 6.062325 6.769952 6.861415 6.969121 6.873658 7.645358 8.465069 8.618719 9.083755 9.552019 9.895788 9.549395 9.870567 10.13237 10.42278 
  4.625692 4.065158 4.633415 4.646251 5.592865 5.8455 6.030602 5.994516 6.117219 7.527068 7.307398 7.483673 7.168943 7.887325 7.963551 8.759344 9.772738 10.01025 9.263596 10.02499 10.14065 10.32387 10.55921 
  5.496536 6.075715 5.996307 5.510418 6.609687 6.230213 7.997291 8.264488 7.520752 7.930863 7.919587 7.936187 7.811621 8.124775 8.201003 8.166709 9.566044 10.21391 9.769401 9.931816 10.17162 10.47825 10.49191 
  6.108881 7.079432 6.637668 5.311179 6.482584 7.219474 7.572061 8.141787 9.406471 9.495569 9.33233 9.099628 9.638763 10.2803 9.537817 10.93729 13.01096 12.60692 11.15966 10.91019 11.00795 11.21926 11.23225 
  5.419992 7.414004 7.59971 7.303575 8.134921 8.648407 9.11352 8.816644 9.469328 10.40411 10.13288 10.42172 11.00912 11.84306 12.29631 15.59169 17.55825 16.75345 14.84968 14.85548 13.98154 14.24505 14.22622 
  5.34345 7.58129 7.279029 7.967707 8.262024 8.48353 8.900905 9.123396 9.6579 11.56502 11.6869 11.53228 12.83626 12.92082 12.80715 16.19011 19.03835 18.93101 17.26629 16.71807 15.67313 16.29421 16.2682 
  5.573079 7.330361 6.717838 6.705856 6.419033 7.274433 7.731522 8.325838 9.720757 10.10126 9.756153 10.05153 11.97979 12.43583 13.77773 17.32046 20.99567 19.82182 17.13204 17.15632 16.91956 18.14822 18.65052 
  5.266906 4.988354 5.515286 6.307377 6.101276 6.340131 6.562139 7.712333 8.840755 9.94984 10.13288 10.4746 12.26528 12.59749 14.90156 16.78853 19.54022 20.01978 18.07183 17.81371 18.16599 18.83127 19.67151 
  4.841107 4.708196 5.835967 6.240963 6.800342 7.549228 8.26306 8.755293 9.532186 9.84889 10.36834 10.63326 12.32238 13.19026 15.37391 17.74231 18.98816 19.9208 19.01162 18.79978 18.70017 19.31917 20.35217 
  5.496536 4.737425 4.050072 5.510418 5.910622 8.043859 8.794598 9.246098 9.6579 10.75743 10.93344 10.95056 13.12175 14.21414 15.53136 18.09384 18.73722 20.11876 18.74311 18.90935 19.0563 19.6119 19.78495 
  5.037277 5.155641 5.996307 6.772269 7.18165 7.933941 9.11352 9.552851 9.972186 11.2117 11.07471 11.00344 13.23595 14.10636 14.69723 18.51569 18.83759 20.51468 19.28014 19.45717 19.59048 20.39254 20.46562 
  4.582609 5.657499 6.397158 7.502814 8.452679 8.538489 9.591904 9.798253 10.22362 11.06028 10.98053 11.53228 12.77916 13.83692 14.74831 18.02353 18.83759 21.99938 21.15972 19.12847 19.23436 20.00222 20.01184 
  4.960734 6.159358 7.038518 8.100533 9.024641 9.307915 10.01713 11.02526 11.48076 12.06976 12.20491 12.90726 13.40724 14.91468 15.05901 18.16415 20.39342 21.20754 20.48844 19.67629 19.0563 19.90464 19.8984 
  5.496536 7.83222 7.92039 8.897491 10.80408 9.967422 10.44236 11.39337 12.23505 12.67546 13.44583 13.48898 14.7205 15.76799 15.53136 17.74231 19.59041 19.42591 18.34034 18.90935 18.34405 19.12401 19.10429 
  12.07925 12.34895 12.7306 12.81587 12.71062 11.50627 11.08021 11.57742 12.54934 12.92783 12.72291 11.95535 14.20662 15.67916 14.28856 16.32309 17.93422 17.84223 15.92373 16.27981 15.85119 16.58695 16.2682 
  16.03172 16.55087 16.9426 18.19802 17.55009 15.86811 14.75253 15.35255 17.08511 16.94903 14.86654 14.33511 16.90086 17.81093 16.71225 18.93753 18.68703 16.06059 12.9701 13.43114 14.69379 14.24505 13.31867 
  15.796 17.5888 17.48579 19.3394 18.56082 16.82879 15.43729 15.92907 18.32943 18.44795 15.91337 15.67062 18.43872 19.40976 17.73568 20.48429 19.94173 17.34733 12.70159 13.8694 15.76216 14.73295 12.44372 
  15.81743 17.62339 17.52757 19.24429 19.01003 17.42922 16.03645 16.09379 18.32943 18.67855 16.21247 16.22708 18.68154 19.76506 18.12931 20.83582 20.19267 17.24835 12.9701 13.97896 16.20731 15.12327 13.31867 
  15.77457 17.5542 17.48579 18.86383 19.45924 17.90957 16.6356 16.50558 18.61658 19.02446 16.51156 16.56096 18.92435 19.76506 18.52293 20.97644 20.19267 17.14937 13.10436 13.97896 16.29634 15.416 13.54556 
  15.73171 17.5542 17.48579 18.6736 19.90845 18.51 17.32036 16.83502 18.80801 19.25506 16.81066 16.95048 19.24811 20.03153 18.83784 21.04674 20.09229 17.14937 13.37287 14.19809 16.29634 15.31842 13.54556 
  15.73171 17.5888 17.48579 18.57848 20.35766 19.23051 17.74833 16.99974 19.09516 19.37036 17.2593 17.17306 19.57187 20.298 18.99529 21.25767 20.14248 17.54529 13.90989 14.08853 16.4744 15.51358 14.45311 
  15.71029 17.5542 17.36044 18.57848 20.35766 19.59077 17.74833 17.41154 19.28659 19.60096 17.48362 17.39565 19.89563 20.47565 19.31019 21.32797 20.24285 17.64427 14.04415 14.08853 16.65246 16.00148 13.99933 
  15.73171 17.485 17.10973 18.38825 20.13306 19.83094 17.49154 18.15277 20.14804 20.29277 17.85749 17.84081 20.21939 20.56447 19.86127 21.74981 20.34323 17.64427 14.44692 14.08853 16.56343 16.19663 13.88589 
  15.75314 17.5196 17.1933 18.48337 20.24536 19.95103 17.49154 18.23513 20.14804 20.06217 17.63317 17.84081 20.21939 20.38682 19.70382 21.46859 20.14248 17.24835 14.1784 13.65027 16.56343 16.19663 13.99933 
  15.77457 17.5542 17.15152 18.48337 20.24536 19.83094 17.49154 18.48221 20.33947 19.83157 17.48362 17.78517 20.13845 20.12035 19.62509 21.25767 19.89154 16.95141 13.90989 13.43114 16.4744 16.00148 13.54556 
  15.81743 17.5542 17.10973 18.6736 20.24536 19.59077 17.57714 18.64693 20.24375 19.37036 17.40885 17.78517 19.97657 19.58741 19.38892 21.04674 19.43985 16.45651 13.64138 12.77376 15.85119 15.51358 13.659 
  15.83886 17.5196 17.06795 18.76871 20.02076 18.87025 17.49154 18.72929 20.05232 18.67855 17.03498 17.67388 19.57187 18.61035 18.75911 20.34367 18.73722 15.76365 12.83584 11.70221 14.60476 14.34263 12.33155 
  15.66743 17.13903 16.65011 18.6736 19.23464 17.42922 16.7212 18.56457 19.38231 17.41023 16.21247 17.34 18.84341 17.27799 18.05058 19.49998 17.83384 14.59261 11.94326 10.65395 13.45497 13.44229 11.86042 
  15.23886 16.30868 16.44119 17.81757 17.43779 15.86811 15.52288 17.82334 18.13799 16.02662 14.86654 16.50531 17.54838 15.59034 16.8697 18.16415 16.52477 13.11607 10.67939 10.49089 12.52572 12.57778 11.18738 
  14.68171 15.58213 15.31303 15.34458 15.07943 14.30699 13.38303 16.01143 16.22367 14.4124 12.86419 14.78028 15.12019 13.56748 14.90156 15.99064 14.18223 11.79228 10.65411 10.51418 11.78232 12.1764 13.00459 
  14.06937 14.44002 13.61247 12.88228 12.71062 12.2757 12.3559 14.44659 14.50077 13.02878 11.6869 13.54186 14.14952 11.51973 13.42014 14.52783 13.28655 11.02855 10.47717 11.32949 12.49474 13.04091 13.659 
  13.53357 14.1891 13.93315 13.82275 13.21903 12.38562 12.44149 13.87008 14.30934 12.52403 12.01654 13.27744 14.03532 12.32805 13.52231 14.7273 13.01096 11.07947 12.12021 12.99289 13.17619 13.47317 13.77245 
  14.37554 14.85824 14.89519 15.91527 15.64095 14.42708 13.811 14.94075 16.03223 15.21951 13.67015 14.78028 15.52489 13.9447 14.85048 16.12362 14.38892 11.94503 10.95744 11.49255 11.96817 11.74414 12.53346 
  15.30314 15.92811 15.22946 16.67619 17.10088 15.86811 14.58135 15.68199 17.27655 16.37252 14.79176 15.61497 16.5771 15.0574 15.76754 17.12099 15.2157 12.45418 10.32551 10.74713 11.22477 11.31188 11.68094 
  15.66743 16.55087 15.73087 16.96153 18.44852 16.94888 15.1805 16.17615 18.04228 17.64084 15.38995 16.11579 17.30556 16.03446 16.47607 17.95323 15.97359 13.2179 10.04745 9.861932 10.6982 10.87963 11.83798 
  15.88171 17.13903 16.31584 16.1055 18.33621 17.42922 15.69407 16.2585 18.04228 18.21734 15.98814 16.33837 17.06274 16.47858 16.55479 17.53139 15.4224 13.11607 10.50245 9.931816 11.22477 11.62064 11.70338 
  15.73171 16.55087 15.31303 15.05924 16.98858 16.46854 14.66694 15.02311 16.70225 17.17963 15.01608 15.1698 15.92959 16.2121 15.37391 14.66081 13.42435 11.79228 9.491348 9.607965 10.63624 11.25013 11.47903 
  15.00314 15.92811 15.02054 14.01298 15.86555 14.90742 12.95506 13.54064 15.45794 16.02662 13.37106 14.44641 15.36301 15.41269 13.82881 12.93203 11.97748 10.67215 9.870511 10.02499 10.01675 10.84875 10.91816 
  15.30314 16.58546 15.48016 13.34718 13.50719 12.16578 12.03698 12.68173 13.4922 12.72593 12.29909 15.05851 16.01053 15.67916 11.78548 10.67133 11.56409 10.67215 9.541903 10.07158 10.01675 10.06009 10.42884 
  15.196 15.92811 14.93697 12.9487 13.28259 12.74587 12.19644 13.04983 13.80648 13.48998 13.22151 14.50205 15.28207 14.96857 12.6539 11.60221 12.32198 11.07947 9.845233 9.908522 9.903051 10.22874 10.51434 
  13.83974 15.44374 14.57451 10.88989 12.32931 11.3414 10.54867 11.33202 12.10933 11.86787 11.92236 13.43609 13.97823 14.05247 11.37681 10.20589 11.4952 10.57032 9.794679 9.607965 10.10967 10.00388 10.49191 
  13.53357 14.35638 13.77281 10.35858 11.24894 10.95668 10.70813 11.33202 11.73219 12.87735 13.14674 14.28223 14.32082 13.83692 11.88765 9.873429 12.04638 11.1813 9.870511 10.11817 10.29552 10.50912 10.51434 
  14.81028 15.44374 14.65468 11.68685 12.26576 12.2757 11.77121 11.51607 11.66933 12.9783 11.87527 11.90246 11.6943 12.38194 11.63223 10.73782 13.07986 11.8432 9.516626 9.256536 9.789357 9.971753 10.49191 
  12.99776 14.02181 13.21162 8.565425 9.723707 9.307915 9.432443 8.632591 9.783614 12.32214 11.82818 12.114 12.20818 11.78917 11.1214 9.673955 11.4263 10.26483 9.870511 10.4443 10.14065 10.60175 10.46947 
  13.15085 13.68724 11.92889 8.100533 7.118099 8.208735 7.359446 7.037476 9.343614 12.37261 12.06363 11.63805 11.40881 10.92696 10.5084 8.942551 9.152654 9.602934 10.24967 9.815343 10.35747 10.50912 10.38032 
  11.61999 11.01066 11.52804 8.698252 7.62651 7.933941 7.625215 7.221528 8.903612 12.17071 12.34618 11.90246 11.18041 10.87307 10.04865 9.009042 9.841637 9.084014 9.592459 10.11817 10.26455 10.32387 10.34394 
  10.85456 11.34523 10.40566 7.104335 7.054547 7.329392 7.572061 6.853425 8.526468 11.16123 11.63981 11.21498 10.49524 10.11864 10.30407 9.142024 9.634942 9.297443 9.643013 9.931816 9.886809 9.995847 10.39852 
  10.16567 10.17423 10.00481 7.83488 5.910622 7.054597 6.827908 7.098827 7.520752 9.596519 10.32125 10.21019 10.32394 9.579756 10.2019 8.942551 9.497146 9.501104 9.193169 9.955111 10.14065 10.11631 10.40458 
  7.945916 10.09058 10.08498 7.104335 7.245202 7.824023 7.784676 7.46693 8.652184 9.142249 10.6038 10.63326 10.60943 9.687531 10.35515 8.779433 9.841637 9.399274 9.794679 9.658171 10.0787 10.2689 10.31361 
  7.945916 10.59244 10.08498 6.838682 5.03813 7.604187 7.572061 6.546671 8.086468 10.05079 10.13288 10.95056 10.60943 9.74142 9.384567 8.942551 9.772738 9.908424 10.04745 10.07158 10.29552 10.09222 11.0079 
  6.644683 8.417721 8.882431 7.369987 5.719968 7.604187 7.146831 6.36262 7.835038 9.747942 9.803245 10.68614 10.83782 10.2803 9.691067 9.075533 9.566044 8.991148 9.794679 10.30453 10.79112 10.75612 11.50146 
  5.649622 8.668651 7.92039 5.576831 6.355482 6.505008 5.658525 6.792074 8.212182 9.091774 9.803245 10.4746 9.695861 9.256426 8.975902 8.876059 9.70384 10.01025 10.12329 10.53748 10.51235 10.18859 10.41065 
  5.419992 8.91958 8.882431 6.240963 5.974174 6.944679 6.136909 5.612315 6.515035 7.375645 8.531775 9.998652 9.638763 9.579756 8.771568 9.009042 9.221552 9.399274 9.413252 10.04829 10.0005 9.867351 10.60408 
  5.955794 9.421438 9.203112 6.041724 6.037724 5.350869 6.083755 5.749114 6.452178 7.678491 8.67305 9.787116 10.03845 8.124775 8.211797 9.009042 9.221552 9.399274 9.430858 9.633068 9.497001 9.77901 10.62651 
  5.879251 9.170509 9.042771 5.97531 4.562004 5.790541 5.605371 4.706931 5.806148 7.375645 8.060861 9.205396 9.581665 8.501992 8.352109 9.341498 9.152654 9.399274 9.360432 10.0017 10.0787 10.57087 10.46947 
  5.649622 7.915863 7.840219 6.705856 6.228379 6.834762 6.349524 5.687763 6.892179 7.375645 7.166123 9.205396 8.896486 8.178663 8.413986 8.779433 9.772738 9.501104 9.946343 9.733477 10.23357 10.69437 10.42278 
  5.726165 6.912146 6.316988 5.576831 6.29193 6.505008 6.296371 5.31052 6.062325 6.719478 7.589946 8.359257 8.725192 8.124775 8.222589 8.876059 8.659148 9.246529 9.307611 9.885227 10.10967 10.10828 10.26509 
  5.802708 6.912146 5.194606 4.846286 5.402211 5.570705 5.370466 4.669207 5.806148 6.769952 6.754075 8.306373 9.067781 8.124775 8.771568 9.142024 9.221552 8.840241 9.466071 9.885227 10.66722 10.50912 10.58164 
  5.266906 6.410287 4.455876 5.045526 5.910622 5.570705 5.084857 4.480585 5.586568 6.669003 7.307398 7.46309 8.325504 8.394216 8.618319 8.558451 8.831922 8.503603 9.541903 10.0017 10.17162 10.11631 10.38639 
  5.266906 6.075715 5.996307 5.444005 5.148005 4.736629 4.773283 5.933166 6.098921 6.50456 6.839947 7.618885 8.040013 7.862294 8.413986 8.658897 9.428247 8.991148 9.845233 9.624701 9.959898 10.41649 10.62651 
  5.190363 6.075715 5.755797 4.446215 4.525378 5.8455 5.552217 5.216209 5.696358 5.827284 7.119032 7.724652 8.15421 7.837263 7.887998 8.876059 9.497146 9.246529 9.448464 9.666537 9.878689 10.6635 10.42278 
  4.324111 5.071997 4.873926 4.735156 5.402211 5.241183 5.474324 5.994516 5.842744 6.165922 6.58233 7.936187 7.811621 7.98745 8.413986 9.142024 9.359348 9.223312 9.996898 9.775313 9.805599 10.38562 10.44704 
  4.625692 4.678967 5.194606 4.624024 4.928254 5.131497 5.084857 4.631482 5.56827 5.869614 6.968755 7.618885 8.040013 7.853951 8.771568 8.719166 9.221552 9.653849 9.870511 10.0017 10.41942 10.06009 10.71625 
  4.960734 4.503592 5.354946 5.111939 5.656416 5.570705 4.980999 4.914415 5.147408 6.356406 7.213215 6.969121 7.655293 7.720451 8.233383 8.648853 8.557517 8.840241 9.254792 9.838637 10.10967 10.60175 10.55921 
  5.419992 5.657499 5.354946 4.201727 4.781754 4.736629 5.977448 5.687763 6.326463 6.568054 7.166123 7.051449 7.925817 7.962419 7.931171 8.488138 8.821758 9.10723 9.643013 10.0017 9.878689 10.38562 10.53677 
  4.45336 3.772868 3.060924 3.423811 5.074755 4.912126 4.461709 6.42397 6.190413 5.382823 6.839947 7.724652 7.603185 7.795545 8.413986 8.739255 8.648985 9.501104 10.04745 9.69164 10.17162 10.38562 10.49191 
  4.798024 4.474364 4.430513 4.001692 4.122502 4.977938 4.383815 5.631177 6.577892 5.806119 6.324713 7.36018 7.742142 7.878982 8.103864 8.196843 8.374581 8.921498 9.413252 9.666537 9.951777 10.50912 10.58164 
  5.11382 5.071997 4.608052 3.957239 4.928254 4.34176 5.658525 5.933166 5.513375 6.102427 6.58233 7.195523 7.707403 7.845607 7.758479 9.142024 9.014857 8.933106 9.567181 9.649803 9.578211 9.963722 10.35 
  6.032338 5.071997 5.114436 4.579572 4.781754 3.990766 3.89049 5.423693 6.389321 6.165922 5.745075 6.969121 7.568445 7.586952 8.362903 8.876059 9.152654 8.712551 9.668291 9.750212 9.89493 10.32387 10.0589 ]
