 [
  3.136811 7.157326 6.89449 4.207833 5.778076 6.407586 7.00031 7.829827 6.704653 7.941563 8.329475 7.634652 7.948612 7.902858 8.566703 8.090982 8.844668 9.235733 9.047643 9.207247 10.21974 10.43569 10.91646 
  5.805912 7.30464 5.573067 4.789189 5.663617 7.510187 8.108642 7.94352 7.592373 8.280329 9.387177 7.693167 7.777284 8.369122 8.665936 8.80051 8.739249 9.119841 9.692803 9.774092 9.87367 10.3508 10.71327 
  4.854088 7.230983 5.837351 6.007494 7.094349 8.282008 9.586418 8.815162 7.553776 9.0849 9.387177 8.161292 8.062831 8.747954 8.665936 8.327999 8.585912 8.968548 9.154805 9.724213 9.905931 10.47814 10.68788 
  5.092044 5.978811 5.837351 5.941529 6.750974 7.951227 9.996912 9.573111 8.480093 9.635396 10.44488 8.512386 8.11994 8.179706 8.064678 8.124842 8.758416 9.351626 9.585567 9.953656 9.825275 10.09758 10.53549 
  5.865401 7.010011 6.431992 4.619627 5.263012 6.958886 6.95926 7.64034 7.322197 8.153292 9.387177 7.342073 8.17705 8.432261 8.665936 8.29414 8.269652 8.989031 9.671356 10.09332 9.620948 10.46399 11.17043 
  4.854088 5.463211 5.17664 4.886082 4.831299 4.753684 4.805613 5.147213 5.072844 5.786314 7.171041 7.576136 7.240241 7.946574 8.368236 9.193761 9.039779 8.753466 9.585567 9.813995 10.29249 10.18698 10.26807 
  5.092044 3.885502 3.735197 4.280502 4.530952 4.919074 5.358336 6.238133 5.839223 6.332421 6.205611 6.711424 7.119433 7.881001 8.134738 8.575795 9.301072 9.158471 9.413989 10.1432 9.905931 10.06033 10.51009 
  3.861287 3.885502 4.343649 4.952047 5.320241 4.919074 4.786531 5.428957 5.725081 6.925262 6.818473 6.656056 7.777284 8.179706 8.269002 8.429579 9.196555 9.312996 9.392542 9.903777 10.12879 10.32251 10.76407 
  4.612596 2.581467 3.153198 3.529584 4.354278 3.954331 4.67204 5.669671 5.855529 6.093632 7.120674 7.576136 7.421451 7.815427 7.982941 8.316713 8.442158 9.081209 9.928723 9.983583 9.749997 9.956032 10.28337 
  4.344271 3.273404 4.105559 4.57118 4.976866 4.405248 5.15309 4.737402 6.009915 6.798225 6.647676 6.286937 7.720174 7.509418 7.457489 8.463438 8.700914 9.081209 9.281453 9.707801 10.29249 9.970932 10.48469 
  4.854088 3.486308 3.81456 3.844486 4.654624 4.343759 4.576631 5.288085 5.219597 5.856159 6.205611 7.117455 7.481854 7.771712 7.971264 8.688152 8.835085 8.983911 9.213258 9.215453 10.01965 10.71865 10.35221 
  4.532099 2.927435 3.655833 4.886082 4.54862 4.17979 4.748367 5.147213 5.643552 6.247729 6.296033 7.117455 7.777284 7.553134 8.368236 9.249939 8.883003 9.197103 9.300937 10.4325 10.32887 10.43569 10.0692 
  3.700293 2.874209 4.079105 4.886082 5.091324 3.872346 4.271321 5.480184 6.241494 5.84219 7.01994 6.600688 6.374457 7.706139 8.017971 8.305427 9.196555 9.235733 9.542673 10.08334 10.31068 10.46399 10.61168 
  5.270511 4.258084 3.920378 4.425841 4.901969 4.651202 4.500303 5.555979 5.971318 6.501804 7.322141 7.191278 7.381182 6.80997 8.076355 8.519617 8.98752 9.081209 9.096353 9.973608 9.857538 10.18698 10.73867 
  4.558931 3.087113 3.655833 4.716519 4.513285 4.241278 4.906793 6.162338 6.009915 6.163476 6.86884 7.400589 7.891502 8.621676 8.517086 8.316713 8.825501 9.119841 8.726153 10.06339 10.16517 10.42154 10.39811 
  5.092044 3.672599 3.920378 4.256279 4.1246 3.441926 4.633876 5.390538 5.578328 5.995849 6.597441 7.459105 7.542258 7.574992 7.726053 8.519617 9.092038 9.544783 9.413989 9.943681 10.20155 10.29421 10.4593 
  4.156444 3.273404 4.555285 4.861858 5.148554 4.487233 4.233158 5.057567 5.52941 6.247729 7.120674 7.191278 8.17705 7.990289 8.318619 8.305427 8.55716 9.081209 9.371095 9.823971 10.18336 10.29421 10.73867 
  4.827255 2.874209 3.841015 4.886082 4.778297 5.084464 4.805613 5.326505 6.550266 6.54415 7.120674 7.985745 8.17705 8.369122 8.368236 8.688152 8.883003 8.948063 9.478332 9.674978 10.21974 10.53473 10.29867 
  4.075947 3.113726 4.264286 5.413805 4.919637 3.728873 4.824695 6.200235 6.202898 5.98188 6.386456 6.803703 7.522123 7.531276 8.368236 8.575795 8.883003 9.46752 9.607015 9.543685 9.690849 10.18698 10.29102 
  4.612596 2.79437 4.793375 5.413805 5.034095 4.569218 4.947843 5.313698 5.284821 5.311369 6.969573 8.102777 8.519706 9.063648 8.715553 10.1488 10.6598 8.958305 9.413989 9.428803 9.803768 10.49228 10.45165 
  11.21941 11.06115 9.867691 10.42718 10.47088 9.825649 8.888579 8.928854 8.4029 9.677742 11.45221 13.31067 13.88799 14.3673 12.58567 13.18244 14.84049 14.02599 10.72227 9.973608 10.54715 10.69035 11.37362 
  14.06356 13.71281 13.30339 14.11789 14.26579 12.38035 10.07901 10.33106 10.6801 11.37158 13.59735 15.39 14.97307 15.63008 13.62762 14.41838 16.18443 15.63024 12.65199 11.56026 12.29336 11.9778 14.31055 
  15.49344 16.75095 16.16174 17.5861 17.42878 15.40147 14.40992 14.1935 14.35513 15.10578 17.4478 19.01163 18.15659 17.74986 14.59839 16.83237 17.67695 15.72461 13.34835 11.83982 12.29336 14.4172 15.89718 
  15.76842 16.90285 16.09678 18.05904 17.78022 15.34447 14.27243 14.1935 14.47182 15.16191 17.24863 19.47396 18.08738 17.645 14.52073 16.79772 17.98311 16.38519 13.11623 11.28069 12.4291 13.73236 15.3826 
  15.82342 16.90285 16.22671 18.13786 17.6045 15.17346 14.13494 14.1935 14.35513 14.99352 17.11586 19.62808 18.64104 18.27418 15.45268 16.41658 17.63868 15.72461 12.97696 12.53875 13.15299 13.73236 15.25395 
  15.82342 16.85222 16.29167 18.21669 17.42878 14.94546 13.85996 14.07088 14.23843 14.99352 17.18225 19.55102 18.71024 18.7985 15.99632 15.7236 17.25599 15.53587 12.83769 12.67853 13.74115 13.86933 15.51124 
  15.76842 16.75095 16.42159 18.29551 17.25306 14.83145 13.72247 13.88696 14.18008 14.88125 16.85031 19.55102 18.77945 18.90336 16.30697 15.82755 17.33252 15.77179 13.39478 12.74843 13.42445 13.59539 15.46836 
  15.76842 16.70031 16.68144 18.29551 17.07734 14.83145 13.79122 13.82565 14.18008 14.71286 16.58476 19.62808 18.91786 18.90336 16.15164 16.45123 17.37079 15.81898 13.99829 12.53875 13.7864 14.07478 15.59701 
  15.87841 16.70031 17.00626 18.29551 16.81375 14.83145 13.85996 13.94827 14.12173 14.88125 16.65115 19.47396 19.33311 19.27038 16.38463 15.65431 17.06463 16.29082 13.71975 12.81832 14.05786 14.07478 15.42548 
  15.93341 16.75095 17.20115 18.13786 16.46231 14.66044 13.72247 14.00958 14.12173 14.65673 16.25283 19.2428 19.12548 18.85093 15.99632 16.52053 17.56214 16.14927 13.20908 12.11939 13.46969 14.75962 16.41176 
  15.93341 16.5484 17.13618 17.90139 16.19872 14.43244 13.37875 13.82565 14.00504 14.6006 16.18644 19.08869 18.84866 18.85093 16.07398 16.34728 17.52387 16.29082 12.79126 11.83982 13.46969 14.34872 15.89718 
  15.82342 16.34586 17.00626 17.66492 15.84728 14.09042 13.10377 13.4578 13.7133 14.20768 15.65535 18.93457 18.98707 18.74606 15.68567 16.48588 17.14117 15.53587 13.48763 10.93128 12.97202 14.62265 15.59701 
  15.60343 16.14332 17.07122 17.5861 15.49584 13.80541 12.6913 13.15126 13.42156 13.87089 15.25702 18.70341 18.91786 18.95579 16.07398 16.69377 17.29425 15.77179 13.6269 11.56026 13.51494 14.55417 15.46836 
  15.54844 16.19396 17.26611 17.5861 15.23225 13.6344 12.62256 12.96733 13.30486 13.81476 15.12425 18.85752 19.2639 19.37524 16.53996 16.52053 16.33751 14.96967 12.88411 11.49036 13.60542 13.86933 15.29683 
  15.60343 16.34586 17.39603 17.42846 15.14439 13.5204 12.55381 12.96733 13.42156 13.87089 14.8587 18.5493 19.12548 19.06065 16.53996 16.48588 16.87329 14.63938 12.14132 11.42047 12.33861 13.5269 14.86802 
  15.54844 16.14332 17.13618 17.11316 14.79295 13.29239 12.41632 12.53817 12.72138 13.42184 14.52677 18.0099 18.50262 17.90716 16.22931 16.13939 16.79675 15.06403 12.55914 11.07101 12.47434 13.25296 14.56784 
  15.16347 15.58633 16.81137 16.95552 14.0022 12.49436 11.66013 11.86378 12.13789 12.63601 13.53096 17.39346 17.81055 17.645 15.99632 16.38193 17.75349 16.99858 14.88035 12.67853 13.28872 14.14326 15.55412 
  14.7235 15.48506 16.94129 16.64023 13.29931 11.81033 11.04143 11.37331 11.55441 11.85017 12.61065 16.31467 16.56483 16.07205 14.83138 16.31264 16.79675 15.11122 12.0949 10.69187 11.38388 12.02024 13.30384 
  14.7235 15.73824 16.74641 16.08847 13.47504 11.86733 11.17892 11.43462 11.61276 11.79404 12.40918 14.92767 14.63041 14.99869 14.32226 16.13939 15.84 13.21474 10.72227 10.11327 11.6931 11.90706 12.97367 
  14.00856 14.32044 15.25227 14.43318 11.55823 9.329479 8.80648 7.678237 8.171321 9.508358 12.10698 14.42246 14.28775 14.68299 13.47877 14.41838 13.63854 11.20592 10.07885 10.56218 11.14741 11.86462 12.6689 
  12.46868 13.91535 13.88805 12.40615 9.784124 7.565317 7.123458 6.692903 7.322197 8.0686 11.25074 13.89582 13.14557 14.17789 12.58567 13.5757 12.69788 9.235733 9.223001 9.642155 10.61991 11.04405 11.62759 
  6.876715 9.072411 8.480197 8.25032 5.549159 5.139594 5.809879 5.783363 5.235903 6.12157 6.657722 7.062087 7.220106 8.684815 8.715553 8.124842 8.854253 9.390258 9.008675 9.716007 10.29249 10.42154 10.99265 
  5.211022 6.78904 6.365921 6.601184 4.813632 4.974204 4.947843 6.162338 6.164301 6.009818 6.728051 7.172822 7.720174 8.369122 8.467469 8.688152 8.748833 9.46752 9.649909 10.02349 10.23793 10.32251 10.68788 
  4.451601 4.098406 4.740467 4.952047 4.283607 3.605896 3.889685 4.980727 5.333739 6.840571 7.120674 6.656056 6.998627 8.179706 8.169768 8.079696 9.092038 9.506151 9.714251 9.53548 9.766129 9.814485 10.4287 
  3.405136 3.113726 4.528831 4.353172 5.606388 4.651202 4.214076 5.631773 5.894125 5.856159 6.17547 6.102378 6.837551 7.487561 8.417852 8.80051 8.442158 9.235733 9.649909 9.734188 9.755374 10.47814 10.09979 
  9.018319 10.91384 11.71768 12.8679 12.24498 12.77937 13.03503 13.21256 13.53825 12.9728 13.26541 14.5395 14.40197 16.4915 16.38463 15.20488 13.6908 12.36485 11.75174 12.9581 12.70056 14.21175 13.71021 
  8.542407 11.06115 10.9909 13.32966 13.21145 13.12138 13.31 13.70303 13.42156 12.8044 14.06206 15.39 15.94196 17.74986 19.18049 17.83719 15.57211 15.1584 14.74108 15.19466 14.69127 16.1978 15.51124 
  6.936203 8.556811 9.27305 9.305768 9.097374 8.502528 9.832714 10.14157 10.79589 11.62565 14.32761 14.77356 16.42641 17.54013 19.41348 17.38675 15.64865 15.44151 15.01963 15.40434 15.1437 16.33477 15.94006 
  9.613209 10.69287 10.19805 10.69104 9.440749 9.605129 8.724382 9.573111 10.48711 10.99046 13.8629 13.66176 15.45751 16.54393 17.0836 16.24334 14.73597 13.71694 13.16265 13.65703 13.65067 14.75962 14.56784 
  9.018319 10.54555 9.471264 9.701561 9.784124 8.667918 8.108642 9.042546 8.441497 10.1012 11.95588 11.78926 13.83088 14.55672 14.17341 13.74423 12.33207 11.63086 10.01451 11.00112 10.72905 11.18552 11.01805 
  7.650072 7.746583 7.819486 8.712079 8.925686 8.998699 9.750615 9.421521 7.939742 9.254284 10.99891 10.67746 11.14674 11.08409 10.45214 11.55326 10.13721 9.351626 9.349648 9.744164 10.36525 10.23762 10.81487 
  8.304451 9.293383 8.215912 8.052423 7.666642 8.006357 9.46327 9.042546 7.322197 9.889471 11.04928 10.32637 10.80408 10.26328 9.906359 10.37351 9.7714 9.081209 9.145063 9.923729 9.965079 10.36495 10.43635 
  7.412116 8.556811 7.753414 7.590666 7.895559 8.061487 8.395987 8.663571 8.171321 9.677742 10.34414 9.858246 9.890331 8.621676 8.041325 8.519617 8.935262 9.065846 9.456883 9.387774 9.728489 10.28007 10.48469 
  8.007006 7.30464 6.101636 6.79908 6.407598 6.958886 7.328704 7.602442 7.360794 8.407367 9.336809 8.687933 9.205018 7.946574 8.61632 8.969046 9.039779 9.428889 9.971619 10.223 10.34706 9.985831 10.0386 
  7.412116 6.052468 6.29985 6.007494 5.205783 5.690895 5.933027 6.768698 6.666056 7.729834 8.379842 8.687933 9.205018 8.558537 8.715553 8.856688 9.196555 8.835402 9.478332 10.15317 10.34706 10.7045 10.68788 
  7.352627 6.568069 6.431992 5.941529 6.006993 5.966545 6.466668 6.655005 6.357284 6.205383 7.523607 9.448636 9.490565 9.000509 8.814788 9.306118 9.562366 8.989031 9.456883 9.272894 10.23793 10.69035 11.24663 
  7.293138 6.568069 6.233778 5.215909 5.034095 5.249854 4.805613 4.660563 5.350045 6.586496 6.336221 7.22819 8.748143 8.242845 8.076355 8.452151 9.457849 9.428889 9.330163 9.469832 9.701604 9.941133 10.444 
  6.638759 7.378297 7.356988 5.611702 6.808203 6.352456 5.850928 5.934953 6.51167 6.713533 8.027275 8.219808 7.891502 8.495399 8.467469 8.688152 8.935262 9.040241 9.993066 10.00354 9.983269 10.36495 10.89106 
  4.973066 6.862697 6.828419 5.479771 5.49193 6.076805 5.974076 5.934953 7.39939 6.177445 7.070307 8.804964 8.234159 8.369122 8.715553 8.519617 8.729666 9.506151 10.12175 10.34271 10.76543 10.07523 10.51009 
  4.854088 6.641726 6.696276 5.677667 5.377471 5.580635 5.481484 4.827048 5.839223 6.205383 6.728051 8.395355 8.519706 8.116567 8.029648 8.631974 8.98752 9.119841 9.671356 9.963632 10.40163 10.14228 10.61168 
  5.270511 6.27344 6.101636 5.413805 5.205783 5.304984 5.440434 6.389723 6.125705 6.374767 7.876174 8.161292 8.633924 8.053428 8.417852 8.575795 8.935262 9.428889 8.882027 9.774092 9.825275 10.22347 10.91646 
  4.317439 4.800297 5.506996 5.809598 5.148554 4.241278 4.865744 5.897056 6.588863 6.882916 7.070307 7.576136 8.291268 8.179706 7.726053 8.80051 8.935262 8.820039 9.193774 9.794044 10.52896 10.50643 10.56089 
  4.532099 5.168583 5.242711 3.335799 4.513285 4.466737 4.46214 5.45457 5.932722 5.898066 7.070307 8.278323 7.948612 8.305983 8.765171 9.081403 9.457849 8.83028 9.735699 10.16315 10.05603 10.05288 10.40575 
  4.693093 4.947611 5.308783 3.868709 4.866634 4.919074 5.481484 5.669671 5.52941 6.671187 7.171041 7.634652 8.405487 7.881001 8.029648 8.519617 8.935262 9.390258 9.585567 9.853898 10.40163 10.69035 10.89106 
  5.33 4.579326 5.440925 5.018013 4.424948 4.569218 4.538467 4.993534 5.52941 6.459458 6.677816 8.453871 8.348377 7.946574 8.053001 8.418292 8.87342 9.583413 9.252227 9.453422 9.884423 10.43569 9.969761 
  4.746758 4.652983 5.374854 4.789189 4.813632 4.753684 5.029942 5.555979 5.855529 5.856159 7.070307 8.453871 7.340913 6.591393 8.368236 9.137582 8.98752 9.050484 8.979448 9.724213 10.18336 10.16463 10.16864 
  5.270511 4.284697 4.846284 5.083978 5.205783 5.360114 4.786531 5.00634 6.241494 6.586496 6.476878 7.043631 7.542258 7.618708 7.784437 8.361859 9.144297 9.235733 9.232742 9.199041 10.18336 10.52058 10.51009 
  5.567956 4.873954 5.242711 5.545736 5.949764 5.580635 4.947843 5.593876 6.550266 6.713533 6.86884 7.265102 7.220106 7.006691 8.169768 8.090982 8.413406 9.070967 9.392542 9.833946 10.07422 10.12738 10.4593 
  5.389489 5.463211 3.841015 5.018013 5.263012 5.746025 4.906793 5.121599 6.588863 6.417112 6.738098 7.135911 7.582527 8.179706 8.219385 8.192561 8.935262 9.158471 9.213258 9.794044 10.07422 10.33666 10.58629 
  5.686934 5.610526 4.846284 4.764966 3.788918 4.692195 5.850928 5.707569 6.704653 7.0523 7.372507 7.634652 8.17705 8.369122 8.417852 8.856688 9.092038 9.351626 9.184031 9.833946 9.825275 10.69035 10.81487 
  5.092044 4.947611 5.308783 5.479771 5.091324 5.249854 3.603457 5.134406 5.932722 6.290075 6.969573 7.517621 7.602662 8.558537 7.982941 8.463438 9.457849 8.942943 9.521226 9.724213 10.38344 10.49228 10.51009 
  5.211022 3.140339 3.708742 4.837636 5.091324 5.249854 5.070991 4.763015 5.398963 6.332421 7.120674 7.283558 7.720174 8.116567 8.467469 8.463438 8.935262 8.948063 9.585567 10.21303 9.983269 10.64791 10.89106 
  4.478434 3.459695 4.978426 4.619627 3.859588 3.605896 4.576631 5.859159 5.643552 6.501804 6.607488 7.693167 7.199972 7.79357 7.936234 8.688152 8.87342 8.83028 9.435436 9.707801 9.793014 9.732536 10.12274 
  5.389489 3.885502 4.661103 5.149943 5.205783 5.415245 4.099585 4.903888 5.496799 6.205383 6.808426 7.459105 8.348377 8.053428 8.61632 8.361859 9.144297 9.274364 9.413989 10.09332 10.41982 10.11993 10.39046 
  5.865401 6.199783 5.903422 5.875564 5.720847 6.076805 5.399385 5.859159 4.811949 5.688531 6.376409 7.246646 7.542258 8.053428 7.422459 7.741099 8.509243 9.622045 9.778593 9.716007 10.07422 10.20933 10.56089 
  5.984379 6.199783 5.110569 4.952047 4.40728 4.487233 5.604632 5.593876 6.588863 6.093632 6.486925 7.283558 7.582527 8.116567 8.467469 9.137582 9.196555 9.009516 9.320421 9.313923 9.637079 10.10503 10.36751 
  5.092044 5.094925 5.17664 5.149943 4.742962 5.360114 5.15309 5.518081 6.125705 6.1076 6.718004 7.135911 7.663065 7.990289 8.169768 8.124842 8.605079 8.9327 9.499779 9.560097 9.809145 10.04543 10.56089 ]
