 [
  4.877844 4.518165 4.449704 3.498005 4.882342 5.279566 5.295704 4.894327 6.392621 6.741836 5.691739 7.224675 7.89241 8.121003 8.355095 8.582568 8.377446 9.204725 9.367524 10.07026 10.16059 9.888702 10.77287 
  4.453932 4.870099 5.112878 4.000297 4.456251 4.427094 4.977307 4.722605 6.003878 6.3805 6.622569 7.052747 7.250004 7.192971 7.607604 8.46457 8.259499 8.958429 9.584453 9.79524 10.26863 10.25323 10.21392 
  4.635608 5.280689 5.07143 5.575576 4.963503 4.616533 5.037007 5.559751 6.54418 6.470834 6.547096 6.758013 6.80835 7.382365 8.388317 8.136452 8.531685 9.358172 9.72369 9.568457 9.78185 10.21169 10.258 
  4.575049 5.749934 5.811625 4.847915 4.1519 3.322038 5.415102 6.481679 6.155056 5.86108 6.723199 6.365034 7.410606 7.609638 8.139153 8.333323 8.413737 8.904887 9.313959 9.865087 10.14859 10.11792 10.51481 
  5.301755 4.811443 4.325359 4.659555 3.746099 4.048218 5.454902 5.237772 6.19825 5.522328 5.968472 7.028186 7.109478 7.401304 8.105931 8.975685 9.274373 9.296794 9.528217 9.521136 10.14859 10.09708 10.12576 
  4.938402 4.635477 4.491153 4.910701 4.618572 4.206083 5.771435 5.538285 5.679925 6.448251 6.848987 6.635207 7.89241 7.325547 7.939822 8.897061 9.026253 9.235415 9.880332 9.969856 10.32866 10.1596 10.2643 
  4.696167 3.63833 4.076669 4.533982 4.902633 5.342712 5.514602 5.15191 6.26304 6.561168 7.150878 7.617654 7.450756 7.55282 8.172375 8.46457 9.150312 9.065515 9.671476 9.996049 9.857761 10.21169 10.23911 
  4.575049 4.283543 3.372046 4.377016 4.253351 4.679679 4.599211 5.066049 5.010424 6.177249 6.874145 6.045738 7.551132 7.780093 8.598219 8.398947 9.212342 9.235415 9.654072 9.751586 9.868606 10.1596 10.18244 
  4.151137 4.04892 2.999011 4.785128 4.780892 4.963836 4.340514 4.701139 5.550344 6.516001 6.748357 7.273798 7.792034 8.213273 8.738153 8.739815 8.531685 9.296794 9.845522 10.10955 10.07656 9.544872 10.16984 
  3.727226 3.403707 4.159565 4.816522 4.983793 4.553387 4.857909 4.722605 5.723119 6.086915 5.666582 6.610646 7.85226 8.359934 8.006266 8.503944 9.150312 9.787825 9.72369 10.4679 10.53273 10.1596 10.62541 
  2.334373 3.462363 4.491153 4.847915 4.983793 4.837544 5.771435 5.838799 6.54418 6.448251 6.521939 7.249237 7.450756 7.855851 7.325218 7.939581 9.274373 9.572998 9.741095 9.705158 10.04055 9.951218 10.37135 
  2.273814 2.641183 3.827979 4.282836 4.801182 4.774398 5.6141 5.860265 5.636732 6.538585 6.848987 6.782574 7.250004 8.433265 7.939822 8.280824 8.840162 8.947721 9.636666 9.552683 9.944517 10.23246 10.57011 
  4.393373 4.283543 3.910875 4.377016 4.577991 4.363948 4.838009 5.430959 5.744716 5.883664 6.220048 7.028186 7.290154 8.213273 8.598219 8.438321 9.398433 9.296794 9.517505 9.799605 9.933673 10.23246 10.62541 
  2.939961 2.993117 3.579288 4.000297 4.841763 4.332376 5.692768 5.967591 6.068668 6.696669 6.92446 7.224675 6.607598 7.950548 8.388317 8.661191 9.212342 9.02268 9.442514 9.41598 9.250471 10.23246 10.33357 
  4.756726 3.755641 4.408256 4.785128 4.720022 4.742825 5.692768 5.409493 6.090265 6.357917 6.848987 6.929941 7.711734 7.647517 8.07271 8.661191 8.902192 9.358172 9.38895 9.426497 9.846917 10.12834 10.35246 
  3.242755 4.987411 3.952324 4.659555 3.88813 5.311139 5.056907 4.658209 5.874297 6.651502 6.19489 6.0703 6.928802 7.514941 8.205597 8.2152 8.450028 9.054806 9.442514 9.494847 9.337227 9.69074 10.07539 
  4.393373 5.163378 4.947085 4.879308 5.59039 4.869117 4.857909 4.701139 5.78791 6.064332 6.622569 7.396604 7.872335 7.685396 7.856768 8.503944 8.631486 9.450241 10.01957 10.19686 9.890295 9.784512 10.57011 
  5.967903 6.043213 4.698395 5.712384 5.226572 4.869117 4.519612 5.989056 6.923079 6.83217 6.169733 6.365034 7.812109 8.359934 8.528252 8.739815 8.540757 9.108349 9.517505 9.636807 9.890295 10.41935 10.55167 
  7.009203 6.732601 5.237224 4.879308 5.499435 5.615983 4.380314 4.701139 5.960684 7.299846 6.974775 7.372043 7.591282 8.007366 7.773713 7.716461 8.822017 9.266104 9.367524 9.773414 10.10057 10.31552 10.71757 
  8.806599 7.238783 5.811625 5.575576 5.863253 4.648106 5.494702 6.481679 6.69574 6.561168 7.276666 7.494848 7.957819 8.799917 9.018022 8.897061 8.586122 9.054806 9.13184 9.720932 10.47271 10.77237 11.43645 
  12.47954 11.45696 9.969477 8.858961 8.773796 7.802153 6.872777 7.00632 7.074638 7.299846 6.798672 8.430079 8.938951 9.239901 8.355095 8.582568 9.088283 9.542309 9.549644 9.55794 9.727628 10.46089 10.62541 
  15.371 15.16896 13.56762 11.3215 11.50243 10.44377 9.940801 10.15416 10.9394 11.70116 11.33626 12.34449 12.60184 12.24645 10.1375 8.044579 8.622414 8.808511 9.238969 10.00914 10.12458 10.33629 10.66227 
  14.82397 15.7595 13.88745 10.84267 11.13861 9.806141 9.626131 9.85437 10.71206 11.70116 11.18863 12.4922 12.9943 12.8331 11.11704 8.582568 9.398433 9.48093 9.601857 9.421238 9.944517 10.20128 10.37765 
  14.90211 14.07223 13.32774 11.3899 10.9567 10.26159 9.704799 9.929318 10.33316 11.36898 11.85293 12.19677 12.20939 12.17312 10.9771 9.211555 9.522492 9.450241 9.741095 9.978587 9.803539 10.08667 10.28319 
  15.83989 16.94059 15.16679 12.96319 12.77579 11.53686 11.04214 11.42829 12.00032 13.36203 12.96009 14.04319 14.30247 14.00639 12.23651 9.447426 9.956703 10.1561 9.793308 10.27107 10.34066 10.33629 10.28949 
  16.15248 17.19369 14.92692 13.23681 13.04865 11.99231 11.43548 11.80304 12.45499 13.94334 13.40296 14.63405 14.69493 14.37304 12.79625 9.997789 10.14279 10.64713 9.601857 9.531651 10.42469 10.39859 10.71757 
  16.34613 17.67995 15.08683 13.57883 13.41247 12.17449 11.75015 12.40262 12.90967 14.4416 13.91963 15.15104 15.47983 15.39967 13.84575 11.96338 10.14279 10.12541 10.124 10.17066 10.55674 10.50242 10.92033 
  16.57317 17.89793 15.16679 13.92085 13.86724 12.9943 12.53682 12.85232 14.12215 15.43812 14.73155 15.7419 16.13392 15.91298 14.47546 13.85034 12.31384 10.95402 9.636666 9.755952 10.68879 11.54071 11.38116 
  16.57317 18.25005 16.22657 14.56308 17.12895 17.00228 15.68351 15.80551 17.3992 18.4864 16.82157 16.55432 16.13392 17.52625 18.14589 18.56774 16.78001 14.50581 9.793308 10.13138 11.46907 13.51312 14.98778 
  16.55314 17.73025 16.46953 15.11347 17.38902 18.06893 17.02394 16.94613 18.41559 19.56883 17.92239 16.84975 16.45344 18.4889 18.73979 19.69003 18.08418 15.60409 11.46415 10.36671 12.01366 13.60086 15.78932 
  16.55314 17.79732 16.51812 15.14683 17.44103 18.28226 17.64948 17.66651 19.14158 19.91676 18.01952 17.33262 16.45344 18.43639 18.73979 19.67101 17.77367 14.27047 12.34317 10.01351 12.07284 13.80558 15.08208 
  16.56649 17.84762 16.55457 15.2469 17.40202 18.36225 17.87289 18.08674 19.64977 20.03273 17.69575 17.45322 16.72793 18.62892 19.03675 19.76612 17.79437 13.83901 12.78981 10.08772 11.83613 13.77633 14.3277 
  16.56649 17.84762 16.60316 15.31362 17.42803 18.44225 18.14097 18.44693 20.01277 19.95542 17.631 17.41302 16.72793 18.59392 19.03675 19.76612 17.85647 13.91745 12.5516 10.71075 11.95449 13.45463 14.3277 
  16.52643 17.86439 16.60316 15.2469 17.41502 18.54892 18.3197 18.68706 20.30316 19.80078 17.59862 17.39292 16.60784 18.43639 19.09614 19.5759 17.77367 13.40754 12.13474 10.30599 11.6586 13.07444 14.18625 
  16.49304 17.86439 16.59101 15.26358 17.45403 18.57558 18.36438 18.92719 20.52096 19.60749 17.50149 17.35272 16.55638 18.4714 19.15553 19.49981 17.69086 13.68211 12.5516 10.56909 12.27996 12.92821 13.33757 
  16.46633 17.91469 16.60316 15.21354 17.50605 18.68225 18.49842 19.16732 20.59356 19.4142 17.37198 17.35272 16.4706 18.43639 19.18522 19.5759 17.83577 14.34892 13.6533 11.07503 12.60543 13.39614 13.29042 
  16.43294 17.89793 16.57886 15.14683 17.49304 18.65558 18.45374 19.28738 20.66616 19.33688 17.17772 17.27232 16.33336 18.20886 19.18522 19.63296 17.83577 13.87823 12.96846 10.69051 12.51667 13.83482 12.72676 
  16.39955 17.89793 16.54242 15.04676 17.42803 18.65558 18.45374 19.28738 20.59356 19.10493 16.9187 17.25222 16.4706 18.15635 19.18522 19.51883 17.73226 13.72133 12.49205 11.27741 12.9309 14.12728 12.48713 
  16.40623 17.88116 16.46953 14.99672 17.38902 18.65558 18.45374 19.34741 20.44836 18.79567 16.88633 17.23212 16.4706 18.13885 19.21492 19.53785 17.77367 13.91745 12.73025 11.13575 13.34514 14.71218 12.86607 
  16.39287 17.84762 16.50597 14.94669 17.337 18.54892 18.36438 19.40745 20.52096 18.87298 16.72444 17.07132 16.19933 17.96382 19.06644 19.34764 17.62876 13.40754 12.52183 10.60956 13.07885 14.39048 12.81893 
  16.35281 17.74702 16.50597 14.86329 17.18096 18.49558 18.27502 19.10728 20.30316 18.79567 16.57682 17.07132 16.19933 17.8413 18.91797 19.27155 17.48385 13.13297 11.77744 10.81194 12.57584 14.15652 12.4687 
  16.33945 17.67995 16.51812 14.86329 17.14195 18.46892 18.27502 18.92719 20.37576 18.79567 16.72444 17.21202 16.26474 17.91131 18.91797 19.17644 17.38034 13.01021 12.40272 10.38694 11.59943 13.10369 12.96037 
  16.35281 17.61288 16.53027 14.82994 16.97291 18.30892 18.09629 18.567 20.15796 18.83432 16.57682 16.84975 16.06851 17.63127 18.62101 19.11938 17.42175 12.94884 12.22407 10.50837 11.89531 13.27916 12.50557 
  16.37952 17.52904 16.59101 14.82994 16.9339 18.30892 18.05161 18.26683 19.79497 19.02761 16.65063 17.07132 16.19933 17.57876 18.56162 19.19546 17.44245 13.10228 12.04542 10.67027 12.25037 13.39614 13.29042 
  16.37952 17.4452 16.65175 14.86329 16.89489 18.25559 17.82821 17.96667 19.64977 19.25957 16.9187 17.19192 16.4706 17.52625 18.50223 19.32862 17.56665 13.28987 12.37295 10.60956 11.83613 12.78666 12.28437 
  16.33277 17.32783 16.59101 14.82994 16.81687 18.06893 17.29203 17.54645 19.14158 19.22091 16.95108 17.27232 16.65931 17.71878 18.20528 19.02427 17.35964 14.23125 12.99823 10.42742 12.10243 13.60086 12.21064 
  16.21258 17.19369 16.48168 14.61312 16.79086 17.80227 16.93458 17.06619 18.56078 19.06627 17.30723 16.99747 16.48775 17.52625 17.93802 18.89111 17.19403 13.25064 12.13474 9.817067 11.39704 12.86972 12.81893 
  16.15248 17.10932 16.45738 14.44633 16.79086 17.6956 16.71118 16.706 18.05259 19.06627 17.53387 17.25222 16.67646 17.63127 17.93802 18.94818 17.25614 13.40754 12.73025 10.69051 11.48107 12.9867 13.80906 
  16.07433 17.24399 16.50597 14.26287 16.89489 17.72227 16.53245 16.40584 17.5444 19.22091 18.27854 17.63412 16.98526 17.73629 17.81924 18.98622 17.25614 12.97953 11.69041 9.904375 10.88085 12.72436 14.42199 
  16.15248 17.29429 16.38449 14.34626 16.9599 17.56227 16.44309 16.3458 16.89101 18.64103 18.7642 17.93561 17.34552 17.7888 17.84893 19.1384 17.27684 13.68211 12.04542 10.23178 11.51066 13.39614 14.89348 
  16.16583 17.02496 15.88642 14.32958 16.68683 17.08228 15.77287 15.62542 16.09242 17.59726 18.37567 17.75471 17.24258 17.56126 17.34411 18.73894 17.11123 14.34892 12.84936 9.410723 12.13202 13.39614 14.0448 
  15.99618 16.51878 15.64655 14.05765 16.50492 16.72901 14.97551 14.95088 15.33462 16.68378 17.92239 17.63412 17.07103 17.23293 17.20418 18.48912 16.78001 13.72133 12.6707 10.13574 11.9249 13.07444 14.0448 
  15.68359 16.43441 15.64655 13.64723 16.50492 16.54683 14.5035 14.50119 14.87994 15.93638 17.92239 17.63412 16.93379 17.37959 16.99428 18.48912 16.65595 14.11357 12.28362 10.30599 11.15695 12.45441 13.99765 
  15.68359 16.6875 15.56659 13.85244 16.59588 16.36465 14.58217 14.57614 14.95572 15.60421 18.21379 18.33761 17.22543 18.08634 17.20418 18.48912 16.78001 14.74116 12.01564 10.26234 11.56984 12.68283 14.46914 
  15.83989 16.51878 15.24675 14.05765 16.32302 15.81811 14.2675 14.35129 14.72838 15.18899 17.50149 18.17681 16.89948 17.8238 17.06424 18.01738 16.3458 13.83901 11.39454 9.755952 11.9249 13.10369 14.65774 
  15.60544 15.92823 15.00688 13.71563 15.77729 14.99829 13.40216 13.45191 14.04637 14.27551 16.28157 17.35272 16.33336 16.93961 16.22464 17.15252 15.41535 11.9054 11.23789 10.91313 10.79682 12.579 13.9505 
  15.13656 15.92823 15.00688 13.1684 15.77729 14.72502 12.85149 12.92727 13.51591 13.77725 15.98633 17.07132 15.87228 16.93961 16.0847 16.99527 15.22926 12.30436 11.32492 11.58098 10.91687 12.18445 13.76191 
  15.29285 16.09696 14.767 13.30521 15.04965 13.90521 12.61549 13.07716 13.66747 13.94334 15.39585 16.55432 15.74147 16.27964 16.01474 16.60216 14.36084 11.56781 10.69835 11.17622 10.16059 11.60301 13.24327 
  15.21471 15.59078 14.36721 12.27915 12.68484 11.62795 10.80614 11.05355 12.30343 13.61116 14.06725 15.00333 15.47983 15.03302 13.35598 12.27787 10.76309 10.86195 10.75056 9.463301 9.803539 10.56471 11.14153 
  15.13656 15.7595 14.20729 11.73192 11.41147 10.71704 9.940801 10.00427 11.16674 12.36551 12.73866 13.89548 14.82574 14.59303 12.51638 11.57026 10.82512 10.95402 10.15881 9.921837 10.29264 10.35706 10.55167 
  14.90211 15.84387 14.20729 11.59512 11.50243 10.53486 9.940801 9.85437 10.5605 11.61812 11.92674 13.89548 15.02197 15.03302 12.93618 11.88475 11.44542 11.3223 10.40247 9.974222 10.00454 10.50242 10.51481 
  14.35508 15.42205 14.04737 12.00554 11.86625 10.99032 10.09813 8.505293 9.120688 10.20637 11.26245 13.30463 14.04084 12.75977 10.83717 9.290178 10.577 10.86195 10.62873 9.594746 9.956521 10.66854 10.93877 
  14.82397 15.25332 14.20729 11.2531 11.13861 10.62595 10.01947 9.104883 9.120688 9.375937 10.74577 13.0092 13.32134 12.39312 11.32694 9.132932 10.20482 10.03334 9.758499 9.777779 9.78185 10.41935 10.82817 
  14.12064 15.33769 13.32774 10.56906 10.50193 9.715051 8.839458 8.355396 8.438671 8.379413 10.15528 12.04906 12.60184 11.80647 10.83717 9.290178 10.32888 10.00265 9.862927 10.67027 10.02855 10.14918 10.51481 
  13.26101 14.91587 13.72754 9.748211 9.68334 8.895237 8.052786 8.954986 9.348027 9.874199 11.18863 12.34449 12.20939 11.73314 11.25697 8.818439 10.08076 9.818514 10.08919 10.13574 10.04055 9.857446 10.0565 
  13.5736 14.24096 13.64758 9.748211 8.409978 7.619972 7.502115 7.905704 7.983994 9.126806 10.89339 11.23664 11.22826 10.70651 10.48733 8.254575 9.460463 9.818514 9.688881 9.869452 10.19661 10.44012 10.86503 
  12.16695 12.46932 12.20832 8.516942 7.22757 7.16452 7.580782 6.856422 7.377757 9.625068 10.52434 11.38435 11.35908 10.11987 9.227922 8.477695 8.902192 9.235415 9.410376 9.803971 9.922829 10.25323 10.37765 
  11.61991 11.03514 10.36927 8.653749 8.137115 8.075424 8.446122 8.055601 9.120688 10.20637 11.18863 11.9752 11.09744 10.1932 9.997561 8.897061 8.902192 9.296794 9.72369 10.10518 10.11258 10.05541 10.71757 
  11.15103 11.45696 9.649643 8.858961 8.682841 8.713057 9.154128 9.554575 9.954265 10.87072 11.6315 12.56606 11.35908 10.1932 10.7672 9.290178 9.646553 8.722842 9.281821 9.536909 10.1846 10.1075 10.57011 
  9.822518 10.95078 10.36927 7.832903 7.773296 8.804147 8.367455 8.430345 8.89335 9.957242 11.6315 11.75363 11.09744 9.973207 10.62727 8.897061 9.708583 8.808511 9.506792 9.790875 10.22062 10.48165 10.23281 
  8.728451 10.19151 8.690138 6.875249 6.863752 7.984334 8.052786 7.755806 8.514451 9.458981 10.52434 10.94121 10.63958 9.386561 9.857627 9.683296 9.336403 9.02268 8.917582 9.90001 10.37667 10.62701 10.69914 
  7.087351 9.347872 8.130427 6.259615 4.841763 7.16452 6.951444 7.456012 9.575367 9.625068 10.37672 10.7935 10.11631 9.533223 9.787661 9.526049 8.341154 8.744259 9.932546 9.904375 9.901139 10.48165 10.7913 
  7.556237 9.685327 9.649643 6.53323 6.863752 7.07343 6.243439 6.40673 8.287112 10.04029 10.52434 10.2765 10.50876 8.579926 9.087989 8.897061 9.336403 9.665067 10.124 9.657839 9.98053 10.44012 10.62541 
  8.415861 8.757327 8.61018 6.122807 6.863752 7.346701 6.951444 7.231166 8.211332 9.625068 10.15528 10.42421 10.0509 8.139942 8.528252 8.280824 8.54983 9.001264 9.775904 9.799605 10.07656 10.39859 10.43432 
  9.197337 10.19151 9.249849 5.712384 6.681843 7.07343 6.243439 7.53096 7.680875 8.960718 9.78623 9.53793 9.069769 8.653256 8.105931 8.503944 8.902192 9.054806 9.601857 9.55794 10.26863 10.01373 10.45951 
  8.962894 10.78205 9.489725 5.643981 6.499934 7.07343 6.400773 7.980652 7.832435 8.877675 9.564798 9.759501 9.265995 8.506595 8.388317 8.661191 9.460463 9.327483 9.619262 10.32623 10.25663 10.75161 10.64384 
  8.650304 9.76969 7.890551 5.575576 6.136117 6.617978 6.636775 6.481679 6.155056 8.213326 9.048123 8.651649 8.023228 7.647517 8.528252 8.333323 9.088283 9.151183 9.72369 10.07899 10.04055 10.23246 10.64384 
  7.087351 9.600963 8.690138 6.122807 5.954207 5.889255 6.243439 6.481679 6.923079 8.213326 8.310016 8.356222 8.219454 8.286603 7.989655 8.136452 8.722215 9.033389 9.217544 9.684128 10.37667 10.60625 11.04936 
  6.149579 8.251145 7.650675 6.122807 6.318026 6.071435 5.415102 5.838799 6.847299 7.548976 7.793341 7.765368 7.611358 7.628578 8.388317 8.975685 8.964222 9.266104 9.346098 10.13574 10.07656 9.982474 10.28319 
  5.907344 5.867246 5.811625 5.712384 5.499435 6.071435 5.6141 6.106936 5.701522 7.050714 8.088584 8.060795 8.219454 8.139942 8.205597 8.739815 8.902192 9.51162 9.897737 9.610518 10.29264 10.68931 10.35246 
  4.453932 4.694132 4.449704 5.444386 4.780892 5.707074 5.474802 6.181884 6.771519 7.715064 7.793341 7.617654 7.832185 7.742214 8.738153 8.975685 8.749434 9.450241 9.056849 9.747221 10.28064 10.25323 10.66227 
  6.028461 6.901328 5.444466 4.690948 5.044663 5.184847 6.243439 6.781474 6.847299 6.967671 7.940962 8.060795 8.023228 7.931608 7.873379 8.372697 8.794798 8.690717 8.864017 9.657839 9.890295 10.00331 10.80974 
  7.087351 7.829328 5.891583 5.507173 4.922923 5.433803 5.474802 6.931371 6.32783 6.945087 7.571908 7.691511 8.088636 7.761154 8.27204 9.054308 8.812943 9.140474 9.584453 9.751586 9.868606 10.27399 10.39024 
  6.46217 6.563874 4.656946 5.849192 4.557702 4.553387 5.076806 5.903195 5.895894 7.216802 7.424287 7.32292 7.571207 8.286603 8.738153 8.385822 8.622414 9.001264 9.567048 9.886913 9.78185 10.06583 10.43432 
  6.028461 7.323146 6.771129 6.054403 5.954207 5.889255 4.977307 6.106936 6.090265 7.133758 7.150878 7.986938 8.154045 6.927819 7.923211 8.175826 8.495393 9.235415 9.601857 9.908741 9.868606 10.62701 10.66227 
  6.696612 6.395147 6.051501 4.722342 4.598282 5.707074 5.534501 7.00632 6.54418 7.382889 7.571908 8.282365 7.89241 7.988427 8.371706 9.447426 8.902192 9.388862 9.671476 10.09209 10.22062 10.64778 11.12309 
  6.540317 7.154419 5.731666 5.381599 4.375091 3.637769 5.6141 6.031987 6.392621 6.199832 6.471623 7.986938 8.088636 8.139942 7.889989 8.359572 8.658705 8.722842 9.528217 9.72619 9.901139 10.35706 10.80974 
  6.46217 5.80859 5.651707 6.328019 6.045162 5.615983 5.771435 5.237772 5.636732 7.382889 7.71953 7.543971 7.591282 7.89373 8.878087 8.582568 8.595195 9.572998 9.399663 9.803971 9.933673 10.60625 10.86503 
  6.618465 6.277835 4.408256 4.879308 5.499435 5.058555 4.977307 5.345098 5.399167 6.674086 7.276666 7.347481 7.209854 8.139942 8.598219 7.663962 8.577049 8.519381 9.474653 9.904375 9.87945 10.21169 10.51481 ]
