 [
  6.025333 5.42696 4.814467 5.238914 5.475697 5.449862 5.383799 5.675657 5.717285 6.241532 6.98021 7.814556 7.745459 8.10715 8.405376 8.734945 8.636187 9.45887 9.315131 9.571961 10.13507 10.26336 10.55192 
  5.765067 4.218484 4.131668 4.313144 3.337097 5.933197 6.036737 5.598076 6.81672 6.007622 7.153288 9.175095 8.735192 8.10715 8.857921 8.703462 9.298557 9.487791 9.545487 9.801019 11.05094 11.07104 11.2567 
  4.463734 3.596781 2.958055 3.408993 3.522429 4.805416 4.824138 5.481706 5.502 6.569006 6.460976 6.715939 6.891525 7.862307 7.435384 8.376628 9.20152 8.812473 9.749676 9.571961 10.03533 9.828635 10.2801 
  3.939034 3.404673 3.546411 3.626924 3.308584 3.773735 4.369255 5.248965 5.244157 6.288314 6.2757 6.115232 7.29558 8.10715 7.899398 7.959036 8.9751 8.846973 9.307188 9.56402 9.602736 10.24867 10.45668 
  2.810928 3.579317 3.643953 3.757682 3.978631 4.751712 4.782784 5.086273 5.913612 5.644498 6.749439 6.350291 6.727007 8.156118 8.254528 8.703462 8.45181 9.073253 9.853249 9.638089 9.760089 10.09832 10.49477 
  3.466804 3.369744 2.89719 4.12799 4.192483 4.912823 4.348578 5.072506 6.10994 6.007622 6.634054 7.081958 7.115868 7.813338 8.329952 8.458509 8.615701 9.188938 9.413099 9.853861 9.860223 10.2193 10.62811 
  2.889633 3.614245 3.404394 4.220567 3.950118 4.698008 4.964053 4.797171 5.077806 6.147968 6.98021 7.448257 7.175692 8.156118 7.935092 8.442133 8.9751 8.726223 9.428986 9.752581 9.917442 10.16056 10.59002 
  3.807858 3.579317 3.12036 3.474372 4.121194 4.644304 4.870776 4.604435 5.061171 6.381878 6.691747 7.02963 7.475532 7.697924 7.471078 8.483073 9.007445 9.362465 9.595796 9.620475 9.860223 10.18993 10.19774 
  4.463734 3.160172 3.282665 3.942836 3.251559 4.55231 4.720755 5.210175 5.992144 6.335096 5.850657 6.389467 7.250592 7.479468 8.216816 8.60901 8.643016 8.984972 9.524305 10.04762 9.989986 10.3221 10.15244 
  4.253854 3.090314 2.633445 3.561545 4.106937 4.220458 3.935049 5.168874 5.638754 5.932861 6.439178 6.611467 7.070999 7.435777 7.94699 8.040917 8.526926 8.915973 9.134753 9.809826 9.717175 10.04127 10.51382 
  4.463734 3.125243 2.674021 3.605131 4.406353 5.342454 4.762108 4.563135 5.913612 6.19475 7.037903 7.65757 8.105362 7.764369 7.851807 8.016353 8.649845 9.082893 9.410451 9.695334 10.16228 9.927176 10.34188 
  3.283158 2.496525 3.546411 3.850259 4.7628 4.5906 4.183167 4.934839 5.144347 6.054404 7.268674 6.663703 6.936393 7.374609 8.018376 8.065481 9.104483 9.179297 9.346905 10.1489 10.18948 10.55706 10.20186 
  4.437499 3.422137 2.694309 4.405721 3.280072 4.309803 4.964053 4.508068 5.368919 5.719259 6.112222 6.493938 7.745459 7.813338 7.816114 8.514557 9.330903 9.535993 9.622272 10.0256 9.980918 10.43958 10.37482 
  7.673688 7.94462 6.96041 8.664263 8.184702 8.618391 7.808998 7.188474 7.523499 7.177173 7.441752 7.552914 7.610496 8.44993 9.121905 9.364626 9.330903 9.256421 9.956821 10.27125 10.45245 10.513 10.57097 
  13.05253 13.28206 14.08104 15.05207 14.53915 14.02427 13.38264 12.60954 12.40247 12.56874 12.86487 13.30904 15.53313 14.49942 15.79582 15.73913 14.79204 14.17827 12.90864 12.81358 13.35294 13.52721 13.1431 
  12.87902 13.38277 14.47121 15.60754 14.80664 13.60759 12.9296 12.43567 11.91814 13.02715 13.4418 15.1936 17.7244 16.15073 17.35338 15.95784 15.12001 14.37279 12.39078 12.18999 12.7391 12.83684 12.90315 
  12.96578 12.07358 11.25229 12.27477 11.53531 10.92766 10.79386 10.17532 9.918696 12.22493 12.34563 14.8041 14.70196 12.80814 13.3179 12.41858 11.75683 11.19569 10.73362 11.37453 11.367 11.07104 11.59957 
  14.61413 15.59831 15.73926 14.21888 11.6066 10.65914 9.721174 10.61 11.4338 13.14176 14.6283 14.8041 12.96405 12.31845 11.53548 11.41109 10.1072 9.834846 9.956821 10.04762 10.31643 10.27804 10.85669 
  15.22142 16.62903 17.28809 15.89244 13.46918 12.59567 12.67073 12.87035 13.85548 13.71477 13.84564 11.73919 11.43446 12.75917 10.74352 10.27766 10.07485 9.372106 9.905035 9.206661 9.731479 10.41021 11.04717 
  15.63555 16.50466 17.75335 16.50972 14.58373 13.72664 13.77096 14.69602 16.64042 16.80906 15.17615 11.9485 11.34449 13.29782 12.25201 12.04077 11.5951 9.053972 8.72522 9.468724 9.980918 11.0123 12.24721 
  15.76978 17.14425 17.98598 17.50688 14.67289 14.32189 14.224 15.21764 17.24584 17.49668 15.95881 12.52411 11.88434 13.98339 12.89311 12.67707 12.50078 9.516712 9.383973 9.739369 10.16228 11.81998 13.1431 
  15.91742 17.23308 18.49777 18.0292 15.02955 14.61952 14.5476 15.47846 17.60909 17.84049 16.35013 12.73343 11.6594 14.1898 13.53029 13.00514 12.82424 10.01801 8.617448 9.548138 10.76983 12.04026 13.57939 
  16.05164 17.39298 18.82345 18.40907 15.43079 14.85762 14.74175 15.65233 18.09343 18.52811 17.13278 13.57068 11.88434 14.43062 14.09667 13.33322 13.00644 9.738441 9.296411 9.655703 11.0328 12.04026 13.55758 
  16.23956 17.55287 18.96303 18.599 15.78744 15.09572 14.80647 15.65233 18.21452 19.10112 17.91544 14.47952 12.64914 14.84344 14.66306 14.09874 13.69882 10.28794 10.06039 10.22329 11.61976 13.12892 14.19019 
  16.34693 17.58841 18.96303 18.599 16.01035 15.21477 14.87119 15.39152 17.73018 19.21572 18.77635 15.5831 13.41742 15.6347 15.79582 15.02829 14.64628 10.67698 9.956821 10.0344 11.72808 12.67752 13.57939 
  16.41405 17.62394 18.86998 18.50403 16.05494 15.15524 14.61231 14.78296 16.51934 18.4135 18.61982 16.62177 13.94635 15.49709 16.00822 14.75489 14.09967 10.28794 9.44752 9.571961 11.07814 12.01089 13.99386 
  16.41405 17.58841 18.7304 18.3141 15.87661 14.79809 14.28872 14.34828 15.18741 17.26747 18.69809 17.66044 13.87078 14.91225 15.58343 14.42681 14.09967 11.06601 9.362791 9.862668 11.29479 12.09336 13.92842 
  16.36036 17.55287 18.59082 18.12416 15.60911 14.55999 14.02984 14.00053 14.58199 16.69445 18.2285 17.46569 14.77752 14.98105 16.14981 14.70021 14.02678 11.19569 9.333666 10.70297 12.12527 12.75718 13.31762 
  16.27982 17.49957 18.45124 17.98171 15.25246 14.20284 13.64152 13.56585 14.09765 15.54842 17.44584 17.59553 15.98649 14.74024 16.07901 14.70021 13.80814 11.3902 9.853249 10.99078 11.76419 12.49165 12.90315 
  16.17244 17.44628 18.26514 17.79178 14.85122 13.84569 13.2532 13.13116 13.61332 14.8608 16.97625 17.14111 15.60869 15.01546 16.07901 15.08297 14.42763 12.23311 9.646103 11.32656 11.69198 12.01089 12.8377 
  16.06507 17.41074 18.17209 17.55436 14.44998 13.36949 12.73545 12.52261 13.12898 14.51699 16.58493 16.36211 15.60869 14.98105 15.86662 15.13765 14.24543 11.84408 9.312484 11.66234 12.30581 12.27923 12.64722 
  15.97111 17.39298 18.03251 17.26946 14.04874 12.95282 12.21769 11.82712 12.52356 13.60017 15.17615 16.03752 16.06205 14.70583 15.44183 14.80957 13.80814 11.7144 9.749676 12.23796 12.55856 12.51821 12.45674 
  15.91742 17.37521 17.89293 16.79462 13.69209 12.4171 11.63521 11.13162 11.4338 11.99572 14.6283 16.68669 16.66654 14.43062 14.94625 14.09874 13.99034 12.49246 9.801462 12.09406 12.84743 13.02271 12.72341 
  15.91742 17.30415 17.6603 16.27231 13.46918 11.9409 10.98802 10.13653 10.58621 11.71503 15.17615 17.07619 17.34659 14.94665 15.51263 14.70021 14.60984 13.27053 10.06039 12.62171 12.59467 13.65998 13.6012 
  15.94427 17.00212 17.24157 16.31979 13.24627 11.4647 10.37411 8.817661 9.643837 11.99572 15.25442 17.27094 17.7244 15.53149 12.74226 13.71598 13.91746 12.23311 9.905035 12.4778 12.66689 12.67752 13.47032 
  15.94427 16.91329 16.86936 16.08237 12.74724 11.03507 9.254789 8.740081 9.8009 11.48112 13.92391 16.42702 16.59098 14.46502 12.62913 12.45006 13.40729 12.03859 9.431633 11.61437 12.77521 13.71308 13.7539 
  15.82346 16.61126 16.03189 15.32981 12.60466 10.76655 9.208151 8.623711 9.879431 9.656622 12.86487 15.51819 15.60869 13.44473 13.03471 12.8411 13.18865 11.58472 9.606386 12.52577 12.70299 13.20858 14.212 
  15.56844 16.10184 14.95892 13.94115 11.53531 10.55173 10.04764 9.321934 10.31135 9.516275 11.30716 13.83035 15.15532 13.68957 12.96391 12.51303 13.07932 11.90891 9.749676 13.19733 13.02797 12.99616 13.88479 
  14.61413 14.69195 12.81298 12.18219 10.60855 10.1758 9.301428 8.507339 8.701465 8.159595 9.403304 12.73343 14.70196 13.98339 12.10116 11.63147 12.17733 10.80665 9.801462 11.80624 11.65587 12.30578 12.76151 
  13.3128 12.77853 10.37441 9.590033 8.113413 7.92024 7.43589 6.761782 8.465872 7.925686 7.557137 11.37289 12.87408 12.31845 10.06471 10.34063 10.56004 9.410667 9.059313 10.41516 10.34364 11.14446 11.06622 
  12.27173 10.26087 8.521095 7.368185 7.257937 7.705425 7.156059 6.645411 7.680561 7.972467 7.441752 9.384408 10.35476 10.2128 8.895633 9.207206 9.589668 9.70952 9.199416 9.579903 10.27109 10.11907 10.17715 
  10.1896 9.65663 7.643209 6.534992 6.616331 7.812833 8.228744 6.878152 7.719827 7.317519 8.076372 8.913452 9.095095 9.478271 8.254528 8.450321 8.602043 9.2275 9.500476 9.690931 9.817308 9.958293 10.57097 
  9.669065 9.555923 8.32601 7.090454 5.190538 6.953571 7.156059 6.994523 6.89525 7.317519 7.210981 7.500586 7.190649 7.645494 8.631648 8.766429 8.643016 9.391387 9.091644 9.103424 9.001931 9.890871 10.35011 
  9.58231 10.16016 9.886694 9.034571 8.255992 7.060979 5.94346 6.257509 5.352284 5.687219 6.417381 7.3436 6.248409 7.593065 7.851807 8.546041 8.683989 8.631349 9.646103 9.875878 10.18041 10.26336 10.41858 
  10.44987 10.36157 8.521095 7.090454 7.115358 6.738755 5.523714 5.481706 5.952878 6.007622 5.763468 7.081958 6.786832 8.205087 8.707072 9.112754 9.20152 8.786598 8.951541 9.119307 10.22575 10.33678 10.89479 
  8.80151 8.146032 7.350581 5.424068 4.691511 5.127639 5.197245 5.598076 5.027901 6.241532 6.922517 7.238943 7.610496 8.254056 9.046481 8.829397 8.813372 9.535993 9.285634 9.836247 10.23482 10.41021 10.43763 
  7.586933 8.548859 6.667781 5.516645 4.106937 4.309803 4.224519 5.072506 6.031409 6.896481 7.499444 7.762228 7.655483 7.715401 8.367664 8.090046 8.813372 8.855597 9.360144 9.831843 9.674259 10.02053 10.81859 
  8.975021 8.448153 5.009553 5.05376 3.394122 4.360857 4.741432 5.442915 5.638754 6.709352 8.134065 8.913452 8.285314 8.156118 8.820209 8.671977 8.74868 9.150376 9.323074 9.704142 10.57034 12.01089 13.09947 
  6.979644 5.72908 4.326753 3.626924 4.691511 5.288751 4.870776 5.636867 5.992144 6.849699 8.422528 9.384408 8.465265 8.303024 8.857921 8.409381 8.56107 9.111814 9.296411 9.994774 10.70636 12.54476 13.51395 
  6.806133 4.722016 3.242089 3.060304 4.263773 5.396158 5.616991 4.342866 5.094441 5.633819 6.166715 6.650644 6.936393 7.610542 7.67334 8.368441 8.595215 9.160017 9.450168 9.452842 9.659955 10.24867 10.55192 
  4.017738 3.916365 3.643953 3.517959 3.793299 4.5906 5.197245 5.598076 5.717285 5.8047 6.19941 6.311114 7.385556 8.009212 8.329952 8.640493 8.910409 9.053972 9.582557 9.91551 10.18948 10.29273 10.13596 
  4.280088 3.47453 2.79575 3.10389 3.493916 4.322566 4.964053 5.559286 5.560223 6.241532 6.634054 7.448257 7.700471 7.208582 7.304509 8.734945 9.266212 9.082893 9.537544 9.770194 9.845918 10.23398 10.39953 
  2.784693 3.526924 3.643953 3.300028 3.20879 4.169404 4.638049 5.636867 5.252474 5.665859 6.330193 7.02963 7.385556 7.67171 8.10368 8.483073 8.683989 8.596848 9.22097 9.476665 10.12601 9.953107 10.1895 
  3.388098 3.282422 3.424682 3.942836 4.335063 4.966527 5.010692 5.559286 5.678019 5.975582 7.326366 7.186615 7.430544 7.435777 8.329952 8.514557 8.813372 9.188938 9.415747 9.867071 10.34364 10.57174 10.38718 
  4.463734 3.334815 2.24797 2.951339 3.536685 3.799262 3.500842 4.3291 5.086124 5.76198 6.395584 6.833468 6.996218 7.593065 7.578158 8.483073 9.363249 9.410667 9.481941 9.413135 10.05346 10.48363 10.70431 
  3.020808 3.422137 3.839039 3.757682 4.477642 5.288751 5.010692 5.287755 5.560223 6.849699 6.749439 7.65757 7.070999 7.813338 8.065968 8.483073 8.942755 9.449229 9.381326 9.31784 9.917442 10.27804 10.3913 
  3.073278 3.614245 3.201512 3.757682 3.850324 4.258749 4.596696 5.168874 5.185934 6.66257 6.460976 6.141349 7.565507 8.10715 8.254528 8.829397 8.74868 9.198579 9.455463 9.611668 9.903137 10.35147 10.60906 
  4.122679 3.815658 2.633445 3.714096 4.335063 5.181343 4.245196 5.210175 5.75655 5.665859 5.992338 6.036879 7.340568 8.10715 7.56626 8.352064 8.813372 9.111814 9.274857 9.699738 9.803003 9.973852 10.22657 
  4.897511 3.317351 2.329123 3.234649 4.406353 4.169404 5.337161 4.879771 5.43546 6.007622 5.992338 6.232761 7.205605 8.10715 8.29224 8.60901 8.472296 8.501974 9.102422 9.642492 10.47966 9.96348 10.27187 
  6.112089 4.822722 3.546411 4.313144 4.976669 4.360857 4.917415 5.675657 5.343967 6.381878 6.922517 6.089114 6.667182 7.444515 8.782496 9.490561 9.330903 8.993597 9.436929 10.17532 10.22575 9.968666 10.30481 
  6.719378 5.930492 3.643953 4.590875 5.546987 4.751712 3.955725 4.576902 5.460413 5.324096 6.221208 7.448257 7.100911 7.549374 8.141392 8.417568 8.602043 8.631349 9.323074 9.484607 9.559821 10.09314 10.68526 
  5.591556 3.815658 3.343529 2.362927 3.964375 4.258749 3.873019 5.908398 6.424064 5.964901 6.460976 7.134286 7.175692 7.67171 8.329952 8.360252 8.716334 9.198579 9.365439 9.880282 9.935578 10.0309 10.53287 
  8.02071 6.937556 4.716925 4.776029 4.83409 3.786498 5.010692 6.179929 5.75655 5.964901 6.2757 6.924973 7.475532 7.156152 7.863705 8.546041 8.629358 8.933223 9.585204 9.836247 9.760089 10.26336 10.7805 
  8.194221 7.340382 5.399724 5.05376 4.83409 5.288751 5.710268 5.636867 5.952878 6.475442 6.98021 6.311114 7.29558 8.058181 8.707072 8.237431 8.246946 8.855597 9.285634 9.761387 10.24389 10.46895 10.59002 
  7.933955 7.642501 6.082524 3.850259 4.263773 4.912823 5.66363 5.985978 6.149206 6.66257 7.441752 6.872644 7.475532 8.156118 7.792318 8.286559 8.533755 8.812473 9.167085 9.840651 10.23482 9.875312 10.47573 
  7.239911 7.340382 4.91201 4.961183 4.406353 5.127639 4.824138 5.10004 5.443777 5.729939 6.576361 6.559232 6.532577 7.715401 8.216816 8.577525 8.74868 8.872848 9.274857 9.642492 10.28923 10.46895 10.41858 
  6.979644 5.527667 5.107096 4.868606 4.7628 4.194931 4.617373 5.10004 5.717285 5.612458 6.101324 7.3436 7.970398 7.461991 7.649545 8.577525 8.547413 9.150376 9.556079 9.524313 9.874528 10.06721 10.30893 ]
