 [
  4.019753 3.15257 3.960237 5.231767 5.951152 5.575739 5.764698 6.10129 6.909801 6.760445 6.253216 7.00849 7.849847 7.908919 7.994317 8.541915 8.621468 8.886433 9.481371 9.852923 10.21416 10.26137 10.91111 
  4.109989 3.219104 4.625998 5.408655 5.32639 4.641111 4.408125 5.55999 5.638013 6.232154 6.119559 7.635259 8.041545 7.561522 8.422851 8.815027 8.601851 9.282925 9.921815 10.28433 9.921693 10.43566 10.42614 
  1.808957 2.420705 3.693932 5.2981 5.098129 5.094009 4.978034 4.063422 5.506977 6.42426 7.625512 7.804452 7.727441 8.443213 8.586245 9.081199 9.131527 9.394438 9.760087 9.861681 10.34292 10.81022 10.4844 
  3.072269 3.45197 4.587955 5.231767 5.824984 4.903316 5.025527 6.228621 6.643897 6.448273 6.821261 7.408247 7.167867 7.642581 8.224032 8.891324 9.424267 9.717569 9.719655 9.988247 10.11376 10.62294 10.63978 
  4.064871 3.618303 4.816216 3.993551 5.03806 5.237031 4.716826 5.77824 5.157549 6.832484 7.155406 6.875237 6.7307 7.329924 8.154119 8.828032 8.93535 9.406828 10.06333 9.988247 10.12576 10.2788 10.63978 
  4.109989 4.183836 4.093389 4.63477 5.242294 5.403888 4.455618 4.562278 5.288585 6.88051 7.18882 6.646805 7.674981 7.515203 8.422851 9.017907 8.896115 9.510408 9.800519 10.06227 10.14977 10.19165 10.7173 
  5.005613 3.185837 4.625998 5.364433 4.94195 5.213193 4.883049 5.77824 6.599579 6.592352 6.854676 7.522463 7.395194 7.82786 8.313921 8.52891 8.896115 9.295315 9.840951 9.677771 9.945701 10.56943 10.38729 
  3.478333 3.585037 4.340672 5.054879 5.098129 5.022499 5.547943 5.934133 6.402387 6.328207 7.222234 7.917248 7.62252 8.059458 8.204058 8.815027 9.424267 9.458618 9.800519 10.06227 9.933697 10.1045 10.36787 
  4.155107 3.285637 4.98877 5.143323 5.32639 5.284704 5.096765 5.934133 6.402387 6.856497 6.420289 7.446319 7.727441 7.908919 8.19407 8.52891 8.150644 9.13424 9.584274 9.432557 10.37511 9.999925 10.01827 
  5.005613 3.185837 4.664042 5.054879 4.965978 5.332377 5.429212 6.10129 5.834566 6.640378 6.954919 7.274995 8.169344 8.11428 8.586245 8.954616 8.503762 8.613845 9.820735 10.03759 10.05374 10.4008 10.37758 
  6.010146 4.250369 5.375999 5.07699 5.410486 5.117846 6.152742 6.143734 6.205834 6.640378 7.088576 6.304156 7.290274 7.318344 7.994317 8.828032 8.85688 8.638625 9.275564 10.16096 10.14977 10.48917 11.25996 
  5.082885 4.017503 5.221107 5.253878 5.566665 4.736458 5.547943 5.466455 6.096637 6.496299 6.821261 7.578861 7.395194 7.989978 8.144132 9.081199 9.219425 9.183802 9.46079 9.60771 9.993718 10.46242 10.59122 
  4.773798 3.784636 4.226542 5.231767 4.990005 4.212049 4.978034 6.058846 5.987441 6.88051 6.954919 7.465355 8.041545 8.11428 8.804103 9.081199 9.355987 9.097069 9.597995 9.963573 9.873675 10.40952 10.37758 
  3.884398 3.55177 3.731976 5.07699 5.362431 5.070173 4.384379 5.123491 5.72537 6.568339 6.687604 7.804452 8.105444 7.851019 8.422851 8.372846 8.542997 8.836871 9.200101 10.03759 10.21416 10.09579 10.16394 
  4.696527 3.119304 4.017302 5.615656 5.374445 3.997518 5.239243 5.404098 5.375942 5.343667 5.083712 7.236922 7.849847 7.700481 8.263983 8.632953 8.915733 9.369657 9.800519 9.963573 10.37511 10.24394 10.61065 
  5.160157 3.618303 4.892303 5.253878 4.929936 4.998662 5.571689 5.622347 5.987441 6.304194 6.821261 7.635259 7.325247 8.169103 8.004305 8.954616 9.219425 9.270534 9.522532 10.21031 10.4073 10.38337 10.7173 
  4.109989 3.052771 4.98877 5.364433 5.7619 4.807968 5.239243 6.483284 6.555262 7.317963 6.754433 7.578861 7.727441 7.712061 8.104181 9.144489 9.053057 9.369657 9.412768 10.11161 10.34292 10.67645 10.7173 
  3.388097 3.518503 4.835238 5.408655 5.218266 4.045191 4.740572 6.313509 6.00928 6.616365 7.222234 7.217886 7.849847 7.908919 8.244008 8.802022 9.131527 9.458618 9.719655 10.03759 10.05374 10.08707 10.19307 
  3.207624 3.65157 4.302629 5.187545 5.824984 5.733741 4.099425 4.874063 5.572495 6.544326 7.18882 6.627769 7.779901 8.11428 8.263983 8.541915 9.151145 9.196192 9.296144 9.353739 9.381503 9.877918 10.60094 
  3.478333 2.686838 4.64502 5.231767 5.110143 4.784132 5.19175 5.902954 6.249512 6.304194 6.721018 7.522463 7.849847 8.278747 8.804103 8.580931 8.93535 9.097069 9.447069 9.747831 10.18196 10.48917 10.46498 
  4.064871 3.817903 4.702085 5.07699 5.566665 5.786408 5.215496 6.10129 6.776849 6.496299 7.055162 6.91331 6.888081 8.388391 9.076427 8.294813 9.013822 9.406828 9.543113 10.28433 10.56826 10.13936 10.25134 
  4.696527 6.740431 7.776816 8.720672 9.357691 10.4738 10.76076 11.44921 12.22788 12.8408 14.70705 16.36225 17.61902 18.17358 17.75643 17.01784 17.27652 16.98846 16.80811 16.52018 15.74897 15.96522 16.008 
  4.380699 5.766803 6.305347 7.271665 7.969842 9.315123 9.160081 9.836342 10.67677 11.09099 13.2714 15.02742 16.28002 16.89211 16.42587 15.53692 15.84263 15.56986 15.38371 15.14108 14.27029 14.52496 14.63216 
  4.561172 3.884436 4.816216 5.099101 5.602706 5.499235 5.073019 6.610616 6.954118 7.427326 7.452679 8.086442 8.361041 9.594481 9.675538 9.017907 9.013822 9.665779 9.638791 9.9389 9.981713 10.43566 10.98863 
  3.703925 3.485237 4.854259 4.789547 5.350417 5.628407 5.861709 6.355953 6.688214 6.520312 7.222234 7.141742 7.779901 7.75838 7.784577 8.671968 9.287706 9.458618 9.303004 9.476345 10.02973 10.27008 10.60094 
  4.516053 4.316902 4.397737 5.546656 5.650761 5.213193 5.286735 5.15467 7.308657 7.044555 7.51029 6.799093 7.080434 8.662502 9.130891 9.714112 9.765669 9.406828 9.760087 9.809135 10.14977 10.46242 10.79482 
  5.469244 3.385437 5.143661 5.891657 5.506596 5.332377 5.667687 5.341741 6.271352 6.989873 6.219802 6.304156 7.913746 9.539658 10.11125 11.54956 11.7458 10.598 10.02289 10.06227 10.04173 10.43566 11.06615 
  5.005613 3.052771 4.568933 5.320211 5.062088 4.641111 4.645587 5.99649 6.643897 5.583798 6.286631 7.522463 7.797387 7.989978 8.094193 8.891324 9.355987 9.171412 9.419628 9.988247 9.825659 10.36594 10.54267 
  5.855602 5.036582 4.683064 6.650661 6.834329 6.471085 7.898939 10.13345 10.89836 9.067774 9.008179 9.778377 9.31953 10.36199 12.01752 11.67615 11.19956 10.49442 10.42721 10.25965 10.07775 10.6497 10.91111 
  5.160157 4.793175 5.685781 5.615656 6.70816 5.997078 7.074346 9.963674 10.80973 8.411594 8.316846 8.706818 8.936134 9.594481 11.14608 10.66348 10.24363 9.82115 9.840951 9.844166 10.21416 10.86373 11.29872 
  6.241961 6.172482 7.079804 8.651671 9.105354 8.472445 9.208587 11.27943 12.09493 10.81758 10.39085 10.56795 10.59752 11.78737 12.99788 12.11919 11.60924 11.37486 11.15499 11.1479 11.9525 12.1747 11.57004 
  5.005613 6.01021 6.305347 8.099669 8.663766 7.208428 7.898939 10.60033 11.69607 9.778634 9.238624 9.609183 9.639027 10.74575 12.23538 11.04323 10.44847 10.49442 10.64959 10.38302 11.05114 11.45233 10.94987 
  5.469244 5.117718 6.150456 5.891657 6.897413 6.892424 6.977335 8.01126 8.726812 9.505226 9.06579 7.917248 7.482627 8.443213 9.23982 8.954616 9.424267 9.510408 9.820735 9.721559 10.21416 10.3398 10.63007 
  5.469244 5.198853 5.995564 6.719662 7.212833 6.945091 7.074346 7.247272 8.150686 9.669271 8.835346 7.748055 7.430167 8.388391 9.021961 8.891324 8.994204 9.332486 9.303004 9.9389 10.34292 10.40952 10.7173 
  5.855602 4.71204 5.298553 5.822657 6.329657 5.839076 6.346764 6.780391 6.446066 7.974142 7.683123 7.748055 7.849847 8.169103 9.403214 9.840695 9.287706 9.562199 9.543113 10.4077 10.31073 10.40952 10.61065 
  5.701059 5.036582 4.245563 4.988546 5.026046 4.617274 5.619182 6.186178 6.776849 7.427326 7.51029 7.141742 8.424941 8.278747 8.044255 9.081199 9.424267 9.097069 9.364747 9.747831 9.957705 10.43566 10.52325 
  4.470935 4.955447 4.98877 5.032768 5.122156 5.16552 5.168004 5.591169 6.688214 7.974142 7.798346 7.389211 8.233243 8.059458 8.204058 8.684974 9.092292 9.12185 9.611715 9.826651 10.31073 10.33108 10.67854 
  5.005613 5.117718 4.074368 4.236772 5.410486 5.839076 5.910214 5.15467 7.220022 7.810097 8.02879 7.370175 7.913746 8.11428 8.184082 8.437872 9.131527 9.270534 10.10376 10.35835 10.63265 10.51592 10.75606 
  4.651408 6.253617 5.685781 6.029658 5.7619 6.839756 6.443775 6.398396 7.308657 8.302231 8.144012 7.465355 7.977646 8.498035 8.224032 8.580931 9.151145 9.872939 9.618575 10.309 10.06574 10.26137 10.75606 
  4.651408 4.955447 4.740129 6.30566 7.339001 7.103093 6.831819 6.737947 7.175705 8.685002 8.316846 7.027526 7.913746 7.75838 7.764602 8.450877 8.974586 9.562199 9.584274 9.625225 10.11376 10.51592 10.51354 
  5.3147 5.036582 5.995564 7.823667 8.41143 7.419097 8.383993 7.629266 7.397292 8.849047 9.469069 8.706818 7.605034 7.561522 8.858567 9.207781 9.90223 10.13189 9.679223 9.712801 10.21416 10.72996 10.79482 
  4.85107 5.523396 5.375999 8.099669 7.78059 6.997758 9.06307 9.751455 9.125668 10.32545 11.37024 10.39875 8.936134 9.320369 10.11125 11.16982 13.17969 14.11973 13.08277 11.78941 11.53401 11.45233 11.84137 
  6.010146 6.334753 6.305347 7.340665 8.222178 8.893784 9.111576 9.029911 9.746111 10.48949 11.60068 11.63951 11.23651 10.91021 11.41841 13.44831 14.95499 15.82881 14.83587 13.95899 14.04495 13.97101 13.85694 
  4.064871 4.874311 6.460239 8.168669 9.105354 9.262455 9.257092 9.496792 9.613159 10.38013 11.48546 10.90633 10.53362 10.96504 13.54253 16.16984 17.41308 17.87291 16.4794 15.73212 15.1401 15.74364 15.76391 
  4.109989 5.279989 7.467033 7.616666 8.032926 8.683114 9.59663 9.666567 8.904081 9.231818 10.39085 10.22956 10.46972 10.85539 13.37914 16.86604 18.22187 18.14505 16.91768 16.12615 15.92293 16.74074 17.22845 
  4.60629 6.334753 7.776816 7.409665 6.897413 8.630447 9.984674 9.666567 9.08135 9.778634 10.85174 11.35752 11.7477 11.67772 14.03271 15.79009 18.98278 19.23361 16.91768 16.8157 16.70576 17.51627 18.04207 
  5.391972 4.549768 6.692576 6.995663 8.222178 8.209108 8.723532 9.539236 9.879063 11.03631 12.17679 11.41391 11.17261 12.50006 13.59699 15.85338 18.65195 18.75737 16.80811 17.60376 17.66255 17.73785 18.61162 
  4.85107 4.416702 5.685781 8.237669 8.41143 8.314443 9.548124 10.00612 10.14497 10.59886 12.00396 11.6959 11.36431 12.17112 14.3595 16.67617 18.65195 19.16558 17.13681 17.50525 17.83651 18.62416 19.01843 
  5.932874 6.091346 6.150456 7.616666 7.906757 8.683114 10.61524 10.64277 10.54382 10.32545 11.77351 11.6959 11.04481 12.44524 14.46843 17.10634 19.08202 19.30165 17.68466 17.60376 18.18443 19.06732 19.26252 
  4.928342 5.036582 6.227901 8.168669 9.105354 9.683794 10.42122 11.06721 11.03131 11.03631 11.94635 10.90633 11.6199 13.21275 15.2854 17.01784 18.61887 19.50575 17.79422 17.99779 18.27141 19.28889 19.18116 
  4.470935 5.442261 7.544479 8.858672 9.610027 10.26314 10.90628 10.60033 10.27792 10.32545 12.52246 12.03429 12.2589 12.99346 14.63182 17.5931 19.47902 19.09754 18.2325 18.39182 18.61934 19.73205 19.83206 
  3.252742 5.279989 7.776816 9.479675 9.546943 9.999799 11.14881 11.19454 10.94268 12.34867 14.13557 12.65467 11.7477 12.99346 14.46843 16.92934 19.54518 19.0295 18.78034 18.98286 18.96726 19.62126 19.99479 
  4.651408 4.955447 7.234696 9.203674 8.979187 10.57914 11.68237 11.44921 11.5188 11.3644 13.38663 12.71106 12.1311 13.15792 14.74075 17.01784 19.47902 19.0295 19.10905 18.78585 19.31518 20.06442 19.99479 
  5.005613 6.415888 8.628719 8.996673 9.357691 10.10513 11.53685 11.49165 11.38585 12.78612 13.44424 12.71106 12.0033 13.70615 15.57052 17.10634 19.97526 19.70985 19.10905 19.27839 19.14122 19.95363 20.15751 
  6.087417 7.064973 7.69937 8.582671 9.231523 9.683794 11.58535 11.10966 10.63246 12.95016 13.61707 13.38784 12.57839 14.0899 15.47548 17.32759 19.90909 20.32217 18.99948 19.17988 19.48914 20.17521 20.72705 
  4.773798 6.983838 8.318935 8.927672 9.610027 10.3158 10.27571 11.10966 11.78471 11.91121 13.44424 13.27504 13.85638 14.5833 15.23093 17.5046 19.47902 19.98199 18.78034 19.27839 19.75009 20.83994 20.64569 
  4.85107 6.253617 8.861056 9.962677 11.06096 10.73714 11.73087 11.10966 11.82903 13.49698 14.70705 14.00821 13.66468 14.0899 15.23093 17.6816 19.08202 19.77789 19.10905 18.88436 19.75009 20.61836 20.72705 
  5.701059 6.253617 7.776816 11.34268 11.75488 11.89582 12.0612 12.47037 12.79285 13.87975 14.92824 13.50063 13.98418 14.69295 15.47548 17.15059 18.12263 19.36968 18.34207 19.08137 18.7933 19.28889 19.83206 
  6.782863 7.227245 8.628719 11.75669 12.0703 11.73782 11.94454 11.27943 12.0063 12.40335 13.73229 12.93666 13.53688 14.96706 14.79522 16.10655 17.6862 18.6213 17.24638 17.89928 17.74953 17.95942 18.44889 
  11.49644 11.52743 9.558067 11.89469 11.75488 11.15848 11.29432 11.1521 10.32224 11.63781 12.98335 12.42907 12.70619 14.19955 13.4336 15.15718 16.11575 17.39667 15.27414 15.23959 14.96614 15.30048 15.76391 
  15.23167 15.64502 16.13411 17.26245 16.298 14.69762 14.27772 14.55014 15.0527 16.5464 16.47658 15.4088 16.69845 16.89211 16.33083 16.10655 15.77435 13.80899 13.08277 13.07243 12.85386 12.38873 13.62438 
  16.10801 16.35491 17.09714 18.88388 18.38339 16.72523 16.26092 16.2629 16.86058 18.84942 18.79909 17.88776 19.12539 19.45504 18.70683 18.30111 17.89105 15.46628 12.86363 13.46646 14.44426 12.68303 15.13606 
  16.18533 16.45633 17.17418 18.51537 19.59073 17.9418 17.19419 16.99694 17.42555 19.81911 19.79444 18.84121 20.04596 20.41614 19.46714 18.92062 18.3542 16.10401 13.52104 14.64855 15.74897 14.19259 16.90299 
  16.21111 16.48168 17.13566 18.58907 20.35903 19.15836 18.24412 17.60864 17.99051 20.54638 20.67921 19.41328 20.71546 21.05688 19.94234 19.09762 18.71811 16.24008 13.52104 14.74705 15.66199 14.74654 17.39117 
  16.10801 16.53239 17.13566 18.58907 20.6883 19.83423 18.47744 17.97566 18.1035 20.66759 20.7898 19.89 20.96652 21.37724 20.60762 19.36313 18.94969 16.30811 13.41148 14.64855 15.83595 14.96812 16.90299 
  16.08223 16.50703 17.05862 18.51537 20.46879 20.37492 18.24412 18.34268 18.44248 20.91001 21.12159 20.36673 21.13389 21.8044 21.17785 19.71713 19.14819 16.58025 12.9732 14.35302 15.74897 14.63575 16.98436 
  16.08223 16.50703 17.05862 18.22057 20.35903 20.64527 18.36078 18.58736 18.66847 21.27365 21.34278 20.46207 20.96652 21.59082 21.17785 19.36313 18.61887 16.17204 11.82212 13.76198 14.87916 14.19259 16.65891 
  16.03068 16.48168 17.0201 18.14686 20.24927 20.78045 18.71076 19.07672 19.23343 21.51607 21.56397 20.7481 21.13389 21.59082 21.27289 19.71713 18.98278 16.10401 11.82212 13.17094 14.61822 13.97101 16.65891 
  16.00491 16.43097 16.98158 17.99946 20.13951 20.78045 18.94407 19.07672 19.23343 21.51607 21.56397 20.55742 21.13389 21.37724 21.08282 19.58438 19.08202 16.64828 12.20622 13.56497 14.96614 13.77996 16.57754 
  16.00491 16.40562 17.05862 17.92576 20.02976 20.78045 19.17739 19.19906 19.34642 21.39486 21.56397 20.46207 21.30127 21.27045 20.98778 19.67288 19.21436 16.51221 12.02428 13.26944 14.7052 13.97101 15.52367 
  16.05646 16.43097 17.05862 17.85206 20.02976 20.64527 19.06073 19.07672 19.34642 21.03122 21.34278 20.17603 21.13389 21.05688 20.51258 19.62863 19.34669 16.44418 12.12536 13.02308 14.27029 13.53917 15.92664 
  16.10801 16.43097 17.09714 17.92576 20.24927 20.5101 18.71076 18.83204 19.23343 20.7888 21.01099 20.17603 21.05021 21.05688 20.51258 19.49588 19.01586 16.58025 12.00406 12.77635 14.44426 13.86023 15.60119 
  16.08223 16.45633 17.21271 17.99946 20.46879 20.23975 18.36078 18.46502 19.00745 20.7888 20.67921 19.89 20.96652 20.8433 20.41754 19.31888 18.85044 16.24008 11.82212 12.30755 14.17372 13.77996 16.41482 
  16.00491 16.40562 17.25123 18.22057 20.57854 19.42871 18.36078 17.97566 18.78146 20.66759 19.90504 19.12724 20.29702 19.98899 19.65722 18.74362 18.3542 16.03597 11.76147 11.27127 13.14359 13.05759 15.09729 
  15.66984 16.15209 16.78897 17.99946 19.81024 17.9418 17.77749 17.4863 18.55548 19.81911 18.68849 18.1738 19.71121 19.02789 19.08698 17.99135 17.6862 15.67344 11.35715 10.95051 12.46757 12.60277 15.17482 
  15.07702 15.4929 15.98002 16.45174 17.17606 15.23832 15.67763 16.01822 17.53854 17.87973 16.0342 16.74363 18.03745 16.57174 17.18619 16.04326 15.91091 13.80899 11.61996 11.54268 12.43537 12.60277 13.7019 
  14.58731 14.93513 15.28663 15.05141 14.87115 14.15693 12.99447 14.67248 16.40861 16.66761 14.70705 15.59949 16.61477 15.0767 15.85564 14.65084 14.5453 12.35887 11.07413 11.49333 11.98469 11.37207 12.50031 
  14.35549 14.52945 14.97846 14.2407 13.77357 13.34589 12.99447 13.81611 15.61766 15.69792 14.42362 14.74139 16.11264 14.47366 15.2854 14.01793 13.93078 11.99634 10.64959 11.04921 11.53401 11.96066 12.03518 
  14.43276 14.52945 15.09403 14.75661 13.99309 13.48106 13.34445 13.57143 15.61766 15.94035 14.59646 14.74139 16.02895 14.69295 15.17647 14.46097 14.2039 12.46245 11.13477 11.81408 12.11346 12.38873 11.80261 
  14.81928 14.93513 15.71037 15.93583 15.5297 14.56245 14.0444 14.4278 15.95664 16.91004 15.70241 15.69483 16.94952 15.50386 15.7606 14.90401 14.95499 13.18751 12.31579 12.13484 12.3388 13.08435 13.0042 
  15.30899 15.51826 16.32671 17.26245 17.17606 16.04936 15.32765 15.52886 16.52161 18.24336 17.25075 16.93431 18.03745 17.10569 17.09115 16.54959 16.32059 14.11973 11.57952 10.38302 11.75935 12.41549 13.27553 
  15.66984 15.94926 16.71193 17.92576 18.16388 17.53627 15.91094 16.38524 16.86058 18.84942 18.3567 17.88776 18.70695 18.06679 17.94651 17.8586 17.75449 15.10375 11.55931 10.50639 12.49976 13.29838 14.74845 
  15.79871 16.2028 16.90454 17.99946 18.38339 17.9418 16.14426 16.62992 16.6346 18.60699 19.02028 18.26914 18.87433 18.60073 18.23163 18.69937 18.38729 15.56986 12.42536 11.19725 12.95044 14.0818 15.68255 
  15.77294 16.22815 16.75045 17.70466 17.94436 17.53627 16.26092 16.2629 16.18263 18.00094 19.13087 18.07845 18.45589 18.38716 17.85147 18.69937 18.48654 15.51807 11.25607 11.91278 13.59427 14.19259 15.84528 
  15.66984 16.17744 16.59636 17.55725 17.61509 16.8604 15.67763 15.52886 15.50467 17.27367 18.3567 17.50638 17.70271 17.31927 17.09115 18.52236 18.45345 14.8448 10.26549 12.13484 13.52989 13.4054 14.86473 
  15.51519 15.97462 16.21115 16.74654 16.40776 15.50867 14.16106 14.30546 14.26175 16.18277 16.58718 15.98087 17.03321 16.25138 15.66556 17.5046 17.89105 14.89659 10.10376 11.27127 12.56414 12.62952 13.62438 
  15.54097 16.22815 16.01854 15.64102 15.09066 14.02176 11.63386 12.10335 12.34087 14.3646 14.92824 15.21811 17.20058 16.9989 13.4336 14.14451 15.43295 13.44646 10.12397 10.65443 12.11346 12.1747 12.26774 
  15.51519 16.05067 15.82593 15.27252 14.76139 13.48106 11.82788 11.73633 12.34087 14.3646 14.81765 15.02742 16.78214 16.67853 13.48806 12.37235 14.88671 13.39467 10.24527 10.4077 11.53401 11.61285 11.68633 
  15.54097 16.15209 15.44072 14.83031 14.32236 12.80519 11.63386 11.27943 11.96198 14.12218 14.59646 14.68499 16.02895 16.14459 13.65146 11.54956 14.2039 13.2393 10.12397 10.35835 11.30867 11.34531 11.06615 
  15.56674 16.15209 14.82438 14.2407 13.77357 12.2645 11.94454 10.64277 11.82903 13.87975 14.19318 14.2902 15.19826 15.18349 12.72556 11.04323 13.65766 12.82498 9.556833 10.28433 11.30867 10.56943 11.6088 
  15.48942 16.05067 13.89503 13.6887 13.2689 12.05383 11.58535 10.04856 11.16427 13.05953 13.50185 13.38784 14.36757 13.87061 11.90859 10.34703 13.04313 12.51424 9.982463 9.914227 10.72922 11.21154 12.3065 
  15.12857 15.46755 12.26867 13.06769 12.38573 10.52647 10.2272 9.709011 11.03131 12.62208 12.17679 12.65467 13.79248 13.32239 11.96305 10.41032 12.77001 12.92856 9.179521 10.03759 10.69703 11.37207 12.38402 
  14.43276 14.77286 10.48742 10.85968 10.43012 8.735782 9.257092 7.459491 7.884782 10.32545 10.73651 10.39875 11.9394 11.01986 9.730002 9.017907 10.78988 10.49442 9.618575 10.50639 10.66484 10.89049 10.47469 
  13.27369 13.47469 9.712959 9.893677 9.105354 8.735782 8.238477 6.653059 7.751831 9.61459 10.62129 9.721979 9.830725 10.52646 9.675538 9.017907 10.03879 9.458618 9.861167 10.01292 10.53607 10.81022 11.76385 
  11.11008 11.93311 7.931707 8.375669 7.654421 9.57846 9.402609 6.950166 8.59386 9.2865 9.526679 10.17316 10.46972 10.74575 10.76483 8.828032 10.03879 9.82115 10.12397 9.988247 10.7936 10.62294 10.50382 
  8.637383 9.985857 7.854261 7.133664 6.834329 7.893104 6.831819 5.809419 8.549542 9.833315 10.21801 10.56795 10.98091 10.30717 10.00233 8.684974 9.697389 10.28726 10.75067 9.747831 9.933697 10.81022 11.06615 
  6.319232 6.740431 7.312141 5.891657 5.824984 5.891743 5.910214 6.822834 9.037033 10.05204 10.39085 10.00397 10.46972 9.923413 9.947861 9.207781 10.78988 10.28726 10.69002 9.677771 9.945701 10.86373 11.06615 
  5.701059 6.091346 6.227901 6.788662 6.07732 6.997758 6.104236 7.204828 8.682495 9.231818 9.526679 9.609183 10.34192 9.868591 9.403214 8.52891 10.38019 10.49442 10.30592 10.11161 10.27854 10.97075 10.87235 
  5.005613 5.442261 5.53089 7.409665 6.581993 5.575739 6.007226 5.965311 7.840465 9.177136 9.353846 10.11676 10.78921 9.046258 8.303933 8.567925 9.424267 10.39084 11.11456 9.800378 10.21416 10.20036 10.62036 
  6.164689 7.389516 6.61513 6.167659 5.824984 6.839756 6.977335 6.907722 8.017735 8.302231 8.777735 9.609183 9.575128 9.594481 9.838932 9.081199 9.219425 10.80516 11.17521 10.06227 9.945701 10.30494 10.67854 
  5.3147 7.470652 6.692576 5.753657 5.698816 7.735102 6.686302 5.934133 7.08707 7.482008 8.374456 9.158 9.127832 8.662502 8.913033 8.954616 9.033439 10.80516 10.60916 9.406284 9.945701 10.56943 11.06615 
  4.516053 6.01021 5.918119 6.719662 6.266572 6.681754 5.813203 5.310562 7.796148 7.810097 8.144012 8.086442 8.169344 9.155902 9.403214 8.567925 8.778409 10.96053 10.97305 10.309 10.47169 10.40952 10.75606 
  4.561172 6.253617 6.460239 5.891657 6.014236 6.681754 5.95872 6.695503 7.352974 8.138186 7.625512 7.804452 8.105444 9.210725 8.804103 8.437872 8.817644 11.1159 10.95283 9.861681 10.69703 10.26137 10.63978 
  5.082885 6.415888 5.763227 6.30566 5.951152 6.15508 5.524197 5.715883 7.441609 8.083505 8.777735 8.312033 8.424941 8.552857 8.204058 8.776011 8.974586 10.75337 10.97305 9.765347 10.01773 10.56943 10.75606 
  5.701059 7.064973 6.305347 5.477655 6.39274 7.15576 5.813203 4.93642 7.175705 8.302231 8.02879 8.819613 8.680538 7.885759 8.23402 9.271072 9.355987 10.18368 9.760087 9.79162 10.27854 10.78347 10.91111 
  5.160157 5.766803 6.150456 4.811658 6.07732 6.049746 6.49228 6.483284 6.511583 7.044555 7.798346 7.313066 8.169344 8.001558 8.804103 8.658963 9.90223 9.82115 9.618575 9.651498 10.05374 10.26137 10.67854 
  5.77833 5.929074 6.692576 5.891657 6.455824 5.786408 5.910214 6.398396 6.599579 7.317963 7.567901 7.522463 7.797387 8.013138 8.422851 8.828032 8.915733 10.0801 10.34635 10.08694 10.21416 10.75671 11.25996 
  5.391972 5.198853 5.066216 5.364433 6.140404 5.356215 6.104236 6.568172 6.162155 7.2086 7.088576 7.635259 8.297142 7.480463 8.134144 9.144489 9.219425 9.613989 9.412768 10.08694 10.02973 10.34851 11.10491 
  5.005613 5.198853 5.066216 5.386544 5.888068 5.733741 4.954288 5.310562 5.375942 5.703864 6.921504 7.578861 7.913746 8.662502 8.967497 8.736995 9.424267 9.109459 9.820735 9.963573 10.24635 10.56943 10.58151 
  4.85107 4.955447 4.683064 4.546326 5.7619 5.475398 5.38172 5.934133 6.555262 7.044555 7.155406 7.179814 7.727441 8.333569 8.368385 9.017907 9.219425 9.171412 9.254983 10.01292 10.01773 10.33108 10.42614 
  5.082885 5.442261 5.453444 5.275989 5.254307 5.451561 5.38172 6.313509 7.220022 6.568339 7.51029 7.294031 7.237814 7.596262 8.273971 8.593936 9.560828 9.12185 9.699439 10.06227 9.897684 10.67645 11.2212 
  6.087417 4.71204 5.375999 6.650661 6.581993 6.418417 5.716193 5.029955 5.965602 5.799917 7.088576 7.122706 7.395194 7.75838 7.964355 8.789017 10.03879 9.97652 9.488231 9.625225 10.18196 10.81022 11.10491 
  4.696527 4.283636 4.740129 5.615656 5.888068 5.523072 5.716193 6.525728 6.489744 6.808471 6.954919 7.748055 8.041545 7.920499 8.19407 8.619947 9.765669 9.072289 9.337306 9.677771 10.27854 10.39209 10.49411 
  4.290462 4.71204 5.375999 5.753657 6.014236 5.891743 5.764698 6.398396 5.681691 7.2086 7.088576 7.313066 6.923054 8.047878 8.531779 9.144489 9.424267 9.220972 9.659007 9.686528 10.11376 10.13065 10.52325 
  4.928342 4.71204 5.453444 5.320211 6.266572 5.451561 5.571689 5.871776 5.354102 6.784458 7.798346 7.748055 8.233243 7.72364 7.77459 7.99569 8.523379 9.82115 9.861167 9.809135 10.12576 10.51592 10.14451 
  5.469244 3.984236 4.378716 5.477655 5.674788 5.681074 5.667687 5.747061 5.878245 5.89597 6.721018 7.122706 7.605034 7.549942 7.674714 8.891324 9.151145 9.072289 9.200101 9.511376 10.21416 10.13936 10.3096 
  6.860134 4.416702 4.911325 5.408655 5.470555 5.475398 5.813203 6.737947 6.599579 6.712418 6.88809 7.446319 7.36022 7.318344 7.964355 9.017907 8.719556 9.233363 9.330445 9.774105 10.21416 10.46242 10.33874 
  5.855602 4.793175 5.453444 6.098659 5.050074 5.944411 5.168004 6.143734 5.987441 6.352221 6.386874 7.046562 7.342734 7.978398 8.19407 8.891324 8.739174 9.196192 9.385327 10.16096 10.37511 10.46242 10.7173 
  6.241961 4.874311 4.759151 6.098659 5.698816 6.260415 5.619182 6.780391 6.074798 6.352221 7.222234 6.703913 7.412681 8.772146 8.477315 8.268803 8.582232 9.295315 9.591134 9.651498 9.873675 10.62294 11.33748 
  4.773798 4.549768 3.941215 5.753657 5.530623 4.545763 4.598095 5.029955 5.594334 5.655838 6.520532 6.47548 7.167867 7.943659 8.422851 8.060717 7.895614 9.344876 9.303004 9.9389 10.21416 10.46242 10.63978 ]
