 [
  4.087123 5.079321 5.186493 5.755958 5.828498 5.364953 5.617021 6.811237 6.518136 6.60394 6.783574 7.31516 7.138524 8.264497 9.028322 8.319577 8.090068 9.38306 9.514421 10.07824 10.29059 10.52273 10.90538 
  4.701964 5.861806 5.538824 5.477539 5.400735 5.270562 5.887282 5.730948 5.706602 6.503895 6.741003 7.613692 7.091384 7.782128 8.71563 8.880148 8.778621 9.253619 9.625948 10.02181 10.15964 10.79582 10.96504 
  5.255321 5.769738 5.0822 6.092908 5.439496 5.513571 5.741539 6.221509 6.074575 7.467111 6.953859 7.54499 7.389933 7.782128 8.159779 8.591216 9.118317 9.426208 9.625948 9.844314 10.00743 10.55004 10.34851 
  6.033877 6.322146 4.620328 5.576974 5.828498 5.736499 6.251641 7.253533 6.751507 7.798371 7.502845 6.418826 7.028532 8.094704 8.3404 8.511988 8.950759 9.555649 9.75978 9.89015 9.864742 10.22435 10.42321 
  5.694389 5.585601 4.694824 5.596861 5.497638 5.513571 6.543128 5.617263 5.802595 7.715556 8.038815 7.8885 7.044245 7.719661 8.094978 8.093211 8.606483 8.710979 9.23776 9.398368 10.37399 10.76851 10.64685 
  5.040127 4.906732 4.456439 6.092908 6.06524 5.223366 5.668667 5.806738 6.058576 6.770684 7.081573 7.407092 7.625629 8.151301 8.3404 8.880148 9.265221 9.097576 9.376091 9.871341 10.39483 10.44081 10.82583 
  4.917159 5.459015 5.538824 4.861039 4.509233 5.513571 7.490459 7.548397 7.218249 7.053034 7.166715 8.025904 7.751858 7.514412 7.622858 8.206394 8.463034 9.22364 9.474898 9.871341 10.45738 10.55004 10.64685 
  3.472281 4.837697 4.799118 5.159345 6.301982 6.182354 7.344716 7.106101 6.346556 6.770684 7.962248 8.300712 7.499925 7.478717 8.215322 8.880148 9.044865 9.728237 9.425494 9.695665 9.99792 10.2965 10.62696 
  4.978642 4.216378 5.186493 6.177145 5.361974 5.246964 5.203847 5.503578 5.914587 7.549926 8.115383 7.682394 8.004315 8.094704 8.653091 8.816403 8.506069 8.694171 9.020383 9.006476 9.674488 10.05298 10.49216 
  3.90267 5.113838 5.450741 4.980361 5.129408 4.609824 5.591197 5.863581 6.362555 7.30148 7.732547 7.15428 7.688744 7.523336 7.91909 7.900801 8.549103 9.534075 9.50454 9.803773 9.931331 10.44081 10.44045 
  5.255321 5.67767 4.903411 5.755958 6.06524 5.810808 5.358788 5.693053 6.106573 7.30148 7.273143 7.613692 7.751858 7.541183 8.653091 8.43276 9.301947 9.38306 9.326687 9.344314 9.684 10.08906 10.42895 
  5.009385 5.217391 4.903411 5.517313 5.986326 5.587881 5.229671 6.368941 6.673716 6.703987 6.570717 7.200245 7.059958 7.666118 7.900576 8.56858 8.836 9.253619 9.625948 9.871341 10.17866 10.35963 10.70651 
  5.779261 6.230078 5.362659 6.429858 6.301982 6.628209 6.178769 6.295225 6.440345 7.384295 7.426278 7.8885 7.688744 8.604084 8.590553 8.75266 8.836 9.404634 9.514421 10.05943 10.47823 10.2965 11.0247 
  4.148607 5.493533 5.067301 4.483184 5.381355 5.66219 5.178024 5.996213 5.882589 6.754009 6.911287 6.648655 7.279942 7.915986 8.141264 8.816403 9.081591 9.404634 9.138952 9.574043 10.26974 10.37767 11.0247 
  3.841186 3.353435 4.411741 4.78149 5.265072 4.562629 4.739028 5.901476 5.914587 6.337152 5.910863 6.740587 7.515638 7.826747 8.011662 8.523306 9.155043 9.253619 9.782085 9.965385 10.16915 10.57735 10.58409 
  5.316805 4.458002 5.156695 5.298555 5.613921 5.058182 5.741539 5.63621 5.962583 6.420523 7.060287 7.200245 7.688744 7.639346 7.789489 8.534624 8.635172 8.963108 9.938223 9.763233 9.902793 10.49542 10.64685 
  6.373364 5.148356 5.626906 6.429858 5.986326 5.152573 6.033026 6.147793 7.29604 6.587266 6.762288 7.31516 7.484211 8.43429 8.159779 8.296941 8.376965 8.971513 9.514421 10.04062 10.11207 10.31454 10.50365 
  7.98593 8.255577 8.269381 7.609184 6.775466 6.702518 6.761743 7.253533 7.29604 8.709339 9.110757 8.712924 8.256773 8.151301 8.402938 8.943892 9.485576 9.490928 9.346449 10.34156 10.33229 10.19729 10.78606 
  11.21106 12.39864 11.1761 10.47326 9.774199 9.377649 9.749481 9.686161 9.707542 11.7735 11.94374 11.04879 10.71823 10.64161 8.277861 8.591216 9.008139 9.318339 9.670559 9.908958 10.8118 10.68658 10.42321 
  12.14465 12.21451 9.766784 9.462411 7.564607 6.776828 7.636203 7.916977 7.840572 10.44846 10.02956 9.125135 9.329716 9.736041 8.215322 8.229031 9.301947 9.749811 9.514421 9.574043 10.26974 10.57735 10.36001 
  14.01184 13.31933 11.79268 10.38902 8.748317 7.148374 7.709074 7.253533 8.540686 10.44846 10.33583 10.08696 9.266602 9.226661 8.465476 8.880148 9.191769 8.954703 9.356329 10.37918 10.54077 10.63196 10.32553 
  15.28491 15.25276 14.52324 13.927 12.06271 10.71521 10.76969 11.52906 11.57451 13.09855 12.47971 12.28543 12.3592 11.94336 8.653091 9.19887 9.228495 9.447781 10.11666 10.13467 11.24962 11.04159 10.29106 
  15.36979 15.9893 15.49215 14.76938 13.48316 12.2014 12.66435 13.74054 13.67485 15.74863 15.083 14.7587 14.88378 14.43366 10.84194 10.5375 10.367 8.879066 9.257522 10.49204 12.27118 11.75161 11.1838 
  15.6244 16.90998 16.28489 15.2748 13.40424 12.2014 12.73722 13.29825 13.51927 15.33456 14.92986 14.6213 14.94689 14.37707 11.65494 11.1112 10.88116 9.728237 9.871306 11.24439 12.83409 12.21586 11.40256 
  15.87902 17.32591 16.46105 15.35904 13.40424 12.49864 12.81009 12.48737 14.0638 15.50019 15.38927 15.03351 15.19935 14.43366 11.78001 11.1112 11.10152 11.15209 10.91966 11.30082 12.60476 11.94277 11.93951 
  15.96389 17.54515 16.66587 15.35904 13.56207 12.64725 12.95584 12.11879 14.21939 15.583 15.00643 14.7587 14.63132 13.75449 10.27909 10.98371 10.80771 9.072364 9.871306 11.0375 12.92886 13.08973 11.95939 
  16.13363 17.64999 16.73902 15.35904 13.87773 12.79587 13.02871 12.33994 15.77519 16.41115 15.61897 15.58312 15.64115 14.66006 11.78001 13.34225 12.05639 9.190023 10.09436 11.0375 12.35458 12.65279 11.38267 
  16.21851 17.72625 16.87069 16.36989 15.85058 14.57929 14.3404 14.69885 17.11769 17.40494 16.00181 15.78923 15.64115 15.16944 14.09394 15.06335 13.67233 11.45412 11.9457 11.86509 12.56306 12.62548 11.50199 
  16.21851 17.52608 16.72439 17.52031 17.92782 16.77588 16.00325 16.22668 18.42343 19.62336 18.05087 16.27015 15.70426 16.78595 16.22024 16.8918 15.55459 12.79427 12.79233 12.37753 13.40652 14.10671 13.71219 
  16.36746 17.54515 16.70976 17.52031 18.88654 18.43781 16.77332 16.82044 19.36647 20.62835 18.72264 16.77228 17.53985 18.49226 17.44809 16.99916 14.98184 12.82393 12.68662 13.31464 14.36184 15.06109 14.5261 
  16.35678 17.3831 16.62198 17.42212 19.20612 19.38748 17.78033 17.56263 19.80173 21.00522 19.08906 17.55247 17.99874 18.85149 18.19843 17.10653 13.89998 11.99346 13.53228 13.85717 13.99033 15.027 14.88219 
  16.3194 17.28779 16.54883 17.37302 19.20612 19.78318 18.37269 18.10691 20.4546 21.31928 19.33334 17.81253 18.61061 18.76168 19.01699 17.69701 13.7727 12.14176 14.21938 14.35039 13.93725 15.9132 15.74698 
  16.32474 17.29732 16.54883 17.22573 18.93981 19.6249 18.43192 18.35431 20.4546 21.31928 19.2112 17.85588 19.5284 19.39033 18.5395 17.10653 13.99543 12.31972 14.00796 14.05446 13.45959 16.08363 15.74698 
  16.31406 17.27826 16.51957 17.25028 19.04633 19.86232 18.66887 18.70067 20.88985 21.4449 19.45548 18.11594 20.14026 20.10877 18.26665 16.83812 14.09089 12.29006 14.95932 14.99157 12.27118 15.12926 15.23828 
  16.30338 17.27826 16.46105 17.15208 18.93981 19.86232 18.7281 18.65119 20.74477 21.38209 19.57762 18.02925 20.21675 20.37819 18.60771 16.78444 13.70906 12.2604 14.48364 14.39971 12.20864 15.98137 16.35741 
  16.30338 17.27826 16.37297 17.15208 18.93981 19.70404 18.60963 18.40379 20.59968 21.19366 19.57762 18.0726 19.75785 19.92916 18.19843 16.59321 13.80452 13.12053 14.48364 14.44903 12.87578 16.08363 16.20481 
  16.31406 17.32591 16.37297 17.10299 18.88654 19.6249 18.37269 18.55223 20.52714 21.31928 19.45548 18.20263 20.06378 20.37819 18.94878 16.94548 13.80452 12.02312 15.69927 15.38614 12.72985 15.84503 16.20481 
  16.3194 17.3831 16.37297 17.07844 18.83328 19.38748 18.07651 17.85951 19.80173 21.19366 19.8219 18.28932 19.45192 19.83936 18.60771 17.05285 13.80452 12.1121 14.27223 14.39971 12.50051 15.29968 15.39089 
  16.34076 17.48795 16.46105 17.05389 18.88654 19.38748 17.60262 17.36471 19.72918 21.4449 20.12725 18.0726 19.68137 20.10877 18.81235 17.21389 14.09089 12.17142 13.8494 14.05446 13.16769 15.16334 15.79785 
  16.40483 17.64999 16.57809 17.07844 18.88654 19.30834 17.36568 17.21627 18.93122 21.25647 20.55474 17.98591 19.37543 19.92916 19.28985 17.58965 13.56215 11.99346 14.27223 14.10378 13.03501 15.23151 15.59437 
  16.37814 17.73578 16.66587 17.17663 18.93981 18.99179 17.18797 17.21627 17.98818 20.8796 20.61581 17.94257 19.68137 20.19858 19.5627 18.12645 14.34545 12.97223 14.06081 14.05446 13.91072 14.92475 15.74698 
  16.35144 17.81203 16.84143 17.42212 18.99307 18.75437 17.30644 16.9194 17.55293 20.12585 20.61581 18.41935 19.68137 20.28839 19.97198 18.71694 14.44091 12.94257 15.11789 14.49835 13.11462 14.89066 15.59437 
  16.35144 17.86922 17.04624 17.7167 18.88654 18.51695 17.24721 16.77096 16.9726 19.68617 20.92116 18.59272 20.52268 20.82722 20.44948 19.52215 14.05907 13.00189 13.32087 13.11735 12.50051 14.10671 15.23828 
  16.36746 17.87876 17.23643 18.01128 18.83328 18.04211 16.83256 16.96888 16.53735 18.55555 20.67688 18.93947 20.21675 20.64761 20.51769 19.79055 14.50455 12.70529 13.90225 12.92007 12.35458 14.5839 15.28915 
  16.41551 17.79297 17.3681 18.08493 18.83328 17.72555 16.59561 16.96888 16.31973 18.11587 20.67688 19.0695 19.9873 20.5578 20.44948 20.16631 15.71368 12.31972 14.00796 13.70921 13.35345 14.51573 14.83132 
  16.45823 17.5928 17.38273 17.93764 18.40718 17.25072 16.29943 17.01836 16.31973 17.739 19.8219 18.24597 19.60488 20.19858 19.97198 19.95159 15.61823 12.49768 13.74369 13.26532 13.67189 13.55397 14.22088 
  16.21851 17.18619 17.0755 17.25028 17.39519 16.06362 15.35166 16.1772 16.24194 17.739 18.47836 16.90232 18.45764 18.67188 18.88057 19.0927 14.72728 11.88559 12.3695 12.16603 13.37998 13.11704 13.40697 
  16.54367 16.81791 17.00235 16.53837 15.77166 14.87653 14.99624 15.58344 16.46481 17.48775 17.07375 16.85897 16.77502 14.82985 16.90238 17.91173 14.63182 13.86202 12.3695 11.78985 13.00847 13.60859 13.15262 
  16.58639 16.54171 16.37297 15.86447 14.58795 14.72791 14.63188 15.14115 15.93077 16.90804 16.00181 15.92663 15.19935 13.30171 15.78247 17.21389 14.7591 13.32815 11.70034 11.63938 12.90232 13.06242 13.01341 
  16.63979 16.35757 15.31598 15.35904 14.50904 14.05913 14.41327 14.69885 15.30845 16.6596 16.69091 16.33885 14.88378 12.90552 13.53109 14.48965 11.65241 10.03027 11.03118 12.26008 14.49452 14.24305 12.31736 
  16.49027 16.26551 14.08283 14.51667 14.03555 13.53896 13.97604 14.10912 14.1416 16.07989 15.61897 14.8961 13.2428 11.60377 11.84255 12.8323 10.69753 10.246 11.32115 12.32821 14.5476 14.41348 12.57589 
  16.04876 15.89723 13.55433 12.66344 12.6151 13.39035 12.88296 11.75021 12.508 14.92048 14.70016 13.45336 13.30592 12.39614 12.71809 13.34225 10.367 10.05184 11.9234 12.27889 13.56574 13.93629 12.79465 
  15.11517 14.97655 12.58542 11.48411 10.80008 11.53262 10.9883 10.93933 11.41893 12.27039 13.62822 13.10985 12.48543 12.05655 11.90509 11.87613 10.69753 10.6559 11.58882 11.71462 13.06154 13.14434 11.82018 
  13.67235 13.22726 9.150207 9.715124 10.16877 10.12074 9.23938 10.20217 11.41893 12.35321 12.86255 12.21673 11.41249 10.868 11.46732 11.87613 11.79931 10.93636 11.1204 11.35725 11.79167 11.99739 12.07872 
  11.55055 10.92555 8.885959 9.125461 9.458543 8.114393 9.093637 9.686161 9.940913 11.7735 13.32195 12.69764 11.22315 11.15099 11.65494 11.6849 11.83604 11.15209 11.16502 11.54534 11.58319 12.16124 12.4168 
  9.004394 8.715918 8.181299 8.956985 8.906145 8.634558 9.385123 8.875285 9.940913 11.85632 13.01568 12.62894 11.28626 10.9246 10.84194 11.55741 11.57895 11.0658 11.20963 11.92152 11.54149 11.697 12.35714 
  7.05234 8.531782 8.181299 8.956985 8.82723 7.817156 9.23938 9.759877 9.940913 12.60165 13.24539 12.49153 11.09692 11.03779 10.90448 11.17494 11.39532 10.50489 11.1204 11.54534 10.97859 11.75161 12.29747 
  6.797724 7.242828 6.948143 8.620035 9.458543 8.634558 9.312252 9.759877 9.707542 11.93913 12.70942 11.94192 10.592 10.30202 10.27909 11.23869 11.32187 10.69905 10.91966 11.01869 10.8535 11.3966 11.95939 
  5.864133 7.426964 7.476639 7.777659 8.274833 6.999755 9.312252 9.612446 9.474171 11.02816 12.02031 11.3923 9.834631 10.868 10.34163 10.41001 10.33027 10.48331 10.56277 11.22559 10.83265 11.01428 11.28323 
  6.373364 7.887305 7.740886 7.019521 8.195919 6.999755 8.000561 9.170149 9.629751 10.20001 10.94837 10.70528 10.02397 10.13223 9.215938 10.72873 10.62408 10.246 10.36202 10.60489 10.70756 10.68658 11.16391 
  6.797724 7.334896 6.948143 7.777659 7.012208 6.479591 8.292048 8.285557 9.085218 10.53127 9.952996 9.743454 8.95103 8.604084 9.09086 9.963801 10.03646 9.22364 9.737474 10.30395 10.56162 10.7412 11.22357 
  6.543108 7.242828 7.036226 7.524947 7.64352 5.587881 6.907486 7.916977 8.696267 9.537491 10.10613 9.880857 8.50923 8.207899 9.028322 9.326358 9.779384 9.447781 9.893612 9.965385 9.836204 10.46811 10.92527 
  6.62798 7.795237 6.595814 5.079797 6.144154 5.959426 6.907486 7.695829 7.29604 9.785936 9.952996 9.468646 8.572344 8.264497 8.465476 9.326358 9.522302 8.937895 9.178475 10.28514 10.45738 10.85043 10.74628 
  6.797724 6.506283 6.419649 7.187996 6.538724 5.439262 6.761743 7.106101 7.218249 7.964002 9.187324 8.369413 8.50923 8.038105 8.778169 8.943892 8.92207 9.318339 9.306926 9.776746 10.35314 10.7412 10.49216 
  5.439774 5.953874 6.155401 6.345621 5.749584 5.364953 6.397384 6.811237 6.673716 7.881186 9.110757 8.644221 8.06743 8.547486 8.528015 8.816403 9.044865 9.641943 9.915917 9.946576 9.931331 10.46811 11.10425 
  6.458237 5.67767 6.507731 6.682571 5.907412 6.330973 5.960154 6.737521 6.440345 7.549926 8.038815 7.453058 8.004315 9.056867 8.653091 8.625171 9.118317 9.232045 9.158714 9.984195 10.56162 11.09621 11.22357 
  5.101611 4.699626 4.471338 5.497426 5.907412 5.364953 5.539551 6.034108 6.042577 6.820707 7.502845 7.8885 7.941201 7.460869 7.95612 8.557261 9.081591 9.641943 9.188356 9.56053 10.31144 10.85043 10.78606 
  4.302317 5.459015 5.450741 5.557087 6.45981 5.270562 4.015974 5.010943 6.362555 7.384295 7.273143 6.901467 6.839974 7.353783 8.402938 8.523306 8.663862 8.895874 10.04975 10.13467 10.2489 10.34159 10.40023 
  3.871928 6.414215 5.803071 6.00867 6.301982 4.940193 4.377501 6.147793 5.834592 6.48722 6.719717 6.464791 7.452785 7.817823 8.3404 9.19887 8.821655 9.013534 9.435375 9.790259 10.26974 10.44081 10.70651 
  5.864133 6.506283 5.274576 5.497426 5.284452 4.44464 4.454971 6.072003 6.518136 7.30148 7.655979 7.819798 7.311368 8.094704 8.196808 8.880148 9.559028 9.555649 9.559032 9.492963 10.2072 10.85043 10.82583 
  5.949005 5.67767 5.126897 6.00867 5.478257 4.562629 5.462081 5.863581 5.86659 6.887404 7.579412 8.094605 7.217089 7.550107 7.81726 8.059257 8.993793 8.811831 8.882052 9.8308 9.959869 10.49542 10.90538 
  4.947901 5.148356 5.126897 5.616748 5.420116 4.916595 5.178024 5.939371 5.818594 6.320477 6.506861 6.074081 6.619991 7.559031 7.85429 8.816403 9.008139 9.105981 9.020383 9.871341 10.49908 10.28748 10.76617 
  4.517511 4.112825 4.665026 5.417877 5.342594 5.034584 5.229671 6.147793 5.338628 6.037014 6.400433 6.76357 7.562777 7.92491 8.169036 8.688915 8.993793 8.971513 9.737474 9.574043 9.969382 10.17023 10.41746 
  5.609518 4.112825 4.635228 5.755958 5.478257 3.854695 4.558264 5.200418 6.362555 5.920293 6.911287 6.947433 7.562777 8.207899 7.715431 8.511988 8.721242 9.038747 9.514421 9.790259 10.03597 9.872601 10.4347 
  6.203621 5.67767 5.362659 5.840195 5.400735 4.845802 5.814411 6.368941 6.751507 6.553918 7.039001 7.54499 7.625629 7.710737 8.3404 8.353532 9.44885 9.164811 9.648253 10.37918 10.37399 10.21533 10.60707 
  5.524645 4.734143 5.097099 6.092908 5.439496 4.822204 4.764851 4.935153 5.594609 6.320477 7.081573 8.094605 7.389933 7.898138 8.402938 8.308259 9.228495 9.9224 9.581337 9.492963 10.26974 10.43179 10.60133 
  5.694389 4.803179 4.456439 4.841152 5.303833 5.66219 4.816497 5.901476 5.514615 5.820248 6.485575 7.453058 7.075671 8.094704 8.215322 8.75266 8.979449 9.426208 9.893612 9.89015 9.598386 9.989849 10.44619 
  5.070868 4.492519 4.963007 5.020135 4.703037 4.043478 4.661557 5.617263 6.138571 6.420523 7.017715 7.016382 7.688744 7.41625 8.206065 8.816403 9.008139 9.814531 10.16128 9.927768 10.18817 10.26944 10.44045 
  5.609518 3.2844 4.963007 5.616748 5.517018 4.562629 5.307141 5.825686 5.930585 6.187083 6.336576 7.246212 8.193658 8.094704 8.002405 8.308259 8.807311 9.021938 9.484779 10.19109 10.17866 10.16121 10.50939 
  4.978642 3.526024 4.232953 5.238894 4.935604 4.586226 5.487904 6.442657 6.440345 6.3705 6.783574 6.166013 7.012819 7.889214 8.002405 8.75266 8.850346 9.728237 9.75978 9.946576 10.02646 9.863582 10.23935 ]
