 [
  6.407494 6.010323 6.155895 5.529298 5.332147 6.06614 5.813943 6.031847 5.641894 6.011862 6.684131 7.202743 7.07516 7.678006 8.479918 8.474764 8.713369 9.320777 9.336459 9.377339 9.8162 10.07894 10.41351 
  6.103076 5.874367 6.989762 5.529298 5.448499 5.319067 6.012667 6.215147 6.461385 6.366696 6.269406 7.651682 8.101482 7.69378 7.901552 8.282637 8.776515 9.204348 9.396446 9.913114 10.05314 10.42434 10.29522 
  5.128936 6.0783 7.453022 6.5709 6.088432 6.546 7.065772 7.663005 7.056858 7.592568 6.502688 8.492314 8.736968 7.204793 7.959089 8.862167 10.01728 9.64678 9.694984 9.872266 10.05314 10.42434 10.32659 
  6.590145 5.874367 6.711807 7.017301 7.418718 6.546 8.525932 7.992861 6.355644 7.294724 8.806286 9.049909 9.090015 7.4414 8.25828 9.106211 9.627872 9.134489 9.029025 9.553513 9.882127 10.51345 10.73221 
  5.372471 6.282232 6.341199 7.091701 6.726815 7.290273 8.943121 7.663005 7.262767 7.989694 8.022581 9.537804 9.443064 8.008228 8.67854 8.715742 8.849053 8.642689 8.916549 9.615173 10.27717 10.36494 10.27272 
  6.894564 6.486165 6.433851 6.5709 6.437488 6.439676 8.369487 7.003293 7.211289 7.940053 8.479742 9.049909 9.231236 7.81997 8.120192 8.76455 9.028781 8.916397 9.1415 9.254018 9.728297 10.1112 10.50043 
  5.676889 5.058637 4.673465 3.743695 4.634037 4.358545 4.184409 4.528793 6.038422 6.503171 6.476768 7.010341 6.91139 6.999734 7.671405 8.328382 8.776515 8.924217 9.583033 9.456617 9.541504 10.15703 10.35557 
  3.850378 3.970996 2.727774 3.148494 2.830586 3.664835 5.058793 5.188671 5.800505 6.039157 6.917413 7.491346 6.729424 6.936639 7.728941 8.191148 8.473416 8.783453 9.246478 9.749722 9.849164 10.45404 10.21644 
  2.998006 3.223243 3.746945 3.371694 4.634037 3.931647 4.303643 4.492133 5.641894 6.639646 6.710051 7.042408 7.111553 8.008228 7.613868 8.76455 8.789145 8.955498 9.844254 9.262827 9.739285 10.27583 10.2277 
  4.459215 3.903019 3.191034 5.157298 5.448499 4.46527 5.337007 5.738568 5.694765 6.8853 7.56542 7.972352 8.666359 7.94616 7.844015 8.910976 9.41819 9.157776 9.044022 9.342105 10.08514 10.15703 10.19956 
  3.911262 3.155266 1.615951 4.115696 4.226806 4.625357 5.376751 5.078691 5.668329 6.530466 6.554529 6.817938 7.548271 7.81997 8.546124 8.493061 9.208508 9.01806 9.044022 9.708873 10.05314 10.15703 10.21644 
  3.850378 2.407513 1.708603 4.190096 4.692213 5.585879 5.138283 4.748752 5.06032 6.148337 7.150696 7.042408 7.693844 8.318565 8.347503 8.300935 8.624966 9.181062 9.373951 9.641599 10.24517 10.1112 10.428 
  3.667727 2.135603 2.727774 3.892495 4.110455 4.411908 5.217772 5.591929 6.43495 6.61235 7.124775 6.625536 7.530075 7.583364 7.901552 8.410721 8.789145 9.297491 9.471081 9.324488 9.656877 10.04669 10.428 
  4.03303 3.291221 1.986559 2.999694 3.179641 4.358545 5.019049 5.152011 5.641894 6.312107 6.761891 7.106542 7.329912 7.772649 7.671405 7.934979 9.08869 9.064631 9.657667 9.623981 9.761261 9.957985 10.23333 
  3.728611 2.815378 2.635122 4.041296 4.517685 3.878284 4.899814 5.591929 5.218931 6.557761 6.321246 7.042408 6.856801 7.536042 8.41371 8.520508 8.998826 9.320777 9.583033 10.03566 10.14915 10.12733 10.32659 
  4.459215 3.563131 3.098382 2.999694 3.586872 4.625357 4.979304 5.51861 4.954579 6.039157 6.839652 6.112463 7.147946 7.883065 8.347503 8.429019 9.08869 9.297491 9.396446 9.872266 10.14915 9.949921 9.996981 
  3.363309 3.155266 3.191034 3.148494 4.459509 4.892169 4.661346 5.33531 4.901709 5.547849 5.958363 5.952128 6.583851 7.678006 7.590853 8.813359 8.57445 9.553637 9.769619 9.99481 9.92512 9.635429 10.30648 
  3.302425 3.155266 3.654294 3.594895 4.110455 3.024487 4.104919 5.775229 5.7212 6.202927 7.047014 7.202743 7.657451 7.804196 8.612332 8.618125 8.968872 9.437207 9.545715 9.359722 9.794225 9.611238 10.04763 
  3.119774 3.291221 3.654294 3.743695 4.692213 4.67872 4.899814 5.885208 6.593561 6.421286 6.761891 7.138609 7.566468 7.678006 7.544824 8.401572 8.763886 8.947678 9.066517 9.491852 10.05314 10.60255 10.63081 
  2.998006 2.747401 2.913078 2.330092 3.237817 5.105618 4.820325 5.29865 5.668329 6.148337 6.191645 7.266877 7.639255 8.008228 8.281295 8.666933 8.849053 9.041346 9.313964 9.99481 9.893115 10.18673 10.25021 
  3.972146 2.543468 1.523299 3.446095 4.168631 4.998893 5.972922 5.885208 5.906246 6.121042 5.906522 6.465201 7.475485 7.551816 8.281295 8.346679 8.637595 8.994599 9.396446 9.597556 9.695333 9.877346 9.985726 
  9.863976 10.33189 10.20243 9.583483 10.6476 12.55334 13.44551 13.32553 12.25607 13.54945 15.07592 15.04405 15.79792 16.98272 16.62344 16.94476 15.76837 14.72524 14.47241 14.4881 14.61271 15.54903 15.51815 
  11.09047 13.54831 13.00912 14.02535 14.12042 14.8624 15.68056 15.64058 14.33172 15.42322 17.29027 17.11069 17.90635 19.01764 18.47635 19.28275 18.78762 17.45182 17.39112 17.59731 18.19471 19.14879 19.10108 
  11.02592 12.14987 13.12368 14.49471 13.93414 13.62515 13.3236 13.16061 12.97676 13.64873 15.92494 15.32284 17.43973 17.08198 17.83616 19.20213 19.54243 18.49052 18.88789 18.91474 18.58406 19.59876 19.44782 
  11.28413 12.01002 11.4053 11.53357 10.99355 13.08497 13.3236 12.39094 12.51346 13.30125 15.20654 15.60164 18.79292 18.62059 19.15654 19.84709 20.04564 19.13971 17.98983 18.783 18.89554 19.32878 19.33224 
  12.83339 12.21979 11.80625 13.05031 12.72331 13.24445 12.28063 12.28099 12.05016 13.15233 15.92494 17.11069 18.88625 18.52132 19.27657 19.68585 20.54885 20.1784 18.66337 19.04648 18.58406 19.14879 19.21666 
  13.28526 13.33854 11.1189 12.8878 13.70351 13.08497 13.01071 12.50089 12.61641 13.40053 15.27185 16.98751 19.21288 18.71985 19.23656 19.44399 20.04564 19.52922 18.21434 18.45364 18.19471 18.60883 18.75435 
  12.25242 12.5694 12.26449 13.70034 13.99623 12.97864 12.59352 12.50089 12.92528 13.74213 16.07664 16.43803 19.49285 18.76948 18.79643 18.87965 19.41663 18.75019 17.01692 17.79492 17.64962 16.98894 17.3674 
  12.18787 11.73033 12.72272 13.91702 12.66565 12.55334 11.707 11.84118 12.15312 13.74213 16.53175 17.35705 18.93291 16.98272 17.15597 17.18662 17.6554 17.45182 16.71757 16.74098 15.85862 15.999 15.86489 
  12.18787 12.07994 12.89456 13.86285 13.12692 12.39386 12.07204 11.5663 11.63834 13.30125 15.6637 16.92593 18.23298 16.28786 15.56412 15.89669 16.01998 15.76394 14.99628 15.62117 14.69058 14.64909 14.36237 
  15.15728 15.6165 13.46735 13.05031 11.16653 11.01164 11.34196 11.07152 11.12357 12.70556 13.90037 15.18344 17.62638 15.82874 15.69654 15.33235 15.51677 14.98492 12.86695 13.71199 13.25364 13.1272 12.85985 
  17.89215 18.6212 18.48878 17.96791 16.41786 15.14792 14.42081 14.66404 15.32757 17.19771 18.73146 17.72658 17.3464 15.58047 14.90205 13.74302 13.88134 13.29703 14.39758 15.0942 13.31765 12.88958 12.16638 
  18.34797 18.6212 19.55882 18.90662 17.65972 15.81414 15.59928 15.56547 16.01701 18.41183 19.86924 19.08153 18.55961 17.28051 17.31602 16.13855 14.00714 13.68655 15.52015 16.34575 14.61271 15.45904 14.36237 
  18.19603 18.6212 19.72345 19.46984 17.846 16.14725 15.88374 15.9035 16.32343 18.8788 20.55191 20.06694 19.58618 18.17389 18.59638 17.26724 14.13295 13.55671 15.29564 16.21401 14.84632 16.17899 14.94026 
  18.04409 18.80148 19.80576 19.84532 17.47344 16.24242 15.76183 15.86594 16.40003 19.25237 20.70361 20.37489 19.72616 18.07463 18.47635 16.94476 14.00714 12.64785 15.07112 15.95053 14.84632 16.08899 14.7091 
  17.89215 18.98176 19.80576 19.93919 17.03879 16.24242 15.7212 15.94106 16.47663 19.25237 20.62776 20.68283 19.6795 17.8761 18.39632 16.7029 14.00714 12.51801 15.14596 15.95053 14.92419 16.08899 14.47794 
  17.68957 19.16204 19.80576 19.84532 16.85251 16.14725 15.7212 15.97862 16.47663 19.25237 20.70361 20.80601 19.53952 17.77684 18.11624 16.38041 13.12653 12.1285 14.84661 15.62117 14.84632 15.63903 13.55332 
  17.53763 19.22214 19.80576 19.46984 16.85251 15.9569 15.63992 15.9035 16.47663 19.53256 20.62776 20.68283 19.0729 17.42941 17.9562 16.05793 12.17401 11.62609 14.69693 15.29181 14.61271 15.45904 12.85985 
  17.38569 19.22214 19.80576 19.56371 16.79042 15.71896 15.51801 15.79082 16.47663 19.34577 20.32435 20.62124 18.65294 17.03235 17.43605 15.33235 12.38369 11.85895 14.69693 15.0942 14.22336 14.37911 12.16638 
  17.23376 19.10195 19.97038 19.65758 16.60414 15.43344 15.35546 15.7157 16.40003 19.34577 20.0968 20.25171 17.57971 16.53603 17.03594 14.768 12.32378 11.55623 14.54725 15.02833 13.95775 13.33511 11.78973 
  17.08182 18.98176 19.97038 19.37597 16.41786 15.33827 15.35546 15.7157 16.70645 19.43916 19.71754 19.82059 17.43973 16.08934 16.75586 13.93826 10.85601 11.32337 14.54725 14.89659 13.98975 13.89944 11.58692 
  16.87924 18.74139 19.88807 19.00049 16.23158 15.33827 15.35546 15.7157 17.08947 19.43916 19.18657 19.63582 16.78646 16.13897 17.07595 14.62158 10.55646 10.6015 14.17306 14.81489 14.22336 14.28912 11.80421 
  16.7273 18.50101 19.72345 18.53113 16.0453 15.2431 15.23355 15.7157 17.47248 19.06559 18.57976 19.08153 16.43341 15.89081 17.11596 14.52396 11.39519 10.71793 13.46403 14.44726 14.14549 14.28912 12.16638 
  16.52472 18.38082 19.3942 18.24952 15.73484 15.14792 15.15228 15.86594 18.00871 18.41183 18.04879 18.89676 16.08036 15.76667 17.39604 14.84863 13.12653 12.25834 13.6133 15.02833 14.45697 14.37911 12.51311 
  16.27149 18.08035 19.06496 17.87404 15.48647 14.8624 15.071 15.79082 17.93211 17.57128 17.44198 18.34246 15.79792 15.58047 17.19598 14.84863 12.87493 12.38817 13.87452 14.5698 13.82973 13.92914 11.99254 
  15.91697 17.77988 18.48878 17.21695 14.92763 14.1486 14.46144 15.45279 17.54909 16.63734 16.6076 17.72658 15.02122 14.83566 16.75586 14.47515 12.62332 12.1285 13.87452 14.52895 13.6377 13.63212 11.25373 
  15.61309 17.29913 17.50104 15.90276 13.41521 13.13813 13.3236 14.10065 14.94456 13.40053 14.35753 15.60164 12.6911 12.22882 13.11444 11.79068 11.4551 11.04394 12.755 14.24302 13.15762 12.97869 11.29719 
  15.96761 17.83998 17.9126 17.02921 14.86554 14.24378 14.70527 16.0913 16.01701 14.39589 14.88 16.22893 14.1739 13.28397 14.5048 12.91328 12.32378 11.78909 13.24013 14.89659 13.6377 13.1272 11.42757 
  15.25857 16.99866 18.07722 16.7476 13.99623 13.33963 13.85189 16.24154 16.17022 13.45017 14.42284 16.29863 13.89147 12.72536 14.5048 12.42519 11.1256 10.76451 12.56842 14.07962 12.83757 12.53316 11.00746 
  13.73712 13.54831 13.58191 12.83363 8.802526 8.034546 8.734527 11.3464 11.22652 9.032148 9.13283 11.21059 9.231236 8.566835 9.009578 8.76455 9.058735 9.367349 9.396446 10.11735 10.21317 10.33524 10.31211 
  15.46115 15.43621 15.03171 13.86285 12.37736 12.34069 13.11501 13.82032 12.35903 11.21634 11.61456 13.09247 11.70257 11.04954 11.79029 10.27762 10.73619 10.39193 11.03841 12.93587 11.33334 11.28569 10.65978 
  13.67257 14.59715 14.78478 13.64617 11.10887 11.43694 12.64567 13.87529 12.15312 11.86167 11.1574 13.16217 12.05562 10.42886 11.65788 9.984765 10.4666 10.01936 10.55328 12.73163 11.14131 10.98867 10.63081 
  12.12331 11.17096 10.77522 11.64191 10.6476 10.2142 11.18551 12.83075 13.18266 12.90412 12.46358 12.60457 12.90293 11.85642 10.79718 10.81451 12.05419 11.48637 9.918888 11.2611 11.65339 11.28569 10.32659 
  13.15615 11.9401 10.77522 12.23777 11.16653 10.69266 11.65485 13.38051 13.02823 12.55664 11.9411 13.09247 13.60903 11.79435 10.86339 11.10736 12.62332 11.99866 10.47865 10.68923 11.78141 11.58271 10.71773 
  13.67257 12.35963 9.858753 10.99188 10.30165 9.735741 11.44625 12.9407 11.58687 10.9185 11.09209 11.34998 11.13769 9.99439 9.340615 9.057402 9.807598 9.623494 9.956205 9.953962 10.24517 10.21643 10.67427 
  13.22071 11.73033 10.60338 9.962667 9.148477 9.257279 10.71617 11.89616 10.50584 10.12424 10.11246 10.3742 10.4316 9.063376 8.877163 8.520508 9.238462 9.390635 9.388947 9.708873 9.893115 9.84509 10.5294 
  12.63973 11.80026 10.31699 11.37107 9.782722 8.938305 10.29898 11.73123 10.86618 9.627836 9.655299 10.79239 10.4316 8.504768 8.281295 9.106211 9.298371 8.978959 9.694984 10.03566 10.08514 10.12733 10.2896 
  11.02592 10.54166 10.60338 9.475144 9.898039 9.310442 10.35113 10.52176 9.630726 9.677477 9.981843 10.65299 10.14916 8.566835 8.612332 8.520508 8.908962 9.01806 9.433764 9.708873 9.957125 10.03862 10.68876 
  10.5095 11.59049 11.06162 10.23351 9.494429 9.04463 9.829647 9.752093 9.16743 9.578196 9.459373 10.44389 10.07855 8.877173 8.41371 9.008594 9.298371 9.460493 9.62035 9.831417 10.37319 10.51345 10.63081 
  10.57405 10.82134 10.43155 10.45019 9.725063 8.938305 10.19469 10.02697 9.012998 9.081789 9.589991 11.07119 10.85526 9.684052 8.479918 8.569316 8.700741 8.517566 9.769619 9.953962 9.739285 10.57285 10.428 
  9.67032 10.61158 10.20243 9.637651 8.514233 9.416766 10.55973 9.312285 8.343792 8.684664 9.394065 11.55908 10.85526 9.932322 8.612332 9.594296 9.298371 8.806913 9.074015 9.104271 9.849164 9.941856 10.38454 
  10.57405 10.19204 9.572357 9.583483 9.379111 9.895227 10.14254 8.707549 8.807088 9.8264 9.655299 10.65299 10.07855 9.311646 8.67854 9.203828 9.118645 8.908577 9.433764 9.953962 10.21317 9.949921 10.45697 
  10.44495 11.03111 9.28596 9.854328 9.609746 9.363604 10.09039 9.092381 9.012998 9.925681 10.04715 10.58329 10.07855 9.808187 7.786478 8.666933 8.662853 9.041346 9.508398 9.668025 9.838176 10.03862 10.65978 
  10.5095 10.40181 9.457798 7.579224 7.822329 8.513006 8.63023 8.542622 7.880496 9.677477 9.655299 9.955999 9.796112 8.690971 8.744747 8.862167 8.763886 8.791273 9.471081 9.790569 10.08514 10.08701 10.61632 
  10.76771 10.12212 9.400519 7.633393 7.707012 8.619331 7.743703 8.322717 8.18936 9.379633 9.720608 10.3742 10.50221 10.05646 8.877163 8.618125 9.08869 8.963318 9.471081 9.872266 9.590949 10.07088 10.2896 
  11.41324 11.03111 9.400519 7.416716 8.514233 8.831981 8.578081 8.322717 8.292315 8.982508 8.61036 9.816601 9.443064 8.877173 9.47303 11.74187 11.87446 10.78779 10.47865 10.36244 9.893115 10.36494 10.03074 
  10.96137 11.10103 9.34324 7.7959 8.629549 8.406682 8.265189 7.882909 8.137882 8.734304 8.936903 9.468104 8.807577 7.709554 8.08567 9.203828 9.148599 9.297491 10.03084 10.03566 10.14915 10.24613 10.19956 
  8.766584 9.352977 8.942285 9.150129 8.110621 7.396598 8.108744 8.597597 7.365722 8.684664 8.871594 8.631713 8.666359 8.690971 8.281295 9.057402 8.56182 8.971138 9.62035 10.03566 9.777742 9.901537 10.18831 
  9.1539 9.912355 9.744195 8.283422 7.188084 6.971299 7.848001 7.663005 6.799471 8.833586 8.61036 9.189307 8.666359 8.318565 8.281295 8.474764 8.763886 9.157776 9.366452 9.708873 10.02114 10.72136 10.48594 
  9.605766 11.38072 10.25971 9.420975 8.687208 6.918137 6.569094 7.278172 6.38208 8.337178 7.957273 8.213517 7.960263 8.504768 8.479918 9.008594 8.879008 8.642689 9.306465 9.650408 9.92512 10.10313 9.951962 
  9.799424 9.772511 8.598608 8.391761 7.36106 5.799328 6.449859 7.608029 7.726063 8.4861 8.61036 9.119608 9.090015 9.001308 8.479918 8.618125 9.567962 9.483779 9.956205 9.790569 9.744779 10.57285 10.44248 
  8.185613 8.51391 8.655888 8.770946 7.822329 7.715572 7.691555 7.663005 7.417199 8.4861 8.283816 8.004419 7.621058 8.566835 8.744747 9.057402 8.57445 8.900757 9.313964 9.650408 9.755767 9.933793 10.47146 
  10.44495 10.6815 8.312212 8.770946 7.476377 8.459845 8.213041 7.553053 7.571631 8.039334 8.675669 8.631713 8.666359 8.132363 8.479918 8.483912 8.675483 9.297491 9.956205 9.831417 9.596443 9.966048 10.042 
  10.18674 9.982277 8.541329 8.44593 7.245743 7.662409 7.274366 7.278172 7.262767 8.188256 7.891964 8.492314 7.566468 7.31521 7.567838 8.355828 8.624966 8.697431 9.38145 9.749722 10.37319 10.33524 10.63081 
  9.218452 9.702588 7.968536 7.85007 6.899791 6.918137 6.75288 6.838365 6.799471 7.791131 8.08789 7.55548 8.101482 7.804196 8.347503 8.246041 7.98088 8.994599 9.471081 9.668025 9.87114 10.30554 10.54389 
  8.960242 8.863522 8.025815 8.987622 7.476377 8.300358 7.535109 7.003293 7.108335 7.791131 8.022581 7.940285 7.293519 8.19443 7.913059 8.346679 8.460787 9.344063 9.844254 9.668025 10.24517 10.33524 10.68876 
  11.41324 10.82134 8.48405 8.120915 6.957449 6.971299 6.251136 6.361786 6.144163 6.66694 7.358058 8.143818 7.960263 8.628903 8.143207 8.410721 9.058735 9.01806 9.306465 9.262827 9.893115 10.48375 10.41351 
  11.21958 10.26197 8.541329 7.904239 5.099443 5.906053 6.648583 7.223197 6.902425 6.994479 8.283816 8.213517 7.639255 8.380633 8.177729 8.364977 9.028781 8.994599 9.769619 10.11735 10.27717 10.12733 10.03074 
  11.02592 9.772511 8.770447 7.7959 6.553839 6.652325 6.700732 6.105167 6.302774 7.344364 7.072935 8.004419 7.748434 7.94616 8.281295 8.465614 8.998826 9.111203 9.508398 9.831417 10.11715 10.18673 10.44248 
  10.18674 8.863522 8.885005 7.470885 6.842132 6.226227 6.75288 6.031847 7.056858 6.503171 7.072935 7.45928 7.475485 7.236341 8.281295 8.401572 8.688111 8.924217 9.268973 9.500661 10.14915 10.27583 10.39902 ]
