 [
  4.025847 5.866796 5.220362 4.342098 4.261322 5.793733 5.8933 6.528263 5.710273 6.402303 6.534115 6.566277 7.472456 7.651276 8.369793 8.69231 9.19838 9.466373 9.303065 9.950634 9.910481 10.02205 10.57327 
  3.929906 5.866796 5.865676 4.862918 5.203265 6.242438 5.716108 5.286278 5.417328 5.682573 6.365421 7.16421 7.349591 8.132517 8.232287 8.211823 8.329248 9.22139 9.473778 9.437706 9.700789 10.21168 10.26764 
  5.076751 5.509944 5.773489 4.669319 5.027935 5.413104 5.834236 5.528518 5.519858 6.859459 7.15835 6.477222 7.191622 7.723129 7.994533 8.243443 8.258153 8.637706 9.19637 9.776408 9.985372 10.24948 10.28905 
  3.258321 4.191114 5.865676 4.457309 5.290931 6.018085 6.955722 5.996462 5.754214 6.335351 5.746878 7.759974 7.332038 7.483617 7.618597 8.543817 8.776129 8.509892 9.239048 9.728023 9.985372 10.23058 10.4171 
  1.675297 2.542577 3.388789 3.420416 2.871097 5.256827 5.863768 5.616605 6.154519 6.402303 6.552859 6.566277 7.103861 7.759056 8.278123 8.9605 8.349561 8.842207 9.74289 9.950634 10.24265 9.905716 10.21054 
  3.018468 4.238215 4.532178 3.958064 4.94027 5.334965 5.214064 5.220213 5.24156 6.134496 6.440396 7.03699 6.34912 7.208177 7.894283 8.369916 9.059414 8.714394 9.40976 9.215131 10.00375 10.07822 10.44313 
  2.970498 3.767205 3.251582 4.959717 4.875608 4.592649 5.243596 5.330322 5.13903 6.034069 6.252959 7.499672 7.612232 7.735105 8.186452 8.69231 8.976034 8.931677 9.014989 9.834472 9.843081 10.32508 10.78151 
  3.306291 3.390396 3.251582 4.418905 3.647037 4.905204 5.8933 5.996462 5.768862 6.706202 6.327934 6.731662 7.244278 7.411763 8.186452 8.559626 8.725348 8.842207 8.886954 9.747377 9.947927 9.949843 10.44313 
  2.634705 3.343295 2.794226 3.420416 4.035007 4.358234 5.981896 6.37632 5.475917 6.18471 7.15835 6.693496 7.068757 7.423738 7.961116 8.591245 9.226174 9.735855 10.20038 9.997099 10.05888 9.937809 10.28191 
  4.025847 4.709226 4.623649 3.074785 3.905684 3.615919 5.479852 5.044039 5.534506 6.435779 6.327934 6.960658 7.612232 8.314367 8.644804 8.132778 8.892654 9.245889 9.95818 9.904169 9.858058 10.32508 10.08208 
  1.771238 2.872284 3.434524 3.036381 4.035007 4.670788 5.361724 5.198191 5.24156 5.816476 6.402909 6.935214 7.174069 7.339909 7.952762 8.745948 8.583158 9.22139 9.5276 10.09003 9.640877 9.873622 10.25336 
  2.490794 3.955609 4.029087 3.382012 4.649292 5.022411 4.652956 5.528518 5.845993 5.632359 6.75904 7.759974 6.752819 8.059776 7.844158 7.943068 8.694878 9.319384 9.473778 10.04356 9.902992 10.11718 10.02498 
  2.778616 2.495476 2.016722 2.114698 4.810946 4.358234 4.741552 5.154148 5.490564 6.134496 6.834015 6.986102 7.138965 8.241627 7.835804 8.354107 8.623783 8.663268 9.689068 9.904169 9.655855 10.19278 10.57327 
  3.306291 2.68388 2.336871 3.727643 3.905684 4.55358 5.716108 5.594583 6.463044 6.452517 6.271703 7.049712 7.705417 7.184226 8.278123 9.121414 8.684722 8.30539 8.790929 10.41528 10.05888 10.07019 10.4171 
  4.697433 4.473721 3.06864 2.652347 4.196661 4.670788 5.214064 5.220213 5.754214 6.167972 6.534115 7.176932 6.542193 7.627325 8.507298 8.745948 8.826911 9.110616 9.249718 9.621573 9.580965 10.03008 10.2605 
  5.159589 3.767205 3.06864 3.497222 3.905684 3.381503 4.239509 5.242235 5.095088 6.18471 6.271703 6.477222 7.226726 7.435714 8.369793 8.354107 9.281761 9.245889 9.500689 9.331257 10.00375 10.01804 10.30332 
  6.402146 6.937352 5.957864 3.420416 3.550045 4.670788 5.184532 5.462452 5.754214 5.481718 6.45914 7.113322 7.174069 7.567446 8.086428 8.29087 8.976034 8.97002 9.608334 10.02033 9.506075 10.06217 10.10349 
  6.402146 6.5805 5.681301 4.457309 3.420721 3.068949 4.623425 5.022017 5.845993 6.859459 6.552859 6.706218 6.84058 7.579422 7.919345 8.799586 9.003827 9.147895 9.689068 9.973866 10.05888 10.26838 10.54724 
  5.822286 4.89763 3.983351 3.958064 4.519969 3.967542 4.652956 5.506496 5.695625 6.629572 6.534115 6.578999 7.56564 7.878813 7.560118 8.69231 9.448521 9.539868 9.473778 9.80544 10.13239 9.925774 10.25336 
  8.721586 7.829481 4.943798 4.862918 4.94027 3.498711 5.74564 5.132126 6.154519 7.165974 7.440845 7.707914 7.705417 7.651276 8.186452 8.906862 9.003827 9.110616 9.399091 9.973866 10.05888 10.09025 10.57327 
  11.45521 10.23823 7.156305 5.250116 4.746285 5.178688 5.391256 6.148406 5.490564 6.78283 7.723342 7.551733 7.938377 8.096147 8.78231 10.30145 8.892654 8.701612 9.388422 9.7377 10.22427 10.19278 10.14631 
  14.18884 13.89596 13.42508 12.21968 10.20018 8.859882 8.883444 7.212007 8.159933 9.771354 9.771439 8.384701 9.755472 9.87828 10.66155 11.32057 9.420727 8.663268 9.95818 10.32235 10.33453 10.30618 10.02498 
  15.01721 15.85865 15.5454 14.25247 11.77815 10.05643 10.46693 8.503522 9.239772 11.7637 12.10203 10.46712 12.03849 12.09685 12.99915 13.94884 12.33903 10.83828 10.65787 11.60014 10.81233 10.8354 11.01577 
  14.7687 16.2155 16.09852 14.25247 10.72617 9.90686 9.640762 9.111294 10.01109 12.07022 12.66702 10.88361 12.92374 12.68182 13.59501 14.59249 15.02117 13.89584 12.64931 12.785 12.50269 13.6408 13.38443 
  14.93437 16.2155 16.09852 14.34927 10.9015 9.832075 9.571916 9.94698 10.24248 12.3001 12.10203 11.40421 13.06352 12.31507 13.59501 14.53886 15.10325 14.60743 15.48499 15.82717 15.06132 14.68381 14.7541 
  14.93437 16.03708 16.00634 14.34927 11.25216 10.6547 9.778457 9.263237 11.24519 12.75988 12.73765 11.50833 13.24989 14.27342 14.27391 15.50434 16.82693 16.45757 15.23459 15.99036 16.21684 15.48613 15.88903 
  15.01721 16.03708 16.00634 14.05887 11.69049 11.85125 10.74232 9.719067 11.32232 13.90931 14.43262 13.01809 14.52866 14.12184 14.89835 15.93438 17.56564 16.10178 16.73697 17.21426 16.71205 17.57216 16.76603 
  15.01721 16.2155 16.09852 14.15567 13.00546 11.85125 11.1554 11.16253 11.32232 13.90931 14.22075 13.07015 14.86479 14.04605 14.83591 16.25691 16.99109 16.17294 16.04838 17.62222 17.53742 17.49193 16.92079 
  15.18288 16.48314 16.2829 14.54287 13.35612 12.22517 11.77503 11.61835 10.7824 13.83268 14.43262 12.91397 15.28495 14.425 15.3979 16.25691 17.48356 16.45757 16.42397 16.96948 17.0422 16.9303 15.88903 
  15.34856 16.75078 16.65165 15.02687 13.44379 12.67387 11.56848 11.69433 11.24519 13.52617 14.15013 13.59075 16.29332 15.63764 15.71013 16.84822 17.23732 15.39018 16.86217 16.96948 16.79459 16.68961 16.09538 
  15.58548 17.04909 17.02261 15.51087 13.53145 12.82344 12.25696 11.99821 12.78781 14.59897 14.92699 14.27514 14.94882 14.72816 16.45946 16.84822 16.66277 15.95946 16.86217 17.94859 16.38191 16.20822 16.14697 
  15.78291 17.32881 17.35713 15.99486 13.61912 13.27215 13.35851 12.8339 13.17347 15.7484 15.91573 13.95518 15.7051 14.80395 15.71013 16.28379 16.66277 16.74221 16.23618 16.80629 16.46444 17.25123 15.68268 
  15.98035 17.56858 17.66377 16.57566 14.05744 13.42171 13.49621 13.06181 13.71339 16.54175 16.75864 14.51511 16.29332 15.63764 16.27212 17.19762 17.40148 15.8883 15.29719 15.5008 15.47401 15.96752 14.49615 
  16.23701 17.90824 17.97042 17.13696 14.58344 13.72085 14.04698 13.51764 14.33044 16.90237 17.03446 15.475 17.13364 16.85029 16.83412 16.68695 15.67781 14.74975 14.233 15.25602 14.97879 14.92451 14.39298 
  16.43445 18.10805 18.27707 17.69411 15.02176 14.09477 14.52891 14.12541 14.7161 17.12777 17.36544 16.11492 18.47814 17.38082 16.27212 16.44505 14.85701 13.61121 13.41921 14.52168 14.64864 13.31987 12.52546 
  16.53316 18.14801 18.3607 18.28607 15.63542 14.46869 14.59776 14.35333 15.10175 17.53348 17.5861 16.67485 17.97395 17.15345 17.14634 16.52569 14.85701 13.32657 12.98102 14.3585 13.74074 11.76153 11.95282 
  16.59239 18.18797 18.4722 18.70393 16.16141 14.84261 14.8043 14.80916 15.64167 18.16458 18.30323 17.9547 18.22604 17.30503 17.64589 16.74071 14.20037 12.33034 13.54441 14.19531 12.66776 11.06221 11.58841 
  16.59239 18.14801 18.50008 18.91286 16.57041 15.14175 14.8043 15.11304 16.15175 18.84076 18.85486 18.91459 18.73023 17.07766 17.89567 17.03636 13.95413 12.25918 13.41921 14.84806 14.07088 11.17561 12.44737 
  16.57265 18.04811 18.44433 18.9825 16.90505 15.3103 14.942 15.34096 16.47635 19.15631 19.02035 18.99458 17.46976 16.62292 17.45856 16.57944 13.87205 12.68614 14.2956 15.17443 14.31849 11.89384 13.43648 
  16.53316 17.90824 18.41645 18.91286 16.97941 15.37772 15.05681 15.44499 16.89369 19.20139 19.29617 18.8346 16.12526 15.56185 16.45946 15.85375 13.62581 12.54382 13.66961 14.44009 13.82328 11.64813 12.7337 
  16.45419 17.76838 18.27707 18.84321 16.97941 15.51256 15.17163 15.60103 17.3574 18.93092 19.46166 18.51464 14.78076 14.95553 15.21057 16.20316 13.54373 12.47266 13.48181 13.78735 13.32806 12.42305 13.59266 
  16.4147 17.6485 18.19344 18.77357 16.86787 15.54627 15.28644 15.96513 18.0066 18.88584 19.24101 17.39477 14.19254 14.50079 15.02324 16.47193 13.46165 12.61498 13.23141 13.62416 12.66776 12.10174 13.43648 
  16.29624 17.52862 18.08193 18.63428 16.7935 15.54627 15.51608 16.53729 18.42393 18.7506 18.74454 15.79496 13.43626 13.81868 14.58613 16.20316 13.05125 12.4015 13.23141 13.29779 12.50269 11.51582 13.25428 
  16.17778 17.38875 17.94254 18.42536 16.60759 15.57998 15.47781 16.95341 18.56305 18.34489 17.86192 14.83507 12.64419 12.75762 13.91586 15.74624 12.55877 12.25918 12.46093 12.80823 12.91537 12.51756 13.77392 
  16.01983 17.24889 17.80316 18.21643 16.53323 15.61369 15.63089 17.31751 18.37756 17.93918 16.92414 13.95518 12.78396 12.60603 13.32 14.91432 12.39461 12.0632 12.19181 12.36681 12.15385 11.96944 13.33237 
  15.92112 17.20893 17.69165 18.18161 16.60759 15.74853 15.78398 17.68161 18.42393 17.75887 16.15184 13.53869 12.73737 11.76952 13.09082 14.80705 12.47669 12.4015 12.91842 12.785 12.20898 12.40415 13.8771 
  15.90137 17.24889 17.69165 18.39054 16.83069 15.88337 16.09016 18.04571 18.51668 17.71379 16.04152 13.74693 12.31804 10.96938 13.18249 14.59249 12.47669 12.47266 13.41921 13.2162 11.67605 13.15941 13.8771 
  15.84214 17.24889 17.69165 18.56464 16.97941 16.08563 16.31979 18.04571 18.51668 17.89411 15.98635 12.91397 12.17827 10.96938 12.86164 14.64613 12.25565 12.4015 13.41921 13.2162 11.32689 12.91872 13.77392 
  15.8224 17.28885 17.66377 18.84321 17.23969 16.3553 16.58769 18.04571 18.42393 18.25474 15.91573 12.39336 12.45782 11.04212 12.72414 14.48522 11.89433 12.4015 13.29401 12.88982 11.49228 13.48034 14.65092 
  15.84214 17.32881 17.6359 19.05214 17.35124 16.59127 16.89387 18.20175 18.42393 18.48013 16.09668 12.96603 12.36464 10.93301 12.99915 14.80705 12.28344 12.25918 13.23141 12.97142 11.84144 13.72103 15.21839 
  15.74343 17.34879 17.58014 19.1566 17.46278 16.75982 17.08523 18.25377 18.33119 18.57029 16.86897 13.33045 12.50441 11.44219 13.32 15.07524 12.14447 12.25918 13.16882 12.785 11.73118 13.6408 15.42474 
  15.66445 17.34879 17.49651 19.05214 17.64869 16.99579 17.27659 18.51384 18.42393 18.70552 17.64126 13.95518 12.97033 11.76952 13.96169 15.5581 12.00551 12.13669 12.67622 12.18095 12.09872 13.8815 15.78586 
  15.56573 17.26887 17.35713 18.63428 18.02051 17.09692 17.35314 18.61787 18.37756 18.52521 18.08257 14.5951 13.34307 12.13322 14.64858 15.85375 11.83875 11.89171 12.21873 11.69307 11.9517 13.80126 15.68268 
  15.44727 17.10903 17.10624 18.32089 18.35515 17.16434 17.31486 18.51384 18.37756 18.20966 18.46872 15.15503 13.52029 12.2787 15.14813 16.01501 11.78316 11.49973 11.54594 11.08903 11.73118 13.6408 15.68268 
  15.34856 16.9292 16.74384 18.28607 18.50388 17.26547 17.23832 18.46183 18.42393 17.62363 18.41355 15.95494 13.85641 12.60603 15.27302 15.88063 11.75537 11.15676 10.63096 11.62337 12.06196 13.80126 15.83744 
  15.18288 16.57235 16.2829 18.0075 18.39234 17.19805 17.16178 18.3578 18.42393 17.03761 18.1929 16.83484 14.19254 12.98499 15.46035 15.88063 12.20006 11.49973 10.41567 12.59914 12.50269 13.72103 15.68268 
  14.93437 16.2155 16.00634 17.48518 18.09488 17.09692 16.89387 18.09772 18.19208 16.36143 17.69643 17.31478 14.27657 13.21236 15.27302 15.74624 12.31123 11.47524 11.24992 13.37938 12.83284 13.40011 14.96045 
  14.7687 15.94786 15.5454 16.96286 17.8346 16.86095 16.51115 17.68161 17.77474 15.7484 16.53799 17.07481 14.02448 12.98499 14.08658 14.86069 11.33847 10.5198 10.87316 12.59914 11.91495 12.51756 13.8771 
  14.68586 15.76944 15.36102 16.38206 17.27687 16.45643 15.93707 16.79736 16.38361 14.21582 13.86763 14.91506 12.97033 11.80589 12.76997 13.84156 10.58805 9.613363 10.52332 12.36681 11.30851 11.40242 12.36929 
  14.68586 15.85865 15.36102 16.18846 16.97941 16.49014 16.05189 16.84938 16.15175 14.1392 13.44389 14.5951 13.38966 11.44219 12.21995 14.05611 11.72757 9.95634 10.49641 12.80823 12.33762 11.27011 12.49943 
  14.68586 15.76944 15.17664 15.70446 16.45886 16.18676 15.97534 16.58931 15.68804 13.37291 13.09077 14.35513 13.77238 10.75116 10.8449 13.19791 11.86654 10.64229 9.877447 12.25065 12.13547 11.08111 11.74459 
  14.7687 15.85865 15.17664 15.31727 15.81075 15.95079 16.1667 16.74535 15.41028 12.91313 12.66702 14.5951 14.3606 11.11486 11.62409 13.51973 12.72293 10.76478 9.850535 12.55267 12.33762 10.7409 12.57752 
  14.7687 15.68022 14.34695 14.15567 14.32044 14.61826 14.98027 15.60103 13.94478 11.99359 11.96078 13.43457 13.85641 11.73315 11.30325 11.80332 11.69978 10.02983 10.55023 12.34358 12.24573 10.7031 13.67075 
  14.43735 15.23416 13.70164 12.02608 12.21648 12.59909 13.08312 13.44167 12.0165 10.6909 11.04267 12.23718 13.20329 11.1876 10.15737 10.62328 10.7826 9.637861 10.012 10.87993 10.61019 10.62749 11.8487 
  14.27168 14.78809 12.77976 11.44529 11.60282 11.32776 13.01427 12.8339 11.01379 10.23113 10.12456 11.35215 12.50441 10.93301 9.92819 9.765071 9.643074 9.147895 9.5276 10.11326 10.37129 10.26838 10.93768 
  14.02316 14.1636 12.22663 10.47729 11.1645 11.92603 12.73889 11.39044 10.08822 10.07787 9.065198 10.51918 11.85212 10.16924 10.15737 9.443243 8.892654 9.343882 10.012 10.13649 9.813125 9.905716 10.33901 
  13.85749 13.18226 11.85788 9.122097 10.6385 11.77646 12.05042 12.60598 10.16535 8.928436 9.206446 10.98773 11.15324 9.550949 9.699015 9.175053 9.031621 8.624924 9.554512 10.25266 10.22427 9.881645 10.06067 
  13.77465 12.46856 11.02819 8.928497 8.622206 10.6547 11.77503 11.69433 9.239772 8.851808 8.500206 10.1027 10.03503 9.441839 8.369793 8.906862 9.003827 9.172394 9.324405 9.857704 9.723256 9.921762 10.4171 
  13.60898 12.1117 9.92194 9.606094 8.885201 10.57992 11.29309 10.25087 8.931246 9.234952 8.641454 9.738275 9.802065 9.660059 8.415628 9.175053 8.654253 9.097835 9.463108 9.795763 10.00375 9.929786 9.982158 
  13.02912 11.48721 8.723498 9.025297 8.18388 9.981644 9.503068 8.655465 7.388619 8.08552 8.147086 9.634153 9.569104 9.369099 8.828145 8.906862 9.003827 9.021146 9.014989 9.340935 10.0405 10.23058 10.49518 
  12.61493 11.21957 8.262559 7.186107 8.18388 10.35556 9.571916 8.503522 7.002963 8.238777 8.641454 8.436762 9.755472 9.951019 8.415628 8.622863 8.864861 9.564366 9.554512 9.515124 9.910481 10.36288 10.72945 
  12.03507 10.6843 7.340681 7.379705 7.745554 8.63553 8.676902 7.287978 6.694438 7.932262 7.793966 8.540882 9.47592 9.478209 8.78231 8.853224 8.725348 8.995584 9.335074 9.815117 9.865547 10.24948 10.49518 
  11.28954 10.14902 7.156305 6.992507 8.096215 8.485962 8.126124 7.136035 6.694438 8.162148 8.57083 8.801185 8.963406 8.714437 8.036303 7.626884 8.420655 8.650487 9.4311 10.04356 10.05888 10.51409 10.33901 
  10.37833 9.702953 5.312549 6.50851 7.570224 9.233803 9.021138 8.123665 7.157226 8.08552 8.429582 9.217669 9.009997 9.587319 7.593534 8.322488 8.837068 9.123397 9.608334 9.476416 10.20589 10.24948 10.75548 
  8.88726 8.275546 6.326615 5.056517 6.956568 9.832075 8.745749 8.42755 7.311488 8.545293 8.288334 9.477972 9.149775 9.660059 9.103157 11.42785 12.00551 12.0632 10.81934 9.795763 9.580965 9.841529 10.44313 
  7.810377 8.186333 6.418803 6.702109 7.482559 9.383371 8.608055 7.971722 6.848701 7.855633 8.005837 8.853246 7.891785 8.859918 8.094782 10.67692 11.11612 11.23025 10.03891 9.428029 9.820613 10.60859 9.996431 
  4.911077 5.368641 5.773489 4.766119 5.816921 7.73812 7.919583 7.212007 6.694438 6.859459 7.582094 8.176458 7.612232 7.531519 7.96947 8.69231 8.603471 9.147895 9.74289 9.660282 9.902992 9.96589 10.65136 
  7.72754 7.026565 5.404737 5.637314 6.868903 7.812904 6.26725 6.37632 6.694438 7.625747 7.15835 8.384701 8.031562 8.714437 8.027949 8.29087 9.059414 9.882845 9.904358 9.857704 9.910481 10.02606 10.52121 
  6.816332 6.758925 5.035986 5.637314 6.693573 7.73812 7.162264 6.37632 6.463044 6.936088 7.087726 7.916156 7.612232 7.950666 7.652013 8.799586 9.226174 9.441875 9.004319 9.553833 10.00375 10.60859 10.91165 
  5.822286 5.32154 5.865676 5.540514 6.255247 7.73812 7.024569 5.330322 5.768862 6.50273 6.702809 7.812035 7.384695 7.44769 7.835804 8.354107 8.552689 9.490871 9.877447 10.04356 10.24265 10.09828 10.4171 
  4.745403 6.491287 5.496925 5.443715 5.553926 7.73812 7.093416 6.224377 6.23165 6.251661 7.017101 7.265986 7.98497 8.059776 8.232287 8.417343 8.583158 9.22139 9.796713 10.0668 10.00375 10.26838 10.54724 
  4.745403 5.68837 4.3035 3.842854 5.027935 7.214632 6.680333 4.999995 5.923124 6.78283 6.946477 6.578999 6.823027 7.735105 8.78231 9.067777 8.187058 9.05949 9.500689 9.602219 10.0405 10.17388 10.36504 
  4.697433 5.956009 4.943798 5.056517 4.455307 6.915495 7.024569 6.224377 5.388033 7.472489 7.15835 6.935214 7.752008 7.794983 7.894283 8.116968 8.481594 8.918896 9.74289 10.0668 9.895503 9.961879 10.18199 
  4.745403 4.285316 4.943798 4.572519 5.466261 6.541574 7.368805 5.996462 5.358739 6.268399 6.946477 7.087878 7.658824 7.6393 7.961116 8.338297 8.359717 9.368381 9.554512 9.904169 9.970393 10.21168 10.23195 
  4.217729 4.191114 4.029087 3.650836 4.584631 6.317222 6.611486 4.669669 5.007205 5.531932 7.017101 7.655854 7.244278 8.314367 8.094782 8.401534 8.552689 9.123397 9.40976 9.834472 9.880526 9.905716 9.967884 
  3.594113 4.709226 4.486443 4.495712 5.027935 6.541574 6.611486 5.440431 6.000256 6.552944 5.840597 7.29143 7.332038 8.568957 8.002887 8.211823 8.187058 9.245889 9.74289 9.973866 10.13239 10.15498 10.26764 
  3.929906 5.599157 4.806591 4.572519 4.325984 5.139619 4.830148 4.207211 4.831438 6.050807 6.365421 6.960658 7.349591 8.350737 8.278123 8.69231 9.115001 9.196892 9.324405 9.7377 9.917971 10.11718 9.882239 
  4.073817 4.520822 3.571731 4.669319 4.94027 4.748927 6.129556 5.396387 5.5638 6.452517 7.370222 7.655854 7.26183 8.205256 7.961116 8.745948 8.684722 8.599361 9.260387 9.524801 10.0405 9.985949 10.28191 
  4.40961 5.509944 3.708938 3.382012 4.131999 5.569381 6.74918 5.996462 5.534506 6.50273 7.935214 8.228519 7.938377 8.859918 8.553134 9.604156 10.19894 9.858347 9.715979 10.76377 10.9226 11.74263 11.82267 
  4.697433 4.473721 4.577913 4.342098 4.131999 3.928473 6.404944 5.616605 5.505211 6.706202 6.534115 7.395551 7.419799 8.350737 7.82745 8.638672 9.19838 9.343882 9.345743 10.09003 10.20589 10.49519 10.49518 
  4.745403 4.991832 4.3035 3.727643 4.293653 4.748927 5.538916 4.69169 6.000256 6.706202 6.271703 6.591721 7.367143 7.890788 7.82745 7.990495 8.864861 8.829426 9.111014 9.689314 10.2794 10.21168 10.57327 ]
