 [
  5.010845 3.940965 5.031222 5.185566 5.664001 6.120447 5.593299 5.830326 6.268985 6.845652 7.958308 8.632436 8.504881 8.38958 8.421668 8.598732 9.06177 9.380583 9.71541 9.515237 9.960506 10.0967 10.42511 
  4.426457 5.257183 4.442382 5.254625 5.74102 6.175501 5.96954 6.098343 7.200953 7.138683 7.299523 7.926147 7.93006 8.120146 8.23502 7.683313 8.852573 9.077243 9.644569 9.909777 10.2099 10.0375 10.09155 
  4.864748 4.841536 5.178432 4.633092 4.354665 6.120447 6.971343 6.665504 7.62195 7.548926 6.759548 7.123718 8.054358 8.174168 8.334565 8.373893 8.82468 9.263913 9.456453 9.692019 9.891097 10.17809 10.54225 
  5.668282 4.841536 3.779939 3.666262 4.162116 3.891622 5.754545 5.361297 5.846 6.613092 7.898418 8.397006 7.93006 8.819726 8.735114 8.373893 9.005984 9.513397 9.815288 9.574164 9.700221 9.956108 10.46117 
  5.303039 5.049359 5.399246 5.392744 4.932313 5.142892 4.840817 5.294293 6.008687 6.55635 7.778639 7.690717 7.656605 8.485168 8.630631 8.662972 8.852573 9.380583 9.71541 10.01222 9.775414 10.1633 10.22678 
  6.617911 5.049359 6.2089 7.424765 6.775635 6.450773 5.700796 4.59075 5.97615 6.140244 6.807589 7.985004 8.110673 7.669959 7.961269 8.614792 8.657323 9.053908 9.69044 9.734109 9.856392 10.34718 10.42511 
  3.988166 3.663866 4.589592 5.116507 4.855293 4.712768 5.190184 5.193787 6.366597 6.367211 6.014915 6.338421 6.786521 8.066123 8.334565 8.711152 8.782841 9.424854 9.815288 10.01222 10.15012 10.00051 10.59624 
  4.207312 3.594591 3.927148 3.597203 4.893803 5.573016 6.235855 4.657754 5.650776 6.178072 7.095834 7.315679 8.279619 8.676344 8.996319 8.808975 8.601537 8.983907 9.17428 10.13516 10.15012 10.34718 10.75821 
  2.308052 2.070549 1.498187 3.87344 4.893803 5.142892 4.921441 5.495306 6.171373 6.083503 7.59897 6.861952 6.463347 7.09372 7.911496 7.972393 8.197089 8.633899 9.341495 9.889288 9.931585 9.94131 10.75821 
  4.645603 3.386767 2.45505 2.90661 3.661488 4.517257 4.410828 4.054717 4.381822 5.87545 6.783568 7.071364 6.83624 7.201765 7.687518 7.940273 8.727056 9.322248 9.498257 9.6836 10.0357 10.60694 10.56925 
  6.544863 4.702986 3.191099 3.113788 3.353409 4.087133 5.781419 6.198849 5.878537 6.367211 5.582547 6.669991 8.054358 8.246198 8.630631 8.293592 8.615483 9.077243 9.665471 9.675182 10.22983 10.41212 10.28988 
  3.915118 4.564437 4.515987 3.459084 3.931057 3.617907 5.700796 5.997836 6.622082 5.553914 5.72667 6.966659 7.606886 8.210183 8.359452 8.614792 8.936253 9.557669 9.940135 9.767781 10.60846 10.30389 10.47018 
  4.426457 3.386767 3.264704 2.837551 3.777017 4.20444 5.512676 5.059779 5.715851 5.459344 6.471303 7.141169 7.059976 7.687966 8.421668 8.711152 8.782841 8.878904 9.519159 9.742527 9.792767 10.30389 10.50624 
  3.111585 3.594591 2.89668 2.285077 3.545958 5.221097 5.405179 5.093281 5.911075 6.083503 7.119854 7.455287 7.507448 7.832026 7.737291 8.518433 8.727056 8.995574 9.765349 9.346874 10.0704 9.859915 10.22678 
  3.769021 2.555471 3.559124 4.84027 5.432941 5.690323 5.432053 5.361297 5.748388 6.72844 6.495323 6.896854 7.134554 7.778004 8.135474 8.181172 9.194468 8.97224 8.996615 9.692019 10.48889 10.47706 10.47018 
  2.892439 3.594591 4.810407 5.116507 4.893803 6.28561 6.183321 5.026277 6.569458 6.72844 7.65886 7.455287 7.283712 7.363832 7.936382 8.760063 8.503912 9.217246 9.815288 10.40151 10.92731 10.45541 10.46117 
  4.28036 4.772261 4.957617 4.909329 5.74102 5.573016 6.130785 5.930832 6.106298 7.607532 7.71875 8.043861 8.054358 7.741989 8.359452 8.808975 8.699162 9.424854 9.571413 9.725691 10.0357 10.27429 10.32594 
  4.061215 4.148788 4.295173 4.356855 4.970823 5.612118 5.485802 5.193787 5.715851 6.962864 7.179744 7.514145 7.93006 7.471877 7.84928 8.261473 8.615483 8.937239 9.498257 9.860381 10.36932 10.24469 10.32594 
  3.184633 3.040394 3.117495 4.011559 4.739764 5.221097 5.136435 4.389738 5.878537 6.613092 7.071814 7.071364 7.582026 7.543907 8.347009 8.582672 8.545751 9.135577 9.71541 9.725691 9.908449 10.26689 10.54225 
  2.965488 2.070549 2.528656 2.837551 4.123606 5.338403 5.055812 5.026277 4.511971 5.761967 6.351201 6.373323 7.656605 7.705974 8.52615 8.808975 9.089664 9.424854 9.613216 10.13516 9.995211 10.39047 10.4792 
  7.190688 8.010084 8.464836 8.288639 7.80163 7.496809 9.598086 10.8654 11.56879 11.94439 11.85113 11.45759 12.27801 13.0734 13.17559 12.72189 13.91069 14.07336 13.9134 15.12627 15.34813 15.79372 15.65178 
  9.75028 10.13614 11.56675 11.3122 10.33242 10.85513 11.96215 13.14864 14.10746 14.48634 14.42638 14.40047 14.92484 15.63591 15.74732 15.41777 16.54977 16.52054 16.543 17.67882 17.98985 18.4278 18.38358 
  8.090005 8.187256 11.28476 12.32005 10.81121 11.40568 11.06906 10.60614 10.98992 11.76857 12.50991 12.87017 13.01011 13.16898 12.80991 12.72189 13.54387 13.67492 13.9134 14.46755 15.34813 15.28389 15.30155 
  10.09617 9.870383 11.94274 12.39204 12.7948 13.30892 12.85525 12.83572 14.51071 14.6438 14.78571 15.81039 15.87389 15.4769 15.00403 15.56642 14.90634 15.15257 15.84178 16.1967 16.28551 16.47348 15.65178 
  14.38522 15.18552 14.48067 15.55958 15.30437 14.72398 14.53797 14.08741 15.72044 17.08443 17.01225 17.37096 17.03509 16.66948 16.38613 17.05295 16.48706 16.52054 16.543 16.85542 17.30811 17.66307 17.12275 
  19.52125 17.87057 17.01859 16.54801 15.9543 16.7758 15.76176 14.19172 14.81314 15.27364 14.72582 14.51818 15.09378 14.92037 14.69058 14.82507 14.64433 14.69317 16.13396 15.12627 15.77421 15.79372 16.07206 
  20.13513 19.57397 18.24056 18.08431 17.82286 16.35129 15.30284 15.2348 16.82937 17.0057 15.6476 15.72826 16.11835 13.8381 15.00403 15.49209 15.69238 13.98482 13.7381 13.39713 14.24031 14.51916 14.32091 
  18.36169 18.06289 18.89031 19.55077 18.87901 15.71451 15.76176 16.38218 17.83748 17.39935 15.50395 16.63174 16.91286 14.36384 15.66747 15.71507 15.06355 13.58638 12.2623 12.22503 12.79162 13.83939 14.39095 
  18.02065 18.475 19.13676 19.76027 19.20397 15.99752 16.29717 17.21664 18.24073 17.16316 15.79125 17.37096 17.27955 14.68186 15.98687 15.04613 13.64868 13.01085 11.76291 11.7128 11.60486 12.70666 13.97068 
  16.31542 18.25521 19.09195 19.8301 19.12273 16.28053 16.83258 18.15541 18.24073 16.2184 15.86307 17.28882 15.75166 14.76136 15.42791 14.14032 12.39102 11.01863 10.11492 10.85227 12.40198 12.38196 12.53992 
  15.00782 17.57734 18.14656 18.08431 17.98535 16.7758 17.06204 18.05111 17.23261 15.35237 15.3603 14.57704 13.6859 13.69472 12.18302 12.33059 12.33862 11.10717 10.63928 13.31479 14.75161 12.72831 11.83803 
  16.1108 17.84309 18.48701 18.64296 17.66038 16.35129 17.59745 18.36403 16.2245 15.98221 15.07301 13.75303 12.55959 11.87854 10.82475 10.71652 11.08096 10.753 10.26474 11.30302 12.36213 11.1914 11.29812 
  16.65647 18.22773 19.00233 19.41111 18.71652 16.28053 17.52097 18.46834 17.53505 16.29713 16.22219 14.98904 14.58694 13.79031 12.91439 11.74366 11.70979 11.59416 11.1137 11.26205 12.24256 11.01823 12.40494 
  17.33856 18.50247 19.38322 19.8301 19.28522 17.05881 17.67394 19.40711 18.54316 16.76951 16.50948 14.98904 14.24905 13.74251 12.39198 10.47196 11.29057 11.85979 10.23977 11.28254 12.02335 10.65023 12.40494 
  17.47498 18.50247 19.51765 20.0396 19.36646 17.62483 17.13853 19.09418 18.74479 16.84824 16.79678 14.93018 13.79853 14.17266 11.29492 10.12958 11.81459 11.0629 10.01504 10.7908 11.30594 10.78011 12.80987 
  17.6796 18.63984 19.51765 20.24909 19.12273 17.55408 16.75609 18.67695 19.55128 17.63554 17.37137 16.13893 14.24905 14.52285 12.2875 11.45019 12.60063 11.46134 9.790318 10.95471 12.12299 11.88409 13.94368 
  17.74781 18.66732 19.56246 20.31892 19.4477 17.62483 16.52663 17.32095 19.04722 19.05268 18.01778 17.6995 15.44608 15.63591 13.64576 13.25991 13.80589 11.59416 9.52961 11.93818 12.62119 12.62008 14.32091 
  17.6796 18.55742 19.49524 20.24909 19.61018 17.55408 16.29717 16.38218 17.43424 19.13141 18.87967 18.52085 17.03509 16.82849 15.66747 14.97181 15.79718 13.14366 10.31468 13.15011 13.21771 13.15963 14.461 
  17.61139 18.50247 19.36081 20.0396 19.69142 17.34182 16.22068 15.75634 15.51882 18.42284 19.31061 19.0958 17.8296 17.38502 17.90331 17.79622 17.86681 15.04734 11.53818 12.0816 12.79162 16.04863 16.70247 
  17.54319 18.42005 19.316 19.8301 19.28522 17.12956 15.99122 15.02618 14.40989 16.2184 18.95149 19.26007 18.31852 17.62354 18.54212 18.61381 19.24656 17.52021 13.62123 11.79476 12.46177 16.04863 16.21215 
  17.54319 18.33763 19.316 19.8301 18.4728 16.91731 15.5323 14.71326 14.10746 15.4311 18.44873 19.91715 18.92968 18.49809 18.30256 18.46515 19.74829 18.36204 14.5562 13.97351 13.55857 15.45383 15.58174 
  17.47498 18.3651 19.49524 20.10943 17.25417 16.6343 15.22635 13.9831 14.30908 15.27364 18.30508 20.16356 18.92968 19.37265 18.14286 18.09352 18.74483 17.8359 14.08871 14.22053 15.00726 16.55845 16.21215 
  17.33856 18.55742 19.65208 20.0396 16.19803 15.85602 14.99689 13.77449 14.10746 15.11618 18.08961 19.91715 18.74634 19.13413 19.02123 18.53948 18.93298 17.52021 13.38749 13.31479 14.92204 16.72839 16.35224 
  17.13393 18.66732 19.58486 19.34128 16.19803 14.86548 14.76743 13.67018 13.80503 14.80126 17.1559 19.67075 19.11303 19.21364 19.42048 19.4314 18.43125 16.57315 14.20558 13.47947 13.89944 15.53881 14.95132 
  16.8611 18.66732 19.47284 18.5033 15.9543 14.22871 14.53797 13.46157 13.70421 14.6438 16.65313 19.42434 18.86857 19.29314 19.97944 19.65438 19.24656 17.20452 15.66647 15.04393 14.75161 15.87869 14.95132 
  16.65647 18.66732 19.47284 17.94464 15.71058 13.66269 14.07904 13.25295 13.6034 14.56507 16.50948 19.17793 18.31852 19.29314 20.13915 19.58005 19.62285 17.57282 16.25083 15.70266 16.28551 16.89833 15.79187 
  16.38363 18.61237 19.33841 17.45582 15.30437 13.23817 13.46714 12.94003 13.20016 14.17142 16.22219 19.34221 18.56299 18.97512 20.13915 19.4314 19.49742 17.62544 16.3677 15.86734 16.54116 17.06828 15.79187 
  16.17901 18.50247 19.18157 16.7575 14.9794 13.16742 13.00822 12.52461 12.83179 13.64397 15.86307 19.26007 18.6241 18.5776 19.97944 18.91111 18.87026 17.4676 15.90021 15.29095 16.02986 16.38851 15.23151 
  16.04259 18.3651 19.11436 16.19885 14.57319 12.9472 12.75018 12.21351 12.62129 13.40954 15.21665 18.84939 18.44076 17.94156 19.97944 18.3165 18.68211 17.30975 15.31586 14.79691 15.51856 15.96366 14.88128 
  15.90617 18.20026 18.95752 15.91952 14.1628 12.67193 12.3299 11.74686 12.25291 12.94069 14.48627 18.11018 17.89071 17.30552 19.42048 17.49891 18.30582 16.83623 14.90681 14.46755 15.00726 15.45383 14.25086 
  15.83796 17.95299 18.77828 15.63156 13.684 12.28655 11.90962 11.2802 11.88454 12.47184 13.76759 17.37096 17.27955 16.43096 18.30256 16.82997 17.99224 16.62577 14.5562 14.13819 14.15509 14.6891 14.18082 
  15.6996 17.66592 18.57664 15.4156 13.1368 11.84611 11.48934 10.9691 11.30567 11.94439 13.10881 16.63174 16.79063 15.31789 17.82346 16.75564 17.92952 16.62577 14.7315 14.30287 13.81422 14.60413 14.04072 
  15.56125 17.31158 18.24056 15.12764 12.5212 11.40568 11.22667 10.19134 10.67418 11.35833 12.27035 15.48185 15.99612 14.60235 17.18464 16.38401 17.49051 16.62577 13.62123 13.15011 12.62119 14.17928 13.40377 
  15.56125 16.60289 17.77057 14.76769 12.45281 10.96524 10.70132 9.776536 9.779558 10.24481 11.13245 13.98846 14.64326 13.59913 15.90702 15.49209 17.36508 16.20485 13.38749 13.06777 11.82407 13.07466 12.53992 
  15.28453 16.51431 17.39458 14.33575 12.11081 10.57986 10.17597 9.569134 9.569059 10.06899 10.65334 14.04732 14.64326 13.12119 14.53386 14.82507 17.30236 15.57348 12.86157 12.90308 11.80414 12.96642 12.97184 
  15.28453 16.86865 16.26661 14.0478 11.63201 9.864151 8.915133 8.687675 8.411319 8.955474 9.994551 12.6936 13.74221 13.12119 15.10851 14.9229 16.36162 15.36302 12.28727 11.99965 11.02695 12.46855 12.26996 
  15.14618 16.60289 16.07862 14.0478 11.90561 10.24953 9.545551 8.739525 9.463811 9.77596 10.71323 13.69418 15.26273 13.55134 15.82717 15.71507 17.55323 16.15224 12.71175 12.49138 12.16285 12.68502 12.53992 
  13.90097 15.98279 15.70263 12.82397 10.87961 9.093388 8.757528 7.961767 8.306069 9.01408 9.994551 13.98846 15.56831 12.97781 15.82717 15.71507 16.98878 15.20518 12.16242 11.75378 10.98709 11.62433 12.32395 
  14.73111 17.22299 16.36061 13.61586 11.97401 10.46975 9.493016 9.361732 9.305937 9.482929 10.59345 13.16446 14.92484 12.88222 14.11593 14.14032 15.53517 14.42754 11.33843 10.38102 10.32947 11.45116 11.4331 
  12.51741 15.36269 15.51464 11.67214 9.853619 8.157462 7.916971 7.702515 7.779823 8.603837 9.096209 12.45817 14.69957 13.50354 14.5861 14.58052 16.11076 15.04734 12.28727 10.89325 10.5686 11.55939 11.56808 
  14.10851 16.15997 14.01068 12.60801 10.46922 9.313606 8.179646 7.961767 7.779823 8.838262 9.096209 10.86902 13.74221 13.45575 15.00403 14.77616 16.23619 15.04734 12.08751 10.27858 10.30954 10.56365 10.92019 
  14.17768 16.51431 16.07862 13.47188 11.08481 9.423715 8.599924 8.895077 8.516568 8.721049 9.515435 11.75188 14.418 12.30869 13.85473 13.50447 14.38231 12.78949 10.28971 10.62689 10.36932 10.45541 10.59624 
  10.23453 13.5024 13.63469 10.23235 7.391232 6.175501 5.888916 5.796824 6.727332 6.904258 7.119854 9.515298 12.84117 12.40428 12.39198 11.59692 14.38231 14.60462 12.46205 10.38102 11.48529 11.71092 11.29812 
  13.00166 14.83118 12.97671 10.5923 8.622425 7.056373 6.603599 6.250699 6.20391 6.461781 7.119854 8.926723 12.50327 12.69104 12.80991 12.13495 14.69673 15.04734 12.71175 10.56542 11.48529 11.75421 11.08216 
  13.62426 15.80562 15.23264 12.03209 10.26402 8.487789 7.496692 7.080308 7.306202 7.255895 7.958308 9.103295 12.39064 11.68737 12.02629 12.7708 14.0679 13.18793 11.16364 10.36053 10.28961 10.73682 10.65023 
  11.34138 13.5024 12.88271 9.728428 7.391232 6.00314 6.103911 6.198849 6.464209 7.431714 8.018197 8.514721 12.44696 12.93001 13.33232 13.94467 15.74478 15.00307 13.15374 10.89325 11.08673 11.42951 11.21714 
  11.96398 13.67957 10.62677 9.51246 9.032824 7.992299 9.282877 9.413582 8.832315 8.603837 9.335767 9.397583 11.03907 11.25722 10.98147 11.35237 12.60063 12.34678 11.16364 10.40151 11.64472 11.01823 10.92019 
  12.8633 14.56542 11.37875 9.728428 9.238022 7.111427 9.125273 8.480272 8.095572 7.78335 8.078087 8.632436 10.30697 10.77928 8.996319 10.2274 11.81459 11.23999 10.56437 10.19662 11.32587 11.14811 11.16315 
  13.83179 15.53987 12.78871 11.09623 9.101223 7.27659 6.761204 5.997836 6.464209 6.904258 6.399241 7.053914 9.800135 10.30134 8.996319 9.151355 10.81894 10.57591 9.965105 9.540492 10.05884 10.41212 10.39806 
  14.4544 15.45128 13.07071 11.9601 10.81121 8.26757 7.496692 7.23586 5.13018 6.121331 6.663466 7.514145 11.09539 11.30502 10.66803 10.47196 12.23381 11.41707 10.7891 10.21711 10.22983 10.32553 10.67723 
  14.66193 15.36269 13.1647 11.88811 10.46922 8.818115 9.860761 9.932088 9.200687 9.248505 9.874772 9.927299 11.54591 11.59178 10.72027 10.96108 13.12465 12.65668 12.56193 10.99569 12.50162 11.99232 10.89319 
  14.59275 14.91977 12.88271 12.03209 10.53761 8.322625 9.860761 9.465433 8.463943 8.662443 8.85665 8.98558 11.26433 12.06972 10.72027 10.86325 12.54823 12.34678 12.63684 11.09813 11.96357 11.53775 11.16315 
  14.03933 14.29967 12.22473 10.16036 9.238022 8.652952 9.493016 8.843226 7.464076 7.080077 6.807589 7.690717 11.94012 12.88222 12.33974 11.30346 13.01985 13.27648 13.56279 12.20454 11.00702 11.03987 11.08216 
  12.8633 12.61654 11.00276 8.936543 7.459631 7.77208 9.387947 8.117319 7.148328 6.461781 7.479192 7.690717 9.293296 11.78296 10.30234 9.982848 11.86699 11.81552 11.98763 11.344 10.15012 10.73682 10.51525 
  10.37288 10.66765 8.558833 7.784712 6.160038 7.331645 7.811901 7.858066 7.358827 7.255895 7.65886 7.368032 8.504881 9.297667 8.944077 8.857886 9.823298 9.734755 9.71541 9.971244 9.937369 10.0671 10.51525 
  5.960475 6.157754 7.430865 8.14466 6.775635 6.946264 7.339087 7.961767 7.832448 7.548926 6.975732 7.141169 8.279619 8.580756 8.421668 8.857886 8.754948 9.357249 9.965105 10.17613 9.729141 10.00791 10.4792 
  6.837057 7.921498 8.558833 8.216649 7.391232 6.726046 8.179646 7.754365 8.042947 7.138683 6.783568 7.00156 8.166988 8.066123 8.123031 9.347 10.08531 9.205579 9.915166 9.930266 10.00678 10.56365 10.75821 
  6.179621 6.296304 7.054876 8.216649 7.596431 7.111427 7.128948 6.717354 6.268985 6.669834 7.65886 7.245875 7.457728 8.293992 7.625302 8.630852 9.299273 9.380583 9.602766 9.971244 9.908449 9.94131 10.49722 
  6.983154 6.947056 6.678886 6.992828 6.844035 6.175501 7.076413 6.769205 6.516833 7.548926 7.047793 6.984109 8.448565 8.724138 9.100801 9.249177 9.613688 9.263913 9.466905 9.767781 10.09033 9.93391 9.938298 
  7.190688 6.947056 6.866881 7.064817 7.528031 6.836155 7.181483 7.391411 6.268985 6.65092 7.299523 7.176071 8.673827 9.345461 9.362005 9.200266 9.770896 9.469126 9.69044 9.971244 10.11026 10.1559 10.59624 
  7.12151 6.296304 6.06169 6.77686 7.254433 6.946264 7.654296 6.976607 7.306202 7.255895 6.87965 8.161576 9.12435 9.345461 8.996319 8.808975 8.950199 9.557669 9.435552 10.21711 10.8476 11.21305 10.81221 
  7.398223 6.504128 6.2089 6.70487 6.980834 6.615937 7.286552 6.458101 7.148328 7.314501 7.59897 7.86729 8.786458 8.771933 8.110587 8.695092 9.456481 9.00724 9.508708 9.868799 10.3494 10.65023 10.81221 
  9.266033 8.364427 7.806855 6.70487 5.886439 5.690323 6.130785 6.06484 6.301522 5.951106 6.85563 6.547833 7.333431 7.904056 8.297235 8.309652 8.768894 8.773902 9.331043 9.633091 10.09033 10.18549 10.47018 
  8.920143 8.09867 7.994849 6.920839 5.81804 6.28561 6.551064 6.131845 6.569458 6.178072 6.831609 7.573002 7.582026 7.525899 8.098145 8.438132 9.508883 9.357249 9.393748 9.330038 9.804335 10.45541 10.67723 
  8.920143 8.275841 7.430865 7.208797 6.023239 6.7811 7.076413 6.924756 7.043079 6.962864 6.999752 7.514145 8.279619 8.532962 7.88661 8.534492 8.894413 9.100576 9.990074 9.759363 10.58853 10.45541 10.73122 
  9.127678 8.364427 5.693666 6.290514 5.81804 6.175501 6.183321 6.561802 6.832581 6.613092 7.119854 6.792148 7.979779 8.38958 8.787354 8.550552 8.810734 8.82057 9.247437 9.692019 9.989427 10.20029 10.59624 
  9.127678 8.453012 7.61886 8.288639 7.117633 5.494812 5.458927 6.30255 7.148328 6.669834 7.071814 7.228424 7.308571 7.958078 8.996319 8.808975 9.089664 9.424854 9.425101 9.607837 10.11026 10.47706 10.75821 
  10.58042 10.04755 7.994849 7.208797 5.548471 5.338403 5.647048 6.821055 6.832581 6.613092 7.239634 7.420385 7.507448 7.669959 8.048371 8.906797 9.299273 9.513397 9.69044 9.439474 9.891097 9.889513 10.40708 
  9.75028 8.541598 7.524862 6.77686 6.160038 6.081345 6.603599 6.613653 7.148328 6.904258 7.71875 7.315679 7.606886 8.246198 8.944077 8.857886 9.142066 9.333915 9.592315 9.624673 9.798551 10.25949 10.73122 
  9.127678 9.338869 8.464836 6.635811 5.240392 5.768527 5.566424 6.3544 7.043079 7.548926 7.59897 8.867866 9.293296 9.632225 10.45906 10.37414 11.39537 10.48737 9.623668 9.930266 9.862176 10.26689 10.67723 
  8.505074 8.718769 7.712857 5.185566 5.664001 6.120447 6.183321 7.028458 8.727066 10.1276 11.07256 10.7513 10.13803 9.775607 10.66803 11.69475 12.49582 11.19571 10.46449 10.81129 10.22983 10.36883 10.34397 
  10.09617 10.04755 8.934822 7.280786 6.844035 5.690323 6.498529 6.665504 7.62195 9.248505 10.05444 9.397583 8.899088 8.580756 9.153041 10.2274 11.13336 10.1332 9.581864 9.991733 10.0704 10.19289 10.23579 
  10.51124 9.250283 7.148873 6.992828 6.638836 6.175501 6.28839 5.89733 6.727332 6.348298 7.359413 7.455287 6.985397 8.066123 7.961269 8.261473 9.456481 9.513397 9.69044 10.09418 9.925801 9.830317 10.28087 
  9.75028 9.073112 5.399246 6.014277 5.586981 5.455709 5.512676 6.198849 6.431671 6.159159 6.591405 7.573002 7.880341 7.633944 8.839596 8.614792 9.299273 9.380583 9.17428 9.860381 10.3494 10.73682 10.89319 ]
