 [
  5.73697 5.310071 4.582102 3.471913 3.918419 5.443855 6.064322 5.29484 5.694851 6.42073 6.582078 6.639686 7.143167 7.691364 8.300237 8.578643 9.297761 9.487531 9.536987 9.525368 9.796119 10.09394 10.66613 
  6.797327 4.962732 4.767676 4.833771 4.645174 5.162683 5.847744 5.704196 5.793628 6.802042 6.659869 6.709056 7.473485 7.422603 7.965014 7.96798 8.706509 8.847457 9.580969 9.824652 9.830936 9.944737 10.1055 
  5.900102 4.962732 4.489315 4.7359 4.645174 5.53758 5.381934 5.574925 5.655341 5.7073 6.73766 7.392605 7.518528 8.590215 8.353226 8.772247 8.590195 9.206485 9.461424 9.44415 9.963242 10.16281 10.69558 
  6.797327 6.004749 4.953251 4.638029 4.94072 4.975234 4.941573 5.531836 5.931915 5.751889 6.535403 7.014287 7.488499 7.801311 7.952185 8.507636 8.900366 9.060933 9.580969 9.291867 9.761302 10.41708 10.54835 
  9.081173 8.609791 5.602761 4.638029 4.74369 4.481752 4.710907 5.891681 6.361269 6.960406 7.275435 7.90694 7.578586 7.337088 8.459203 8.826446 9.200838 9.196781 9.624951 9.139585 9.970205 10.30053 10.5778 
  8.428646 6.873096 5.138825 4.638029 4.420263 5.068958 4.731877 5.16557 5.655341 6.019425 7.597595 8.035524 7.563571 7.984558 8.144617 8.772247 8.706509 9.167671 10.02079 9.895305 10.04483 10.10542 10.78391 
  6.797327 5.65741 5.231612 3.762747 5.236266 5.443855 5.193208 5.488746 6.20849 6.802042 7.339868 7.328313 7.203225 7.666931 8.353226 9.043237 8.887443 9.253325 9.461424 9.824652 10.27473 10.46369 10.8428 
  6.878893 6.612592 4.101528 2.470151 4.448143 4.892987 5.558974 5.359476 5.931915 6.643677 7.275435 7.236273 7.503514 8.135009 8.353226 8.578643 8.887443 8.954195 9.15614 9.647194 9.642923 10.12838 10.36617 
  4.409541 3.73239 4.303741 4.442286 4.197221 4.947818 5.319025 4.95012 4.944149 5.974836 6.317587 6.72293 7.488499 7.776878 8.883114 9.260028 9.003757 9.187078 10.02079 9.965959 9.963242 10.487 10.40788 
  5.166008 3.767857 4.065053 3.601172 4.94072 4.975234 4.522182 5.510291 6.361269 6.722859 6.302029 7.194651 7.428442 8.078108 8.300237 8.71805 8.848671 8.672794 9.80088 9.930632 10.04483 10.60354 10.46001 
  6.389497 4.193457 3.590878 4.638029 4.448143 4.372089 4.354425 5.25175 5.754117 6.722859 6.73766 7.264021 6.902936 8.476414 8.247248 8.422427 8.74528 8.954195 9.80088 9.824652 9.782192 9.795533 9.907397 
  6.797327 5.744245 4.674889 3.956636 4.225101 4.673662 5.631166 5.661106 5.714607 6.487614 6.893242 6.875546 6.812849 7.495901 8.208761 8.880643 8.91329 9.393848 9.536987 9.71826 9.761302 10.10542 10.66613 
  7.286723 5.310071 4.174479 4.344415 3.890539 5.068958 5.703359 6.180472 5.793628 6.722859 6.582078 6.528693 6.887921 7.70358 8.016329 8.209405 8.590195 8.915381 9.580969 9.789325 9.970205 10.37046 10.60724 
  7.531421 4.789062 4.582102 3.730432 4.94072 5.350131 5.130299 5.07939 6.109714 6.175488 6.021981 7.456897 7.548557 8.078108 8.054815 8.772247 9.042528 9.080339 9.15614 9.895305 10.14336 10.39377 11.16671 
  6.389497 4.962732 4.396528 3.471913 3.528096 4.481752 5.298056 6.108274 6.284879 6.722859 7.017708 7.456897 7.578586 8.021207 8.234419 9.151632 8.874518 8.934788 9.219302 9.789325 10.47179 10.37046 10.42873 
  6.1448 5.136402 4.396528 4.053581 4.197221 5.443855 5.360964 5.187115 5.438032 5.32829 6.099772 7.111406 7.548557 7.813528 7.990671 8.095794 8.758204 9.393848 9.303518 10.21325 10.07767 9.772578 10.46001 
  6.552629 4.875897 4.489315 2.85793 4.02994 4.344674 5.919936 5.55338 5.852894 5.952541 7.146572 6.736804 6.947978 7.508118 8.131788 8.635448 9.540071 9.196781 9.145614 9.413693 9.970205 10.37046 10.5189 
  5.73697 3.83879 3.481453 3.795062 4.842205 4.536583 5.631166 6.397066 5.991181 5.997131 6.488728 6.764553 7.488499 8.305711 8.512192 9.043237 9.394685 9.300167 9.668934 9.35278 9.782192 10.34715 10.16807 
  5.818536 3.413191 2.569577 2.825615 4.645174 4.289843 4.207638 5.273295 5.734362 5.216817 6.519845 7.264021 7.068094 7.239357 7.977842 8.621247 8.874518 8.915381 9.36668 9.657347 9.775229 10.487 10.48946 
  6.471064 4.875897 3.335553 4.540158 5.137751 6.287374 7.075016 8.057613 8.271008 7.673047 8.49964 8.871319 10.67896 10.01274 9.201047 9.585215 9.443147 9.187078 9.80088 10.2839 11.03011 10.81332 10.8428 
  5.32914 4.016124 3.773253 4.344415 5.334781 6.381098 7.724748 8.635195 8.805735 9.256694 9.466118 9.89999 10.87686 10.35414 9.889901 10.34398 10.50931 10.19015 9.580969 10.60184 10.70168 10.27758 10.8428 
  5.166008 5.483741 5.602761 6.986938 7.305087 8.16186 9.601751 11.01772 12.0141 12.26562 11.91453 12.85742 13.11968 12.45947 12.16842 12.62029 13.22317 12.20431 10.32867 10.74315 11.12864 11.90881 11.46116 
  6.307931 4.441724 4.489315 4.931643 5.236266 5.725029 6.208706 7.696625 8.194618 8.781599 8.048617 8.614151 9.161757 9.159224 9.148058 9.422621 9.491609 9.768577 9.356153 9.647194 10.80021 10.37046 10.66613 
  4.839745 2.526524 3.882678 5.420999 5.728842 5.631304 6.353091 6.324868 6.20849 7.356318 6.255354 7.328313 7.974379 8.93162 9.254036 8.772247 9.443147 9.393848 9.461424 9.965959 9.712558 10.08247 10.75447 
  3.78379 3.590524 3.153178 3.730432 4.336622 5.53758 5.847744 5.445656 5.833138 6.398435 6.831009 6.72293 7.578586 8.419513 8.406214 8.826446 9.443147 8.954195 9.36668 9.525368 10.20904 10.39377 10.60724 
  5.084442 3.519591 3.189653 3.956636 4.085701 4.646246 5.703359 6.036077 6.437658 6.881224 6.784335 6.944916 7.908413 8.078108 7.913698 8.989038 9.346223 9.581213 9.250883 9.687803 9.768265 10.1169 10.54835 
  4.92131 3.235857 3.992103 3.956636 2.663808 3.54962 5.558974 5.819484 6.109714 6.264667 6.706543 7.014287 7.443456 7.801311 8.183104 8.71805 8.732356 8.963899 9.536987 9.464455 9.587215 10.24315 10.72502 
  4.331322 3.448657 3.007277 3.892007 3.97418 3.35771 4.56412 5.747286 5.497298 6.331551 7.017708 6.459322 6.993022 8.135009 8.106131 8.564442 8.861595 9.090043 9.261411 10.00129 10.34041 10.53362 10.63669 
  3.666462 3.200391 3.226128 4.021266 4.448143 5.162683 5.703359 5.29484 5.339255 6.108604 6.675427 6.958791 7.368383 8.021207 8.22159 9.043237 9.103914 9.206485 9.345627 9.454303 10.04483 10.1169 10.2619 
  4.605088 2.242791 3.408503 4.833771 3.751138 4.975234 5.172238 5.819484 6.050447 6.722859 6.877684 6.667434 7.908413 7.837961 7.746924 8.422427 9.346223 9.060933 9.580969 10.10727 10.14336 9.726669 10.35575 
  5.492272 2.774791 3.517928 4.442286 4.02994 3.768945 5.486782 5.20866 5.339255 6.554498 7.211004 7.392605 7.158181 7.960125 8.777136 8.71805 8.990833 9.300167 9.712916 9.515216 10.07767 10.32384 10.39745 
  3.78379 3.73239 4.174479 5.127385 4.336622 4.892987 4.668968 5.639561 6.590437 6.881224 7.339868 8.2284 8.10631 8.590215 8.671158 9.151632 8.887443 9.206485 9.461424 9.697955 10.30757 10.51031 10.8428 
  3.862009 2.491057 2.204827 4.344415 4.645174 5.53758 5.703359 5.273295 6.743217 6.643677 6.628752 7.000413 7.578586 7.581416 7.592978 9.260028 8.383413 8.585464 9.092978 10.00129 9.956278 10.58023 10.48946 
  4.722416 2.774791 2.168352 4.182841 4.546659 5.068958 5.631166 5.42411 6.514048 6.802042 7.017708 7.649773 7.974379 8.419513 8.406214 7.783361 9.055452 9.13856 9.345627 9.697955 10.11051 10.30053 10.42873 
  3.8229 2.171857 3.590878 3.859692 3.862659 3.577035 4.144729 5.20866 5.931915 5.7073 6.286471 6.65356 7.533543 8.021207 8.459203 8.436628 9.042528 9.253325 9.493005 10.17792 10.04483 10.25463 10.48946 
  4.370432 2.632924 3.773253 3.956636 3.779018 4.783324 5.775551 5.014755 5.675096 6.309257 7.339868 6.847797 7.32334 7.972341 8.459203 8.181003 9.055452 9.393848 9.668934 10.00129 10.34041 10.65016 10.48946 
  3.549134 3.306791 4.065053 4.053581 4.252982 5.068958 5.423873 5.819484 8.882124 10.9987 12.62328 12.15021 11.80037 11.37836 11.21462 10.07299 10.94546 11.64222 10.59256 10.49586 10.70168 10.53362 10.60724 
  4.800635 4.702228 4.138003 4.540158 3.918419 5.256407 5.992129 6.25267 8.652955 11.23625 12.42998 11.57158 11.47055 11.49216 10.94968 10.07299 10.60623 11.45485 10.5046 10.2839 10.66884 10.65016 10.87225 
  4.409541 3.200391 3.372028 3.795062 3.751138 4.317258 4.522182 5.273295 5.951671 7.197953 7.79089 7.585481 7.908413 7.984558 7.900869 8.280413 9.346223 9.674895 9.419315 9.748716 9.991096 10.23167 10.78391 
  5.166008 3.909724 3.080228 4.279785 3.695377 3.906023 4.983512 5.891681 6.514048 6.443025 7.017708 7.392605 7.974379 7.813528 8.183104 8.124196 8.732356 9.487531 9.668934 9.930632 9.775229 10.34715 10.18892 
  4.839745 4.528559 3.773253 3.795062 3.221413 4.015686 5.004481 5.531836 6.590437 5.974836 7.339868 7.166903 7.908413 8.362612 7.669951 7.854369 9.394685 9.721736 9.303518 9.708107 10.07767 10.23167 10.05337 
  5.247574 4.26439 4.953251 4.344415 5.137751 4.865571 5.703359 5.057845 6.109714 6.802042 7.533163 7.971232 8.238241 7.923476 8.106131 9.531016 8.990833 9.177375 9.624951 9.859979 9.956278 10.22019 10.48946 
  4.526869 3.83879 3.554403 4.638029 4.74369 4.783324 5.423873 6.397066 6.819606 7.989777 8.757367 9.192779 9.557549 9.842033 9.148058 9.639412 9.733917 9.768577 10.28469 10.07194 10.11051 10.487 11.04892 
  4.409541 4.016124 4.953251 4.150526 4.448143 5.162683 6.641861 8.346404 8.041839 9.731788 9.91714 10.47862 10.74493 10.98005 10.52577 10.34398 10.55777 10.33067 10.37265 10.67249 10.66884 10.90655 11.40227 
  7.449855 8.175617 9.128675 9.923075 10.26055 10.59869 10.82902 11.37871 11.32659 12.42399 12.94544 13.24317 13.18565 13.02848 12.48635 12.13251 12.64162 12.39167 12.2199 12.33285 12.04824 12.28174 12.55065 
  8.102383 8.349287 9.592611 10.41243 10.45758 10.87986 11.0456 11.7397 11.47937 12.8199 13.26759 13.43604 13.77934 13.48369 12.80429 12.62029 12.88393 12.7664 13.18751 13.21602 13.13205 13.09753 13.78736 
  5.655404 5.65741 6.437846 6.889067 7.305087 7.412066 8.66325 9.357172 10.33352 10.1277 10.69032 12.40737 12.3281 12.40257 12.53934 12.67449 13.32009 13.04745 13.05557 13.56929 13.6247 13.71282 14.22905 
  5.492272 5.744245 5.231612 7.96565 8.29024 8.16186 8.879827 10.22355 10.79186 11.55298 12.881 12.27879 13.18565 13.02848 13.44015 14.40882 13.90163 13.42218 13.67132 14.20517 14.62381 14.85633 15.01979 
  4.096665 4.789062 6.345059 8.846491 7.896179 8.443033 9.818329 10.80113 11.78493 12.97826 13.52532 12.40737 13.05372 13.99579 14.49993 14.46302 14.43471 13.98427 14.19911 15.38765 16.15359 15.8569 15.514 
  5.166008 6.265253 7.551292 8.74862 9.472424 9.474 10.54025 10.58453 12.31965 13.37417 14.10521 13.11458 13.8453 13.93889 14.71188 14.51721 15.11318 14.92109 14.99079 15.29404 16.56154 16.42865 16.25532 
  7.368289 6.352088 6.252272 7.574165 9.373909 11.25476 11.9841 11.95629 12.24326 14.24518 14.55623 13.56463 14.2411 14.7355 15.23177 14.02943 15.25856 14.96793 15.44864 15.9961 16.05161 16.28571 16.2059 
  7.857684 7.654609 8.200803 8.455006 8.585787 9.567724 11.47876 12.31728 12.39604 14.40355 14.55623 14.07896 14.43899 14.96311 15.02982 14.8966 15.25856 15.20214 15.72798 15.71528 16.05161 15.99983 16.65069 
  9.244305 8.957129 8.66474 8.357135 9.472424 8.911654 9.673944 11.23431 13.08355 14.40355 15.26498 14.78617 15.69234 15.66075 15.02982 15.49277 15.25856 15.3399 16.147 15.66847 15.3887 16.14277 16.15648 
  9.733701 8.436121 8.293591 8.357135 8.782817 9.942621 10.97341 11.5231 13.4655 14.00763 15.07169 14.91476 15.29655 15.74981 15.63568 15.60117 15.11318 14.73372 16.10044 16.18332 15.59267 15.99983 16.25532 
  8.75491 8.783461 9.314249 9.923075 10.65461 11.44221 11.83972 12.46168 13.15994 13.77009 14.16964 14.78617 15.36251 15.66075 15.33275 14.7882 14.62856 14.45268 14.77088 15.43445 15.4397 15.92836 16.15648 
  15.19862 15.20923 14.78869 15.99109 17.0581 17.61179 16.7419 14.9886 15.45162 15.67046 15.26498 15.62094 16.02217 15.13381 15.02982 15.60117 14.91933 14.07795 13.62734 14.06386 13.98597 14.28457 15.06921 
  17.30779 17.86092 17.82097 18.56436 20.46865 21.2909 20.23366 18.94936 20.09684 20.75321 19.15584 19.83015 19.09756 16.4623 17.45327 17.86515 17.52918 16.57982 15.54175 13.88723 14.01881 14.2131 16.10706 
  17.0825 17.94038 17.73572 18.40318 20.03556 22.01072 21.71094 19.41533 20.76599 22.00225 20.96231 21.48832 20.9901 18.51069 19.27087 18.99714 18.43743 16.57982 14.41902 13.53396 14.01881 14.64192 15.95879 
  17.0825 18.05957 17.65048 18.08081 19.22353 21.85076 22.11384 20.23078 21.24395 23.13773 22.21294 22.38118 21.69981 18.77787 19.67478 19.94046 19.52733 17.61308 15.35552 14.49837 14.21587 14.99926 16.65069 
  16.92158 18.05957 17.87779 18.18827 19.3318 22.01072 23.18823 21.5122 21.53073 23.02419 22.62982 22.50873 22.17295 20.02472 20.58357 20.22346 19.79981 18.50858 17.26438 15.76208 15.3887 15.78543 16.10706 
  16.50319 17.82119 17.87779 18.05395 19.3318 21.61082 23.05393 21.86168 22.0087 23.93257 23.88045 23.27404 23.11922 20.55908 21.29041 21.35545 20.98053 19.40408 18.05586 16.83858 17.22444 17.21481 16.79896 
  16.21353 17.50335 17.59365 17.78531 19.00698 20.97097 22.51674 21.86168 21.62632 23.70548 24.01941 23.52915 23.47407 20.91532 21.39139 21.54411 20.98053 19.40408 17.59028 16.69816 17.42842 17.78657 16.79896 
  16.14916 17.42389 17.50841 17.65099 18.79044 20.57107 22.51674 21.97817 21.53073 23.36483 24.01941 23.4016 23.35579 20.64814 21.39139 21.54411 20.98053 19.54185 17.45061 16.88538 17.22444 17.42922 17.14491 
  16.14916 17.42389 17.42317 17.65099 18.5739 20.49109 22.51674 22.21116 21.24395 23.13773 23.88045 23.01894 23.00094 20.47002 20.98748 21.26112 20.88971 19.33519 17.54372 16.79177 17.27544 17.0004 17.34259 
  16.18134 17.46362 17.33793 17.65099 18.46563 20.49109 22.78533 22.32765 21.14836 23.02419 23.88045 23.14649 23.2375 20.91532 20.78553 21.26112 20.88971 19.40408 17.6834 17.25982 17.27544 16.786 17.24375 
  16.24571 17.50335 17.22427 17.67785 18.30322 20.49109 22.91963 22.21116 21.14836 22.79709 23.74149 23.01894 23.11922 20.64814 20.68455 20.97812 20.25393 19.05966 17.49717 16.88538 16.35757 16.0713 16.99664 
  16.2779 17.50335 17.11062 17.67785 18.35736 20.33113 22.65103 22.09467 20.86158 22.34289 23.18565 22.63629 22.64608 20.20284 19.97771 20.31779 20.07228 18.92189 16.51946 15.20043 15.64367 15.71396 16.25532 
  16.2779 17.46362 17.02538 17.70472 18.35736 20.17117 22.38244 21.74519 20.76599 22.22935 23.0467 22.38118 22.5278 20.11378 19.37185 19.56313 19.89063 18.57747 16.24011 15.15363 15.79665 15.8569 16.45301 
  16.31008 17.54308 17.02538 17.75844 18.35736 20.09119 22.24814 21.74519 20.6704 21.8887 22.62982 22.25363 22.29123 20.11378 19.27087 19.09147 19.79981 18.64635 16.42634 16.08971 16.40856 16.28571 16.65069 
  16.34227 17.54308 16.99696 17.73158 18.41149 20.25115 22.24814 21.74519 20.09684 21.6616 22.76878 22.25363 22.29123 20.2919 19.77575 19.94046 20.43558 19.33519 16.75225 16.18332 16.61253 16.14277 16.05764 
  16.34227 17.62254 17.0822 17.78531 18.35736 20.09119 22.24814 21.86168 20.28802 21.32096 22.49086 22.12608 22.17295 19.93566 19.37185 19.94046 19.79981 18.92189 16.61257 15.48126 16.00062 15.49955 16.25532 
  16.31008 17.62254 17.11062 17.75844 18.30322 20.17117 22.24814 21.97817 20.38362 21.32096 22.21294 21.74342 21.93638 19.66847 19.16989 19.94046 20.07228 19.05966 17.35749 16.65136 16.05161 15.42808 15.21747 
  16.2779 17.62254 17.13903 17.70472 18.19495 20.17117 22.38244 22.09467 20.09684 21.43451 22.49086 21.87098 21.93638 20.11378 19.77575 20.03479 20.16311 19.12854 17.77651 16.65136 16.15359 15.42808 16.40359 
  16.24571 17.58281 17.11062 17.70472 18.19495 20.17117 22.24814 21.97817 20.09684 21.32096 22.3519 21.87098 22.40952 20.2919 19.67478 20.22346 20.07228 18.64635 17.03159 16.32373 16.05161 14.92779 15.81053 
  16.21353 17.54308 17.05379 17.65099 18.19495 20.09119 22.11384 21.62869 19.81006 21.20741 22.3519 21.61587 22.05466 19.93566 19.47282 20.69512 19.43651 18.16416 16.56602 15.90249 15.64367 14.28457 14.42673 
  16.18134 17.46362 16.99696 17.59726 18.24908 20.09119 21.97954 21.27921 19.52328 21.20741 22.3519 21.36077 21.46324 19.8466 18.86696 19.37447 19.25486 18.4397 15.35552 14.09919 14.15018 14.28457 14.8221 
  16.14916 17.46362 16.96855 17.54353 18.14081 20.01121 21.84524 21.04623 19.3321 20.98031 22.07398 21.23322 21.46324 19.40129 18.16012 18.43114 18.89156 18.16416 15.54175 15.06002 14.87877 14.14163 15.2669 
  16.08479 17.46362 16.96855 17.54353 18.03254 19.93123 21.71094 21.04623 19.52328 20.98031 21.79606 20.97811 21.34496 18.95599 18.46305 18.99714 18.80073 16.85536 14.33105 14.31115 14.87877 14.35604 15.16805 
  16.02042 17.42389 16.96855 17.4898 17.92427 19.93123 21.71094 21.16272 19.52328 20.63967 21.51814 20.97811 21.22667 19.13411 18.36207 18.90281 19.16403 17.5442 15.44864 14.40476 14.52182 14.49898 15.2669 
  15.98824 17.42389 16.96855 17.38235 17.76186 19.93123 21.71094 21.16272 19.23651 20.29902 21.37918 20.72301 21.34496 19.22317 17.3523 18.52547 18.89156 17.40643 15.16929 14.9196 14.31785 14.14163 15.85995 
  15.95605 17.38416 16.88331 17.32862 17.816 19.93123 21.57664 20.81324 18.75854 20.07192 21.24022 20.59546 21.10839 19.31223 18.36207 18.90281 19.07321 17.95751 15.40208 14.63878 14.11734 13.85575 14.87152 
  15.98824 17.34443 16.82648 17.32862 17.87014 20.01121 21.30805 20.46376 18.56736 19.95837 21.10127 20.46791 20.75354 19.13411 18.46305 19.37447 18.43743 17.68197 15.12273 14.45156 14.62381 13.92722 15.01979 
  16.02042 17.3047 16.76965 17.32862 17.87014 20.17117 21.30805 20.11429 18.56736 19.50418 20.54543 19.83015 20.2804 19.31223 18.46305 19.09147 18.89156 18.09528 15.40208 14.77919 15.08275 13.78428 16.35417 
  16.02042 17.26497 16.57075 17.05998 17.22051 19.69128 20.90515 18.71637 17.42024 18.59579 19.85063 20.08525 20.51697 19.31223 17.85718 18.24248 18.80073 17.75085 15.35552 14.63878 15.13374 14.2131 15.06921 
  16.08479 17.3047 16.59917 17.05998 17.0581 19.05144 19.83076 17.43495 16.94228 18.82289 19.98959 19.19239 19.92554 19.40129 18.36207 18.71414 18.52826 17.88862 16.00733 14.68558 14.47083 13.284 14.52557 
  16.14916 17.34443 16.85489 17.46294 17.92427 20.41111 21.44235 19.18234 18.37617 20.07192 20.96231 19.83015 20.04383 19.04505 18.26109 18.61981 18.80073 17.95751 16.37979 15.38765 14.62381 13.23738 15.81053 
  16.11698 17.26497 16.65599 17.27489 17.49119 20.17117 21.30805 18.59988 17.80261 19.16353 20.12855 19.19239 19.33412 18.42163 17.85718 18.99714 19.07321 18.37081 15.68142 14.68558 14.36885 13.78428 15.76111 
  16.14916 17.22524 16.62758 17.27489 17.54532 20.17117 21.30805 19.06585 17.32465 19.04999 19.57272 18.93728 18.86099 18.06539 17.55425 18.43114 18.89156 18.71523 16.42634 14.40476 14.52182 14.07016 14.97037 
  16.14916 17.18551 16.59917 17.27489 17.70773 20.01121 20.77085 19.18234 17.9938 18.70934 19.01688 18.68218 18.86099 18.51069 17.85718 18.90281 18.52826 18.02639 16.19356 15.06002 14.52182 13.19077 15.01979 
  16.14916 17.10605 16.59917 17.24803 17.92427 20.25115 20.63655 19.18234 18.66295 19.73128 19.98959 19.19239 19.57069 18.68881 17.15034 18.99714 19.07321 18.4397 15.54175 14.35795 13.8546 13.02761 15.01979 
  16.11698 17.02659 16.51392 17.00625 17.87014 20.33113 20.23366 18.71637 18.47176 19.73128 19.98959 18.80973 19.45241 17.88727 17.3523 19.37447 18.89156 18.37081 15.77454 14.826 15.08275 13.71282 14.17015 
  16.11698 16.9074 16.4571 16.89879 17.92427 20.09119 19.69646 18.01741 17.9938 19.04999 19.43376 18.17197 18.50613 16.9076 17.15034 18.99714 19.07321 18.78412 15.35552 14.73239 14.82778 13.42694 13.19845 
  16.11698 16.9074 16.51392 16.89879 18.03254 20.09119 19.42787 17.31845 17.61143 18.82289 18.6 17.66177 18.38785 16.9076 16.94839 18.90281 18.70991 18.37081 15.91421 15.20043 15.28672 13.284 14.05237 
  16.08479 16.82794 16.4571 16.87193 18.30322 20.01121 18.89067 17.20196 17.42024 19.16353 18.32208 17.27911 17.91471 16.64042 16.14057 18.52547 18.43743 18.23304 15.86765 14.77919 14.57282 12.65467 12.99233 
  16.05261 16.78821 16.51392 16.87193 18.73631 19.93123 18.08488 17.43495 17.80261 19.84483 19.01688 17.27911 18.26957 16.28418 14.87085 16.82749 17.71083 17.61308 16.147 14.77919 15.03175 13.19077 12.81566 
  16.05261 16.66902 16.48551 16.97939 19.16939 19.53132 17.14479 16.96898 17.70702 19.73128 18.73896 16.89646 17.79643 15.57169 15.13079 16.07283 16.53011 17.26866 15.68142 14.68558 14.31785 12.79453 12.93344 
  15.92387 16.62928 16.48551 17.54353 19.71075 19.05144 16.87619 16.38651 17.61143 19.16353 18.04416 16.64135 17.32329 15.30451 13.86406 16.35583 16.07598 15.95986 15.49519 14.31115 14.47083 12.84114 12.904 
  15.79513 16.51009 16.37185 17.91963 19.4942 18.25163 16.0704 16.15353 17.61143 19.04999 17.76624 16.7689 17.32329 15.24761 13.12222 15.60117 15.44021 15.54656 15.72798 14.31115 14.11734 11.44264 11.49061 
  15.63421 16.23198 16.22978 17.89276 18.19495 16.97194 14.72742 15.45457 17.03787 18.1416 16.51561 15.49339 16.4953 14.2803 12.59233 14.35462 14.48317 14.92109 14.463 12.96873 12.44236 10.95317 11.10781 
  15.28018 15.55657 16.08772 17.08684 16.3685 14.62884 13.57234 14.26662 15.98635 16.77901 14.87839 13.95038 15.69234 13.54059 10.8437 12.4035 12.69009 13.51586 13.53937 12.22687 11.3257 10.88324 11.2256 
  14.87236 14.77506 15.34542 15.59961 14.79225 12.5669 11.62314 12.46168 13.38911 14.166 12.42998 12.34308 14.0432 12.45947 10.89669 12.02411 11.9147 12.81324 11.38424 11.20239 11.19433 10.58023 11.5495 
  14.38296 13.81987 13.39689 13.34857 12.32937 10.59869 9.673944 9.862556 10.10436 11.23625 11.6568 11.25012 11.40458 11.09385 10.79071 10.61497 10.41238 11.36117 11.12035 11.02576 11.22717 11.65242 11.84395 
  13.64887 12.77786 11.16999 10.11882 8.29024 8.911654 8.879827 9.140579 9.646019 11.31543 10.88362 11.05724 10.94282 11.15075 10.79071 10.66917 11.28469 11.26749 10.72451 11.52034 11.88403 12.02535 12.13841 
  12.34381 11.128 9.314249 8.455006 7.305087 8.349308 9.746137 9.501568 9.951577 10.04852 11.27021 11.89304 11.00879 11.32146 11.53255 11.26535 11.72085 11.97011 11.42822 11.80295 11.68697 12.25843 12.75677 
  10.54936 9.564973 7.180144 7.18268 7.797664 7.412066 9.385175 10.22355 10.63908 10.1277 11.14134 11.443 12.39406 11.77666 11.85049 12.02411 12.01162 11.31433 11.99999 12.50949 11.62128 12.35167 12.49176 
  9.489003 8.175617 6.530633 7.18268 7.896179 7.50579 7.869133 9.501568 10.18075 11.07789 11.39907 11.3787 12.39406 11.83356 11.74451 12.24091 12.35085 11.50169 11.86805 12.61547 12.34383 12.4449 12.58009 
  9.978399 8.262452 8.108016 9.140104 8.388756 7.974411 9.024212 8.923986 9.722408 11.79053 11.78566 12.02162 12.3281 12.57327 12.53934 12.07831 12.64162 12.39167 12.61575 12.72145 12.2453 12.53813 12.78621 
  11.52815 10.86749 9.685398 9.825203 8.782817 9.005379 9.457367 9.429371 9.49324 11.39462 12.30112 12.02162 11.66844 12.11807 11.90348 11.91572 12.06008 12.81324 12.9676 12.68612 12.2453 12.42159 12.99233 
  11.12032 12.17002 11.8195 10.80392 9.472424 8.443033 9.312983 9.718162 9.56963 11.31543 12.23668 11.57158 11.99827 12.51637 12.2744 12.07831 11.81777 12.15747 12.83566 12.50949 12.21246 12.25843 13.11011 
  9.570569 10.34649 9.407037 8.846491 8.09321 8.911654 8.37448 8.996183 9.798798 9.969335 11.27021 11.443 11.99827 12.45947 11.95647 12.02411 12.78701 12.39167 12.70371 12.33285 11.85118 12.28174 13.2279 
  9.815267 9.564973 8.479164 7.96565 7.206572 7.130893 8.37448 8.851789 8.882124 11.15707 11.20578 10.92866 11.40458 11.49216 11.95647 11.96992 12.9324 12.39167 12.83566 12.58014 11.71981 12.46821 13.37512 
  11.93598 12.17002 10.98442 10.02095 9.472424 9.755173 11.83972 11.37871 9.034903 10.1277 11.14134 11.05724 11.66844 11.54906 10.8437 11.75313 13.65932 12.95377 13.49539 13.14537 12.83647 11.8855 12.02063 
  11.69128 12.08318 11.63393 11.29327 9.965 10.78614 11.76753 11.37871 11.32659 12.42399 11.52794 10.92866 12.26213 12.11807 9.783924 12.4577 13.95009 13.04745 12.83566 12.86275 12.935 11.41933 11.13726 
  11.44659 12.34368 11.8195 10.41243 9.176878 10.59869 11.33437 10.94552 10.94464 12.8199 11.33464 10.73578 12.3281 12.23187 9.995879 11.86152 12.98086 12.43851 11.34026 10.91978 11.91687 11.16294 10.8428 
  8.265514 8.175617 8.66474 7.574165 7.206572 7.130893 9.818329 9.645964 9.111292 10.28606 9.852709 9.642822 10.48107 10.86625 9.413002 10.39818 12.25393 11.08013 9.932827 9.342628 10.01199 10.58023 10.69558 
  6.960459 8.175617 8.386377 8.063521 7.600633 8.16186 8.66325 9.501568 8.194618 9.573423 9.981572 9.449946 9.755446 9.955834 8.724147 9.151632 11.23623 10.28383 9.712916 9.576129 10.4061 10.55693 10.5778 
  6.878893 6.873096 8.293591 7.18268 7.600633 8.443033 8.95202 9.284975 8.194618 8.860782 9.659412 9.128487 9.491585 9.159224 7.977842 9.151632 9.636993 9.674895 9.844863 9.824652 10.01199 10.58023 10.66613 
  6.715761 6.699427 6.901782 7.96565 7.502118 8.724205 9.024212 8.346404 8.958513 8.781599 8.370776 8.2284 9.029826 8.87472 8.459203 9.043237 10.31546 9.9091 9.712916 9.71826 10.37326 10.58023 10.99003 
  4.526869 5.831079 7.736867 6.203968 6.81251 8.255584 7.941325 7.985415 8.041839 8.702417 8.177481 7.585481 8.370172 9.443727 8.671158 9.20583 9.540071 9.581213 9.844863 9.71826 9.594179 10.08247 10.42873 
  4.213994 6.265253 7.087357 6.889067 6.713995 8.443033 7.79694 6.974648 7.430722 7.197953 7.404299 7.714065 8.963861 8.704017 9.04208 8.71805 9.927765 9.534372 9.536987 10.21325 10.4061 10.34715 10.2202 
  4.683307 6.178418 6.623421 5.51887 5.630327 6.662271 6.641861 8.346404 8.041839 7.4355 7.597595 8.54986 9.557549 9.557529 8.61817 9.260028 9.733917 9.862259 9.429843 9.748716 10.1762 10.41708 10.5778 
  4.800635 6.352088 6.994569 7.280552 7.206572 7.037169 6.858438 7.407834 7.583502 7.039588 8.177481 8.678444 8.238241 8.476414 8.512192 8.71805 9.394685 9.628054 8.966654 9.332477 9.566325 10.08247 10.5778 
  4.565979 6.786262 7.922441 7.378423 6.221419 5.350131 5.486782 5.4672 6.437658 6.722859 7.08214 7.521189 7.308326 7.605849 8.353226 8.663852 8.939137 9.487531 9.668934 9.930632 9.69863 10.58023 10.42873 
  3.510025 6.091584 6.437846 5.910355 5.334781 5.256407 6.280899 6.469263 6.188735 6.398435 6.893242 7.456897 8.634033 8.533314 8.61817 8.934841 9.540071 9.674895 9.493005 10.24857 10.24189 10.34715 10.32447 
  4.370432 5.65741 6.159485 5.812483 5.433297 5.725029 5.558974 5.891681 6.361269 7.4355 7.726459 7.456897 8.436137 7.666931 7.965014 8.71805 9.685455 9.44069 9.44037 9.39339 9.872717 10.51031 10.5189 
  6.715761 6.699427 7.272931 6.008226 5.531812 6.006201 4.878664 5.819484 5.971426 6.086309 7.08214 7.521189 7.248268 8.19191 8.512192 8.536038 8.900366 9.187078 9.44037 9.824652 9.956278 10.09394 10.46001 
  7.205157 7.567774 8.293591 6.693324 5.334781 4.892987 5.06739 5.531836 6.972385 6.286962 6.955475 7.521189 7.908413 7.972341 7.836725 8.649651 8.952062 9.253325 9.844863 9.930632 9.984132 10.53362 10.38703 
  7.612987 6.873096 7.365718 7.18268 5.137751 5.912477 5.703359 5.891681 6.20849 7.039588 7.662026 8.2284 8.502103 8.19191 8.353226 9.043237 9.297761 9.300167 9.271937 9.748716 10.4061 10.51031 10.9017 
  6.307931 6.786262 7.551292 6.791196 5.827358 5.818753 6.208706 5.747286 6.514048 6.722859 7.211004 7.842649 8.765965 8.647116 8.406214 8.422427 8.680661 9.196781 9.756898 9.859979 10.11051 10.60354 10.54835 
  6.1448 6.699427 6.994569 6.008226 5.334781 4.865571 5.703359 6.108274 6.743217 7.039588 6.488728 6.445448 7.974379 8.590215 8.724147 8.379823 8.822824 8.847457 9.177195 10.00129 9.984132 10.41708 10.63669 
  7.286723 6.352088 6.345059 5.51887 5.039235 6.006201 5.847744 6.180472 6.895996 6.881224 6.971034 7.585481 8.040344 8.87472 8.777136 8.934841 8.861595 9.080339 9.756898 9.464455 10.30757 10.487 10.81336 
  6.552629 6.873096 6.994569 6.203968 5.925873 6.381098 6.497476 7.335636 8.347397 7.4355 7.726459 8.099816 9.359653 10.75245 11.05566 10.50658 10.31546 9.628054 9.580969 10.07194 10.34041 10.55693 10.81336 
  7.694552 6.959931 6.716208 5.127385 5.925873 5.818753 5.703359 6.324868 6.590437 7.118771 7.339868 7.264021 8.238241 9.045422 9.677946 9.476819 9.249299 9.177375 9.124559 9.67765 9.970205 9.565987 10.36617 
  5.492272 6.438923 6.159485 5.420999 4.448143 5.443855 5.631166 7.624427 7.81267 7.752229 8.177481 8.2284 10.48107 12.17497 12.91026 12.5119 11.57547 10.65856 11.29628 10.8138 10.00502 10.44038 10.33489 
  6.715761 6.786262 6.437846 5.127385 4.448143 6.755996 6.136514 6.324868 6.819606 6.802042 7.79089 7.05591 9.227722 11.09385 11.58554 11.15695 10.17007 9.862259 10.2407 10.14259 10.30757 10.46369 10.5189 
  5.410706 5.570575 6.066697 5.127385 5.236266 5.631304 4.58509 5.42411 6.361269 6.153193 7.275435 7.90694 8.172276 7.947908 8.195932 8.826446 9.200838 9.167671 9.712916 9.545672 9.907534 10.32384 10.42873 
  7.205157 7.30727 6.437846 5.323127 4.00206 6.099926 5.919936 5.337931 5.872649 7.039588 7.662026 7.649773 8.172276 7.53255 8.067644 8.209405 9.055452 9.487531 9.580969 9.667499 9.844863 10.03656 10.46001 
  7.042025 7.1336 5.788336 5.51887 4.94072 5.256407 5.319025 5.819484 5.813383 6.802042 6.504286 7.328313 7.842448 8.305711 8.459203 8.379823 9.346223 9.487531 9.261411 9.895305 10.01199 9.795533 9.792704 
  7.857684 6.959931 5.695549 5.225256 5.039235 5.818753 5.919936 5.963879 6.972385 7.118771 7.211004 6.847797 8.10631 8.19191 8.183104 8.095794 8.525575 9.206485 9.80088 10.03661 9.740412 10.12838 10.63669 
  7.612987 7.220435 5.97391 4.931643 4.645174 4.892987 5.360964 6.108274 6.590437 6.643677 7.08214 7.392605 7.644552 8.305711 7.541663 8.71805 9.055452 9.347008 9.932827 9.657347 9.782192 10.487 11.19615 
  5.818536 6.699427 5.417187 5.910355 5.039235 4.783324 4.627029 5.16557 5.773873 6.220078 6.784335 6.861671 7.974379 8.476414 8.512192 8.436628 9.200838 9.768577 9.668934 10.03661 10.14336 10.69678 10.75447 
  5.818536 6.786262 5.695549 5.127385 4.141461 5.256407 6.136514 6.397066 6.109714 5.863363 6.410937 6.931042 8.172276 8.078108 8.247248 9.368423 9.636993 9.581213 9.198248 9.824652 10.4061 10.09394 10.14721 
  6.389497 6.265253 5.417187 5.812483 5.531812 4.536583 5.486782 5.963879 5.694851 6.722859 6.893242 6.764553 6.902936 7.581416 7.888041 8.45083 9.152376 9.041526 9.536987 9.657347 9.85879 10.24315 10.28276 
  7.042025 5.223237 5.602761 5.323127 4.842205 5.162683 6.425283 7.913218 9.187682 9.415058 8.628504 9.514238 10.34914 9.898934 11.63853 12.3493 11.96316 12.62588 12.43982 12.19154 11.91687 10.92986 11.2256 
  6.307931 6.786262 6.530633 5.910355 5.630327 6.662271 6.858438 9.140579 10.4863 10.76116 9.530549 10.47862 11.47055 11.15075 12.7513 13.37906 13.22317 13.70322 13.49539 13.18069 12.67225 11.67572 12.05007 
  6.471064 5.831079 6.252272 5.812483 4.842205 5.350131 6.136514 7.046845 6.20849 6.04172 7.404299 7.222399 7.248268 8.021207 8.459203 9.043237 9.249299 9.090043 9.580969 9.779173 9.830936 10.32384 10.87225 
  6.797327 4.789062 5.231612 5.51887 4.280862 4.838156 5.703359 6.541461 6.030692 6.802042 6.613194 7.12528 8.172276 7.776878 8.054815 8.422427 8.551423 8.993009 9.377208 9.824652 10.04483 9.864397 10.09508 
  5.900102 4.789062 4.489315 5.910355 4.74369 5.162683 5.992129 6.25267 6.010937 6.599087 6.162005 7.328313 7.710517 8.078108 7.644293 8.024786 8.990833 9.581213 9.756898 9.895305 10.20904 10.0136 10.5778 
  5.247574 5.570575 5.046038 4.638029 3.528096 4.81074 5.08836 5.510291 6.361269 6.881224 6.971034 7.236273 7.293311 7.752446 7.798239 8.308815 8.228327 9.300167 9.932827 10.2839 10.20904 9.841442 10.69558 
  4.92131 6.091584 5.417187 3.213394 3.695377 4.235011 4.899633 5.337931 6.284879 6.643677 6.47317 6.65356 6.617661 7.801311 8.157446 8.663852 9.491609 9.253325 9.668934 9.859979 9.984132 10.28906 10.34532 
  5.084442 4.875897 4.767676 4.540158 4.448143 4.975234 5.703359 7.046845 6.972385 6.220078 6.722102 7.585481 6.902936 7.728013 8.406214 8.649651 9.200838 8.653388 9.450897 10.21325 10.34041 10.30053 10.63669 
  4.722416 4.441724 5.046038 5.225256 4.546659 5.818753 5.919936 6.324868 6.284879 6.532203 7.275435 6.88942 6.993022 7.447035 8.512192 8.138398 8.861595 9.119154 9.314046 9.413693 10.01199 10.62685 10.78391 
  4.800635 5.136402 4.953251 7.476294 7.206572 5.818753 6.208706 7.552229 7.507112 6.554498 6.364262 6.376077 7.113138 7.996774 8.247248 8.649651 9.685455 9.300167 9.36668 9.930632 10.43894 10.30053 10.60724 
  4.761526 4.299857 3.481453 6.399711 6.024388 4.481752 6.208706 7.335636 6.743217 6.554498 7.275435 6.903294 7.098124 8.19191 8.406214 9.097434 9.200838 9.393848 9.324573 9.44415 10.57031 10.65016 10.46001 
  4.92131 4.789062 4.210953 4.279785 3.388695 4.892987 6.641861 7.985415 7.277944 6.722859 7.468731 7.521189 7.776483 7.728013 7.759753 8.71805 9.055452 9.44069 9.888845 9.789325 10.1762 10.23167 10.29319 
  4.605088 4.406257 3.372028 3.181079 4.141461 4.975234 5.703359 6.036077 6.284879 6.487614 6.270913 7.194651 7.353369 7.520334 7.426203 7.86857 9.297761 9.206485 8.819276 10.2839 10.04483 10.12838 10.29319 
  4.174884 5.223237 4.860464 3.504228 4.420263 5.443855 5.703359 6.036077 6.010937 6.220078 7.275435 7.456897 7.563571 8.419513 8.067644 8.266211 8.835747 9.253325 9.208776 10.10727 10.43894 10.20872 10.46001 
  3.588243 3.519591 4.489315 3.827377 3.611736 3.494788 5.025451 5.531836 5.991181 7.277135 7.79089 6.88942 7.710517 8.19191 8.157446 8.536038 9.152376 9.581213 9.114033 9.39339 9.789156 10.15133 10.5189 
  4.722416 3.093991 3.700303 4.085896 3.416575 4.865571 4.773816 5.531836 6.590437 7.118771 7.146572 7.139154 7.563571 7.666931 8.300237 8.294614 8.952062 8.866864 9.668934 10.17792 10.1762 10.08247 10.33489 
  5.247574 4.016124 3.627353 3.892007 3.779018 3.768945 4.731877 5.725741 6.284879 6.108604 6.286471 7.264021 7.263282 7.850177 7.952185 8.772247 9.029605 9.196781 9.44037 10.17792 10.24189 10.39377 10.41831 
  4.722416 4.406257 3.517928 4.053581 3.862659 3.98827 4.878664 4.368404 5.951671 6.153193 7.08214 8.164108 7.842448 7.666931 8.0035 8.095794 8.47388 9.206485 9.219302 9.965959 9.851827 10.23167 10.29319 
  4.292212 3.306791 3.007277 3.730432 3.834778 4.125349 4.920603 6.180472 5.378766 6.309257 6.908801 7.649773 7.413427 8.135009 8.724147 8.507636 9.249299 9.768577 9.282465 9.322324 9.733448 10.39377 10.38703 
  3.275368 3.058524 3.517928 4.24747 4.252982 4.235011 5.558974 5.574925 6.437658 6.722859 7.146572 7.392605 8.502103 8.362612 9.254036 9.260028 10.21854 10.19015 10.76849 10.14259 10.37326 10.34715 10.35575 
  2.336742 2.916657 3.372028 2.92256 3.109892 4.509168 5.004481 6.108274 6.514048 6.643677 8.49964 9.128487 9.491585 8.419513 9.360013 9.910401 10.55777 9.9091 11.2523 10.46053 10.34041 10.65016 10.30361 
  3.627353 3.83879 3.554403 2.599411 4.94072 4.838156 5.256116 6.830252 7.659891 7.752229 8.306345 8.035524 8.238241 8.24881 8.936103 8.71805 9.540071 9.628054 9.668934 9.789325 10.30757 10.30053 10.66613 
  4.018447 3.62599 3.481453 3.181079 4.420263 5.068958 5.992129 6.036077 6.590437 7.514682 7.919754 7.328313 8.436137 7.728013 8.406214 8.826446 9.443147 8.993009 9.345627 9.779173 9.956278 10.10542 10.3766 
  3.001602 2.916657 3.700303 3.827377 3.695377 3.79636 4.480242 6.469263 6.050447 6.599087 7.404299 6.958791 8.370172 8.476414 7.888041 8.024786 8.771128 8.895974 9.493005 9.965959 9.67774 10.15133 10.39745 
  2.845164 3.200391 2.897852 2.276262 3.054132 3.220632 4.647999 5.12248 5.497298 6.621382 6.877684 6.389951 7.248268 7.337088 8.353226 8.71805 9.249299 8.925084 9.536987 9.824652 9.622033 10.44038 10.38703 
  3.549134 2.561991 2.679002 2.72867 3.054132 4.975234 5.08836 4.583855 5.220724 5.662711 6.784335 7.208525 7.32334 7.666931 7.862383 8.010585 8.564346 9.002712 9.580969 10.03661 9.935388 10.34715 10.5778 
  2.884274 2.952124 1.876552 3.633487 5.137751 5.068958 4.836725 5.963879 7.048775 7.039588 7.404299 7.649773 7.338355 8.476414 8.353226 8.772247 9.443147 8.983305 9.932827 9.758868 10.24189 10.16281 10.42873 
  3.744681 4.335324 4.101528 4.215156 5.039235 5.162683 5.339994 6.036077 7.048775 7.197953 6.971034 7.069784 6.692733 7.74023 8.195932 8.521837 8.525575 8.614573 9.580969 9.423846 10.1762 10.34715 10.38703 
  3.510025 3.661457 4.303741 5.029514 5.433297 5.725029 5.235147 5.704196 6.895996 7.752229 7.597595 7.585481 7.842448 8.078108 8.080473 8.308815 9.103914 9.196781 8.882438 9.895305 10.24189 10.17428 10.28276 
  3.549134 4.441724 3.299078 4.931643 4.546659 5.162683 5.558974 5.16557 6.149224 6.064015 6.333146 6.88942 7.503514 7.972341 7.708437 7.754959 8.460956 9.393848 9.314046 9.230954 10.1762 10.22019 10.39745 ]
