 [
  5.327311 6.729741 7.820093 9.492825 7.823761 7.874196 8.413633 8.611998 8.402247 10.64617 11.59831 11.10807 10.60579 10.01685 9.967133 10.99005 10.90664 10.78846 10.32486 9.852299 10.17306 10.61722 10.75911 
  5.08577 5.96829 7.761043 9.347382 7.217402 7.203876 8.500485 8.837866 9.041599 10.49924 11.68492 10.98014 11.14512 10.0701 10.40318 10.82947 10.85308 10.99746 10.36432 9.789614 10.26194 10.73847 10.51987 
  5.08577 5.677003 7.052439 9.008015 8.672664 8.426223 8.761039 9.244429 9.680951 10.45027 12.33447 12.30206 11.34125 9.80387 10.45163 11.25768 10.96019 10.91386 10.12754 9.664245 10.32119 10.59297 10.64073 
  5.568851 6.918827 8.174395 8.911053 8.874784 7.243307 8.370208 8.883039 9.817955 10.94002 12.42108 12.3447 11.48834 9.91036 10.11248 10.40125 10.53178 11.24826 10.36432 9.69111 10.41007 10.81122 10.47959 
  5.045513 6.855798 7.22959 9.541306 8.915208 8.150209 8.717613 9.560644 9.817955 11.47875 12.42108 12.68584 12.37088 10.0701 10.79078 10.883 10.58533 10.74666 10.32486 10.17414 10.46932 10.59297 10.82192 
  6.234485 6.603683 8.174395 10.12308 9.521566 8.899389 8.761039 9.199255 10.45731 11.72363 12.68091 12.98434 11.92961 10.0701 10.98458 11.84648 11.01374 10.37047 10.60111 10.09498 10.17306 10.15257 10.60044 
  5.448081 6.981855 7.642942 10.22004 9.359871 8.18964 8.500485 9.37995 10.68565 11.62568 13.20055 12.89905 12.02767 10.44281 10.40318 11.47179 11.01374 11.12286 10.60111 10.45121 10.14344 10.88397 11.16737 
  6.506917 7.170941 8.942049 10.317 9.683263 9.057112 9.45585 9.650991 10.27464 11.3808 12.50769 12.85641 11.34125 10.60255 10.79078 12.06059 11.54924 11.03926 10.64057 10.17414 10.20269 10.44747 10.37484 
  5.126026 6.225511 7.524842 9.638268 8.996056 9.175404 9.586126 9.515471 9.954959 11.1849 12.89742 12.98434 12.27282 10.97526 11.37218 12.00706 11.22794 10.99746 10.91682 9.897074 10.32119 10.3395 10.6085 
  7.119888 7.296999 8.764897 9.880673 9.279023 8.623376 9.065019 9.515471 10.82265 11.62568 13.11395 13.28283 12.71409 10.76228 10.93613 11.84648 11.38859 10.87206 10.68003 9.976235 10.52857 10.56872 10.82192 
  7.051781 7.864257 8.764897 9.78371 8.793936 7.51932 9.976957 10.59964 10.68565 10.74412 12.29117 13.28283 12.66506 10.86877 10.69388 12.27469 11.817 11.20646 10.79843 9.825434 10.23232 10.27153 10.72771 
  6.438809 6.351568 7.938194 10.80181 9.117328 8.465653 10.28094 10.46412 10.36597 10.40129 13.02734 13.19755 12.41991 10.17659 10.93613 12.11411 11.54924 10.83026 10.79843 9.897074 10.64707 10.88397 11.07316 
  6.915565 7.170941 8.292496 9.589787 9.157751 8.465653 8.978168 10.23825 10.00063 10.40129 13.28716 13.02698 12.12573 10.49606 10.74233 11.84648 11.65635 10.74666 10.68003 9.780659 10.05966 10.78697 10.37484 
  6.370701 7.170941 7.761043 10.02612 9.359871 9.214834 8.934742 9.244429 10.27464 11.23388 13.37377 13.02698 11.53737 9.857116 10.88768 12.16764 11.65635 11.08106 10.2854 9.897074 10.35082 10.90822 10.31845 
  6.166377 6.351568 6.993389 10.41396 10.2492 9.135973 8.674188 8.747519 9.406943 10.7931 13.24386 12.94169 11.68446 9.963606 10.45163 11.31121 10.85308 10.28687 10.167 9.976235 10.41007 10.83547 10.91614 
  6.575025 7.044884 8.115345 9.104977 7.904609 7.322168 8.717613 8.837866 9.726619 11.82158 13.11395 12.89905 11.48834 9.80387 9.918682 11.04358 10.58533 10.83026 10.04861 10.13456 10.05035 10.98097 10.82192 
  6.098269 6.792769 7.879143 8.086875 8.187576 8.150209 8.109654 8.792692 8.950263 10.989 12.76751 12.47263 11.53737 9.644135 10.01558 11.25768 10.63888 10.16147 9.663051 9.70902 10.17306 10.59297 10.88473 
  6.234485 6.792769 6.875288 7.795989 8.106729 8.702237 8.196506 8.657171 9.132936 10.30334 12.24787 11.79035 10.75288 9.537645 10.20938 10.66889 10.42468 10.28687 9.772364 9.936655 10.32119 10.71422 10.97894 
  5.528594 7.360027 8.174395 7.408141 7.015282 7.913626 8.196506 7.889219 8.402247 10.64617 12.16126 11.61978 10.70385 9.80387 10.01558 9.758931 9.78207 10.24507 9.93022 9.936655 10.13413 10.95672 11.10456 
  4.642945 5.142977 7.761043 8.862572 8.106729 7.992487 9.15187 9.650991 8.950263 8.834084 10.73223 11.70506 11.39028 9.69738 10.01558 10.61536 10.58533 10.11967 9.93022 9.879164 10.35082 10.85972 10.94754 
  6.166377 6.540654 7.642942 9.104977 7.419522 6.888432 8.196506 8.928213 9.087267 10.94002 11.55501 11.70506 11.78252 12.57261 14.86058 16.67622 16.15461 13.33823 12.1402 10.17414 10.32119 10.68997 10.97894 
  5.962053 5.725551 7.17054 9.104977 9.117328 8.18964 8.066229 8.973387 10.13763 11.47875 13.28716 12.81377 12.91022 14.16997 16.68141 18.86659 18.33986 15.08749 13.79769 11.32199 10.14344 10.71422 11.60703 
  6.098269 6.666712 7.28864 8.32928 8.106729 7.164446 7.588546 8.160261 9.315607 9.470762 10.81884 11.10807 10.11549 8.951949 10.50008 12.38175 12.29895 10.57947 9.851292 9.936655 10.06897 10.16957 10.40707 
  5.649364 6.603683 7.406741 8.086875 7.783337 7.006723 8.674188 8.476477 8.721924 9.078959 10.73223 10.59636 9.331005 8.419498 9.095033 10.56183 9.621418 9.432862 9.362441 9.976235 10.29157 10.14408 10.56821 
  4.844229 6.016839 6.726436 8.280799 7.742913 6.100165 8.196506 8.069913 7.808564 7.805601 10.60232 10.46843 9.723247 7.918775 8.409297 9.277189 8.840358 9.157694 9.2258 9.936655 10.38044 11.07797 11.07316 
  3.233958 5.142977 6.081405 7.892951 6.735457 6.612418 6.637545 6.705856 6.823096 8.099453 9.692939 10.04201 9.527126 8.338737 8.525238 9.007661 8.988136 9.253405 9.212135 9.798569 10.20269 10.66572 11.04175 
  3.113187 3.346704 6.577582 7.602065 7.257826 6.927863 7.371418 5.947921 7.534556 8.001502 9.173292 9.189163 8.477049 7.934927 8.127724 9.007661 9.300114 9.265368 9.890756 9.843344 10.1062 10.13558 10.43124 
  4.723458 3.346704 5.039433 6.203365 6.455632 6.100165 5.856289 5.623092 6.235421 7.26616 8.567039 8.301713 7.948099 7.466508 7.928966 8.911401 9.185175 8.726995 9.758699 10.2533 10.1062 10.25453 11.04175 
  4.844229 5.725551 6.428729 5.476421 6.495607 6.147448 5.856289 5.947921 6.333367 7.350423 8.358303 7.843333 7.584446 8.080298 8.309917 8.584117 9.267274 9.14573 9.512746 9.936655 9.966578 10.54447 11.07316 
  4.723458 5.191525 5.585228 5.130258 5.536207 5.674624 6.129728 5.947921 5.582448 5.665168 6.759949 7.537746 7.121614 7.385746 7.84615 9.330716 9.168755 9.014128 9.143815 9.72693 10.26194 10.39897 10.56016 
  3.998837 4.12347 5.237904 5.407189 5.616157 5.201802 4.567217 4.901249 5.125367 6.198833 7.292734 6.659184 6.724902 7.563422 8.11116 8.872897 8.971717 9.014128 9.321448 9.843344 9.873495 10.19506 10.26205 
  5.08577 4.706045 4.741727 5.164875 5.296357 3.546923 4.684405 5.550908 5.941583 6.255007 6.120606 7.766936 7.91504 7.692641 7.647393 8.083565 8.249244 8.822706 9.307784 9.54783 10.1062 10.52022 10.60044 
  3.274214 3.055417 3.699755 4.853327 5.096482 5.059956 4.176589 5.08171 5.77834 6.423533 6.72443 7.308556 7.716683 7.854165 8.276792 8.661125 9.020976 9.217513 9.772364 9.936655 10.29157 10.0846 10.3829 
  5.005256 4.463306 4.642491 5.130258 5.496232 5.15452 5.153159 6.597579 5.582448 6.367358 6.902024 7.91973 7.121614 7.692641 8.177413 8.353093 8.594061 9.157694 9.362441 9.789614 10.07828 10.05062 10.6649 
  6.302593 4.803141 6.726436 8.959534 8.591816 7.401029 7.414844 6.236658 6.268069 6.704409 7.789999 8.110722 8.179515 8.112603 7.879277 8.276085 9.407215 9.349115 9.635723 9.861254 10.20269 10.28002 11.19878 
  6.643133 6.981855 7.938194 10.317 9.400295 9.451417 10.75862 10.87068 10.36597 10.20539 11.42509 10.46843 10.16452 10.5493 10.06403 11.84648 13.63772 12.29324 11.46931 11.44073 11.53583 10.66572 10.94754 
  7.596644 7.360027 8.351545 8.377761 8.106729 9.372557 10.71519 10.68999 11.50767 11.7726 13.11395 12.89905 13.30246 14.22321 13.06793 14.79046 16.67907 16.55438 15.87306 15.70722 14.29401 13.98494 14.08799 
  8.686371 8.053343 9.178249 9.78371 9.400295 10.87092 12.47665 12.13554 11.69034 11.91953 13.93672 13.7519 13.74373 15.3417 15.20443 16.95002 17.99022 18.63248 19.02098 18.55838 17.75964 16.87669 17.17249 
  8.754479 8.053343 9.532552 10.0746 9.602415 10.75262 11.67056 11.90967 12.32969 11.87055 12.89742 13.32547 13.74373 15.98266 16.53371 18.0452 19.651 19.97713 20.33261 20.29386 19.55221 19.16599 19.44397 
  7.664752 7.864257 8.115345 9.25042 9.844958 10.35832 11.10602 11.77415 12.23836 12.06646 12.85412 12.98434 13.64567 15.23487 17.93685 18.1821 20.35028 20.71058 20.85727 21.03764 21.22527 20.61186 20.85013 
  6.575025 7.549113 9.060149 9.104977 9.279023 10.00344 12.10481 12.13554 11.91868 12.55621 12.24787 12.42999 13.15537 14.64917 17.12451 17.9083 19.30136 19.73265 20.46378 20.66575 20.26924 19.88892 19.9848 
  6.847456 6.477626 7.347691 9.008015 9.723686 10.2006 11.67056 11.72898 12.74071 12.55621 12.81082 12.08885 13.05731 14.11672 15.72137 16.12863 18.42727 19.36592 20.33261 20.91368 19.55221 19.88892 19.33581 
  5.126026 6.162482 6.875288 9.104977 9.844958 10.71319 11.32315 11.77415 12.14702 12.75211 12.76751 12.72848 13.49858 14.16997 14.81213 15.53983 17.55317 19.12144 20.07029 20.29386 19.4327 19.40697 19.44397 
  6.030161 7.675171 7.583892 8.959534 10.04708 9.727431 11.49685 11.81933 12.01002 12.70314 13.07064 13.19755 13.54761 14.59593 14.90903 16.26553 17.55317 18.87696 20.07029 20.66575 19.4327 19.28648 19.44397 
  7.324212 7.549113 8.351545 8.232318 10.12793 11.42295 11.97454 12.0452 13.16658 13.63367 13.59029 13.7519 13.89082 15.12838 15.86907 16.47087 19.03913 19.24368 19.93913 20.1699 19.79122 19.64795 19.9848 
  6.915565 7.675171 8.410596 9.298901 10.16835 11.18636 12.23509 12.13554 13.16658 13.53572 13.59029 13.62397 14.62627 15.87583 17.12451 18.1821 20.43769 21.56626 22.30007 21.65746 20.74725 20.97333 21.49913 
  10.79772 10.8266 10.71356 10.85029 12.35002 11.6201 13.56368 13.50318 13.48517 13.73162 14.71593 15.08049 15.56269 18.11919 18.37994 20.03023 21.66143 22.54419 23.08705 22.77313 21.46428 21.09382 21.28279 
  11.75123 12.78049 11.77646 10.85029 12.35002 12.77661 13.32212 12.63245 13.27277 14.50617 15.88474 15.49521 16.12033 18.43967 17.4199 19.34574 20.78733 21.32178 21.51309 21.5335 19.67171 19.0455 19.44397 
  15.71269 17.80667 17.84187 19.29154 17.96658 17.11353 16.10007 16.44186 17.20203 19.41165 20.04051 18.39819 19.35465 20.36256 18.30609 19.00349 19.47618 18.63248 18.234 17.56667 16.56459 16.39473 17.38882 
  16.65084 18.13783 19.54594 20.31333 20.2132 18.70374 17.67022 17.63911 18.47638 21.21894 21.85867 20.16072 20.91604 21.53765 19.48768 20.09868 19.03913 16.92111 17.05353 16.20307 15.60856 15.5513 16.84799 
  16.4061 17.87291 19.3025 19.8592 21.33651 19.57112 18.27412 17.96563 18.79497 21.47712 21.98853 20.78279 21.1391 21.43082 19.56153 20.30402 18.6895 14.96525 15.61073 15.95515 15.60856 15.31032 16.84799 
  16.28374 17.80667 18.97792 20.08627 22.13888 20.43851 18.87802 18.61867 19.21975 21.47712 21.98853 21.09382 21.25063 21.00352 19.33998 20.09868 18.86432 15.08749 16.52888 17.44271 16.56459 15.67179 16.63166 
  16.36531 17.87291 18.81562 20.1998 22.29935 20.72763 19.48193 19.16287 19.53834 21.47712 21.98853 21.09382 21.58521 21.00352 18.89689 19.89333 18.95173 15.6987 17.44702 18.06252 16.8036 15.5513 16.84799 
  16.52847 18.0716 18.89677 20.1998 22.13888 20.72763 19.72349 19.48939 19.43215 21.60621 22.1184 20.99014 22.03133 21.64448 19.04458 20.09868 19.30136 15.6987 17.70935 18.43441 17.16212 15.5513 17.28066 
  16.7732 18.2703 18.97792 20.31333 21.97841 20.58307 19.84427 19.48939 19.43215 21.7353 21.98853 20.88646 22.14285 21.96496 19.26613 20.37247 19.651 15.33197 17.70935 18.18649 17.16212 15.5513 17.38882 
  16.97715 18.40276 19.14021 20.42686 21.81793 20.29394 19.72349 19.16287 19.75073 21.8644 21.7288 20.47175 22.03133 21.53765 19.26613 20.44092 19.56359 16.06542 17.57818 17.93856 16.8036 15.43081 16.84799 
  16.85478 17.80667 18.73448 19.63214 20.53415 19.13743 18.3949 18.18331 19.53834 21.34803 20.55998 19.43497 21.1391 20.25573 18.45379 19.14039 17.90281 14.80121 17.05353 17.31874 15.36955 14.10543 15.76633 
  16.07979 16.41581 17.03041 16.11264 15.39901 15.2342 15.49617 16.5507 18.26399 18.50801 16.79381 17.25773 18.57395 16.73044 16.09062 16.33397 13.90548 12.37684 14.1134 14.48847 13.31336 12.77548 13.77394 
  15.22322 15.62102 15.81321 13.72847 12.99191 12.77661 13.92602 15.35346 16.56485 16.31345 14.97566 15.70256 16.45492 15.12838 14.90903 14.89751 12.72736 11.74985 12.81109 13.30104 12.51347 12.92098 14.02518 
  14.40744 15.1574 15.00175 13.27435 11.70446 12.48748 13.68446 14.80926 15.82148 15.5389 14.45619 15.39153 15.67422 14.06348 14.27918 14.20166 12.40606 11.79165 12.73216 13.57811 12.7801 13.50298 14.05659 
  14.52981 15.09117 15.16404 14.40967 12.67097 13.35487 14.0468 15.02694 16.03387 15.79708 14.84579 15.28785 15.89727 14.80891 14.66678 14.6834 14.28033 14.42501 13.91608 13.61769 13.25411 13.98494 15.00917 
  15.38638 15.95218 16.21894 15.88558 14.59664 14.80051 15.13382 15.78882 16.88344 17.21709 15.88474 15.59888 16.23186 15.44852 14.61833 14.62988 13.90548 13.79802 13.99501 14.05308 13.46149 14.10543 14.68468 
  16.039 16.87943 17.1927 17.13443 16.52232 16.53528 16.22085 16.5507 17.62681 18.6371 17.44315 16.63566 17.34714 16.62362 15.42598 16.12863 14.76229 13.54723 14.35018 14.76554 13.9355 13.50298 14.40203 
  16.48768 17.47552 17.84187 17.92916 17.32469 17.54722 16.82475 16.76838 17.62681 19.15347 18.4821 17.36141 17.5702 17.26458 15.64752 16.67622 15.77975 14.84301 16.13539 16.451 14.41351 13.38173 14.59046 
  16.44689 17.60798 17.92302 18.26975 17.48516 17.69179 16.94553 16.5507 17.20203 18.89529 18.61197 17.36141 17.34714 17.3714 15.05673 16.67622 16.67907 15.57646 16.00422 16.451 15.01104 12.33898 15.00917 
  16.16137 17.54175 17.67958 18.49682 17.16421 17.2581 16.82475 16.33302 16.67105 18.37892 18.61197 17.15405 16.90103 16.9441 14.23073 16.47087 17.55317 15.82094 15.21724 14.96344 13.22448 12.31473 15.76633 
  15.87584 17.34305 17.51728 18.26975 16.36185 16.24615 16.10007 15.67998 15.82148 17.60437 17.96263 16.53199 15.78575 15.55535 14.98288 14.84398 14.17323 13.04563 14.82375 15.21137 14.055 12.53298 15.00917 
  15.54953 17.14436 16.86811 15.99911 13.31286 12.63205 13.80524 14.48274 13.37897 14.89344 14.84579 14.97682 15.22811 15.07513 13.84313 13.23818 13.79838 13.58903 13.99501 13.89475 12.83935 12.26623 12.80041 
  15.54953 17.21059 16.94926 15.77205 13.95475 13.2103 12.95977 13.93854 13.06038 14.24798 13.93672 14.66578 15.33963 15.44852 12.24428 11.41826 14.01258 14.09062 13.87662 12.07403 11.41733 12.07223 10.91614 
  15.46795 16.8132 16.62467 15.09086 13.15239 12.77661 12.19167 13.17665 12.10135 13.86071 13.80681 14.5621 15.11658 15.98266 12.68033 11.04358 13.36997 13.83982 13.44251 12.07403 11.00258 11.44173 10.82192 
  15.14164 16.21711 16.1378 14.5232 12.51049 12.19835 11.58371 12.63245 11.91868 13.9898 14.19645 15.49521 15.56269 15.23487 12.19583 11.47179 14.60164 15.08749 13.24519 12.11361 11.62471 11.78123 11.51282 
  14.73375 15.28986 15.40748 14.1826 12.18955 11.34408 10.84547 11.0062 10.86832 12.60518 12.37778 13.06962 13.49858 13.69076 10.88768 9.812458 12.94156 12.96203 12.49538 11.40115 10.9137 11.75698 10.72771 
  14.40744 14.23015 14.43373 13.95554 10.45132 8.899389 9.065019 9.063734 8.630588 10.25437 11.16527 11.70506 12.81215 12.41288 10.79078 9.758931 12.1383 12.62764 11.98235 11.16367 10.58782 10.98097 10.88473 
  14.13501 14.16713 13.66607 12.64409 7.945033 8.583945 8.978168 9.696165 9.635283 11.23388 11.29518 12.13149 11.73349 11.135 10.40318 9.43777 11.28149 11.24826 11.19307 10.76786 10.6767 10.64147 10.56821 
  13.11339 12.90655 11.83551 10.75333 7.621641 8.426223 8.15308 8.024739 9.132936 10.94002 11.07866 11.74771 10.89997 11.56096 10.64543 9.544824 11.33504 10.99746 11.86395 9.936655 9.892112 10.37348 10.85333 
  11.61501 11.14175 9.591602 8.135356 7.176978 7.992487 8.674188 9.334776 8.858928 9.960516 10.21259 10.9375 10.80191 10.5493 10.11248 9.865985 11.38859 10.91386 10.87735 10.09498 9.882803 10.81122 11.13597 
  9.026911 9.503002 10.24115 8.814091 7.136554 7.440459 8.45706 8.566824 9.178603 9.81359 10.12598 10.51108 10.70385 10.17659 9.724882 9.544824 10.74598 10.95566 10.79843 10.53037 10.29157 10.66572 10.94754 
  7.596644 7.927285 8.942049 8.426242 8.025881 8.229071 8.761039 9.87686 11.09666 11.1849 9.952762 11.40657 11.5864 9.857116 10.59698 10.56183 11.49569 10.74666 10.52218 10.56995 10.7952 10.85972 10.6649 
  7.596644 6.540654 7.11149 7.602065 7.459946 7.637612 7.545121 7.798872 8.265244 8.883059 8.393823 10.21258 10.26258 9.644135 9.918682 10.45478 10.69243 10.24507 10.24593 10.17414 10.32119 10.78697 10.91614 
  7.869076 8.242429 7.997244 7.699027 7.29825 6.77014 7.15429 7.437482 7.991236 8.295354 8.653646 10.1273 9.281975 8.472744 9.143482 10.02657 10.21048 10.16147 9.622059 10.2533 10.9137 10.88397 10.59239 
  6.915565 6.918827 6.825671 5.926434 6.255757 6.651849 7.197715 7.437482 7.534556 7.350423 8.322784 9.027481 8.889732 8.419498 9.288833 9.919512 10.15693 9.994275 9.811828 10.45121 10.58782 10.01663 10.56821 
  8.005292 5.434264 7.11149 7.117254 6.615532 6.383859 6.676608 8.115088 8.082572 8.295354 8.870165 9.530302 9.036823 9.005195 8.901233 9.544824 9.942722 9.952476 9.890756 10.2533 10.1062 10.66572 11.10456 
  7.051781 7.360027 7.11149 6.687994 6.415657 6.19473 6.763459 7.16644 7.149583 7.209985 8.653646 9.700871 9.134884 8.403346 8.949682 9.598351 10.31758 10.24507 10.00915 10.21372 10.23232 10.76272 10.59239 
  7.119888 6.162482 7.052439 6.34183 5.895982 6.336576 4.879719 6.985745 7.534556 7.238072 7.967595 9.103878 8.675406 8.274127 8.998133 9.865985 10.04982 9.910676 9.811828 9.976235 10.17306 10.39048 10.72771 
  6.506917 6.666712 6.379111 6.411063 7.176978 5.816472 5.543787 6.741948 6.561907 6.844847 7.647923 7.996126 8.840702 8.898705 8.359608 8.526361 8.922458 9.408935 9.335113 10.21372 10.29157 9.855198 10.3265 
  6.711241 6.225511 7.052439 7.068773 7.662066 6.73071 5.856289 5.947921 6.725151 5.889869 7.292734 7.91973 7.981158 8.096451 7.730209 8.834394 9.103076 9.050019 9.321448 9.503055 9.929345 10.64147 11.01035 
  5.893945 6.351568 6.825671 5.130258 6.015907 6.052883 5.934415 6.128382 6.757799 7.560724 7.186176 7.690539 7.485268 8.632479 8.690869 8.199078 9.152335 9.061983 9.622059 9.72693 9.650093 10.16957 11.3558 
  6.098269 6.918827 7.28864 5.337956 5.616157 5.816472 5.778163 6.489303 7.116934 7.181898 6.830986 7.117565 7.088555 8.738969 8.901233 9.123173 9.086656 9.229477 9.321448 9.762749 9.575626 9.855198 10.85333 
  5.689621 5.53136 5.585228 5.095642 5.296357 5.721907 4.215652 5.587 6.137475 6.479708 6.511315 7.041168 7.518327 7.983384 8.591491 8.930654 9.037396 9.492682 9.307784 9.323956 9.78972 10.28852 10.31039 
  5.689621 5.094429 4.344785 5.061025 5.736082 5.438213 4.957845 6.020105 5.843637 6.507796 6.830986 7.079366 7.35303 8.209517 8.359608 8.872897 8.823938 9.109838 10.08808 9.936655 9.985195 10.16107 10.14925 
  5.962053 4.36621 4.344785 6.134132 5.895982 5.58006 6.246917 5.659184 6.627204 6.844847 6.475797 7.384953 7.419149 8.322584 8.674307 8.834394 9.168755 8.966272 8.897861 9.682155 10.1062 10.47172 10.6963 
  6.098269 5.434264 6.329494 6.964924 4.976557 5.769189 5.114096 5.478724 6.170124 6.704409 6.369239 7.117565 7.551386 8.371041 8.707433 8.31459 9.053816 9.492682 9.417097 9.976235 10.05035 10.61722 10.75911 
  5.246797 5.53136 5.485992 5.753352 5.216407 4.587133 5.03597 5.442631 5.680394 6.620146 7.612405 7.843333 7.88198 7.450356 7.962092 8.603369 9.004557 9.061983 9.29412 9.61947 10.52857 10.07611 10.6649 
  5.407824 5.240072 6.279876 6.134132 5.895982 5.674624 4.918782 5.875737 6.268069 6.816759 6.902024 7.00297 7.716683 8.031841 8.574928 8.641873 8.528381 8.966272 9.93022 10.60953 10.29157 10.3395 10.85333 
  6.847456 6.729741 7.583892 6.895692 5.895982 6.431141 6.246917 6.850224 7.21488 7.069547 6.830986 7.690539 7.88198 8.015689 8.37617 8.699629 8.61048 9.420898 9.198472 9.825434 10.12482 10.35649 11.04175 
  6.506917 6.729741 6.329494 6.237981 6.255757 5.532778 6.246917 6.164474 6.202772 6.535883 6.937543 6.926573 7.38609 7.434203 7.697083 8.795889 9.218015 9.121802 9.253128 10.0554 9.836261 10.22904 10.48764 
  6.643133 4.948785 4.940197 6.411063 5.456257 4.870826 5.895352 4.540328 5.190664 6.198833 7.363771 7.270358 8.080337 7.967232 8.541801 8.449353 8.725419 9.253405 9.758699 9.897074 10.32119 10.38198 10.44736 
  4.240377 4.706045 4.24555 5.822585 4.776682 5.012673 4.489091 4.720788 5.321259 6.002219 6.369239 7.23216 7.452209 8.112603 8.044909 8.449353 8.791099 9.14573 9.321448 9.936655 9.873495 10.39897 10.36679 
  6.779348 5.919743 6.279876 4.92256 4.456882 5.721907 5.504724 5.911829 6.790448 7.462773 7.328253 7.461349 7.518327 7.628032 8.16085 8.988409 8.265663 9.420898 9.851292 9.52992 9.547701 10.19506 11.01035 
  5.649364 6.288539 7.052439 6.307214 7.217402 6.572988 6.246917 6.27275 6.463962 6.676321 6.617872 7.461349 6.956318 8.632479 8.674307 8.045061 8.807518 9.492682 9.307784 9.368731 10.32119 10.61722 11.32439 ]
