 [
  5.628414 3.734765 4.317167 4.835561 5.186075 5.116984 4.19548 5.527757 6.292911 6.783583 7.428144 6.61571 7.669695 8.07 8.050455 8.672957 9.151667 9.343966 9.317733 9.941543 10.20689 10.41541 10.68641 
  4.309837 3.307132 4.002492 4.452664 4.960828 4.760765 5.094602 5.545563 5.45246 6.484558 6.634919 6.883446 7.632949 7.676056 7.855031 8.203561 8.775666 9.22463 9.675676 9.635242 9.926594 10.43654 10.7229 
  3.671551 3.568463 4.415503 4.599932 4.893254 4.333301 4.760642 5.260663 6.451751 6.697978 7.001813 6.80695 7.210369 8.285859 8.469172 8.672957 8.875797 9.343966 9.658926 9.679034 9.51875 10.40484 10.67911 
  3.605521 3.829795 4.258165 5.041736 5.625984 4.808261 3.681696 5.740832 6.319385 6.484558 6.845789 7.460324 7.915279 7.897312 8.595655 9.053992 8.805706 9.22463 9.792931 10.08148 9.748626 10.20837 10.66452 
  3.84763 3.520948 4.572841 5.424632 5.983798 5.140733 4.272548 5.118213 6.398804 6.315715 7.108396 6.787826 7.026638 8.113172 8.38485 8.707597 9.46202 9.761638 9.222514 10.16894 10.06007 9.589304 10.0801 
  4.507926 3.473433 4.277833 5.15955 5.864526 5.116984 4.452372 4.405962 5.830067 6.498628 6.770478 7.41762 7.247115 7.536747 8.553494 8.846155 9.186151 8.950668 9.307153 9.722828 10.07342 9.819935 10.45813 
  5.120981 4.352458 4.828514 5.630806 5.824769 5.553857 5.590532 4.975762 5.727083 5.921748 6.378863 6.959942 7.669695 8.113172 8.091169 8.261155 8.875797 9.403633 9.391791 9.941543 9.889517 10.89086 11.00019 
  4.507926 3.87731 4.749846 5.306818 5.665741 5.341769 4.657886 5.029181 5.864394 6.583838 6.906037 6.386221 7.33898 7.381049 7.977171 7.973185 9.0827 9.343966 9.675676 10.34386 10.16685 9.480058 10.42477 
  5.254516 4.486775 4.828514 5.668599 4.960828 4.950748 4.940467 5.838466 6.028179 6.812118 7.357088 7.246802 7.880196 7.782587 8.38485 8.638318 8.675536 9.343966 10.09444 9.994019 10.03337 10.18409 11.22641 
  4.617975 4.453196 4.671176 5.571899 5.118501 4.618277 4.709264 5.545563 6.239965 6.840652 7.108396 7.545732 7.522711 7.831755 8.216205 8.776876 9.46202 9.672136 9.675676 9.92405 9.93401 10.38371 10.7156 
  5.174395 4.352458 5.096033 4.982828 5.433846 5.624553 4.606507 5.136019 6.001706 7.011862 6.966286 7.460324 6.971519 7.446606 7.627035 8.318749 8.234961 9.403633 9.50817 9.64619 10.4338 10.70068 10.56931 
  3.957679 3.520948 4.415503 5.630806 5.983798 5.341769 5.968715 4.993568 4.903215 7.011862 7.072868 7.545732 7.100131 7.940484 8.975106 8.950074 9.46202 9.433467 10.58021 10.85114 11.70183 11.60933 10.94181 
  5.094274 4.621092 4.572841 6.084313 5.745255 4.808261 6.346897 7.107715 5.315149 6.583838 7.783419 7.588437 6.49382 7.544942 7.773603 8.49976 8.979248 9.70197 9.742679 9.766621 10.55393 10.65842 10.75209 
  5.281223 4.72183 5.704525 5.571899 6.103069 6.119425 6.611625 6.944991 6.901795 7.496955 8.316331 7.972776 7.541083 7.520358 8.131883 8.49976 8.735614 9.94064 9.77618 10.16894 10.12681 10.56333 11.08776 
  5.842071 5.796365 6.42711 6.802367 6.301854 6.119425 6.006533 6.977536 6.504697 7.810839 8.529496 8.186297 7.985447 7.462996 8.091169 8.846155 9.393053 9.612469 9.77618 9.624293 10.28698 10.41541 10.9783 
  6.02902 5.326256 5.324218 6.273275 6.818696 6.260818 6.384715 7.726068 8.516663 8.238862 8.742661 8.656046 8.757284 8.242687 8.001599 8.534399 8.745627 8.942611 9.809682 9.766621 10.02003 10.42597 10.89803 
  5.628414 5.359835 5.43831 6.953536 7.693353 7.179866 7.178898 7.888792 7.5901 8.467141 9.311102 9.382019 8.7222 8.242687 8.216205 8.42571 8.445235 9.254464 9.233094 9.906558 9.785703 10.73238 11.28479 
  5.868777 6.132157 6.465141 7.709381 8.448737 8.240308 6.309079 7.400619 8.198984 8.952234 10.19929 9.595541 8.967786 8.674407 8.342689 8.811516 9.427536 9.761638 9.50817 9.065932 9.733795 10.14767 10.81046 
  5.30793 6.132157 5.970741 8.767564 7.733109 7.10917 7.14108 7.530798 8.304877 8.895164 10.59009 10.02258 9.458955 9.494674 8.932945 8.984714 9.806857 9.373799 9.960438 9.536707 9.919179 10.53163 10.62074 
  5.014153 6.602265 7.834249 9.598994 8.607765 7.922175 7.78399 8.051516 9.31086 9.009304 11.123 11.26101 10.12554 9.667361 9.48104 9.22719 9.565472 9.433467 9.591924 9.766621 9.963671 10.5105 10.88344 
  6.643281 6.602265 7.872279 8.729772 8.528252 7.568695 8.767264 8.800047 8.913761 10.17923 11.40722 11.30371 10.23079 10.01274 9.354557 8.984714 9.599955 9.493134 8.968597 9.668086 9.644811 10.32031 10.52484 
  5.468172 6.098577 7.073633 10.16588 9.482422 6.75569 9.29672 9.711303 9.50981 11.07245 12.73681 12.85557 12.65951 13.94906 14.8064 17.34811 17.31936 16.16121 15.22213 12.89285 12.78111 12.5726 11.511 
  5.948899 6.40079 6.959541 9.221071 8.647522 7.886827 8.918537 9.255674 9.39028 10.62584 12.29208 12.67025 12.16039 13.42332 14.22554 17.09585 17.06751 15.69931 14.58465 12.00562 12.45733 12.18729 10.84695 
  6.082434 6.098577 7.682126 8.35185 7.653595 8.240308 8.805082 9.027861 8.966708 9.608537 11.01642 10.96208 10.68688 9.926393 9.734007 10.0239 9.737889 9.433467 9.960438 9.941543 9.889517 10.53163 10.88344 
  5.895484 6.770162 8.138494 8.616395 7.693353 8.73518 8.048717 7.888792 9.046127 9.779746 11.51381 10.40692 10.26588 9.883221 9.143751 9.157911 9.496504 9.176284 9.360052 10.01151 10.38041 10.61615 10.81776 
  5.601707 6.300053 6.122864 7.36925 7.534324 7.427302 7.935263 7.888792 8.437243 9.351723 10.59009 10.74856 10.33604 9.710533 9.270234 8.880795 9.048216 9.791471 9.77618 9.994019 9.971086 10.62672 10.74479 
  5.708535 6.132157 5.894679 7.633796 7.613838 6.472906 7.632717 7.660977 8.56961 9.037839 9.453212 10.70585 10.09046 9.624189 10.0713 9.538946 9.220634 9.063477 9.275414 9.819098 9.882102 10.66898 10.59155 
  5.788656 6.165736 7.035603 8.805357 7.812624 7.886827 9.031992 8.084061 8.357823 8.895164 9.701904 10.10799 9.879957 9.624189 9.734007 8.950074 9.013732 8.894265 9.169615 9.976526 10.03337 10.41541 10.52484 
  5.067566 5.628469 6.92151 7.86055 7.216268 6.366861 8.578173 7.498253 7.987198 7.896443 9.311102 10.40692 9.950125 9.710533 9.270234 8.392799 9.220634 9.403633 9.275414 9.580501 10.00668 10.06271 10.48036 
  5.414758 6.669424 8.290618 7.36925 7.494567 6.791038 9.145447 8.311874 7.35184 8.524211 9.488739 10.53504 9.879957 8.588063 8.511333 8.569038 8.979248 9.184341 9.360052 9.689982 10.07342 10.19623 10.5026 
  5.922192 6.098577 6.845448 6.68899 7.375296 8.3817 9.069811 7.953881 7.907779 8.295932 9.275574 10.06529 9.002869 9.40833 9.396718 8.742236 9.186151 9.160169 9.742679 9.64619 10.23359 10.46823 10.69371 
  5.76195 5.594889 5.666494 6.084313 7.693353 8.20496 9.93963 8.865137 7.325367 7.924978 8.493969 9.040384 9.002869 9.624189 8.806461 8.984714 9.048216 8.708938 9.575172 9.819098 9.889517 10.25692 10.83236 
  6.696695 6.367211 7.149695 7.596004 7.613838 8.275656 8.351264 7.856247 7.616573 8.096188 8.600552 9.467428 9.318621 9.019782 8.342689 8.277611 8.795692 9.095707 9.254253 9.350587 9.993332 10.49993 10.92722 
  5.735242 6.870899 7.453941 8.314057 7.017482 8.876572 9.901812 8.865137 8.013672 8.096188 9.666376 10.27881 9.037952 9.062954 8.637816 9.123272 9.289601 9.284298 9.222514 9.547655 9.993332 10.29918 10.83965 
  5.76195 5.695627 5.590433 7.02912 6.778939 8.629136 9.183265 7.823702 6.875322 7.040397 8.565023 9.937176 8.687118 9.321985 8.38485 8.638318 8.545366 9.463301 9.709178 9.92405 9.971086 10.80634 11.15344 
  4.397876 4.281186 5.134064 4.865014 5.276174 7.179866 7.897445 6.847357 5.864394 6.755048 7.641308 8.656046 7.985447 8.199515 8.38485 8.088373 8.555379 9.433467 9.558422 9.744724 10.1802 10.33088 10.68641 
  4.706015 4.654671 4.317167 3.74578 4.217513 5.069489 5.300116 5.456532 6.054652 6.726513 6.785541 7.208554 7.430845 8.199515 7.928315 8.672957 8.695562 9.1924 9.77618 9.994019 9.93401 10.14767 10.33583 
  7.818391 7.105954 5.324218 6.084313 5.824769 5.871989 4.478061 5.420919 5.864394 6.414207 6.815664 7.289506 6.898027 7.635083 7.887601 8.211789 8.875797 9.1924 9.423532 9.514811 10.10011 10.8486 10.89073 
  5.30793 4.587513 5.248156 6.084313 5.141026 5.412465 5.43926 5.492144 6.213491 7.040397 6.800602 7.545732 7.632949 7.897312 7.741033 8.335205 9.151667 9.119881 9.826432 9.959035 10.20689 10.07484 10.49148 
  5.548293 4.856147 6.503172 6.764574 7.136753 6.649646 5.930897 6.001191 6.716483 6.812118 7.108396 7.887367 8.336282 8.97661 7.838745 8.483304 8.875797 9.403633 10.44621 10.43132 9.93401 10.05057 10.92722 
  6.696695 8.079751 9.901433 10.78043 12.09311 11.4054 9.372356 8.01897 7.643046 8.552746 9.346629 11.30371 10.30096 9.149298 8.722139 8.880795 9.599955 10.47765 9.910186 10.20393 10.10011 10.4788 11.23371 
  6.322797 5.56131 6.959541 8.389642 10.95932 9.760273 6.119987 5.50995 6.107599 7.068932 8.032111 10.49233 9.318621 9.624189 9.354557 9.400388 10.08273 10.86549 9.826432 10.29139 10.56728 10.66898 11.43803 
  10.07315 11.79563 13.0487 13.59035 13.38887 13.05053 12.4667 11.5253 11.54183 11.63071 13.73745 14.56695 14.98876 15.26341 14.10937 12.93362 12.22072 11.04449 10.46296 10.76367 11.00775 11.09161 12.19177 
  12.53389 14.49138 15.69902 16.86859 18.086 16.78947 15.25111 14.47304 14.5301 14.98028 17.18409 19.27322 18.98175 18.94358 17.59453 16.46521 15.68232 13.96716 12.54472 13.33646 13.75247 14.11383 15.12292 
  13.62756 15.53972 16.6929 17.33691 18.086 17.23814 15.73536 15.26666 15.24728 15.98515 17.40645 19.55845 19.64725 19.60076 19.10477 18.73552 18.83048 16.85407 13.94717 14.11279 13.75247 13.92118 15.38939 
  15.40476 16.58807 17.85241 19.05409 19.54373 18.58416 17.06703 16.51379 16.32306 16.65506 18.18473 20.84198 20.6455 20.38937 19.68563 19.61841 20.08975 17.89335 15.09463 15.22183 15.69519 16.23302 17.3879 
  16.22501 16.73783 18.68064 19.83462 19.86767 19.18238 17.7934 16.85391 16.56212 16.87837 18.29591 20.9846 20.81187 20.1265 19.8018 19.9968 20.3416 17.77788 14.96714 15.33273 16.55862 17.09997 18.45377 
  16.49842 17.48665 19.17758 20.30294 20.67752 18.88327 17.55128 16.74054 16.56212 17.21332 18.29591 21.26982 21.47737 20.25793 19.91797 20.37518 20.3416 17.43145 15.09463 15.33273 16.55862 17.38895 18.72024 
  16.77184 17.93594 19.67451 20.30294 20.83949 18.4346 17.30916 16.74054 16.80118 17.21332 18.51827 21.55505 21.9765 20.78367 20.26649 20.50131 20.46753 17.54693 15.47712 15.55454 16.55862 17.19629 19.25318 
  16.90855 18.08571 20.0058 20.14684 20.35358 18.4346 17.1881 16.85391 16.92072 17.21332 18.51827 21.69767 22.47562 21.44085 20.49883 20.50131 20.3416 17.08502 15.60462 15.77634 17.09827 17.48528 19.51965 
  17.04526 18.08571 20.17145 19.99073 19.86767 18.13548 17.06703 16.62716 16.68165 16.99002 18.18473 21.69767 22.642 21.70371 20.84735 20.62744 19.96382 17.2005 14.83964 15.66544 17.09827 17.48528 19.91935 
  17.04526 17.78618 20.17145 19.67851 19.21979 17.68681 16.70385 16.17366 16.084 16.54341 17.62882 20.9846 22.47562 21.44085 20.84735 20.87969 20.3416 17.77788 14.83964 15.66544 16.99034 17.48528 19.91935 
  16.90855 17.78618 19.84016 19.52241 18.73388 16.93902 15.97748 15.72016 15.60588 15.76184 16.85054 19.98629 21.81012 21.04654 20.26649 20.62744 20.46753 18.12431 14.32966 14.88912 16.55862 17.00364 19.51965 
  16.49842 17.93594 19.01193 19.83462 17.76206 15.89212 15.25111 15.03992 14.88869 14.98028 15.73872 18.70276 20.97825 20.65224 19.8018 19.9968 20.21568 18.23978 13.81968 14.3346 16.01898 16.61833 18.58701 
  15.67818 17.63642 19.01193 19.3663 16.62827 15.14434 14.88793 14.47304 14.41057 14.53367 14.96045 17.27662 20.47912 20.5208 20.03415 19.87067 19.83789 18.00883 13.1822 13.89098 15.58727 16.32935 17.92084 
  15.13134 17.18712 19.01193 18.58577 15.49448 14.09744 14.28262 13.90617 13.93245 14.42202 15.07163 17.27662 20.47912 20.5208 20.15032 19.61841 19.58604 18.70169 14.07467 15.22183 16.77448 17.19629 18.58701 
  14.85793 16.58807 17.68677 16.71249 14.36069 12.90098 12.95095 12.54567 12.73714 13.41715 14.29336 16.56355 20.31275 20.38937 19.91797 19.49228 19.71197 19.04812 14.32966 15.44363 16.88241 17.29262 18.45377 
  14.58451 15.83925 16.85854 16.08806 12.57902 11.10629 10.89291 10.73168 10.46606 10.7375 11.44275 13.56864 17.65075 17.76067 17.36219 16.33908 16.5638 15.12192 12.03474 13.66917 14.40005 14.49914 15.92232 
  14.58451 15.83925 15.53338 14.21478 10.79735 10.05939 9.637084 9.483489 9.50981 10.06509 10.94537 13.71126 17.15163 17.36636 17.12984 15.83457 16.31195 14.66002 11.30049 13.11466 13.96833 13.82485 15.12292 
  11.71364 12.09516 12.71741 11.56096 8.528252 8.3817 8.4269 7.400619 6.954742 7.297211 9.062408 10.57774 11.73938 12.38719 11.25181 12.13691 12.91039 13.04335 10.3457 10.18643 10.36707 10.8486 12.05853 
  6.002313 7.374588 7.720157 8.691979 6.22234 5.412465 5.968715 6.001191 6.61059 6.783583 6.725292 7.227678 8.757284 9.106126 8.511333 9.192551 9.289601 9.522968 10.07769 10.4838 10.42046 10.55276 10.61344 
  7.578028 7.072374 7.035603 6.953536 5.16355 7.780783 10.16654 8.897682 7.060635 7.41135 8.351859 8.826862 9.002869 9.19247 9.228073 9.989261 11.01379 11.671 12.16223 12.11652 11.20796 11.19727 11.5256 
  5.254516 4.281186 6.617264 6.424444 5.276174 9.194704 12.22458 9.938052 6.239965 7.240141 9.524267 8.399819 8.687118 9.796877 9.312395 9.469667 10.49653 11.31299 11.65225 11.8307 11.11453 10.92256 11.40154 
  4.728024 4.352458 5.324218 5.781975 5.478896 8.169611 11.98246 10.39155 6.637063 6.840652 9.168991 8.399819 8.160864 9.106126 8.050455 7.98964 8.765654 9.463301 10.04419 10.2564 10.36707 10.76407 10.59155 
  8.432652 9.099889 9.901433 10.0525 10.43659 11.10629 11.37715 11.41192 12.01996 11.51906 11.62499 12.71296 13.99051 14.21193 15.27109 15.58231 16.43788 15.69931 13.69218 13.00375 11.91768 12.86158 13.39087 
  10.20986 11.19658 12.05482 12.3415 11.28326 11.70452 11.98246 12.77242 12.9762 12.07732 14.18217 15.56525 16.15338 16.70919 17.01367 18.231 20.3416 19.74098 19.30199 18.54894 17.85377 16.71466 16.58849 
  10.75669 10.74729 10.72966 12.3415 12.74099 10.50806 11.61928 11.86542 11.66136 11.1841 14.07099 15.99309 16.48613 16.70919 17.24602 18.86164 20.71938 20.20288 19.68447 18.99255 18.50134 17.67793 17.3879 
  9.2529 10.74729 10.72966 10.46822 12.09311 11.55496 11.98246 11.9788 11.54183 12.41228 14.73808 15.99309 16.81888 17.36636 17.24602 19.61841 21.22309 20.31836 19.17449 18.88165 18.06963 17.09997 17.7876 
  9.663024 10.59752 11.06095 12.02928 11.6072 11.85408 11.01397 12.20555 12.61761 12.63558 14.40454 15.70786 16.15338 16.97206 16.54898 18.73552 20.21568 19.51002 17.89954 17.329 16.55862 16.52201 17.12143 
  10.8934 10.14823 11.2266 13.43424 13.06493 11.4054 11.61928 12.54567 12.73714 12.97054 14.73808 15.85048 15.98701 16.97206 15.61961 18.35713 18.95641 18.12431 17.26206 16.55267 16.23484 15.55873 15.92232 
  9.116193 10.14823 10.56401 12.18539 12.09311 11.85408 11.37715 11.9788 11.78089 12.18897 13.62627 14.99479 15.32151 15.92058 14.57406 17.60036 18.07492 16.62312 15.9871 15.55454 14.40005 14.49914 14.19028 
  9.93644 9.099889 9.735787 11.71707 10.95932 10.05939 10.65078 10.50493 10.82465 11.40741 12.84799 14.28172 13.49139 14.4748 13.52851 15.45618 16.0601 14.7755 13.94717 13.44737 12.3494 12.76525 12.45823 
  9.116193 8.11333 9.127295 11.09264 10.63538 9.760273 9.372356 9.027861 9.31086 9.151978 11.84735 12.99819 12.16039 12.51671 11.25181 12.93362 13.28971 11.52183 11.21674 11.1485 10.36707 10.38371 10.61344 
  8.299117 7.105954 8.252587 9.86354 9.879992 9.406793 9.410174 8.962771 8.146038 8.838095 11.15853 11.34642 10.09046 9.883221 9.565362 10.88989 10.87585 10.03014 10.11119 10.0465 10.4338 10.35201 10.33583 
  7.845098 8.650598 7.41591 8.918734 9.045094 7.745435 7.216717 6.944991 6.848849 8.609816 9.808487 9.168497 9.248454 8.717579 8.300528 9.504307 9.599955 9.103765 9.137876 9.273949 10.23359 10.69011 10.75209 
  7.684855 8.281226 6.845448 8.465226 7.295782 6.75569 7.292353 5.385306 5.177837 7.924978 9.346629 9.894471 9.494039 8.199515 8.342689 9.019353 10.32411 10.32848 9.926936 10.39634 10.55393 11.04935 11.2556 
  4.882093 3.853552 5.628464 7.482627 5.824769 5.518509 6.044351 5.968646 5.812902 6.755048 7.854474 7.844663 7.845113 7.940484 8.12374 8.409255 9.117183 8.886207 9.52492 10.13396 10.08677 10.32031 10.33583 
  6.055727 4.755409 5.590433 5.781975 5.478896 5.659901 5.363623 5.838466 6.451751 6.897722 7.072868 7.18943 7.704779 7.602304 8.216205 8.880795 8.645496 8.789515 9.50817 9.383431 10.04672 10.23264 10.62074 
  6.696695 5.695627 5.666494 5.630806 5.478896 5.211977 5.514896 5.153825 5.84723 5.992099 6.860851 6.845198 7.880196 7.848144 8.258367 8.534399 9.220634 9.612469 9.876684 9.722828 9.859856 10.54219 10.93452 
  3.979689 4.822567 5.248156 4.33485 4.938303 4.190813 4.041345 4.7977 5.006198 6.470488 6.845789 6.673082 7.669695 7.864533 8.066741 8.534399 9.048216 8.926496 9.370632 9.889066 9.845025 10.22051 10.78127 
  4.243807 3.544706 4.356502 3.74578 4.713057 3.715854 4.760642 4.708668 5.418132 5.992099 6.529484 7.18943 7.950363 7.536747 7.871316 8.880795 9.289601 9.493134 9.642176 9.339639 10.23359 10.38371 10.7229 
  4.948123 3.235859 4.061494 3.893047 4.10489 4.190813 4.400993 5.438725 5.84723 6.400136 6.363801 7.074686 7.950363 7.758003 8.083027 8.569038 9.324085 9.22463 9.893435 9.976526 9.971086 10.08698 9.879976 
  4.948123 3.829795 4.730178 5.512992 5.298698 3.977082 4.683575 5.22505 5.246493 6.526769 6.183056 6.022865 7.228742 7.700641 8.216205 8.534399 8.455248 8.990957 9.725928 9.889066 10.02003 10.18409 10.39142 
  4.816064 4.587513 5.134064 5.781975 5.864526 5.30642 5.43926 6.06628 6.53117 6.983327 6.544547 6.80695 7.375726 7.897312 8.469172 8.351661 8.78568 9.254464 8.831059 9.230156 10.52724 10.17195 10.53595 
  3.891649 3.0458 4.395836 5.744183 5.665741 5.045741 4.734953 4.744281 5.195002 5.978029 7.534726 7.801959 7.950363 8.501719 8.342689 8.294066 8.855771 9.079592 9.423532 10.0465 10.22024 10.15981 10.258 
  4.133758 3.354646 3.746819 4.835561 4.330137 3.977082 5.325805 5.578107 5.967378 6.315715 7.143923 7.18943 7.467591 7.741614 7.610749 8.638318 9.358569 9.343966 9.75943 9.83659 9.993332 9.953459 10.54707 
  3.649541 3.188344 4.277833 4.688293 5.54647 5.211977 4.786332 5.064794 5.555444 5.710694 6.845789 6.71133 7.228742 7.381049 7.9446 8.145967 8.685549 9.373799 9.658926 10.20393 9.896933 10.35201 10.62803 
  5.494879 4.019855 4.867848 5.601353 5.298698 4.927001 4.734953 5.740832 6.028179 6.442347 6.183056 6.32885 7.283861 7.372854 8.216205 8.351661 8.62547 9.314132 9.675676 10.27389 9.993332 10.4788 10.84695 
  5.014153 3.948582 5.286187 5.512992 5.54647 4.808261 5.363623 5.675742 6.187018 6.06245 7.108396 6.634834 6.824534 8.026828 8.469172 8.672957 9.358569 9.552802 9.725928 9.449121 9.941424 10.11126 10.34694 
  4.463906 2.831983 4.376169 5.630806 5.186075 5.30642 5.85526 5.331888 5.881558 6.287574 7.143923 7.588437 7.33898 7.807171 8.469172 8.252928 8.944765 9.70197 9.575172 9.39438 10.02003 10.1234 10.258 
  4.441896 4.067369 5.248156 5.933145 4.915779 4.927001 4.991845 4.94015 6.425277 6.301644 6.785541 7.151182 7.810029 7.831755 7.773603 8.055462 9.358569 8.789515 9.742679 9.784113 9.867271 10.03843 10.32471 
  5.521586 5.326256 5.894679 6.386652 4.645482 5.412465 4.940467 4.477187 6.054652 6.287574 6.695168 7.844663 8.125781 8.458548 9.185912 8.203561 8.375144 9.031245 9.558422 9.871573 9.874686 10.23264 10.78127 
  5.334637 4.587513 5.552402 5.895352 5.625984 4.380797 5.094602 5.871011 5.778575 6.400136 7.072868 7.132058 8.090697 8.372204 8.553494 8.450394 9.220634 9.047361 9.444691 10.09897 10.39376 10.36258 10.58043 
  5.361344 4.352458 4.769512 5.306818 6.182583 5.235724 5.325805 6.13137 5.967378 6.06245 6.348739 6.940818 7.136877 7.983656 8.595655 8.310522 8.595431 9.463301 9.50817 9.819098 10.4605 10.28862 10.86154 
  6.055727 4.956884 5.324218 5.041736 5.904284 5.942685 5.628351 6.19646 5.915886 5.626272 6.559608 7.631141 7.845113 8.329031 8.469172 8.458621 8.62547 8.9829 9.222514 10.09897 10.28698 10.70068 11.33587 
  5.548293 3.948582 3.609148 5.365725 5.904284 5.518509 5.197359 6.326639 6.53117 6.09059 7.214978 7.972776 8.055614 7.880923 8.083027 8.603679 9.048216 9.200458 9.692428 10.32637 10.14016 10.01415 10.21352 
  5.414758 5.15836 4.981941 5.744183 6.301854 5.730597 5.401441 5.242856 5.727083 5.781045 6.00231 7.545732 8.020531 7.807171 8.058599 9.157911 8.585418 8.821746 9.77618 9.959035 10.31367 10.52106 11.17533 
  5.815363 4.281186 4.376169 6.046521 5.095976 5.069489 5.703987 6.521908 6.213491 6.783583 6.559608 7.112934 6.953146 7.561331 7.798032 8.707597 8.875797 9.522968 9.412951 9.906558 10.23359 10.37314 11.17533 
  4.706015 4.233671 4.867848 5.542446 5.54647 5.021993 5.248737 6.359184 5.881558 5.893607 6.695168 6.99819 7.449218 8.415376 8.099312 8.466848 9.048216 9.463301 9.233094 9.405328 10.02003 10.00201 10.3803 ]
