 [
  5.455368 6.331772 8.397457 9.168528 8.614601 8.992583 10.08729 9.526906 9.441574 9.689016 12.23866 12.58746 12.178 10.98241 11.21827 9.593743 9.564957 10.28296 10.55291 9.976744 10.06605 10.69118 10.98925 
  5.78977 6.507205 6.54412 9.093285 9.463467 7.863156 9.199041 9.822188 9.997025 10.51902 11.7972 11.76935 10.90788 10.34062 10.96002 9.424791 10.31703 10.4884 10.87525 9.922854 9.871468 10.48443 10.83543 
  3.954508 5.571566 5.876919 8.227995 8.917768 9.25833 8.168669 8.61153 9.733917 10.10402 11.52054 11.36896 11.65501 10.68291 9.754846 9.171364 9.940991 10.07753 10.05699 9.815075 10.01688 10.53956 10.47902 
  5.132595 5.776237 8.150346 9.732846 8.250802 9.025802 9.696463 8.759171 10.26894 11.00319 11.75768 11.58735 11.46823 10.55455 10.09918 9.973885 10.50504 10.28296 10.94964 9.940817 10.70518 10.47065 10.83543 
  5.650436 6.711876 8.100924 8.115131 7.55352 8.062467 8.66609 8.877285 9.470809 10.3461 11.87625 11.76935 11.35616 10.34062 11.17523 9.889409 10.12901 9.842744 10.10658 9.753866 10.52081 10.52578 10.65085 
  5.2603 6.565682 6.741809 7.212221 8.311436 8.228559 8.381849 9.408792 9.792385 10.65736 11.48102 12.24253 11.5803 10.81127 11.26131 9.804933 10.12901 10.45905 10.80086 10.03063 10.06605 10.512 11.0354 
  6.570043 6.565682 7.656122 9.281391 8.523652 8.560743 8.168669 7.725683 9.236935 10.06944 11.95529 11.51455 11.05731 10.98241 11.5626 10.52298 10.91868 10.22427 10.45372 10.03063 9.878078 10.60848 10.63547 
  5.70617 6.127101 7.433722 9.657603 7.887003 8.593962 8.73715 8.906813 9.207701 9.965685 11.36245 11.98774 11.05731 10.68291 11.26131 10.35403 10.16661 10.37101 10.45372 9.658732 10.47165 10.93927 10.68161 
  6.374974 6.302534 7.754967 9.281391 8.220486 8.095685 8.914801 8.700115 8.476844 9.101095 11.83672 12.31532 11.13202 10.81127 10.91698 10.05836 10.12901 9.989483 9.957806 10.06656 10.00366 10.36038 10.89696 
  6.486442 7.267411 6.469986 7.814161 8.068903 8.394651 8.950331 8.227663 8.973826 9.135678 11.87625 12.27893 11.09467 10.55455 11.69173 10.1006 9.790578 10.19492 10.30495 9.976744 10.21354 10.20156 10.69699 
  5.3439 6.653399 5.975763 6.986493 7.55352 7.630628 8.48844 8.906813 8.476844 9.689016 11.71815 12.06053 10.83317 10.1267 11.26131 9.762695 9.790578 9.930788 10.32974 9.940817 10.36103 10.60848 11.02002 
  5.734036 6.361011 7.359589 8.453723 6.765288 7.065914 7.209357 8.493418 9.295403 10.24235 11.08578 11.69655 11.20673 9.998338 10.05614 9.804933 9.677768 9.784048 10.20576 10.0486 10.43478 10.95306 11.0354 
  5.2603 5.01603 5.926341 7.701297 7.55352 7.36488 7.671248 8.28672 8.476844 9.585265 10.7696 11.33256 11.13202 10.21227 10.96002 10.14284 9.677768 10.25361 10.37933 9.761185 10.58227 10.82901 10.52169 
  5.873371 5.717759 7.063054 8.152753 6.795605 8.793272 9.199041 8.818228 8.535313 9.792767 10.80912 10.89578 10.19812 9.656052 10.87393 10.14284 9.828181 10.07753 10.55291 10.28212 10.37332 10.28979 10.62124 
  4.873016 5.951669 7.952656 8.528965 7.55352 7.929593 8.026548 8.168607 8.535313 9.723599 11.2834 11.25976 10.68375 9.998338 11.08914 10.01612 8.516559 8.93289 9.709848 10.28212 10.11521 10.5947 10.91234 
  5.929104 4.182832 7.18661 7.814161 7.765737 6.966259 8.275259 7.961909 7.892159 8.755259 10.53246 11.15057 10.90788 9.955552 10.44352 9.551505 8.805628 10.37101 9.467805 9.644096 9.897907 10.40173 10.95849 
  6.848711 5.805475 6.717098 6.836008 7.583837 7.56419 7.919959 8.28672 7.395176 8.37484 9.307242 10.3862 10.45961 10.16948 10.91698 9.889409 9.000905 9.49057 10.42893 9.779148 10.29958 10.48443 10.33681 
  6.23564 5.863953 6.272297 7.814161 7.189721 6.368327 7.848898 8.522945 8.359907 8.651508 9.583904 9.767421 9.56306 9.656052 10.74481 9.973885 9.151319 9.343831 10.13138 9.940817 10.07834 10.13097 10.57858 
  4.932919 4.276515 7.384299 8.152753 7.947637 7.099133 7.742308 8.345777 8.009096 8.132754 9.741997 10.3862 9.824553 9.442123 9.797888 9.847171 9.26413 9.784048 10.0074 10.30008 10.34874 10.38795 10.63547 
  6.653643 6.15634 6.717098 7.325085 6.674339 7.530972 7.635718 6.987477 7.190536 8.85901 9.78152 10.56819 9.600416 10.51177 10.74481 9.551505 9.37694 9.549266 9.93301 9.505054 10.07834 10.76009 10.75852 
  5.901237 6.887308 6.519409 8.829935 7.341304 6.93304 7.351477 7.017006 7.102834 8.513174 9.623427 10.2406 10.7211 11.88091 12.59561 12.0013 10.95629 10.01883 10.08179 9.95878 10.27499 10.88414 11.08155 
  4.793146 4.182832 6.890076 8.115131 6.977505 6.700511 7.884429 8.522945 10.02626 11.18001 12.99429 13.53994 14.16887 15.84291 17.15896 16.53979 14.5139 13.36365 13.00048 12.06048 12.33083 12.12462 12.46594 
  5.956971 6.068624 7.260744 8.679451 7.55352 7.032696 7.351477 7.253232 7.132068 8.547757 10.57198 11.22337 11.20673 12.56548 13.92991 13.31068 11.55794 10.10687 10.23056 10.30008 10.84038 10.84279 10.97387 
  5.2603 6.39025 6.741809 7.1746 6.644022 6.268672 7.209357 7.371345 7.336708 8.789843 9.504858 10.71379 10.27283 10.1267 9.496594 9.171364 9.076112 9.578613 9.957806 10.03063 10.13979 10.67739 10.97387 
  5.112628 5.834714 7.631411 8.303238 7.462571 6.833385 6.960647 7.725683 7.83369 8.547757 9.109627 9.913015 10.1234 9.399338 9.195301 8.960175 8.950162 9.343831 9.685052 9.815075 9.732661 10.55335 10.82005 
  5.17253 5.834714 6.148741 7.437948 7.371621 6.634074 7.351477 6.869365 7.62905 7.786918 8.674871 9.621826 9.973978 9.313766 9.238343 9.25584 8.923883 9.222975 9.402517 9.44651 10.16438 10.70496 10.89696 
  5.112628 5.24994 6.865365 7.851782 6.704656 5.421187 6.072394 6.78078 6.401211 7.406499 9.267719 9.80382 9.376278 8.800337 8.93705 9.298078 9.113715 8.912169 9.299923 10.10249 9.983834 10.20156 10.62124 
  7.099513 7.325889 5.975763 6.723144 6.704656 6.999477 8.275259 8.050494 6.722788 7.060663 8.39821 8.893854 9.226853 8.885908 8.506631 9.593743 8.687372 9.274776 9.709848 9.292831 9.937566 10.58091 10.75852 
  6.179906 7.121218 7.6067 7.851782 6.977505 7.265224 7.173827 6.810308 6.66432 7.095246 9.465335 10.4226 8.853291 8.372478 8.721841 8.960175 8.963302 9.725353 9.610665 9.886928 10.00366 10.40173 10.89696 
  5.427501 5.980907 7.137188 8.416101 7.341304 7.398098 7.315947 6.987477 6.012429 7.095246 9.504858 10.2042 9.189497 9.057051 9.238343 9.002413 9.076112 9.098652 9.449152 9.62946 9.726051 10.21038 10.49325 
  6.096306 6.653399 6.445275 7.437948 6.340856 7.232006 8.275259 7.607571 6.576617 7.99442 8.714396 9.403435 8.479728 8.329693 8.764882 8.664612 9.37694 8.922529 8.982811 9.33674 9.712831 10.20156 10.98925 
  5.511102 4.928314 5.432117 7.099357 6.674339 6.999477 8.275259 8.28672 6.605851 7.12983 7.923932 8.384274 7.9062 8.244122 8.635756 8.748985 9.038508 9.402527 9.561073 9.644096 9.593855 10.21921 10.47902 
  5.678303 4.744926 5.876919 7.212221 6.340856 6.135798 8.026548 7.253232 6.956662 7.717751 8.437733 9.075847 8.55444 8.201336 8.342267 8.833461 9.26413 8.622085 9.430498 9.886928 9.983834 10.56713 10.95849 
  4.493632 3.495828 5.25914 6.986493 6.158957 5.703958 7.244887 6.042574 6.45968 6.514331 7.5287 8.311476 7.994097 7.974045 8.029146 8.264324 9.151319 8.96397 9.206655 9.497736 9.911127 10.2545 10.2657 
  4.234054 2.871279 3.512094 5.010121 5.401474 5.546102 5.574973 5.548529 6.280809 6.141366 6.235497 7.140965 7.232327 8.049809 8.420547 8.875699 8.937023 9.343831 9.685052 9.658732 10.23812 10.93927 10.40792 
  7.796185 5.571566 5.679229 6.045961 6.03769 5.737177 5.610503 5.573231 5.74405 6.265687 7.331085 7.424399 8.517084 7.995691 8.123082 8.601408 8.910744 9.202254 9.505113 9.658732 10.10292 10.19274 10.71238 
  7.65685 5.542327 6.568831 7.099357 6.098323 6.002924 6.072394 5.746147 5.764694 5.312553 7.093946 8.20228 8.55444 8.458051 8.09177 8.338061 8.687372 9.119372 9.759439 10.15638 10.01688 9.795677 10.18037 
  5.232433 3.96424 4.453996 5.147592 5.004135 5.44617 5.267522 5.153293 5.805983 5.561197 7.449654 7.874692 8.330303 8.757551 8.46359 8.485536 8.555977 9.233335 10.10658 9.976744 10.07834 10.19274 10.53591 
  5.511102 4.370197 5.456829 6.497416 7.280671 5.496136 4.578656 5.499125 5.537603 6.514331 7.410131 8.093084 8.405016 8.415265 7.903898 8.30646 8.779348 9.285135 9.585869 10.24619 10.10292 10.13097 10.68161 
  5.901237 5.132985 5.432117 7.1746 8.553968 6.899822 6.392165 6.190215 6.547383 7.233581 8.832964 9.403435 7.789005 8.415265 8.850966 8.791223 8.516559 9.212614 9.271942 10.0486 9.924346 10.41551 10.36525 
  4.912951 4.182832 4.642376 4.528975 5.496078 5.604303 5.358162 5.894361 6.218875 7.060663 7.252038 7.579 7.422769 8.458051 8.185707 8.390731 9.414543 8.891449 9.561073 9.753866 9.911127 10.48443 10.66623 
  7.684717 7.121218 5.679229 7.964646 9.039034 7.032696 6.214515 6.426441 6.898194 7.925253 9.267719 10.3134 10.60903 11.06798 10.40047 9.804933 9.903388 9.813396 10.08179 10.13841 10.31187 10.45686 11.41995 
  10.58159 11.65817 13.10768 14.07064 14.37252 13.87086 12.24318 11.65684 11.0979 12.24092 14.31666 15.17277 15.84068 16.0708 15.00626 14.2187 13.77654 12.98296 12.363 13.09851 12.45428 12.31451 14.30381 
  12.61839 14.12379 15.4628 17.77675 18.62834 16.94162 14.85293 14.20496 13.95319 14.98162 17.05584 19.3909 18.90567 18.91948 17.37423 15.37925 15.14592 14.00765 14.19546 14.87799 14.42946 13.8336 15.36595 
  14.01868 15.86423 16.9121 18.70328 19.16031 17.36036 15.98761 15.42806 15.6111 16.39617 17.90593 20.34338 20.29885 20.1729 18.98876 19.07189 18.72736 14.97363 14.46101 14.58141 14.42946 15.35269 18.23374 
  15.41898 16.44438 17.99907 19.93865 20.04694 18.33742 17.00882 16.24346 15.88741 15.95412 17.62256 20.75159 20.29885 19.48922 18.77349 19.81042 19.67539 16.36895 15.12488 15.47116 15.17016 15.73246 18.55238 
  16.18278 16.73446 18.72372 20.40191 20.22427 18.61658 17.23575 16.24346 15.79531 16.13094 17.43365 20.47945 20.15953 19.94501 19.7422 20.33793 20.09674 16.58361 14.9921 15.91603 15.78741 16.58695 17.80888 
  16.43738 17.3146 19.26721 20.40191 20.75624 18.05826 16.78188 15.83576 15.7032 16.57299 17.62256 20.61552 20.99543 20.51475 20.06511 20.54894 20.30741 16.79828 14.85933 15.32286 16.0343 17.06166 18.55238 
  16.56468 17.60468 19.62954 20.09307 20.57892 17.91868 16.66841 15.73383 15.7032 16.39617 17.52811 20.88766 21.5527 20.85659 20.60328 20.75995 20.41275 17.01294 14.59378 15.32286 15.91085 17.25155 19.18967 
  16.69198 17.60468 19.8107 19.78423 20.04694 17.7791 16.55494 15.52998 15.79531 16.30776 17.15029 20.34338 21.41339 20.85659 20.71092 20.54894 20.41275 17.33494 13.79713 15.17457 16.0343 17.15661 18.97724 
  16.81928 17.45964 19.8107 19.62981 19.33764 17.36036 16.10107 15.32613 15.42688 15.95412 16.96138 19.66304 21.13475 20.62869 20.71092 20.44344 20.41275 17.97893 13.39881 14.87799 16.2812 17.15661 19.18967 
  16.69198 17.45964 19.8107 19.47539 18.80566 16.80204 15.6472 15.02036 15.05846 15.42366 16.48911 18.98269 20.85612 20.51475 20.49565 20.33793 19.9914 17.97893 13.13326 15.02628 16.40465 17.25155 19.29588 
  16.43738 17.74971 19.26721 19.47539 17.91903 15.96456 15.07987 14.51073 14.2295 14.36275 15.16675 17.89414 20.57748 20.62869 20.38802 20.23243 19.88606 17.8716 13.79713 14.87799 16.5281 17.25155 19.08345 
  15.92818 17.74971 18.90489 19.32097 16.67776 14.9875 14.28559 13.89918 13.67687 13.56707 14.41111 16.94166 20.29885 20.51475 19.95747 19.91592 19.88606 17.76427 13.92991 14.58141 16.0343 16.96672 18.76481 
  15.41898 17.45964 18.90489 18.8577 15.79113 14.15002 13.71826 13.49148 13.40055 13.39025 13.74993 15.98918 19.74158 19.94501 19.20403 19.07189 19.04337 16.90561 13.13326 14.7297 16.2812 16.68189 18.23374 
  15.03708 17.16957 19.08605 18.24002 15.25915 13.45212 13.37785 13.28763 13.30844 13.47866 14.03329 16.12525 19.60226 19.94501 19.52693 18.96638 18.93803 16.79828 13.79713 14.87799 15.91085 16.492 18.02131 
  14.90978 16.73446 17.99907 16.85023 14.37252 12.61464 12.58358 12.57416 12.6637 13.30184 13.93884 15.98918 19.88089 20.1729 19.7422 18.96638 19.04337 17.01294 14.59378 14.87799 15.78741 16.11223 17.06538 
  14.52788 16.29935 17.09326 16.07812 13.13124 11.35842 11.4489 11.35106 11.46632 12.15252 12.89984 14.90063 18.62704 18.57764 17.80477 16.96181 17.35799 15.83229 14.06268 13.39509 14.05912 14.02348 15.25974 
  10.83619 12.23831 13.65117 12.37201 10.47136 10.66052 10.31423 9.674547 9.82162 9.481514 9.623427 12.09693 14.44751 13.67791 12.63865 12.63487 13.47572 13.14899 12.73493 12.20877 11.59013 12.31451 12.71059 
  8.381389 9.337577 7.927945 6.535038 5.647445 6.002924 5.485059 6.190215 6.781257 6.182806 6.544597 7.630534 9.56306 10.85405 11.82086 11.57893 11.74596 11.36883 12.16463 11.53955 10.74205 11.76626 12.52747 
  7.406049 6.419488 6.32172 5.743296 6.431806 6.268672 5.340034 6.072102 6.693554 7.406499 8.39821 9.913015 11.87915 14.81739 15.00626 14.1132 12.94927 13.04166 13.13326 13.2468 12.82462 13.64371 14.41002 
  6.597909 5.68852 5.90163 5.895476 4.493272 4.946513 5.539443 6.10163 6.095008 6.887745 6.885671 8.129482 9.86191 13.03613 13.02603 11.74788 10.99389 11.01666 11.1728 11.59344 10.76663 11.54573 12.60438 
  7.266714 5.863953 5.432117 5.674561 4.644639 4.671701 5.752624 5.67204 6.342743 6.576492 6.395376 6.496796 7.452068 8.757551 8.807924 8.917936 9.414543 10.13622 10.18097 10.26416 10.44707 10.92549 10.45058 
  6.096306 4.776154 5.126782 5.12468 4.814927 5.346239 5.717093 5.128591 6.23952 7.060663 6.587231 6.934831 8.031453 7.70346 8.217019 8.748985 8.805628 8.922529 9.477132 9.512372 9.845028 10.55335 10.72776 
  7.155247 6.302534 6.025186 8.227995 9.524099 9.69017 8.59503 10.02604 11.0979 11.00319 11.59958 12.16973 12.7757 13.03613 13.24124 13.73306 14.40856 14.32964 13.26603 11.84492 10.6806 11.64221 12.38903 
  10.19969 9.19254 10.39025 11.59991 12.06729 13.03338 12.81052 12.77801 13.67687 14.45116 14.41111 14.76456 16.39795 16.0708 16.51315 16.96181 18.20068 18.73025 19.50644 19.62328 18.37984 17.15661 16.74674 
  10.45429 11.22306 12.02071 11.90875 12.42194 12.47506 13.03745 13.08378 13.30844 13.47866 14.12775 15.30884 15.70137 15.72896 16.19024 17.59483 18.93803 19.80357 21.09974 21.40276 19.36743 18.10604 18.12752 
  9.690491 11.22306 11.83955 12.06317 11.35799 11.21884 13.15092 12.98186 13.03212 12.68297 14.03329 15.85311 16.11932 17.09633 17.80477 18.43886 19.67539 19.26691 19.10812 18.88183 18.25639 17.72627 18.33995 
  11.21809 10.93298 9.665595 10.67338 11.53531 11.21884 12.58358 12.37031 11.46632 12.68297 14.69447 15.98918 16.25864 15.95686 17.05132 18.43886 19.67539 19.05225 18.44425 17.99209 17.0219 17.53638 17.59645 
  9.94509 9.482614 9.665595 10.8278 11.35799 11.35842 11.56237 12.26838 11.83474 12.41774 15.16675 16.39739 16.39795 15.61502 15.4368 17.17282 18.30602 17.5496 16.98373 16.21261 15.54051 15.73246 16.21567 
  7.963386 7.998379 10.20908 11.59991 10.64869 10.38136 11.33544 11.75876 11.0979 11.00319 13.08875 14.62849 14.16887 14.24765 13.92991 16.01227 16.30462 15.1883 14.59378 13.54338 13.44187 12.88416 13.45409 
  9.308591 9.482614 9.665595 11.29106 11.00334 10.1022 11.1085 10.73951 10.08473 10.65736 11.36245 12.16973 12.70098 12.09484 12.29432 14.95723 14.82991 13.01231 12.48698 11.68325 11.29515 11.17358 11.28151 
  8.926692 8.612392 7.977367 10.67338 9.584733 9.823044 9.909643 8.906813 8.593781 9.239429 11.40197 11.69655 11.01995 10.46898 9.711803 12.33921 12.46042 10.69383 10.80086 10.1923 10.21354 10.76009 10.74314 
  8.799392 7.618276 7.829101 9.996195 9.402834 7.630628 8.097609 7.814268 7.950627 8.271089 9.939613 10.75018 9.86191 8.843122 8.678799 9.720457 9.903388 10.07753 10.10658 10.21027 10.38561 11.0771 10.7739 
  6.792977 5.68852 7.236032 8.829935 8.372068 7.630628 7.138297 7.10559 7.161302 7.026079 8.319163 8.420671 8.629153 7.865811 8.506631 8.49607 8.779348 8.839648 9.299923 9.868964 10.27499 10.47065 10.97387 
  7.12738 5.863953 5.629807 6.271689 5.496078 6.202235 7.067236 6.249271 5.74405 6.327848 6.864354 6.883297 7.261625 7.757577 8.232675 8.643544 9.26413 9.519918 10.08179 9.731913 10.00366 10.62226 10.78929 
  7.879785 5.68852 4.803845 5.12468 5.855791 6.169016 6.392165 6.190215 5.578893 6.887745 6.715134 7.244032 7.979447 8.714766 8.678799 8.548739 8.950162 9.402527 9.883418 9.940817 9.957396 10.44308 10.45058 
  5.288167 4.838609 3.915766 4.506064 5.041977 5.496136 5.140626 5.499125 5.599537 6.818577 6.512621 6.007227 7.378821 7.876634 8.357924 9.129127 9.000905 9.725353 9.759439 10.06656 10.18896 9.989795 10.43636 
  7.350315 5.454611 4.857668 5.720385 5.795157 5.071427 5.466931 5.44972 5.682116 7.164413 7.252038 7.244032 7.217677 8.329693 8.592715 8.622477 9.000905 9.343831 9.234634 9.695322 9.983834 10.00744 10.03815 
  5.192498 3.96424 4.211792 4.803916 4.644639 4.57177 5.412547 5.425018 5.104067 6.369289 6.406035 7.166732 7.745057 7.7684 7.716025 8.453934 8.963302 9.191894 9.458478 9.644096 9.653343 10.24568 10.47902 
  4.952887 3.58951 4.696199 5.055945 5.382553 4.946513 5.321907 5.820253 6.260164 5.809841 6.278132 7.089432 7.349522 7.887457 8.060458 8.327528 8.910744 9.285135 9.709848 10.15638 10.11521 10.12215 10.16614 
  5.192498 4.21406 5.234428 6.30931 6.280223 6.667293 6.036864 6.515026 6.371977 5.954883 6.459328 7.656301 7.832953 7.833341 7.982178 8.748985 9.076112 9.549266 9.685052 9.651415 10.06605 10.69118 11.11231 
  5.650436 5.513088 4.696199 5.651649 5.704207 4.996479 5.37629 5.993169 5.351802 6.265687 7.252038 7.553233 7.305573 7.919928 8.060458 8.30646 9.151319 8.808568 9.085405 9.851001 10.18896 10.52578 10.97387 
  4.733243 4.46388 4.803845 5.605826 5.628524 5.737177 5.610503 5.375613 6.810491 6.611076 6.864354 6.78023 7.466717 8.049809 8.2953 8.032579 9.076112 9.109013 9.355884 9.797112 10.33645 10.40173 11.02002 
  4.972855 5.103746 4.400173 5.933097 5.533919 5.321256 4.977473 5.795551 6.012429 6.514331 6.352742 6.934831 7.056533 7.995691 8.279643 8.706747 9.076112 9.119372 9.271942 9.475782 10.04147 10.12215 10.18037 
  5.212465 4.869836 4.588553 6.384553 5.32579 4.471838 4.904961 4.46163 5.867917 6.714827 6.565914 7.166732 8.218234 8.201336 7.778649 8.348596 8.700512 9.431874 9.551746 9.33674 10.16438 10.62226 10.88158 
  5.3439 4.46388 4.319438 5.445444 5.382553 4.896547 5.086242 5.894361 5.70276 6.327848 6.608548 7.166732 7.64251 8.017338 7.919554 8.706747 8.950162 9.274776 9.784235 10.06656 10.2627 10.4293 10.08081 
  4.234054 4.120378 4.938402 5.330885 4.966293 4.771633 5.249394 5.375613 6.301454 5.809841 6.21418 6.677163 7.173729 7.508639 7.637745 8.485536 8.937023 9.343831 9.467805 9.761185 9.977225 10.36038 10.72776 
  4.693308 3.558283 4.480907 4.391505 5.079819 3.972181 5.031857 5.474422 6.518148 6.514331 6.89633 7.372866 7.14443 7.616873 7.93521 8.559273 9.076112 9.373178 9.93301 9.904891 9.930956 10.13097 10.66623 
  5.152563 3.558283 4.023412 4.781004 4.68248 5.396204 5.049985 5.103889 5.723405 5.934163 6.683158 7.604767 8.106166 8.093102 8.342267 8.917936 9.339336 9.160813 9.262615 9.886928 9.930956 10.37417 10.57858 
  5.052725 4.776154 4.131058 5.376709 5.060898 5.321256 5.485059 5.375613 5.289868 6.224247 6.82172 7.692699 8.218234 8.147219 7.997834 8.643544 9.226526 9.343831 9.169347 9.851001 10.16438 10.34274 10.62124 
  5.09266 3.651965 4.34635 5.239239 5.420394 4.821599 5.122498 5.425018 5.021488 6.680243 6.768427 7.063664 8.031453 8.329693 8.807924 9.382554 8.963302 9.077932 8.964157 9.636778 10.17667 9.989795 10.80467 
  4.633406 4.713699 4.238704 5.514179 6.158957 4.621736 4.941217 6.249271 6.635086 6.853161 6.853695 7.115198 7.14443 7.551932 7.982178 8.053647 8.122374 9.314483 9.374537 9.833037 10.52081 10.11332 10.7739 
  5.622569 4.682471 3.942678 6.045961 5.666366 5.604303 4.651168 6.839836 7.249005 6.369289 6.533938 8.129482 7.452068 8.136395 8.357924 8.706747 8.437721 9.181534 9.833827 9.709959 9.990444 10.13979 10.88158 
  4.972855 3.808103 4.669288 5.857855 5.704207 4.996479 6.036864 6.396913 6.488914 6.535052 6.875013 8.093084 7.40812 8.179689 8.980092 8.538205 8.608535 9.129733 9.365211 10.03063 10.04147 10.41551 10.5928 
  4.5136 3.464601 3.835032 5.147592 5.193344 5.44617 5.01373 6.042574 5.867917 5.250392 6.331425 6.986364 7.510665 8.082278 7.41856 8.485536 8.845046 9.233335 9.486459 10.12045 10.2627 10.04274 9.725267 
  6.625776 5.366895 5.019136 5.697473 5.401474 5.171359 5.19501 5.054484 6.547383 6.265687 7.014899 7.656301 7.261625 7.63852 8.123082 8.475002 8.805628 9.696005 10.05699 10.24619 10.10292 10.53956 11.00464 
  6.179906 4.986791 5.555674 5.628737 4.512193 4.471838 4.778065 5.746147 6.985897 6.555772 6.651183 8.238679 8.66651 8.671979 8.678799 9.002413 8.72679 10.81122 10.82566 10.21027 10.33645 10.92549 11.11231 
  6.876578 4.957552 4.427084 5.834943 5.916424 5.571084 5.539443 6.308328 6.752023 6.45217 7.805363 8.093084 7.803654 8.028162 8.549673 8.917936 8.424582 9.373178 10.23056 9.702641 10.18896 10.19274 11.12769 
  5.538969 5.337656 5.234428 5.720385 5.734524 5.604303 4.379248 5.647338 5.723405 5.561197 6.427352 6.78023 7.935499 8.082278 8.46359 8.696213 9.188923 9.373178 9.458478 9.541644 9.858248 10.53956 10.91234 ]
