 [
  5.098134 5.201648 5.302003 5.549914 5.551867 4.569145 5.151942 5.104063 5.211866 6.980669 7.242586 7.377125 7.548537 8.067786 8.666744 8.862132 8.985839 9.737952 9.709522 9.926193 10.37263 9.9339 10.33359 
  4.991383 5.201648 5.683191 5.921734 4.747636 5.774515 5.46418 4.708651 5.382156 6.56126 6.944835 7.823495 7.75169 8.024596 8.25656 7.963295 8.403219 9.332819 9.652412 9.819615 9.873526 10.31735 10.67621 
  4.696648 3.958689 5.099482 5.921734 5.791425 6.199543 5.672338 5.941408 6.820735 6.828156 6.870398 7.14753 7.71106 8.322312 8.395701 9.02035 8.923858 8.909002 9.738077 9.689354 9.83287 9.816736 10.72371 
  4.817327 4.163622 4.80349 6.163803 5.551867 5.462132 5.553391 5.406438 5.961143 7.018797 6.758741 7.518414 7.893898 8.226148 8.754677 9.127189 8.849481 9.415228 9.521445 10.10613 9.662111 9.955203 10.63228 
  4.787158 3.662675 4.974854 5.773006 5.791425 5.9339 5.817235 5.639033 5.893027 7.018797 6.814569 7.30648 7.507906 7.895028 7.999683 8.984738 9.171781 9.508258 9.738077 10.40602 10.37263 10.60431 10.87335 
  6.379143 4.368555 5.33316 5.37144 5.32942 4.569145 5.107337 5.662293 6.097376 6.637516 7.186758 7.863658 7.71106 8.226148 9.106411 9.127189 8.799896 9.026729 9.709522 10.32205 10.35679 10.81611 11.11279 
  5.525136 3.844837 5.403166 5.982251 5.654534 5.462132 5.493917 6.339142 5.927085 6.923477 7.627036 7.571398 7.761848 7.823045 7.978276 8.609827 8.812292 9.600136 9.452516 9.986172 10.06868 10.55137 10.75364 
  4.817327 5.118339 5.613185 5.921734 5.346531 4.943623 5.508785 5.476216 6.612317 7.354796 7.583643 8.265289 8.015959 7.520718 7.95687 8.546751 8.985839 9.508258 9.909407 10.29806 10.37263 10.63079 10.13153 
  3.369172 4.277473 4.351712 5.683769 5.449199 5.462132 6.010429 4.917987 4.224182 5.951211 6.572647 7.165191 7.731375 7.664683 8.031793 8.949126 8.923858 9.038502 10.02363 9.986172 10.436 10.21083 10.34237 
  3.550191 4.186392 5.130639 5.817624 6.208292 6.040157 5.672338 5.708812 6.267666 5.989339 6.554038 6.970918 7.284438 8.226148 8.352889 8.625596 9.196573 9.403455 9.549017 9.641987 10.06055 10.23214 10.78357 
  4.726818 3.002335 4.445183 5.311949 5.363643 4.684369 5.003257 5.569255 5.995202 6.637516 6.591257 6.653017 7.345384 8.226148 8.320779 8.546751 8.7875 8.708866 9.369799 9.90251 9.938577 10.3706 10.96314 
  4.575968 3.161727 4.507497 5.579659 5.586089 5.54855 5.672338 6.488292 6.36984 6.56126 6.312116 7.324142 7.477433 7.707873 8.28867 8.594058 9.196573 9.085592 9.766632 9.914351 9.710899 9.901946 10.47415 
  5.631887 3.958689 4.507497 5.609405 5.688757 5.606162 5.627733 5.918149 6.131433 6.885349 6.386553 7.059224 7.518064 7.751062 7.849838 8.913513 8.985839 8.720639 9.231939 9.476199 9.873526 10.3493 10.39508 
  3.007133 3.685445 5.146218 5.579659 5.964603 5.375713 5.0776 4.755169 5.858969 6.732836 7.41007 7.218175 7.457118 8.514641 8.710711 8.72021 9.134592 8.967865 9.590375 10.16611 9.906051 10.12562 10.47415 
  4.606138 4.368555 4.834647 5.564786 5.842759 4.886011 5.672338 5.84837 5.858969 6.618452 7.496857 7.783332 7.893898 7.621493 7.849838 8.578289 9.291659 9.238637 9.680967 10.31005 10.78454 10.65726 10.34237 
  4.03291 5.201648 5.403166 6.405873 6.817514 5.634968 5.720637 6.040842 5.31404 8.074796 9.232579 9.108713 9.562063 9.764779 8.492031 8.483674 8.911462 9.073819 10.19496 11.74566 12.6945 11.87509 11.68145 
  3.76138 3.822067 4.850225 4.969874 5.483421 5.69258 5.642601 6.438575 6.403898 7.018797 7.242586 7.500753 7.57901 8.466558 8.502734 8.877901 8.911462 9.783892 9.452516 9.90251 10.1012 10.68374 10.562 
  3.489851 4.118081 4.819068 5.549914 5.586089 5.577356 4.720757 4.452795 6.335782 6.84722 6.386553 7.500753 7.253964 7.319167 8.213747 8.136755 8.911462 9.646074 9.493874 9.807774 10.18252 10.49842 10.5005 
  3.580361 4.00423 5.239689 5.520168 5.295197 5.030041 5.256021 5.406438 5.31404 5.798699 6.219069 7.341803 7.467276 8.370395 8.666744 9.091576 8.973442 8.932548 9.823742 10.11812 10.06868 10.76316 10.61471 
  4.304439 4.209162 5.099482 6.163803 6.208292 5.880772 5.345232 5.034285 5.824911 6.37062 7.186758 7.094546 7.975271 7.808649 8.342186 8.830594 9.023027 9.692014 9.459408 9.938189 10.35679 10.18953 10.87335 
  5.525136 4.451864 4.460762 5.37144 5.620312 5.231683 4.824836 5.336659 5.790853 6.770965 7.186758 6.970918 7.690744 8.082182 8.798644 8.609827 9.184177 9.285728 9.41805 10.33405 10.34094 9.838038 10.28088 
  4.666478 5.534885 6.033221 5.877115 6.147369 6.358929 6.686612 8.526678 10.41595 12.39479 12.66063 11.43817 12.16603 11.68807 10.99698 11.65567 12.71477 10.24328 9.680967 10.99381 11.46577 10.86906 10.78357 
  5.578512 6.20136 6.803288 6.103286 6.269214 6.093286 7.314495 9.073562 10.72858 12.87479 13.0556 11.39801 12.32878 11.83231 11.08492 12.0118 13.47546 10.51892 9.909407 11.46164 11.7351 10.65726 11.20258 
  4.938007 3.867608 4.710018 5.37144 5.791425 4.367502 5.018126 5.894889 6.508108 7.162797 7.186758 7.642043 7.243807 7.30477 8.299373 8.799056 9.624462 9.415228 9.909407 10.26207 10.05241 10.3706 10.8135 
  4.938007 4.345784 5.33316 5.594532 6.391058 5.987029 6.638313 6.935743 7.602304 8.362796 8.798649 9.189039 10.17237 10.91875 11.74442 12.0118 12.38197 12.8618 13.30744 14.44385 14.87302 16.23352 18.74491 
  6.485893 5.701504 5.893209 6.950529 7.487658 6.943344 6.976404 7.532343 8.227559 8.314796 8.494898 8.867735 9.480689 10.2456 10.99698 11.12149 11.62127 11.89708 12.27946 13.59179 14.02582 15.35363 18.04155 
  8.193906 9.283806 8.273416 8.039842 8.523335 7.368372 6.73491 7.880361 8.227559 8.314796 8.451504 9.06855 8.748323 8.514641 8.534843 8.877901 9.196573 9.600136 9.611054 10.15411 10.23004 10.97496 12.04061 
  7.553401 10.36683 10.16358 10.46054 8.827946 7.527758 7.942378 8.576395 9.165442 9.178795 9.275972 10.43409 9.887559 8.322312 8.470624 9.198413 8.688331 10.10546 10.05218 10.26207 10.57858 11.18675 11.47195 
  5.471761 7.284381 8.55344 9.673811 7.304892 5.987029 6.686612 5.708812 5.961143 6.408748 7.149539 8.225126 8.300767 8.197354 8.798644 8.767518 9.339203 9.692014 9.766632 9.926193 9.914183 10.94848 12.07054 
  4.907837 3.935918 5.893209 6.284838 5.757202 4.799593 5.196548 5.476216 6.508108 6.999733 6.628475 7.984148 7.629798 8.125372 8.449218 7.868681 9.010631 9.462318 9.880852 9.998167 10.64195 10.55137 11.68145 
  4.485458 4.04977 4.850225 5.84737 5.517644 5.721386 5.65747 4.801689 6.131433 6.770965 6.870398 7.235836 7.792321 8.70697 8.031793 8.499443 8.961046 8.932548 9.680967 10.07014 9.954839 10.60431 10.3248 
  3.82172 3.776526 4.398447 5.877115 5.688757 5.519744 5.0776 5.778591 6.403898 7.066797 7.41007 7.112207 7.88374 8.096579 8.52414 8.578289 8.899065 9.921708 10.68039 11.07778 11.13308 11.16028 11.11279 
  4.213929 3.116187 4.647704 5.549914 6.086447 5.202877 5.018126 6.189992 6.560212 6.790029 6.721522 7.129869 8.056645 8.658888 8.930544 8.625596 9.434289 9.967648 9.852297 10.43001 10.56274 10.38125 11.17265 
  4.213929 2.911254 4.663282 5.341694 5.346531 3.906606 5.46418 6.040842 6.508108 6.332492 6.442381 7.518414 7.528222 7.520718 8.534843 9.127189 9.244117 9.427 9.795187 10.08214 10.18252 10.31735 10.78357 
  5.898764 3.548823 4.336133 5.579659 5.158307 3.8778 5.092468 5.545995 6.335782 7.306797 7.453464 6.988579 7.375856 7.491925 9.194345 9.946275 11.90653 12.17272 11.25149 11.46164 11.65588 12.11336 12.30998 
  8.781035 9.200497 10.51361 11.97347 11.93498 12.09682 12.53771 13.07226 13.56875 13.2738 12.96438 13.4398 14.00409 14.38067 14.80492 15.38707 17.16548 17.25214 15.91129 15.86396 15.96229 16.91788 16.8358 
  10.22217 10.1169 12.26376 13.54692 13.15342 13.25172 13.79889 13.79675 13.71031 13.55133 13.78533 14.08429 14.568 15.20478 16.18135 16.23524 18.02156 18.61616 18.40664 18.98818 18.74596 19.06873 19.34778 
  9.314789 9.200497 10.51361 12.45761 12.17867 11.35302 10.9852 12.34777 12.70856 13.16279 12.8342 14.34208 15.47025 16.1319 17.37425 17.93157 20.07616 20.88953 20.14254 20.40828 19.83523 20.04638 20.85498 
  9.261414 8.950568 10.4436 12.69968 14.02101 12.52185 11.08179 12.90179 14.55968 14.32839 14.1502 15.11547 16.14695 17.05901 18.29187 18.1012 20.33298 21.0714 20.03405 19.84024 18.62494 19.65532 20.7545 
  10.70255 11.0333 10.58362 12.69968 13.33619 12.64349 12.53771 13.11487 13.95805 14.10637 14.1502 15.63107 16.71086 17.57408 18.10834 18.1012 20.07616 20.88953 19.49158 19.2722 18.74596 18.97096 19.34778 
  10.8093 10.70006 11.35368 12.82071 13.21434 13.13007 12.69536 12.60347 12.60435 12.87479 13.6029 16.79115 16.37251 17.47106 17.83306 17.76193 20.41859 20.34392 18.51513 17.99411 17.6567 18.5799 19.04635 
  10.3823 11.53316 11.42369 13.66796 13.6408 12.76514 11.41989 11.5594 12.0833 12.10679 12.74742 14.72878 15.8086 16.54395 16.91544 16.48969 18.53521 18.7071 16.88773 17.00004 15.84126 16.62458 17.94107 
  11.77006 16.61716 17.08504 14.63268 15.25668 12.64349 12.43261 12.20572 12.39593 12.44279 13.32925 15.24437 15.35747 16.1319 15.8143 14.45409 16.56622 16.61559 15.15183 14.72787 13.66273 15.1581 15.831 
  10.70255 17.95452 18.51464 16.9909 18.29834 14.89393 14.21928 13.79675 13.07329 14.32839 15.24479 16.40446 16.93642 17.88312 17.7413 15.21744 16.90866 17.43401 15.6943 11.46164 13.78376 15.4514 15.73052 
  9.955294 18.10311 18.58271 17.84843 19.05875 15.56297 15.16516 14.69171 14.34734 15.38298 15.88331 17.95124 18.28981 18.70722 18.2001 16.74414 18.62082 18.16149 15.36882 10.60995 13.78376 15.35363 16.13244 
  11.71668 18.15264 18.31041 18.81316 19.53401 15.74544 15.11261 14.39339 15.2321 15.32748 16.61304 18.85353 19.19206 19.94338 18.9342 17.76193 19.90494 18.9799 15.47731 11.46164 14.02582 15.25587 16.63484 
  12.83353 18.15264 17.97003 19.5635 19.62906 15.74544 14.48202 14.39339 15.30288 15.10546 17.25155 19.24022 19.75598 20.25242 19.57653 18.18602 20.58981 19.2527 15.47731 11.88767 14.26788 15.64693 16.63484 
  13.41844 18.10311 17.62965 19.88507 19.53401 15.80626 14.00908 14.69171 15.12593 15.49399 17.43398 20.5292 20.2071 20.87049 19.94358 18.77973 20.58981 19.52551 16.12827 11.74566 14.63097 15.54916 16.03196 
  13.897 18.00405 17.2212 20.31384 19.43896 16.04955 13.79889 14.81956 14.80742 15.88253 17.61642 21.0448 19.98154 20.45844 19.20948 18.52528 20.67542 19.16177 15.26033 11.60365 14.14685 15.35363 15.63004 
  14.32239 17.85545 16.94889 20.42103 18.9637 16.1712 14.11418 14.90479 14.70125 16.10454 18.34615 20.14251 19.41763 19.94338 19.11772 18.18602 20.33298 19.43457 14.71786 11.88767 13.78376 15.35363 15.22812 
  14.80095 17.70686 17.56157 20.31384 17.91813 16.29284 14.58712 14.99003 14.91359 15.99354 18.16371 19.62691 18.85372 19.63434 18.9342 17.76193 20.16177 19.43457 14.50087 12.73973 14.02582 15.1581 14.72573 
  15.06682 17.4592 18.24233 19.88507 17.15772 16.35367 14.84987 14.77694 14.91359 15.82702 18.25493 19.62691 18.06424 19.42831 18.56715 17.5923 19.64812 18.9799 14.60936 12.02968 13.05758 14.66927 15.12764 
  15.11999 17.01341 18.31041 19.02754 17.44287 16.11038 14.69222 14.47862 14.59507 15.93803 18.71101 19.24022 17.38755 19.01626 18.2001 17.0834 19.04886 18.61616 14.71786 12.02968 12.45244 14.27821 15.63004 
  15.06682 16.56763 18.37848 18.49158 17.82308 15.74544 14.74477 14.1803 14.55968 15.605 18.34615 18.08014 16.71086 18.60421 17.7413 16.82895 18.70643 18.07055 14.60936 12.73973 13.05758 14.47374 14.82621 
  14.96047 16.02278 18.37848 18.2772 18.01318 14.95475 14.48202 14.09507 14.34734 15.82702 17.79885 16.92005 16.14695 18.29517 17.37425 16.65932 18.4496 17.88868 13.41593 11.74566 12.21038 13.98491 14.82621 
  14.74778 15.62653 18.03811 17.84843 17.82308 14.77228 14.16673 14.09507 14.38273 16.32656 17.43398 16.27556 15.8086 17.57408 16.82368 16.5745 18.36399 17.70681 13.84991 11.22172 12.21038 14.27821 15.02717 
  14.58826 15.18074 17.69773 17.63405 17.34782 14.58981 13.69379 13.83937 14.38273 16.49308 16.88668 15.37327 15.35747 17.47106 16.5484 16.32006 18.02156 17.52494 13.52443 11.46164 11.92521 13.88715 14.40505 
  14.42874 15.08168 17.42542 17.20528 16.87256 14.22488 13.1683 13.37058 13.95805 16.65959 16.4306 14.47098 14.568 16.74997 15.8143 15.55671 17.16548 16.79746 13.52443 11.25771 11.19645 13.38413 14.52477 
  14.26921 15.03215 17.28927 16.77651 16.3973 13.79912 12.853 13.20011 13.85188 15.88253 14.33263 12.9242 13.10183 14.99875 14.16259 13.4363 15.2821 15.34251 12.47935 10.50198 10.75285 12.82817 14.13568 
  14.21604 15.03215 17.2212 16.56213 15.92204 13.37336 12.48516 12.90179 13.71031 15.16096 12.70403 11.59882 11.47435 13.56327 13.06342 12.08302 14.28369 14.69936 12.02247 10.37003 10.57858 11.50445 12.69906 
  14.10969 14.94884 17.08504 16.56213 15.73194 12.88678 12.06477 12.30515 13.3918 13.71784 12.44367 11.0767 11.02679 12.84204 12.57979 12.33231 14.47387 14.14809 11.47993 9.96218 10.38847 12.35163 13.38744 
  14.00335 15.27981 16.47236 16.24056 15.25668 12.20307 11.51648 11.60912 13.02118 13.2183 11.53241 10.51442 10.53855 12.16889 11.65648 11.7269 14.33124 13.96434 11.56559 10.50198 10.49937 12.19278 12.87864 
  13.52479 15.32934 15.65545 15.81179 14.87647 11.77805 10.8403 11.50968 13.14407 12.49079 10.14383 8.747246 8.463515 10.82259 10.55731 9.376475 11.95408 11.52957 10.08074 10.20209 10.15812 11.82214 12.6392 
  12.8867 14.44898 14.77047 14.95426 13.92595 10.55609 9.777729 11.16166 13.25024 12.10679 9.232579 8.425941 8.26008 10.19752 10.33748 8.984738 11.28847 11.02424 9.909407 9.926193 10.27757 11.31913 12.57934 
  11.98275 14.28237 12.96382 12.03399 11.38668 10.23732 10.01922 9.670162 11.19752 11.09879 9.926868 10.47426 9.440002 9.235874 9.634012 8.877901 9.862178 10.1514 10.50906 10.10613 10.29342 10.92201 11.71138 
  13.15257 15.67606 14.36201 14.09672 12.36143 11.24676 11.13009 10.41591 11.87488 10.57079 10.44759 10.47426 9.480689 9.043546 9.414179 9.02035 10.00481 10.42704 9.966516 9.974175 10.37263 11.53092 12.28005 
  11.77006 14.44898 12.47378 11.30778 10.47285 8.59033 9.39134 9.620446 10.62437 9.898794 9.319366 9.510344 8.789011 8.168562 8.481327 8.530982 10.05235 9.921708 9.431836 10.05815 10.436 11.2397 12.25012 
  12.35497 15.47793 14.29394 12.15502 10.53377 9.812288 11.61308 11.16166 11.09331 11.00279 10.18723 9.510344 9.887559 8.851216 8.053199 8.625596 9.957264 10.10546 9.521445 9.819615 10.51521 11.16028 11.59167 
  12.8867 15.77512 14.08392 13.36537 10.53377 10.29045 11.61308 11.41025 11.56225 11.86679 11.0117 10.43409 9.968933 9.283957 9.062445 8.767518 9.767092 9.737952 9.880852 10.02216 10.49937 11.26618 11.38216 
  12.35497 15.577 14.29394 12.57864 10.47285 10.66234 11.85457 10.46563 11.14542 11.14679 10.75134 11.31768 11.18954 9.764779 9.809879 9.127189 9.529375 10.19734 9.766632 9.974175 10.89544 10.73669 11.59167 
  11.66331 15.18074 14.08392 9.492258 9.010713 9.652902 10.792 10.51535 10.78068 10.85879 10.53437 11.23736 11.02679 9.957108 10.60128 9.340863 9.291659 9.37991 9.652412 9.8433 10.5469 10.55137 10.84342 
  10.64917 13.94913 12.89382 9.976397 8.949791 9.759159 11.32329 10.81365 10.67648 12.20279 11.66259 11.59882 10.41649 9.139709 11.30475 10.26679 9.529375 9.368137 9.300869 9.168308 10.42016 10.84258 10.93321 
  8.887786 11.44985 10.51361 9.673811 8.767024 8.271559 10.21242 9.769596 10.36385 11.62679 12.40027 11.87996 10.33512 9.380121 10.24955 9.554538 9.767092 9.87577 9.823742 10.10613 10.06868 10.60431 10.87335 
  6.485893 7.784237 9.183495 9.855362 8.827946 7.899658 9.198145 9.968463 10.31174 12.10679 12.13992 11.23736 10.09099 9.668614 10.02971 10.23117 10.24252 10.19734 9.597268 9.878825 10.37263 10.52489 10.57079 
  6.859521 9.700352 9.533525 10.52105 8.218724 8.537201 8.811755 9.371862 10.15543 13.16279 12.96438 11.47833 9.765498 9.139709 10.42542 10.12434 10.71795 10.01359 9.909407 10.03415 10.46768 10.57784 10.69378 
  7.927029 9.866971 8.203409 8.342428 8.523335 8.324687 8.811755 8.775262 9.947011 11.09879 12.40027 12.24143 10.74199 9.668614 10.99698 10.8722 9.719548 9.967648 9.397371 9.653829 10.16625 10.57784 10.75364 
  7.980404 8.783949 7.853379 7.85829 8.949791 8.430944 8.811755 8.377527 9.842802 11.53079 12.2267 11.59882 10.66061 10.10135 10.33748 10.37362 10.4327 9.82983 10.22351 9.831457 10.26173 10.60431 11.023 
  7.393275 9.283806 8.343422 8.100359 7.914113 7.580887 9.632833 9.073562 8.435978 11.57879 12.18331 11.31768 10.00962 9.043546 9.54608 10.12434 11.00321 10.1514 9.328441 10.16611 10.10933 10.78964 11.08286 
  7.179773 8.284094 8.483434 8.342428 7.853191 7.634015 9.874327 9.272429 9.113338 11.62679 12.61724 10.59475 10.3758 9.091628 9.634012 10.23117 10.67041 10.05953 10.08074 10.63394 10.07681 10.60431 11.14272 
  8.087155 9.283806 8.203409 8.039842 6.878436 7.262115 8.521963 9.620446 8.904919 12.10679 12.13992 10.59475 10.25374 9.139709 9.370213 9.59015 10.09989 9.356364 9.638626 9.90251 10.11747 10.73669 10.84342 
  8.620909 10.03359 8.343422 8.342428 6.391058 6.996472 9.246444 9.521012 9.217546 11.96279 11.6192 10.39393 9.277254 8.168562 8.842611 9.981887 10.29007 9.554196 9.738077 10.1901 10.34094 10.49842 10.61471 
  8.140531 8.950568 8.413427 8.826567 7.487658 6.199543 8.521963 9.073562 9.530174 11.00279 10.79473 10.15295 8.341455 8.610806 8.798644 9.554538 10.14744 9.967648 9.569696 9.998167 10.29342 10.65726 10.3863 
  6.325768 7.617619 8.833465 9.613293 7.487658 6.358929 7.411092 8.476961 8.80071 11.05079 10.66455 9.510344 8.626263 8.514641 9.502112 9.839437 10.52778 9.600136 9.473194 9.736722 10.19836 10.40256 10.57957 
  6.379143 8.450712 8.413427 9.371223 7.54858 6.412058 8.473664 9.521012 8.748606 11.81879 11.66259 10.15295 8.829698 7.995803 8.798644 9.483313 10.38515 9.120911 9.738077 9.831457 10.23004 10.48777 10.65864 
  6.699395 8.450712 7.783373 7.434668 7.243969 6.677701 8.618561 9.073562 8.957024 10.76279 10.70794 10.63491 9.236567 8.370395 9.194345 9.483313 10.05235 9.600136 9.766632 9.689354 9.841001 10.3493 10.8135 
  6.05889 7.284381 7.923386 8.402946 6.451981 6.093286 8.087275 8.974129 8.331768 11.00279 10.31741 10.07263 9.358628 8.658888 9.018478 9.30525 10.14744 9.737952 10.19496 9.760406 10.34094 10.3493 11.08286 
  6.75277 8.284094 6.59327 7.011046 6.817514 6.146415 8.618561 9.670162 8.175455 11.09879 10.3608 9.430017 8.870384 8.803134 8.842611 9.234026 9.767092 9.646074 9.21126 9.72488 10.18252 10.60431 10.68499 
  7.446651 8.450712 7.923386 7.676737 7.304892 6.677701 7.700885 8.576395 8.80071 10.61879 10.49098 10.19312 9.073819 8.658888 9.062445 9.554538 9.814634 9.356364 9.645519 9.736722 10.80038 10.63079 10.87335 
  7.179773 8.117475 7.923386 7.61622 6.147369 6.730829 7.894079 8.576395 8.957024 9.850795 10.49098 10.07263 8.13802 8.322312 8.798644 9.340863 9.957264 9.737952 9.766632 9.974175 10.26173 9.997808 10.40387 
  6.806146 8.200785 6.9433 8.221394 6.391058 6.252672 7.266196 8.824978 8.592291 9.562795 9.449545 8.907898 8.219393 8.418476 8.842611 9.055964 9.957264 9.646074 9.909407 10.28606 10.26173 10.40256 10.61471 ]
