 [
  6.91585 8.445884 6.237554 6.068398 6.781018 6.022648 5.552574 6.109317 6.361634 6.653414 6.957129 6.98031 7.917469 8.313396 8.302045 8.146467 9.062313 9.369722 10.23434 9.899101 9.847303 10.70971 11.09378 
  5.99718 6.867014 5.068364 6.024433 5.681104 4.894813 5.901453 5.74488 5.908451 6.338529 6.592133 6.786464 8.063874 8.226068 9.050152 9.33495 9.34342 9.345791 9.798294 9.834144 9.860712 9.989251 10.8136 
  6.699693 7.825613 5.843626 6.543535 6.702911 5.317751 5.581648 6.728859 6.921449 6.779368 7.159904 7.257234 7.977756 8.475748 8.064734 8.523584 9.308281 9.130405 9.346159 9.99836 9.974688 10.68688 10.83008 
  5.889101 7.092567 4.348478 5.518835 5.482627 5.212017 5.261842 5.344 5.828477 6.244062 6.389358 7.09108 7.736609 8.242674 8.005407 9.120687 9.097451 9.034678 9.431141 9.379442 9.847303 10.43567 11.14323 
  6.645653 6.867014 4.542294 5.82659 6.234272 6.39683 6.017746 4.94312 6.068398 6.464483 7.930451 7.589542 7.816991 7.794321 8.32182 8.900702 9.027175 9.190235 9.639732 10.09845 9.706511 10.62598 10.87953 
  5.089579 6.114982 4.902236 5.167114 5.369211 5.071037 4.796671 5.234669 5.775161 6.779368 6.835464 7.09108 8.063874 8.109828 8.499803 9.1364 9.13259 8.879123 9.30753 9.861982 10.24173 10.34499 10.50046 
  5.53985 6.00796 4.763797 5.606765 5.922112 5.247262 5.988673 6.036429 6.468266 6.779368 7.44379 7.534158 7.354795 7.794321 8.598682 9.152113 9.628857 8.735533 9.956856 9.92694 10.20635 10.43567 10.39442 
  4.889458 5.365828 4.929924 6.068398 6.156166 5.52922 5.319989 5.854211 6.121714 6.118108 6.754354 6.98031 7.616036 7.910561 7.352805 8.413591 8.956899 9.357757 9.956856 9.945499 10.01491 10.21246 10.33659 
  5.239669 5.258805 4.071599 5.518835 5.284149 5.476353 5.465355 6.036429 6.255003 6.873835 6.551578 6.564925 6.952885 7.711292 8.302045 9.152113 8.869053 9.11844 9.639732 10.09845 10.08196 10.73255 10.63231 
  4.614293 4.830717 5.179116 5.694695 6.063882 5.828801 5.145549 6.036429 6.921449 5.771734 6.551578 6.592618 7.716514 8.475748 8.32182 9.08926 9.079883 9.190235 9.632007 9.806305 10.0015 10.83151 11.01138 
  5.014534 4.45614 4.763797 5.606765 5.751989 5.141527 4.709451 5.562662 6.628213 5.992154 5.943252 7.340311 7.194031 8.076617 8.726381 8.69643 8.781207 9.670691 9.531573 10.2736 10.11548 10.28919 10.53342 
  4.189037 4.723695 4.431542 5.079185 5.525157 5.740689 5.145549 5.781324 6.095056 6.338529 6.592133 7.478773 7.575845 7.213123 8.203165 8.680717 9.519111 9.670691 10.11542 10.18185 10.43631 10.059 10.74768 
  4.939488 4.777205 4.293102 5.870555 5.822874 5.282506 4.273353 4.797346 6.468266 6.810857 7.038239 7.534158 7.7768 8.076617 8.222941 8.429305 8.447393 9.094508 9.570202 9.936219 10.43631 10.77061 10.79712 
  4.439188 4.937739 5.40062 5.91452 6.390485 5.106282 4.912963 5.890655 6.281661 6.432994 7.078794 6.731079 6.932789 7.196517 8.32182 8.869275 8.851483 9.614243 10.03614 9.722788 10.2948 10.93047 10.63231 
  4.439188 3.385918 4.763797 5.430904 6.078059 5.493975 5.639794 6.327979 6.41495 6.275551 5.740476 7.146465 7.475368 8.0268 8.361372 8.790709 9.571818 9.441517 9.438866 9.973338 10.50706 10.38684 10.61583 
  3.963902 4.135073 4.929924 5.364957 5.610219 5.282506 5.261842 5.817768 6.04174 6.212574 6.632689 6.177232 6.711739 8.010195 8.18339 8.445019 9.115021 9.202201 9.392512 9.852703 10.0015 10.54985 10.40406 
  4.639308 5.098272 4.210038 4.661517 5.32668 5.01817 5.436282 6.182204 5.215346 6.495971 6.511023 7.340311 7.354795 7.910561 8.618458 8.287886 9.009605 9.333825 9.956856 9.861982 10.56013 10.19153 10.83008 
  5.314714 4.670184 4.874549 4.925307 5.298326 5.08866 5.116476 5.671993 6.308319 6.779368 6.835464 7.118773 7.716514 7.478813 8.341597 9.152113 9.628857 8.783396 10.07578 10.34032 10.17097 10.23339 10.34623 
  4.564263 5.098272 4.929924 5.518835 6.063882 5.652577 4.97111 5.74488 6.78816 6.779368 6.551578 8.082118 8.592058 8.421631 8.780343 8.743569 9.097451 9.094508 10.15506 10.47377 9.840599 10.19153 10.5499 
  5.339729 4.563161 5.040676 5.628747 6.035528 5.864046 5.756087 5.781324 6.991095 7.062766 6.713799 6.592618 7.95766 8.259279 8.361372 8.947842 9.13259 9.094508 9.798294 9.537196 10.13559 10.41474 10.50046 
  7.942599 9.742812 10.5051 10.95552 10.92066 10.36316 10.17209 9.616065 10.40375 11.14456 10.73566 11.19762 11.299 11.34396 11.42447 10.79765 10.25628 10.00938 10.11542 10.48211 10.33017 10.47373 10.84657 
  8.753191 10.87058 11.55557 11.77004 11.62362 10.88702 10.46052 10.12608 11.03057 11.65136 11.14536 11.7942 11.82719 11.88513 11.96409 11.46806 11.28298 11.30769 12.33528 13.54149 13.78882 14.02262 13.72901 
  6.429495 8.784213 7.484989 7.425932 7.64019 8.417415 8.585713 9.552313 8.941185 8.927306 9.623625 9.871873 9.252289 9.828676 10.669 11.529 12.48079 13.05758 14.19839 15.45368 15.40936 15.98205 16.96152 
  5.564865 7.092567 5.843626 6.00245 7.718296 7.968396 8.297281 9.616065 9.985876 9.560807 9.974794 11.33019 11.299 11.72278 12.12597 12.62603 13.50749 13.50916 14.59479 16.18914 16.68264 17.54959 18.95075 
  5.314714 6.596581 6.697135 7.018672 8.186935 9.016107 9.018362 9.998577 11.10021 10.82781 10.91125 11.99306 11.95923 12.69688 13.36709 13.35738 13.45045 14.35589 16.56311 17.51296 17.49291 17.1577 18.32912 
  5.464805 7.374508 5.815938 7.222302 9.046107 8.342578 9.667335 10.50859 11.58774 11.33461 10.96978 12.72222 12.94958 13.72511 14.28444 14.14967 15.21865 15.48485 17.12597 18.5426 18.18743 18.72524 19.07508 
  4.864443 6.810626 7.288026 8.579837 9.905279 10.81218 11.54214 12.54865 12.07526 12.85501 12.49151 14.77713 14.27004 13.88746 14.71613 15.30765 16.64461 16.72671 18.17128 18.83679 18.76619 18.72524 19.57239 
  6.861811 9.7992 8.863734 9.258604 10.1396 10.66251 10.89317 12.4849 12.42349 12.98171 13.13532 14.97599 14.40209 14.69922 15.20179 15.67332 16.99456 17.67211 19.69904 20.16061 19.34495 19.37838 20.44268 
  10.05014 14.25952 14.2474 11.63429 11.54552 11.85989 11.68636 11.65613 12.91101 12.98171 13.31091 14.71084 14.86425 15.80883 15.77328 16.09994 17.54262 18.54187 19.77945 20.3077 19.69221 19.63964 20.31835 
  11.99556 15.99358 15.58092 15.14665 14.27924 13.50629 13.63328 12.42115 13.11995 13.61522 15.00823 15.9703 15.39243 16.84642 16.76416 17.07949 17.84711 18.65532 19.297 19.71934 18.88194 18.9865 19.19941 
  12.77212 16.5138 15.74255 17.38933 16.0757 12.23407 12.9122 12.3574 12.91101 13.74192 16.10936 18.38082 17.09263 17.98777 18.41563 17.14264 18.51696 19.10911 18.97536 18.98388 17.60866 17.28833 17.45883 
  13.20742 17.09182 16.46992 19.5345 18.07203 13.28178 13.8496 13.50493 13.9557 15.13562 17.04849 18.73473 18.0226 19.02537 19.65424 17.90046 19.30861 19.0713 16.56311 16.63041 15.75662 15.98205 15.22094 
  13.64273 17.49643 16.67197 20.60709 19.30054 15.60172 13.41695 14.84373 15.13969 15.97392 17.33023 18.82321 18.73796 19.9592 20.23225 19.16348 19.85668 18.69314 14.95494 14.27695 13.78882 14.28388 13.72901 
  13.75881 17.66984 16.7932 20.89961 19.9148 16.74074 14.78701 15.50223 15.83615 16.67681 17.98762 19.70798 19.95408 20.68552 20.56255 20.23705 19.97847 17.74774 14.87453 14.42404 14.59909 14.80639 14.84796 
  13.61371 17.61204 16.7932 20.7046 19.83802 17.45263 15.36387 15.22624 16.02349 17.14541 18.64501 21.03515 20.74098 21.72311 20.72769 20.93172 20.70922 18.42843 15.35698 13.10021 13.78882 13.89199 14.22632 
  13.55567 17.43863 16.55075 20.31457 19.30054 17.87976 15.68905 15.03498 15.83615 17.14541 19.49023 21.56602 20.95559 21.30807 19.40652 20.23705 20.28295 18.88222 16.40229 11.33511 12.39979 12.58571 13.48036 
  13.67175 17.32303 16.26788 19.72952 18.68629 18.3069 15.78195 15.28999 15.88298 17.14541 20.7111 22.00841 20.95559 19.64792 18.08534 19.60554 19.79578 18.50406 16.32188 10.76569 12.63129 12.19382 13.35603 
  13.84587 17.14962 16.22747 19.24198 18.37916 18.59166 15.92132 15.59318 15.7665 17.9264 21.27457 21.91993 20.52637 17.78025 17.17703 18.97403 19.18682 18.27716 16.32188 10.29028 12.63129 12.0632 13.10738 
  14.02 16.97622 16.42952 18.85195 18.76307 18.80522 15.92132 15.98734 16.02349 18.78549 21.27457 21.47754 19.95408 16.74266 16.59902 18.34251 18.94324 17.97463 15.5982 10.59054 12.09907 11.41006 12.98305 
  14.04902 16.86061 16.42952 18.65693 19.22376 19.08998 15.96777 16.04798 16.21084 19.25409 21.18066 21.38906 19.31026 16.32763 16.26872 17.96361 18.69965 17.52084 14.87453 10.54884 11.93987 11.80194 13.35603 
  14.1651 16.6294 16.63156 18.2669 19.83802 19.37473 16.15358 16.04798 16.58554 19.41028 21.36849 21.12363 19.02411 15.70507 15.93843 17.77415 18.27338 17.48303 15.35698 11.04093 12.13445 12.0632 13.2317 
  14.25216 16.34039 16.55075 17.68185 20.60584 19.65949 16.4323 16.50277 17.24125 20.03508 21.55631 20.94667 19.16718 15.49755 15.77328 17.90046 18.21248 17.48303 15.5178 10.37369 11.28538 11.11317 12.85872 
  14.3102 15.99358 16.30829 17.87687 20.91297 19.51711 17.26847 17.04852 17.89697 20.81607 21.74414 20.94667 18.8095 15.60131 15.77328 17.77415 17.908 17.48303 15.67861 10.82408 11.51534 10.98376 12.18155 
  14.19412 15.70457 16.46992 18.07189 20.14515 18.9476 17.77946 16.89692 17.99065 20.81607 21.27457 20.59276 18.23721 15.70507 15.60813 17.711 17.60352 17.14268 15.11575 10.19853 11.4092 10.65643 11.62119 
  13.99098 15.29996 16.22747 17.58435 19.30054 19.30355 17.96527 16.98788 18.13116 20.58177 20.80501 20.32733 18.8095 15.80883 15.52556 17.64785 17.72531 16.87797 14.31731 11.18802 12.8628 11.41006 12.47822 
  13.81685 14.72194 16.10624 17.29182 18.68629 20.01544 17.87236 16.77565 18.08432 20.34747 20.05371 20.23885 18.73796 15.80883 15.93843 17.77415 17.60352 17.21832 14.71371 11.04093 12.74705 11.67131 12.16507 
  13.64273 14.20172 15.78296 16.80429 19.0702 20.08663 18.10463 17.20012 18.59953 20.65987 19.58414 19.97342 18.88104 16.01635 16.18615 17.96361 17.84711 17.44521 14.71371 11.48221 13.0943 11.31109 12.61007 
  13.49763 14.02831 15.13641 16.41425 18.45594 19.23236 18.29045 16.80597 18.50585 20.58177 19.02066 19.61951 18.88104 15.70507 16.10357 17.77415 17.54262 17.02924 14.07946 11.18802 12.51554 11.18168 11.17619 
  13.38155 13.97193 15.17682 16.21924 17.84168 19.30355 18.10463 16.0783 18.41218 19.33218 18.08153 18.91169 18.66643 15.18627 15.60813 17.01634 16.58757 15.93643 12.61277 10.42373 11.78067 10.60314 10.84657 
  13.20742 13.68999 14.77273 16.12173 17.61134 19.23236 17.87236 16.41181 18.78687 19.25409 17.51806 18.4693 18.30874 15.49755 16.10357 17.52155 16.87277 15.5413 12.29564 11.6293 12.51554 11.31109 11.29156 
  12.71408 13.80276 14.18175 14.75662 17.61134 18.59166 17.12911 16.56341 18.74004 18.70739 16.48501 17.23061 17.09263 14.6451 15.4716 16.95318 16.1883 14.35589 11.14607 11.04093 12.11676 11.25781 10.86305 
  12.42787 13.06972 13.65651 14.28148 16.30604 17.87976 15.82841 16.13894 18.08432 17.614 15.82762 16.43431 16.4488 13.88746 14.3384 15.97805 15.21865 12.26731 10.47218 10.49879 10.66626 10.54224 10.66527 
  11.18497 12.78778 14.05044 14.41724 15.68516 16.81193 16.3394 16.0783 17.89697 16.83301 14.83264 15.30742 15.65652 13.67099 14.12255 15.49048 14.13491 10.34807 10.07578 10.19019 10.82547 10.44328 10.78064 
  11.40112 13.35166 13.32824 13.9421 15.52895 16.45598 16.80393 16.68469 18.36534 15.89582 14.59853 14.24683 14.60015 13.40041 13.09728 14.4544 13.16525 10.23517 10.23434 10.61556 11.32076 10.78584 10.74768 
  12.15767 13.6336 12.27777 13.19546 13.26386 14.3295 15.59614 15.83574 16.30452 14.43877 12.49151 12.12564 11.69514 12.31806 12.39578 13.72305 12.65191 10.23517 9.384787 10.14849 11.03773 10.44328 10.48118 
  11.56324 13.68999 13.32824 13.87422 13.65439 15.1527 15.64259 16.44213 16.11717 13.80527 13.25238 13.51767 12.1573 12.04748 12.39578 14.33251 13.96379 11.36413 9.758654 10.11513 10.50706 10.46612 10.33659 
  11.45516 13.1261 12.47473 13.19546 12.95143 14.25466 14.93122 15.59318 14.51287 11.71471 12.2574 13.11995 11.69514 10.74867 11.37051 13.72305 13.84972 11.75927 9.798294 10.28194 10.6132 10.86196 11.14323 
  12.26575 13.91554 12.27777 11.77004 11.77984 12.15924 13.20063 12.73991 12.21455 11.71471 10.79419 10.33588 8.724104 8.313396 9.967502 11.58995 11.34002 10.17872 9.353884 10.13181 10.56013 10.45851 10.91249 
  12.48191 14.20172 12.14646 11.43066 11.3112 11.63538 12.11901 11.27362 11.03057 10.44771 9.79921 9.93816 8.460012 8.529865 9.158075 10.67576 10.88371 10.29162 10.07578 10.34866 10.38324 10.70971 10.44262 
  11.94152 14.20172 12.01515 9.665865 8.733681 9.390288 9.378902 9.552313 9.707293 10.38436 9.857738 9.93816 8.856151 8.80045 8.99619 10.0663 11.05482 10.68676 9.639732 9.4444 10.10878 10.0311 10.24984 
  11.56324 13.68999 11.29295 8.783467 7.249657 8.716761 10.17209 9.743569 10.4734 11.33461 10.79419 9.407863 8.790128 9.125154 8.559131 9.33495 10.76963 9.952931 9.719013 9.871263 9.927756 10.39382 10.47154 
  10.48245 12.61861 10.11117 8.444083 7.171551 8.043232 8.72993 9.488562 9.289415 11.14456 11.67212 10.2696 9.186266 8.529865 9.212037 9.395897 10.02813 9.614243 9.877575 9.92694 9.941165 10.16363 10.58286 
  8.80723 11.37807 9.914207 8.783467 8.186935 8.192905 9.667335 9.679817 10.05552 11.90476 11.73064 10.66732 8.790128 8.313396 9.212037 9.883463 10.25628 9.614243 9.608829 10.19019 10.41862 10.40079 9.883543 
  6.483535 8.558661 8.338498 8.647714 7.40587 6.920685 10.17209 10.50859 9.846584 10.63776 11.26242 10.99876 8.790128 8.692216 9.589769 9.700625 10.25628 9.783587 9.758654 10.09845 10.2948 10.17061 10.35587 
  6.159298 8.163942 8.20719 8.172577 9.514747 10.13865 9.883659 10.06233 10.40375 11.08121 11.73064 10.99876 9.186266 9.125154 8.780343 9.761572 10.76963 10.12228 9.438866 10.357 10.33017 10.52702 10.50046 
  7.88856 10.19392 9.585934 8.172577 9.046107 8.716761 9.451011 10.82735 10.75198 11.77806 11.49653 10.2696 9.318312 9.071036 9.535808 10.49292 11.51113 10.17872 9.384787 10.01504 10.00821 10.47373 10.45226 
  7.240087 9.686424 8.404153 8.444083 7.718296 8.043232 8.802038 9.552313 10.05552 11.71471 11.61359 10.13702 8.658081 9.395739 9.535808 10.79765 11.45409 9.840035 9.431141 10.50713 10.48937 10.63359 10.192 
  7.240087 9.291706 8.141535 8.647714 7.171551 7.893559 9.523119 9.424809 8.801893 11.27126 11.67212 12.05935 9.51638 9.449856 10.02146 10.61481 11.96744 10.57386 9.758654 10.14015 10.64857 10.77823 10.44262 
  7.240087 7.656449 7.091063 8.987098 7.171551 8.118069 9.595226 9.233553 9.637646 12.09481 12.37445 11.59534 9.252289 9.828676 10.07543 10.8586 12.36671 10.91255 9.384787 10.05674 10.31248 10.63359 11.22564 
  7.510284 8.502272 8.732426 9.462234 6.937231 7.444541 9.018362 9.871073 10.33411 11.52466 11.08683 10.86618 9.186266 9.55809 9.91354 11.10238 11.56817 10.969 10.03614 10.52382 10.41862 10.50418 10.79712 
  7.780481 7.656449 8.010225 7.154426 6.546699 7.444541 9.451011 9.871073 9.498354 11.01786 11.37947 10.79989 9.450357 8.529865 9.373922 10.8586 11.39706 10.12228 9.330708 9.583594 10.04844 10.56508 10.48118 
  8.050678 8.333107 7.813262 7.425932 6.468592 6.845849 8.297281 8.14977 9.219769 11.20791 11.90623 10.93247 8.658081 8.80045 8.834305 10.98049 11.45409 10.00938 9.369335 10.10679 10.17097 10.47373 10.45226 
  7.672402 8.558661 8.404153 8.987098 6.859125 6.696176 8.441498 9.10605 9.568 11.27126 11.49653 10.20331 8.790128 8.529865 9.212037 11.34616 11.9104 10.06583 9.917215 9.936219 10.10878 10.61837 10.86305 
  7.672402 8.502272 8.666771 8.308331 6.702911 6.920685 8.946254 9.807322 9.359062 10.70111 11.14536 10.20331 8.592058 8.14304 9.104114 9.761572 10.59851 10.00938 9.877575 10.37369 10.15328 10.24734 11.11027 
  6.96989 7.712837 7.747607 8.647714 7.483977 6.771012 8.657822 9.424809 8.941185 10.06761 11.14536 10.20331 7.997851 8.259279 9.265999 10.37103 11.22594 9.501347 9.547025 10.44875 10.79009 10.46612 10.76416 
  6.699693 8.671436 7.681953 7.561686 6.312379 6.771012 8.441498 9.233553 8.941185 10.44771 10.85272 10.20331 8.327966 9.016919 8.726381 9.63968 10.82667 9.727139 9.145292 9.981679 10.13559 10.46612 10.40406 
  7.077969 9.009766 8.404153 7.222302 5.922112 6.771012 7.792525 7.83101 8.384017 10.25766 10.38449 9.209001 7.997851 8.010195 9.104114 9.213058 10.4274 9.840035 9.639732 9.704229 10.08866 10.38684 10.96193 
  6.645653 8.276719 7.156717 6.272028 6.390485 6.62134 7.071444 8.78729 8.941185 9.307406 9.857738 9.142714 8.063874 8.259279 8.618458 9.944409 10.25628 9.896483 9.996496 9.759907 10.59551 10.83913 11.22564 
  6.321416 6.867014 6.565826 6.272028 6.312379 6.62134 7.504092 8.78729 8.175078 8.863955 9.44804 8.546128 8.129897 8.529865 8.888267 9.63968 10.14221 9.840035 9.758654 10.21521 10.34786 10.26826 10.7312 
  6.429495 7.148955 6.500172 5.958485 5.170733 5.899291 7.287768 7.320995 7.339325 9.180706 9.916266 8.74499 7.535654 7.595053 8.460251 9.152113 9.685896 9.166303 9.956856 10.04006 10.54244 10.42869 11.27508 
  6.591614 6.48956 5.909281 5.848572 5.992997 6.62134 8.008849 8.213522 7.96614 8.863955 9.44804 8.811277 7.95766 8.313396 8.834305 9.213058 9.53668 9.058611 9.837934 10.26526 10.43631 10.5803 10.94545 
  5.99718 6.436049 6.500172 6.475658 5.879581 5.899291 7.504092 7.83101 6.761502 8.737255 9.623625 8.015831 7.837087 8.259279 8.480027 8.932128 9.501542 9.309893 9.877575 9.990019 9.941165 10.61075 10.84657 
  5.464805 6.168493 5.345243 6.136274 5.567688 5.458731 6.134039 7.129739 6.361634 7.787004 9.038342 7.700312 8.129897 8.367514 8.942228 8.853561 9.431265 9.783587 10.03614 10.09011 10.25942 10.54985 10.56638 
  4.714353 6.00796 6.500172 6.272028 5.865405 6.321994 7.071444 7.193491 6.574897 7.346163 8.336002 7.949543 8.063874 8.076617 8.440475 9.104973 9.628857 9.214167 10.07578 9.936219 10.04844 10.47373 10.21128 
  4.764383 5.47285 5.40062 5.892537 5.737812 6.247157 5.756087 6.583084 6.601555 7.977054 8.214337 7.506465 7.15384 8.093223 9.050152 8.366452 8.921761 9.501347 9.523848 9.66711 9.88753 10.09388 10.33659 ]
