 [
  5.108968 4.854324 5.51577 4.572628 4.170705 5.029251 3.412254 4.433314 5.721356 6.685354 6.523269 7.236531 7.916546 7.595587 7.882653 8.568084 8.880217 8.884613 9.814087 10.0064 9.93798 10.13342 10.37778 
  5.707372 4.45923 5.51577 5.213459 4.849927 5.328523 5.04244 4.779783 6.092098 7.062193 7.215166 6.923353 7.979319 8.130666 8.207549 8.915031 9.282179 9.119138 9.481835 9.709881 10.17093 10.33302 10.75165 
  5.944775 5.101257 5.31977 6.011751 4.811115 4.490562 4.408479 4.710489 5.975021 6.221551 5.720669 6.706537 7.831174 8.130666 7.882653 8.46066 9.038188 9.614826 9.173549 9.682847 9.93798 10.28312 10.22376 
  4.282858 3.990057 4.84519 5.288851 4.325956 4.430708 5.04244 6.027071 5.760382 6.134588 6.135807 6.248816 7.254914 7.80985 8.734977 9.09304 8.977429 9.345698 9.511669 10.10652 10.45314 10.46183 10.78652 
  6.419581 4.335764 4.84519 5.364243 4.073674 6.336232 6.12923 5.680603 5.721356 6.395477 6.38489 6.826991 8.355954 8.467496 8.626388 8.59494 8.90452 9.312057 9.87079 10.15657 10.50091 10.97881 10.99577 
  5.510222 4.409843 4.548577 5.326547 5.382791 4.490562 5.314137 5.542015 5.175 5.699774 6.717 7.670162 7.404315 7.50736 8.952156 9.389718 8.843761 8.825981 9.653428 9.736914 10.24611 10.66862 11.03065 
  5.944775 3.94067 4.785868 5.628114 4.228924 4.909543 5.359421 5.749896 5.81892 6.134588 6.966083 6.706537 7.51103 7.759435 8.229956 8.769504 8.454907 9.077258 9.47189 9.635539 10.02705 10.23322 10.41126 
  5.061762 3.520883 4.785868 4.534933 4.985772 4.530465 4.091498 5.160899 6.306737 6.569403 6.910731 7.116078 7.468344 7.948491 8.626388 8.59494 8.977429 9.244776 9.747933 10.02309 9.979088 10.35298 10.68189 
  5.439413 4.409843 4.756207 4.987283 5.218648 4.809785 5.540552 4.987664 6.489115 6.85928 6.966083 7.140169 7.553716 7.356116 7.692197 7.936968 8.892368 9.547544 8.875208 9.709881 10.23018 10.25318 10.78652 
  4.943747 4.261683 4.6079 5.138067 4.88874 4.869639 4.770742 5.472721 6.423814 6.366489 7.215166 7.381075 6.550595 7.482153 7.893857 8.39352 8.661487 8.800854 9.511669 10.08983 9.862615 10.11346 10.59206 
  4.943747 3.79251 4.578238 3.441751 5.31568 5.670401 5.721684 6.061718 6.750318 6.047626 6.191159 6.826991 7.276257 7.658605 8.463503 8.406948 9.379871 9.480262 9.738482 9.770705 10.21426 9.993694 10.56527 
  5.108968 3.71843 4.429933 4.271061 5.31568 4.151388 5.178288 5.542015 5.331102 5.641798 5.58229 6.586084 7.681774 8.130666 8.572093 9.330382 9.428717 9.2364 9.672329 9.649055 9.958533 10.0935 10.82139 
  7.131791 7.51452 8.094023 9.869574 9.342352 8.999559 9.97082 9.622034 9.819458 10.11899 10.44408 9.886674 9.423088 8.804326 9.712283 9.567725 10.01487 10.18672 9.918044 9.696364 10.0339 11.42686 12.6349 
  5.628238 7.09844 6.763311 9.712112 8.872574 8.091606 9.000579 8.282027 8.513441 8.921143 9.207866 8.92362 8.920908 8.299081 9.006451 9.389718 9.624101 9.052131 9.332664 9.628781 10.17093 10.80648 11.83277 
  4.89654 3.841897 4.548577 6.169213 5.517013 5.42828 6.12923 5.853837 5.350615 5.525848 6.440242 7.694253 7.916546 7.494757 7.759417 8.79636 8.843761 9.102386 9.501724 10.29005 10.53276 10.343 10.52509 
  4.920143 3.767817 4.904512 5.364243 4.811115 5.328523 5.268855 6.061718 6.053072 5.699774 6.883056 7.140169 7.382972 7.26789 7.994686 9.033703 9.331025 9.345698 9.729033 9.743672 10.15037 10.66862 10.75165 
  4.89654 4.212297 3.451111 4.874196 4.636457 4.59032 4.770742 5.334133 5.994534 6.337502 6.550945 6.77881 7.361629 7.70902 8.229956 8.514372 8.734396 8.9935 9.332664 9.885596 10.27796 10.56523 10.71677 
  4.849334 3.94067 4.192642 5.741201 5.082804 4.749931 4.589611 5.611309 6.267712 6.830292 6.85538 6.923353 7.788488 8.074528 8.173939 8.5278 9.074643 9.312057 9.163605 10.08983 10.21426 10.23322 10.3309 
  5.628238 3.965364 4.963835 5.741201 6.188125 5.912521 5.223572 5.888484 5.935996 7.381057 7.52212 7.960566 8.104864 8.411358 8.364395 8.474088 9.282179 9.312057 10.13541 10.72387 9.924276 10.63416 11.34452 
  4.684112 4.409843 5.141803 5.213459 4.849927 5.670401 4.046215 5.195546 6.815619 7.294094 7.353545 7.260622 7.745802 7.898076 8.517797 8.79636 8.953127 9.119138 9.946395 10.50696 10.30981 10.4963 10.89115 
  5.439413 5.05187 5.171464 5.515026 5.063397 5.268668 5.133006 5.71525 6.88092 7.265107 7.353545 7.670162 7.852517 7.986302 8.229956 8.79636 8.503514 8.918117 9.342609 9.865321 10.35758 10.13342 11.03065 
  5.321397 4.558004 4.815529 5.741201 5.517013 6.336232 6.839585 7.233327 6.946221 8.065539 10.50027 10.96303 9.988042 9.590263 10.47241 10.63577 12.40832 12.84435 10.86328 10.82398 11.63161 11.8749 12.04203 
  5.628238 5.002484 5.112142 6.011751 6.121014 6.517823 7.677521 7.757677 7.729831 8.750022 10.16312 11.30293 10.92963 11.49897 12.26414 12.65319 13.43409 14.31973 12.99238 13.39921 13.94653 14.08068 14.62279 
  5.486619 5.101257 5.052819 5.590418 5.785458 5.912521 6.310362 7.990722 9.754158 9.548585 8.702143 9.320171 10.80408 11.77966 15.30465 15.3233 15.09485 15.52802 13.84402 15.68583 17.22357 16.42791 16.70756 
  4.802127 4.780244 4.518916 6.090482 6.725015 7.123124 6.883687 8.515072 9.362352 9.719706 9.601207 10.96303 11.62013 11.55511 14.16446 16.33201 17.86986 17.94461 15.5473 16.64861 17.93597 18.35578 18.774 
  4.306461 5.267689 4.785868 6.720331 8.469906 7.970547 8.206744 9.097683 10.47247 10.51827 10.83742 11.69948 11.93399 12.5656 14.97888 16.39134 18.15105 19.3726 18.24416 18.21314 19.07581 18.76165 19.42656 
  5.250587 6.099849 7.595006 7.901297 7.664572 8.696908 9.573903 9.330729 10.40717 10.91755 11.23076 12.03938 11.93399 13.85678 15.35894 16.79851 18.26353 18.93322 18.24416 18.93523 19.93069 19.37045 19.64408 
  6.894388 6.099849 6.846481 6.956524 7.597461 8.696908 9.309292 9.738556 10.92957 11.71611 11.6241 11.52953 12.24785 13.68836 15.60264 16.88899 18.26353 19.15291 18.81192 19.17592 20.35814 20.28365 19.53532 
  5.865641 4.656777 6.347465 7.901297 9.74502 9.30221 8.33905 9.855078 11.97439 12.11539 12.24221 11.64283 11.93399 13.07084 15.14176 16.43658 18.43225 19.48244 18.81192 19.65732 21.21302 20.68952 20.9492 
  4.117636 6.26628 6.846481 8.84607 8.939685 9.665391 9.794413 10.02986 11.84379 12.74284 13.25366 13.17239 13.18944 13.80064 15.60264 16.93423 18.88216 20.47105 18.95386 19.17592 20.21566 21.19685 21.60176 
  6.261312 6.099849 6.846481 7.822566 9.409464 9.181149 10.05902 10.78726 11.84379 12.40059 13.30985 13.05909 13.7544 13.80064 15.35894 17.56761 18.88216 19.81198 18.95386 18.45384 20.50062 21.09538 21.81928 
  7.448328 6.765576 9.341563 10.02704 10.28191 10.6944 11.42618 11.66117 12.36619 13.37028 13.81557 13.73889 14.38212 15.26024 15.14176 17.56761 18.48849 18.82337 19.66356 18.93523 20.21566 20.68952 21.92804 
  7.764866 8.762758 9.84058 10.89308 11.02013 11.05758 10.94106 11.07856 12.43149 13.42732 13.36604 13.62559 14.82153 15.03568 14.38163 16.39134 17.13874 18.82337 19.23774 18.33349 20.21566 20.38512 20.73168 
  9.664091 9.678134 11.25446 13.09755 12.69791 11.60236 11.02927 11.42813 12.56209 14.79836 15.03415 13.79554 16.30393 15.58966 14.59881 16.75327 17.0825 17.50523 17.53446 17.49105 18.36341 18.35578 18.33896 
  15.2035 15.85466 15.74561 16.23886 15.52751 14.58854 13.94404 14.41397 15.75026 16.30834 15.35953 15.04184 16.5683 16.08379 14.87029 16.09467 15.62028 15.52802 15.40536 14.96374 15.08637 15.71765 16.055 
  16.80771 17.35568 18.33675 19.49299 18.1626 17.31246 16.42984 16.70771 18.84766 19.67675 17.7186 17.34125 19.56447 18.22504 17.12579 18.1105 17.41994 15.74771 12.85044 12.43643 13.51909 17.64552 17.57764 
  16.60766 17.27936 18.33675 19.43159 19.48015 17.71601 17.22529 17.01354 19.42842 20.48982 18.28803 17.67939 19.82884 18.38975 17.24764 17.88429 17.0825 15.85756 12.28268 12.07538 12.52173 16.42791 17.03384 
  16.42428 17.15215 18.1509 19.79998 20.08824 18.22044 17.72245 17.70166 20.10597 21.41904 19.34554 19.09961 20.71006 19.54273 18.64894 17.88429 17.70114 16.62647 15.83118 15.80618 15.37133 16.73232 17.03384 
  16.34092 17.20303 17.85355 19.79998 20.29094 18.92664 17.92131 18.0075 20.58994 21.88365 19.58959 19.09961 21.50317 20.44864 18.83172 18.56291 16.91379 15.41818 12.99238 13.03817 13.23413 16.73232 17.1426 
  16.30758 17.22847 17.66771 19.49299 20.18959 19.33018 18.12018 18.16041 20.78353 21.9998 19.67093 19.23487 21.50317 20.44864 18.89264 18.65339 16.85755 15.08864 12.28268 12.55677 13.09165 16.93525 17.25136 
  16.30758 17.20303 17.63054 19.2474 20.08824 19.53196 18.12018 18.31333 20.88032 21.88365 19.50824 19.16724 21.32692 20.28393 18.89264 18.69863 16.74507 15.30833 11.85686 12.07538 12.94917 16.93525 17.1426 
  16.25757 17.15215 17.5562 19.0632 19.98689 19.53196 18.12018 18.38979 20.78353 21.53519 19.34554 19.23487 21.06256 20.03686 19.13635 19.06056 16.80131 15.85756 11.57298 11.55814 12.52173 16.52938 17.36012 
  16.27424 17.15215 17.51904 18.9404 19.98689 19.43107 18.21961 18.61916 20.88032 21.07058 19.1015 19.3025 21.06256 19.70744 19.13635 19.24152 16.52011 15.63787 10.72134 11.07426 12.23676 16.22498 17.03384 
  16.29091 17.17759 17.59337 19.0632 19.88554 19.33018 18.21961 18.77208 20.88032 20.48982 18.61342 19.3025 20.79819 19.0486 19.19727 19.06056 15.62028 14.42957 10.86328 11.07426 11.63161 15.92058 16.055 
  16.22423 17.10127 17.59337 19.0632 19.48015 18.82575 17.92131 18.92499 20.20277 19.21214 17.47456 19.03198 20.18133 18.06033 18.83172 18.3367 14.60639 13.38261 10.0409 10.67382 11.01052 14.80445 15.40244 
  15.77411 16.56701 17.22169 18.44921 18.26395 17.31246 16.927 18.38979 18.55728 17.00525 16.09166 18.08517 18.41887 16.33086 17.30857 16.03533 13.04332 12.27246 9.861341 10.50696 10.46906 13.01226 13.82066 
  15.28263 15.95642 16.73849 17.09844 16.43966 15.09297 15.53495 17.16646 16.52461 14.33996 13.98415 15.98866 15.95144 13.91292 15.54172 14.01791 11.08948 10.42221 10.0409 10.75724 10.75572 11.80597 12.32103 
  15.12436 15.58647 16.2553 16.30026 15.62886 14.58854 14.83893 15.94313 15.1695 12.971 12.91651 14.92854 15.00985 13.12698 14.05587 12.29717 11.13833 10.22036 10.01255 10.45691 11.10607 11.80597 11.97227 
  15.59917 15.85466 16.51548 16.79145 16.64235 15.79918 16.03211 16.93708 16.6214 14.6822 14.54606 15.78577 15.95144 14.02519 15.41987 13.95858 11.4314 11.06138 9.823538 10.49028 10.38943 11.8749 12.46053 
  16.09086 16.36348 16.9615 17.40544 17.7572 17.31246 17.12586 18.23687 18.1701 16.54064 16.01031 17.40887 17.71389 15.83673 16.76024 15.61998 12.7014 12.3061 9.899142 10.18994 10.43721 12.49528 13.33241 
  16.42428 16.66877 17.18452 17.52823 18.3653 18.5231 17.72245 18.69562 19.23483 18.16677 17.14917 18.28806 18.94761 17.48384 18.52709 17.70333 13.77601 13.55081 10.11651 11.30786 11.16977 12.15063 13.68116 
  16.55765 16.79598 17.18452 17.34404 18.26395 18.72487 18.02074 18.61916 19.91239 19.09599 17.63725 18.49095 19.12386 18.14268 19.0145 18.56291 14.11793 13.31532 10.44728 11.72499 11.02645 12.70207 15.07616 
  16.55765 16.69421 17.07301 17.22124 17.9599 18.5231 18.12018 18.23687 20.00918 19.5606 17.8813 18.22043 18.59512 18.22504 18.58801 18.51767 13.62947 12.37338 10.64574 11.85847 11.07422 13.18458 15.04129 
  16.54097 16.59245 16.92434 17.03704 17.5545 18.22044 17.92131 17.77812 19.7188 19.5606 17.47456 17.81465 17.97826 17.89562 18.03968 18.15574 14.21563 11.70056 10.55123 12.07538 12.80669 14.80445 14.48328 
  16.37426 16.33804 16.70132 16.73005 16.9464 17.41335 17.22529 17.31937 18.94445 18.63138 16.98648 17.4765 17.3614 16.82499 17.06487 17.43188 14.60639 11.566 10.13541 11.85847 12.80669 14.08068 13.50678 
  16.10753 15.90554 15.99512 15.85314 15.02076 13.98323 13.94404 14.87272 16.13743 15.72757 15.35953 16.39443 16.5683 16.41322 14.16446 15.79799 15.1437 12.64251 10.13541 12.67712 11.69531 11.8749 11.69327 
  16.22423 16.00731 16.2553 16.17746 13.90591 13.17614 11.95541 14.10814 14.78232 15.14681 14.9528 16.05629 16.21581 16.33086 14.32734 15.44197 15.1437 13.0462 10.0031 12.91782 11.82271 11.59918 11.30965 
  16.09086 15.7529 15.99512 15.93187 13.63747 13.05508 11.55849 13.64205 14.45582 14.79836 14.70876 15.65051 15.70035 16.16615 14.16446 15.67931 15.33908 12.44066 10.17321 12.31608 11.75901 12.18509 11.5189 
  15.99083 15.50325 15.74561 15.69567 13.30191 12.75243 11.24978 13.17596 14.12932 14.56812 14.3213 15.04184 15.19817 15.26024 13.62151 15.73865 15.789 12.81071 9.842439 11.85847 11.01052 11.49579 11.44915 
  15.85746 15.2536 15.41293 15.30202 12.76502 12.0866 10.58825 12.8264 13.60691 13.88364 13.47842 13.90884 13.94271 13.7445 12.80709 15.26396 15.39532 12.17153 10.11651 11.7083 10.64424 10.77202 11.41427 
  15.75744 15.00395 14.83075 14.7509 12.0268 10.87599 9.706209 12.41857 12.6927 12.74284 12.57936 13.28569 13.12667 13.29539 12.26414 14.19592 14.41101 12.23882 9.927494 11.45802 10.54869 10.46183 10.68189 
  15.59917 14.58787 14.08222 13.96359 11.4228 9.30221 9.221088 11.7777 11.77848 11.88723 11.56791 12.54923 12.05954 12.11649 11.17824 13.36522 14.21563 12.03697 9.795186 10.07314 10.53276 10.4963 10.68189 
  15.28263 14.17179 13.08419 12.86135 10.68458 8.636378 8.250846 10.08812 11.25608 11.14571 11.17457 11.52953 11.80845 11.89194 10.68959 12.00049 13.53178 11.12867 9.412222 10.42354 10.19833 10.23322 10.99577 
  14.80782 13.83893 11.67031 10.89308 8.201462 7.425775 7.060095 9.91334 10.21126 10.91755 11.00599 11.07633 11.49458 10.82531 10.30953 10.99179 11.57794 10.15308 9.481835 10.44022 10.21426 10.23322 10.25724 
  13.54167 12.17461 9.507902 9.554649 7.53035 7.123124 7.236502 8.223766 10.27656 11.31683 11.06219 11.13298 10.11359 9.870955 9.169335 9.983076 10.79641 10.11944 10.01255 10.05646 10.34166 10.66862 10.75165 
  12.03812 10.67673 9.674241 9.790843 8.000128 7.062594 7.324706 8.573334 10.14596 10.80347 9.376441 10.79308 10.61577 9.085018 8.843567 9.864405 10.40564 9.682108 8.974655 9.989718 10.14352 10.53076 10.71677 
  10.45543 9.34527 10.25643 9.160995 7.060571 7.123124 8.030336 9.330729 9.101149 9.662665 9.545015 10.73643 9.862496 9.141156 9.22363 9.92374 10.55218 10.01852 9.814087 9.784222 10.21426 10.46183 10.3376 
  7.527462 8.845974 10.3396 8.609877 4.714083 5.60987 7.809827 8.864639 8.839946 9.377464 8.870717 9.830023 8.858135 9.197294 9.386515 9.686398 9.966023 9.816671 9.738482 10.17326 10.32573 10.2432 10.25055 
  8.477075 9.594917 8.925716 8.531146 6.590793 5.248717 7.060095 8.165505 8.44814 9.548585 8.814526 9.150221 9.171998 8.299081 9.006451 9.567725 9.331025 9.085634 10.15431 9.682847 10.48499 10.59969 10.49831 
  9.505821 9.511702 8.842546 9.160995 6.792126 5.791461 8.471355 8.9229 8.382839 9.263384 9.376441 9.773373 9.360315 8.635911 8.409208 9.152375 9.624101 9.077258 9.587274 9.682847 10.0339 10.42737 10.18358 
  7.685731 8.429895 9.341563 8.84607 6.389459 6.638883 7.809827 7.582894 7.795132 8.35074 8.477376 10.16992 9.548634 7.797246 8.897861 9.033703 9.819485 9.312057 9.85189 9.83153 9.924276 10.1434 10.52509 
  6.815253 8.263463 9.092055 8.373684 7.53035 6.154642 8.383152 7.699416 7.991035 8.921143 8.364993 9.433472 9.046453 8.074528 8.680682 9.508389 9.331025 9.010251 9.13377 10.02309 10.10241 10.59969 10.41795 
  7.527462 8.263463 9.75741 8.216222 6.792126 6.457293 7.765725 7.408111 7.403327 8.578901 8.027843 9.263521 9.171998 8.04932 8.095516 8.855696 9.428717 9.581184 9.899142 9.655814 10.50091 10.80648 10.75165 
  7.29006 8.929191 9.258394 8.216222 6.590793 6.033581 7.721623 8.282027 6.946221 8.407781 8.814526 8.527068 8.418727 7.822453 7.83784 8.380092 9.575255 9.345698 10.0598 9.932904 9.869466 9.754171 10.25724 
  8.160538 8.679543 8.593039 8.05876 5.785458 6.154642 8.118541 8.39855 7.729831 9.149303 9.039291 8.640368 8.544272 8.35522 8.680682 9.09304 9.331025 9.480262 9.700681 10.02309 10.12982 10.25318 10.35099 
  6.894388 6.68236 7.761345 7.507642 4.830521 5.368425 8.162642 7.932461 7.468627 8.864102 8.702143 8.300467 8.418727 8.242943 8.297175 8.66208 9.282179 9.917594 9.700681 9.655814 10.10241 10.07354 10.64702 
  6.340447 8.346679 8.676208 8.216222 5.160429 5.089106 7.545216 6.88376 6.092098 7.837379 8.140226 8.75367 8.293181 8.467496 8.572093 8.855696 9.086795 9.312057 9.501724 9.989718 9.958533 10.56523 10.85627 
  6.815253 8.180247 8.4267 7.822566 5.382791 5.049202 7.1924 6.942021 6.287225 8.065539 8.758333 7.790616 7.553716 8.130666 8.680682 8.541228 8.309088 8.708719 9.501724 10.1232 10.42129 10.46183 10.42465 
  6.815253 6.26628 7.262328 7.271449 6.590793 6.396762 7.41291 7.582894 7.533928 8.407781 8.196419 7.597891 7.87386 7.570379 8.319582 8.915031 8.649335 9.177769 9.53057 10.29005 9.759844 10.80648 11.06552 
  6.02391 7.847383 7.844514 6.484138 5.382791 6.275702 6.574974 7.466372 8.056335 8.35074 7.746886 8.470418 8.4815 8.186805 8.07311 8.39352 8.83161 9.278417 9.85189 10.25668 10.34166 10.70309 10.58536 
  5.865641 6.016633 6.846481 5.741201 5.382791 5.912521 7.280604 7.641155 7.076822 7.609218 7.32587 8.187167 7.979319 7.797246 8.252362 8.286096 9.379871 9.027002 9.302831 10.18994 10.42129 10.56523 10.46483 
  7.131791 7.930599 7.428667 7.035255 6.45657 6.336232 6.310362 6.650716 6.404301 8.2937 7.634503 8.073867 8.418727 8.579773 8.572093 8.380092 8.953127 9.278417 9.785736 10.22331 10.42129 10.66862 10.92602 
  6.340447 7.930599 8.759377 6.562869 5.31568 4.889591 7.104197 7.058544 6.209174 7.609218 7.04911 8.017217 7.72446 7.406531 7.759417 8.915031 9.184487 9.513903 9.549472 9.939663 10.0613 10.26316 10.55188 
  6.103044 7.015224 7.428667 5.778897 5.121616 5.670401 6.795483 7.233327 6.489115 8.17962 6.966083 7.646072 7.489686 7.986302 8.897861 8.974367 9.038188 9.244776 9.412222 9.939663 10.40536 10.63416 10.75165 
  4.589699 5.683769 5.349432 5.741201 4.88874 5.48881 6.619076 7.233327 6.404301 7.666258 7.353545 7.790616 8.23041 8.299081 8.07311 8.178672 8.673638 9.102386 9.173549 9.743672 10.19833 10.3929 10.43134 
  5.463016 6.432713 7.262328 6.720331 5.449902 5.14896 4.725459 5.784543 6.131123 6.424465 7.132138 8.357118 7.66043 8.130666 8.129126 8.608368 9.135641 8.976748 9.372443 9.716639 10.15722 10.46183 10.61214 
  6.736119 7.431304 7.262328 6.562869 4.908146 4.809785 6.70728 6.650716 6.345763 7.35207 8.308802 8.073867 8.167637 8.242943 8.517797 8.286096 8.989581 9.480262 9.804637 10.17326 10.50091 10.53076 10.45143 
  7.210925 7.348087 7.095989 5.854289 4.927553 5.328523 6.883687 6.373541 6.750318 7.323082 7.465928 7.597891 7.532372 7.759435 8.517797 9.271047 9.428717 9.2364 9.452001 9.507132 10.26203 10.26316 10.85627 
  6.57785 6.349496 7.595006 6.169213 5.785458 5.60987 6.083948 5.923131 5.935996 6.85928 6.357214 7.164259 7.425658 7.948491 8.229956 8.581512 8.734396 9.043755 9.491779 10.20663 10.19833 10.08352 10.75165 ]
