 [
  5.640912 4.003236 3.941541 3.5153 4.577446 5.761398 5.528896 5.428017 5.333425 6.568455 7.51196 6.540693 8.02821 8.32496 7.92876 8.732838 9.160325 9.412067 9.057974 9.370491 10.12529 9.984134 10.33428 
  5.583474 4.14564 3.770126 3.837001 3.864771 4.76384 5.285861 5.804396 5.971615 6.718383 7.906746 6.803566 7.317525 7.32137 7.759303 8.444508 9.199907 9.505825 9.000561 9.678454 10.1487 10.04039 10.51091 
  5.181415 3.958512 2.67286 3.00977 3.818383 4.706819 4.88689 5.275266 5.729503 5.972466 6.998736 7.720551 7.54724 7.251038 7.909931 8.192202 9.160325 9.215324 9.844471 9.90532 9.91897 10.48075 10.59401 
  5.238852 4.19448 3.843167 3.630194 3.942084 3.395334 5.550991 6.331327 6.159898 5.999643 6.022263 6.501262 7.103125 7.968425 8.173531 8.436097 9.001999 9.076908 9.21586 9.400536 9.750393 10.08862 10.50451 
  5.727067 4.829405 3.843167 3.170621 4.328647 5.139562 4.963371 6.500698 6.369102 6.448513 7.038215 7.00072 7.378783 7.630831 8.527311 8.844554 8.904591 9.568331 9.459866 9.685966 9.611566 10.2831 10.56844 
  5.009104 3.824341 3.412322 3.561258 4.143096 4.890828 5.175391 5.54093 6.327261 5.904525 7.117172 7.158444 7.256268 7.86996 8.041731 8.919031 9.120744 9.349563 9.734584 10.07571 10.37113 10.6031 10.55565 
  5.899378 4.341002 3.555444 3.308493 4.436885 4.564266 5.44052 5.34073 5.650288 6.448513 6.801342 7.399347 6.98061 7.644897 8.211187 8.993508 8.640036 9.067679 9.862785 9.776102 9.998301 10.45251 10.59401 
  5.382445 4.292161 3.2692 4.613585 4.718008 5.222474 5.727744 5.747939 5.412641 6.271409 7.077693 7.439497 7.133754 7.462034 8.463888 8.478148 9.160325 9.349563 9.459866 9.430581 10.19553 10.04843 10.4099 
  5.037822 3.980874 3.698565 3.928916 4.952276 5.015195 5.263767 4.806101 5.838425 6.508484 6.472398 6.645842 6.704953 7.419835 8.230016 8.695599 8.79512 9.31831 9.431159 9.832295 10.04334 10.18507 10.55565 
  5.698349 3.488913 3.102225 4.325649 4.530592 3.851503 5.661461 5.297087 5.61068 6.598441 6.784029 7.1453 7.286897 8.1665 8.749292 9.142464 9.160325 9.474573 9.402452 9.856637 9.770226 10.16899 10.86889 
  5.181415 3.824341 3.221493 4.805542 4.40596 4.165119 4.963371 5.954948 6.724747 6.176291 6.697465 8.162206 7.302211 8.1665 7.759303 8.15015 8.484951 8.633974 9.67964 9.929661 10.01992 10.12077 10.08221 
  5.411163 5.024767 5.171216 4.27766 4.328647 4.450224 5.926591 5.635026 5.878032 6.688398 7.19613 7.013864 6.965296 7.855894 8.022902 8.770076 9.041581 8.790847 9.115387 9.302889 9.909054 10.70663 10.38469 
  4.207103 5.317809 4.531785 4.565596 4.718008 5.056651 5.33005 6.500698 6.620145 6.508484 5.76257 7.027008 7.087811 7.715229 8.173531 8.95627 9.397815 9.132275 9.8811 11.03719 11.64223 11.56215 11.31637 
  4.844591 4.003236 4.482598 4.997499 4.421422 5.346841 4.77217 4.838834 5.887934 5.714289 6.022263 7.319046 8.19978 8.32496 8.30533 8.807315 9.239489 9.287057 10.26571 10.81812 11.5067 11.42194 11.24605 
  5.411163 4.780565 5.122029 5.573371 6.170475 5.84431 5.462614 6.444241 6.787508 6.988253 8.301534 8.122055 9.701017 9.988789 9.890909 11.60022 11.41647 10.69342 9.990988 10.79378 10.97989 10.96075 11.02231 
  3.754692 2.952228 3.507736 4.469617 5.233399 5.181018 5.197485 5.503293 5.56117 6.988253 8.341012 7.841002 8.328457 8.919184 9.542082 10.85544 11.49564 11.69351 11.25469 11.34146 12.04883 11.13017 11.19491 
  4.906283 3.980874 4.089102 4.901521 5.092838 4.592777 4.906011 4.849745 5.679993 5.999643 6.766717 7.198595 7.685069 7.701163 8.30533 8.53702 9.912374 10.09962 10.02762 10.1609 10.67551 10.46192 11.18851 
  3.919205 2.6168 3.627004 4.469617 4.483739 4.279161 4.88689 5.672663 5.363131 6.328571 6.351208 6.632699 7.942424 8.206115 8.286502 8.520199 8.576178 9.058452 9.533124 9.723522 10.07846 10.41486 11.20769 
  5.181415 3.555998 2.267348 2.940834 4.858569 4.792351 5.396332 5.395284 5.929775 5.428935 5.970325 7.105869 8.328457 8.206115 8.230016 8.461328 9.437396 9.412067 10.35728 10.64773 10.09017 10.21721 10.49812 
  4.782898 3.824341 3.054518 3.239557 4.220409 4.108098 5.506803 6.011405 6.410942 5.727878 7.433002 7.359196 8.19978 8.443805 8.368753 9.067986 9.833211 9.880857 10.72357 10.80595 9.909054 10.55604 10.773 
  4.803463 3.667808 3.173786 4.421628 4.436885 4.450224 5.617273 6.256052 5.858228 5.94529 6.8803 7.158444 7.669755 8.56265 8.90785 8.65836 8.922836 9.31831 9.569753 9.941832 10.38284 10.46192 10.32168 
  5.095259 4.0968 4.187476 4.613585 5.37396 4.079587 5.484708 5.992586 6.661986 7.737892 9.367459 9.246269 10.81622 9.949174 11.06424 11.37679 11.93103 12.09979 10.44885 11.19541 12.3199 12.68388 11.694 
  4.803463 3.958512 3.293054 2.711048 4.718008 5.346841 5.838214 5.691482 6.91303 6.189879 7.985704 7.760701 8.242672 7.968425 8.844427 9.030747 9.27907 9.630836 9.459866 9.543251 10.23065 9.951984 10.38469 
  5.66963 3.667808 3.892354 4.325649 4.671154 5.098106 5.197485 5.616206 6.93395 6.748369 7.117172 7.600099 7.593183 7.236971 8.30533 8.301534 8.785997 9.141502 9.25892 9.90532 9.869389 10.6784 10.79218 
  5.181415 4.829405 4.433411 5.237446 4.577446 5.098106 4.86777 5.503293 6.180819 5.850172 6.998736 7.105869 7.44004 8.047655 8.30533 8.16697 8.922836 9.349563 9.402452 9.893149 9.928886 9.871612 9.691507 
  5.411163 4.19448 3.53159 3.630194 4.858569 5.802854 5.374238 5.446836 5.719601 6.094761 6.593588 7.278895 7.899532 7.447967 7.100304 8.844554 9.001999 9.187641 9.643011 10.18524 9.879305 9.702829 10.32168 
  4.495001 3.846703 3.460029 5.237446 6.779574 6.839248 5.506803 5.879672 5.887934 6.688398 6.840821 7.238745 7.727962 8.364574 8.590734 8.844554 8.886346 9.31831 9.661325 10.0392 10.10187 10.26427 10.56844 
  4.926847 4.243321 4.77772 4.112745 5.98306 5.84431 4.408886 5.936129 6.348181 6.418528 6.576275 6.908715 7.770854 7.67303 8.4956 8.844554 9.001999 8.956946 9.697955 9.610853 10.05504 10.49016 10.53648 
  4.700642 3.93615 3.941541 4.517606 5.748791 5.55412 4.255924 4.827923 5.887934 6.02682 6.558962 6.317251 7.669755 7.068174 8.337042 8.807315 8.962418 9.255805 9.551438 9.528229 9.879305 10.14488 10.8625 
  4.556693 3.444189 3.941541 3.193599 4.40596 5.181018 4.982491 5.54093 5.929775 5.768642 6.662839 6.56698 7.33284 8.047655 8.337042 8.732838 9.081162 9.412067 10.15582 9.753568 10.06675 10.43369 10.56205 
  4.926847 4.003236 3.892354 4.373639 4.6243 4.890828 4.944251 5.54093 5.887934 6.176291 6.645526 7.319046 7.770854 8.1665 8.876139 8.844554 8.868101 9.132275 9.47818 10.29478 10.57015 9.903761 10.5173 
  5.841941 5.757373 6.253331 6.965062 7.904065 7.751275 7.230144 7.272276 7.812603 9.087242 10.74921 11.8159 12.31746 12.32607 12.36441 12.71738 12.24768 11.0372 10.04593 9.941832 10.18382 10.42428 10.74743 
  10.0525 9.908805 9.893171 11.78529 13.27673 12.90164 11.00763 11.01608 11.71378 12.92194 15.87665 16.80231 17.13766 16.95427 16.76633 17.49985 16.85122 15.70238 13.37046 12.78962 10.38284 11.27135 14.14861 
  14.15475 14.36722 15.19792 15.84354 17.22473 16.88324 14.95619 14.32249 14.25643 15.48433 18.0957 19.13228 19.26035 18.98434 18.8914 19.34324 17.99599 16.82125 16.50311 16.16867 12.1166 12.61377 15.09269 
  14.78587 16.17509 16.27329 17.79151 19.90937 18.6681 16.14075 15.84852 16.19369 17.15545 20.45344 21.46224 21.52456 21.01441 21.32004 21.89563 20.40003 17.46061 15.87658 15.20323 12.9298 12.68388 15.94236 
  14.89106 16.40107 16.54214 18.2785 20.38313 18.8054 16.14075 15.84852 16.19369 17.15545 20.59213 21.61757 21.66607 21.30442 21.47183 22.17923 20.74346 17.70037 16.58143 15.7664 13.1331 13.31485 16.03677 
  15.10143 16.51406 16.67656 18.44083 19.75145 18.5308 15.87752 15.72135 16.07261 17.04404 20.59213 21.92824 21.94909 21.73944 21.77541 22.32103 20.85794 17.54053 16.58143 15.6055 13.26863 14.15614 16.4144 
  15.10143 16.62705 16.81098 18.60316 19.27769 17.98162 15.87752 15.59418 15.95153 16.93263 20.45344 21.92824 21.80758 21.59443 21.77541 22.17923 20.74346 17.38069 16.11153 15.28368 13.1331 14.22625 16.50881 
  15.10143 16.74005 16.81098 18.92782 19.11977 17.56973 15.87752 15.59418 15.83045 16.93263 20.59213 22.08357 22.09061 21.88444 21.77541 22.17923 20.85794 17.62045 15.485 14.5596 12.7265 14.22625 16.69763 
  15.20661 16.74005 16.81098 19.09015 18.96185 17.15784 15.61428 15.46702 15.83045 16.70981 20.03737 21.61757 22.09061 21.88444 21.77541 22.17923 20.74346 17.54053 15.9549 14.64005 11.64223 14.717 16.22559 
  15.20661 16.85304 16.9454 19.73947 19.11977 17.02054 15.61428 15.46702 15.83045 16.70981 20.03737 21.92824 22.09061 22.02945 21.77541 22.17923 20.74346 17.54053 15.9549 14.47915 12.1166 14.717 16.79204 
  15.20661 16.96603 17.21424 20.06413 19.27769 16.60865 15.35104 15.21268 15.5883 16.487 19.62129 21.92824 22.09061 22.02945 21.9272 22.17923 20.97241 17.38069 16.18985 14.64005 12.5232 14.22625 17.07526 
  15.20661 16.96603 17.48308 20.55112 19.43561 16.19676 15.21942 14.95834 15.34614 16.26418 19.06653 22.08357 22.09061 22.17445 21.9272 22.32103 21.20137 17.46061 16.73806 14.88141 12.59096 15.13765 17.26408 
  15.3118 17.07902 17.75193 20.55112 19.11977 15.64757 14.69295 14.57683 14.9829 15.92996 18.51177 21.92824 21.80758 22.02945 21.77541 22.17923 21.20137 17.70037 15.79827 14.07688 13.20086 15.41808 16.88644 
  15.3118 17.07902 17.75193 19.9018 18.48809 15.09839 14.16647 14.19532 14.49859 15.26151 17.67962 21.46224 21.66607 21.88444 21.62362 21.75383 20.62898 17.30077 16.03322 14.15733 13.06533 15.27787 16.69763 
  15.3118 17.07902 17.88635 18.44083 17.38265 14.82379 13.64 13.68664 14.13535 14.92729 17.26355 21.30691 21.52456 21.73944 21.32004 21.75383 20.85794 17.46061 16.18985 14.39869 12.99757 15.5583 16.88644 
  15.3118 17.07902 18.28961 17.95384 16.43513 14.4119 13.37676 13.55947 13.8932 14.59306 16.84748 21.15158 21.38304 21.30442 21.16825 21.32843 20.5145 16.82125 16.4248 14.15733 12.5232 15.62841 16.50881 
  15.20661 17.305 18.55845 18.11617 15.48761 13.58812 13.11352 13.17796 13.40888 14.25884 16.15403 20.53026 20.95851 20.86941 20.56109 20.76123 20.17107 16.50158 16.26817 14.47915 12.65873 15.83873 16.31999 
  14.99624 17.418 18.42403 18.11617 14.54009 12.76434 12.19219 12.41495 12.92457 13.47898 15.32188 19.7536 20.25094 20.28939 19.95393 20.05224 19.82764 16.74133 16.26817 14.88141 12.99757 15.62841 16.50881 
  14.36512 17.305 17.6175 16.97986 14.06633 12.48975 11.27086 11.52476 11.95594 12.69912 14.35105 18.51095 18.83582 18.98434 19.04319 19.34324 19.25525 16.34174 15.32837 14.5596 12.65873 15.69851 16.22559 
  13.41845 16.51406 16.9454 16.00587 12.96089 11.25408 10.74439 11.01608 11.35054 11.58504 13.10283 17.2683 17.98674 17.6793 18.13245 18.20885 18.33943 16.02206 14.38857 13.75506 11.9133 15.06754 14.90387 
  12.57696 15.04517 16.13887 14.22024 11.06585 8.912036 9.164965 9.490048 9.8976 10.47096 12.132 16.95764 17.42069 17.8243 17.98066 17.78345 16.96569 15.22287 13.44877 12.78962 11.57446 13.87571 14.0542 
  10.89398 14.81919 15.60119 11.62296 6.35789 6.217412 6.081249 5.253444 7.498798 7.527993 8.7358 13.22969 13.74136 14.05418 13.73053 13.67127 12.2081 12.47482 12.35234 11.90463 10.8277 13.24474 13.01571 
  8.455328 12.78534 13.45045 9.316538 6.592159 5.429752 5.992873 4.969763 6.410942 6.149114 7.19613 9.968978 10.60176 10.46417 9.954332 9.812759 8.685648 9.349563 9.716269 10.02703 9.373574 10.65016 11.21408 
  8.895448 10.29953 9.056992 7.732891 5.280253 3.880013 5.639367 5.035228 6.076217 6.176291 6.959257 7.1453 7.727962 7.785562 8.400465 8.217432 8.83161 9.662088 9.972673 9.783613 10.00822 10.04039 10.44771 
  7.105556 7.417946 4.482598 3.997852 4.764861 3.566397 4.447126 4.806101 5.25421 5.741466 6.732091 7.278895 7.942424 8.483419 8.527311 8.528609 8.895469 9.076908 9.057974 9.844466 10.09017 10.46192 10.51091 
  5.411163 4.829405 4.77772 4.181681 4.050322 3.737461 3.79704 5.013406 5.699797 6.244232 6.576275 6.948146 7.225639 7.940292 8.286502 8.427687 8.83161 8.643202 8.541256 10.0392 10.38284 10.98899 10.92003 
  4.515565 3.712531 4.236663 3.538279 4.436885 5.056651 4.925131 5.209801 5.452249 6.217056 7.235609 7.198595 7.899532 7.841827 8.022902 8.200611 8.703894 8.993857 9.345039 9.655921 10.57015 10.50898 10.54926 
  5.009104 3.310018 3.316907 4.181681 5.280253 5.678487 4.88689 5.122514 5.541366 6.418528 7.393523 8.122055 8.113995 8.126884 8.154702 8.807315 8.731261 8.883124 10.04593 10.25827 10.53503 10.24545 10.91364 
  5.066541 4.780565 4.580972 3.722108 3.880234 4.890828 4.370646 5.089782 5.472053 6.478499 7.117172 7.198595 7.65444 7.940292 8.844427 9.067986 8.962418 9.31831 9.661325 9.640898 9.978468 10.12077 10.46031 
  8.081986 9.322721 10.08992 10.48664 10.59209 10.5676 10.48115 10.5074 10.74515 10.58237 11.85462 12.45304 12.53192 13.32915 13.57874 14.23847 14.21823 12.72484 11.49278 11.34146 10.83941 11.04546 11.12459 
  9.631751 13.57628 15.33234 14.5449 14.06633 14.5492 13.50838 14.32249 14.61967 14.25884 15.87665 16.02565 16.00556 17.24428 17.3735 17.92525 18.79734 18.2598 16.73806 16.41003 15.776 15.83873 15.47032 
  8.685076 12.33338 13.58487 12.75927 11.22377 11.39138 10.61277 11.65193 12.31917 11.91927 14.21236 13.85102 13.88288 14.7792 15.40022 16.50726 17.65256 17.30077 15.56332 15.7664 15.64047 15.06754 14.52624 
  7.306586 7.222584 9.745609 10.32431 8.372602 7.087983 7.075485 5.91731 7.164073 8.277632 12.96414 11.53485 13.59985 13.03914 11.57162 13.38768 13.98927 13.22488 11.80413 11.29277 10.71063 10.98899 10.99674 
  5.956815 5.562011 8.663496 8.54871 5.280253 5.181018 5.153296 5.522111 5.640386 7.498008 11.61775 10.00913 11.75986 11.17724 8.939562 9.738282 9.081162 9.224552 9.373746 9.783613 9.83964 10.38663 10.4225 
  5.123978 4.292161 5.761461 6.053265 3.988471 3.024697 3.8544 5.002496 6.180819 6.298585 9.012151 7.278895 8.19978 8.047655 9.034697 8.770076 9.239489 9.003085 9.316333 9.768591 9.809891 10.41486 10.6899 
  4.165975 4.003236 4.089102 5.333425 5.60823 5.098106 5.418426 6.124319 6.703826 6.718383 7.551438 6.829853 8.156887 8.008039 8.654158 8.919031 8.962418 8.947719 9.402452 10.28261 10.35942 10.26427 10.71547 
  4.98854 6.783021 8.663496 9.700453 9.262824 8.165833 7.980397 8.727032 8.356531 9.207185 8.656842 9.246269 10.12994 9.434179 9.193254 9.291418 10.82275 10.06837 9.496494 10.07571 10.71063 10.87605 11.23326 
  4.680078 5.171288 5.958209 7.252997 6.217329 6.258867 5.020732 6.067862 5.719601 6.778354 7.275087 7.1453 7.985317 8.206115 8.527311 8.695599 9.041581 9.349563 9.67964 9.941832 10.1487 10.53722 10.12002 
  5.640912 4.341002 3.941541 4.709564 5.186545 5.181018 4.657448 4.980674 6.661986 5.931702 7.275087 6.737847 7.813746 8.08727 7.966417 8.276303 8.822488 9.537078 9.716269 10.17307 9.899137 10.20918 10.01919 
  5.325007 3.958512 3.078371 3.951895 4.671154 5.429752 5.683556 5.286176 6.369102 5.890937 6.680152 7.158444 7.685069 7.574565 8.098216 8.621121 9.595722 9.568331 10.0093 10.00268 10.07846 10.25486 10.63237 
  5.841941 4.975926 4.925282 4.181681 4.204947 4.973739 5.462614 5.766758 6.93395 8.007762 8.617363 9.647774 11.33093 11.45454 11.82532 13.05253 14.3327 14.26383 12.50898 10.55036 10.06675 10.80075 11.15016 
  3.693 4.341002 4.236663 4.181681 4.671154 4.193629 5.131203 5.710301 5.769111 6.568455 7.077693 7.479648 9.40077 9.156874 9.193254 10.40858 11.61438 11.5685 10.15582 10.02703 10.24235 10.63134 10.95199 
  5.037822 3.757255 3.79398 4.27766 5.280253 4.849372 4.82953 5.32982 5.950695 6.778354 7.235609 7.359196 7.455354 7.86996 8.463888 8.65836 8.822488 9.662088 9.230213 9.731034 9.621482 10.16095 10.37209 
  5.066541 4.047959 5.072843 4.997499 4.6243 5.222474 5.001612 4.729726 6.431862 6.778354 6.610901 7.132157 7.856639 8.008039 8.098216 8.452917 8.822488 9.662088 9.551438 9.746057 9.958635 9.93591 10.72825 
  5.152697 4.14564 2.41047 3.745087 4.390497 4.820861 5.374238 5.72912 6.180819 6.217056 5.693318 6.67213 7.813746 8.364574 8.685869 8.276303 8.649158 8.763163 9.47818 9.783613 9.859472 10.2831 10.71547 
  5.296289 4.0968 3.79398 4.020831 4.158559 3.822992 5.33005 5.653844 6.097137 6.388542 6.628214 7.961453 8.285564 8.245729 8.590734 8.604301 9.476977 9.349563 9.551438 9.795784 10.05504 10.25486 10.48552 
  5.841941 4.536363 4.089102 4.901521 4.718008 4.932283 5.506803 5.446836 5.992536 6.598441 6.628214 6.935002 7.685069 7.954359 8.30533 8.919031 9.041581 9.187641 9.459866 10.02703 10.18382 10.32075 10.14523 
  5.066541 3.57836 3.436175 4.565596 3.61737 4.621287 4.313285 6.067862 6.180819 6.988253 6.420459 6.606411 7.240954 7.898093 8.400465 8.082869 8.357235 9.505825 9.716269 9.832295 9.601649 9.895723 10.5173 
  5.985534 4.878246 3.364614 4.27766 4.251334 5.056651 4.504487 5.428017 5.779013 6.040408 6.333895 6.921858 6.735581 8.1665 8.749292 8.844554 9.556141 9.630836 9.8811 9.966173 9.978468 10.10469 10.67711 
  5.554756 4.780565 4.28585 3.928916 4.235872 4.478735 4.160323 5.597387 6.28542 6.688398 6.247331 7.238745 8.071102 7.799628 8.135874 8.621121 8.813365 8.836986 9.359392 9.761079 10.13699 10.09666 10.63237 
  5.497319 4.047959 3.030664 4.020831 4.174022 4.890828 5.001612 5.318909 6.661986 6.658412 6.801342 7.198595 7.455354 8.008039 8.463888 8.807315 8.421093 9.104591 8.928795 9.610853 10.39454 10.41486 10.72186 
  5.526037 4.536363 2.839835 3.446364 3.447282 3.623419 5.175391 5.54093 6.201739 6.838326 6.959257 7.319046 7.348154 7.588632 7.872274 9.030747 9.833211 9.818352 9.072327 9.588319 10.03163 10.22663 10.82414 
  4.721206 4.292161 3.674712 3.5153 3.988471 4.592777 4.82953 5.166158 6.076217 6.868311 6.524336 6.85614 7.639126 7.813694 7.815788 8.478148 9.120744 9.412067 9.624697 9.91749 10.23065 10.17703 10.6068 
  6.990683 6.978382 6.941949 6.341201 5.514522 5.305385 6.147532 5.992586 6.243579 6.718383 7.275087 7.439497 8.371349 8.681495 8.463888 8.695599 9.001999 8.966174 9.187153 10.37998 10.64039 10.74428 10.4225 
  10.68361 12.10739 11.83739 9.748442 7.71665 8.497478 7.539461 7.836845 8.168249 9.656968 10.27547 10.45078 11.41672 11.01878 9.922621 9.701044 10.94149 11.16221 9.345039 9.90532 10.26577 10.49016 10.48552 
  8.139423 10.20185 9.843985 7.732891 9.450239 10.0728 6.832449 6.65125 8.565735 10.24815 10.31495 10.73184 11.97432 11.45454 10.01776 9.924476 12.48517 13.09987 10.43054 10.23393 10.12529 10.29251 10.87528 
  8.512764 9.176199 7.876503 7.013051 11.06585 11.94057 7.848779 7.159362 9.534365 10.13674 12.132 12.29771 13.17531 12.36569 10.93739 10.55753 13.35597 14.26383 11.62098 9.783613 10.17211 10.39604 10.78579 
  8.369172 8.297072 6.351705 6.293211 10.43417 10.97949 7.605743 6.895896 8.021807 8.517517 11.45983 10.61139 11.11647 11.09801 9.351812 9.291418 9.951956 11.19347 10.11919 9.513206 9.91897 10.25486 10.92003 
  4.371616 6.831861 6.843575 4.94951 8.747433 10.15571 7.185955 7.366371 7.394197 8.367589 9.64381 9.607623 10.21573 9.751099 8.876139 8.770076 8.962418 10.00587 9.345039 9.670943 10.11358 10.2831 10.82414 
  4.782898 6.343457 6.351705 4.805542 5.60823 6.341779 5.948685 6.594793 7.038552 8.637459 9.604331 8.965216 10.98779 10.06802 9.288389 9.328657 9.160325 10.25589 9.789528 10.00268 10.3126 10.27369 10.24605 
  5.095259 6.245776 5.712274 4.613585 4.905423 5.84431 6.45685 7.215819 6.473703 7.857834 9.485895 9.165968 10.17284 10.0284 8.971273 8.570661 9.556141 9.474573 9.072327 9.954002 10.20723 10.57487 10.81136 
  4.515565 6.441138 5.958209 3.928916 5.37396 6.466146 6.434755 6.425422 6.599225 7.048224 8.10414 8.162206 9.314985 9.751099 8.432177 8.410867 8.713017 9.724594 9.936044 9.768591 10.47649 10.56545 10.84971 
  4.700642 6.68534 6.302518 5.525382 5.889352 6.051589 5.352144 5.785577 5.689895 7.797863 7.51196 8.282658 9.443663 8.998414 9.09812 8.844554 9.239489 9.196869 9.301979 10.00268 9.859472 10.15292 10.43511 
  4.844591 6.489978 6.745201 4.997499 5.842498 6.631969 6.346379 5.318909 6.578305 7.797863 8.262054 8.362959 8.928952 9.354949 8.844427 8.335175 8.612667 9.255805 9.734584 10.07571 9.83964 9.807314 10.47292 
  5.4686 6.73418 7.040323 5.045489 4.671154 6.093044 6.059155 5.187979 5.86813 7.677921 8.577885 8.684162 9.40077 9.077644 8.812716 8.844554 9.081162 9.412067 9.67964 10.06354 10.07846 10.33016 10.37209 
  4.659513 7.076063 6.892762 5.381414 4.483739 5.222474 6.125438 6.312508 5.929775 6.508484 7.906746 8.644011 9.143414 9.077644 8.685869 8.57907 9.199907 9.505825 9.734584 9.856637 9.780142 10.42428 10.54287 
  5.066541 5.855053 5.417151 4.709564 4.718008 6.010133 5.506803 6.350146 5.808719 7.138181 7.669874 8.202356 8.757382 9.513409 8.812716 8.65836 9.437396 9.287057 9.734584 10.07571 10.21894 10.14488 10.44771 
  5.813223 7.222584 6.745201 5.333425 4.050322 5.346841 6.235909 7.046448 6.431862 6.928282 7.51196 8.081905 8.242672 9.236104 8.527311 8.770076 8.338989 8.698568 9.25892 9.738545 10.05504 10.24545 10.37209 
  6.215282 6.929542 5.859835 4.901521 4.143096 4.564266 5.484708 6.500698 6.703826 6.628427 8.10414 8.081905 8.585812 9.275719 8.876139 8.881792 8.667403 9.215324 9.569753 9.880979 10.05504 10.07254 10.29647 ]
