 [
  5.244303 4.019121 3.707159 3.856758 4.876554 5.280435 5.444761 6.346247 7.536845 7.697055 7.916353 10.01369 10.65838 11.68299 11.27784 9.160638 9.335172 9.513555 9.292085 9.737487 10.69254 10.34508 10.78378 
  4.595194 4.019121 3.803292 4.223607 5.123428 4.643494 5.058107 5.765032 6.727269 7.287122 7.739378 9.39647 10.25407 11.00871 10.99119 9.513308 9.464854 9.553425 10.02504 10.1811 10.75905 10.35277 10.60191 
  4.33555 4.702218 4.514678 3.926634 3.748092 4.112709 5.912817 6.592296 7.189884 7.082156 6.39519 7.456619 8.348011 8.367755 9.080173 8.85835 8.477073 9.314201 9.660939 10.31805 10.31902 10.54508 10.58242 
  3.90281 4.645293 4.034012 4.380829 4.340072 5.195509 5.790716 5.880606 5.559021 6.237749 6.733559 7.160555 8.001455 7.79441 8.292848 8.604465 9.302752 9.263655 10.05015 10.16081 10.13482 10.31047 10.62241 
  3.643166 3.677573 4.091692 4.590457 3.877588 4.409948 5.058107 5.406751 5.386778 7.042574 6.902743 7.094763 8.116974 7.871237 8.492312 8.807968 8.645436 9.433813 9.483978 9.792089 9.76904 9.919721 10.59217 
  4.76829 4.076046 4.418545 4.996807 4.525065 5.640614 4.610402 6.182214 5.846092 6.58079 6.425951 7.094763 7.549563 8.255374 8.745747 8.590899 8.538296 9.673038 10.18826 10.11009 9.952286 10.36046 10.16344 
  3.729714 3.051401 3.495666 4.996807 4.821055 5.640614 5.36336 5.360521 5.826954 6.501626 7.041167 7.308587 7.636466 8.050501 8.650196 8.536632 8.813801 9.354073 10.1192 10.08472 10.25762 10.0094 10.29985 
  3.167152 2.026756 3.572572 4.9049 4.432569 4.792113 4.691803 5.973066 5.941783 6.250943 6.641276 7.127659 7.827651 7.615146 8.517246 8.333129 8.798494 9.188921 9.191569 10.01878 10.17575 10.16314 9.988049 
  4.422098 3.563723 4.553132 5.088714 5.123428 4.452411 5.037757 5.429866 5.960921 6.884248 7.960597 7.500707 8.40577 8.311564 8.168182 8.495931 9.20549 9.071482 9.43829 9.937623 9.94705 10.49893 10.55319 
  5.503947 5.32839 5.247977 5.548249 4.580564 4.707188 5.770365 6.264231 6.228854 6.976605 7.041167 7.809319 7.931933 8.127328 7.756786 9.059875 9.302752 9.53349 9.830434 9.676058 9.973228 10.08627 10.38755 
  5.936687 5.83219 5.943717 7.018763 6.941502 6.99338 7.095457 7.16641 6.727269 7.082156 7.518159 8.029757 8.579048 8.367755 9.127949 9.714833 8.966858 9.167568 8.963124 9.897044 9.952286 10.003 10.61166 
  5.893413 5.669938 5.595847 7.294484 7.802694 7.077928 7.459346 6.838345 6.496787 9.080578 8.358789 8.338369 9.445436 9.772516 10.60898 11.62933 9.529696 9.553425 10.32636 10.35356 10.4981 10.91432 10.61166 
  4.292276 3.905272 3.976332 4.468174 4.765557 4.813345 5.709314 5.614785 5.635573 8.568162 8.226059 7.341483 8.174733 9.322992 10.37011 11.4278 10.016 9.772714 10.13803 10.04922 10.3753 11.31433 11.2894 
  4.249002 3.848347 4.168599 5.364435 7.228566 7.500667 6.913512 6.182214 6.727269 7.697055 8.226059 8.69107 8.867844 8.536326 10.32233 11.12551 9.497274 9.334137 9.742548 9.876754 9.978464 10.60662 11.17107 
  4.725016 3.506799 3.860972 6.007785 7.611318 7.923407 7.18643 6.51028 7.074231 8.773128 8.580009 8.911508 9.560955 8.817278 10.84786 11.52856 9.594536 8.783221 9.538805 10.00864 10.15528 10.39892 11.09576 
  5.027934 3.734498 3.668705 3.99651 5.314804 6.99338 5.912817 5.510768 7.132057 8.721887 8.358789 8.602895 10.65838 10.39061 10.60898 11.47818 9.951162 9.772714 10.81869 10.67095 9.967993 10.36815 10.96667 
  5.287578 3.2791 3.514892 4.363359 5.314804 5.978805 5.587213 6.182214 6.90075 8.260713 7.296941 7.765232 10.4851 9.603945 9.032398 9.664452 8.859717 9.082158 9.874377 10.30284 10.25762 10.69124 10.90212 
  5.201029 3.791422 4.149372 4.677802 4.932052 5.089353 5.261609 5.464538 6.420235 7.184639 6.687418 6.913835 7.393139 8.423945 8.697971 9.362164 8.99747 9.553425 9.830434 9.80574 10.09365 10.04143 10.70848 
  4.854837 3.336024 4.360865 4.71274 5.793244 7.416119 7.368374 6.264231 7.132057 7.953263 6.579755 7.374379 9.329918 8.873468 8.39258 8.767267 8.630131 10.01194 9.729993 9.71701 9.868517 10.2272 10.60191 
  7.246613 8.59047 6.987328 6.099691 7.037189 8.261599 8.641987 8.560688 10.54384 10.72031 8.624252 8.470633 10.54286 9.322992 8.697971 9.815597 10.43747 10.37077 9.855544 10.16081 10.27809 10.6297 11.0097 
  12.12245 13.53915 12.03145 11.52221 12.30003 12.99628 12.64477 11.18521 12.16299 12.87245 9.995807 10.41048 11.40925 10.50299 10.13123 11.93162 12.12334 11.3476 10.08154 9.861537 10.26274 10.7374 11.53683 
  14.52398 15.48617 14.55351 14.46324 14.88361 16.29365 15.8288 15.28603 16.17558 15.9159 13.86621 13.97751 15.39464 14.5487 14.66988 14.45069 13.66772 12.30365 10.04387 10.2724 10.44694 10.89125 11.31092 
  15.40001 15.64842 15.85802 16.11757 17.30021 18.31147 17.55727 17.5049 19.17853 18.75944 16.42327 16.77015 18.88447 17.89766 18.46911 17.43429 15.56574 13.73646 11.4728 10.56298 10.97447 11.97433 11.88109 
  15.91906 16.05405 16.38899 16.98224 18.44097 19.53658 17.99742 18.03376 20.37971 19.51771 16.7429 17.08931 19.39518 18.43358 18.85679 17.61084 15.88207 14.14583 11.79986 11.35476 11.54891 12.79931 12.42953 
  16.32688 16.45175 16.81376 17.50431 19.04137 20.25723 17.89961 18.48706 20.25959 19.42293 16.42327 17.1691 19.39518 18.43358 18.39158 17.72854 16.51475 13.46354 11.84658 11.28278 12.33876 12.79931 12.503 
  16.62347 16.7699 17.09694 17.81755 19.76185 20.61756 18.31531 19.09147 20.61994 19.6125 16.34336 17.08931 19.56542 18.73982 18.85679 17.78739 16.51475 14.5552 12.08019 10.99486 13.12861 13.7068 12.72343 
  16.92007 17.00852 17.30933 18.13079 20.06205 20.76169 18.70655 19.31812 20.74006 19.51771 16.26346 16.45099 19.05471 18.43358 18.31404 17.31658 16.11933 15.44218 12.50069 11.28278 13.20041 13.4593 12.503 
  17.21667 17.22062 17.45092 18.39182 20.12209 20.54549 19.02444 19.84698 20.61994 19.04379 16.50318 17.08931 19.05471 18.05078 18.54665 17.61084 17.30559 16.12447 13.29496 12.72238 13.55944 14.94428 13.4582 
  17.43911 17.48575 17.76951 18.91389 20.54237 20.68962 18.82882 20.52694 21.34065 19.6125 17.46208 17.64784 19.82077 19.12262 18.0039 17.78739 17.46376 15.64687 12.87446 12.54243 14.34929 15.76927 14.33991 
  17.55033 17.5918 17.9111 19.22713 20.72249 20.76169 18.731 20.90469 21.46077 19.51771 17.78171 17.88721 20.4166 19.81166 19.0894 18.08165 16.83108 14.96458 12.54741 12.72238 13.99026 16.01677 15.29511 
  17.58741 17.67134 18.01729 19.48816 20.96265 20.83375 18.60874 21.13135 21.58089 19.23336 17.86162 18.12658 20.75707 20.27101 19.24447 18.84672 17.78009 15.03281 12.45396 12.36248 14.85192 15.85177 15.44206 
  17.55033 17.69785 18.05269 19.59257 20.90261 20.61756 18.63319 21.28245 21.58089 19.04379 17.7018 17.967 20.67195 20.27101 19.55461 18.84672 17.85918 15.30572 12.36052 11.60669 14.92372 16.01677 15.73597 
  17.47619 17.67134 18.05269 19.64478 20.90261 20.40136 18.51093 21.28245 21.34065 18.66465 17.62189 17.80742 20.50171 20.27101 19.322 18.90557 18.17551 15.91978 12.68757 12.2905 15.28275 16.51176 15.80944 
  17.40204 17.69785 18.08809 19.74919 20.78253 20.18517 18.65765 21.358 21.22054 18.28551 17.06254 17.24889 20.24636 20.19445 18.85679 18.96442 18.17551 14.75989 11.79986 11.67867 15.06733 15.93427 16.02987 
  17.29081 17.72437 18.08809 19.8536 20.72249 20.04103 18.80436 21.358 20.86018 17.81159 16.82281 17.1691 20.07612 19.96478 18.70172 18.37591 17.2265 14.41875 12.08019 11.71466 14.70831 15.85177 16.61769 
  17.14252 17.72437 17.98189 19.90581 20.72249 19.82484 18.82882 21.358 20.25959 17.24289 16.42327 16.84994 19.4803 19.3523 18.23651 18.1405 16.98925 15.03281 12.17363 11.96659 14.78012 15.68677 16.47073 
  16.92007 17.67134 17.8049 19.95802 20.54237 19.46451 18.77991 20.98025 19.41876 16.48461 15.62419 16.05204 19.05471 19.12262 17.53869 17.96395 16.67291 14.69166 11.42608 10.8509 13.55944 15.27428 16.10335 
  16.66055 17.67134 17.55712 19.8014 20.12209 18.81593 18.77991 20.45139 17.97735 15.9159 14.90502 15.17436 18.11841 18.12734 16.84087 17.55199 15.96116 13.73646 11.09902 11.35476 11.76432 14.53179 15.36858 
  16.4381 17.53877 17.23854 19.33154 19.46165 17.87908 18.99998 19.84698 16.41581 15.25241 14.34566 14.69562 17.43747 17.59142 16.29812 16.96348 15.01215 12.78125 10.81869 10.59897 12.33876 12.63432 13.89906 
  16.17858 17.43272 16.99075 19.12271 18.98133 17.44669 19.0978 19.31812 15.81522 14.77849 13.94612 14.45625 17.26723 17.4383 16.29812 17.25773 14.69581 12.91771 10.91214 10.45501 11.26169 12.63432 14.41339 
  15.88198 17.22062 16.74297 18.80947 18.56105 17.15843 18.99998 18.78927 15.09451 14.39935 13.70639 13.89772 16.84164 17.20862 16.06552 17.02233 13.90497 12.71303 9.987373 9.676058 10.97447 12.71681 14.48687 
  15.54831 16.90247 16.38899 18.13079 17.84057 16.72604 18.55984 18.03376 14.01345 13.64108 12.8274 13.09982 16.41605 16.90239 15.29016 16.19841 13.19321 11.82605 9.805324 9.947768 10.68742 11.64433 13.16429 
  15.25172 16.58431 15.96421 17.50431 17.18013 16.12455 17.60618 16.59829 12.3943 12.00135 11.14614 11.29223 14.64377 15.44775 14.52656 15.25679 12.57722 11.26786 9.547943 9.587328 10.38042 10.97586 12.28257 
  15.0334 16.29267 15.51015 16.66901 16.51031 15.70181 16.82949 15.36805 11.5269 11.33521 10.394 10.67501 14.18169 14.99823 14.14435 14.50107 11.86397 11.30773 10.30753 11.06684 10.28832 10.78355 11.98867 
  14.66953 15.81067 14.81441 16.20947 15.93618 15.19452 16.28366 13.80974 10.8908 11.02776 9.90732 10.32231 13.77738 14.60489 13.57105 13.69496 11.02104 10.64987 10.35147 10.29269 10.39065 10.69124 11.51532 
  14.16011 15.24279 14.2926 15.65803 15.26636 14.94088 15.37394 12.49747 10.54384 10.72031 9.332151 9.92552 13.14203 13.87442 12.66332 12.48581 10.27537 10.47045 9.999928 10.12023 10.10412 10.27204 11.59062 
  13.6507 14.75604 13.50989 15.10659 14.50086 14.60269 14.91908 11.43126 9.618612 10.05417 8.491521 9.131945 11.87132 13.08775 11.23006 10.77284 9.82148 10.37077 9.993651 9.876754 10.41112 11.01433 11.68745 
  13.21405 13.94478 12.37932 14.37133 13.63967 14.0954 14.1913 11.02118 8.693382 9.388027 6.918123 8.250195 10.7739 11.45823 9.987904 9.614071 9.562116 10.45051 10.3982 10.42965 10.30879 10.51431 11.07425 
  13.14128 12.24114 12.11841 12.44128 12.39572 12.48899 12.00796 10.85715 8.404248 9.336785 7.65089 8.382457 11.23597 11.79537 9.987904 9.311782 9.17307 10.59006 10.3452 10.24704 10.00464 10.55277 11.16031 
  12.70464 11.10537 10.11816 10.87886 10.9604 12.06625 12.37185 9.380852 8.462075 9.900442 8.314547 7.677057 11.58253 11.96394 9.175724 9.21102 9.108229 9.812584 10.2887 9.841248 10.22692 10.39123 10.6762 
  11.75858 11.1865 9.509387 11.3384 11.15178 12.23535 12.18991 9.298836 8.462075 9.644235 8.137571 7.98567 10.42734 11.0649 9.653477 9.261401 9.23791 9.812584 9.949708 9.764788 10.21157 10.02221 10.32908 
  10.15756 10.69974 10.37906 11.15458 10.76902 11.81261 11.37116 9.052787 9.213824 10.92527 8.889714 8.250195 10.13855 10.39061 9.31905 9.261401 9.17307 9.553425 9.836712 9.957912 10.10412 10.50662 10.38755 
  7.901576 9.807359 9.248485 9.31644 10.00352 11.38987 10.82532 8.888754 8.519901 10.56658 8.933958 8.602895 10.42734 10.10966 9.175724 8.713 9.400013 9.712908 9.598164 9.785264 10.24739 10.57585 10.6762 
  7.17384 9.158352 8.291842 8.305462 8.855263 9.952556 9.824627 8.724721 7.016404 9.388027 8.580009 8.470633 9.214399 8.817278 8.936848 9.261401 9.400013 9.673038 9.874377 9.648757 10.17575 10.79124 10.85909 
  6.664423 8.184841 7.161263 7.294484 7.99407 10.0371 9.369765 7.986574 7.305538 8.158229 7.872109 8.294282 9.214399 8.929659 9.462376 9.110256 8.52299 9.633166 9.981096 10.34342 10.04653 10.47585 10.44601 
  7.246613 8.184841 7.509133 7.202577 7.324254 8.768886 8.36907 7.002378 7.594672 8.363195 7.872109 8.51472 9.560955 8.817278 8.984623 9.009494 9.043387 8.996747 9.773936 9.778439 10.21669 10.36815 10.3778 
  6.155008 7.130204 6.639458 7.386391 7.707006 9.02253 8.641987 6.100198 6.785096 8.619403 7.783622 8.029757 8.752325 8.817278 9.31905 8.959112 9.302752 9.393943 9.648384 10.14559 10.33437 10.47585 11.09576 
  6.955518 7.130204 5.943717 6.834949 7.419942 9.783461 9.278793 7.658508 7.710326 8.619403 8.358789 8.646982 8.810084 8.311564 8.984623 8.908731 8.507685 9.124863 9.623274 9.771613 9.931344 10.47585 10.84833 
  7.974349 8.103715 6.90036 6.283506 7.037189 7.669763 7.823236 7.16641 7.652499 8.670645 7.606647 8.029757 8.636806 8.480136 8.317781 8.959112 8.951552 9.092834 9.729993 10.12023 10.16552 10.29766 10.61166 
  7.683255 7.373582 5.943717 6.191599 5.888932 6.401545 6.731568 6.428263 6.785096 8.209471 7.65089 6.78225 7.566944 8.152937 8.155716 8.618032 9.140649 9.10351 9.579331 10.21661 9.962757 10.33738 10.52396 
  6.446103 5.994442 5.161009 5.088714 4.895053 5.429055 6.003789 5.533883 6.056611 7.287122 7.208454 7.544794 7.897172 8.367755 7.943785 7.939691 8.063816 8.591048 9.465703 10.02385 10.29344 10.55277 10.32908 
  6.955518 6.724575 4.706945 4.1712 4.765557 5.809709 6.094762 5.926836 6.958577 6.316912 6.687418 7.677057 7.949314 8.536326 8.50478 8.292429 9.23791 9.114186 9.579331 9.546376 10.48275 10.65278 10.78378 
  7.246613 4.474519 4.726171 4.276014 4.358571 5.725161 6.185734 5.869049 6.535063 6.646759 6.287527 6.403945 6.889106 7.948064 8.080916 8.85835 9.20549 9.473684 9.962263 9.957912 10.4367 10.81432 10.91288 
  6.155008 5.994442 5.161009 3.786881 4.617562 4.622262 6.003789 6.264231 6.535063 6.884248 7.296941 7.632969 7.445281 8.152937 8.093383 8.959112 8.676048 8.889984 9.337774 10.45501 10.32925 10.29126 10.66545 
  7.319386 6.156693 6.20462 4.71274 4.802556 5.004427 4.752853 5.822819 6.958577 7.594572 6.179864 7.721144 7.184574 7.666364 8.889072 8.37383 9.075808 9.453749 9.374325 10.06443 10.83086 10.31688 10.83757 
  8.77486 8.833848 7.161263 5.088714 4.173578 5.978805 6.094762 6.007738 6.90075 6.765503 6.487473 7.045419 8.174733 7.999283 8.529713 8.767267 8.920941 9.413878 9.328636 9.573678 10.057 10.27204 10.33883 
  7.610481 7.941463 6.639458 5.180621 4.506566 5.556066 6.003789 5.360521 6.669443 7.440847 6.995026 6.798698 7.236715 8.178547 8.602421 9.261401 9.464854 8.943366 9.191569 10.14559 10.39065 10.422 11.19258 
  8.192671 7.292456 5.074042 4.223607 4.932052 5.004427 6.276706 6.756329 6.669443 7.492089 7.087308 7.094763 7.062911 7.922455 8.554646 8.577332 9.367593 9.633166 9.328636 9.856464 10.20645 10.57585 10.77302 
  8.629313 7.373582 5.682815 5.364435 4.932052 4.919502 5.872117 6.264231 5.884368 6.620371 7.827866 7.308587 7.862411 8.204156 8.405046 9.110256 9.562116 9.263655 9.538805 9.43717 10.00988 9.99659 10.24139 
  8.702086 6.8057 3.707159 3.786881 4.321572 5.004427 4.915655 6.428263 7.016404 6.884248 7.16421 7.127659 7.827651 8.204156 8.697971 8.536632 8.369932 9.071482 9.301223 9.505424 10.02558 10.42969 10.96667 
  7.101066 6.075568 5.247977 4.450705 5.314804 6.063353 6.367679 5.59167 6.152302 6.633565 7.341185 7.193451 7.4279 6.61639 8.330248 8.658733 8.584213 8.665782 9.06364 10.14052 10.13482 10.40662 11.07425 
  7.756029 7.535833 5.85675 3.909165 5.02774 5.640614 5.566863 6.264231 6.611616 7.338364 7.562403 7.588882 7.340998 8.101719 8.39258 9.059875 9.302752 9.274331 9.319498 9.443995 10.0727 10.15673 11.04197 
  8.77486 8.103715 5.943717 5.548249 5.02774 5.471518 5.912817 6.007738 6.381958 6.620371 6.533614 7.012523 8.001455 8.480136 8.554646 8.658733 9.270331 9.274331 9.511392 9.97313 10.1604 10.21439 10.8053 
  8.993181 9.239477 6.90036 5.180621 4.69156 5.04689 5.627913 6.100198 6.554201 6.51482 6.948884 7.544794 8.348011 7.717582 8.180649 8.658733 8.813801 9.294267 9.792768 9.587328 10.32925 10.32969 10.58242 
  8.338218 7.779211 5.074042 5.180621 5.123428 4.961965 5.159858 5.845934 6.458511 6.712728 7.341185 7.325035 7.254096 8.050501 8.180649 8.699433 9.497274 9.188921 9.374325 9.368917 10.1297 10.21439 10.97742 ]
