 [
  6.106027 4.01336 4.00158 5.426664 5.452572 4.959003 4.969864 5.960636 6.19874 5.858516 6.731682 7.084926 7.160037 7.523886 8.430213 8.696292 8.899166 8.742898 9.081135 9.590677 9.678823 10.52778 11.21831 
  5.910007 3.538108 3.176304 5.349082 4.589484 4.921837 5.367839 6.088547 6.238255 6.393365 6.475711 6.769341 6.832104 7.401227 8.096546 8.433424 8.234412 8.891189 9.617399 9.865942 9.877367 10.3414 11.08631 
  6.432725 4.066165 4.269794 4.99 5.014645 5.261173 5.268636 5.355156 5.730483 6.200225 5.979767 7.070581 7.599905 8.017124 8.322319 8.741197 8.635557 9.354278 9.967456 10.02016 10.26461 10.58103 11.21831 
  5.713988 3.696525 3.547678 5.116338 4.853158 5.200739 5.308472 6.131184 5.43599 6.541934 6.859668 7.345109 7.823202 7.934484 8.430213 8.786102 8.738708 9.364347 10.01003 9.823103 9.795613 10.44125 10.64322 
  4.214093 3.168468 4.496746 4.161134 5.087633 4.029842 5.486573 5.875361 5.730483 6.348794 6.379722 7.013202 8.135818 8.678248 8.394249 8.696292 8.440715 8.594607 8.87632 9.780265 9.83065 10.26777 10.4428 
  4.823779 3.934151 4.311059 4.404919 4.941657 4.36434 5.149127 5.764503 5.822512 5.799089 5.883778 7.563577 7.644564 8.306366 7.907939 9.167799 9.040752 9.193158 9.659974 9.435362 9.772256 10.42128 10.49552 
  4.357549 3.617316 3.650837 3.478539 4.604995 4.457256 5.069454 5.790088 6.080193 7.017101 6.875666 7.214028 7.035648 7.501584 7.459998 8.498321 8.314641 9.091818 9.541711 9.943051 10.14056 10.66756 10.38349 
  5.218282 3.670122 4.758593 4.99 4.542954 5.140305 5.54594 5.55983 6.317286 5.917944 6.731682 7.027546 6.786872 7.167062 8.538107 8.217103 8.555328 8.995865 9.522789 9.977323 10.40773 10.46787 10.65706 
  5.576921 3.643719 4.104739 4.892487 4.941657 5.261173 5.724042 5.687751 5.546424 5.754518 6.443715 6.611549 7.160037 7.211665 8.120122 8.33608 9.526191 9.135433 9.759315 9.6479 9.970799 10.2815 10.56014 
  4.214093 3.722928 4.228531 5.19392 4.24826 4.513006 4.113386 4.766719 6.514864 6.541934 6.907662 7.142304 7.499278 8.265045 8.610037 8.22792 8.738708 9.475117 10.01003 9.891645 10.05255 10.26777 10.4428 
  3.35336 4.171777 4.249163 4.599946 4.356831 5.140305 5.427206 5.790088 5.932946 6.953745 7.038126 7.782045 7.733883 8.306366 8.049395 7.914254 8.520945 9.485188 9.102695 9.729645 10.38865 10.65424 10.30442 
  3.496816 2.930842 3.919052 4.039242 4.418872 4.122758 4.471911 5.201651 6.043381 5.65052 6.5717 7.142304 7.103497 7.256268 7.825424 8.718744 9.728457 9.928265 9.598477 9.6479 9.316772 10.27484 10.50013 
  3.676135 2.983648 4.187267 4.283027 4.837648 5.321607 5.54594 4.766719 5.822512 5.739661 7.125102 7.47619 7.374889 7.975804 8.07297 9.01063 9.283472 9.444907 9.574824 9.672422 10.12148 10.11215 10.45598 
  4.214093 2.666813 3.361991 4.209891 4.139688 4.587339 5.0097 5.201651 5.178308 6.452793 7.081614 7.607271 7.454046 8.265045 8.358284 8.85346 8.919393 9.173018 9.296729 9.968755 10.07377 10.2815 10.46257 
  4.429276 4.039762 4.414218 5.038757 4.480913 4.457256 4.710929 5.55983 5.417584 6.08137 7.038126 7.170994 7.465353 8.182405 8.286354 8.152207 9.081205 9.273718 9.688356 10.14011 9.713861 9.970679 10.07378 
  4.967235 4.356597 4.146003 5.349082 4.744587 5.684209 6.436448 5.355156 6.712442 6.89039 6.107752 6.295964 6.843412 7.59079 7.625029 8.22792 8.919393 9.083095 9.102695 10.13154 10.34094 10.42128 10.94323 
  5.469329 4.356597 3.836524 5.349082 5.52556 4.661672 5.288554 6.301732 6.672926 6.953745 6.907662 7.869432 7.733883 7.724599 9.041613 8.44424 9.263246 9.404628 9.456562 9.459886 10.15965 10.1263 10.17263 
  4.608596 4.066165 4.496746 5.19392 5.087633 4.587339 5.96151 6.642828 5.822512 6.700323 7.16859 7.345109 7.239193 7.568489 9.041613 9.10044 8.959846 8.908635 9.221272 9.763129 9.760576 9.885797 10.35055 
  5.290009 6.087716 5.456851 5.349082 4.620505 5.079871 6.673916 6.387006 6.317286 6.437936 6.731682 6.941478 7.261809 8.512967 8.430213 8.400976 8.738708 8.77779 9.070355 9.459886 10.09286 10.39465 10.53706 
  5.975347 9.276618 8.686297 6.823129 5.671536 6.530283 7.564424 7.580841 7.028566 6.922068 7.342542 7.388803 8.180477 7.810523 8.214425 8.875914 8.165645 9.065649 9.210492 9.87451 9.924084 10.33475 11.04939 
  9.569034 13.1033 12.614 10.46945 10.48874 9.249805 8.45493 7.495567 6.751957 6.482506 6.731682 7.345109 8.448434 8.099765 8.120122 8.519953 9.263246 8.786513 9.113474 9.72147 9.83065 10.23947 10.59244 
  12.44398 15.83665 16.14821 15.52185 15.34566 14.70944 14.89254 13.36415 11.38831 9.899781 9.690889 10.1415 11.30664 11.24011 10.91178 10.94156 10.78024 9.616096 10.17158 10.68844 10.35048 10.60099 10.61552 
  12.37864 15.4722 16.06833 15.79819 15.48748 14.60869 15.10149 13.23186 11.63843 10.56502 9.908329 10.1415 11.52994 11.19879 11.34335 11.56849 10.61843 9.606027 9.71674 10.57706 10.4459 10.41462 10.54629 
  13.81612 16.16877 16.50771 17.13383 16.622 15.81764 16.14627 14.55469 12.63891 11.7288 11.0825 11.10276 12.51244 12.14915 12.42229 12.80135 11.57394 9.817495 10.89854 12.14647 11.09473 11.00702 10.65245 
  13.88146 16.40862 16.05501 17.87074 16.97654 16.42211 16.35522 14.95154 12.38879 11.98037 11.25645 11.53969 12.64642 12.23179 12.9901 13.50584 12.34589 10.11959 11.62549 12.79838 11.91249 11.588 11.48231 
  13.88146 16.60349 15.88192 17.73257 17.33108 17.22807 16.56418 15.2161 12.63891 12.60932 11.77831 11.84555 13.227 12.64499 13.8511 14.38646 12.94629 10.26057 11.3024 12.2396 11.84283 12.18093 11.08631 
  13.9468 16.72341 15.92186 17.77863 17.89835 17.93328 16.87761 15.48067 12.88903 12.98669 11.86529 11.84555 13.227 12.76896 14.28159 14.82676 13.37514 10.52579 11.78704 12.79838 12.12146 12.04917 11.48231 
  14.02481 16.81336 15.96181 17.77863 18.3947 18.43701 17.50447 16.0098 13.38927 13.23827 12.03924 12.23879 13.55582 13.15538 14.88428 15.44319 13.804 10.18001 12.02936 13.45028 12.53942 12.83974 12.07631 
  14.1896 16.84334 15.98844 17.5944 18.60743 18.83999 18.7582 17.06806 14.01457 13.61563 12.57457 12.76311 14.09017 13.49553 15.14258 15.79544 14.06131 10.60975 12.59477 13.63654 13.16634 13.16915 11.94431 
  14.25297 16.85833 15.93518 17.36412 18.67834 19.04148 19.48955 17.86176 14.88999 14.11879 12.97639 13.23902 14.54231 13.83568 15.48698 16.05962 14.23285 10.52579 13.24096 14.19532 13.72361 13.82796 12.07631 
  14.37973 16.88831 15.88192 17.13383 18.60743 18.73925 18.96716 18.65545 15.76541 14.62195 13.47866 13.5848 14.78893 13.78709 15.83137 16.23575 14.14708 10.77766 13.56405 14.38157 13.86293 14.0256 12.53831 
  14.44311 16.91829 15.80203 16.94961 18.46561 18.43701 18.7582 19.44915 17.016 14.99932 14.08139 13.84413 14.87114 13.78709 16.08967 16.41187 14.66171 11.02953 13.64482 14.56783 14.0719 13.76208 13.39631 
  14.53184 16.93328 15.7754 16.76538 18.3947 18.33627 18.86268 19.58143 18.2666 15.25089 14.4832 14.27634 14.91224 13.73849 16.60627 16.76411 15.6052 11.78514 14.37178 15.21974 14.21122 13.95972 13.99031 
  14.62057 16.96326 15.72214 16.62721 18.25289 18.33627 18.7582 19.18458 19.01696 16.383 15.48775 14.96789 15.24107 13.88427 17.12286 17.0283 16.54868 12.37283 15.01797 15.68538 14.48985 14.15737 13.79231 
  14.69662 16.94827 15.70883 16.48904 18.18198 18.33627 18.54925 18.52317 18.2666 17.76668 16.39184 15.31366 15.40548 14.56457 17.29506 17.0283 16.89177 13.38031 15.09874 15.96477 14.97746 14.68441 13.26431 
  14.78535 16.87332 15.66888 16.30482 18.04016 18.33627 18.34029 17.86176 18.14154 18.52141 17.49683 15.83232 15.48769 15.39064 17.72555 16.94024 16.80599 13.968 15.01797 16.24416 15.2561 14.7503 13.00031 
  14.8107 16.7384 15.66888 16.30482 17.82744 18.33627 17.92238 16.93578 16.89095 18.26983 18.50138 16.61031 15.6521 15.77938 17.89775 16.94024 16.80599 14.89152 15.09874 16.7098 15.67405 14.55265 13.33031 
  14.8107 16.51355 15.7754 16.35087 17.61472 18.33627 17.4 16.27436 16.14058 17.76668 18.80274 17.56118 15.77541 16.02234 18.24215 16.76411 16.89177 15.56317 15.09874 16.7098 15.53473 14.0256 14.84831 
  14.77267 16.28869 15.80203 16.39693 17.54381 18.03403 16.77313 15.74523 15.51529 16.50879 18.60183 18.25273 15.81652 16.11953 18.06995 16.67605 16.63445 15.73109 13.80637 15.87164 15.46507 15.27735 15.24431 
  14.72197 16.01887 15.78872 16.48904 17.40199 17.42956 15.72836 15.08382 14.76493 15.37668 18.09956 18.07984 15.69321 15.58501 17.38116 16.23575 15.6052 14.97548 12.67555 14.28844 14.42019 14.48677 14.32031 
  14.59521 15.56331 15.81535 16.30482 16.26746 15.41465 14.1612 13.36415 13.51433 14.49616 16.99456 16.95608 14.91224 14.03005 15.83137 14.56258 14.49017 13.38031 10.57544 11.86708 12.4001 12.57622 12.67031 
  14.48113 15.56331 15.93518 15.4758 14.21113 12.69453 13.11642 11.24762 11.13819 12.35774 15.28684 15.05433 14.54231 13.64131 12.78194 11.43552 12.6032 12.37283 9.782967 11.86708 11.5642 10.95377 10.85553 
  14.35438 15.38109 15.5816 14.96917 13.04332 11.24412 12.19506 10.05379 9.518048 10.72248 14.38275 14.1899 13.92576 13.30116 12.74598 10.64968 11.48817 11.53327 9.641051 11.02892 11.08519 10.62762 10.25829 
  14.1896 15.28998 15.14519 14.81401 12.38643 10.76065 11.60139 10.05379 8.925315 9.392937 13.27775 13.41191 13.3092 12.97556 12.60212 10.4027 10.07231 10.60975 9.683626 10.26863 10.36002 10.4945 10.67552 
  13.9468 15.65442 15.40704 14.34852 12.75137 11.30456 11.54202 10.35225 9.399502 9.583003 13.37821 13.5848 13.55582 13.15538 12.90401 10.17817 9.82959 10.44183 9.603208 10.50852 10.79894 11.19271 10.44939 
  13.75078 15.74553 15.49432 14.27094 13.04332 11.24412 12.25443 10.77862 9.597079 10.37495 14.08139 14.10346 13.47362 13.0582 12.81791 10.4476 9.404831 9.998755 9.882307 10.5685 10.89436 11.00702 10.60168 
  13.68544 16.25871 16.0417 14.0382 13.48125 11.60673 12.13569 11.11971 9.913204 9.931459 14.08139 14.27634 14.00796 13.49553 13.3345 10.85175 9.667777 10.19008 9.702548 10.43998 10.76077 11.12683 10.71706 
  14.01214 15.92776 15.31975 14.4261 12.24046 10.82108 11.42329 10.35225 8.648705 9.424614 13.27775 13.41191 12.64642 12.02519 12.45826 10.4027 9.323925 9.988685 9.603208 10.38001 10.63673 10.58103 10.75399 
  14.56986 16.24372 14.79606 14.96917 11.58356 10.70022 10.53278 10.35225 9.004346 8.600991 12.30017 12.80681 12.46778 11.77727 12.60212 10.91911 10.01163 10.44183 9.830272 10.72271 11.35522 11.25859 10.32419 
  14.7093 16.42361 14.18508 14.27094 9.758864 9.672842 9.820375 9.499506 8.411612 7.270524 10.64762 11.496 12.7804 12.06651 12.09861 10.47006 9.141886 9.334138 9.404527 10.38857 10.92298 11.01368 10.8463 
  14.64592 16.49856 13.83595 13.02964 9.101973 8.041129 9.048602 8.945225 7.700332 7.143812 10.77809 10.7969 11.39596 11.52935 11.55914 10.26798 9.728457 9.646306 9.456562 9.780265 10.50315 10.78071 10.73553 
  14.2403 16.37864 13.92324 11.55559 8.664044 8.041129 8.929868 7.708752 7.739847 9.171192 11.47389 11.75816 13.09302 13.44694 12.90401 11.48043 10.94205 10.60975 9.645782 10.12297 11.70351 10.92049 10.56475 
  13.9468 15.92776 13.31226 11.86592 7.934164 8.161997 8.395563 8.049849 7.384207 9.139514 11.77831 11.53969 12.91438 13.0582 12.42229 10.85175 10.2139 10.22029 9.877577 10.19152 11.84283 10.78737 10.25829 
  13.2934 15.19887 13.1377 14.19336 14.49476 13.29901 12.90747 12.83501 12.63891 12.10616 13.47866 14.70856 14.4601 14.03005 14.02329 14.12227 13.804 12.96053 10.89854 11.49457 11.19015 11.588 11.28431 
  12.05194 14.28775 12.09031 13.41755 13.70022 11.06282 10.88898 10.82125 10.50594 10.59669 12.47412 13.23902 12.64642 11.77727 12.13458 12.18492 11.91703 11.36535 10.01003 10.84266 11.28556 11.39036 11.35031 
  10.61447 12.64774 10.34466 9.228151 9.831852 9.128939 9.642273 9.755327 8.490644 9.48797 11.43041 11.53969 11.48528 9.422013 10.83985 11.09873 9.607098 9.716796 9.650513 10.67131 10.77031 10.54109 10.80015 
  8.392918 10.09662 8.511732 8.219593 8.518068 9.128939 9.404805 9.840602 9.004346 9.646358 11.47389 12.02032 11.52994 9.752576 10.83985 10.62723 9.910497 9.887985 9.91069 9.925916 10.57948 10.26777 10.53706 
  8.262239 7.727723 7.726192 8.6075 9.393925 9.612409 8.811133 8.433581 8.174519 9.266226 11.43041 12.02032 10.14549 8.678248 9.760907 9.414779 10.13299 9.585887 9.124254 9.46806 10.28369 10.26777 10.27147 
  7.739521 8.092169 7.027933 7.676524 9.466912 8.403732 7.030119 8.007212 8.530159 8.886091 10.95204 11.58339 9.386283 7.893163 8.825825 9.055535 9.101432 9.454977 9.503867 9.574328 10.22644 10.56106 10.68476 
  7.674181 8.456614 7.027933 8.995407 9.17496 7.678526 7.742525 7.495567 7.858394 8.917769 10.3867 10.44735 9.698898 8.347686 8.825825 9.01063 9.182339 9.083095 8.714624 9.222824 9.83065 10.61431 10.7863 
  6.106027 7.909945 6.940651 8.06443 8.664044 8.041129 7.742525 7.111835 6.989051 9.392937 10.34321 10.01042 7.912521 8.099765 8.897755 8.696292 8.715786 9.263648 9.372188 10.05443 10.57948 10.00605 10.54629 
  7.020783 6.816607 6.940651 7.909267 8.591057 8.161997 7.683158 6.642828 6.91002 7.555624 8.734155 8.393755 8.091159 7.758051 8.430213 8.988176 8.784554 9.525467 9.641051 9.394489 9.562033 10.22533 10.39008 
  7.086123 8.18328 7.726192 7.909267 8.299105 7.195055 6.852017 6.344368 6.514864 6.858712 8.299276 7.913126 8.091159 7.810523 8.037606 8.303632 8.65848 8.873743 9.489676 9.98589 10.49361 10.71415 11.28431 
  6.759424 6.907719 7.900756 7.211035 7.788188 6.046813 6.495815 6.856012 6.791473 8.315891 8.473228 8.218981 8.359116 7.468132 8.155485 8.651386 9.040752 9.152879 9.896499 10.10584 9.970799 10.24655 10.80938 
  7.543501 5.267712 6.067827 6.978292 7.350261 6.590717 6.080245 6.770739 6.277771 7.777369 7.907885 6.697618 7.284425 7.055554 7.896151 7.989966 8.509482 9.203229 9.456562 9.745994 10.15011 10.16874 10.3769 
  7.216803 5.996604 5.02044 5.19392 6.401416 5.623775 5.54594 6.728102 6.91002 7.080457 7.342542 7.199684 7.555245 7.367775 8.502143 8.718744 9.364378 9.515397 9.655243 9.90878 9.877367 9.963605 10.26488 
  7.674181 6.725496 6.15511 5.504245 6.036477 6.16768 5.288554 6.17382 6.080193 7.365557 8.255788 7.563577 7.778543 8.182405 8.717931 8.574033 8.337564 9.404628 9.503867 10.09727 10.35048 10.38134 10.65245 
  4.321685 4.721043 5.631416 6.047315 6.547392 5.382041 5.486573 5.55983 5.804106 7.048779 8.2123 7.47619 7.510586 7.668846 7.978667 8.195471 8.980073 8.978419 9.253611 9.737819 10.09286 10.17581 10.40985 
  7.282142 5.905493 5.02044 5.349082 6.036477 5.805077 5.902143 6.301732 6.870504 7.112134 7.473005 7.301415 7.103497 7.769202 8.610037 8.487504 8.647018 9.162949 9.702548 9.745994 10.51269 10.46122 10.71706 
  7.80486 6.543273 5.107722 5.659408 4.868669 5.442474 5.149127 5.55983 5.620048 5.813946 7.255566 7.825738 7.733883 8.760889 8.202637 8.606481 9.101432 8.760345 9.178152 9.598852 10.28369 10.2324 10.38349 
  7.543501 6.634385 5.107722 4.258648 5.52556 5.382041 5.029618 5.875361 6.356802 6.348794 7.733933 7.301415 7.510586 7.975804 7.707544 8.831008 8.939619 8.926081 9.307509 9.805967 10.22644 10.38134 10.83707 
  6.040687 6.269938 4.496746 4.843729 4.837648 4.717422 5.486573 5.585414 5.56483 6.467649 7.038126 7.12796 7.476662 8.223725 8.096546 8.920818 8.681402 9.03948 9.740393 10.20008 10.08331 10.53443 10.71706 
  6.040687 4.145374 4.166635 4.819351 3.876014 4.290007 5.308472 5.534245 5.288743 6.467649 7.299054 7.432496 6.990417 7.59079 8.286354 8.920818 9.202565 8.908635 9.361408 9.680597 10.15011 10.40797 10.91553 
  6.498065 4.01336 4.042844 4.136756 4.729076 4.178508 5.228799 6.003273 6.356802 7.017101 6.667689 7.12796 7.092189 7.769202 8.646002 8.831008 8.919393 9.203229 9.339849 9.394489 9.783935 10.72746 10.72168 
  5.469329 4.092568 4.496746 4.478054 5.233609 5.140305 4.890192 5.764503 6.317286 6.605289 6.715684 6.668928 7.912521 8.058444 8.202637 8.628933 8.818937 9.203229 9.404527 9.943051 9.690502 10.05556 10.5786 
  6.498065 5.358824 4.43485 5.038757 5.014645 4.36434 5.367839 5.534245 6.672926 6.795356 7.473005 7.142304 7.733883 8.099765 8.502143 8.651386 8.738708 9.243508 9.579556 9.525282 9.433563 10.5544 10.79091 
  5.146554 4.356597 5.195004 4.843729 4.941657 4.513006 4.870274 4.152698 5.840917 6.922068 6.747681 6.539825 7.555245 7.758051 7.801848 8.509136 8.624096 8.943527 9.339849 10.14011 10.06423 10.36803 10.67552 
  5.648648 4.53882 4.67131 4.063621 4.698056 4.698838 4.033713 4.996977 6.159224 5.591092 6.21974 6.955823 7.912521 8.265045 8.358284 8.741197 9.202565 9.334138 9.489676 10.16581 10.00584 9.822134 10.15945 
  6.563405 5.358824 5.107722 5.426664 4.186219 3.769677 4.312567 5.662167 6.080193 6.922068 7.299054 7.694658 7.510586 7.523886 8.466178 8.875914 9.081205 8.899912 9.494406 10.28576 10.12148 10.48118 11.00323 
  4.931371 4.812154 4.67131 3.746702 4.636015 4.847504 5.029618 5.917999 5.804106 6.985423 6.619695 7.257722 7.137421 7.401227 8.061182 8.530768 9.101432 9.162949 9.048796 9.680597 10.20736 10.50115 10.91553 
  5.713988 5.814381 4.845875 3.819837 4.232749 4.47584 5.248717 4.843472 4.902222 6.333937 6.635693 7.041891 7.126113 7.679996 8.78986 8.606481 8.959846 9.344208 9.589016 10.25149 10.37911 10.04141 10.70783 
  4.931371 5.358824 4.414218 4.624324 4.822138 4.159925 4.770683 5.832725 5.988163 6.244796 6.763679 7.301415 7.510586 7.523886 8.037606 8.249552 9.222792 9.636236 9.555902 10.26863 10.18827 10.25362 10.62475 ]
