 [
  5.362672 5.46174 4.833102 5.454195 5.697572 5.922735 5.524088 5.531437 5.770094 5.895315 6.139506 6.822191 6.723155 7.755353 8.449881 8.817504 8.864553 9.037952 9.295783 9.490171 10.0957 10.29847 10.83892 
  4.43295 4.518532 4.760549 4.298096 4.201739 4.046769 4.234711 5.456904 6.040998 7.141485 7.05863 7.075776 7.08436 7.573693 7.711641 8.420194 8.93225 9.85303 10.21639 9.830374 10.1285 10.56713 10.43172 
  3.835271 2.254835 3.962462 4.853024 4.861665 4.093668 4.787301 5.643235 5.808795 6.265798 7.380324 7.11804 7.310112 7.828017 8.516994 9.060305 8.881477 9.416777 9.564282 9.624835 9.820148 10.3554 10.62529 
  3.702454 3.198042 3.744802 3.974388 4.289729 3.952971 4.511006 5.755033 5.924896 6.636281 7.702017 7.075776 8.213123 8.445662 8.114317 8.55263 9.118417 9.111613 9.330805 9.816199 9.774222 10.07075 10.95083 
  4.96422 2.254835 4.325229 4.991755 4.81767 5.313046 4.879399 5.568703 6.099048 6.400519 6.69098 6.568606 7.806768 8.082341 7.745198 8.353975 9.016871 9.511482 9.552608 9.745323 9.826709 10.11629 10.25053 
  5.030629 3.669645 3.889908 4.205608 4.81767 4.187466 4.741252 6.053163 6.3119 6.771002 6.69098 6.695398 7.716467 8.191338 8.282099 8.376048 9.033796 9.553574 9.623396 9.830374 9.747979 10.20738 10.34113 
  5.429081 3.763966 3.454588 3.511948 3.849778 4.234365 5.109645 5.494171 6.021647 6.669961 6.920762 6.906719 7.851919 7.937013 8.248543 8.55263 9.067644 9.385208 9.459217 9.830374 10.28536 10.13907 10.30715 
  3.768862 2.537797 3.236928 4.991755 4.157744 4.375063 4.418908 4.897913 5.615293 6.636281 7.334368 7.160304 7.671317 7.355701 7.644529 8.530558 8.915326 9.416777 9.730134 9.889684 10.05633 9.922729 10.22222 
  4.366541 3.858287 3.817355 4.57556 5.037645 4.421962 4.511006 5.680501 5.963596 5.996356 6.415243 6.526342 7.400414 7.137709 8.080761 8.508485 8.949175 9.195796 9.085653 9.653185 10.07602 10.09352 10.64563 
  5.761125 3.481004 4.252675 5.130487 4.949656 3.952971 5.063596 5.643235 6.002297 6.164757 6.185462 6.441813 7.174661 8.155005 7.711641 8.530558 8.864553 8.88011 9.330805 9.681536 9.925119 10.61873 10.30715 
  5.163446 3.858287 4.252675 4.298096 4.46571 4.797155 5.754334 5.12151 5.499191 6.669961 6.828849 6.906719 7.264962 7.246705 8.483437 8.420194 9.084569 9.753212 10.00291 9.859594 10.36807 10.37817 10.72702 
  5.163446 3.292363 2.946715 3.8819 3.321837 3.812273 5.524088 4.562518 5.499191 5.390111 6.461199 7.033512 7.671317 8.264002 7.678085 8.949941 8.813781 9.164227 9.658975 9.518521 10.38874 10.91544 10.75754 
  3.636045 3.575325 4.180122 4.066876 3.805783 4.328164 5.063596 6.463089 6.582803 6.333158 7.104587 7.540681 7.08436 7.755353 8.013648 7.647645 8.424522 9.395731 9.249087 10.02509 10.16131 10.48973 10.78806 
  4.96422 4.612853 4.470335 4.529316 4.553699 4.844055 4.925448 5.270574 5.866845 5.726914 6.369287 6.61087 6.903758 7.719021 7.980092 8.376048 8.830705 9.290502 9.529261 9.87464 10.00385 10.42523 10.76771 
  4.96422 3.292363 3.236928 5.777904 5.741567 5.12545 5.293842 5.97863 6.389301 6.400519 6.736937 7.287097 7.174661 6.956049 8.214987 8.618849 9.05072 9.195796 9.896172 9.96491 10.36807 10.26431 10.60494 
  5.097037 4.424212 4.687995 5.407951 6.137523 6.438626 5.293842 5.755033 5.944246 6.636281 6.874805 6.991247 7.08436 8.046009 8.55055 8.574703 9.219963 9.448345 9.813152 9.844549 9.741419 10.0252 10.42039 
  5.163446 4.32989 4.035015 6.009123 5.873552 6.157231 5.570137 6.64942 6.486053 6.602601 7.334368 8.047852 8.438875 7.646357 8.147874 8.353975 9.101493 8.974815 9.190719 9.809112 9.852951 10.20738 10.52797 
  5.893942 4.424212 3.817355 6.471563 5.521591 5.313046 6.399023 6.388557 6.737605 6.602601 7.885842 8.259171 8.03252 7.246705 8.282099 8.751286 9.473826 9.037952 8.828828 9.553959 10.02353 10.12768 10.55628 
  5.49549 5.367418 5.268422 6.471563 6.224265 6.20413 7.181859 6.947549 7.252974 7.606539 9.080704 9.55295 8.529177 8.155005 8.785444 8.596776 9.321508 9.628438 9.943611 10.19058 10.53348 10.55423 10.71685 
  6.292395 8.968023 8.961814 6.704695 6.005538 6.813819 6.721367 6.463089 6.389301 6.771002 8.161579 8.893134 9.251585 8.409329 9.18812 9.460862 9.423054 9.977804 9.706414 10.01004 11.44322 10.90254 10.39775 
  9.173723 13.39709 13.51331 11.13421 10.82158 8.714684 7.043712 6.64942 6.718255 7.208846 8.39136 8.935398 9.251585 9.281298 9.322345 8.685067 9.977712 9.803122 9.540935 11.1986 11.29849 10.94124 10.49966 
  11.65679 16.10373 16.24401 14.94204 14.98518 12.51641 11.66402 10.01415 10.34518 10.65107 12.33837 12.33853 10.81289 10.95812 11.36522 11.7752 12.9658 12.19878 11.22306 12.77611 12.68379 11.80555 11.23568 
  12.34653 16.2135 15.32144 15.95228 14.98518 12.59561 11.12884 10.2697 10.02308 10.40751 13.9672 13.26706 11.36678 12.29957 12.87661 12.97687 13.80515 13.40099 14.3201 15.36247 15.28267 14.8522 13.57651 
  12.30055 15.36556 14.0121 14.78662 12.20945 10.69475 9.590185 8.928064 8.605816 9.798599 13.15278 12.91886 11.68988 12.26604 12.84577 13.82249 14.89627 14.95238 17.2881 17.94882 17.51001 17.02115 15.54788 
  11.97867 14.87344 13.26391 13.69867 10.38787 9.189899 8.854307 7.522537 8.734657 9.859489 12.71843 12.57066 10.44363 12.33311 13.46267 15.31346 16.06532 16.0955 17.93331 19.96043 19.24239 18.05398 16.39276 
  12.02466 14.93495 13.32626 13.62095 10.47461 8.477076 8.988103 9.05584 8.799079 10.28572 12.50125 12.2805 11.36678 12.83616 13.74027 14.85828 15.67564 16.4221 18.32044 20.82255 20.60354 17.53756 16.95601 
  12.11662 15.05798 13.45096 13.9318 10.64809 8.397873 9.121899 9.05584 10.15192 10.83374 12.66413 12.4546 11.08983 13.54042 14.30969 15.06058 15.90945 16.50376 18.96566 20.53518 20.60354 18.36383 17.33151 
  12.20859 15.30404 13.82505 14.47577 11.51551 8.952291 10.05847 9.950266 9.250026 11.01641 13.26137 13.20903 11.18215 12.9703 14.63507 16.37555 16.53294 17.32027 19.22375 20.53518 20.35606 18.15726 17.23764 
  12.62243 15.67313 14.32385 15.4083 12.7299 10.37794 10.99504 11.10024 10.92497 12.11244 14.13008 14.31165 12.79767 14.49099 15.20449 16.62843 17.39025 17.81018 18.83661 20.39149 20.10857 18.5704 17.80089 
  12.94431 16.31001 15.07204 16.53552 14.46473 12.1996 12.73439 12.25022 11.82687 13.0258 15.21597 15.53034 13.81314 15.95823 16.58737 16.37555 17.23438 17.64688 19.22375 20.2478 18.74742 17.84741 17.14376 
  13.35816 16.93733 15.89722 17.88082 16.28631 13.54605 14.00545 12.95298 13.24413 13.69559 16.03039 17.03289 14.27471 16.32504 17.40083 16.72958 17.54612 17.89183 18.70757 19.09831 17.51001 16.7113 16.11114 
  13.54209 17.39576 16.50921 18.99214 17.78202 14.81329 14.33994 13.84741 13.7595 14.24361 16.29037 17.8572 15.15171 16.14164 16.91276 16.07209 17.77993 17.32027 17.03001 17.0867 15.40641 15.16205 14.04588 
  13.58807 17.61291 16.7744 19.57705 18.59436 16.23894 14.74133 14.80572 14.72581 14.85252 15.97609 17.903 15.52097 16.78356 17.23814 15.66749 17.85787 16.99367 14.70723 14.64404 14.66396 13.81937 13.85813 
  13.68004 17.68529 16.856 19.928 19.04565 16.79335 15.00892 14.99739 14.9835 15.03519 16.3337 18.49834 16.46567 17.15037 17.64487 16.2744 18.24755 17.32027 13.28775 13.78192 14.54022 13.92265 13.57651 
  13.72602 17.63703 16.7744 20.10347 19.13591 17.07808 15.34341 15.28253 15.18609 15.27875 16.42036 18.54413 16.76089 17.70059 18.0516 16.57785 18.16962 16.91201 12.77158 13.9256 14.7877 14.12922 14.23363 
  13.72602 17.54052 16.57041 19.98649 18.86514 17.30266 15.74479 15.4399 15.28739 15.42932 16.63702 18.17777 17.52847 18.0674 18.37698 16.93188 18.40343 17.07532 12.64253 13.49454 14.66396 14.33578 14.79688 
  13.72602 17.41989 16.42761 19.81102 18.47401 17.38687 15.9514 15.47487 15.23674 15.47416 16.76701 18.40675 18.41413 18.52592 18.53967 17.38706 18.63724 17.23862 13.28775 13.35086 14.54022 14.43907 14.98463 
  13.72602 17.3475 16.34601 19.63554 18.17315 17.3588 16.0547 15.42241 15.13544 15.56385 16.81034 18.77311 18.88648 18.89273 18.86506 17.63994 18.71518 17.07532 13.41679 13.63823 14.91145 14.43907 14.98463 
  13.772 17.22686 16.30521 19.34309 17.78202 17.30266 16.03404 15.33498 14.9835 15.69837 16.897 19.18527 19.24074 19.16784 18.70236 17.89282 18.5593 16.50376 13.41679 13.78192 14.91145 14.33578 15.36013 
  13.80511 17.0821 16.28481 19.10913 17.42099 17.2044 15.9514 15.23007 14.85466 15.74322 17.02699 19.46004 19.24074 19.35124 18.13294 17.9434 18.40343 16.2588 13.15871 12.48874 13.42655 13.50952 14.79688 
  13.86029 16.93733 16.30521 18.81667 17.24047 17.10615 15.91008 15.12516 14.85466 15.8329 17.37364 19.41424 19.00457 18.98443 17.15679 17.69052 17.702 15.60559 12.51349 11.914 12.64244 12.78653 13.67038 
  13.94858 16.81669 16.32561 18.46572 17.15373 16.97983 15.80678 15.12516 15.00882 15.96743 18.0236 18.8647 18.59126 18.1591 16.18064 17.08361 16.76675 14.87072 12.2554 11.27382 12.3323 12.68325 13.01326 
  14.02583 16.72018 16.30521 18.11478 17.24047 16.95176 15.76546 15.1951 15.18609 16.23648 18.67356 18.36095 18.11891 17.05867 15.20449 16.57785 15.83151 13.8909 11.09401 10.26581 11.77404 12.47668 12.73163 
  14.04791 16.55129 16.14202 17.64685 17.42099 16.99387 15.80678 15.1951 15.36336 16.59521 18.76023 17.8572 17.64655 15.68312 14.147 15.76864 14.58452 12.74778 9.718274 10.22067 10.98835 11.90875 11.88676 
  14.11412 16.45478 16.01962 17.29591 17.8422 17.23248 15.97206 15.35247 15.54063 17.08847 18.32692 17.71982 17.23325 14.39928 13.74027 15.21231 13.36869 11.94923 9.99105 9.681536 11.50525 11.98615 11.6426 
  14.21345 16.35827 15.83603 16.76949 18.32358 17.44301 16.11668 15.56229 15.69257 17.49205 18.15359 17.67402 16.70185 13.40627 13.70942 14.75712 12.76436 11.32536 10.12151 9.994999 11.73269 11.99905 11.03221 
  14.27967 16.33414 15.69323 16.47703 18.62444 17.65355 16.42658 15.80709 16.07243 17.94047 18.06693 17.62823 16.34758 13.03737 13.40098 14.17854 12.26075 10.65158 9.260761 9.844549 12.39432 11.97325 11.02204 
  14.32381 16.26176 15.65243 16.47703 18.80496 17.77987 16.71583 16.01691 16.37631 18.16467 17.85028 17.67402 16.05236 12.66847 13.21591 13.77798 12.1936 10.40203 9.073979 10.17554 12.62176 11.83135 11.73416 
  14.37899 16.2135 15.67283 16.53552 18.80496 17.83602 16.92243 16.17427 16.45229 18.11983 17.54696 17.49084 15.63906 12.6014 13.18506 13.64446 12.36147 10.62663 10.00291 10.38617 12.93159 11.72815 11.24585 
  14.43417 16.16525 15.67283 16.53552 18.62444 17.82198 17.04639 16.22673 16.57891 18.07499 17.24365 17.76561 15.58001 12.53433 13.12337 13.51094 12.0593 10.62663 9.694554 11.06319 12.72514 11.70235 11.10343 
  14.46728 16.10373 15.57083 16.41854 18.35367 17.79391 16.98441 16.19176 16.55358 17.85078 16.94033 17.30766 15.33634 12.93677 13.12337 13.24391 11.82428 10.07762 9.237413 10.98797 12.62176 11.72815 10.81858 
  14.45625 16.10373 15.50848 16.26312 18.0528 17.7097 16.94309 16.08685 16.42696 17.49205 16.63702 16.57494 15.58001 13.27213 13.18506 13.1994 11.82428 10.35213 9.459217 11.57472 13.05533 11.67655 11.03221 
  14.44521 16.10373 15.44613 16.18541 17.93246 17.7518 17.02573 16.15679 16.45229 17.62657 16.42036 16.45887 16.17045 13.84907 13.43182 13.24391 11.925 10.52681 9.789433 11.77031 12.93159 11.52174 11.13394 
  14.40106 15.98071 15.32144 16.02999 17.60151 17.54127 16.75715 15.87703 16.47761 17.40236 15.9218 15.99461 16.11141 14.03247 13.43182 13.15489 11.48854 10.15249 9.599676 11.66499 12.80785 12.06355 10.8491 
  14.30174 15.91919 15.25909 15.95228 17.42099 17.24651 16.57121 15.64972 16.22437 16.86426 15.37885 15.12411 15.87523 14.12418 13.2776 12.79884 11.01851 9.85303 9.575956 11.914 11.96013 11.22504 10.85927 
  14.22449 15.79616 15.13439 15.79686 17.24047 16.99387 16.32328 15.35247 15.97113 16.23648 14.78161 14.19559 15.42865 13.94077 13.5552 13.1994 10.85064 9.311547 9.777574 11.48445 11.91877 10.83804 10.68633 
  14.09205 15.67313 14.88499 15.48601 16.8935 16.39734 15.74479 15.06127 15.84451 15.33964 13.85861 13.09296 14.41318 13.57396 13.2776 12.62082 10.34703 9.678348 10.13337 10.80743 11.15376 11.05734 10.61511 
  13.94858 15.61162 14.19915 14.78662 16.11283 15.52611 14.94202 14.55017 15.13544 14.12183 12.33837 11.46804 13.53619 13.20506 12.0438 11.50816 10.04486 9.153705 9.919891 10.55166 11.07105 10.37817 10.65581 
  13.86029 15.67313 13.63801 13.9318 15.15867 14.65488 14.20614 14.03907 13.82392 12.47778 11.0896 10.19131 10.21284 11.1258 11.61198 11.28562 9.70912 9.122136 9.908031 10.22067 10.76091 10.60583 10.60494 
  13.78304 15.79616 13.45096 13.2324 14.46473 13.94206 13.53716 13.71964 13.43739 10.89463 9.40647 10.24934 11.32062 9.952025 11.67367 11.1076 8.847629 9.553574 9.377501 10.41626 11.4639 10.79934 10.92031 
  13.72602 15.85768 13.26391 12.45529 13.25035 12.75402 12.66749 12.56966 10.73171 9.311475 10.00371 9.378851 11.13599 10.58922 10.19312 9.772408 8.593765 9.458868 9.412522 9.802024 10.71956 10.43813 10.6965 
  13.45012 15.85768 13.70036 11.0565 11.16854 11.24917 11.12884 11.29191 9.636553 10.59018 11.0353 9.727049 11.08983 10.95812 10.47072 9.23833 10.41417 9.628438 9.848732 10.07022 10.34739 10.05936 10.61511 
  13.35816 15.61162 13.20156 9.502283 9.346968 9.981926 10.39296 10.65303 8.412552 9.128803 9.677942 9.727049 11.50525 11.52824 11.27268 10.12846 11.35425 9.85303 9.706414 9.830374 10.32672 10.33263 10.4487 
  13.03628 15.18101 12.64042 9.579994 9.000001 9.189899 9.857777 9.183615 8.541394 9.981271 10.32947 10.59754 11.55141 11.02519 11.67367 10.70704 12.59649 11.20059 9.943611 9.731148 10.18198 10.25293 10.38642 
  12.4385 14.56587 12.07928 9.657705 8.653034 8.714684 8.921206 8.800289 8.090447 10.10305 10.32947 10.77164 12.42841 11.99775 11.82789 11.55266 12.59649 11.07581 9.658975 9.837461 10.5128 10.54133 10.36944 
  11.56483 13.8892 11.64283 9.424572 7.178424 7.209833 8.185328 7.841975 7.897184 9.555037 10.32947 10.71361 11.32062 10.92458 11.98211 11.28562 12.22717 10.7514 9.575956 9.780761 10.03009 9.68362 10.31848 
  10.41526 12.90497 10.95699 9.036018 7.438649 7.13063 8.586716 8.097526 7.252974 9.250584 11.0353 11.52607 12.19762 11.69592 12.75323 11.46365 12.12645 11.12572 9.540935 10.02509 9.964484 10.23015 10.62529 
  8.94381 11.67467 9.897053 8.880597 7.351908 7.605846 7.984634 9.183615 8.605816 8.154554 11.30677 11.64214 11.82836 11.93067 12.99999 11.37464 11.85786 10.37708 9.424196 9.809112 10.5128 10.42523 10.51099 
  8.162102 10.44438 8.463019 8.1812 8.219325 8.477076 8.185328 8.864177 8.476974 9.494146 11.25248 11.46804 12.24377 11.66238 12.59901 11.7752 13.1001 11.27545 9.908031 10.44635 11.42255 10.95414 10.89996 
  7.886205 8.844994 7.65248 7.637225 7.351908 7.051427 7.583247 7.96975 8.541394 10.10305 11.95831 11.87427 12.70535 11.96421 12.62986 11.55266 12.39504 11.17563 9.836872 10.17554 10.24401 10.41233 10.26186 
  8.483981 8.414391 7.964226 7.248671 7.004941 8.952291 9.657083 7.778088 7.703921 9.737709 11.14389 11.35197 12.47456 12.33311 13.43182 12.5318 12.59649 11.37527 10.37056 10.46139 10.32672 10.47683 10.6965 
  8.897826 8.197041 7.777178 7.714935 7.872358 8.556278 8.386022 8.736402 9.056763 10.16394 10.38377 11.41 12.47456 12.36665 13.82161 12.26477 12.69721 11.2505 10.40614 10.65698 10.71956 11.04444 10.78806 
  9.035774 8.906508 8.463019 7.248671 8.045841 8.556278 8.586716 9.630828 8.412552 9.981271 12.12119 12.8028 12.52072 12.86969 13.82161 12.44279 12.9658 11.45013 9.848732 10.68707 10.82294 10.43813 10.67615 
  7.62057 7.914078 7.964226 7.481803 7.9591 8.635481 9.055001 8.800289 8.21929 9.798599 11.0353 11.87427 12.42841 12.50079 13.03084 11.64168 13.26797 12.12391 9.931751 10.65698 10.90565 10.76064 10.76771 
  9.909448 8.968023 7.37247 7.792646 8.826517 8.31867 8.854307 8.800289 8.412552 9.494146 11.30677 12.22247 12.84382 12.09836 12.87661 11.7752 12.69721 11.32536 9.97919 10.31094 9.990727 10.63163 10.58459 
  9.495603 8.352876 7.082256 8.414332 7.872358 7.209833 8.78741 8.416964 7.446237 8.398116 10.76383 11.7582 12.52072 11.96421 13.03084 11.50816 12.63006 11.32536 10.50102 10.46139 10.69888 10.51553 10.43738 
  8.805861 8.291361 9.585306 9.502283 8.739776 8.714684 9.857777 8.672514 8.21929 9.189693 11.0353 11.7582 12.88998 12.40018 13.40098 11.7752 12.0593 10.90113 9.741994 10.07022 10.5128 10.60583 10.82875 
  8.254067 8.968023 8.151274 8.258911 6.48449 8.081062 8.519817 8.864177 8.090447 9.189693 10.87242 11.46804 12.52072 11.62885 12.6607 11.24112 11.2871 9.927895 10.18081 10.38617 10.16131 10.68324 10.79823 
  10.09338 9.829229 8.837115 8.725176 6.918199 7.368238 8.921206 8.608626 7.897184 8.398116 10.76383 11.29394 12.38225 11.62885 11.98211 10.52902 10.98493 10.10258 9.931751 9.859594 10.03009 10.60583 10.66598 
  9.357655 9.644686 8.525369 7.404092 7.612133 7.526643 8.45292 8.736402 8.541394 8.580788 10.1123 11.00377 11.92067 11.69592 12.47563 11.06309 10.98493 10.12753 9.753854 10.04013 10.07602 10.54133 10.35245 
  8.254067 8.008398 7.59013 6.425319 6.224265 7.764251 7.850838 7.011436 7.252974 8.154554 10.60095 10.42344 10.76673 11.15934 12.53732 10.48451 11.08565 10.17744 9.342479 9.390945 9.885756 10.73484 10.54496 
  8.805861 9.152567 7.777178 6.704695 6.397748 7.526643 7.78394 7.778088 7.059711 8.154554 9.840825 10.53951 10.9052 11.46116 12.29056 10.26198 10.61562 9.952849 9.896172 10.40121 10.10882 10.28709 10.46003 
  9.95543 10.1368 9.335909 5.777904 6.093528 8.081062 8.319124 7.45865 7.252974 8.580788 10.22089 10.59754 11.32062 10.72336 11.70451 10.17297 10.5149 9.522005 10.06221 9.809112 10.24401 10.10491 10.6965 
  7.886205 9.398626 8.650067 6.055367 6.657973 7.209833 7.984634 7.841975 6.447352 7.789211 9.40647 9.55295 10.53594 10.32093 10.90255 9.23833 10.21273 9.058999 9.836872 9.994999 10.22333 10.77354 10.70667 
  8.529964 8.844994 8.026575 6.782406 6.311006 6.720021 7.248757 7.075324 6.995289 7.242526 9.243587 9.727049 9.751262 9.616662 10.16227 9.149318 9.977712 9.678348 9.647116 9.949864 10.30604 10.69614 10.82875 
  8.94381 9.214082 7.59013 6.782406 5.741567 7.13063 7.248757 7.203099 6.930868 7.545649 9.189293 9.146719 9.070983 9.135969 9.792133 8.420194 9.507675 9.778167 9.494239 9.58231 9.931681 10.0252 10.62529 
  8.897826 9.583171 7.839527 6.332831 5.961542 6.20413 6.306924 6.015896 6.350601 7.141485 8.39136 8.639549 9.612789 9.348371 10.03889 8.905795 10.14558 9.653393 9.753854 10.19058 10.34739 10.65744 10.58459 
  8.62193 9.029538 6.50183 5.176732 5.477596 5.359945 6.214826 6.351291 6.524753 7.545649 8.713054 9.062191 9.843577 9.244966 9.691464 8.817504 9.910563 9.803122 10.07407 10.34103 10.03665 10.43813 10.78806 ]
