 [
  4.625408 3.261221 3.845524 5.025756 4.925841 4.462417 4.98033 5.516985 6.282476 6.449017 6.670112 6.504155 7.345797 7.744143 7.425955 8.293657 8.178065 8.981365 9.422606 9.922631 9.8749 10.21657 10.21356 
  4.131619 2.956218 4.000746 5.213286 4.655481 5.512415 5.302451 5.20605 4.966291 5.942797 5.963593 7.141388 6.593328 6.993245 8.348613 8.392449 8.973566 9.622819 9.603029 9.499007 9.974709 10.13739 10.67843 
  3.523879 3.510769 4.429669 4.900736 4.729216 4.488708 4.605237 5.725267 5.867129 6.21714 6.659073 6.890908 7.849748 8.397928 8.566195 8.480265 9.074203 9.012025 9.013842 9.909139 10.14289 10.3375 10.55518 
  3.998676 3.427586 3.912048 4.838226 5.125654 5.612503 5.893005 6.464663 6.316177 6.02118 6.76816 7.103621 7.212024 7.588296 8.597278 9.052333 8.421848 8.926177 9.556964 10.05756 10.00542 10.66952 10.74006 
  5.112178 3.677135 5.45605 5.775875 5.125654 4.514998 6.054065 6.306221 6.484684 6.834386 6.493482 6.745875 6.760543 7.446618 8.566195 8.984941 9.149179 8.926177 9.66445 10.05082 10.01792 10.20938 10.24924 
  4.264563 4.3944 7.166684 6.651014 5.477185 5.062022 5.248764 5.419818 5.338377 6.32056 6.394128 7.481293 8.594718 8.348134 8.162114 8.692907 8.999228 9.369063 9.626062 9.488935 10.0804 10.47649 10.53464 
  3.428919 3.21963 6.140304 6.088425 5.326529 4.436127 4.506528 4.487012 6.282476 6.02118 6.603876 7.367991 7.961493 8.622 8.783776 8.502218 9.505316 9.342352 9.579997 9.929378 10.00542 10.15899 10.08869 
  3.998676 3.164175 4.361244 4.299059 4.606324 4.751611 5.409824 4.681346 5.338377 5.786029 6.931574 7.443526 7.924245 8.373032 8.535111 8.205842 9.542804 9.455874 9.480188 9.720611 10.16788 10.7004 11.02764 
  4.587424 3.080992 3.668128 3.64834 4.778372 3.93661 4.091952 4.720213 5.788795 6.770158 6.964257 6.591175 8.147736 8.099165 8.441862 8.42538 8.935074 9.268897 9.526254 9.609809 9.967031 10.30662 10.61681 
  5.346066 2.81758 3.690302 4.410611 3.401992 4.67274 4.921105 5.989337 5.730045 6.138756 6.592836 7.934499 7.738003 7.687472 8.005168 8.805228 8.627138 9.328997 10.03294 9.936125 9.882578 10.20218 10.84277 
  4.017668 3.067128 3.801175 4.900736 5.27631 4.67274 5.517198 6.147779 6.518385 7.155528 7.225719 6.774882 7.663506 7.715807 8.410779 8.096073 8.421848 8.895516 9.304693 9.882153 10.23037 10.0942 10.61681 
  3.960692 4.317785 4.498095 5.025756 5.125654 5.062022 4.763171 5.050582 6.215073 6.079968 6.603876 7.745663 8.110488 7.588296 8.078886 8.558124 9.167924 9.262218 9.328276 9.368059 9.867223 9.935833 10.07977 
  3.561862 3.663271 3.069415 4.522163 5.025216 4.383546 5.463511 5.778081 5.788795 6.158352 6.206459 6.552499 7.329075 7.999578 7.899856 8.513195 8.870921 9.248863 9.351859 9.801194 10.05541 10.23097 10.43653 
  5.735881 3.781477 4.498095 5.025756 4.753794 5.112065 4.861879 5.011715 5.906296 6.513245 6.735478 6.813557 6.844151 7.333274 7.984105 8.392449 9.542804 9.153063 9.56848 9.82818 10.28036 10.40699 10.98656 
  4.878289 3.663271 4.133794 4.540755 4.974998 4.462417 5.248764 5.883709 6.215073 6.513245 6.800843 7.141388 7.212024 7.744143 7.583922 8.535659 9.074203 9.776407 9.383302 10.15876 10.05541 10.14459 10.36518 
  5.424029 3.483042 3.158113 4.224691 3.672352 3.279351 3.83531 4.914548 5.436294 6.609587 6.504521 6.910245 7.663506 7.758311 7.984105 8.271704 8.832429 8.809668 9.328276 9.969857 9.93632 10.35294 10.55518 
  5.424029 4.087939 4.155968 4.280468 4.925841 4.330965 4.328853 4.428711 5.867129 6.060372 7.487182 7.896731 7.700754 7.6308 7.878794 7.810675 9.017972 8.907781 9.745065 9.814687 9.913288 10.00782 10.24032 
  4.800326 3.704862 3.801175 4.075956 5.075435 4.830482 4.98033 5.031149 6.113969 6.040776 6.659073 7.026271 7.738003 7.644968 7.973574 9.25451 9.074203 9.322319 9.72971 10.25321 10.39284 10.28345 10.78114 
  5.346066 3.621679 3.57943 4.057364 4.581746 4.173223 4.644721 6.411849 6.147671 6.609587 6.833526 7.006933 7.59662 7.715807 8.131031 8.603051 8.793937 9.596107 9.687483 9.629955 10.21787 10.53826 10.30275 
  4.956252 3.858093 4.133794 5.150776 5.27631 5.162109 4.842138 5.497552 5.514627 6.449017 6.833526 6.87157 7.462847 7.924887 8.348613 8.895084 8.819598 9.030421 9.202502 9.408351 10.00542 9.928635 9.963827 
  4.800326 3.247357 4.292819 3.871444 4.729216 5.162109 4.842138 5.186616 5.945463 6.641701 6.833526 7.443526 7.395961 7.673304 8.131031 8.603051 8.84526 9.122402 9.871744 9.801194 9.974709 10.7004 10.49897 
  5.190141 3.781477 3.33551 4.280468 4.458855 5.512415 6.751993 8.049084 8.607867 8.600665 8.663762 8.614307 8.631967 8.970556 8.814859 9.389295 9.467828 9.950029 9.913971 10.8948 10.74277 10.56142 10.67843 
  4.625408 3.44145 4.224393 4.801043 4.753794 5.662547 8.040475 9.31662 9.652609 9.692546 9.676929 9.482952 9.227942 9.642773 9.560855 9.928432 10.06764 10.30676 10.38984 11.35492 10.79276 11.0247 10.74006 
  6.125696 6.309783 6.208729 6.400974 5.527403 6.613378 8.469969 9.527876 9.720011 10.36694 11.6973 11.56014 10.82963 11.79585 11.76776 12.36801 12.5669 12.18091 13.36404 13.54045 13.4954 14.47405 16.37251 
  5.657918 4.700861 5.3192 5.650855 5.125654 5.662547 6.644619 8.207525 9.147089 9.917345 10.85351 11.86228 12.43131 13.09579 14.43119 14.74658 13.61849 12.68068 13.00713 13.08033 13.30637 14.23456 16.0717 
  4.587424 4.777476 4.908647 3.945812 4.335964 4.64645 5.946692 6.728733 7.15871 7.573012 7.356451 8.123335 8.892706 10.2652 12.82714 13.34742 11.39846 10.68159 10.62778 11.12486 10.64279 12.19887 13.9661 
  4.397506 5.467014 6.071878 5.838385 5.125654 5.762634 4.684204 5.225483 5.612545 6.352674 6.096065 6.484818 7.924245 7.814983 8.047293 9.793648 10.19884 9.40913 9.913971 10.39489 10.20538 10.29117 10.94547 
  4.302546 5.390399 6.414005 6.776034 7.084184 8.164734 6.215125 6.359035 6.787996 6.8665 6.129183 7.367991 7.395961 7.843318 8.566195 9.816112 10.94861 10.30676 9.898616 10.23972 10.41783 10.53053 10.40978 
  4.800326 4.471015 6.140304 6.213445 6.531778 7.263947 7.986788 7.151245 6.552087 7.059186 6.272695 8.161101 8.333979 7.974681 9.281107 11.3886 13.03427 11.93102 10.50881 11.23989 11.6996 10.87027 11.13035 
  5.424029 4.3944 5.729752 6.588504 7.184621 7.514166 7.235173 6.200593 5.945463 6.962843 7.127671 7.972266 8.445724 7.949784 8.31753 8.805228 9.880197 9.622819 9.591513 10.05082 10.05541 10.53053 10.3741 
  4.6444 3.704862 5.113923 5.963405 7.285059 7.113815 6.376185 6.200593 7.057607 6.930729 7.127671 7.858964 8.29673 8.273443 8.348613 8.737836 10.19884 9.869897 9.406885 9.781049 10.21787 10.56142 10.28491 
  5.190141 4.164554 4.908647 4.838226 5.226091 6.062897 6.590932 6.887175 7.360919 6.834386 7.094988 7.367991 8.78096 7.974681 7.573391 8.692907 9.636524 9.362386 9.614546 10.20599 9.775092 10.22377 11.0071 
  4.074644 3.781477 3.867699 5.900895 4.901263 5.762634 5.570884 6.094965 5.847546 5.707645 7.029623 7.632361 7.886997 7.89999 8.255363 8.872621 8.575816 8.926177 9.737387 10.13852 10.38034 10.54598 10.82222 
  4.800326 3.649407 4.000746 6.213445 6.280684 5.862721 5.731945 6.359035 7.15871 6.577473 7.617913 7.064946 7.700754 8.273443 8.162114 8.7603 9.111691 9.28893 9.171059 9.156528 9.62154 10.087 11.19197 
  4.43549 3.621679 4.498095 5.025756 5.025216 5.412328 5.14139 4.81738 5.318793 6.256331 7.81401 7.481293 7.295632 8.173856 8.047293 8.07412 9.017972 9.030421 9.652933 10.01708 10.53031 10.50737 10.7606 
  4.359522 3.136447 3.379859 4.447795 4.532589 4.961934 4.921105 6.200593 5.808379 6.040776 6.603876 6.890908 7.145138 8.074268 8.131031 8.370496 9.036716 8.962969 9.437962 9.488935 9.84419 10.20938 10.40086 
  4.321538 3.372131 3.978572 5.088266 5.477185 5.112065 4.52627 4.895114 5.41671 6.352674 7.258402 7.103621 6.860872 7.999578 8.597278 8.293657 8.793937 9.202119 9.702838 9.84842 9.514054 9.921435 10.47221 
  9.088288 9.987318 10.4511 10.71416 11.30256 11.96529 12.64279 13.22079 13.65388 14.02319 14.79118 15.47882 15.76468 16.16838 17.1046 18.10456 17.70801 16.1791 14.67268 14.5757 14.34604 15.07278 16.67331 
  9.945881 10.60024 11.61433 11.96436 12.10293 12.38373 12.6844 13.22079 13.46529 13.50087 14.50992 15.11251 15.51776 16.05021 17.42541 18.80414 17.9417 16.92876 15.74339 16.53117 16.33088 17.22822 18.07704 
  11.73903 11.9027 13.81944 14.50331 14.04718 13.75857 14.09908 14.54819 14.21965 14.02319 15.07244 14.86831 16.38197 16.99562 18.60172 19.64363 18.7596 17.9283 17.40895 17.91151 17.55958 18.78493 19.48078 
  8.07477 10.21716 11.20378 12.27691 11.40299 11.60664 11.53011 12.43265 12.23944 12.84797 14.65055 14.13568 17.12271 17.5865 18.60172 20.2033 18.52591 17.67842 16.57617 16.07106 17.18152 17.82696 17.97678 
  8.698473 10.44701 11.13535 12.08938 10.19774 11.42731 11.10062 11.64044 11.95656 12.19507 14.50992 13.64727 16.50543 16.52291 17.9601 17.96464 16.42273 15.80427 14.55372 14.92078 15.38572 16.03076 16.27224 
  14.81575 14.89892 14.12112 13.32885 12.56955 11.54686 10.99325 10.95385 11.0136 12.58681 14.36929 13.52517 14.5301 14.63209 16.99767 16.42557 15.95536 15.17955 12.7692 13.08033 13.4954 13.51608 14.5677 
  17.04395 17.6735 18.44516 17.83095 14.74711 13.6988 13.89104 14.17486 14.69113 17.02654 18.44759 17.31038 18.85113 17.94103 18.06703 16.98523 15.95536 13.43034 10.27087 12.73525 13.77895 12.7976 15.7709 
  17.00554 18.13593 19.04851 18.80967 15.21373 14.177 14.22391 14.67264 15.3512 17.67944 19.01011 18.16511 19.09804 18.05921 18.49478 17.12515 15.60483 13.05551 9.541609 12.5052 13.4954 12.43836 15.36983 
  16.96712 18.29008 19.24963 19.00541 15.75812 14.83454 14.30712 14.83856 15.63409 18.33234 19.432 18.40932 19.96225 18.41374 18.81559 16.42557 16.30589 13.93012 10.15191 11.81503 14.0625 12.91735 15.67064 
  16.9287 18.36715 19.24963 18.90754 16.22474 15.13342 14.34873 14.96301 15.72838 18.46292 19.57264 19.01983 20.20916 18.53191 18.60172 16.42557 16.30589 14.18 10.27087 12.16011 13.87346 12.7976 15.57037 
  16.85187 18.36715 19.24963 18.90754 16.30251 15.07364 14.43195 15.00449 15.82268 18.46292 19.71327 19.26404 20.08571 18.53191 18.60172 16.14574 15.2543 13.05551 10.38984 11.58497 13.58992 12.55811 15.1693 
  16.77503 18.29008 19.24963 18.80967 16.30251 15.07364 14.47356 14.96301 15.72838 18.46292 19.57264 19.38614 19.71533 18.17738 18.2809 15.44616 14.78692 13.05551 9.787291 10.62427 13.40089 12.43836 14.8685 
  16.6982 18.29008 19.14907 18.7118 16.22474 14.95409 14.43195 15.04597 15.82268 18.46292 19.57264 19.63035 19.71533 17.94103 18.17397 15.30624 14.67008 12.93057 9.752742 10.47585 13.58992 12.55811 14.8685 
  16.65978 18.213 19.14907 18.7118 15.91366 14.59544 14.22391 14.88004 15.72838 18.5935 19.432 19.50825 19.34496 17.5865 17.74622 14.88649 13.50164 11.68114 9.36758 10.32068 12.73927 11.95937 14.2669 
  16.58295 18.05886 19.14907 18.61393 15.52481 14.29656 14.05747 14.71412 15.53979 18.46292 18.86948 18.89773 18.35729 16.99562 16.99767 14.047 13.03427 10.05687 9.00598 9.660173 12.73927 11.60013 14.2669 
  16.50611 18.05886 19.04851 18.51606 15.21373 13.99768 13.89104 14.54819 15.4455 18.20176 18.44759 18.53142 17.74001 16.52291 16.56992 13.76717 12.68374 10.03016 9.375442 9.922631 11.79412 11.24089 14.2669 
  16.42928 17.98179 18.94795 18.32031 14.98042 13.81835 13.76621 14.50671 15.63409 17.9406 17.46317 18.16511 16.99926 15.69568 15.82137 13.48734 11.74899 9.836508 9.618384 10.31393 11.60509 11.07103 13.46476 
  16.31402 17.90472 18.74684 18.12457 14.74711 13.63902 13.683 14.46523 15.91698 17.9406 16.61938 17.67669 16.38197 15.34115 15.60749 13.34742 11.63215 9.656208 9.745065 10.40163 11.5176 11.00926 13.16396 
  16.19877 17.75057 18.54572 17.92883 14.43603 13.45969 13.55817 14.38227 16.10557 17.02654 15.63496 16.94407 15.64122 14.39573 14.96587 12.64784 11.39846 9.616141 9.672128 10.77978 12.07766 11.36064 13.3645 
  16.0451 17.59643 18.3446 17.63521 14.12495 13.10104 13.22531 14.25782 16.19986 15.98189 14.65055 16.08934 14.90047 13.80485 14.53813 12.22809 11.74899 9.876575 9.656773 10.21948 12.07766 12.07912 13.3645 
  15.89143 17.36521 18.04292 17.34159 13.58056 12.62283 12.97566 14.21634 15.53979 14.41493 13.5255 15.11251 13.78935 13.09579 13.78957 11.3886 10.61121 9.159195 8.990258 9.996843 12.07766 11.83963 13.26423 
  15.77618 17.134 17.74125 16.95011 12.9584 12.08485 12.6844 14.17486 14.31395 12.45623 12.25982 13.89148 12.80169 11.67768 12.82714 10.96178 10.62996 9.549363 9.434123 9.84842 12.36121 11.95937 13.3645 
  15.66093 16.74864 17.33901 16.65649 12.33624 11.60664 12.22671 13.92597 13.55958 10.75868 11.2754 13.03675 12.05883 10.78803 12.07859 10.66975 9.692757 8.858724 9.683644 10.13177 11.6996 11.24089 12.62988 
  15.54568 16.36328 16.93677 16.46075 11.79184 11.06727 12.14349 13.30375 12.42803 10.6281 10.65741 12.30413 11.68634 10.36478 11.23934 10.10814 10.62996 10.00345 9.698999 10.30044 11.09269 11.24089 12.75313 
  15.46884 15.90085 16.53454 16.36288 12.41401 11.36753 11.89384 12.72302 10.25923 9.56409 9.480832 11.29577 11.12762 9.294216 10.30685 9.748719 10.51749 9.976741 9.913971 11.12486 10.89273 10.53053 12.01363 
  15.62251 15.82378 16.33342 16.16714 12.49178 12.08485 12.64279 13.01338 9.68631 9.339291 9.284735 11.93782 11.72359 8.273443 10.36902 9.883504 10.04889 9.542686 9.336137 11.81503 11.0427 10.32206 11.66443 
  15.69935 15.36135 15.73007 15.5799 11.71407 11.2174 12.72601 12.80598 9.720011 9.403519 8.827176 11.48461 11.53735 8.348134 8.690527 9.187118 11.04233 9.502619 10.15191 11.35492 10.93023 10.46876 11.39739 
  15.66093 14.82184 14.12112 14.01396 10.19774 10.16648 11.53011 11.79888 9.416699 8.504322 8.859859 10.95587 11.76084 9.02035 8.162114 8.782764 10.85489 9.749697 9.44564 10.66475 10.69278 10.15899 11.0071 
  15.35359 14.43648 12.16174 12.8395 10.64971 9.666047 11.31537 10.53134 8.237153 8.118953 8.696445 10.42713 11.61185 9.592979 8.939192 9.681328 11.30474 10.03684 9.687483 11.00983 10.80525 10.25257 11.15089 
  14.62366 13.51162 12.91441 12.71448 10.29818 11.06727 11.85223 9.686317 7.799036 8.664893 8.892542 11.37131 13.0486 10.86272 9.156775 10.15307 12.45005 10.68159 9.460995 11.7 11.19267 10.41471 10.96601 
  13.22033 11.9027 11.68276 11.33926 9.344027 10.4167 10.7785 7.996269 7.023905 8.697007 8.271568 10.65373 12.67823 11.08679 8.845942 9.748719 12.68374 10.93148 9.437962 10.77978 10.80525 10.58458 10.84277 
  11.27125 10.75347 10.7248 9.52647 7.435715 8.715216 9.221583 8.26034 6.754294 7.380327 7.715961 9.822856 10.49439 9.74236 8.628361 8.984941 11.13605 10.4317 9.871744 10.41513 10.48032 10.63091 10.69897 
  8.07477 7.918705 7.508811 8.401292 8.590746 9.315741 9.812138 8.418781 6.417281 7.926268 7.552547 8.689842 9.563179 8.94566 7.910388 8.603051 9.561548 9.489264 9.359719 9.609809 10.46782 10.36839 10.49897 
  7.606992 7.459013 7.303535 7.963722 7.385496 9.015478 8.899463 7.468129 6.754294 8.151067 8.010106 9.407417 10.1964 8.298341 8.410779 9.187118 9.767733 9.475907 10.03294 10.2667 10.18038 10.43788 10.90439 
  6.827363 7.535628 8.12464 8.338781 6.531778 8.76526 8.95315 7.996269 6.147671 6.70593 7.58523 8.501006 9.153445 8.348134 8.193197 8.580587 9.636524 9.522652 9.430285 9.801194 10.21787 10.66952 11.13035 
  6.281622 6.69286 6.550856 6.088425 6.230466 8.464996 8.094162 7.362501 6.720593 7.990496 7.291085 7.972266 8.222233 8.995454 8.162114 8.827692 9.411596 9.322319 9.460995 10.18575 10.03041 10.52281 10.7606 
  6.047733 6.003322 5.866602 5.775875 5.929153 7.263947 6.590932 6.570291 6.518385 6.577473 6.239577 7.443526 8.147736 8.572206 8.441862 8.580587 9.43034 9.28893 9.434123 9.458715 9.613863 10.36067 10.53464 
  6.983289 6.84609 5.935028 5.088266 3.893556 6.413203 6.913053 6.517477 6.8891 6.898614 7.062305 7.78343 8.222233 8.074268 7.836669 9.344366 9.167924 9.302285 9.383302 9.791121 10.34285 10.40699 10.74006 
  7.762918 6.539629 6.48243 6.338464 5.326529 6.51329 6.483559 5.936523 6.113969 6.11916 7.193037 7.045609 8.110488 8.846072 8.535111 8.625515 9.33662 9.495941 9.913971 10.01034 9.90561 10.12299 10.25815 
  7.139215 6.769475 7.029833 6.651014 6.230466 6.51329 6.215125 6.200593 6.619489 6.770158 7.062305 7.972266 8.110488 8.248547 8.908109 8.670444 9.317876 10.05687 9.913971 9.650101 9.821157 10.83939 11.04818 
  7.373103 6.769475 6.003453 6.150935 5.075435 5.562459 5.785631 5.555852 5.534211 5.825221 6.636994 8.085567 7.849748 7.786647 8.047293 8.447333 8.678461 9.110138 9.037424 10.01034 9.897933 10.1086 10.59627 
  8.230696 6.386398 5.592901 6.463484 4.532589 5.762634 4.98033 5.672453 6.248775 6.256331 6.504521 7.216923 7.8125 7.999578 7.668171 7.975328 8.960735 9.202119 8.919511 9.640028 10.25537 10.41471 10.59627 
  7.217177 6.386398 5.798177 5.213286 6.029591 5.112065 4.861879 6.517477 6.585788 6.352674 7.225719 7.141388 7.278911 8.572206 8.472945 8.469288 8.896583 9.048818 9.44564 10.23972 10.19288 10.75445 11.3563 
  5.813844 4.854092 4.634946 4.243283 4.335964 4.383546 4.644721 5.672453 6.248775 6.158352 6.833526 7.594594 8.110488 8.173856 8.441862 8.118028 8.319202 9.104006 10.03294 10.17225 10.06791 10.1014 10.71952 
  4.878289 3.607816 4.361244 4.963246 5.376747 4.67274 5.087704 6.042151 6.046566 5.668454 7.062305 7.093953 7.278911 8.248547 7.699765 8.030212 9.130436 9.70963 9.522415 10.14527 10.13039 10.38383 10.40086 
  5.034215 4.317785 2.736797 4.484979 5.175872 4.725321 4.940846 5.830895 6.215073 6.001585 6.592836 6.823226 7.245467 7.974681 7.963043 8.715372 9.074203 9.134666 9.771935 9.791121 9.951675 10.58458 10.46329 
  4.207587 4.624246 3.956397 5.025756 4.778372 4.488708 4.703946 5.342084 5.710462 5.609666 6.051908 6.823226 7.16186 7.531625 7.647109 8.150958 8.781106 9.328997 9.56848 9.619882 10.24287 10.3375 10.69897 
  3.73279 3.593952 4.498095 4.708083 4.188495 4.620159 5.785631 5.883709 4.692123 5.002192 6.305813 6.823226 7.700754 7.89999 7.899856 8.118028 8.691292 9.395775 9.526254 9.378132 9.752059 10.31434 10.3741 
  4.878289 4.241169 3.512906 4.900736 5.376747 5.512415 5.785631 5.936523 6.248775 6.641701 6.504521 7.179156 7.646784 8.124063 7.773482 8.513195 8.6528 8.913913 9.281111 9.834927 9.59083 9.943031 10.61681 
  4.587424 3.934708 3.956397 4.670898 5.125654 5.462372 5.14139 5.458685 6.215073 5.786029 6.670112 6.7072 7.663506 7.974681 8.286447 8.491241 9.299131 9.242186 9.375442 9.969857 10.34285 10.38383 10.50788 
  4.800326 4.3944 3.889874 4.243283 5.075435 4.593869 4.802654 6.042151 6.012866 6.21714 6.625955 7.055277 7.479569 7.489121 7.699765 8.64798 8.947905 9.402452 9.913971 9.357986 9.997742 10.52281 10.31167 
  5.034215 4.547631 4.429669 4.745266 5.426966 4.304675 3.716859 5.497552 5.867129 5.119768 7.193037 7.25469 6.860872 7.106588 8.099948 8.692907 8.832429 8.834196 9.553125 9.821434 10.19288 10.75445 10.80168 
  5.96977 5.160553 5.592901 4.801043 4.974998 5.612503 5.785631 5.419818 6.956502 6.8665 7.062305 6.832895 7.178581 7.517457 8.504028 8.139981 9.186667 9.165326 9.241806 9.84842 10.15539 9.791862 10.65789 
  7.606992 5.620245 4.977073 5.088266 5.27631 5.312241 5.463511 5.26435 5.827962 6.609587 7.127671 7.934499 7.8125 8.024474 8.441862 8.737836 9.036716 9.208797 9.36758 10.15876 9.729026 10.16619 11.29468 ]
