 [
  5.921532 3.02516 5.195313 5.016145 4.486544 4.52112 5.20963 5.640433 5.288603 6.977435 7.069849 7.34096 6.958357 7.206793 8.053175 8.638128 9.006043 9.234284 9.184934 9.489449 10.06717 10.22217 10.87243 
  5.483428 2.757917 3.697615 4.113644 5.112947 5.373798 5.335186 5.506301 5.539998 6.222769 6.663011 6.802137 7.062371 8.011483 7.625991 8.538059 9.185431 9.448627 9.733283 9.112417 9.650938 9.776842 10.45779 
  5.041495 3.02516 3.770779 4.242713 4.904146 4.768215 4.93341 5.640433 5.288603 6.299719 6.452062 7.030499 7.153384 7.689607 8.075082 8.714587 9.123876 9.040175 9.25614 9.822287 10.13856 10.49905 10.49911 
  5.288077 2.511232 4.633464 5.245514 5.404855 5.254303 4.230302 5.528656 6.168484 6.443259 6.432885 7.070798 7.348412 7.383825 8.118896 8.548367 8.706191 9.040175 9.541016 9.467904 9.958989 10.31893 10.18513 
  5.483428 3.436302 4.246344 4.823526 4.605859 3.847224 5.033854 5.573367 5.707594 5.376317 7.011494 6.318546 7.807109 8.110314 8.020315 8.752816 8.793245 9.430119 9.541016 10.02669 10.23137 10.34595 10.34212 
  5.556446 3.395188 4.392672 4.862247 4.725174 5.254303 5.20963 6.030548 6.147534 6.145819 6.586302 6.869302 7.47843 7.721795 8.19557 8.791045 8.822263 8.899006 9.582587 9.916313 10.11 10.21205 10.59493 
  4.622306 2.840146 2.965977 4.720271 4.516373 4.700826 4.18008 5.036838 5.539998 6.611946 6.39453 6.936468 7.309406 7.963202 8.605594 9.326255 8.967353 9.093115 8.926812 9.575627 9.451612 9.948902 10.73368 
  4.84423 3.127945 4.026853 4.707364 4.933975 3.622593 3.728082 5.551012 6.256972 6.299719 5.550735 6.734972 7.114378 7.673513 8.107943 9.09688 9.400872 9.504153 9.873587 9.904049 10.12428 10.86832 10.96493 
  6.286618 4.330582 4.100016 4.371783 5.674749 4.790679 4.330746 4.232044 5.225755 5.414792 6.26029 6.936468 7.322408 7.882733 8.096989 9.020421 9.370095 9.110761 9.416353 9.392497 9.949928 10.1412 10.37517 
  5.337394 3.312959 4.246344 5.016145 5.539802 4.678362 5.058965 6.618964 7.333821 7.848987 8.120241 8.439168 8.659883 8.900964 8.833384 9.249797 9.585537 9.596697 9.318445 9.791073 9.895567 10.26266 10.54868 
  5.556446 2.655132 4.713728 4.268527 4.874317 5.194554 6.212675 7.648692 8.333752 8.945455 9.46241 9.171307 9.427378 9.395119 9.42564 9.785007 10.0472 9.269577 9.443056 9.96946 10.01335 10.47204 10.75681 
  4.720939 3.066274 4.17318 4.939689 4.546201 4.700826 6.161058 5.595722 5.602847 5.183942 6.509593 6.788704 7.283402 7.753983 8.514477 9.326255 8.474047 8.68725 9.407453 9.726439 9.641878 10.20193 10.46606 
  4.622306 3.292402 4.209762 5.016145 4.546201 4.094319 4.18008 5.640433 6.513365 5.491742 6.049342 6.506609 7.075373 7.4482 8.286686 8.829275 8.638482 9.504153 9.469758 10.0226 10.23851 10.52607 10.19339 
  4.572989 3.395188 3.441542 4.371783 4.068941 4.768215 4.6823 5.551012 6.462086 6.921206 6.183581 7.111097 7.491432 8.406808 8.377803 8.136103 8.880299 9.559679 9.639748 9.50022 9.515034 10.13108 10.82618 
  5.041495 2.840146 3.990271 4.888061 4.158428 3.757372 5.284964 5.573367 6.256972 6.921206 7.040671 7.084231 8.361411 7.625232 7.549317 8.424687 9.216208 9.02253 10.03987 10.10846 10.28134 10.30091 10.61806 
  3.759269 2.942931 4.209762 4.758991 4.486544 4.700826 5.335186 5.483945 5.644746 5.74183 6.605479 7.178263 7.595447 7.91492 7.987454 9.05865 9.123876 9.596697 10.1438 10.07166 10.2742 10.26266 10.59493 
  4.351066 3.066274 4.319508 4.694457 4.158428 4.476194 4.93341 5.081549 6.359529 7.62407 6.624656 7.462983 7.504434 6.98148 7.49455 8.676358 9.154653 8.775482 9.25614 9.912226 9.958989 10.25254 10.49084 
  5.337394 2.963489 3.624451 4.513759 3.412709 3.577666 4.531634 5.46159 5.288603 6.376669 6.778073 7.422309 7.309406 7.383825 8.129849 8.791045 8.580446 8.263741 9.095926 9.850904 10.30276 10.39998 10.61806 
  4.918204 3.210174 2.051429 4.281434 5.539802 5.493295 5.335186 5.551012 6.641561 6.376669 6.865606 7.003633 7.76447 8.15973 8.9245 8.867504 9.064079 9.057822 9.478659 9.747984 10.2742 10.33694 10.61806 
  5.483428 3.477417 3.295214 4.242713 3.293394 4.206635 5.033854 5.699564 6.126585 6.126581 6.509593 7.544332 7.647454 7.351637 7.779339 8.982192 9.093098 9.198992 9.587784 9.726439 10.44554 10.60713 10.68743 
  5.288077 3.826887 3.770779 4.436317 4.486544 4.745752 4.255413 6.802844 7.436378 7.877101 8.762148 9.94412 11.00501 11.76707 12.38692 13.03449 12.5094 11.35503 11.16064 11.24271 10.94528 11.02143 11.45056 
  5.556446 4.078735 4.209762 4.642829 5.023461 3.95954 5.335186 7.060276 7.667131 7.905216 8.849681 10.26952 11.51667 12.11298 12.70583 13.49324 12.9095 11.66968 11.28775 11.63596 11.41137 11.6262 12.00557 
  5.164786 3.230731 4.026853 4.888061 5.202434 4.992847 5.084076 5.282747 6.436447 6.415144 6.356176 6.923035 7.036367 7.480388 7.866967 8.342235 9.185431 9.596697 9.707301 10.0921 10.19567 10.2323 10.34212 
  4.474357 3.292402 4.209762 5.016145 5.404855 5.01531 5.335186 5.439235 5.707594 6.527602 6.643833 6.77527 7.296404 8.060899 8.605594 9.249797 10.17031 9.892837 9.961926 9.863168 9.922748 10.65216 10.59493 
  4.819571 3.994786 4.793993 4.862247 4.784831 4.476194 4.6823 5.528656 5.791392 5.453267 6.221936 7.097664 7.374415 7.222887 8.086036 8.714587 9.954866 10.20749 9.774855 9.510993 9.968049 10.2829 10.73368 
  5.238761 4.582429 6.158484 5.398427 5.539802 4.858068 4.732522 5.846668 6.282611 6.527602 6.701365 6.694672 7.504434 7.4482 8.064129 9.05865 9.30854 9.02253 9.416353 9.973548 9.533154 10.0906 10.09424 
  5.041495 4.666378 5.997955 5.474883 6.147065 5.732286 5.851356 5.773116 5.309553 6.471373 7.186559 6.802137 7.892386 8.110314 8.332245 8.752816 9.523982 9.340162 9.309545 9.510993 9.732481 10.16145 10.64118 
  4.819571 3.910836 4.954521 5.398427 6.484433 7.046743 6.057824 6.1041 4.890562 6.068869 6.894783 7.017066 7.935025 7.995389 8.468919 8.638128 9.339317 9.948363 9.618962 9.381725 9.877446 10.03999 10.52389 
  5.775497 4.666378 5.275578 5.780708 7.698959 7.644224 5.799739 5.662788 5.183856 6.415144 6.982316 7.625681 8.574605 8.555055 8.69671 8.538059 8.928662 9.596697 9.362949 10.14934 10.05289 9.766722 10.35038 
  4.69628 4.582429 5.195313 6.392359 7.36159 5.732286 4.858077 5.372169 6.33389 6.499488 7.186559 6.708105 7.387417 7.834451 7.779339 8.404074 9.246985 8.987237 9.300644 9.370953 9.732481 10.40899 10.96493 
  5.312736 3.826887 3.295214 5.245514 6.956749 4.655899 4.632078 5.993772 6.231333 5.280129 6.490416 7.34096 8.020302 7.158512 7.921734 8.638128 8.793245 8.863713 9.676123 9.737211 9.98617 10.80527 10.31733 
  4.69628 4.078735 4.472936 4.784805 4.635687 5.373798 6.212675 5.736341 6.564643 6.145819 7.390802 7.030499 7.849748 8.011483 8.651152 8.599899 8.948008 9.322515 9.644944 9.961283 10.53121 10.75123 10.50737 
  4.572989 3.354074 3.075722 4.242713 5.172605 4.476194 4.355857 5.372169 6.168484 6.280481 6.682188 7.707029 6.932353 7.866639 8.286686 8.638128 9.185431 9.68924 9.634551 10.16569 9.877446 10.20193 10.59493 
  5.629463 3.910836 4.392672 4.668643 4.605859 5.01531 5.593271 5.126259 6.084686 5.780305 6.221936 7.003633 7.582445 8.011483 8.286686 8.301008 8.986698 8.810775 8.909011 9.629488 10.03861 10.10072 10.68743 
  6.724721 6.345361 6.319012 7.00401 7.968853 8.600192 8.896761 8.972627 9.513158 10.33374 10.5128 10.79828 11.34612 11.27291 11.38464 11.62001 12.04773 12.22284 12.5588 12.81571 11.64441 11.03043 11.10368 
  10.74067 11.46626 11.9375 12.50887 13.89627 14.11831 14.41383 13.72993 14.02689 16.09252 16.16604 15.68999 17.04091 16.36588 16.3342 16.56424 17.14186 17.56606 18.15144 18.58337 16.65483 16.10245 15.13456 
  13.15024 13.48104 14.26517 14.7261 14.18229 13.41147 13.57347 13.54832 14.02689 15.29269 15.2493 14.86364 15.90563 15.08072 14.89221 16.28506 15.38076 16.18419 16.24486 17.01037 15.60613 15.05481 14.37582 
  16.27193 16.63999 17.42158 18.54456 16.6421 15.2825 15.05646 15.63685 16.98902 18.65197 17.69394 17.69684 19.00187 17.85396 18.56929 17.89035 16.94618 16.55269 16.88039 17.5347 18.28613 17.43579 16.923 
  16.07024 17.01975 17.62951 18.66976 16.92813 14.65882 14.661 15.54605 17.27113 18.9719 17.84673 18.64124 19.72432 18.12452 18.2809 16.28506 15.11985 13.42046 13.95696 14.78196 15.37309 14.19766 16.00168 
  14.78444 15.79606 15.65416 15.91546 14.92595 11.94608 12.83197 14.18396 16.00164 17.85214 17.08278 17.81489 17.55695 16.02768 13.3892 13.18741 12.47862 11.16994 10.77933 11.24271 11.29485 12.00716 13.18495 
  14.6836 15.75387 15.81011 15.41468 14.18229 12.30457 12.78253 13.63912 16.56586 17.53221 16.01325 15.80804 15.69921 13.89194 13.25252 13.91202 13.4892 13.32834 12.5588 14.12654 12.57658 13.53098 14.26743 
  15.5408 16.80877 17.21365 17.29261 15.78403 14.49251 14.2161 15.36444 17.69429 18.81194 17.84673 17.57879 16.31846 16.77172 14.24331 13.37856 13.03261 11.66968 11.54196 11.63596 11.76093 12.19763 13.61709 
  15.74249 17.10414 17.78546 18.10638 16.75651 14.86672 14.85873 16.00008 18.39956 19.4518 18.76348 18.05099 16.62808 17.31284 15.18061 13.49324 12.81717 10.54064 9.389651 9.338635 9.904627 10.62514 13.56289 
  15.79291 17.18854 17.73348 18.29417 17.09974 15.07461 15.00703 16.09088 18.2585 19.61177 18.91626 18.40514 16.42167 17.44812 15.75741 13.98181 13.55442 11.2995 10.39801 10.0921 10.17425 11.15652 14.5926 
  15.86855 17.23073 17.78546 18.48196 17.32856 15.19935 15.05646 16.09088 18.2585 19.9317 19.06905 18.87734 16.52487 17.51576 16.3342 14.05161 13.7501 11.94647 10.65222 9.758757 10.71683 11.43572 15.02617 
  15.86855 17.23073 17.78546 18.60716 17.44297 15.19935 15.05646 16.00008 18.11745 20.09167 19.37464 19.11345 16.8345 17.65104 16.5505 14.1912 14.07623 12.03859 10.77933 9.640261 10.75966 11.29162 14.97197 
  15.86855 17.23073 17.78546 18.60716 17.44297 15.11619 14.85873 15.72766 17.55324 19.77173 19.83301 19.58565 17.04091 17.71868 16.6226 14.1214 13.94578 12.13072 10.90643 9.96946 11.17832 11.81668 14.86358 
  15.86855 17.18854 17.78546 18.41936 17.21415 14.9083 14.61156 15.45524 16.84797 19.4518 19.83301 19.7037 17.55695 17.85396 16.7668 14.1214 13.42397 12.22284 11.03354 10.32513 11.0618 12.38811 15.35134 
  15.81812 17.14634 17.78546 18.10638 16.81372 14.53409 14.31496 15.09202 16.4248 18.9719 19.9858 19.82175 18.27941 18.2598 16.911 14.05161 13.55442 11.76222 10.27091 10.11254 10.71683 12.29287 14.53841 
  15.81812 17.18854 17.78546 17.91858 16.6421 14.53409 14.11723 14.8196 15.86059 18.49201 20.13859 19.58565 18.69224 18.32744 17.0552 13.98181 13.7501 12.31497 10.90643 10.71838 11.76093 13.05479 14.80939 
  15.79291 17.23073 17.83745 17.73079 16.29887 14.28462 13.9195 14.54718 15.43743 17.85214 19.83301 19.4676 19.31149 18.598 17.4157 14.33079 13.88055 12.77559 11.28775 10.45621 12.34354 13.15003 15.56812 
  15.7677 17.14634 17.88943 17.4804 15.84123 13.82726 13.4746 14.09315 14.87321 16.73238 18.91626 19.11345 19.20828 18.46272 17.4157 14.40058 13.7501 11.85434 10.52512 10.28833 11.99397 12.38811 15.02617 
  15.71728 17.14634 17.94141 17.3552 15.26918 13.36989 13.0297 13.63912 14.30899 15.93255 18.76348 18.64124 18.89866 18.46272 17.4157 14.33079 13.81533 12.13072 9.425254 10.1289 11.29485 12.38811 15.40553 
  15.64164 17.06195 17.83745 17.16741 14.69713 12.82937 12.4365 13.00348 13.60372 14.97275 17.99952 17.93294 18.27941 18.05688 17.1273 13.98181 13.35874 12.13072 9.515034 10.45621 11.87745 12.38811 15.40553 
  15.51558 16.97755 17.6815 16.85442 14.18229 12.36432 11.94217 12.45865 13.03951 14.17292 16.92999 17.34269 17.96979 17.9216 16.911 14.1214 13.35874 12.22284 9.998301 10.58729 12.34354 12.38811 15.56812 
  15.38953 16.80877 17.31762 16.54144 14.06788 12.66306 11.426 11.82301 12.05213 13.05316 15.86046 16.87049 16.73129 17.04228 16.2621 13.98181 13.09784 12.40709 10.27091 12.68463 12.6931 13.34051 15.73071 
  15.3391 16.5134 16.7458 16.29104 14.75434 13.49463 11.21953 10.37011 10.78264 11.9334 15.2493 16.39829 15.80242 16.63644 16.19 14.1912 13.16306 12.59134 10.1438 13.07788 12.6931 12.95955 15.35134 
  15.36431 16.30242 16.64184 16.29104 15.04036 14.40935 11.89055 9.303611 10.35948 10.65367 13.7214 15.33584 15.18317 16.50116 16.0458 14.26099 13.42397 12.22284 10.10743 13.60221 13.15919 12.57859 14.53841 
  15.41474 16.00704 16.32994 15.79026 14.52552 14.11831 12.23877 9.303611 9.936319 9.90135 11.58233 14.62754 14.77034 16.02768 15.9737 14.1214 14.27191 13.05196 10.52512 13.86437 12.80962 12.48335 14.6468 
  15.3391 15.71167 15.91408 15.28948 13.83906 12.74621 12.04103 9.266834 8.820898 10.01381 10.2502 12.38458 13.22222 14.8778 15.46901 13.98181 13.03261 11.94647 10.1438 12.55354 11.87745 11.81668 13.99646 
  15.31389 15.28971 15.44623 14.7261 12.75948 12.70464 12.83197 10.55173 8.385031 9.451517 9.228989 10.75761 12.92375 14.33668 14.89221 13.70263 13.09784 12.31497 10.27091 12.55354 12.34354 12.1024 12.99995 
  15.13741 14.57237 14.66649 14.11445 12.08475 12.74621 12.4365 11.18737 8.641423 9.985694 9.870895 8.520517 12.32681 13.24953 14.02701 13.07272 14.14146 12.77559 9.425254 11.89813 11.52789 11.43572 13.5087 
  14.09946 12.97734 13.302 13.80863 12.01727 12.70464 12.98027 11.7322 8.487587 9.873236 9.69583 7.910401 12.32681 12.90363 13.70811 11.96407 12.29395 11.2995 9.546212 10.98054 10.65258 10.11084 11.68181 
  12.63912 11.04651 10.25196 10.44455 9.723169 10.45238 10.03234 8.899075 7.897884 9.086027 8.528728 9.374679 9.853765 9.839859 10.83794 10.01438 11.09363 10.68871 9.785248 10.32513 10.60974 10.43601 10.61806 
  11.17877 9.871223 9.047995 9.52707 8.238749 8.839184 9.206463 7.979675 6.872314 7.905216 9.316522 11.93716 12.02834 10.48226 10.42792 9.479172 12.14007 11.85434 9.764462 10.25972 10.39557 10.6972 10.54868 
  9.426358 8.611987 7.844031 9.068332 7.024222 9.137924 9.567782 8.163555 7.436378 8.242591 9.112279 11.73379 12.54 10.72934 9.881222 9.746777 10.97052 10.50362 9.608569 9.791073 10.38843 10.57111 10.75681 
  8.039031 8.108292 7.924295 8.609593 7.564012 8.839184 8.38059 8.531315 7.436378 8.214476 8.295307 10.22884 11.09029 10.38343 9.471198 9.326255 10.38575 10.2445 9.73848 10.11663 10.04575 10.35495 10.66431 
  6.870755 6.513259 7.121654 7.00401 7.36159 8.301452 8.483825 8.273884 6.564643 8.383163 8.645437 9.862771 9.981681 9.098626 8.833384 8.791045 9.647092 10.04091 9.915158 10.07575 9.832145 9.635146 10.49084 
  7.454893 7.016953 7.44271 8.150856 7.631485 8.898932 8.535442 7.722243 7.308182 7.595956 8.091063 9.537376 9.896403 8.60447 8.605594 8.4453 9.770202 9.393101 9.451957 10.25154 10.21709 10.43601 10.82618 
  8.258083 6.597208 6.078219 6.774641 6.956749 7.524728 7.296633 6.692516 6.462086 7.202352 7.069849 8.479843 8.915714 8.752717 8.560035 8.404074 9.462427 9.485644 8.989118 9.92449 9.968049 10.418 10.35864 
  8.258083 6.345361 7.041389 7.462749 6.484433 7.285735 7.141782 6.802844 6.231333 7.089893 7.361625 7.788378 9.470016 9.049211 8.514477 7.940277 9.67787 9.652224 9.577391 10.04713 9.949928 10.52607 11.19619 
  8.258083 5.925615 6.158484 5.092601 5.944644 7.046743 5.95459 7.060276 6.462086 6.068869 7.186559 8.805238 9.384739 8.752717 8.241128 8.714587 8.812591 8.987237 9.14043 9.607944 10.40271 10.17157 10.01988 
  8.185065 6.933004 6.640069 6.774641 6.282012 7.106491 6.212675 5.736341 6.147534 6.780633 6.894783 8.032425 8.70252 7.898827 7.899827 8.156715 8.812591 9.430119 9.754069 10.20657 10.15284 10.61614 10.66431 
  8.185065 6.597208 5.436106 7.386292 6.551907 6.807751 6.780463 7.795795 6.436447 6.611946 7.332447 7.544332 7.807109 9.148042 8.878942 8.249475 8.822263 9.744767 9.759266 10.00625 9.750602 10.36396 10.80306 
  7.52791 5.421921 5.997955 6.468816 6.821801 7.046743 6.47076 6.986724 6.385169 7.202352 7.478335 8.601866 9.68321 9.197457 8.423361 8.393767 9.277762 9.25193 9.998301 10.25563 10.22423 10.58912 10.21818 
  7.235842 6.681157 6.078219 5.474883 6.147065 6.509011 7.399867 6.766068 6.410808 7.146122 7.711756 8.845912 9.427378 9.148042 8.286686 8.548367 9.43165 9.670732 9.81123 10.16569 10.35987 9.766722 10.73368 
  7.381876 6.849055 6.880861 4.939689 6.754328 7.703972 7.193399 6.618964 6.795396 6.395906 7.41998 8.845912 8.745159 9.296288 8.69671 8.905733 9.585537 9.744767 9.624159 10.25972 10.19567 10.43601 10.44127 
  8.258083 7.520648 7.44271 8.533137 8.103801 8.301452 8.070889 7.869348 8.436309 7.961445 8.091063 9.049284 10.45071 11.47057 10.10901 9.135109 9.246985 9.504153 9.686516 10.19022 10.48838 10.39098 10.24297 
  8.623169 7.016953 6.640069 7.080466 6.686854 6.807751 6.315909 6.324756 7.02615 7.230466 6.739719 8.805238 9.725849 10.23518 9.152291 8.714587 9.277762 9.670732 9.572194 9.801846 10.6026 10.49905 10.68743 
  8.477135 7.184852 6.399276 6.851098 6.956749 6.807751 7.090165 7.464811 6.513365 7.258581 8.382839 9.415354 9.640572 9.49395 8.742268 8.714587 9.093098 9.615206 9.982712 10.08802 10.13856 10.34595 10.73368 
  7.381876 6.009564 5.355842 5.55134 6.282012 6.389515 6.006207 6.986724 7.410739 7.820872 8.149419 9.700074 9.768488 9.543365 8.742268 9.326255 9.55476 9.393101 9.309545 10.32513 10.54549 10.418 10.84931 
  7.52791 6.513259 6.078219 7.309835 6.484433 6.090775 6.212675 7.244156 6.821036 7.567841 7.41998 9.00861 10.02432 9.790443 8.514477 8.558673 9.400872 9.818802 9.899569 9.863168 10.31704 10.58912 11.01118 
  8.404118 6.093513 5.997955 6.468816 5.944644 6.927247 6.522377 7.244156 6.436447 7.708414 7.595045 8.317145 8.830437 8.555055 8.173663 8.752816 9.67787 9.892837 9.702105 10.27607 10.33845 10.63415 10.98806 
  8.550152 6.009564 4.874257 5.398427 5.809697 7.524728 7.296633 6.361532 6.282611 6.318956 7.507513 8.398494 9.086268 8.851548 8.69671 8.465914 8.928662 9.541171 10.03987 10.10846 10.39557 10.38197 10.64118 
  8.404118 7.35275 6.078219 6.239447 6.349486 6.389515 6.315909 6.876396 5.833292 6.611946 7.244915 9.00861 8.915714 8.752717 8.560035 8.905733 8.938335 9.541171 9.847605 10.08393 10.17425 10.45402 10.54868 
  5.848515 6.681157 5.917691 6.698185 6.349486 7.285735 6.986931 7.097052 7.051789 7.286695 7.41998 8.317145 8.745159 8.307977 7.888874 8.465914 8.918989 9.837311 10.08664 10.17387 10.03147 10.58011 10.59493 
  7.01679 5.757717 5.275578 6.162991 6.079591 6.688255 7.451484 7.722243 6.30825 6.184294 6.183581 7.747704 8.830437 8.999795 8.377803 8.321621 9.55476 10.52213 9.857998 9.694122 10.4384 10.67018 10.59493 
  7.381876 6.261412 5.676898 6.545272 5.539802 6.329767 6.986931 6.83962 6.744118 6.864977 7.41998 8.317145 9.128907 8.999795 8.286686 8.905733 9.246985 9.929854 9.946337 10.09619 10.53835 10.88633 11.14993 
  6.359635 5.841666 6.078219 5.55134 5.87717 6.927247 6.625611 6.324756 6.641561 6.499488 7.128204 8.317145 8.489327 8.406808 7.669805 8.599899 9.924089 9.615206 9.655337 9.932666 10.36701 9.938781 10.54042 
  7.162825 6.513259 6.720333 7.386292 6.416959 7.046743 7.503101 7.317708 6.256972 6.555717 7.390802 9.049284 8.105579 8.060899 8.787826 8.589593 9.123876 9.966871 9.681319 10.45621 10.53121 10.36396 10.77993 
  7.746962 5.925615 6.319012 7.462749 6.821801 6.509011 7.090165 7.060276 6.821036 7.342925 7.507513 7.99175 8.617244 8.456223 7.702665 8.496834 9.054407 9.837311 9.748873 9.842727 10.33132 10.65216 10.82618 ]
