 [
  6.246639 5.143987 5.118181 5.585584 5.815425 5.701779 6.130297 6.006044 5.906089 6.487264 6.891216 7.222873 7.870389 8.206079 8.350903 8.953329 8.847741 9.315068 9.14791 9.364775 10.49162 10.59109 10.88478 
  6.0199 4.535796 4.249127 5.276618 5.439301 5.654618 5.395934 5.82589 6.114067 6.460002 7.16047 7.399764 7.456419 7.704577 7.878653 8.352131 8.792458 9.396817 9.849104 10.16927 9.934924 10.27092 10.61485 
  5.679792 4.709565 4.864207 4.853148 5.204224 4.99436 5.201916 5.740235 5.804234 6.132867 6.846067 7.044015 7.479525 8.36508 8.143343 8.846263 9.377022 9.710186 10.03361 10.1788 10.36507 10.5484 10.62335 
  5.490844 5.361198 4.682796 5.144204 5.298255 5.701779 6.243276 5.397617 5.478297 5.34229 6.785869 7.020167 7.398652 8.873883 8.236763 9.024707 9.049934 9.092489 9.723121 9.788018 10.11635 9.889437 10.24941 
  5.241444 3.959691 3.985155 5.629722 5.298255 5.418812 5.226465 5.603188 5.906089 6.999032 6.891216 6.9367 7.444865 8.810283 8.599542 8.477006 9.086277 9.682937 9.347951 9.49771 9.864099 10.1374 10.3259 
  5.679792 4.579238 4.177135 5.276618 5.34527 5.324489 4.833676 5.294831 5.274586 6.596309 6.891216 7.210949 7.283119 7.874191 8.057708 8.567824 9.013591 8.710232 9.463027 10.00724 9.988043 10.31361 10.66692 
  5.830952 5.665294 5.734975 5.409032 5.486317 5.560296 5.339444 5.843021 6.249094 7.301074 6.25913 7.477945 7.791723 7.469726 8.174483 8.786782 8.737174 9.022073 9.347951 10.317 10.44798 10.73623 11.22247 
  7.115803 5.230872 5.408437 5.100066 4.935279 4.865872 5.03007 5.346224 5.172731 6.629869 7.093157 7.020167 7.75239 8.36508 8.703141 8.774886 8.659778 9.223261 9.597137 10.08825 10.48725 10.49717 10.60635 
  5.241444 4.12955 5.372155 5.100066 4.969147 4.479571 4.416337 5.431879 5.702378 6.214651 7.261441 7.595216 7.387099 7.574104 8.306828 7.988857 8.305964 9.451316 9.621521 9.84044 10.57452 10.22641 10.76496 
  5.453054 4.622681 4.057147 4.717961 4.867544 4.174596 5.177366 5.174915 5.682007 6.132867 6.469825 7.127482 7.340885 8.36508 8.392343 8.613234 8.361248 9.23332 9.962894 9.749893 9.926071 10.63805 10.6996 
  5.453054 4.250877 4.441107 5.144204 4.732073 4.316918 4.858225 4.798034 4.989391 6.023822 6.469825 7.282492 7.988388 8.46048 8.599542 8.340778 8.980421 9.012013 9.284781 10.34559 10.39562 10.43741 10.29191 
  5.830952 4.448912 3.673187 4.886945 4.105521 4.133933 3.974449 5.346224 5.53941 6.86479 7.0595 7.321583 7.179139 7.78286 8.413063 8.624586 9.104448 9.001954 10.03361 10.14544 10.12944 10.53133 10.3259 
  5.679792 4.622681 4.03315 4.650368 4.884478 4.886204 4.809126 6.277751 5.743121 5.832993 6.831017 7.321583 7.909722 8.109042 8.299043 8.454302 8.891968 9.032132 9.780016 9.616653 9.722447 10.05475 10.52986 
  5.339685 4.535796 3.697185 4.379994 5.439301 5.183005 5.508913 6.386433 6.474139 6.931911 7.0595 7.321583 7.595058 8.056853 8.073278 8.692699 8.692947 9.342318 9.42165 10.05966 10.29962 10.33069 10.62335 
  4.878738 3.037601 4.22513 4.346197 4.816742 3.645973 4.269041 5.843021 6.204085 6.214651 7.194128 7.399764 6.855646 7.391442 8.151128 8.454302 8.825627 9.682937 10.10432 9.973877 10.37816 10.48864 10.3429 
  4.304454 3.838363 4.465105 4.21101 4.105521 3.869622 5.565402 5.586057 6.609167 6.999032 6.379527 7.282492 7.595058 7.378395 8.034353 8.045618 8.869854 9.355943 9.442707 9.588667 10.26908 10.26456 10.76496 
  4.002199 3.013335 3.865167 4.346197 4.274859 4.235591 4.465436 5.380486 5.743121 6.078344 6.620322 7.360673 7.433312 7.991617 8.516663 9.036603 8.858797 9.172964 9.556498 10.24075 9.678182 9.864004 10.66692 
  3.820846 3.377318 3.313225 4.717961 4.918345 4.784546 3.974449 4.746642 5.091247 6.931911 7.867263 7.399764 8.185053 8.301479 8.330183 8.669995 8.704004 9.369568 9.221609 9.623651 10.15126 10.25185 10.52986 
  4.33468 3.814098 3.625192 5.100066 4.969147 5.183005 4.342689 5.951704 5.519039 6.69699 6.25913 6.674376 7.909722 7.704577 8.291258 8.870056 9.540565 9.478565 9.662161 9.630647 9.917217 10.09925 10.73228 
  4.183552 3.401584 4.009152 4.988335 5.486317 5.371651 5.395934 5.311962 4.989391 6.323696 7.0595 7.90794 8.342384 7.704577 8.350903 8.567824 9.213478 9.628437 10.03361 9.935752 10.12072 10.22641 10.62335 
  4.485807 3.789832 3.985155 4.853148 4.715139 4.764214 4.637281 5.843021 6.474139 7.368194 7.732636 9.237019 9.325708 9.128284 9.739137 9.916926 9.631424 10.29605 10.31646 11.12744 11.20021 11.23171 11.28782 
  5.793162 5.752179 6.895999 7.39524 6.520657 7.965522 9.011261 10.35334 11.20009 11.90136 12.56595 13.74316 14.67992 14.98139 15.23706 15.32017 14.95967 14.60321 14.41779 14.82344 14.84186 16.03839 18.04623 
  5.490844 4.032487 5.118181 6.644895 5.815425 6.173392 7.090618 8.342717 8.904631 9.583169 10.22324 11.50427 12.51168 12.77284 13.07364 13.30348 12.71864 12.35859 12.2257 12.69113 12.59066 13.8008 16.03671 
  6.095479 7.012003 8.855228 9.911104 9.576661 10.98384 12.94361 13.93655 11.88206 10.45573 10.72809 12.98548 13.73792 14.54928 13.28998 11.85147 14.32759 12.76147 12.93282 13.47298 13.18657 11.48033 11.03728 
  5.679792 5.187429 7.549076 9.028345 7.225888 8.767263 11.32733 12.9995 10.52496 8.408561 8.977938 10.60519 11.05636 12.24471 11.12656 11.2868 13.40819 11.09239 11.23572 12.40683 11.92854 10.50571 10.48737 
  4.697385 3.571442 4.465105 4.616571 3.885381 4.825209 6.412745 8.179694 8.724594 8.27432 7.564352 8.924294 9.48304 9.382687 11.3429 11.77081 11.03063 10.92279 11.02358 11.34067 11.134 10.90022 11.06996 
  5.906531 4.448912 4.719079 2.892938 4.020852 4.723551 5.339444 7.690623 9.129676 8.408561 7.598009 8.846113 9.365041 9.414487 11.3429 11.85147 10.72172 10.73204 11.0943 11.12744 11.26643 10.76185 11.24425 
  5.868741 4.250877 4.719079 4.886945 4.884478 5.607457 5.452423 5.517533 5.600523 5.805732 5.928037 6.733995 7.673724 8.46048 8.848181 8.751093 9.449708 9.23332 9.358479 9.973877 9.908364 10.4118 10.66692 
  5.453054 3.086132 3.5532 5.055928 6.332595 6.314877 6.525723 6.929846 4.76531 4.851587 6.605272 7.517035 8.14572 8.778482 9.324739 9.024707 9.031762 9.369568 9.495539 9.7286 10.1469 10.39472 10.76496 
  6.813485 7.489868 8.274716 10.04352 9.48263 7.965522 8.389876 8.342717 7.644376 7.938718 9.381819 10.37064 11.72502 12.11751 11.48713 10.04778 10.63086 9.805559 9.836911 10.30747 10.41744 11.31459 11.67997 
  6.775695 7.359541 8.129588 11.1127 10.28189 7.588232 8.276897 7.799305 7.329312 8.173639 9.718388 10.37064 11.64635 12.11751 11.77559 10.39946 10.99429 9.710186 8.768886 10.08825 11.06779 11.14884 11.62551 
  6.133269 5.274314 5.372155 7.61593 6.708718 4.723551 5.226465 5.2777 7.599367 7.871597 7.396068 8.181574 8.342384 8.46048 8.306828 8.715405 9.195307 9.424067 9.158439 9.287811 9.545383 10.16919 10.83031 
  6.548956 6.664466 5.626129 6.159377 7.743058 7.493909 7.486045 7.147211 7.91443 7.569555 7.934577 9.35429 10.23037 9.637089 9.469778 8.953329 9.267993 9.172964 9.845039 9.992939 10.67052 11.06597 12.01766 
  4.636934 5.534967 6.170359 6.821446 7.93112 7.776876 7.937961 10.08164 11.06507 10.05301 9.179878 11.50427 11.92168 11.9585 12.92941 12.33548 11.5694 10.71842 10.59931 11.12744 13.12035 14.38092 14.88841 
  5.830952 5.57841 6.242923 7.218688 7.93112 7.871199 8.10743 11.71187 12.40046 10.6571 8.977938 12.75234 13.57168 13.39699 14.29958 12.98082 12.14402 10.93641 11.0943 11.5539 14.11353 14.96103 15.55825 
  5.150768 5.621852 6.388051 7.086274 6.238564 6.739328 6.695192 7.418917 8.454539 8.878404 8.574057 9.002476 9.601038 9.032885 9.614818 8.917641 9.59508 9.213202 9.621521 10.317 10.43925 10.90022 11.77801 
  4.576483 5.57841 5.553565 6.291791 7.696043 6.739328 6.808171 9.32086 9.219694 8.878404 9.213535 9.823377 9.679705 9.191885 9.822017 9.571935 9.231649 9.26057 9.536179 10.25981 11.20021 11.48033 13.54873 
  5.377475 3.935425 5.299591 5.982825 6.520657 5.748941 7.147108 7.853646 8.184484 7.972278 9.011595 9.393381 9.168376 9.350886 9.656258 9.595727 9.922169 9.778309 10.59931 11.19852 11.79612 12.47482 14.31426 
  5.090317 3.255991 4.827925 4.548977 5.486317 6.220554 6.582213 7.418917 8.139476 8.27432 9.449133 9.432471 9.443707 8.937484 9.241859 9.821756 10.12206 10.03718 10.45788 11.41175 12.06097 13.8008 14.60133 
  5.150768 4.405469 5.481001 5.022131 5.063178 4.743882 6.751681 6.169068 7.959439 8.609922 8.405772 9.588833 9.679705 9.509888 9.842736 10.04778 9.885825 10.14618 10.24574 11.48283 12.32581 14.13229 15.07979 
  5.642003 3.838363 4.32112 3.873043 5.063178 6.220554 5.79136 6.22341 8.679585 8.844844 8.775997 9.784286 10.0337 9.160085 8.640982 9.369699 9.59508 10.13255 10.67002 10.91421 12.45824 14.54666 15.55825 
  4.788062 3.838363 4.105142 5.585584 4.545801 7.116618 7.373066 8.179694 8.274503 7.636676 8.64137 9.276109 9.522372 9.255486 9.324739 9.571935 9.377022 10.11893 10.59931 11.48283 12.39202 14.71241 15.94102 
  4.969415 4.492354 4.864207 6.865585 5.439301 6.173392 6.977639 8.342717 9.264703 8.911964 10.05496 9.784286 10.2697 10.46389 10.15353 10.39946 9.740453 10.06443 10.95287 12.33575 13.12035 14.87816 16.1324 
  6.171059 5.057103 5.408437 5.982825 6.520657 6.739328 8.389876 9.538225 9.444739 9.985891 9.953985 10.48792 10.89902 11.4179 10.44361 10.48013 10.63086 11.26506 11.37715 12.97544 13.58384 15.3754 16.41948 
  5.604213 7.316099 7.186255 7.042137 7.743058 7.918361 10.14105 11.27714 10.79501 10.72422 10.89638 11.7779 11.84302 11.4815 11.55924 12.09347 10.95795 10.96366 11.51857 13.1176 13.31899 15.62402 16.32378 
  9.572136 9.097231 8.238434 7.924896 8.96546 8.767263 10.19754 12.09226 11.83022 10.89202 11.27122 11.23063 11.44969 11.4815 11.05445 11.85147 11.32138 11.2075 11.58928 13.1176 12.92172 13.46931 14.9841 
  14.67309 15.59785 15.92778 16.40511 15.63909 15.48229 15.66793 13.86962 12.1931 11.61298 12.27823 13.04376 12.7405 12.14931 12.42461 11.60947 11.19418 10.44592 9.808464 10.98529 10.67052 10.98309 12.59181 
  15.63223 16.84066 17.87595 18.30495 17.66687 17.49476 18.10037 15.476 13.90383 12.91071 12.9256 15.25852 15.23404 14.30922 14.66015 13.38415 12.89103 10.24155 9.576818 9.988173 10.24726 10.81734 12.20904 
  15.63223 16.95364 17.87595 18.84777 18.26328 18.20504 18.58685 15.6768 14.16303 13.24716 13.42911 15.95792 16.12063 15.07741 15.52552 14.11016 13.2358 11.14995 9.503667 10.98529 10.93537 11.06597 12.59181 
  15.54504 16.95364 17.87595 18.98347 18.50184 18.32342 18.39226 14.94054 13.69647 12.81458 13.14139 15.78307 16.12063 15.26946 15.16495 13.54549 13.12088 11.72549 9.812528 10.24075 9.864099 9.933943 11.64729 
  15.37065 16.95364 17.7368 19.11917 18.50184 18.4418 18.29496 14.40508 13.07438 12.43007 12.78174 15.43337 15.73275 14.83735 14.22747 12.90015 12.94849 12.53125 9.751568 9.926221 9.926071 10.36057 11.61462 
  15.19626 16.84066 17.7368 19.25488 18.50184 18.20504 17.71118 14.13735 12.81518 12.04555 12.27823 14.73397 15.23404 14.69332 13.86689 12.65815 12.66118 11.89816 9.767824 10.34559 10.09428 10.34349 11.93052 
  15.10906 16.72767 17.7368 19.25488 18.26328 17.96828 17.12739 13.86962 12.60782 11.70911 11.77473 14.44256 15.0678 14.40525 13.57844 12.01281 12.25895 11.26506 9.253195 9.735597 10.12944 10.41606 11.36408 
  14.93468 16.61469 17.59764 19.11917 18.02471 17.73152 16.64091 13.26723 12.1931 11.27653 11.34315 13.91801 14.62451 13.78109 12.8573 11.5288 12.0291 11.09239 9.735312 9.609657 10.03231 10.33069 11.09175 
  14.84748 16.50171 17.45848 19.11917 17.78615 17.73152 16.15442 13.06643 12.03758 10.94008 11.19929 13.74316 14.67992 13.73308 12.71307 10.96413 11.33955 10.51404 9.597137 9.811846 10.4218 10.49291 11.22247 
  14.76029 16.38873 17.31933 18.84777 17.78615 17.73152 15.18145 12.7987 11.69519 10.58998 10.66078 13.39346 14.1258 12.91687 11.8477 10.13106 10.52183 10.28242 9.743441 9.525698 10.05887 10.31788 10.95014 
  14.5859 16.27574 17.31933 18.71206 17.54759 17.49476 15.08415 12.58133 11.51516 10.4893 10.42518 12.98548 13.40544 11.8949 10.46433 10.31879 10.06754 9.628437 9.755632 9.658633 10.30398 10.35203 10.97192 
  14.41151 16.04978 17.18018 18.84777 17.18974 17.37638 15.66793 12.58133 11.38013 10.38861 10.32421 12.75234 12.90674 11.5769 10.17426 9.548142 9.831311 9.941806 9.686544 9.462728 10.02346 10.68928 10.79764 
  14.32431 15.9368 17.18018 18.71206 17.07047 17.8499 16.44631 12.7987 11.51516 10.52285 10.49249 12.92719 12.90674 11.5769 9.780577 9.702793 10.14023 10.14618 9.379537 10.0263 10.26035 9.946659 10.66692 
  14.23712 15.9368 17.04102 18.44066 17.07047 17.8499 16.8355 13.66882 12.14126 11.22847 11.63087 13.97629 13.51627 11.7995 9.490498 9.869341 10.23108 10.11893 9.242666 9.859502 10.1818 10.09289 11.36408 
  14.23712 15.82381 16.76271 18.03355 17.18974 17.61314 17.71118 14.13735 12.65966 11.94943 12.42209 14.79225 13.73792 12.58079 9.386898 9.167462 10.37646 10.78654 9.442707 9.609657 10.27344 10.51425 12.78319 
  14.14993 15.71083 16.34525 17.76214 17.42831 17.73152 18.39226 14.87361 13.02254 12.28587 13.50104 15.02539 13.23921 12.43675 9.863457 9.191255 10.26743 10.63667 9.536179 9.892861 10.12072 10.43314 12.40043 
  14.14993 15.59785 16.06694 17.49074 17.66687 17.258 17.80848 16.01146 13.74831 12.95877 14.72385 15.72478 13.40544 12.82085 9.780577 10.0002 11.74179 12.12837 9.682481 9.788018 9.988043 10.66366 12.30474 
  14.23712 15.59785 15.92778 17.49074 17.78615 16.90286 17.90577 16.88158 14.21487 13.39135 14.86771 15.49165 13.12838 12.91687 10.0085 10.31879 11.51194 12.01326 9.670289 10.3313 10.1818 10.11833 12.59181 
  14.23712 15.48487 15.64947 17.21933 17.66687 16.6661 17.61388 17.01545 14.68143 13.7278 15.65894 15.37508 13.07297 13.15693 10.34001 10.21433 11.97163 12.53125 9.690609 9.802315 10.16435 10.44595 12.78319 
  14.23712 15.37189 15.37116 16.81222 17.30903 16.19258 16.54361 16.74771 14.88879 13.92005 15.73087 14.73397 13.07297 13.34898 10.23641 9.940719 12.25895 13.27946 9.706864 9.693617 10.16871 10.41606 13.93149 
  14.23712 15.14592 14.67539 15.8623 16.47406 15.36391 15.47334 16.47999 15.09615 13.82392 15.51508 14.32599 12.62967 12.96489 9.324739 9.310217 11.39701 12.58881 10.03361 10.41667 10.66616 10.38191 12.01766 
  14.32431 14.12908 13.70131 14.77668 14.9234 14.65363 14.69496 15.60986 14.47407 13.43941 14.43613 12.28608 12.43301 13.06091 9.469778 9.334009 11.01246 11.38017 9.751568 10.20263 10.52652 10.2137 11.56015 
  13.62676 12.0954 10.6399 11.65551 11.82209 11.81251 12.94361 14.13735 13.54095 11.37266 13.06946 11.73881 11.48902 11.7041 9.241859 9.262632 10.44914 11.2075 9.865359 10.28364 10.33016 9.87672 11.17889 
  12.14445 11.53048 9.804976 10.70559 11.34497 10.98384 12.45712 14.07042 14.00751 11.8533 12.99753 11.62154 11.25302 11.0363 9.594097 9.476765 11.30321 11.61038 9.576818 10.26458 10.49598 10.41606 10.92835 
  10.13898 9.835749 9.109202 9.99938 10.98712 10.74804 11.10137 13.86962 14.11119 12.57426 12.63788 11.15245 11.80368 13.15693 10.98233 9.476765 11.45447 11.72549 9.869423 10.18356 10.73673 10.81734 10.77585 
  8.92971 9.053789 8.564972 10.57317 9.952785 10.1821 10.9319 12.41831 12.81518 12.18975 12.27823 11.34791 12.7405 13.10892 11.8477 10.02399 12.31641 12.12837 9.347951 10.00247 11.00158 10.39472 10.44488 
  6.889064 7.446425 7.694204 9.381449 10.42294 10.88952 9.971582 11.05978 11.15508 11.37266 12.42209 10.52701 11.52835 12.24471 10.98233 10.23812 11.91417 11.61038 8.884699 10.012 10.57889 10.47583 10.6996 
  8.022757 7.924291 7.25882 8.984207 9.247553 9.3332 10.25403 11.11412 11.69519 10.58998 11.06466 9.979738 10.78103 11.7041 10.56793 9.833652 12.0291 11.26506 9.475219 9.869034 10.32144 10.67647 10.80853 
  6.322218 7.402984 7.440229 8.807655 9.576661 8.720102 9.350198 10.299 10.65998 9.146886 8.84331 10.05792 10.70236 11.6405 10.87873 9.42918 11.91417 10.97729 9.674353 10.17403 10.22544 10.50144 10.8521 
  6.208849 6.925119 7.149974 8.05731 8.307243 9.521845 9.12424 9.049153 8.409531 8.844844 8.910625 9.119747 10.30903 11.5133 10.23641 8.989018 11.45447 10.45955 9.253195 9.749893 10.10314 10.4801 11.14621 
  7.115803 7.576753 6.279205 6.689033 7.93112 8.248489 7.994451 8.01667 8.364521 7.804477 7.227784 9.35429 9.601038 10.49569 9.801296 9.000915 9.867654 9.655686 9.358479 9.532694 10.12072 10.36057 10.55536 
  7.153592 6.403812 6.569461 6.203515 6.943796 6.597844 6.186787 7.636281 7.869421 7.368194 7.732636 9.041566 9.129044 10.11409 9.345459 8.579177 9.013591 9.142786 9.617457 9.532694 10.43489 10.53986 10.61485 
  8.438443 6.794792 6.424334 6.380067 5.815425 6.45636 6.299766 7.418917 6.654176 6.541786 6.831017 8.337936 8.81438 8.683082 8.723862 8.499711 9.322507 9.655686 9.771888 9.518701 9.926071 10.07382 10.3089 
  8.173916 5.404641 5.880103 6.071101 5.204224 6.031909 5.84785 6.766822 6.744194 6.160129 7.16047 8.572479 9.207709 8.46048 8.236763 8.477006 8.715061 9.223261 9.221609 10.14067 9.908364 10.40326 11.03728 
  7.229172 4.970219 5.553565 6.556619 4.342595 4.072938 4.68638 6.114727 6.048687 6.83123 7.093157 7.634307 7.870389 8.109042 8.516663 8.499711 9.049934 9.328693 9.617457 9.926221 10.26908 10.09925 10.3429 
  7.040223 6.447254 5.916385 6.380067 4.782875 7.116618 6.412745 6.006044 6.069057 6.663429 6.575173 7.032091 7.467972 7.965522 8.236763 8.941433 9.286164 9.478565 9.710929 10.18833 10.13817 10.01024 10.91746 
  7.607069 6.534139 4.646515 4.988335 5.86244 7.588232 6.582213 5.688843 6.564157 6.187389 6.424676 7.020167 7.283119 7.848097 8.182268 8.822471 9.177135 8.921479 9.682481 9.940517 10.05887 10.18191 10.44488 
  7.153592 4.970219 4.22513 3.940636 4.393396 5.135844 4.833676 6.060386 6.204085 6.569047 5.988235 7.751578 7.132926 7.339253 8.034353 8.64729 8.825627 9.396817 9.560562 9.70761 9.97919 9.959375 10.07944 
  6.926854 5.491525 5.227027 5.806273 5.580348 5.890425 6.130297 7.418917 6.699185 6.83123 6.71062 6.805538 7.537292 8.237879 8.182268 8.727301 8.991478 9.08243 9.379537 9.897627 10.11199 10.90022 10.89567 
  6.133269 4.839892 5.372155 5.982825 5.486317 5.418812 5.73487 4.798034 5.824605 6.629869 6.439726 7.020167 7.444865 8.206079 8.682422 8.810575 8.825627 8.921479 9.232138 9.679624 10.53089 10.45022 10.42788 
  4.576483 3.498646 5.081899 4.886945 4.596602 5.984747 5.103719 5.808759 5.682007 5.887516 6.831017 7.032091 7.132926 8.017711 8.236763 8.590529 8.903025 8.58952 9.54837 9.911923 10.1818 10.23277 10.44488 
  5.830952 4.12955 4.537669 5.055928 4.969147 5.088683 5.79136 6.060386 6.384121 6.999032 6.800918 6.614756 7.537292 8.237879 8.299043 8.905745 9.104448 9.328693 9.601202 9.721603 10.29089 10.57402 10.35989 
  5.241444 4.622681 4.417109 5.806273 4.139389 4.560898 6.412745 6.22341 6.249094 6.898351 6.048434 6.519365 7.040499 7.795907 8.350903 8.624586 9.049934 8.981835 10.03361 10.6299 10.33889 10.53986 11.04818 
  4.304454 4.666123 3.529202 4.988335 5.251239 4.682888 4.931873 6.495116 6.789203 6.541786 6.590223 6.889005 7.467972 8.082948 8.558102 8.953329 8.549212 8.841004 9.633714 10.34559 10.28217 10.65086 10.99371 
  5.490844 4.275143 4.791643 4.515181 4.918345 4.926867 4.882774 5.897362 6.564157 6.241912 6.394577 6.829386 8.185053 8.33328 8.350903 8.295369 8.538155 9.08243 9.158439 9.907158 9.917217 10.28373 10.62335 
  6.360008 5.361198 5.045617 5.541446 5.533332 4.947199 4.539083 5.431879 6.028316 6.898351 7.530695 6.924777 7.387099 7.40449 8.330183 8.85816 9.249821 9.587564 9.463027 9.294808 10.40871 10.71489 10.84121 
  4.183552 3.717036 4.610233 5.23248 5.392286 3.991611 5.005521 5.449009 5.3357 6.105606 6.992187 6.519365 7.831056 7.991617 8.174483 8.431597 8.549212 9.012013 9.556498 10.12638 10.1469 10.20098 10.47887 
  4.727611 4.492354 4.682796 5.320756 5.580348 4.845541 4.146294 6.060386 5.72275 5.778471 7.194128 6.889005 7.410205 7.730671 8.283473 8.147789 8.737174 9.122667 9.487411 9.658633 10.08543 10.40753 10.35989 
  5.150768 4.032487 4.081145 5.364894 5.251239 4.520234 5.678381 5.951704 6.564157 6.76411 6.992187 7.067863 6.878752 8.174278 8.221193 8.810575 8.726118 8.871182 9.442707 10.05966 10.59198 10.34776 10.14743 
  3.367464 2.819211 3.577198 5.144204 4.85061 4.947199 3.9499 5.226307 5.763492 6.132867 6.785869 7.175178 7.444865 7.587152 8.057708 8.786782 9.304336 9.737435 9.263723 9.637644 10.42616 10.31788 10.52986 
  5.301895 2.722149 2.929265 4.954538 4.427264 3.7273 3.655308 5.226307 6.114067 6.078344 6.575173 6.9367 7.479525 7.469726 7.831943 8.363483 8.704004 8.941598 8.905756 9.469724 9.589649 9.959375 10.64513 ]
