 [
  4.277539 4.140302 4.371169 4.880322 4.69792 4.927204 3.872925 5.746712 5.848003 5.855023 7.138353 7.924217 7.691441 7.960396 8.815725 9.396491 9.937858 9.93365 9.641102 9.771832 9.857527 10.82287 11.22332 
  5.240129 3.667656 4.587256 4.792265 4.69792 4.090262 5.448056 5.816373 5.721824 5.823043 6.046856 7.28215 7.956593 8.027173 8.685236 8.409268 9.640312 10.21557 9.630479 9.857038 10.28195 10.3511 10.94485 
  5.368474 3.93774 3.614864 4.087812 5.556653 5.676047 3.823702 4.7018 5.433413 6.558583 6.810904 7.107041 7.278981 7.960396 8.998141 8.815453 9.607252 9.187011 9.264202 9.700827 9.751185 10.09348 10.55718 
  5.304302 3.802698 4.42519 4.66018 4.175213 4.618857 4.709713 5.084935 6.730718 6.526603 6.592605 7.34052 7.249519 8.127337 8.905528 9.075411 9.309707 9.244445 9.322197 9.800234 9.866389 9.564695 10.31089 
  5.175957 4.275344 4.047038 5.320604 4.921937 5.896295 5.792616 6.303998 5.974184 5.823043 6.665371 6.990302 6.954906 8.461219 8.793977 9.1046 9.144403 8.76583 9.525181 9.587218 10.212 10.54889 10.65355 
  5.881856 4.74799 6.802149 7.86863 7.926074 7.333702 6.875519 6.930945 6.658887 6.846402 8.909933 8.683023 7.632518 8.661548 8.815725 8.864195 10.16928 10.01149 9.517932 9.828636 9.928422 9.998571 10.31089 
  6.45941 5.490719 8.19382 9.707098 8.714221 7.879189 7.479331 7.936512 7.01804 8.200356 10.04585 9.166201 7.89767 9.062206 9.4149 9.279735 11.20171 10.64414 9.864187 10.37235 10.44455 10.37821 11.00055 
  5.111784 3.532615 4.533234 6.025057 5.407308 5.543898 5.595725 4.910783 5.956158 6.590563 7.538568 7.603184 7.868209 7.826844 8.576494 8.58799 9.210525 9.2253 9.503433 10.11267 9.760047 10.41889 10.83347 
  5.432647 4.883031 5.883779 5.760887 5.519317 6.072493 6.334067 5.886034 6.262595 7.486002 7.720485 7.223781 7.956593 7.927008 7.597823 8.035579 8.251768 9.26359 9.097466 9.963346 10.35783 10.25619 10.51434 
  5.689338 5.018073 6.369974 7.080715 5.519317 5.499848 5.841839 5.677051 6.298646 7.102242 7.393035 7.019486 7.013828 8.361054 8.598243 8.393021 8.780737 9.378457 9.561428 9.904917 10.33615 10.01213 10.69638 
  4.919266 5.085594 5.991822 5.496717 5.78067 6.160592 6.038731 6.129846 6.730718 7.517982 8.375382 8.128511 8.427976 8.26089 9.044448 9.367302 9.111343 9.569903 9.87481 9.75763 10.26027 10.22907 10.51434 
  4.855093 3.600136 4.209104 4.880322 5.593989 6.292741 6.186399 5.398408 5.992209 8.729309 9.644941 8.828947 8.044977 7.826844 8.750481 8.376774 8.516253 9.052999 9.329447 9.814435 9.866389 10.01213 10.0646 
  3.828331 3.19501 5.397583 6.685482 6.116696 5.940344 5.448056 5.920864 6.226543 8.398714 8.843115 7.924217 7.986054 7.993784 8.38076 8.344279 9.045222 9.110433 9.561428 9.97633 10.11452 10.20195 10.80562 
  5.175957 4.342865 5.721713 5.804915 4.884601 5.279601 6.087953 5.990524 6.874379 8.200356 8.338999 8.216065 8.545821 8.227502 8.272018 9.162978 9.50807 9.052999 9.438188 9.963346 9.733461 10.3511 10.70709 
  5.368474 4.545427 6.261931 7.4309 5.2953 5.808196 5.644948 5.050104 6.316672 7.869761 8.709476 7.515629 8.398514 8.093949 8.054537 9.454869 9.838676 9.837927 9.949172 9.828636 10.15883 10.52834 10.54647 
  6.202719 4.950552 7.472816 8.218814 5.78067 6.512989 5.841839 5.050104 6.424826 7.869761 8.375382 7.544814 7.573595 7.326021 7.858802 8.604237 8.94604 9.72306 9.242454 10.13214 10.15883 10.47354 11.02839 
  5.625165 5.55824 6.640083 7.080715 6.266041 6.33679 4.611268 5.746712 6.046286 7.517982 7.829634 7.924217 7.396827 7.960396 8.098033 8.929184 10.20234 9.416746 9.678283 9.274796 9.671429 9.944337 10.83347 
  5.946029 5.153115 6.153887 6.289227 5.892678 6.557038 4.66049 6.269168 6.514955 7.869761 8.22985 7.369705 7.750363 7.89362 8.467753 9.308924 10.03704 9.799638 9.911991 10.26198 10.43371 10.10704 11.25117 
  7.422 7.381303 7.633039 7.518445 6.851329 5.896295 5.497279 6.095016 5.866029 7.102242 7.720485 7.311335 8.280668 8.694936 7.467334 9.133789 10.10316 10.15435 9.603921 10.70345 10.59631 10.50094 11.11193 
  7.871208 7.111219 6.802149 8.043722 7.352877 5.631997 5.398833 5.468069 6.424826 7.837781 7.938784 7.661553 7.838748 8.828488 8.706984 9.075411 10.38467 10.29721 9.572051 10.71643 11.02991 10.21551 11.30686 
  9.007476 8.188185 6.478018 6.685482 6.922978 5.279601 5.448056 5.990524 6.388774 9.588856 9.71176 7.807477 8.427976 8.761712 9.044448 9.951084 11.32086 10.62374 9.927926 9.989314 10.60715 10.37821 11.47394 
  9.575055 8.337483 6.964214 6.685482 6.452722 5.764146 5.940285 6.756793 6.802548 8.002 8.909933 7.457259 9.750186 10.47635 11.08193 12.81162 14.30076 15.03463 13.41983 11.77085 11.31175 11.0763 11.72456 
  10.45796 8.860026 7.072258 6.377283 6.56473 7.333702 7.605672 7.577381 8.239159 8.66319 9.644941 9.289428 10.4325 11.22544 12.65635 14.34896 16.16474 17.67735 15.34964 15.98853 15.45708 13.99037 14.50964 
  11.65618 10.20371 8.994936 8.131268 7.137928 6.909435 7.921526 8.080165 8.095497 9.390499 9.979035 10.27525 11.47871 11.48983 13.44357 15.40589 17.4805 17.88877 15.91724 15.87137 16.55164 17.10055 17.04873 
  13.35892 12.44318 11.23806 9.88219 7.137928 7.63675 8.553234 9.229385 9.532107 11.30795 11.84996 10.39847 11.75164 12.10673 13.90663 15.88631 17.80943 17.88877 16.82538 16.80863 16.73406 17.74404 18.22061 
  14.43101 13.41362 13.48118 12.42103 10.36216 9.273211 9.184941 9.732168 9.819429 11.17571 11.64951 10.39847 12.47944 13.20834 13.95294 17.03932 18.46731 18.41732 16.9389 18.09736 17.37256 18.06578 18.28572 
  14.87247 14.83195 15.24364 14.0844 11.43691 9.33382 10.1325 10.01947 10.89689 13.02705 13.98817 12.61657 13.38919 13.82524 14.78645 16.65498 18.6866 19.26299 17.39298 18.09736 17.19013 17.74404 18.41593 
  15.44004 15.87703 16.20498 15.2225 12.22506 10.90967 11.14323 11.456 12.40533 14.54778 15.59182 13.54077 14.0715 13.95744 15.40051 17.42365 19.45413 19.26299 17.05242 17.62873 17.0077 17.52954 18.15551 
  16.00762 16.77282 17.24643 16.3606 13.0132 12.12186 12.15397 12.8207 13.48278 15.53957 16.9282 15.08111 15.7761 15.43752 15.47726 17.42365 18.79625 18.84015 16.59835 16.80863 16.278 16.13532 17.11383 
  16.38999 17.5081 18.04147 17.23606 13.873 12.84918 13.03836 13.61079 14.34475 16.55006 18.26338 16.74468 17.69901 17.44398 16.39834 18.00016 18.13837 17.0431 15.46316 16.22284 15.36586 15.27734 16.33257 
  16.64491 17.872 18.51809 17.84888 14.73279 13.27345 13.60689 13.96992 14.63207 16.6803 18.96 18.32865 19.11588 18.94883 17.54969 18.76883 18.02873 15.14034 13.8739 14.114 14.36252 13.88312 16.39768 
  16.7376 18.07215 18.75639 18.16968 15.37764 13.87954 13.92275 14.40088 15.13488 16.63689 19.71467 19.46911 20.12794 19.86846 19.00807 18.86492 17.2612 14.82321 11.03594 12.59096 14.45373 13.13239 16.6581 
  16.72602 18.12673 18.80406 18.16968 15.59259 14.00076 13.92275 14.4727 15.13488 16.81054 20.12103 19.97598 20.63397 20.28647 19.62212 17.90408 16.27439 14.29467 10.58186 11.41938 13.35917 13.02514 16.7232 
  16.72602 18.16312 18.80406 18.1406 15.66424 14.18259 13.92275 14.4727 15.27855 16.9842 20.29519 20.41949 21.03879 20.37007 19.54537 16.5589 15.50686 13.55471 10.46835 10.59308 14.08888 13.45413 16.6581 
  16.67967 18.21771 18.82789 18.19875 15.73589 14.30381 13.92275 14.54453 15.42221 17.37492 20.58545 20.73629 20.63397 19.61765 18.62429 15.3098 14.62969 12.92045 10.35483 10.13214 12.9031 12.7034 16.98362 
  16.62173 18.21771 18.80406 18.16968 15.73589 14.48564 14.11226 14.76001 15.78136 18.46025 20.23714 20.41949 19.4195 18.36361 17.39618 13.77246 13.53323 12.25639 12.17112 12.4738 13.5416 15.38459 16.78831 
  16.49428 18.12673 18.75639 18.11152 15.73589 14.36442 14.11226 14.83183 16.69025 18.80756 18.8439 19.27903 17.4966 17.02597 15.86105 12.43216 12.5294 11.72577 11.49001 11.88801 13.08553 14.9556 15.48621 
  16.26254 17.8902 18.54192 17.93643 15.52094 14.36442 14.2386 15.40644 17.23559 17.6354 16.98625 17.69506 15.57369 15.77193 14.78645 11.81919 11.52512 11.13394 9.630479 9.729229 10.74807 11.52368 14.90027 
  16.06556 17.63547 18.32744 17.76134 15.44929 14.00076 14.36494 16.1247 17.29618 16.26688 16.19319 16.43661 14.25345 14.61841 13.35095 10.82676 10.36765 10.2768 9.278701 9.644022 10.80227 11.52368 14.63985 
  16.01921 17.56269 18.25595 17.84888 15.95185 14.30381 14.6808 16.42469 17.53855 15.60569 16.26001 16.31339 13.75309 14.17776 13.44357 11.06027 10.38467 10.11353 9.387442 9.573017 10.14997 11.41643 14.37943 
  16.00762 17.59908 18.30361 18.16968 16.6537 15.00668 15.05982 16.94284 17.78092 16.20076 16.46046 16.31339 13.98053 14.57434 13.90663 11.08946 11.3549 11.31761 9.927926 9.686625 10.44455 11.05575 13.92447 
  16.07714 17.54449 18.27978 18.54769 17.35556 15.3883 15.39434 17.32463 18.32626 16.72372 17.10235 16.68307 14.02601 14.53028 13.99924 11.55649 10.98042 11.17476 9.933237 10.09319 10.88899 11.01466 14.20294 
  16.15825 17.59908 18.16062 19.04201 18.1114 15.98193 15.84035 17.5428 19.11396 17.37492 17.56676 17.12484 14.52638 15.27032 15.09348 12.22784 12.5294 13.02616 9.896056 9.963346 10.96487 11.09 13.98016 
  16.19301 17.56269 18.0653 19.62356 18.70528 16.27874 16.15257 17.84278 19.59871 17.9827 18.08923 17.63171 14.86525 15.52113 15.47726 12.78243 12.47833 13.13187 10.35483 9.956854 11.15999 11.1174 13.56246 
  16.18143 17.4899 17.92231 19.91433 19.02921 16.66036 16.28637 17.81551 19.47752 18.54708 18.49559 17.82178 14.96646 15.10311 15.09348 12.75324 12.65606 13.449 10.46835 10.07371 10.82395 11.09 14.25863 
  16.16984 17.45351 17.77933 19.94341 19.13719 17.04198 16.39788 17.76097 19.41693 18.85097 18.61169 17.9485 15.27007 15.43752 15.63078 13.00379 11.79747 11.787 9.731398 9.937377 11.36595 11.30918 14.83516 
  16.13508 17.39893 17.66017 19.76895 18.97523 17.25399 16.46478 17.65188 19.53811 19.06804 18.61169 17.9485 15.16887 15.43752 15.55402 13.00379 11.86555 12.23598 9.784513 10.02827 11.17083 11.05575 14.83516 
  16.11191 17.32615 17.54102 19.53632 18.86725 17.25399 16.37558 17.48826 19.47752 19.06804 18.43754 17.9485 15.06766 15.35392 15.47726 12.9077 12.17194 12.70903 10.04478 9.445208 10.50959 11.18589 14.50964 
  16.08873 17.27156 17.46953 19.36186 18.75927 17.25399 16.35328 17.3519 19.41693 19.06804 18.32144 17.88514 15.06766 15.43752 15.55402 13.00379 12.65606 12.81474 10.35483 9.743429 11.01907 11.30918 14.70495 
  16.10032 17.23517 17.39804 19.24555 18.75927 17.33879 16.33097 17.32463 19.35634 19.02462 18.20533 17.9485 15.27007 15.68833 15.70753 13.19595 12.76571 13.13187 10.35483 8.976574 10.32531 11.28864 14.63985 
  16.08873 17.18059 17.35037 19.12924 18.65129 17.21159 16.15257 17.18828 19.05337 18.72073 17.91507 17.82178 14.96646 15.35392 15.40051 12.9077 12.985 13.55471 10.12445 9.104383 10.17655 10.48039 14.63985 
  16.08873 17.1442 17.35037 19.04201 18.5973 17.21159 16.19717 17.13373 18.93219 18.37342 17.79897 17.9485 15.27007 15.52113 15.40051 13.19595 12.76571 13.02616 10.09258 10.0023 10.26027 10.97356 14.31432 
  16.05397 17.126 17.3742 19.04201 18.65129 17.12679 16.15257 17.05192 18.87159 18.15635 17.85702 18.01186 15.06766 15.68833 15.24699 13.00379 12.15492 12.0319 10.03947 9.917901 10.23859 10.89136 14.31432 
  16.00762 17.07142 17.32654 18.98385 18.54332 16.95718 16.15257 17.21555 19.05337 17.80905 17.56676 17.9485 15.06766 15.52113 15.09348 12.9077 12.01875 12.09312 10.14039 10.0867 10.53127 10.85027 13.81308 
  16.00762 16.99677 17.32654 18.92569 18.43534 16.82997 16.10797 17.21555 19.05337 17.46174 17.21846 17.75842 14.96646 15.43752 15.01672 12.9077 12.39322 13.02616 10.35483 9.672424 11.09495 10.82972 13.50676 
  16.00762 16.92212 17.32654 18.83846 18.32736 16.61796 16.01876 17.27009 18.75041 16.9842 16.98625 17.69506 14.66284 15.10311 14.60123 12.54892 12.54642 12.56251 10.24131 10.50869 11.62612 10.91876 14.20294 
  15.94456 16.92212 17.24643 18.664 18.16539 16.32115 15.90726 17.43372 18.02329 16.333 16.32683 17.25155 14.76405 15.18672 14.32339 12.34459 12.17194 11.97067 9.587986 10.0802 11.80854 11.18589 13.92447 
  15.94456 16.84747 17.16632 18.43138 17.94944 15.98193 15.77345 17.51553 17.41737 15.34121 15.8591 16.74468 14.61735 14.7506 14.13816 11.84838 11.71236 11.99108 9.198957 10.54115 11.89976 11.30918 13.56246 
  16.00762 16.77282 17.16632 18.16968 17.73348 15.76992 15.90726 17.65188 16.99322 14.74614 14.92363 16.00532 14.4354 14.08963 13.53618 11.76081 11.40597 11.31761 9.970419 10.95075 11.51772 11.63093 13.72954 
  16.00762 16.77282 17.08621 17.84888 17.40955 15.76992 16.06336 17.65188 15.84195 14.08495 14.38908 15.63564 14.34443 13.86931 13.39726 11.84838 11.86555 10.787 9.768579 10.71643 11.04075 11.25439 13.47892 
  16.00762 16.69817 17.0061 17.41115 16.97764 15.60031 15.97416 17.29736 15.13488 13.556 13.78771 14.89627 14.34443 12.81176 12.79527 11.99432 12.12088 11.50129 10.08727 11.30222 11.80854 11.30918 13.646 
  16.00762 16.62352 16.84587 16.97342 16.49174 15.3883 16.33097 16.37014 14.27292 12.96093 13.3868 14.52659 14.0715 12.59144 12.51744 11.41054 12.03577 11.01149 9.593297 11.41938 11.62612 11.63093 13.78523 
  15.94456 16.47422 16.68565 16.62324 16.05982 15.00668 16.37558 16.15198 13.26729 12.36586 12.58497 14.03368 14.38991 12.06267 12.42482 11.2646 12.30812 11.0319 9.510682 12.12233 11.80854 11.15849 12.67136 
  15.94456 16.32493 16.44531 16.18551 15.59259 14.66747 16.15257 15.62192 12.40533 12.56421 12.05042 14.09529 14.66284 12.06267 12.74897 11.38135 13.64288 12.60332 9.694217 12.35664 12.62946 11.41643 13.06121 
  15.88149 15.95168 16.04476 15.57269 14.58949 14.12198 15.66195 14.61635 11.47153 11.90302 10.98132 12.61657 13.66211 12.10673 11.08193 11.11865 12.87536 11.39925 9.546929 12.23948 12.26461 10.68588 11.97519 
  15.25085 14.7573 14.60275 14.78477 13.1565 14.70987 14.80714 13.25166 11.54336 11.44019 11.11496 13.10948 14.66284 13.07615 11.68392 11.55649 13.75253 12.81474 9.657036 12.59096 12.72068 10.92561 11.47394 
  15.06166 14.16011 12.03918 13.20894 11.07866 13.57649 13.29104 12.03061 10.10675 10.84512 10.58041 11.93882 13.43468 12.1508 10.24842 10.30135 12.76571 12.27679 9.510682 12.35664 12.53825 10.48724 11.05624 
  13.98956 12.59248 11.4784 10.75765 10.72041 11.94003 11.90128 11.24052 9.603937 10.58064 9.444485 11.26107 12.6159 12.23892 8.859221 9.454869 11.84853 10.76659 9.683594 10.20356 10.50959 10.78862 11.05624 
  12.41295 11.47274 10.35683 9.444459 10.64876 10.84906 10.70104 10.59408 9.675768 9.853333 9.912216 11.81559 12.84334 11.66609 8.951835 9.026669 11.33788 10.95027 9.481685 10.0867 10.47707 10.48039 10.68568 
  10.2057 8.785378 8.514266 9.444459 9.502367 10.42479 10.51153 9.516689 8.885633 9.32438 9.043571 11.07622 11.34225 11.31357 8.859221 8.880443 11.81449 10.90945 9.271452 9.88544 10.72639 10.89136 10.56789 
  8.376832 8.56143 8.354043 8.568998 9.287418 10.60662 10.32201 8.080165 8.095497 9.258261 9.979035 10.70654 10.7964 10.82886 9.044448 8.425516 11.64427 10.5421 9.372943 9.800234 10.12338 10.41889 10.86131 
  8.124574 8.710728 7.873374 7.781084 7.567826 8.909553 9.627136 8.582949 8.023666 8.795427 9.444485 10.15202 11.1603 11.18138 9.27598 8.896689 11.13362 10.5421 9.213456 10.83359 10.63967 10.13416 10.94485 
  9.133604 8.038887 8.19382 7.86863 7.782775 8.970162 8.490063 8.295644 7.736345 7.613922 9.11039 10.15202 10.25055 10.21196 9.4149 9.162978 11.08255 10.17476 9.372943 10.36586 10.66135 10.26974 10.63213 
  9.322798 10.20371 8.994936 7.4309 7.711125 9.030772 9.627136 8.798428 7.951837 6.558583 7.9024 10.21363 10.25055 10.0357 9.27598 9.075411 11.15064 11.25639 9.789825 10.54115 11.02991 11.00096 10.66426 
  11.34086 10.42766 9.155159 7.781084 7.209578 7.939798 8.869087 8.223818 7.377192 7.805801 8.375382 9.351042 10.0686 10.52041 9.553819 9.042916 11.49108 11.35843 10.35483 10.42429 11.06243 10.85712 10.72851 
  11.78231 9.830463 8.033597 7.255807 6.994628 6.909435 7.921526 7.79286 7.664515 8.464832 8.50902 10.39847 10.52347 10.1679 9.090754 8.815453 10.79319 10.80741 9.832317 10.32041 11.13831 10.93931 10.34301 
  10.77328 8.710728 7.312593 7.693538 7.352877 7.151873 6.973965 7.002771 6.874379 8.729309 8.22985 8.858132 9.841161 11.18138 9.183367 8.961679 10.7251 10.60333 10.24131 10.658 11.20335 10.74067 11.02839 
  9.953442 8.486781 7.552927 7.693538 7.209578 7.818579 7.226648 7.002771 6.946209 8.927666 8.776296 9.843951 10.52347 9.947573 8.815725 9.250546 10.63999 11.09312 10.35483 10.30743 10.60715 10.83657 10.74992 
  9.827312 9.531867 7.953485 7.255807 6.922978 7.818579 7.668843 7.433729 6.946209 8.266476 8.709476 9.104587 9.977623 11.31357 9.27598 9.484058 10.63999 11.60333 10.23069 10.5801 10.63967 10.48039 10.94485 
  10.33183 8.860026 7.71315 7.080715 7.209578 7.576141 7.605672 6.721963 6.946209 8.66319 8.642658 10.09041 10.0686 10.87293 8.815725 8.8317 9.805615 11.31761 10.14039 10.40481 10.35783 10.77492 10.7178 
  8.187638 8.113536 8.19382 7.343353 6.922978 7.75797 7.605672 7.21825 7.592684 8.068118 8.375382 9.65911 9.750186 9.815379 9.553819 9.338113 10.20234 10.84823 9.657036 10.70994 10.63967 10.71328 10.80562 
  10.58409 8.412132 7.392704 5.848944 6.63638 8.909553 8.30055 7.433729 6.388774 7.773822 8.266232 9.843951 9.431773 10.07977 9.4149 9.162978 10.57191 11.2768 9.795136 10.39183 10.67219 10.78177 11.05624 
  9.953442 8.860026 7.312593 6.333255 6.527394 7.75797 7.858356 6.930945 5.775901 8.068118 8.338999 8.919746 8.840435 9.859444 9.553819 9.717571 10.75914 11.0319 9.970419 10.34638 10.19428 10.56259 10.74992 
  9.385862 7.665642 5.829757 6.905623 7.209578 7.939798 8.047868 7.577381 6.587057 8.266476 9.11039 8.741393 8.93141 10.12383 9.553819 9.279735 10.99745 10.70537 9.459936 10.60607 10.23859 10.54889 10.72851 
  9.448927 7.81494 6.53204 6.993169 7.137928 6.557038 7.100306 7.074597 6.478903 8.530951 8.375382 8.981359 9.067873 9.639122 8.859221 9.396491 11.20171 9.837927 9.795136 10.11267 10.22972 10.58999 10.63213 
  8.439896 8.486781 7.873374 6.993169 6.490058 7.63675 7.921526 8.080165 8.167328 8.068118 9.177209 9.597496 10.0686 9.903508 8.905528 8.76671 11.03149 9.991084 9.619855 10.30094 10.08793 10.55574 10.43939 
  8.818282 8.486781 8.834713 8.30636 6.851329 7.091264 7.100306 8.151991 8.957463 7.837781 8.909933 9.65911 10.0686 9.462864 8.685236 9.042916 10.55488 10.35843 9.757956 10.69696 10.80227 10.80232 10.83347 
  8.439896 7.448824 6.207909 6.509368 6.922978 7.75797 7.732014 7.864686 7.08987 8.134237 8.266232 9.166201 9.386286 10.07977 8.998141 8.912937 10.13622 9.837927 9.582674 9.857038 10.08793 10.72013 10.74992 
  7.293654 8.262835 8.033597 5.232548 6.490058 6.865385 7.479331 7.290076 7.01804 8.927666 9.644941 10.09041 9.932136 10.0357 9.4149 8.8317 10.26846 9.531614 9.66766 9.904917 9.910698 10.2833 10.86131 
  7.614518 7.516344 7.018236 5.540746 6.228704 8.061018 7.289818 7.21825 7.377192 7.869761 8.776296 9.720724 9.886648 10.30009 8.951835 9.308924 10.45275 9.244445 9.710152 9.530415 10.08793 10.53519 11.00055 
  7.357827 7.313782 8.594378 6.72951 7.352877 7.939798 6.481736 7.361902 6.460877 7.837781 8.193466 9.967178 9.613723 9.095594 8.619991 9.338113 11.18468 9.493324 10.04478 10.07371 9.928422 10.39177 10.9727 
  8.944411 9.158623 8.273932 7.255807 7.137928 7.939798 7.100306 7.146424 6.424826 7.869761 8.776296 9.843951 8.840435 9.506928 8.793977 8.994174 10.82723 9.857072 9.430939 9.871239 10.37951 10.43245 10.36443 
  7.935381 7.516344 7.71315 6.597425 6.490058 8.000408 7.163477 5.711882 5.956158 7.837781 8.302616 8.712208 8.486898 9.771315 8.998141 9.308924 10.13622 9.359312 9.394691 10.02827 10.22972 10.24263 10.72851 
  9.196669 7.889589 7.552927 5.496717 5.892678 6.248692 5.891062 6.582641 5.559592 7.134222 8.375382 9.782337 9.386286 8.99543 8.815725 9.221356 10.40169 9.608192 9.561428 10.1646 10.30363 10.2833 10.68568 ]
