 [
  4.556292 4.520048 5.068517 5.831975 6.799439 7.323977 6.881392 7.264823 6.241678 6.111232 7.505868 7.627472 7.463733 7.603316 8.237327 9.029718 8.963023 9.186129 9.429991 9.698021 10.28122 10.15028 11.37815 
  5.957839 6.372774 6.352643 6.815584 7.567816 7.020953 7.730786 7.373177 7.116917 6.84199 7.870057 8.14928 8.443773 8.336068 8.566341 8.249587 8.602221 8.909026 9.190978 10.06175 10.50628 10.89367 10.9583 
  4.896536 4.352761 5.271286 5.972938 5.921294 6.27909 7.864901 8.206392 7.073154 6.589036 8.159437 7.883555 8.013808 8.181049 8.538512 8.668669 9.474665 8.993362 9.472169 10.06175 10.15262 10.73047 10.49018 
  4.783122 5.590683 5.560955 6.213806 6.799439 6.492708 7.596671 7.373177 7.226321 7.48843 7.930756 7.193141 7.554666 8.297313 8.900292 8.560519 8.749214 9.572705 9.630707 10.06175 10.15262 9.985917 10.63761 
  6.460179 6.467925 5.676823 6.213806 7.018976 7.424985 8.310791 7.445413 6.460488 7.769491 7.992678 7.280007 7.745624 8.181049 9.095097 8.8212 8.294871 9.186129 9.571362 9.918721 10.47412 10.59991 10.71133 
  6.209009 6.563075 7.028462 6.91588 6.250598 7.424985 8.399912 7.988432 6.110393 7.628961 8.951542 8.339084 8.013808 7.92164 8.844634 9.099224 8.241419 9.198177 9.571362 10.10943 10.05806 10.56727 10.45333 
  6.209009 6.943677 6.64228 7.016177 7.238512 7.020953 7.373146 7.156469 7.488893 8.100937 9.034922 7.592726 7.545572 8.684858 9.095097 9.307742 8.669037 8.860835 9.387812 9.621122 10.31337 10.86103 10.73603 
  5.161171 5.992172 6.063005 6.514695 7.018976 7.323977 8.756392 8.424352 7.270083 8.389252 8.993232 7.592726 7.418266 7.800374 8.677658 9.029718 8.575495 9.439136 9.868083 9.621122 10.08385 10.37266 10.71133 
  5.706668 5.423397 7.3181 7.818548 8.006889 8.435064 8.934632 8.351698 7.335726 8.306876 8.534645 7.540606 7.454639 8.723614 8.705487 8.8212 9.30666 9.198177 9.233157 9.592285 9.937721 10.22763 10.30589 
  5.236781 6.087322 6.738825 6.614991 6.909207 6.759731 7.954311 7.770473 7.510774 9.213011 8.743093 7.731712 8.013808 7.876165 8.427196 8.786447 9.138655 10.07359 10.25382 9.990236 10.50628 11.12214 11.72391 
  5.123366 5.958714 6.159551 6.11351 5.269603 5.798449 6.836687 7.373177 7.857821 8.554004 7.950988 7.883555 8.404685 8.374823 8.237327 8.492925 9.138655 10.10699 10.25382 10.13327 9.602486 10.06327 10.85951 
  5.312391 6.753376 6.352643 5.066748 6.360367 6.599517 5.495537 5.820109 7.488893 7.460324 6.656093 8.073359 8.639211 8.336068 8.29774 8.398293 8.882845 9.472528 9.912591 10.20478 10.10104 10.73047 11.27936 
  6.962519 6.182473 5.329219 5.288261 5.052372 4.890571 5.137897 5.45893 6.679297 6.05502 7.505868 7.575353 7.896546 8.181049 8.566341 9.133977 8.896208 9.50592 10.07579 9.861432 9.911934 10.37266 10.69904 
  8.804434 7.704882 5.647856 5.388948 5.921294 6.012067 6.076702 6.506348 6.329202 7.010627 7.344006 7.883555 7.409173 8.219804 8.418565 8.925459 9.600669 9.439136 9.749394 9.496161 9.722827 10.63255 10.81012 
  8.21837 9.893345 10.31102 8.721214 7.677585 6.919945 7.060211 7.300941 7.313845 6.982521 7.768894 8.035398 8.834649 8.10354 7.995676 7.911618 9.003113 9.378896 9.303454 9.851819 10.21692 10.37266 10.44104 
  5.388001 9.703044 10.40756 10.02507 9.324106 7.627001 8.310791 7.553766 7.60993 7.48843 8.409575 8.604809 9.030087 9.072404 9.289901 8.682188 8.669037 9.12589 9.205038 9.255852 9.911934 10.32432 10.81012 
  5.622945 7.229129 7.99392 6.815584 7.677585 4.837166 5.540242 6.109052 7.116917 6.813884 7.263075 7.997437 8.834649 9.227423 8.788975 9.86379 9.894677 9.50592 9.764231 10.61004 10.76348 11.4159 11.8474 
  6.292732 4.486591 4.981616 5.469499 5.901546 5.424617 5.093193 6.217405 6.657416 7.347899 7.950988 8.377045 8.873737 9.421195 10.18044 10.28083 10.35669 9.873238 9.719723 11.11065 12.72469 13.37428 12.41543 
  5.463612 4.821164 5.329219 5.308398 5.684316 4.837166 5.495537 6.217405 7.248202 7.544642 7.060748 7.436367 7.81837 8.258558 8.788975 9.203483 9.096654 9.390944 8.994145 9.918721 10.79563 10.73047 10.53933 
  5.539221 4.152017 4.576078 4.925785 5.19061 3.502052 5.316718 6.686937 7.007512 7.797597 8.117747 8.263162 8.561036 8.878632 9.484705 9.86379 10.18869 9.973415 10.58021 10.51468 10.85994 11.44854 11.94619 
  8.050923 9.607893 10.60065 11.12833 11.19016 11.26329 11.42999 11.7664 12.4686 13.22021 13.93797 14.23313 14.03533 13.44585 13.50283 14.39351 14.1788 13.31266 14.61002 14.33183 15.82175 15.67441 16.31512 
  9.306775 10.65455 11.95229 12.33188 12.28785 12.27337 12.3212 12.63823 13.46016 14.258 15.07668 15.27833 15.09075 14.4638 14.59592 15.46701 15.39613 14.57171 15.74239 15.60034 17.05408 16.94328 17.73338 
  10.06029 12.08181 12.62811 13.23455 14.04414 13.58647 14.5492 15.18109 15.29068 15.39014 15.64604 15.87558 16.14618 16.69056 17.28658 17.10884 17.11687 16.89427 16.55123 16.86886 17.64346 18.45385 18.67889 
  10.06029 11.03515 11.7592 12.33188 12.39762 12.27337 13.47976 14.16395 14.33475 14.06931 14.67 15.12901 15.67124 17.07229 16.95025 16.41422 16.94899 16.49035 16.38947 17.36217 17.58988 18.27258 18.83647 
  10.14401 11.60605 12.14539 12.73307 11.4097 12.6774 13.03416 13.0015 14.04797 14.258 14.42599 14.4571 15.14353 15.79986 15.10042 14.6461 15.18629 14.72318 14.6909 15.74129 15.82175 16.64117 17.10305 
  12.06965 14.65087 13.40048 12.13129 11.62924 12.37438 13.03416 12.12966 11.82408 11.89023 12.11996 11.71759 12.39163 13.06412 12.07342 12.19224 12.54075 12.07714 12.10261 12.56479 13.39986 14.2882 14.5817 
  14.91624 17.98114 17.4554 19.03929 18.6544 18.43485 18.38136 17.47328 13.85679 12.3021 11.86982 11.79351 13.29653 14.27294 12.91425 14.51981 15.60598 14.11729 10.62472 12.08802 13.52846 13.99444 13.08226 
  16.00465 18.50202 18.58559 20.54445 19.86185 19.92071 20.25198 18.91331 15.0995 13.04349 12.57855 12.287 14.24641 15.99072 13.92325 15.65645 16.99096 15.37956 11.27751 13.6271 14.69657 14.64723 13.82317 
  16.25582 18.41282 18.89166 19.89938 20.03316 20.05393 19.99351 18.85571 14.62153 12.79636 13.16221 11.33798 13.08545 15.29088 13.83917 15.02498 16.15158 14.82416 11.45554 14.26136 15.12521 15.07019 13.95136 
  16.34177 18.40757 18.93247 19.79187 20.0947 20.04369 19.76375 18.68291 14.14357 12.83755 13.53129 11.79351 13.50762 15.10002 14.00733 15.27757 16.23552 14.82416 11.94084 13.97946 14.80373 14.61459 13.87257 
  16.42772 18.37609 19.03449 19.79187 20.2383 20.14617 19.82119 18.4525 13.55932 12.71398 13.12052 11.30002 13.3493 15.60899 13.75508 14.96184 16.15158 14.67269 11.53642 13.48615 14.37509 14.35348 13.47741 
  16.49023 18.37084 19.15692 19.84562 20.17676 20.31014 19.76375 17.99169 13.361 12.3021 12.53686 11.0343 12.70433 14.78191 13.671 14.58295 15.48007 14.21828 11.41103 12.80318 13.1748 12.88469 14.10894 
  16.51367 18.37084 19.17732 19.81875 20.19728 20.39213 19.79247 17.64609 13.41058 12.05498 12.32841 11.0343 12.35254 14.52742 13.41875 14.6461 15.35416 14.01631 10.83243 12.46944 13.20695 13.04789 13.87257 
  16.55274 18.32886 19.19773 19.76499 20.0947 20.43312 19.6776 17.18528 13.50974 11.80785 11.99489 11.14818 12.03984 14.33656 13.50283 14.7724 14.85053 12.87856 11.05497 12.82701 13.49631 13.83124 13.50211 
  16.59181 18.27114 19.23854 19.68436 20.03316 20.42287 19.47656 16.85212 13.361 11.6431 11.53631 10.92041 11.8444 14.27294 13.25058 14.39351 14.47281 13.01213 11.42587 13.41568 14.26793 14.76808 14.03015 
  16.60744 18.26065 19.32015 19.76499 20.07419 20.49461 19.50528 16.70681 13.361 11.6431 11.49462 10.84449 11.76622 14.65467 13.1665 14.20407 14.68266 13.76386 11.26267 12.58863 13.07835 13.92916 13.20574 
  16.63088 18.26065 19.32015 19.71124 19.97162 20.46387 19.41912 16.5615 13.46016 11.56072 11.28617 10.73061 11.96166 14.14569 12.83017 13.44631 13.17077 12.44446 10.59505 11.34903 12.94974 13.6354 13.05756 
  16.66994 18.25015 19.32015 19.68436 19.97162 20.44337 19.36168 16.63416 13.41058 11.56072 11.20279 11.07226 12.39163 14.27294 12.40975 13.02631 12.79276 13.47962 11.69819 11.42055 13.68921 14.25556 12.83529 
  16.69339 18.27639 19.27934 19.68436 19.99213 20.42287 19.41912 16.77946 13.50974 11.47835 10.91096 11.18614 12.82159 14.08207 12.07342 12.366 12.83476 13.31266 11.15882 12.49328 13.72137 14.25556 12.7365 
  16.70901 18.28688 19.25894 19.6306 20.03316 20.41263 19.44784 17.07008 13.46016 11.6431 11.24448 11.26206 13.45485 13.95483 12.24158 12.99156 13.25478 13.27927 10.43185 13.27473 13.78567 13.83124 12.7118 
  16.70901 18.30787 19.15692 19.60373 20.25882 20.26915 19.44784 17.35808 13.41058 12.01379 11.66138 11.67963 13.77147 13.95483 11.54407 13.13057 13.54878 13.71337 10.72857 13.34521 13.72137 14.05972 13.08226 
  16.71683 18.34985 19.03449 19.54997 20.44345 20.00269 19.3904 17.93409 13.75763 12.46686 11.82813 12.24904 14.40473 13.76396 11.51624 11.94897 12.79276 13.5798 10.59505 13.41568 14.26793 14.54931 13.6009 
  16.74027 18.39183 18.95287 19.54997 20.77168 19.9617 19.82119 18.91331 14.43034 13.12586 12.20334 12.96397 15.14353 13.25499 11.68321 12.85255 13.67479 13.71337 11.11431 13.90899 14.91089 14.76808 13.87257 
  16.74808 18.37084 18.83045 19.49621 21.09991 20.00269 20.68277 20.06533 15.86424 14.16366 13.28728 14.08382 15.24907 12.94786 11.87802 12.67878 14.1368 13.91533 10.90661 13.20426 14.42867 14.94935 13.74908 
  16.74808 18.3446 18.68762 19.46934 21.26402 20.09493 21.17099 20.69894 17.39373 15.01276 13.93797 15.65161 15.30184 12.67658 11.98933 13.19372 14.8925 14.11729 11.21816 12.92237 13.75352 15.13061 14.42411 
  16.72464 18.29738 18.48357 19.30807 21.14093 20.11542 20.74021 20.35333 18.54084 15.2958 14.75134 16.32352 15.1963 12.48281 12.24158 13.50945 15.85779 15.63201 12.6688 13.06332 14.53583 15.67441 14.42411 
  16.67776 18.2554 18.29993 19.11992 20.81271 20.12567 20.2807 20.41093 19.30559 15.95621 15.97139 17.14475 14.0881 12.36654 11.98933 13.44631 15.94173 15.02612 12.02173 13.69757 15.44669 16.03695 14.73928 
  16.63869 18.23441 18.19791 18.93178 20.56653 20.08468 19.96479 20.64134 19.87914 16.89966 16.86609 17.14475 13.29653 12.01775 11.79453 13.6989 16.40339 15.48054 11.53642 13.97946 15.92891 16.15779 14.73928 
  16.56055 18.17144 18.11629 18.85115 20.40242 19.99244 19.64888 20.46854 19.87914 17.65442 17.43545 16.69681 13.03268 11.86273 11.73887 13.38316 16.23552 15.63201 12.26438 13.97946 15.28595 15.85568 14.42411 
  16.45897 18.17144 18.03467 18.75085 20.36139 19.84897 19.47656 19.83492 19.68796 18.31483 18.16748 17.29406 12.74341 11.70771 11.51624 13.09582 15.89976 15.32907 11.53642 13.55663 14.75015 16.15779 14.97566 
  16.3574 18.17144 17.93813 18.65055 20.27933 19.64695 19.27256 19.25891 19.68796 18.69221 18.16748 17.07009 12.70433 11.59145 11.51624 13.44631 16.27748 15.43005 11.61731 13.55663 15.55385 15.97653 14.89687 
  16.25582 18.07629 17.84158 18.55026 20.19728 19.44493 19.0052 18.97091 19.59237 18.97525 18.33015 16.24887 12.87436 11.63021 11.23795 12.8873 16.10961 15.53103 12.1835 12.7555 15.39311 16.09737 14.81807 
  16.08837 17.98114 17.64849 18.34966 19.75208 18.9399 18.47048 18.04929 19.40118 19.06959 18.33015 15.65161 12.66524 11.1264 10.65353 12.60928 15.94173 14.92514 11.77908 12.66015 14.96447 16.03695 15.29083 
  15.8372 17.98114 17.35885 18.24937 19.31301 18.43485 17.84664 17.47328 18.82762 18.97525 18.41149 15.42764 12.11801 10.66134 10.26392 11.80996 14.30481 13.61319 11.33685 12.7555 15.23237 15.97653 14.42411 
  15.66975 17.88599 16.87613 17.74789 18.54463 17.92982 17.31192 16.77946 18.06288 18.59787 18.16748 15.57695 10.74994 9.111158 9.568193 11.32342 14.0948 13.44623 10.55054 12.92237 15.23237 15.85568 14.42411 
  15.50231 17.50539 16.29685 16.94551 17.55672 16.91973 16.50984 16.12559 16.4378 17.56008 17.19143 14.4571 10.16363 9.033649 9.011609 10.76737 13.63279 12.77838 10.92144 11.08681 13.72137 15.31188 14.73928 
  15.25114 17.21994 15.62103 16.04285 15.9102 15.40462 15.35128 15.18109 15.57746 17.1827 16.54074 13.41191 9.577314 9.227423 8.788975 11.63619 13.9268 12.87856 11.53642 10.75307 13.94642 14.70766 14.03015 
  14.66507 16.55388 14.65557 14.83929 13.16599 12.87942 13.83624 13.36477 13.95238 16.1449 16.21539 12.74 10.51542 10.35131 9.929973 11.08014 14.0528 12.64481 11.53642 10.06175 12.69254 13.86388 13.13165 
  13.57667 15.50723 13.59357 12.93366 11.19016 11.86934 12.7668 11.83905 12.41902 15.10711 14.67 12.59068 12.00075 11.70771 11.23795 11.1844 12.66676 12.07714 12.26438 10.87226 12.94974 13.57012 12.95877 
  11.73475 13.69937 11.56611 11.73011 11.4097 11.16228 11.96472 11.98436 12.71649 15.57883 14.42599 12.96397 13.03268 11.74647 11.32143 11.39292 11.91074 12.21071 12.42615 11.03913 13.94642 14.35348 13.50211 
  10.98124 12.36726 11.95229 10.52655 10.75109 9.748168 11.34087 11.7664 12.27028 12.87874 13.2039 11.45186 10.59359 10.31255 9.957802 10.41984 11.78473 10.70805 11.94084 10.03791 10.60273 11.61174 11.20527 
  11.56731 12.36726 10.98684 8.721214 9.76318 10.35422 11.07351 10.6766 11.08041 12.87874 12.82869 11.4139 10.24181 9.576214 9.929973 9.968049 10.8187 9.973415 10.46152 9.659572 9.920529 11.0895 11.03239 
  10.56263 10.84485 9.442105 8.219733 9.433875 10.1522 10.71703 10.53129 11.08041 12.21973 12.57855 11.33798 9.069176 9.149914 8.566341 9.272989 9.852676 8.909026 9.556526 9.966398 10.40982 10.18896 10.68676 
  8.971881 9.703044 9.055923 8.320029 9.10457 10.55623 10.98439 10.60395 11.17956 12.50805 12.62024 11.26206 8.795562 8.142295 8.622 8.960212 9.390662 9.572705 9.69005 10.20478 10.34552 10.63255 10.81012 
  10.39518 9.703044 8.66974 7.216769 7.238512 10.25321 11.25175 10.24068 10.73336 12.38448 12.57855 11.18614 8.170159 7.861007 8.566341 8.682188 9.768674 10.27395 10.00161 9.601897 10.04087 10.56727 10.9583 
  10.22773 9.322441 8.187012 6.314102 7.787353 9.344136 10.27143 9.877415 10.73336 12.63161 12.32841 11.37594 8.639211 7.694265 8.872463 8.452369 9.222657 9.210225 9.44405 9.57306 9.602486 10.26631 10.49018 
  7.883477 6.563075 7.028462 7.016177 8.775266 10.05119 10.44967 10.24068 10.13842 11.60191 10.99434 9.326062 7.700158 8.491086 8.384044 8.960212 9.726672 9.306608 9.205038 9.294301 9.791593 9.985917 9.925034 
  7.21369 6.658226 6.449188 7.016177 7.128744 8.13204 9.112872 8.787617 10.33673 11.68429 10.41068 8.642769 7.857458 8.073224 8.151023 8.547 8.802667 9.472528 9.779067 9.784533 10.50628 10.43067 10.30589 
  7.046243 7.133978 7.607737 7.417362 7.238512 7.930025 9.469353 9.368842 10.33673 10.6134 9.24337 8.339084 7.857458 7.891324 8.237327 8.574038 8.695763 8.921075 9.176919 9.323138 10.13542 9.850556 10.52704 
  7.297413 7.32428 6.352643 5.892388 6.909207 7.930025 8.845512 8.860271 9.345168 8.718756 8.951542 8.946455 7.236401 8.142295 8.332261 8.751694 9.096654 8.884931 8.811371 9.57306 10.04947 10.56727 10.81012 
  5.622945 7.32428 7.028462 6.614991 6.360367 7.323977 7.954311 8.424352 9.692216 9.707266 8.034368 7.807633 7.536479 8.181049 8.366783 8.519962 9.30666 9.572705 9.120681 9.601897 10.24907 10.46935 10.69904 
  6.041562 5.590683 5.474054 5.066748 5.802805 6.439303 8.399912 8.351698 8.700651 8.059749 8.117747 8.225202 8.521948 8.073224 8.211436 8.560519 8.936297 9.50592 9.69005 10.03791 10.31337 10.59991 11.00769 
  5.198977 4.75425 4.257442 4.764684 5.52633 6.546113 8.043431 7.770473 8.403182 8.718756 8.242817 7.921515 8.756474 7.876165 8.289109 8.614594 9.222657 9.539313 9.542467 9.803758 10.47412 10.63255 11.42755 
  5.539221 4.988451 4.344343 5.066748 5.704064 7.627001 7.954311 7.445413 7.560352 7.853809 7.424937 7.193141 7.409173 7.83069 8.788975 8.682188 9.390662 9.472528 9.779067 9.966398 9.9807 9.995585 10.60076 
  5.161171 3.850901 3.822938 5.811838 4.657408 6.439303 8.399912 8.061086 6.876226 7.347899 7.121446 6.724063 7.454639 7.133408 7.874851 7.816986 8.548769 8.993362 9.500288 9.707634 10.15262 10.46935 10.88421 
  5.236781 4.419676 4.460211 6.013213 5.012876 6.919945 7.864901 7.409295 6.832464 7.235476 7.607032 6.619823 7.40008 7.754899 8.133762 8.960212 9.096654 9.017458 8.656716 9.428875 9.765805 9.995585 10.78542 
  5.123366 6.087322 5.96646 6.213806 5.783057 5.958662 6.479047 7.011998 7.335726 7.894997 7.060748 7.540606 7.572852 7.709424 8.159654 8.371256 8.294871 9.06565 9.779067 9.871044 10.24907 10.33399 10.76072 
  4.291656 5.724513 6.256097 5.7917 5.802805 5.478021 7.462556 8.351698 7.60993 7.936185 7.627264 7.280007 8.326509 8.10354 8.012937 8.506444 9.432664 9.77306 9.704886 10.15711 10.60273 10.50199 11.40285 
  3.119702 4.62042 4.199508 5.811838 4.973379 6.706326 8.132551 8.279045 6.438607 7.48843 7.546333 7.40162 8.170159 8.027749 8.761146 8.209031 8.976386 9.572705 9.542467 10.13327 9.894742 10.45001 10.81012 
  4.027021 6.087322 5.010583 5.650737 5.704064 7.020953 8.132551 7.988432 7.560352 7.544642 6.979816 7.471113 7.809277 7.997432 7.892111 8.994965 8.829393 9.77306 9.808739 9.894882 10.40982 10.59991 10.58847 
  3.951412 5.155738 4.981616 5.7917 5.704064 7.627001 8.310791 7.553766 8.353603 8.224501 7.08098 7.245261 7.563759 8.073224 8.125132 9.099224 9.029839 9.402992 9.472169 10.08559 9.740018 10.41134 10.85951 
  5.123366 4.586963 4.865748 5.570187 5.19061 6.492708 6.613162 7.409295 7.857821 7.769491 6.85842 6.75881 7.572852 8.491086 8.566341 8.479406 9.138655 9.706275 9.853247 9.822982 9.619678 10.41134 10.6499 
  4.858731 4.218932 3.822938 4.724409 5.52633 7.728009 7.507261 9.441495 9.097277 8.924695 7.829592 7.175768 7.636505 8.058065 8.099241 8.263105 8.64231 9.672883 9.176919 10.01408 9.868955 10.63255 10.53933 
  5.274587 4.62042 5.271286 5.469499 5.309099 7.424985 7.775491 9.877415 10.08884 8.759943 6.757257 7.679592 7.581945 7.861007 7.969785 8.533482 8.802667 8.668068 9.927427 9.894882 10.07525 10.12128 10.21989 
  5.790391 4.62042 4.981616 5.086885 5.763309 6.439303 8.399912 8.642311 7.9074 7.685173 7.424937 7.106275 7.454639 7.542682 7.935264 8.506444 9.264659 9.50592 9.528407 10.01408 10.31337 10.44034 10.19532 
  6.543902 5.791428 5.387153 6.314102 5.881798 6.385899 7.194326 9.659454 9.047699 8.348064 7.992678 7.29738 7.409173 7.876165 8.427196 8.994965 9.600669 9.12589 9.514348 9.746083 10.40982 10.53463 10.67447 ]
