 [
  4.499229 2.642903 3.223663 3.078951 4.297935 4.244214 4.659848 5.326939 5.951711 6.213211 5.991138 7.0363 7.272869 7.240278 8.099493 8.45955 8.38364 9.442533 9.867517 9.762555 10.18051 10.04906 10.68298 
  4.087437 4.745311 4.468534 3.84228 4.375619 4.208741 5.048609 5.426486 5.951711 6.655559 6.849597 7.0363 7.651277 7.874935 8.60301 8.593464 8.679596 9.230841 9.459021 9.875487 9.641886 10.02567 10.57825 
  4.876705 4.828654 4.3757 3.613281 4.556881 4.918209 4.065271 4.76947 5.646519 6.107047 6.313061 6.813723 7.11946 7.765853 7.836124 8.648705 9.135511 8.927401 9.257123 10.07529 10.0373 10.32552 10.58479 
  5.29026 4.911996 4.468534 3.816835 5.154444 5.201996 5.071478 5.605673 6.162998 5.788557 6.803608 6.925012 7.293323 7.874935 8.60301 8.814428 8.482292 9.160038 9.004751 9.576289 10.08743 10.45269 10.55206 
  5.783027 4.176906 2.892662 3.791391 4.789933 4.315161 5.117214 6.349637 6.657851 7.41739 6.604323 7.105855 7.00696 7.825352 8.691133 9.422081 8.789209 9.028547 9.383308 10.04054 10.16619 10.04906 10.09658 
  5.219865 4.321623 4.6542 4.02039 4.090778 3.9959 4.774189 6.446035 6.392354 6.160129 6.619653 7.673429 7.405823 7.765853 8.60301 8.759188 8.657674 9.341864 9.948609 9.875487 10.29508 10.23014 10.61752 
  4.464913 4.350567 4.468534 4.671325 5.258685 5.618724 5.558635 6.156841 6.569352 6.372456 7.300375 7.673429 7.721048 7.567523 7.855633 8.47071 8.844016 9.392198 9.416959 9.910235 10.33804 10.31757 10.10705 
  3.984488 4.090075 4.468534 4.173056 5.154444 5.618724 5.437371 6.446035 6.20995 6.531701 6.849597 7.736626 7.79082 7.597272 7.6703 8.481869 9.236203 9.895545 9.908063 9.971045 9.986145 10.61166 10.47351 
  3.02364 3.077055 4.282866 4.272709 5.467166 6.035452 5.755425 6.831626 6.569352 6.584783 7.431632 6.869368 7.231959 7.983602 7.992194 8.414912 8.898823 9.291529 9.70533 10.01448 10.13039 10.17072 10.4997 
  5.571841 4.29268 4.150466 4.472017 5.675647 5.93127 5.32303 6.156841 6.20995 7.133846 7.825402 7.231055 7.497868 7.929268 7.923913 8.980152 9.030358 9.109465 9.383308 9.753868 10.25212 10.69115 10.40022 
  4.533545 4.061132 3.356064 3.893168 4.945963 4.563475 4.957136 7.024422 6.092568 6.443232 6.619653 7.064122 8.139677 7.815435 8.060475 7.879258 8.723441 9.291529 9.07205 9.461001 10.33804 10.05374 10.51279 
  5.29026 4.234793 3.422264 4.472017 4.168462 4.918209 5.460239 6.928024 5.904758 6.779416 7.366004 6.925012 7.610368 7.617105 7.845879 8.403753 8.789209 9.291529 9.130937 9.5907 10.01582 9.992913 10.34787 
  4.361965 4.176906 2.826462 4.173056 4.582776 4.528001 5.460239 5.287119 5.411756 6.018578 7.431632 7.736626 7.79082 7.250194 7.992194 8.25868 9.236203 9.392198 9.543144 10.37934 10.93236 10.12861 10.32693 
  5.994212 4.745311 2.760262 4.096723 4.194357 4.492528 5.300161 5.127843 4.871801 6.089353 6.834268 7.294251 8.27922 7.983602 8.29458 9.422081 9.63897 9.895545 9.366484 10.29247 10.6531 10.61166 10.48006 
  4.2247 3.192829 2.16446 3.715058 3.857726 2.931698 3.996666 4.729651 5.787377 6.47862 7.037862 6.952834 7.600141 7.607189 8.29458 8.759188 9.085165 9.008318 9.484258 9.439385 9.914919 9.922728 10.10705 
  5.219865 3.626981 2.991963 2.544621 3.883621 4.847262 5.048609 6.156841 4.801372 5.647005 6.466357 7.294251 7.191051 7.929268 8.382704 8.593464 8.515176 8.64419 9.624237 10.12741 10.10891 10.01631 10.40022 
  5.048285 3.279659 2.660962 4.147612 5.362925 5.514542 6.542586 6.542433 7.896835 9.047769 9.006711 9.379733 9.32579 7.929268 8.470826 8.593464 9.185857 9.442533 9.664783 10.03185 10.67458 10.28578 10.3374 
  5.013969 5.078681 7.717703 8.856785 9.324066 9.994368 9.002464 8.759583 10.9943 12.16675 11.10682 12.09718 11.83756 8.744274 8.338642 9.256357 9.689316 9.895545 9.467433 9.971045 10.13755 10.54013 10.78771 
  4.705125 6.912215 8.646036 9.952978 11.51312 13.01565 11.75753 10.30195 12.67577 13.37181 11.43496 12.22357 11.34916 7.825352 8.031212 9.256357 9.236203 9.392198 9.745876 9.583494 10.01582 10.61961 10.28505 
  3.70996 3.713811 3.918766 4.671325 6.822293 10.30691 9.297649 5.307029 8.958821 10.32372 7.234747 8.431787 8.069905 7.785686 8.382704 8.648705 9.135511 9.643871 9.223474 10.08398 10.45977 10.34936 10.48006 
  4.876705 5.745421 6.325202 6.764055 7.447736 8.01491 8.215303 8.181196 8.516327 8.551566 8.481685 8.305394 8.069905 7.929268 8.60301 8.481869 9.052281 9.200497 9.786424 10.15347 10.3452 10.51628 10.83353 
  10.28831 12.07945 13.00921 14.33775 15.89122 16.55783 15.49654 16.47141 17.63171 17.08017 16.42025 16.54541 16.16339 12.8193 12.39229 13.62041 14.11976 14.42567 13.15178 10.18822 10.10175 10.81833 10.95135 
  11.62582 13.41293 13.56621 14.13844 15.68274 17.49547 17.07086 16.37501 18.44627 18.23531 17.02675 17.47891 16.58202 13.79731 13.27352 14.61475 14.77425 14.82834 13.15178 10.21428 10.22347 11.09653 10.99717 
  12.89294 14.74641 14.58737 15.43394 16.93363 18.90211 18.45223 17.53179 20.02109 19.60704 18.2949 18.58744 17.49337 14.93345 14.18802 16.22 16.24404 15.92789 14.7331 11.10599 10.99611 11.60168 11.65503 
  13.31531 15.4865 14.86588 16.03186 17.45483 19.28974 19.44576 18.11018 20.56413 20.4012 18.79113 18.99585 18.25772 15.38325 14.64908 16.91458 16.65494 16.5665 16.0767 11.84921 11.63362 12.655 12.02161 
  14.01926 15.80988 15.60854 16.23117 17.87179 19.33534 19.07043 18.60903 20.56413 19.96802 18.57058 18.76247 18.25772 14.82965 14.11887 15.66433 15.83315 15.79242 15.1393 11.44664 11.39987 12.49042 11.63212 
  14.30726 16.01007 15.97988 16.72944 18.31217 19.83697 19.18082 19.22115 20.88995 19.89583 18.84626 18.76247 18.43411 15.34865 14.48771 16.19221 16.3155 16.29557 15.79548 12.46856 12.20738 12.95125 12.18199 
  14.51465 16.11786 16.16554 16.82909 18.2643 19.83697 19.11458 19.15994 20.88995 19.75143 18.51544 18.47076 18.22832 15.69465 14.55687 16.33113 16.33337 16.62455 16.04545 12.43759 12.12238 13.01708 12.2049 
  14.65291 16.13326 16.30041 16.92875 18.18451 19.85977 19.04835 19.20075 20.83565 19.46265 18.2949 18.1207 18.16953 15.97145 14.69519 16.08108 16.0118 15.98594 15.32678 12.74727 12.27113 13.31333 12.38819 
  14.71436 16.11786 16.36447 16.96277 18.23637 19.92817 19.02627 19.36398 20.88995 19.24606 18.40517 17.94566 18.08133 16.04065 14.74129 16.19221 16.06539 15.79242 15.32678 12.22082 11.93113 13.01708 12.47983 
  14.69132 16.04087 16.37796 17.00813 18.30818 19.95097 19.00419 19.54762 20.94426 19.02947 18.18462 17.71229 18.25772 16.21365 14.81045 16.58118 16.17258 15.83113 15.32678 11.35373 11.16611 12.8525 12.47983 
  14.56842 15.96387 16.3611 16.99679 18.33212 19.97377 18.93795 19.38438 21.05286 18.66849 17.90894 17.47891 18.08133 16.49045 14.81045 16.49783 16.10112 15.83113 15.76423 12.06598 11.29361 12.32584 12.02161 
  14.46088 15.93307 16.23298 16.97411 18.34409 19.85977 18.73925 19.40479 20.94426 18.5241 17.30244 17.18719 18.19893 16.10985 14.94877 16.41448 15.9582 15.85048 15.67049 11.1989 10.93236 11.70043 11.60921 
  14.44552 15.90228 16.17229 16.94009 18.43584 19.81417 18.65093 19.38438 20.83565 18.5241 17.02675 16.95382 18.11073 16.17905 15.11014 16.74788 16.04753 15.98594 15.82673 11.75631 11.54862 12.26001 11.97579 
  14.43784 15.80988 16.19926 16.99679 18.39994 19.79136 18.47431 19.42519 20.72704 18.09092 16.86134 16.77879 17.93434 16.42125 15.13319 16.7201 16.20831 16.31492 16.04545 11.57051 11.46362 12.16126 11.88414 
  14.42247 15.68669 16.18914 17.04216 18.37201 19.72296 18.31976 19.54762 20.56413 17.58554 16.69593 16.60376 17.87554 16.87105 15.13319 17.0535 16.45842 16.5665 16.32667 11.41567 11.10236 11.86501 11.63212 
  14.40711 15.59429 16.206 17.08752 18.39994 19.70016 18.16521 19.56802 20.40122 17.00797 16.47539 16.37038 17.87554 17.00945 15.27151 17.24798 16.40483 16.95353 16.70163 11.78728 11.59112 12.29292 12.11325 
  14.36871 15.4711 16.21275 17.1102 18.38398 19.70016 18.12105 19.58842 20.2383 16.71918 16.36511 16.2537 18.08133 17.00945 15.38678 17.41468 16.38696 16.95353 16.60789 12.09695 11.48487 12.91833 12.75476 
  14.35334 15.4249 16.21949 17.17825 18.39595 19.54055 18.09897 19.32317 19.69526 16.57479 16.08943 16.02032 17.99314 16.94024 15.1793 17.19241 16.10112 16.95353 16.60789 11.72534 11.16611 12.52334 12.18199 
  14.31494 15.34791 16.21949 17.23496 18.40393 19.38094 18.05482 19.15994 19.04362 16.286 15.75861 15.7286 17.78735 16.66345 14.99488 16.83123 15.85101 16.87613 16.42041 11.63244 10.97486 12.32584 12.09034 
  14.29189 15.28631 16.20938 17.25764 18.29622 19.15293 18.05482 18.85388 18.39197 15.85283 15.37265 15.3202 17.31698 16.10985 14.71824 16.16443 15.67236 16.37298 15.73299 11.44664 11.48487 12.35876 12.13616 
  14.29189 15.25551 16.22286 17.35971 18.32015 18.85651 18.12105 18.91509 17.36621 15.42751 14.84763 14.87782 16.9936 15.79845 14.32634 15.85881 15.52944 15.96659 14.76434 10.82729 10.99611 11.76626 11.88414 
  14.27653 15.22472 16.22286 17.46178 18.30818 18.53729 18.20936 18.99671 16.48122 14.93131 14.3226 14.43545 16.09362 15.24485 13.93444 15.77546 15.54731 15.73437 14.76434 10.79632 10.55285 11.2396 11.31137 
  14.28421 15.16312 16.16554 17.46178 18.18451 18.12056 18.05482 18.79267 15.50774 14.22245 13.60069 13.74029 15.25636 14.82965 13.09728 15.44337 15.07633 15.13035 13.75998 10.52702 10.20915 10.57987 10.96444 
  14.26117 15.16312 16.19926 17.56385 18.24036 17.80802 17.85802 18.30297 15.06524 13.79713 13.33818 13.29791 14.83773 14.34065 13.00915 15.00144 14.77425 14.82834 12.9085 10.4054 10.18767 10.17072 11.08226 
  14.23044 15.16312 16.25321 17.64324 18.33212 17.39129 17.56284 17.43539 14.88824 13.51359 13.14129 12.98193 14.34933 13.90598 12.48042 15.00144 14.8246 14.82834 12.54358 10.24903 10.24496 10.34936 10.82044 
  14.16005 15.07978 16.23972 17.56385 18.21244 16.97456 17.26765 16.47141 14.35725 13.08827 12.55064 12.41316 13.79116 13.41697 11.90762 14.17282 14.11976 14.02299 11.73266 10.18822 10.2736 10.54808 10.4866 
  14.08965 15.07978 16.21275 17.32569 18.08027 16.55783 17.07086 15.70023 13.73776 12.59207 12.2225 12.03398 13.4423 13.09097 11.73137 13.50993 13.66665 13.87198 11.52992 10.25772 10.03014 10.54808 10.99063 
  13.94886 15.07978 16.07271 16.92875 17.66331 16.24529 16.67728 14.83265 12.94127 12.02498 11.69747 11.27563 13.02368 12.71063 10.98233 12.95751 13.21353 13.21763 11.165 9.619522 10.04446 10.07714 10.8728 
  13.80807 15.07978 15.70138 16.33082 17.24635 15.72438 16.3821 14.44706 12.05628 11.17435 11.10682 10.77005 12.39573 12.1673 10.32141 12.29462 12.50869 12.26127 11.48938 9.797303 10.24496 10.30167 11.14118 
  13.66728 15.16312 15.14437 15.53359 16.6209 15.20347 15.49654 14.06147 11.52529 11.24523 11.23807 11.02284 11.76779 11.46096 9.704546 11.52124 11.55212 11.10358 10.80009 10.02317 9.908983 10.22219 10.97753 
  13.73768 15.16312 14.03037 14.13844 15.47426 14.78674 14.21741 12.80829 11.08279 11.67055 11.3037 11.59161 11.41893 9.830948 8.91144 11.57649 12.05557 10.14722 9.745876 9.910235 9.802144 10.23808 10.56515 
  13.52649 14.82975 13.00921 12.94259 13.07673 12.7031 14.21741 12.80829 11.08279 12.02498 10.64742 11.14923 11.00031 9.776614 8.470826 11.74221 12.45834 10.49956 9.989156 9.779929 10.05879 10.54808 10.49315 
  12.89294 13.7463 11.70954 11.54744 10.99191 10.51528 11.16716 10.59114 9.224318 10.11106 9.531737 9.885304 9.814191 9.450612 8.558949 9.422081 10.5452 9.341864 9.501082 9.612316 9.790274 10.27783 10.52588 
  13.24491 12.32948 11.89521 12.34467 11.7216 10.20273 10.67518 9.627164 9.755311 10.32372 9.79425 9.506126 9.953733 8.907275 8.470826 9.090634 9.336895 9.442533 9.82697 9.684371 9.695305 10.17072 10.50624 
  12.25938 11.07934 10.78121 9.952978 10.57495 9.369276 9.986415 9.434368 8.958821 10.04017 9.40048 9.000555 9.883963 9.070276 8.382704 9.201117 9.689316 9.643871 10.15134 9.547467 9.695305 10.16136 10.55861 
  13.4561 12.49616 9.945704 10.45125 9.428307 9.369276 9.49444 9.145175 9.04732 10.11106 9.006711 9.569323 10.23282 8.526939 7.953177 9.532563 10.29347 9.895545 10.19189 9.875487 10.00989 10.19879 9.803406 
  11.62582 11.16268 10.87404 9.853323 9.94951 9.473458 9.396044 8.566788 8.604826 9.827515 8.612941 9.000555 10.02351 8.907275 8.955502 9.145875 9.941046 9.643871 9.989156 9.858112 9.908983 10.38911 10.16987 
  11.20345 11.24602 8.646036 8.45817 8.698623 8.640002 8.412093 6.638831 7.719837 9.473084 10.12239 9.506126 9.744419 9.178944 8.426764 8.548826 9.487932 9.593536 9.989156 9.797303 9.932725 10.65141 10.82044 
  9.795549 9.412489 7.067869 8.059555 5.988369 8.119092 8.313698 6.349637 8.073833 9.189541 8.350428 8.36859 9.604877 9.070276 8.691133 8.759188 9.689316 9.543202 9.509495 9.633933 10.3094 10.18943 10.51933 
  7.894881 7.41227 7.067869 6.265786 6.092609 6.139634 6.837771 6.060443 6.923347 8.835111 8.809826 8.052608 8.418762 8.037936 8.514888 8.980152 8.767286 9.069006 9.867517 10.25772 10.26644 10.22219 10.27458 
  6.205397 5.662078 5.304034 4.770978 6.19685 6.139634 6.936166 5.008385 6.20995 7.630048 8.2848 8.179001 8.628077 9.613613 9.219871 9.532563 10.04174 9.744541 9.786424 9.858112 10.23064 10.405 10.76153 
  8.106066 7.245585 5.211201 5.667863 7.135015 5.618724 5.558635 5.545944 6.657851 7.630048 6.834268 8.36859 8.27922 9.233277 8.470826 8.980152 9.38724 9.744541 9.82697 9.612316 10.10175 10.82627 10.37928 
  8.317251 5.662078 5.211201 5.966825 6.092609 5.060102 6.2474 5.964046 6.657851 7.913592 6.711631 8.494984 8.418762 8.037936 8.735195 8.759188 8.427485 9.170153 9.786424 9.453796 10.26644 10.57192 10.41069 
  7.824486 5.162024 4.084266 4.770978 5.571406 5.41036 6.2474 6.060443 6.392354 7.842706 7.628517 7.48384 7.79082 8.309605 8.13851 8.493029 8.953629 9.543202 9.624237 9.779929 10.45977 10.44475 10.59788 
  7.261324 5.412051 5.582534 4.870632 5.779887 5.514542 5.460239 6.349637 6.116045 7.630048 7.366004 7.078033 7.860591 7.597272 8.109247 8.648705 8.865938 8.714993 9.534732 10.03185 10.00395 10.30167 10.61097 
  5.994212 4.661969 4.839867 4.870632 4.945963 4.953682 5.32303 5.665401 6.20995 7.275618 7.037862 7.989412 7.79082 7.855102 7.962931 8.202883 9.437587 9.341864 9.908063 9.771242 10.04446 10.41295 10.53897 
  6.627768 4.995339 4.561367 4.571671 3.831832 5.618724 6.542586 6.446035 6.392354 6.850302 6.818938 6.646791 7.231959 7.597272 8.647072 8.703946 9.185857 8.957745 9.459021 9.605111 9.908983 10.42885 10.13846 
  6.557373 5.662078 4.9327 4.372363 5.154444 4.386107 5.952215 5.605673 5.857806 6.761722 6.680972 6.340747 7.579686 7.874935 7.787352 8.47071 9.185857 9.341864 9.867517 9.814677 10.40249 10.38116 10.7157 
  7.402115 5.995448 5.396867 5.06994 6.19685 5.306178 5.048609 4.968566 6.480853 6.850302 7.037862 7.48384 7.170596 7.636938 8.148265 7.968534 9.135511 9.069006 9.543144 9.626727 9.63595 10.10521 10.42116 
  6.698163 4.745311 4.3757 3.84228 4.789933 5.41036 5.952215 5.506125 6.392354 7.204732 6.74229 6.994567 7.721048 8.309605 8.470826 8.45955 9.185857 8.836369 9.583691 9.892861 9.974274 10.21283 10.46304 
  8.035671 5.995448 4.839867 3.715058 4.116673 5.722906 6.05061 5.864498 6.045616 7.133846 6.757619 6.632879 7.651277 8.200937 7.777598 8.325637 9.135511 9.341864 9.786424 9.561878 10.00989 10.61166 10.7157 
  5.642236 5.162024 3.918766 3.460615 4.453303 5.514542 5.558635 6.446035 6.256903 6.761722 6.956904 7.1615 7.559232 8.635607 8.382704 9.035393 9.286549 10.04655 9.583691 9.626727 10.13039 10.13328 10.59134 
  6.205397 2.874451 3.091263 3.613281 4.66046 4.705368 4.385427 5.705221 5.881282 5.965496 7.234747 7.105855 8.000134 7.448524 8.284826 9.090634 9.336895 9.84521 9.583691 9.223221 10.28792 10.86602 10.51279 
  4.464913 2.961281 3.256763 3.740503 4.064883 4.598948 5.208688 6.253239 6.74635 6.47862 6.972234 7.1615 7.283096 7.865018 8.60301 8.593464 9.135511 9.149923 9.484258 9.655549 9.825886 10.33347 10.62407 
  4.053121 3.424376 3.852565 3.231616 3.184466 4.918209 5.277293 5.486216 6.303855 6.850302 7.037862 6.813723 7.518323 7.617105 8.338642 8.703946 8.624789 9.008318 9.139349 9.518645 9.992081 10.12861 10.40022 
  3.572696 4.37951 3.951865 4.272709 4.712249 5.514542 4.591243 5.366758 5.482185 7.275618 6.680972 7.231055 6.996733 8.472606 8.236054 8.481869 8.526137 9.079121 9.786424 10.09266 10.22347 10.405 10.42116 
  4.533545 3.713811 3.852565 3.460615 4.064883 4.705368 5.65703 6.349637 6.834848 6.726335 7.234747 7.357448 7.068324 8.037936 8.426764 8.86967 8.778248 9.341864 9.867517 9.884174 10.35952 10.58782 10.43163 
  4.156069 4.495284 3.753265 3.180728 4.038989 3.605693 4.316823 4.689832 6.303855 5.912414 6.543005 7.091944 7.160369 7.369193 8.265317 8.759188 9.538279 9.160038 9.543144 9.684371 10.03014 10.55603 10.76153 
  4.567861 3.221772 2.760262 3.587837 4.841722 4.208741 4.934268 5.944136 6.657851 6.637865 6.573664 6.980656 7.518323 7.983602 8.60301 8.013172 8.844016 9.160038 9.425371 9.612316 9.796208 10.18475 10.59134 ]
