 [
  6.934797 6.235211 7.387381 8.124518 7.160242 7.340076 7.222792 7.362726 8.065997 8.212772 6.84943 7.860008 7.704472 8.262056 8.470999 8.46731 8.766745 9.132023 9.709835 10.07381 10.53682 11.00233 11.28893 
  6.786488 7.85616 6.883615 7.97754 6.787064 7.274492 7.406983 7.223098 7.689393 8.104853 7.524549 8.256083 7.005737 8.132599 8.215937 8.021617 8.281109 8.924317 9.793274 9.982896 9.733475 10.40138 10.36371 
  6.133924 7.023781 8.123655 9.006392 6.836821 6.454684 6.065013 7.956145 8.065997 8.212772 6.928856 7.810499 7.597967 7.561574 8.044714 8.519702 9.329412 8.888536 9.128359 9.709441 10.07653 10.13297 10.44102 
  6.015276 5.972354 5.759827 7.316135 5.443621 5.930007 6.617589 8.799305 8.269534 8.169604 7.047995 7.265895 7.526964 7.818201 8.072009 8.63472 8.753255 9.527845 9.517283 9.910793 10.08996 10.17465 10.47415 
  5.688995 7.06759 6.418599 6.10356 6.115342 5.536499 6.907034 8.377725 7.429792 7.435755 6.84943 7.217908 7.633469 8.299044 8.643337 9.001679 8.766745 9.2953 9.774019 9.829288 10.14907 10.16076 10.56323 
  6.66784 6.848543 5.953583 6.617986 6.314371 7.143323 7.749054 7.676889 7.184614 7.06883 7.047995 7.232889 7.935232 8.46549 8.533041 8.935955 9.250533 9.141918 9.874595 9.698289 10.13295 10.25109 10.50729 
  6.163586 8.119017 6.999868 7.058922 6.488521 6.68423 6.749155 7.956145 7.242303 6.917744 7.206846 8.124059 7.828728 7.751544 8.31934 9.215283 9.182172 9.171605 9.77081 9.75405 10.03891 10.69149 10.7758 
  6.193248 6.673306 6.069837 5.846347 5.692407 7.077738 7.45961 7.72925 6.939436 7.371004 6.948712 7.348411 7.491463 7.836695 8.140247 8.651151 9.292602 9.127075 9.575049 9.964087 10.13564 10.33847 10.5856 
  4.49827 4.877119 4.94605 5.442155 6.239735 6.913776 7.170165 7.78161 7.054814 7.06883 6.513377 7.397921 8.041737 8.299044 7.430575 8.127176 8.699295 9.493211 9.680952 10.15531 9.779903 10.20243 10.25327 
  5.422038 5.928545 7.65864 7.426369 6.787064 7.176115 7.617488 6.263155 6.333703 6.72349 6.104145 6.84339 7.562466 7.966153 7.826354 8.326565 8.998121 9.671331 9.933452 9.813613 10.2028 10.42585 10.97719 
  4.169864 6.235211 7.774894 7.830561 6.090464 7.11053 6.196579 6.821667 6.535614 7.198334 7.18699 7.414424 7.988484 7.326904 8.188362 7.822228 8.803555 8.983952 9.235431 9.642528 9.675439 10.28604 11.01635 
  4.060396 5.797117 7.852396 8.161263 6.165099 7.405662 6.354458 6.280608 6.694259 5.920962 6.795606 7.364914 6.908592 7.781213 8.099304 8.820938 9.019156 9.16171 9.559003 9.979761 10.32908 10.12603 10.54644 
  6.341558 5.57807 7.542386 8.308242 5.543135 6.290722 6.854407 7.013656 6.751947 6.982495 6.753272 7.579455 7.509213 7.818201 8.153894 8.314837 8.699295 8.900463 9.164049 9.731746 10.18668 10.29653 10.37476 
  6.193248 5.797117 7.619889 8.638945 6.836821 6.520268 6.407084 6.367876 6.045258 7.219917 6.598045 6.798448 8.414503 8.761394 7.607993 7.974702 9.176913 9.47342 9.44989 9.631375 10.02817 10.50624 10.88769 
  5.688995 6.103783 8.433666 8.418476 7.831964 6.68423 6.722842 6.874027 7.054814 6.982495 7.703258 7.694977 7.526964 8.188081 8.181469 8.514225 9.134845 8.91239 9.021286 9.904524 10.21086 10.45381 11.11145 
  5.570347 4.439024 5.604822 5.235875 5.219714 5.766045 6.749155 5.675901 6.492347 6.507652 6.146479 7.282399 7.739974 8.00314 7.648936 8.530656 8.787779 8.721559 9.619978 10.42166 9.988832 10.54469 10.35267 
  6.252572 5.315213 5.876081 7.426369 6.687549 5.83163 6.722842 5.537318 6.348125 6.123207 6.5416 7.744486 8.290248 8.040129 8.195256 8.420395 9.33467 9.055513 9.378194 9.609071 9.803118 9.931558 10.70308 
  5.392375 6.498068 5.372314 6.177049 6.289492 6.25793 6.038701 6.106073 5.876155 5.765389 6.84943 7.76099 7.739974 7.550399 8.567509 9.340665 9.00338 9.60701 9.53012 9.913929 9.861154 9.799596 10.35267 
  5.100346 6.760924 7.542386 7.095667 6.712428 7.963131 7.538549 7.066016 6.102947 6.917744 6.555711 6.963236 7.704472 8.576453 8.601976 9.034542 8.961311 9.1815 9.61035 9.807343 10.15444 10.18159 10.70867 
  7.646684 7.199018 7.077371 7.793816 7.881721 7.831962 8.72264 6.14098 5.564469 6.788241 6.84943 6.978217 8.148241 8.594948 8.140247 8.314837 9.055965 9.290352 9.498028 9.976626 10.13832 10.66702 10.65273 
  10.94667 10.28071 8.278661 8.308242 8.304656 8.356639 8.30163 6.629678 6.000829 6.200993 6.809717 7.661971 8.503257 8.132599 7.894591 7.763584 8.631845 8.721559 9.421007 10.20858 10.15444 10.47478 10.92684 
  14.80339 15.00479 14.89903 13.94283 11.82482 10.04197 9.737788 7.572168 7.660548 7.025663 6.968569 8.668662 9.893222 9.260731 8.533041 9.204329 8.739765 9.488263 9.623187 10.02678 10.3237 10.34197 10.56882 
  15.86732 16.53316 16.86698 16.2437 14.60389 14.09036 12.37717 9.642465 8.473072 8.061686 9.053497 10.22488 10.67118 9.981995 8.981123 8.689489 8.1597 8.578436 9.421007 9.929603 10.33983 10.13297 9.800461 
  15.60134 15.56056 16.30471 15.75065 14.04808 13.51202 11.36203 9.853254 7.862459 8.212772 8.378378 9.213266 11.18982 11.05199 9.164101 7.927787 9.108551 8.876609 9.342503 9.970356 9.803118 10.47828 11.16739 
  16.1333 17.08894 17.42925 18.05152 16.64188 16.40372 14.40747 11.96115 10.30491 10.64779 10.46589 10.85316 12.48641 11.74352 10.44239 8.46731 9.624002 9.725757 9.799693 10.36839 10.10071 10.56915 11.42012 
  16.66526 17.64471 17.56982 19.20195 18.12405 17.36762 15.82868 12.80431 11.52613 11.49696 11.16249 12.10972 13.39403 12.66557 11.84851 8.996202 8.987604 9.463524 9.369271 9.848096 10.14638 11.00233 11.22333 
  16.93124 18.06154 17.71038 19.85934 19.05041 18.33152 16.23474 13.64747 12.34029 12.34613 11.71976 12.738 14.04233 13.01133 10.82588 9.466046 9.531921 9.399203 10.11002 9.951547 10.33445 10.87799 11.68251 
  17.06423 18.33943 17.85095 20.18803 19.60623 19.29542 16.84383 14.49063 13.15444 13.02546 12.41635 13.49193 15.0796 13.93338 12.35983 10.09295 10.0844 9.725757 9.408171 9.731746 10.47653 10.52721 11.55131 
  17.19722 18.47837 17.99152 20.35238 19.97677 19.87376 17.65594 15.123 13.35797 13.53496 13.11295 14.37152 15.7279 14.74016 13.51029 11.34676 11.4656 10.11688 9.485191 9.851232 10.41624 10.61459 11.8793 
  17.19722 18.61731 18.13209 20.35238 19.97677 20.4521 18.46806 15.33379 13.96859 13.87463 13.67022 14.87415 16.11688 15.31644 14.27727 11.84829 11.74184 10.33077 10.05116 10.42166 11.26034 11.00233 12.14168 
  17.19722 18.61731 18.41322 20.18803 19.97677 20.83766 19.28018 15.54458 14.17212 14.2143 14.08818 15.12546 16.50586 15.54695 14.27727 12.34982 12.66264 11.11504 10.46316 10.36839 11.44122 11.56185 12.01049 
  17.33021 18.61731 18.41322 20.02368 19.7915 21.03045 20.0923 15.75537 14.78273 14.89363 14.64545 15.50243 16.76517 15.89272 15.04425 13.1021 13.21512 11.82802 11.05172 10.58147 11.80298 11.93487 12.33847 
  17.33021 18.75626 18.41322 19.85934 19.7915 21.22322 20.70139 17.2309 15.18981 15.2333 15.06341 15.87939 17.15415 16.35374 15.17208 13.35287 13.49136 12.04191 11.22829 11.11416 12.64708 12.12137 12.46966 
  17.33021 18.75626 18.27266 19.85934 19.60623 20.83766 20.90442 18.91722 15.59689 15.57296 15.20273 16.00505 17.28381 16.469 15.68339 13.85439 13.85968 12.1845 11.11058 11.27397 12.64708 12.12137 12.73205 
  17.33021 18.75626 18.27266 19.69499 19.42096 20.4521 21.51351 20.60354 16.2075 16.2523 15.76 16.25636 17.41347 16.69951 16.06688 13.97977 13.95176 12.2558 11.16943 11.43378 13.00884 13.73777 12.73205 
  17.33021 18.75626 18.13209 19.53064 19.05041 19.87376 21.31048 21.02512 18.03934 16.59196 16.17796 16.63333 17.41347 16.81476 16.45037 14.35592 13.85968 12.04191 10.69858 11.2207 12.70737 13.42692 13.25681 
  17.19722 18.61731 17.99152 19.20195 19.05041 19.4882 20.49836 21.23591 19.26056 17.2713 16.31728 16.50767 17.67279 17.16053 16.83385 14.73206 13.95176 11.97061 10.63973 10.63474 12.64708 13.30258 12.79764 
  17.06423 18.47837 17.71038 18.87325 18.86514 18.90986 19.88927 20.60354 20.68532 17.7808 16.87455 17.13595 17.93211 17.39104 17.08951 15.48435 14.87255 11.25764 10.28659 11.43378 13.06913 13.30258 13.71599 
  16.93124 18.33943 17.42925 18.70891 18.86514 18.33152 19.48321 19.3388 20.27825 18.7998 17.29251 17.26161 17.93211 17.39104 16.19471 15.60973 15.14879 9.974283 9.324657 11.7534 13.49118 13.48909 13.06003 
  16.79825 18.06154 17.00755 18.38021 18.67987 17.36762 18.67109 18.49564 19.66764 19.64897 17.43183 16.88464 17.54313 17.04527 15.2999 15.23358 14.68839 10.75855 9.874595 11.27397 12.94855 12.68089 12.79764 
  16.66526 17.78365 16.72641 18.21586 18.30933 16.5965 17.85897 17.65248 18.44641 19.8188 17.9891 16.75899 17.02449 16.12323 14.02161 14.23053 14.228 11.25764 9.874595 11.7534 13.12942 13.42692 12.66645 
  16.39928 17.64471 16.44527 18.05152 18.12405 16.21094 17.24989 16.80932 16.81811 18.96964 18.12842 16.50767 16.11688 15.31644 13.76595 14.60668 14.68839 11.89931 10.46316 11.70013 13.18972 13.48909 12.73205 
  16.26629 17.36682 16.30471 17.88717 17.93878 15.6326 16.84383 16.38774 16.41104 18.62997 18.12842 16.25636 15.85756 15.4317 16.83385 17.1143 15.24087 13.53915 13.34711 12.55244 13.3706 12.68089 13.4536 
  16.1333 17.08894 16.16414 17.72282 17.56824 15.05426 16.03171 15.54458 15.80042 18.12047 17.9891 15.50243 15.59824 15.08593 13.76595 13.97977 14.13592 11.47153 9.933452 11.38051 12.52649 11.81053 12.33847 
  15.60134 16.53316 16.02357 17.39413 16.45661 14.28314 14.6105 14.49063 14.78273 16.93163 16.73523 14.9998 14.82028 14.74016 12.74332 11.97367 12.93888 10.75855 10.05116 11.43378 12.34562 11.31318 11.48572 
  15.33536 15.97739 15.32073 15.09326 13.67753 12.54811 11.97111 10.9072 11.72967 14.2143 13.94886 13.99456 14.04233 13.70286 11.46503 10.21833 10.45272 10.61596 9.815739 10.31512 10.32102 10.63556 11.28893 
  15.33536 16.11633 15.60187 15.09326 13.49226 12.93367 12.37717 9.853254 10.10137 14.04446 13.94886 13.74325 14.17198 14.16389 10.44239 9.967571 10.17648 10.40207 9.199739 10.11769 10.778 10.94016 11.42012 
  15.20236 15.83845 15.32073 14.60022 12.75118 12.35533 11.36203 9.010095 9.083684 12.17629 12.55567 13.11497 13.78301 14.3944 13.76595 12.97672 12.01808 11.25764 10.58087 11.54032 12.22503 12.68089 12.20728 
  15.06937 15.42162 15.0396 14.10718 11.82482 10.81309 10.95597 8.377725 8.065997 12.34613 12.83431 12.738 13.26437 13.47235 11.46503 10.59448 10.0844 10.04558 9.324657 10.04873 10.27266 11.18884 11.42012 
  15.20236 14.58796 12.79051 12.7924 9.045743 10.62031 10.34688 7.380179 8.269534 12.85563 12.97363 11.6071 12.87539 11.97403 9.164101 8.864754 9.808161 10.18818 9.430635 9.575615 10.15444 10.30701 10.51847 
  14.80339 14.31007 12.79051 11.80632 9.416286 9.849191 9.737788 8.377725 6.477925 10.47796 12.27704 11.98406 11.70845 11.85878 9.931076 8.996202 9.318894 10.04558 9.369271 9.942142 9.837939 10.11214 10.66951 
  13.73947 12.5038 11.1037 10.32719 9.045743 9.849191 9.737788 8.377725 7.242303 10.98746 11.71976 10.97882 11.31948 11.62827 9.164101 9.215283 9.345187 9.616905 9.421007 9.698289 9.977225 10.20243 10.46311 
  12.14358 10.14177 11.1037 11.31328 8.279778 9.07807 9.534759 7.956145 7.098081 11.49696 11.9984 10.60185 9.728061 10.12995 8.781209 8.892139 9.134845 9.339829 9.549376 10.00484 10.15713 10.39439 10.54644 
  10.5477 10.5586 12.22824 11.47762 9.231014 10.04197 9.737788 7.868877 7.574015 10.64779 11.3018 10.7275 10.15254 11.2825 8.774316 8.831892 8.840364 9.597115 9.378194 9.860636 10.41624 10.5342 10.54085 
  8.95181 10.41965 10.682 9.998498 9.231014 9.849191 8.696327 6.175887 6.492347 9.289124 10.32657 9.470947 9.408546 10.93674 9.419759 8.514225 9.37148 9.621853 9.754764 9.77286 9.791511 10.45381 10.66951 
  8.358571 9.608538 9.557453 9.190115 7.583178 8.455015 7.854307 7.013656 7.28557 9.119291 10.18726 9.18026 9.763562 10.93674 8.912187 8.79903 9.15062 9.079368 9.378194 10.26185 10.19743 10.58663 10.91566 
  8.773838 10.00282 9.698021 8.491965 7.209999 7.602415 7.906933 6.874027 7.54517 9.289124 9.271918 9.345291 8.876023 8.798381 8.60887 8.875709 9.387256 9.329934 9.462728 10.20858 10.65741 10.62158 10.70308 
  7.824656 8.469492 9.286194 8.051029 7.010971 7.11053 7.143852 6.350422 7.299992 8.903454 9.351344 8.404613 8.379002 8.55796 8.601976 8.232735 9.103292 9.285404 9.342503 9.901389 10.41624 10.15381 10.4852 
  8.03229 8.513302 8.937432 8.234753 7.508542 7.504038 7.485923 7.083469 6.852903 7.910599 9.033641 7.893015 8.077238 7.729195 8.898399 8.601857 8.924501 9.151814 9.306812 10.15531 10.04429 10.24759 10.70308 
  8.477219 8.513302 8.046153 7.97754 5.667528 6.618646 7.827993 7.258005 6.708681 8.234356 8.497517 7.595958 8.396752 8.114104 8.160788 8.8538 8.92976 9.201292 9.520493 9.99857 9.965618 10.17465 10.7758 
  8.061951 8.425682 7.077371 6.434262 6.015828 6.585853 6.11764 5.583512 7.487481 7.435755 7.167133 7.098063 8.361251 8.021635 7.840001 8.443852 8.496947 9.019732 9.351425 9.920198 10.35595 10.52721 10.70867 
  7.794993 7.987588 6.883615 7.463114 6.33925 6.25793 5.565064 5.675901 6.146214 7.543674 7.723114 7.331908 8.201494 8.317538 8.367595 8.842846 8.685805 9.103221 9.181894 9.87004 10.1437 10.18159 10.79818 
  6.905135 7.81235 7.193624 7.536603 7.284635 7.307284 6.065013 5.983898 6.348125 7.457339 8.001104 7.595958 7.47932 8.206574 8.236617 8.914047 8.726274 9.191397 9.469146 9.709441 9.930797 9.938503 10.84853 
  6.845811 7.81235 7.116122 7.095667 5.966071 6.421892 5.722943 5.757002 5.767065 7.392588 7.345841 7.678474 7.260743 7.836695 8.491679 8.455582 9.087517 9.902986 10.05116 10.15218 10.19743 10.75366 11.1562 
  5.718657 6.454258 6.14734 6.177049 5.941192 5.930007 5.670317 6.245701 6.362547 6.680323 7.246559 7.172966 7.633469 7.947659 7.990124 8.820938 9.019156 9.156762 9.751554 9.819882 9.965618 10.34197 10.37476 
  6.0746 6.760924 6.728609 6.581241 5.866557 5.27416 4.980374 5.652804 6.05968 6.745074 7.544406 7.529946 7.309316 7.662147 8.271085 8.684012 9.082258 9.03166 9.7323 9.9923 9.965618 10.2441 10.66951 
  6.697501 7.1114 6.224842 5.515645 5.319228 6.159553 6.196579 5.983898 5.938492 6.399733 7.12742 7.562952 7.580216 7.706845 8.450317 8.914047 8.92976 9.902986 9.49161 9.620223 10.21086 10.42236 10.8709 
  5.866967 6.498068 6.14734 5.589134 6.040707 5.962799 5.69663 5.757002 6.333703 6.701906 6.682714 7.083082 7.187884 8.243563 8.31934 8.963341 9.203206 9.379412 9.992308 9.742898 10.21624 10.28604 10.3858 
  6.875473 7.199018 5.604822 5.772858 5.145078 4.727719 5.105102 5.914084 6.477925 6.701906 7.18699 7.331908 7.722223 7.639797 8.60887 8.788076 8.971828 8.888536 9.510865 9.935873 9.954011 10.31051 10.49624 
  6.0746 6.541877 5.062304 6.691475 5.368985 4.676742 5.644003 6.123526 5.829402 5.516473 7.12742 7.430927 7.633469 7.751544 8.374489 8.640197 8.685805 9.166657 9.552585 9.642528 10.01473 10.04268 10.51847 
  5.451699 5.753307 5.139806 5.919837 4.316334 4.345386 4.637371 5.698998 5.735897 5.640932 7.544406 7.331908 7.236457 7.729195 8.408957 8.903093 9.15062 9.091294 9.61035 10.06754 10.33714 10.27206 10.60239 
  4.635105 4.006125 4.984801 4.939368 5.418743 5.142991 5.69663 6.350422 6.708681 5.843176 6.626268 6.84339 8.13049 8.428502 7.908239 8.919524 8.658826 9.186449 9.741927 9.913929 10.19743 10.29653 10.98279 
  6.578854 5.57807 5.062304 5.993326 5.667528 5.306952 5.538751 5.79191 5.844986 6.89616 7.147277 7.157986 7.88198 7.282206 7.853649 8.547087 9.045448 8.995879 9.696999 9.929603 10.03891 10.48177 10.67511 
  6.489868 6.059973 5.759827 6.213794 5.767042 5.175783 5.433498 6.14098 6.982703 6.572403 6.968569 7.348411 8.414503 8.483984 8.243511 8.749737 9.071741 9.626801 9.324657 10.15531 10.15713 10.18854 10.60798 
  5.570347 5.884736 5.682324 5.265526 6.040707 5.339745 5.644003 6.210794 6.391392 6.572403 6.829574 7.414424 7.704472 8.077117 8.160788 9.340665 9.418807 9.146866 9.33358 9.804208 9.814725 10.23021 11.04432 
  7.320402 5.797117 5.411065 5.146923 5.4685 5.372537 6.301832 5.675901 5.969661 5.796504 7.147277 7.71148 7.544715 7.047536 7.280453 8.892139 9.18743 9.448681 9.626396 10.31512 10.23773 10.34896 10.72546 
  7.468712 6.454258 4.984801 5.405411 6.563157 5.27416 5.722943 4.982985 5.860571 6.809825 6.499266 7.348411 7.864229 7.762719 7.976477 8.396937 9.255792 9.369516 9.478773 10.04246 10.21086 10.49575 10.58001 
  6.282234 6.191401 4.442976 5.235875 5.791921 4.549297 4.294367 5.306346 5.657975 5.983191 6.245259 6.63366 7.467176 7.836695 8.264192 8.59638 8.375538 9.260665 9.933452 10.11769 10.33177 10.43634 10.52966 
  6.430544 5.183784 4.636039 4.405655 4.865315 4.676742 5.042738 5.468027 6.665414 6.200993 7.325985 7.44743 7.757724 7.751544 8.767422 8.138905 8.308089 9.240874 9.703417 9.913929 10.02817 10.69149 10.76462 
  5.540685 5.928545 6.108588 5.699368 5.443621 5.766045 5.775569 6.420236 8.269534 8.471777 9.351344 10.35054 11.31948 11.74352 11.72069 11.47215 11.0052 10.25947 9.360348 10.47493 10.41624 10.6111 11.68251 
  4.881409 5.227594 6.263594 5.117272 4.532005 4.753208 5.261013 6.001352 6.434659 6.89616 8.060675 8.140562 9.03578 9.519646 9.419759 9.187899 8.950794 9.285404 9.504447 9.408331 10.29684 10.36643 10.69189 
  6.163586 5.052357 5.837329 6.066815 5.022167 5.503706 6.143953 5.757002 6.593303 6.309894 6.725049 6.274122 6.714302 8.132599 8.305552 8.694966 9.276826 9.310143 9.485191 9.408331 10.27534 10.5342 10.74783 
  6.163586 5.227594 6.186091 5.919837 5.1202 4.829675 5.670317 5.02918 6.030836 6.169878 7.246559 7.331908 7.828728 7.248681 7.867296 9.012633 8.402518 8.995879 9.725882 10.14591 10.25385 10.18159 10.57441 
  5.422038 4.701881 4.010904 4.613211 4.512399 4.498319 3.857818 5.914084 6.045258 6.529236 6.654491 7.595958 8.041737 7.892177 8.250404 8.716875 8.335069 8.36375 9.324657 9.531006 10.01205 10.42935 10.57441 
  7.142431 6.235211 4.442976 4.642861 4.66925 4.141475 4.824463 4.243876 5.019019 5.827619 6.84943 7.579455 7.321459 8.021635 8.277979 8.232735 9.103292 9.007806 8.976673 9.040307 9.570975 10.11908 10.71427 
  5.955953 4.920928 4.566426 5.368666 5.002561 4.396364 5.292195 5.914084 6.175058 5.734275 6.829574 7.187947 7.187884 8.040129 8.60887 8.479038 8.645336 8.852756 9.815739 9.642528 10.2646 10.75366 10.51288 
  6.163586 5.621879 4.791045 5.883092 4.904529 4.727719 5.229831 5.560415 6.102947 6.809825 6.84943 6.753506 7.102882 7.606273 8.229724 8.727829 9.077 9.03166 9.0659 9.99857 10.31027 10.11908 10.53526 
  6.104262 5.446641 4.791045 4.909718 5.617771 4.549297 5.07392 5.861723 6.391392 6.399733 7.107564 7.414424 7.47932 7.762719 8.31934 8.63472 8.618356 8.816975 9.575049 9.363722 9.837939 10.56216 10.66951 
  5.244066 4.395215 4.674791 5.057971 4.610431 4.829675 5.011556 5.722095 5.439795 6.356565 6.84943 6.828409 6.726445 7.751544 8.215937 8.837369 8.814072 9.468472 9.639233 10.11456 9.849546 9.994066 10.34162 
  5.333052 3.461401 2.622101 4.791115 5.1202 4.946237 5.775569 5.375638 5.034604 6.107649 6.809717 7.023159 7.775475 8.040129 8.712274 8.79903 9.531921 9.399203 9.315735 10.11143 9.965618 10.39789 10.45206 
  3.704623 3.150129 4.597288 4.58356 4.277121 4.115986 4.32555 5.606609 5.517716 5.796504 7.524549 7.414424 7.544715 8.520971 8.085657 8.291378 7.903393 8.48302 9.128359 9.419483 10.02548 10.32099 10.46311 
  5.15508 3.798611 4.442976 5.176574 4.532005 3.886586 4.886827 5.79191 5.611222 6.572403 7.067851 7.143005 7.139312 8.28055 8.22283 8.558042 8.604866 8.781194 9.475564 9.408331 10.03354 10.02185 10.25327 
  3.649889 3.150129 4.165216 4.257402 4.081056 4.979029 5.105102 5.19086 6.795214 6.294336 5.948919 7.430927 7.47932 7.226332 7.976477 8.209277 8.835106 9.310143 9.472355 9.89512 10.35595 10.63906 10.5856 
  3.403585 3.435461 3.671419 5.087622 4.78689 5.110198 4.419096 5.283249 6.030836 5.796504 6.725049 7.157986 7.970734 7.947659 8.188362 8.684012 8.604866 8.781194 9.799693 10.20858 10.47653 10.17465 10.91566 
  3.896193 4.109883 4.010904 4.672512 4.198695 4.319897 4.512642 5.491124 6.160636 6.960912 6.829574 6.723544 7.597967 7.966153 8.085657 8.864754 9.250533 9.616905 9.815739 10.01111 10.06578 10.314 10.58001 
  4.3067 3.513279 4.791045 4.939368 4.845709 4.294408 5.407185 5.948991 5.096941 6.092092 6.668603 7.282399 7.757724 8.576453 8.126599 8.547087 8.726274 9.132023 9.155127 9.620223 10.19474 10.57265 10.63595 
  4.881409 2.838857 3.764006 4.316703 4.590825 4.090497 5.198648 6.315515 6.016414 5.469802 6.598045 7.232889 7.65122 7.929165 8.271085 8.842846 8.766745 8.983952 9.217586 9.848096 10.31833 10.39789 10.45206 
  4.443535 2.7351 3.671419 4.791115 3.865385 3.708164 5.407185 5.931538 5.735897 6.486068 6.988425 6.993197 7.115026 7.125759 8.291766 9.215283 9.071741 9.572375 9.815739 10.02678 10.29146 10.45032 10.52966 
  5.045611 3.09825 3.208484 4.880067 5.319228 4.727719 5.229831 5.560415 5.735897 6.092092 6.781494 6.648641 7.187884 7.762719 8.739847 8.045074 8.510437 9.329934 9.607141 9.75405 9.861154 10.32449 10.2864 
  4.49827 3.253886 3.486245 4.049847 4.610431 4.447341 4.762099 5.167763 5.065772 5.967634 6.869287 7.143005 7.382174 7.762719 8.264192 8.903093 8.618356 9.478368 9.485191 9.979761 10.35595 10.35595 10.4852 
  5.100346 3.954247 3.702281 4.376005 4.257514 4.778697 4.855645 5.260152 5.673559 5.360901 6.315817 7.053121 7.418604 8.336032 8.058362 8.552564 9.145362 8.900463 9.478773 9.982896 9.861154 10.17465 10.65833 
  4.49827 3.694854 3.578832 3.545785 4.355547 3.937564 4.169639 5.739549 6.000829 6.278779 6.612157 6.963236 7.357888 7.606273 8.815677 8.256192 8.577887 9.171605 9.440263 9.9923 10.15176 10.29653 10.20909 
  4.799308 3.383583 4.226941 5.295177 4.904529 3.249364 3.358904 5.560415 6.376969 6.278779 6.84943 7.579455 7.917481 7.684496 8.003772 8.232735 8.971828 9.055513 9.360348 9.989165 10.15713 10.30352 10.47415 
  3.950927 4.369276 5.372314 5.442155 5.543135 6.192346 7.117539 7.310365 7.011548 6.014306 6.710937 7.282399 8.059487 8.354527 8.974229 8.738783 9.439841 9.760391 10.11002 10.07067 10.31296 10.6111 11.8793 
  5.045611 3.694854 4.288665 5.956581 5.667528 5.897214 6.643903 6.943841 8.473072 7.694761 7.723114 7.249393 7.309316 8.336032 8.526147 8.46731 9.439841 9.760391 10.11002 9.542158 10.29684 10.45032 11.42012 
  5.184742 3.928308 3.887455 4.524259 4.826102 4.880652 5.261013 6.263155 7.242303 6.550819 5.906585 7.612462 7.05431 8.058622 8.581296 8.396937 8.845623 9.389308 9.387116 9.920198 9.779903 10.37692 10.26431 
  4.142497 3.928308 4.165216 4.346354 4.826102 4.880652 5.775569 5.652804 6.420236 6.486068 6.948712 7.331908 7.597967 8.206574 8.312447 8.804507 9.22424 9.2953 9.626396 10.31512 10.2431 10.87799 10.98838 
  6.015276 5.271404 5.643573 6.324028 5.06138 5.306952 5.354559 6.123526 6.290436 6.874577 7.484837 8.239581 8.663014 9.371695 9.803246 10.09295 10.63688 11.04374 11.346 11.96647 12.76767 13.61343 13.91278 
  7.943304 7.374256 7.619889 10.32719 10.71319 10.23475 9.737788 9.431675 9.694297 9.628792 10.88385 10.85316 11.31948 11.51301 11.59286 12.09905 14.32008 14.25213 13.52368 13.51129 14.15441 14.60813 15.35589 
  9.084801 8.469492 9.131189 11.97067 11.82482 11.19865 10.75294 10.9072 10.71198 10.98746 11.85908 10.97882 11.44914 10.93674 11.3372 11.22138 13.85968 13.25396 12.22885 12.33936 13.00884 13.42692 14.30635 
  5.600009 5.490451 6.302345 8.6022 6.762185 5.602084 5.854508 6.228248 6.261591 7.694761 8.358521 7.381417 7.970734 8.299044 8.395169 8.919524 9.992321 9.414046 9.933452 10.03305 10.35595 10.60061 10.61357 
  5.688995 4.083943 4.165216 6.10356 5.443621 5.208576 5.07392 4.636528 6.362547 6.766658 7.047995 7.381417 7.005737 7.662147 8.277979 8.673059 8.85614 9.394256 9.342503 9.709441 10.14101 10.33498 10.8765 
  3.950927 4.083943 4.165216 6.03007 4.630038 4.753208 5.167466 5.306346 5.78265 7.004079 7.703258 6.918294 7.793226 7.639797 7.703526 7.974702 8.24064 8.626143 9.514074 10.03305 10.25385 10.30002 10.36371 
  4.416168 4.161761 4.319528 5.442155 4.277121 4.727719 5.167466 5.260152 6.276014 6.294336 7.087708 6.543776 6.957165 7.639797 7.990124 8.979772 9.418807 9.270561 9.56863 10.04873 9.884368 10.21632 10.0103 
  5.837305 4.395215 4.868547 6.471007 5.368985 5.503706 5.670317 5.826817 7.67497 8.838702 8.199669 8.652159 8.379002 8.077117 9.036271 10.4691 11.74184 10.47336 10.22773 10.09889 9.745082 11.12667 11.8793 
  5.273727 5.052357 4.984801 6.03007 5.418743 5.372537 5.801882 6.43769 6.953859 7.673177 6.753272 7.645468 7.952983 8.225068 8.367595 8.645674 9.155879 9.310143 9.815739 10.26185 9.907582 10.33148 11.07229 
  5.511024 4.083943 3.671419 5.176574 5.617771 4.946237 5.591377 6.542411 7.732659 8.773951 8.398234 8.751178 8.538758 7.595098 8.712274 9.591427 9.37148 10.68726 11.346 11.16743 10.65741 11.93487 11.7481 
  5.362713 4.833309 4.412114 5.552389 5.742164 5.077406 5.61769 7.048563 8.269534 9.119291 8.835076 8.982222 8.236996 8.114104 8.925974 9.716808 9.145362 10.75855 11.22829 11.27397 10.95888 11.74836 11.8793 
  4.908776 3.902369 3.94918 4.58356 4.826102 4.600275 5.644003 5.629707 5.844986 6.341008 6.889143 6.648641 7.562466 8.169586 8.271085 8.443852 8.753255 9.221083 9.539748 9.917064 10.35595 9.841269 10.26431 
  5.333052 4.395215 4.010904 5.117272 4.963348 4.913445 5.644003 5.144666 5.019019 5.93652 7.286272 7.727983 7.127169 7.929165 8.622657 8.804507 9.013897 9.240874 9.80932 9.642528 10.2028 10.75366 10.60239 
  4.49827 3.150129 3.517107 4.613211 4.66925 4.727719 4.980374 5.260152 5.891739 6.615571 6.781494 7.348411 6.86002 8.169586 8.305552 8.733306 8.992863 9.760391 9.396039 9.87631 10.13026 10.17465 10.13178 
  5.127713 3.876429 3.54797 3.397532 4.277121 5.339745 5.380872 5.606609 5.330705 5.983191 7.028138 7.217908 7.333602 7.393953 8.574402 8.859277 8.321579 9.47342 9.443472 9.709441 10.10608 10.5342 10.71986 
  4.689839 3.642976 3.887455 4.553909 4.924135 3.835608 4.107275 5.237055 6.434659 6.550819 7.584119 7.128024 7.704472 7.855189 8.450317 9.045496 9.350446 9.399203 9.757973 9.620223 9.861154 10.58313 10.77021 
  4.717206 3.928308 3.517107 4.435306 5.100593 5.470914 5.828196 6.350422 5.798234 6.874577 6.869287 8.421115 8.911525 8.798381 8.395169 9.84219 11.09728 9.974283 9.404962 9.857501 9.977225 11.37535 11.42012 
  4.033029 3.668915 5.449817 5.552389 4.532005 4.090497 5.749256 5.652804 5.735897 6.060977 6.809717 7.694977 7.757724 8.243563 8.808784 8.727829 8.78252 9.03166 8.83391 9.35257 9.907582 10.25109 10.42998 
  4.197231 2.994493 4.165216 5.368666 5.4685 4.855164 4.730917 6.210794 6.016414 6.421317 6.696826 6.873352 7.309316 8.262056 8.22283 8.782598 9.531921 9.344778 9.536539 9.207591 10.11952 10.26857 10.55204 
  5.127713 4.058004 4.319528 6.471007 6.040707 4.141475 4.886827 5.84427 6.737525 6.939328 6.654491 7.44743 7.526964 7.781213 8.153894 8.925001 8.793037 8.888536 9.342503 9.307961 9.756689 10.10519 10.58001 
  5.127713 4.658072 4.535563 6.324028 5.891435 4.913445 3.826636 4.821305 5.673559 6.507652 6.869287 7.397921 8.077238 7.449826 8.381382 8.711398 8.402518 9.557532 9.421007 9.720593 10.24579 10.35944 10.47415 
  4.525637 5.797117 4.473839 6.581241 6.165099 5.339745 4.637371 5.739549 6.247169 7.06883 7.286272 7.348411 7.44289 7.684496 7.962829 8.519702 8.803555 9.216135 9.767601 9.709441 9.977225 10.20937 10.41893 
  5.15508 5.884736 5.449817 5.625879 5.1202 5.241368 5.07392 5.144666 6.535614 6.550819 6.372262 6.948255 7.810977 7.762719 7.771764 8.408667 8.618356 8.960098 9.41138 9.873176 10.2431 10.21632 10.44102 
  6.697501 5.928545 6.031086 6.397517 5.219714 5.930007 6.328145 6.577318 6.795214 7.133582 7.028138 7.827002 7.864229 7.595098 7.730821 8.479038 8.726274 9.374464 9.351425 9.76659 10.04966 9.924612 10.29745 
  4.689839 5.840926 5.953583 5.235875 5.4685 4.753208 5.749256 6.559864 6.203903 7.263085 7.047995 6.918294 6.969308 7.31573 8.277979 8.530656 8.840364 9.260665 9.706626 9.542158 10.18131 10.33847 10.07656 
  5.629671 4.058004 5.178557 6.213794 5.344107 4.523808 5.354559 6.769306 5.517716 6.076535 7.008282 7.157986 7.739974 8.262056 7.812706 8.63472 9.271567 9.602062 9.706626 9.901389 9.942404 10.11214 10.37476 
  6.163586 3.954247 4.791045 6.213794 5.518257 5.077406 5.354559 6.996202 6.276014 6.917744 6.696826 7.414424 7.739974 8.502478 8.988016 8.385208 8.793037 9.186449 9.523702 9.898254 9.269189 9.924612 10.58001 
  5.244066 3.980186 5.876081 7.720326 7.135364 6.848192 6.170266 5.826817 5.813818 6.399733 6.456931 6.798448 7.212171 7.170458 7.498813 8.27965 9.008638 9.275509 9.542957 9.857501 10.01205 10.58313 11.07229 
  5.422038 5.096166 5.566071 7.169156 6.463642 5.372537 5.61769 7.031109 6.492347 5.454245 6.358151 7.463933 7.187884 7.729195 7.894591 7.998159 8.814072 9.315091 9.510865 9.854366 10.03354 10.55867 10.85972 
  6.51953 5.53426 6.263594 5.552389 6.165099 5.569291 6.065013 7.118377 5.860571 6.107649 6.315817 7.315405 8.254746 7.650972 7.826354 8.640197 8.956053 9.079368 9.44989 9.86377 10.18668 10.81582 10.93803 
  6.51953 6.366639 5.992334 6.838454 5.841678 5.798838 5.407185 5.931538 6.160636 6.917744 6.668603 7.430927 7.418604 7.159283 7.307748 8.623765 8.496947 9.141918 9.427426 10.055 9.861154 10.41537 10.64154 ]
