 [
  4.949168 4.620687 4.490084 5.736565 6.353429 4.940683 5.197372 5.592306 5.731579 6.755557 6.874156 7.484871 7.904838 8.250404 8.213997 8.726125 8.531997 9.424463 9.567832 9.857858 10.03859 10.39954 10.3496 
  5.435768 5.764363 6.49605 5.963924 5.855972 5.606784 5.074626 6.007692 5.974977 6.982334 7.118145 7.471515 7.393807 6.780188 8.665444 8.833462 8.773622 9.275239 9.508516 9.663324 10.15406 10.52087 11.14109 
  5.889928 4.666435 5.559911 6.077603 5.435047 5.747016 5.614708 6.154299 6.566088 7.124069 7.226584 7.498227 7.664139 8.142682 8.393199 7.95042 9.013104 9.499076 9.343633 9.945871 10.23068 10.33887 10.56384 
  4.819408 5.123905 5.003601 6.759679 5.894238 6.307944 5.958396 6.816094 7.421368 7.776052 7.362133 7.699594 7.332377 7.605814 8.001916 8.263718 8.786339 9.167113 9.414011 9.725386 9.805429 10.25287 10.94127 
  6.784404 6.770798 5.902256 6.911251 6.81262 6.448175 5.56561 6.93217 7.482781 7.492581 7.741671 7.404734 7.615999 7.699636 8.313799 8.472583 9.346519 9.772655 9.637034 9.945871 10.07745 10.59367 11.3187 
  6.668488 5.672869 5.816669 6.949144 7.31948 6.859518 5.982945 6.54525 7.145005 7.776052 7.606122 7.52494 7.260708 7.755928 7.540328 8.336821 8.86264 9.598559 9.343633 9.80505 10.20003 10.47233 10.52604 
  6.181888 7.558957 6.865258 6.987038 7.448381 6.658524 6.800017 6.622634 8.158335 8.577681 7.76878 7.191035 7.25047 7.436936 7.665082 8.315934 8.849924 9.039762 9.577718 9.80505 9.820972 10.14968 10.89687 
  6.726446 7.501882 6.287394 8.163302 8.049922 7.127511 6.60033 6.893478 7.881972 8.738007 8.083647 8.13109 7.270947 7.568285 8.251423 8.887131 9.096458 9.399592 9.4492 9.22003 10.10809 10.07228 10.55124 
  7.82765 7.730183 6.865258 8.803591 8.479594 7.596498 7.119517 7.396474 7.974093 9.154853 8.709135 7.699594 7.291423 8.358127 8.101719 8.618788 9.138135 9.374722 9.320173 9.787447 10.42987 10.10668 10.55124 
  8.581106 8.700461 8.095954 7.464806 7.706185 8.065485 7.598767 8.479851 8.649647 9.315178 9.626517 8.616522 7.856698 8.142682 7.952014 8.39948 8.929751 9.349852 9.284984 9.734252 10.18471 10.63007 10.53234 
  7.248069 8.243859 7.542141 7.406598 7.534316 7.696995 8.117954 9.137615 9.018129 10.11681 10.12691 8.562585 8.386234 8.681293 9.155485 8.779794 8.888075 8.912411 9.577718 9.548068 9.883148 10.25287 10.85246 
  7.363985 7.616032 7.234467 8.337927 8.565529 8.098984 8.317642 7.667318 9.202372 11.07876 10.4605 9.479512 9.01205 9.381488 8.828792 8.618788 9.221488 9.598559 9.617263 10.1219 9.945324 10.3874 10.71926 
  8.233356 7.730183 7.665211 7.697639 8.651464 8.065485 8.637142 9.06023 10.12358 11.88039 11.96167 10.39644 8.434374 8.842876 8.447648 8.833462 9.429872 9.324981 9.953388 9.99868 10.07745 10.4966 10.71926 
  8.407231 8.814611 7.972885 8.920007 8.307726 9.103956 9.95508 11.11091 9.939339 12.69821 13.08755 10.28857 9.445307 9.435349 8.719893 9.101805 9.263165 9.548818 9.874299 9.875461 10.30729 10.66647 10.71926 
  7.248069 8.015558 8.095954 8.920007 7.963988 6.960015 9.715454 9.911455 9.140958 12.34772 12.96245 10.50431 9.10833 8.411987 8.026866 8.994468 8.86264 9.093384 9.903957 9.875461 10.49116 10.6422 10.56384 
  5.241128 5.901604 5.773877 7.755847 7.405414 7.094011 8.117954 8.131622 8.0048 11.14289 11.41958 10.01888 8.867631 8.304265 8.076768 8.779794 9.096458 9.073276 9.478858 10.1571 10.26132 10.55727 10.94127 
  5.825047 5.947351 4.276118 6.001817 6.353429 5.151031 5.663806 6.056561 6.705172 7.634317 7.87722 7.861405 7.664139 7.812221 8.665444 8.608345 9.346519 9.474205 9.518402 10.24512 10.23068 10.533 10.96347 
  5.792608 4.712182 4.44729 5.509207 5.664642 6.02748 5.884749 6.080995 6.114062 6.92564 7.470572 6.910555 7.56786 8.411987 8.828792 8.597901 8.595582 9.200626 9.587605 10.22752 9.844289 10.25287 10.83026 
  4.592328 4.574941 5.003601 5.281848 5.167186 5.221147 5.221921 5.958823 5.835893 6.52878 6.223521 7.471515 7.434761 7.849749 8.719893 8.389036 8.074183 8.98614 9.686464 9.282091 10.18471 10.44807 11.03008 
  6.473847 8.300935 6.742189 5.622886 5.817706 5.186089 6.081142 6.32534 6.253147 7.549275 7.931439 7.551652 7.209516 7.249294 8.33875 8.30549 8.710036 8.78506 9.320173 9.645593 10.50648 10.63007 10.80806 
  11.13126 12.80988 10.98809 9.211047 10.32718 10.30992 10.39439 8.828079 9.233078 9.924416 10.7107 9.533449 8.289955 8.789016 10.29892 9.638491 10.63849 9.847267 9.238065 10.03389 10.62907 10.92127 11.74053 
  13.39163 14.46326 12.7726 11.71399 12.73335 13.94903 14.09511 13.17798 12.78826 14.33386 15.4802 13.47084 12.9595 13.09791 14.49149 14.25399 13.8476 11.24003 9.538174 10.06909 10.35326 10.92127 12.42878 
  14.08713 14.35091 13.01874 13.57665 13.78634 13.94903 14.21119 13.08464 12.88853 14.33386 15.4802 13.57872 13.15206 14.87532 15.30823 15.48837 14.29359 12.01103 9.874299 10.31553 10.87423 11.32166 13.40565 
  15.28756 14.46326 14.24943 15.30205 15.36583 15.37885 14.90767 13.92471 14.19206 15.96951 16.28488 14.49565 14.55374 15.69691 16.22465 15.91135 14.64811 12.38409 9.894072 10.29793 10.84359 11.27313 13.36125 
  16.10385 15.19353 15.46441 16.56484 17.05062 18.09552 17.57748 15.6982 15.49559 16.90417 17.43443 15.80272 16.56798 17.34007 17.97419 17.77249 15.85349 12.7926 10.71461 12.0406 12.03876 12.01967 14.0823 
  16.15187 16.42938 16.0719 16.84546 18.10361 19.8113 18.50611 15.79155 15.99695 18.42299 19.61858 17.01644 17.30043 18.24382 18.55737 18.95686 16.49162 14.0692 11.03931 12.95949 12.361 11.89193 14.70691 
  16.82411 16.8226 16.37564 16.42453 18.20891 19.38235 17.92572 16.44494 16.69885 18.42299 19.50362 18.04342 18.12444 19.55835 19.89035 19.63363 17.27157 14.93728 12.27317 13.09732 12.40128 11.80699 14.65486 
  17.11222 16.93495 16.80089 17.12608 18.946 19.95428 18.50611 17.37836 17.20021 19.24082 20.53822 19.25714 18.76533 20.0513 20.3069 20.05662 17.55519 14.73303 12.14329 13.6946 13.20688 12.40289 15.38356 
  17.0642 16.48555 16.74014 16.42453 18.8407 19.66832 18.15788 17.19167 16.59858 18.18933 19.84849 18.79032 18.21599 19.72267 19.47379 17.94169 16.56253 14.12026 12.14329 13.37299 12.68324 12.91385 15.12331 
  17.0642 17.0473 17.10463 17.47686 18.946 19.38235 18.27395 17.28502 17.30048 18.77349 20.0784 19.63059 18.85689 19.55835 19.72372 18.53387 17.05886 13.71175 12.01341 12.68382 12.28044 13.42482 14.91511 
  17.01618 17.21583 17.22613 17.75748 19.1566 19.09639 18.0418 17.19167 17.20021 18.42299 20.53822 20.19076 18.67377 19.72267 20.14028 19.12605 16.77524 13.40537 11.36401 11.89977 12.1596 13.61643 14.86306 
  17.0642 17.44053 17.22613 18.31872 19.2619 18.52446 17.34532 16.81831 16.89939 18.18933 20.30831 20.28412 18.58222 19.14756 19.89035 18.61847 16.34982 13.3543 10.54655 12.59193 13.1666 14.82996 15.79996 
  17.0642 17.60905 17.34763 18.80981 19.3672 17.95253 16.88101 16.44494 16.29777 17.25467 19.61858 20.28412 19.04 19.31188 20.55684 19.63363 17.98061 14.0692 12.46799 13.41893 13.48884 15.14932 16.06021 
  17.0642 17.77757 17.40838 19.16058 19.2619 16.95166 16.06845 15.6982 15.89668 16.90417 19.15876 20.37749 19.22311 19.0654 20.55684 20.05662 18.26423 14.52877 12.40306 13.60271 13.52912 14.12739 15.53971 
  16.92015 17.83375 17.52987 19.02027 18.20891 15.95078 15.37198 15.13815 15.19478 16.32001 17.7793 20.00404 19.49778 18.98324 20.22359 20.39501 18.40604 14.47771 13.4421 14.56755 13.93192 14.82996 15.95611 
  16.82411 17.88992 17.83362 19.09043 16.94532 15.23587 14.67551 14.39142 14.29234 15.15169 16.62975 19.3505 19.40622 19.31188 19.97366 20.818 18.61875 14.22239 13.96162 14.93511 14.57641 15.72415 16.68482 
  16.63204 17.88992 18.07661 18.87996 15.68173 14.52096 13.97904 13.64469 13.08908 13.63287 15.13533 18.32351 19.04 19.31188 19.14054 19.97202 18.68966 14.37558 13.24728 14.24594 14.45557 15.91576 16.11226 
  16.43997 17.83375 18.07661 18.38888 14.73403 13.66307 12.93433 12.61793 12.08636 12.93188 14.33064 17.57661 18.67377 18.73677 18.89061 18.53387 18.26423 13.86494 13.37716 14.5216 14.57641 15.72415 15.64381 
  16.15187 17.55287 17.65137 17.4067 14.41814 12.66219 12.12177 11.68451 11.48473 11.65593 13.29605 16.45626 17.66665 17.58655 18.0575 16.92652 16.77524 13.25217 12.92258 14.1081 13.93192 15.02158 14.65486 
  15.86377 17.21583 17.34763 16.70515 13.36514 11.51833 11.4253 11.45914 10.98338 11.17496 12.25357 14.8691 16.93421 16.43633 17.47432 16.41894 14.78992 12.63941 12.40306 12.8676 13.5694 14.25513 13.9782 
  15.43161 16.76643 16.55789 15.79314 12.56148 10.64491 10.55414 10.60791 10.98338 11.20702 12.29527 14.49565 16.38487 16.18986 16.47458 16.08055 14.22269 13.15005 12.66282 13.23516 13.00548 13.48869 13.6659 
  14.95144 16.26085 16.1934 14.74081 11.7451 9.773937 9.036517 8.518542 9.41732 9.76409 11.21109 14.06415 15.83553 14.49829 14.87263 15.4347 13.3058 11.71258 11.23413 12.17843 13.52912 13.87191 13.6659 
  14.13515 13.60893 14.55318 13.57665 11.57323 10.14243 8.956642 8.789387 7.114298 8.096704 8.41724 10.774 12.42997 12.66702 12.85802 11.08754 10.0967 10.22033 10.20054 10.82601 10.85891 12.46676 12.62859 
  13.27571 13.55186 12.21879 11.30654 10.41312 8.668468 7.598767 7.164322 6.114062 7.180763 7.87722 10.07282 10.45624 10.72802 9.808874 10.01417 9.138135 9.399592 9.577718 9.335286 9.580041 10.4602 10.58605 
  10.14598 11.09762 7.665211 7.988678 5.588111 5.466553 5.24647 5.323527 5.279553 7.294152 6.928376 7.458158 8.049256 8.573571 8.176571 8.618788 8.582865 9.424463 9.92373 9.840255 9.766568 9.848693 10.22988 
  7.363985 7.787258 5.859463 6.835465 4.784526 4.414814 4.902782 5.641175 6.253147 6.52878 6.603059 7.753531 7.712279 8.735154 8.201521 9.101805 9.888315 9.62343 9.320173 10.1571 10.29197 10.76353 10.71926 
  4.819408 5.169652 4.190532 5.5471 5.205451 5.010799 6.12108 6.10543 6.009748 6.04688 6.819937 6.776993 7.424522 8.358127 8.33875 8.587458 9.013104 9.250368 9.132498 10.20991 9.898692 10.39954 10.63045 
  4.722088 4.11747 3.634222 4.902917 5.052388 5.361379 5.295568 5.641175 6.114062 6.387045 6.982596 6.736924 6.922841 7.793456 8.263898 8.726125 8.971428 8.811871 9.155957 9.751984 9.96864 10.14108 10.46303 
  4.722088 4.483447 4.276118 4.865024 5.511579 5.080915 5.172823 4.981444 4.827528 5.961838 6.792827 7.444802 7.3119 8.03496 8.393199 8.618788 9.054782 9.250368 9.214605 9.548068 9.875377 9.788496 10.41262 
  5.987247 7.04528 7.357537 6.797572 6.621291 7.562998 7.638705 8.325083 9.048837 9.571699 9.501419 9.533449 9.878564 10.83574 11.60569 11.99991 11.97215 10.91671 10.19065 10.03389 10.21535 10.31307 11.11888 
  6.603608 6.58781 7.542141 8.046886 8.264758 8.735466 9.15633 9.524535 10.00075 10.24507 10.21031 10.28857 10.45624 11.21277 11.87794 11.99991 12.09718 11.439 10.16099 9.945871 10.47584 10.58153 11.51851 
  12.58022 12.46743 14.49243 15.2319 13.04925 13.23412 13.51472 13.27132 14.19206 14.4507 14.90542 15.98945 14.55374 15.36827 16.30796 16.92652 16.84615 15.60111 14.4162 13.37299 13.52912 14.06352 15.12331 
  11.42105 10.86932 13.63409 14.88112 12.73335 10.77891 10.71389 11.49783 11.38446 11.75213 14.90542 16.3629 13.72974 15.53259 16.30796 17.01112 16.27891 15.55005 14.80584 13.83244 13.368 12.91385 13.6659 
  11.24718 10.46979 10.18814 11.71399 11.6162 10.84591 11.1532 11.77785 10.73772 11.36735 14.10073 15.14918 12.38183 13.85196 14.0559 14.95168 14.22269 13.20111 12.40306 12.13249 12.32072 11.9558 11.82934 
  11.24718 9.67074 9.818929 10.60804 9.854546 9.438946 10.59408 10.22099 9.662976 9.76409 12.37866 13.52478 12.14113 13.31335 13.13027 13.60997 12.93071 11.88667 11.23413 11.21327 11.5944 11.69779 11.2965 
  10.6676 9.841966 8.895906 10.25879 10.97169 10.9464 10.59408 9.292383 8.526818 10.05268 11.83657 12.33817 11.27461 12.66702 12.53133 11.94624 11.01359 10.74262 10.69484 12.22437 11.97747 11.87979 12.14016 
  10.31985 9.442439 8.588232 10.43342 10.84279 10.61141 11.19314 8.28639 8.281162 9.186918 12.46206 12.66179 10.84136 11.75138 11.3879 10.92654 10.72185 9.698042 9.854527 10.70279 10.3839 10.8606 10.74146 
  10.08802 8.643386 8.649767 9.502088 9.46784 9.606441 10.1947 9.176307 7.513489 8.577681 12.04507 12.28423 10.60066 10.35099 10.68006 10.22884 10.43011 10.29494 9.943501 9.945871 9.611129 10.20128 10.3118 
  11.30514 10.29857 8.465163 9.909544 10.49905 8.266479 8.51733 8.209006 7.789851 8.673876 10.83579 10.93581 9.349028 9.650793 9.754425 10.01417 9.388195 9.548818 9.696351 9.910666 10.06968 10.50873 10.45042 
  9.914143 9.67074 8.834372 9.327463 9.510808 7.86449 7.998142 7.822086 7.728437 8.930397 10.5439 9.803134 8.386234 8.573571 9.699976 9.853165 9.763285 8.8856 8.980012 9.689922 10.3839 10.7514 10.67485 
  9.624352 9.042912 8.403628 7.988678 8.09289 7.696995 8.597204 8.170315 7.482781 8.289095 9.793314 9.101954 7.856698 8.03496 8.502097 8.726125 9.304842 8.878897 9.4492 9.530336 9.883148 10.18408 10.63045 
  9.508436 10.12734 8.465163 8.046886 7.233545 6.132654 7.638705 8.015547 8.0048 7.968443 9.793314 8.83227 7.301661 7.605814 8.447648 8.726125 9.221488 9.187221 9.894072 10.05149 9.999728 9.874492 10.36851 
  9.624352 8.928762 7.172933 8.570759 8.780365 6.658524 6.839955 7.396474 7.083591 7.872248 9.835013 8.724396 7.664139 8.250404 8.326275 9.101805 8.799055 9.200626 9.538174 10.1219 10.35326 9.891691 10.67485 
  8.407231 8.415085 7.111398 6.835465 7.00395 6.926516 6.161017 6.203167 6.461774 7.872248 9.459721 8.400774 7.808558 8.03496 8.556546 9.101805 8.582865 9.474205 9.284984 9.760849 10.55245 10.5694 10.3055 
  8.639064 8.529236 7.480606 8.105095 8.006955 7.5295 7.07958 7.164322 6.913799 8.224964 9.001029 7.753531 8.049256 8.08882 8.447648 8.726125 8.929751 9.173816 9.42574 9.645593 10.07745 10.533 10.67485 
  7.885608 9.385365 7.172933 7.988678 8.178824 7.060513 7.998142 8.905462 7.912679 8.51355 9.543118 7.861405 7.856698 8.03496 8.33875 8.672457 8.760904 9.200626 9.587605 9.893064 10.27664 10.21848 11.00788 
  8.407231 8.415085 7.111398 8.51255 7.792119 5.887248 6.839955 7.164322 7.974093 9.507569 10.16861 9.911008 9.974844 9.327627 8.992138 9.101805 8.760904 9.324981 9.686464 9.751984 9.836516 10.36314 10.76366 
  7.943566 8.129709 7.91135 8.046886 8.178824 7.362004 6.520455 7.435166 8.864595 11.11083 11.75318 13.03935 12.81508 11.32049 10.29892 9.531154 9.971668 9.847267 9.42574 11.17806 11.08875 10.8606 11.18549 
  7.132153 8.015558 7.296002 8.396134 8.135857 7.060513 6.007495 6.32534 6.705172 9.379309 9.876713 8.83227 8.289955 7.981099 8.556546 8.002637 9.013104 9.180518 9.557946 9.875461 10.32261 10.6786 10.55124 
  8.986813 8.072634 7.111398 7.988678 7.963988 6.826019 6.76008 7.473858 7.636316 9.090723 9.001029 7.591721 7.209516 7.812221 7.727458 7.971307 8.849924 8.979438 9.814983 10.1395 10.46052 10.41167 10.16687 
  7.595818 8.072634 6.37298 8.51255 8.651464 7.562998 7.07958 7.396474 9.11025 9.860286 10.08521 7.551652 7.096894 7.136708 8.226472 8.833462 9.221488 9.133599 9.64692 9.574665 10.3839 10.33887 10.51343 
  7.82765 8.700461 6.865258 8.396134 8.8663 7.86449 7.478955 8.092931 8.864595 10.34126 10.25201 7.969279 7.56786 8.250404 8.774343 8.726125 9.179811 8.791762 9.577718 9.893064 10.04636 10.19268 10.36221 
  7.711734 6.816545 6.865258 8.454343 8.436627 7.596498 8.117954 8.28639 8.189042 9.218983 9.835013 8.2929 8.001117 7.493229 7.914588 8.618788 8.86264 8.778357 9.367092 10.20991 10.10809 10.39954 10.78586 
  8.117441 7.730183 6.680654 7.290182 7.963988 7.395503 6.959767 7.203014 7.759144 8.417355 8.500639 7.645658 7.547383 8.196543 8.276373 8.211501 9.138135 8.771654 9.577718 10.1395 10.35326 10.58153 10.63045 
  7.479901 7.04528 6.37298 6.342854 6.850886 7.16101 5.762003 6.777402 7.052884 7.067375 8.000248 7.110898 6.912603 8.03496 8.393199 8.409923 8.786339 9.073276 9.367092 10.40354 10.27664 10.05508 10.43152 
  6.441408 7.04528 7.049863 7.755847 8.049922 6.859518 6.081142 6.520815 6.879028 7.520928 8.000248 6.897199 7.547383 7.793456 8.026866 8.430809 8.971428 9.797525 9.617263 9.681056 9.883148 9.90029 10.69705 
  6.726446 5.901604 5.987842 8.221511 8.39366 6.926516 6.007495 5.494568 7.083591 7.936378 7.958549 6.763637 7.301661 7.868513 8.719893 8.441253 9.013104 9.275239 8.698499 9.769715 10.16938 10.4966 10.53864 
  6.279208 6.450569 6.330187 7.697639 7.31948 6.759021 5.590159 6.496381 7.114298 8.44942 8.45894 6.977335 7.127609 7.699636 8.447648 8.887131 8.684602 9.424463 9.557946 10.1571 9.859833 9.857292 10.16057 
  5.695288 6.679304 5.645497 7.581223 6.621291 4.695277 5.320118 6.496381 6.739944 6.698863 7.497682 7.431446 7.004748 7.493229 8.164095 8.514356 9.138135 9.275239 9.656807 10.1043 10.3839 10.30447 10.91907 
  4.949168 5.993098 5.345945 6.949144 6.850886 6.237828 5.982945 6.10543 6.705172 7.40754 7.524792 7.565008 8.001117 7.174237 8.665444 8.779794 8.888075 9.106789 9.273254 9.618995 10.27664 10.70287 10.67485 
  5.889928 5.855857 5.003601 7.214396 7.195279 5.887248 4.509995 6.007692 6.461774 7.20911 6.955486 7.753531 7.615999 7.511993 8.447648 9.048137 8.811772 9.474205 9.54806 9.308689 10.0075 10.41167 10.65265 ]
