 [
  2.723064 3.175967 2.01537 3.375234 3.923935 4.037675 4.756211 4.702136 5.705449 6.111815 6.215411 6.527772 7.431838 7.481432 8.033921 8.730582 9.257911 9.588654 9.390579 9.682546 9.9444 10.3519 10.19453 
  4.168579 3.625519 2.734892 3.417196 2.377605 3.393192 4.818835 4.377505 4.805507 5.97263 6.563608 6.583467 8.004483 7.73846 8.005759 9.055949 9.127561 8.937039 9.265301 9.642191 9.910338 9.722272 10.25582 
  4.557756 3.895251 2.483059 2.452066 3.277288 3.663459 4.92321 4.92602 4.246083 6.033647 6.975194 6.458154 7.21159 7.258025 8.384061 8.665509 8.823409 9.171492 9.34542 10.10992 10.01252 9.749142 9.995336 
  4.557756 3.760385 2.339155 2.32618 3.221058 3.164505 3.983843 4.903631 5.681126 6.383808 6.163628 6.906718 7.475888 7.535357 7.930661 8.37268 8.565003 9.071871 9.121086 9.967459 9.69246 10.06486 10.42602 
  4.891336 3.850296 3.382462 3.951614 4.754799 5.081977 5.239852 4.579 6.119189 6.31581 6.357814 6.360689 7.828285 7.621221 7.789852 8.454021 8.481776 8.720621 9.492188 9.995951 10.14876 10.02455 10.29412 
  3.612612 3.355788 4.197102 4.04583 5.250081 5.448806 5.239852 5.797532 5.754095 6.7238 6.426412 6.360689 7.16754 7.855699 8.224907 8.746851 8.942897 9.283566 9.413158 9.411591 9.549491 10.3519 10.40904 
  4.057385 4.075072 3.706246 5.553271 6.818471 5.889001 5.102406 6.245277 6.625507 6.003139 5.839983 6.625237 8.356881 8.090177 7.930661 8.502827 9.029798 9.470354 9.853462 9.796511 9.910338 9.964096 10.12558 
  4.001789 3.760385 3.804417 4.328475 5.084987 4.49505 4.610087 5.037961 5.121703 5.647204 6.632205 7.655877 7.12349 7.73846 8.256738 8.681778 8.606617 8.875206 9.313372 9.590305 9.743521 10.22708 10.49395 
  3.334628 2.636504 3.022701 3.501121 3.642784 4.203994 4.35959 4.3887 4.294729 5.403134 6.163628 5.748049 6.376372 7.157876 8.256738 8.616704 9.312223 9.134134 8.9288 9.313585 9.876278 10.20211 10.14856 
  3.890595 3.086056 2.01537 3.018555 3.305403 3.912937 4.797961 5.733569 5.86603 6.043817 5.814092 6.583467 6.441909 7.504543 8.033921 8.365771 8.769096 9.30847 9.435739 9.428885 10.1147 10.17715 9.934047 
  3.112241 2.546594 2.519035 3.207385 4.148856 3.62188 5.377298 5.797532 5.92932 5.96246 6.49501 6.799695 6.939988 8.012017 8.861525 8.698046 8.671333 9.065644 9.650246 9.43465 9.66693 10.40183 10.73171 
  4.112982 4.120027 2.411107 3.144442 4.672252 3.892147 3.816844 5.093932 5.92932 5.931952 6.975194 6.853207 7.519938 7.16558 8.015146 7.937434 8.346533 9.015834 9.185182 9.910477 10.08064 9.890205 10.47697 
  3.668209 3.625519 2.267203 2.745801 2.883677 3.497141 3.628971 4.534224 6.309058 6.247811 6.267194 6.692672 8.092583 8.012017 8.129414 8.358862 9.475163 9.202623 9.627666 9.45771 9.799687 10.03127 10.45999 
  2.278291 1.91722 2.195251 3.10248 3.558439 3.310033 4.109092 5.157896 5.80274 5.392965 6.008278 6.304994 7.12349 7.073136 7.771077 8.123967 7.951204 8.947345 9.185182 9.76802 10.01252 9.950662 10.16388 
  3.445822 2.186952 1.403777 3.668969 4.837346 4.788514 5.239852 5.157896 6.119189 5.809916 6.357814 6.799695 6.73027 7.265728 7.986985 8.405216 8.325726 8.60726 9.249277 9.853494 9.850748 10.01783 10.05663 
  4.001789 3.041101 2.519035 2.577953 3.024252 3.64267 4.505713 5.605641 5.510867 6.383808 7.11239 7.120763 6.822021 7.582141 7.517621 8.502827 8.95376 8.8649 9.34542 9.676781 9.910338 10.05142 10.34009 
  4.112982 4.7494 3.902589 3.354253 3.221058 4.432681 4.964959 4.802884 6.562217 6.655801 5.995333 5.901209 7.018631 7.933858 8.288568 8.186146 8.263306 8.8649 9.13711 9.739529 10.1147 10.12531 10.20985 
  7.386147 7.371786 7.142235 8.379725 8.799597 9.337193 9.98175 10.33895 10.92921 11.27969 11.91423 12.20434 12.23325 12.4671 12.24133 12.48052 12.9342 13.47563 13.58315 13.32944 11.5112 10.55162 11.47894 
  10.33051 11.88229 13.42519 13.46734 13.00949 14.13363 14.11131 14.69896 14.75072 15.29217 16.16381 16.21972 16.22485 16.95375 16.2331 16.63813 16.48815 17.09034 17.30665 17.35411 15.46839 15.27765 16.51442 
  13.11992 12.8028 13.42519 13.74998 12.51421 14.29881 13.93642 14.41542 13.90383 15.2241 15.25227 14.85417 15.67392 16.74382 16.16657 17.17115 16.59268 16.74053 16.58264 17.41903 16.82396 16.92382 17.34611 
  15.59938 16.11664 16.07581 15.63429 14.57788 13.00548 12.7994 12.96146 14.36577 14.33961 12.66881 13.16755 13.86371 13.24502 13.77151 13.75979 14.18854 14.05865 13.79001 14.95229 14.97546 14.36942 15.15348 
  16.69675 17.38402 18.23393 18.75295 15.75606 15.45503 14.98577 16.02213 16.36751 14.81567 13.56058 15.4516 15.3591 14.64454 13.90457 13.22676 11.7844 11.14355 11.92826 14.17332 14.60576 14.48295 14.92665 
  16.87457 17.62024 18.52002 18.85548 15.87524 15.7028 15.62704 17.43981 16.98343 14.7476 15.00113 16.21972 14.80817 14.36464 12.10827 11.9475 9.963977 9.277339 10.10184 12.4747 14.06576 13.63149 13.64132 
  16.7501 17.6793 18.60176 18.59917 15.81565 15.78538 16.32661 18.38493 17.13741 15.29217 15.25227 13.74466 12.6297 12.34986 10.23025 9.836828 9.236186 9.14036 9.458318 12.58866 14.27714 13.4612 12.51488 
  16.73232 17.8171 18.80611 18.958 16.29239 16.19832 16.96789 18.10139 16.82945 15.56445 15.30924 12.57892 11.9249 12.19354 9.848282 9.153559 9.681551 9.520164 9.616376 13.91367 14.60576 13.68825 12.65842 
  16.71454 17.79742 18.84698 18.85548 16.70955 16.36349 17.43427 18.00688 16.21353 15.36024 15.1953 11.77625 10.95581 11.80275 9.911943 8.5679 8.899446 9.470354 9.526057 13.71892 14.23606 12.57376 12.20919 
  16.7501 17.75805 18.80611 18.80421 16.76914 16.3222 17.14278 18.00688 16.4445 15.42831 14.86394 11.82976 10.42722 12.31078 10.93053 8.584167 9.116698 9.860915 10.67762 14.75755 14.72899 12.34908 12.34505 
  16.80344 17.71868 18.76524 18.70169 17.06711 16.23961 16.6764 18.66846 17.36838 15.56445 15.13833 11.66923 9.634321 11.64643 10.93053 8.860729 9.333949 9.744311 11.10081 14.75755 14.77007 12.22426 12.58281 
  16.85679 17.65962 18.6835 18.59917 17.30548 16.15703 16.6181 19.23554 18.13828 16.44938 15.93593 12.63243 10.69151 12.23262 11.66264 9.007144 9.08411 9.860915 10.63246 14.17332 15.18085 13.22285 12.51488 
  16.85679 17.5415 18.47915 18.5479 17.60345 16.07444 16.44321 18.00688 17.90731 16.92588 16.61959 13.48861 11.35226 12.54526 11.53532 9.72295 9.475163 9.977519 10.46311 14.30315 14.68791 13.27277 11.93747 
  16.839 17.44307 18.19306 18.5479 17.84182 16.15703 16.38491 17.34529 18.67721 17.60659 17.64508 15.96368 13.31278 14.15471 13.10622 10.45502 10.21648 10.21073 12.13512 14.75755 14.56468 14.02884 13.18767 
  16.78566 17.38402 18.02958 18.70169 18.08019 16.23961 16.26832 16.5892 18.7542 18.28731 18.67056 18.3534 14.09983 15.83413 15.1021 10.88144 11.15723 10.09412 13.68658 16.12075 15.55055 14.93707 13.86814 
  16.73232 17.32496 17.78435 18.85548 18.37816 16.40479 16.26832 16.21115 18.29226 18.49152 17.81599 18.86549 16.14615 16.18401 15.56781 12.0541 11.0527 9.513938 14.20373 16.3804 15.67378 13.85855 13.03646 
  16.69675 17.30527 17.66174 18.958 18.49734 16.48738 16.15172 15.92762 17.52236 18.69573 17.13233 18.69479 17.56283 15.90411 15.83392 13.43997 11.88893 10.44393 14.1003 16.44532 16.20779 14.19913 13.64132 
  16.64341 17.22653 17.53913 18.80421 18.25897 16.3222 15.97683 15.64408 16.75246 19.03609 17.70205 18.09736 17.72024 15.83413 16.29963 13.86639 12.62062 11.14355 13.68658 16.64006 16.53641 13.97208 15.07787 
  16.59007 17.18716 17.53913 18.70169 17.90141 15.95056 15.62704 15.36054 16.29052 18.83188 18.49965 18.01202 17.72024 15.6242 15.96698 14.18621 13.24779 11.95978 12.65227 16.3804 16.61857 14.14237 15.45591 
  16.48338 17.1281 17.58 18.49664 17.42467 15.24856 15.04407 14.69896 15.52062 18.42345 18.72754 18.18271 17.72024 15.41428 15.96698 14.39942 14.08401 11.49337 11.82483 15.73126 16.24887 15.50471 15.45591 
  16.30557 17.02967 17.45739 17.98402 16.70955 14.50528 14.4028 14.13189 14.67373 17.26624 18.61359 17.75597 17.24801 15.06439 15.63433 13.86639 14.29307 10.91035 11.61796 14.62772 15.59163 16.07235 15.83395 
  16.12776 16.93124 17.25304 17.26636 15.81565 13.88587 13.76153 13.28128 13.84054 16.1771 18.27176 17.75597 17.0119 14.85447 15.76739 13.33336 13.77043 11.72657 11.4111 13.32944 14.85223 15.8453 15.53152 
  15.94994 16.73438 16.76259 16.34364 15.45809 13.51904 13.28046 12.51371 12.95448 14.33961 17.81599 17.24389 16.61837 14.50459 15.36822 13.12015 13.97948 11.72657 12.03169 12.84509 13.11205 15.22089 15.00226 
  15.75435 16.57689 16.27215 15.7285 14.74297 13.37231 13.07429 11.74615 11.87856 13.31963 16.56262 16.56111 16.22485 14.29466 14.76945 12.48052 12.9342 12.42619 12.44541 13.13 12.97581 14.42619 14.54861 
  15.5219 16.39279 15.78129 14.97478 13.9175 13.00548 12.59323 11.4903 11.24566 12.09566 15.5941 15.87834 14.88687 14.01476 14.4368 11.9475 12.20251 10.91035 12.44541 13.32944 12.73738 14.36942 14.32179 
  15.21197 15.84049 14.99592 13.8442 12.34911 11.905 11.28749 10.5948 10.42289 10.7357 14.38375 14.76882 13.94242 12.75519 13.10622 11.30787 11.26176 9.54507 12.44541 13.07302 11.91993 13.34767 13.79253 
  14.90203 14.55177 13.52336 12.33676 9.872706 10.43768 10.80643 9.123642 9.853286 9.239737 12.8746 13.83 14.25724 13.315 13.03969 10.88144 10.21648 9.563748 10.79052 11.30655 10.8981 11.30056 12.36203 
  14.20468 12.71075 10.6764 10.92353 9.872706 9.117096 9.363242 9.379496 9.726707 9.851721 11.36545 12.73946 12.76185 10.90391 11.08969 9.13729 10.00743 9.632238 9.977651 10.36634 10.48937 10.47672 11.36006 
  12.57753 11.51408 9.792855 8.473939 7.313753 8.676901 9.363242 8.675896 8.460911 8.69575 10.95387 11.72274 11.44036 9.966002 9.752789 8.779387 9.181873 9.495259 9.661535 9.881985 9.631187 9.769293 10.40904 
  10.17555 9.304859 8.123946 7.437573 6.818471 6.329195 7.095377 7.268696 6.498928 5.97263 9.033127 9.903354 9.854569 9.262567 9.020679 8.616704 8.638745 8.937039 9.367999 10.02444 10.14876 10.22708 10.51094 
  8.393431 7.003582 5.866011 7.060713 6.818471 5.815635 6.889208 5.733569 6.562217 6.791798 8.827333 9.36824 8.533079 8.207416 9.08434 8.746851 9.268774 9.264886 8.319893 9.440415 9.595446 10.25204 10.73171 
  7.928531 7.003582 6.258695 6.495422 5.827909 5.742269 5.652191 5.733569 6.498928 6.519804 8.209954 8.458548 7.740186 7.73846 8.415892 8.089424 8.877722 9.283566 9.435739 9.739529 9.820111 10.27701 10.56188 
  7.153697 6.819479 7.338577 6.966497 6.405737 5.595537 4.964959 4.970796 5.754095 7.403782 8.552942 7.709388 7.343739 7.481432 7.667817 8.296684 8.866859 8.97225 9.185182 9.711037 9.672036 10.42679 10.66378 
  6.843764 5.991019 6.160524 6.872283 5.910456 5.668903 5.377298 4.814078 6.498928 7.675776 8.690138 7.655877 7.12349 7.481432 7.433135 8.876997 9.279636 9.352055 8.864704 9.498066 9.876278 10.05142 10.24816 
  8.006014 7.463837 7.927604 6.118562 5.415174 6.25583 5.995807 6.245277 6.435638 6.587803 7.11239 7.227786 6.58609 7.512247 8.384061 8.103242 8.585811 9.015834 9.492188 9.44618 10.21689 10.15218 11.05438 
  8.780848 7.279735 6.258695 6.024346 5.497721 5.155343 4.296965 5.477714 5.754095 6.587803 5.995333 6.054369 7.110383 7.894778 8.479553 8.405216 8.107255 8.947345 9.661535 9.796511 9.9444 10.11188 10.49395 
  9.168264 7.187684 4.491615 5.459056 3.83959 3.975306 3.983843 5.285823 6.372348 7.131789 6.975194 8.458548 7.916384 8.129256 8.193075 8.698046 9.431712 9.582428 9.424449 9.796511 9.876278 10.50169 10.47697 
  9.710649 6.451275 5.964182 4.98798 5.332627 4.474261 5.308575 6.117351 5.92932 6.247811 6.331923 6.906718 7.652086 7.258025 7.76169 8.082516 8.585811 8.937039 9.169157 9.853494 9.9444 10.17715 10.47697 
  7.851048 5.622815 6.062353 4.516905 6.158096 5.595537 5.789637 5.41375 5.681126 6.247811 6.632205 6.151834 6.92688 7.388988 7.808626 8.649241 8.823409 8.8649 9.435739 9.881985 10.31907 10.57658 10.40904 
  7.153697 6.91153 5.178813 3.228366 4.919893 5.081977 4.964959 5.669605 5.99261 6.655801 6.426412 6.639161 6.913773 7.69938 8.097583 7.937434 8.671333 8.947345 9.040967 9.532656 9.682248 9.997683 10.45999 
  8.315948 6.819479 5.473326 4.328475 4.259518 5.302074 4.964959 5.349787 6.498928 6.587803 5.891766 6.221452 6.559875 7.504543 8.097583 8.296684 8.964622 8.287786 8.736513 9.995951 10.31907 10.20211 10.78266 
  6.921247 5.991019 5.178813 3.668969 4.259518 5.081977 5.446022 5.41375 5.86603 5.586186 5.917658 6.639161 7.784235 8.168336 7.649043 8.551631 8.388146 9.096776 9.492188 9.57301 9.97846 10.40183 10.27114 
  7.696081 6.91153 3.67027 3.354253 3.78336 4.788514 5.583467 6.053387 6.309058 6.043817 6.267194 6.853207 7.097276 7.311951 8.288568 8.296684 8.942897 9.526391 9.819592 9.995951 9.651612 10.70141 10.52792 
  8.548398 7.003582 4.098931 3.186404 4.176971 4.935245 5.377298 5.157896 5.80274 6.655801 7.11239 6.746184 7.110383 7.816619 7.686592 7.978886 9.008073 9.35828 9.469608 9.853494 9.697566 10.62651 10.47697 
  7.851048 4.794355 3.418437 4.42269 4.837346 4.935245 4.526588 4.679748 5.510867 6.003139 6.215411 6.388536 6.717163 7.543061 8.161244 8.454021 8.481776 8.997155 9.582506 9.711037 10.01252 10.37686 10.40904 
  6.843764 5.438713 5.473326 4.705335 5.00244 5.522171 4.651837 4.746913 5.92932 6.655801 6.837999 6.277147 7.071061 7.621221 8.256738 7.930525 8.544197 8.8649 9.571217 9.35394 9.682248 10.22708 11.05438 
  6.378864 5.16256 4.8843 3.668969 3.417864 5.081977 4.630962 5.157896 5.80274 5.840425 6.700803 7.174274 7.387788 8.012017 8.161244 8.234507 8.617021 8.997155 9.265301 9.348175 9.910338 10.12531 9.918724 
  7.386147 7.279735 5.571497 4.516905 4.176971 4.715148 5.033682 5.049155 5.462221 6.655801 6.563608 6.692672 7.018631 7.050025 7.649043 8.828193 8.512987 8.741233 9.548636 9.45771 9.769051 10.45176 10.71473 
  7.153697 6.267173 4.687957 4.42269 4.259518 5.008611 4.964959 4.601389 5.024412 6.31581 6.906596 7.067252 7.519938 7.69938 8.033921 8.454021 8.703921 8.8649 9.458318 9.526891 9.620975 10.22708 11.0374 
  7.463631 5.714866 3.598318 2.682858 3.642784 4.058465 5.033682 5.285823 5.146026 6.111815 6.563608 6.639161 6.284621 7.473728 8.511385 8.324319 8.921172 9.719406 9.153133 9.76802 10.1147 10.20211 10.68076 
  6.223897 4.978457 3.418437 3.951614 3.558439 5.008611 5.171129 4.780496 5.80274 5.647204 5.529284 6.555619 7.12349 7.777539 8.70237 8.714314 8.096851 8.813372 9.559927 10.10992 9.733309 10.02455 10.34009 
  5.83648 5.070508 4.589787 2.955612 3.867705 4.079255 4.964959 5.797532 6.119189 5.921782 5.814092 7.334809 7.21159 8.012017 7.940048 8.206872 8.252902 9.513938 9.265301 9.796511 10.01252 10.42679 10.62981 
  6.146414 6.543326 4.393444 4.516905 4.919893 4.49505 4.964959 4.993185 5.510867 5.96246 6.060061 7.067252 7.608037 8.012017 8.35223 8.730582 8.533793 8.442369 9.526057 9.711037 9.9444 10.15218 10.35541 
  5.991447 6.083071 5.375155 5.459056 5.250081 4.861879 5.033682 5.797532 6.625507 7.403782 6.975194 7.067252 7.652086 7.69938 7.677205 8.681778 8.845134 9.327149 9.977651 9.910477 10.1147 10.47672 11.17326 ]
