 [
  4.449916 4.060467 3.052768 3.836692 4.410149 4.518229 4.736457 5.663651 6.667971 6.362065 7.115814 7.999254 8.232653 8.403599 9.430709 9.128828 9.990749 9.550849 9.337065 9.964959 10.14653 10.25768 10.3899 
  3.344577 3.154268 2.807675 4.120281 2.944796 3.469809 3.577388 5.51694 7.706526 7.851263 7.414381 8.048232 8.111391 9.073627 10.06079 9.898685 10.26945 9.197219 8.975026 9.615064 9.872777 10.39689 10.64073 
  3.107718 3.40599 2.930222 3.255572 4.867913 4.468305 5.220716 5.259968 6.343422 6.091302 6.697819 6.506312 7.290865 7.813733 8.558288 8.409539 8.875945 9.197219 9.362927 9.504099 9.378737 10.42473 10.48081 
  3.186671 3.682884 2.562583 3.473492 3.459971 4.018981 4.435099 5.431283 5.703902 5.985398 6.428063 6.632966 7.343401 8.009464 8.149621 8.494828 9.035203 9.003555 9.245299 10.00384 10.14653 10.50826 10.23725 
  3.502483 3.708056 3.29786 3.734996 3.867818 4.941341 4.690094 4.895925 5.889054 4.800798 5.887273 6.970709 7.325889 7.32663 8.267481 8.449542 8.712594 9.102794 9.466376 9.496173 9.933449 10.34121 10.13847 
  4.292011 3.657712 3.38977 3.70594 3.052124 3.220185 4.898726 5.302797 6.148693 5.412205 5.825469 6.970709 7.028187 7.852701 8.170546 8.494828 8.446074 8.783024 9.155209 9.496173 9.820773 10.202 10.21031 
  3.502483 3.833918 2.011126 3.720468 3.352643 4.680173 5.140856 5.737007 5.889054 5.469524 6.697819 7.411514 7.080722 8.285358 7.856674 8.321531 9.114832 8.926369 9.205259 9.3218 9.768769 9.789325 10.20582 
  4.647298 3.808745 2.777039 3.56066 3.26678 5.028397 5.014633 5.088654 6.083784 6.023611 5.500995 6.43032 6.87058 7.32663 7.846211 8.449542 9.194461 8.838157 9.245299 9.575434 10.0755 10.02146 10.5128 
  4.805204 3.456334 2.930222 3.313684 3.588765 3.669508 4.62055 5.345625 5.634735 5.908972 6.227198 7.362535 7.383821 8.127705 8.412885 8.721256 8.703997 9.708018 9.724998 9.887205 10.0755 10.48042 10.5128 
  4.607822 4.765289 2.440037 2.994068 4.501702 5.550733 5.060996 5.737007 5.330403 6.091302 6.397161 6.649853 7.626345 8.285358 8.267481 8.449542 8.815763 8.948422 9.362927 9.80945 9.933449 10.18266 10.57676 
  5.160492 4.614256 3.512316 4.025751 3.867818 3.969057 4.064197 5.810363 6.473242 6.023611 6.817246 7.117644 7.626345 7.930637 8.50982 8.857114 8.55784 8.650705 8.864915 9.615064 9.812106 10.19555 10.31358 
  7.775921 6.897379 4.688584 5.254639 4.684807 4.293568 6.019312 5.474112 5.824145 5.660588 6.428063 7.313557 8.111391 8.600666 8.315949 8.289529 8.686802 9.135874 9.569825 9.926082 10.00448 10.22984 10.57676 
  11.34544 10.5397 9.705626 8.846772 7.248289 5.986013 5.620014 6.177141 6.603061 7.377428 7.414381 7.313557 7.990129 8.403599 8.655224 9.309971 9.831491 9.629434 10.11293 10.47036 10.21756 10.22984 10.3495 
  13.70133 14.27086 13.28923 12.24985 10.63575 8.24947 7.856084 8.597876 11.01692 10.49121 9.265499 10.05634 11.22377 11.35961 12.67805 14.20083 16.97447 18.63813 18.43674 17.31666 16.55598 15.66973 14.81212 
  13.41576 14.71504 14.00595 12.7225 11.00196 7.727134 8.415101 9.184721 12.05548 12.11578 10.28063 11.72161 12.83594 11.95081 13.59894 14.68054 18.05529 19.22376 18.69634 18.93166 19.57681 17.38336 15.49011 
  13.98689 15.86992 14.4539 13.28967 11.45972 9.032974 8.574821 8.304453 11.40638 11.70964 9.862634 11.67263 12.51723 12.26612 14.4729 15.54938 18.05529 18.98951 18.56654 19.84009 20.04882 19.7634 16.3941 
  14.27245 16.0476 14.63308 13.3842 12.00904 10.1647 9.533136 9.404788 11.99057 12.31886 9.862634 11.62365 12.35555 13.72653 14.96527 16.85265 19.85666 21.09778 20.77316 20.9504 20.42642 19.38259 17.22275 
  14.34384 15.78109 14.72267 13.66779 12.2837 9.903535 10.17201 10.50512 12.8993 12.99577 11.89289 14.09765 14.74821 15.13458 16.34391 17.80837 20.6973 21.33203 20.51355 20.84946 20.42642 19.47779 18.2774 
  14.27245 15.42574 14.72267 13.66779 12.4668 10.33881 11.05047 11.38539 13.74313 14.55265 13.32602 14.95536 15.81059 16.07329 17.82103 18.7641 20.81739 21.56628 19.73475 19.94103 19.67122 19.00178 18.2774 
  14.27245 15.51458 14.81226 13.76232 12.4668 10.86115 11.52963 11.38539 13.80804 14.68804 13.74401 15.89885 16.76672 17.48135 18.80577 19.71983 21.53794 21.44916 19.99435 20.24384 19.86002 19.47779 19.25673 
  14.6294 15.60341 15.43939 14.51856 13.38233 12.07994 12.72752 12.41237 14.06768 14.86965 14.10229 17.18542 17.93533 18.8894 20.57831 19.02476 19.85666 19.45801 18.30694 18.93166 18.3496 18.04977 17.67475 
  15.27559 16.13643 16.55305 15.93651 14.57252 12.9505 12.64766 13.29263 15.31189 16.95819 15.8489 17.5285 18.46652 18.79553 19.98746 18.32968 17.21465 16.64698 15.97053 16.81198 17.02799 16.71695 16.46943 
  15.93798 17.13684 18.00566 17.84895 16.03737 14.95278 14.24485 14.98368 17.07452 18.5927 17.43673 18.64353 19.21018 17.66909 17.42713 16.41822 16.01374 15.59285 15.71093 16.30729 15.23437 15.19373 15.33945 
  16.33541 17.57887 18.48986 18.69893 17.32122 15.73629 15.28303 15.91028 18.31874 19.86398 18.23064 18.55776 17.93533 17.85683 15.85154 17.20018 15.77356 15.59285 15.71093 17.51854 15.98958 15.09852 15.33945 
  16.44139 17.60214 18.39302 18.80517 17.9111 16.18175 15.91695 16.60524 19.25189 20.0456 18.70699 18.04313 16.76672 16.91812 14.4729 16.67888 15.89365 15.70997 15.32152 17.51854 16.08398 14.81292 15.33945 
  16.44139 17.43928 18.29618 18.8583 18.08459 16.41932 16.14335 17.22298 19.97768 20.0456 19.10395 16.9281 15.81059 15.79168 14.4729 16.41822 15.77356 15.59285 14.54272 17.11479 16.27278 15.09852 15.18878 
  16.33541 17.27643 18.15092 18.8583 18.1193 16.53811 16.36975 18.14959 20.39242 20.31801 19.10395 15.38422 14.4295 13.72653 14.66985 16.41822 15.65347 15.70997 14.15332 16.71104 16.27278 15.19373 15.71611 
  16.20293 17.1601 18.1025 18.80517 18.08459 16.59751 16.64143 18.92176 20.59979 20.22721 18.38943 14.26919 13.36713 12.62084 14.66985 16.50511 15.1731 15.35859 13.63411 16.00448 15.70637 15.00332 15.18878 
  16.09695 17.06704 18.05408 18.69893 17.9805 16.6272 16.82255 19.38507 20.49611 20.40882 17.83369 13.66879 12.43639 12.26612 14.66985 16.41822 14.93292 15.12434 13.37451 15.39886 15.42317 14.90812 15.11345 
  16.01747 17.02051 18.00566 18.69893 17.9458 16.6569 16.91311 19.61672 20.39242 19.86398 16.96038 13.23994 11.74924 12.18729 14.57137 15.9838 14.45256 14.53871 13.11491 14.89417 14.95117 14.71772 15.03812 
  15.88499 16.97398 17.95724 18.80517 17.9111 16.7163 17.09423 19.77115 20.28874 19.50076 16.08708 12.89709 11.42588 12.14788 14.37442 15.54938 14.45256 14.53871 12.59571 14.99511 14.85676 14.24171 14.51079 
  15.75251 16.90418 17.8604 18.91142 17.9111 16.80539 17.32063 19.77115 20.08137 19.40995 15.69012 12.79913 11.06209 12.26612 14.57137 15.28873 13.97219 14.18733 12.51812 14.59136 14.47916 13.7657 14.58612 
  15.62003 16.85765 17.76356 19.12391 17.9805 16.89448 17.50175 19.61672 19.66663 19.31915 15.69012 12.4073 10.73873 12.66025 14.4729 14.24612 13.4546 13.8337 12.20777 14.20258 13.80441 12.98614 14.35087 
  15.51405 16.81112 17.52145 19.28328 18.0499 17.04296 17.68287 19.46228 19.14821 19.31915 16.00768 12.35833 10.94083 13.25717 14.37442 12.66112 12.97683 13.51937 11.8457 13.73606 13.30722 11.6776 13.87111 
  15.40807 16.78786 17.27935 19.28328 18.08459 17.19145 17.77342 19.15342 18.31874 18.32028 17.19855 13.093 12.43639 13.72653 14.03515 12.57054 13.37498 13.75512 12.59571 14.12483 13.55581 12.73557 13.23143 
  15.30209 16.74133 17.03725 18.96454 18.22339 17.28054 17.95454 18.92176 17.38558 17.50303 17.7543 13.84034 12.94218 14.10201 13.98668 11.89126 13.05646 13.71583 12.02674 13.61942 13.20068 12.03954 12.81564 
  15.2226 16.64827 16.84357 18.43331 18.22339 17.36963 18.13566 18.38124 16.34873 16.23174 17.59551 16.07039 13.26089 14.19588 13.79281 11.57426 13.49442 14.10875 11.6388 13.85269 13.69787 11.25998 12.68771 
  15.09013 16.53194 16.45621 17.84895 18.22339 17.54782 18.09038 17.68629 15.41557 14.77884 15.92829 16.9281 14.00455 14.00814 13.64741 11.71012 12.3398 13.59795 11.6388 12.64749 12.70349 10.36905 12.27191 
  14.93115 16.36909 15.92359 17.42396 18.0499 17.60721 17.8187 16.83689 14.68978 13.87575 14.18168 15.98462 14.32326 13.53878 13.30813 10.84969 12.85739 13.51937 11.56122 12.76412 12.24182 10.59178 13.07151 
  14.77218 16.20623 15.3498 16.73336 17.63351 17.42903 17.32063 15.83307 13.93786 13.26653 13.38573 15.55576 14.53574 13.53878 13.16273 10.1704 13.61386 14.14804 11.97501 14.08595 13.30722 11.14861 13.99905 
  14.55801 15.86992 14.81226 15.93651 16.93954 16.89448 16.50559 14.90646 13.28876 12.725 12.90802 14.26919 13.68584 12.97556 12.14491 9.898685 13.21572 13.71583 11.3026 12.91963 12.02874 10.48042 11.92009 
  14.34384 15.3369 14.09554 14.89668 15.94581 16.15205 15.46415 14.02619 12.1853 11.43888 11.41518 12.16241 11.54714 10.92606 9.527644 8.902399 11.225 11.75121 9.595687 11.05352 10.50166 10.42473 11.85612 
  13.9155 14.18202 12.84128 13.10062 14.11476 13.82106 14.165 12.70579 10.56255 10.08506 9.683494 10.74204 10.45578 11.0443 9.576112 8.5854 10.82685 10.88679 9.699136 10.78138 10.53718 10.5361 11.15248 
  13.27298 12.04993 10.06399 10.07566 11.00196 12.86344 12.24836 10.65183 9.264359 8.731244 8.847505 9.272691 9.121904 10.41369 9.479177 8.947685 9.592605 9.668726 9.145199 10.27598 10.28858 10.16976 10.30011 
  11.631 9.740166 8.720136 8.468654 9.994875 11.29643 10.81089 10.65183 8.485443 8.122026 7.832376 8.538015 8.677279 9.428349 9.38224 8.992971 9.91112 9.39368 9.492238 9.964959 9.768769 10.25768 10.5128 
  9.632072 8.407609 6.480385 6.578056 9.079347 9.990591 9.213697 9.331432 7.381978 7.986645 8.071229 7.803341 8.111391 9.349522 9.333773 9.898685 9.075017 9.275804 9.28534 9.731695 9.924782 9.911839 10.44883 
  7.490359 7.608076 7.555465 6.483527 8.346924 8.075358 6.977628 6.984053 7.446887 7.64819 8.011516 8.146189 8.313494 9.586003 9.479177 9.445828 8.368696 8.816104 8.814864 9.107797 10.00448 10.42473 10.48081 
  5.239445 7.519238 7.107515 5.821818 7.706053 7.640078 6.738049 6.984053 6.213603 6.903592 7.593522 7.705384 6.975651 8.206532 8.170546 9.400542 9.194461 9.315096 8.644691 9.337652 9.794771 10.09238 10.25072 
  6.847846 6.719705 5.853254 5.538229 6.97363 5.986013 5.220716 5.737007 5.524069 5.851653 6.87696 7.313557 7.255841 8.403599 7.898523 8.811828 9.075017 8.970475 9.543962 9.591286 9.898779 9.834461 10.7047 
  6.847846 6.275519 6.122025 5.349169 5.874995 4.767229 5.380435 5.663651 5.537902 6.362065 6.757533 7.50947 7.06321 8.403599 8.50982 8.540113 8.583632 9.275804 9.337065 9.848328 10.03999 9.886045 10.3046 
  8.703997 8.141098 8.003415 6.105408 4.959466 4.941341 5.460294 5.883718 5.759235 5.622375 6.227198 7.558449 7.788027 8.048878 8.01361 8.449542 8.772776 8.452228 9.165218 9.464469 10.18204 10.59178 10.40337 
  9.774853 8.585283 6.301205 5.632758 5.051019 4.680173 5.380435 5.737007 5.482569 5.584163 5.84092 6.768063 7.747606 8.088291 7.657888 8.41754 9.114832 9.511557 9.595687 9.926082 10.14653 10.00856 10.37195 
  8.489825 7.874587 7.286695 6.388997 5.417231 4.941341 5.620014 5.51694 5.690068 6.091302 6.458965 6.936934 7.545504 7.424051 8.034534 8.329533 8.867348 9.236511 9.155209 9.615064 10.11102 10.42473 10.67272 
  8.418435 7.785749 6.480385 6.483527 5.234125 5.028397 4.62055 4.895925 6.278512 5.966291 5.918176 6.801837 7.255841 6.683655 7.563727 8.305531 8.738386 9.315096 9.388789 9.559582 9.820773 10.34121 11.12049 
  6.562284 6.186683 5.136534 4.403871 3.674627 4.443342 5.380435 5.024411 5.662402 6.497447 6.697819 7.019687 7.545504 7.618892 8.160083 8.369535 8.721191 9.003555 9.28534 9.80945 9.820773 10.15687 10.44883 
  9.060949 8.407609 7.197104 5.16011 5.234125 4.143794 4.319192 4.917339 4.943071 6.362065 6.289003 7.117644 7.464663 7.540956 8.170546 8.073512 9.234275 9.197219 8.654701 9.290095 10.18204 10.16976 10.57676 
  8.632607 6.630868 4.598994 4.59293 4.232733 4.593117 5.540154 5.152897 6.018874 5.660588 6.578392 6.725845 7.290865 7.833217 8.219013 8.105515 8.915759 8.970475 9.25531 9.393134 9.968962 10.31337 10.48081 
  6.990627 6.897379 4.419814 3.575188 4.125405 5.028397 6.099172 6.397207 5.759235 5.832546 6.757533 6.962265 7.290865 7.833217 8.800627 8.630685 8.995388 9.315096 10.03535 10.15935 10.21756 10.22984 10.60875 
  5.634209 6.009008 4.509404 3.77858 5.051019 4.543192 4.365555 5.810363 5.889054 6.294374 5.470093 6.607635 6.853067 8.088291 8.412885 8.361535 8.915759 9.39368 9.699136 9.848328 10.21756 10.45257 10.7047 
  7.133408 5.831334 5.046944 3.56066 4.318596 5.115453 5.460294 6.103785 5.745401 6.497447 5.995431 6.675184 7.290865 7.911153 8.097309 8.209523 9.035203 9.39368 9.543962 9.496173 10.00448 10.0537 10.32705 
  6.705065 5.209475 3.573589 4.025751 4.211268 2.995523 3.646932 5.045825 4.873904 5.450418 6.057236 6.447207 6.222639 7.618892 7.75205 8.675971 9.035203 9.157927 9.337065 10.19822 10.28858 10.34121 10.12949 
  5.634209 5.920171 4.419814 3.749524 4.410149 3.994019 5.060996 5.088654 5.745401 6.091302 6.697819 6.692071 7.828447 8.009464 8.412885 8.857114 9.075017 9.236511 9.699136 10.00384 9.595422 9.995663 10.44883 
  4.884157 4.765289 3.757408 2.935956 3.910749 4.41838 4.249648 4.510467 5.662402 6.091302 6.289003 6.894717 7.585924 8.206532 7.595114 7.937501 8.325709 9.124847 9.25531 9.731695 9.924782 10.13107 10.41684 
  5.278921 4.563911 3.512316 3.153876 3.910749 4.393417 5.779733 4.146423 5.607069 6.565138 6.518679 7.362535 8.232653 7.930637 7.888061 8.5854 8.48906 9.157927 9.125178 9.218761 9.552085 10.22984 10.67272 
  4.805204 3.934606 3.083404 2.9069 3.932215 4.593117 4.690094 5.737007 6.148693 6.294374 6.996387 7.460492 7.828447 7.424051 8.003147 8.241526 9.154646 9.511557 8.864915 9.607138 9.760101 10.28553 10.73668 
  5.476303 3.783573 3.971864 3.386324 3.352643 3.444846 4.690094 5.131482 6.278512 5.393098 5.933627 6.66674 7.343401 8.167118 7.699738 8.675971 8.955574 9.354387 9.466376 9.615064 10.00448 10.15687 10.39439 
  6.062551 4.463223 2.777039 3.095764 3.910749 3.519733 4.041016 5.590296 6.473242 6.429756 6.638106 7.068666 6.958139 7.911153 8.267481 8.43354 8.815763 8.882263 9.466376 9.543729 9.907447 10.45257 10.21929 
  5.318398 5.387149 4.598994 4.971049 4.867913 5.724845 5.300575 5.590296 5.205903 4.89633 6.757533 7.411514 6.993163 7.735796 8.219013 8.5854 8.875945 9.197219 9.647411 9.848328 9.968962 10.39689 10.7047 
  6.633675 4.589084 4.240633 4.498401 4.318596 4.593117 4.527824 5.002996 5.620902 5.679695 6.103589 7.019687 7.238329 7.735796 7.668351 8.241526 8.52345 8.463254 8.864915 10.19822 10.3241 10.202 10.19684 
  6.776455 3.456334 3.849318 4.309341 4.776361 5.289565 5.460294 5.590296 5.524069 6.091302 6.697819 6.742732 7.949709 7.774765 7.500953 8.401538 8.721191 8.628653 9.337065 9.535803 9.838108 9.815117 11.02454 ]
