 [
  6.826602 6.360738 5.555158 6.626924 6.49203 6.212748 5.763143 5.40457 5.924576 7.487224 6.962511 7.42446 6.7464 7.525458 9.021941 9.007268 9.23747 9.375584 9.750982 9.34791 10.05744 10.34468 10.42574 
  3.802233 3.954748 5.555158 6.359633 5.866851 6.143311 6.71006 6.214831 6.631343 7.2905 7.781466 7.795107 7.365579 8.167118 8.539216 9.007268 9.095922 9.458273 9.54016 9.952733 10.0757 10.61999 10.72655 
  4.458419 4.315342 4.304278 5.409043 4.481029 5.726688 6.078782 5.286234 6.416286 6.771957 7.374294 7.073321 7.419421 7.691814 7.696022 8.902108 9.015929 9.761469 9.750982 10.14633 10.03005 10.52822 10.42574 
  5.086076 3.630213 3.740017 4.546952 5.15886 5.546179 6.520677 5.691956 6.459044 6.823811 7.374294 7.619537 7.257895 7.549223 8.288052 8.95516 8.711954 8.905968 9.315313 9.754275 10.49242 10.4181 10.14565 
  4.743718 4.748055 5.070061 4.755043 3.746711 4.80158 6.205037 5.835353 5.197701 6.512685 7.580763 6.897751 7.177133 7.287807 7.803664 8.64746 8.743952 9.651216 9.961838 10.12213 10.50887 10.34468 10.83661 
  5.371375 5.072589 5.231278 5.587407 5.554262 6.004436 6.078782 7.037033 6.52318 6.92752 7.580763 7.190367 6.557954 7.644284 8.305992 8.700512 8.99993 8.822107 9.514216 9.584169 10.295 10.73012 10.43241 
  4.030471 3.666273 4.062452 5.914151 5.944999 5.681561 5.607804 5.167899 5.53976 7.356075 5.89672 6.585628 7.446342 7.359102 7.767783 8.742953 8.847943 9.274952 9.125059 9.470764 9.6831 10.24106 10.45242 
  4.458419 4.531698 4.22367 4.517225 5.045888 5.433361 6.015654 5.320045 5.71079 5.942287 6.647618 7.756092 7.688629 7.71558 7.857485 8.520136 9.063925 9.291723 9.680697 9.877131 9.966137 10.21515 11.01271 
  4.715188 4.639876 4.626713 5.260406 5.497776 4.55338 5.090009 5.235519 6.762156 7.031229 6.938289 6.663659 7.3925 7.81064 8.933071 9.34597 9.265779 9.375584 9.821268 9.88658 10.13048 10.31878 10.63849 
  4.800777 3.558095 4.384887 5.11177 4.452785 4.485689 5.141788 5.421474 5.796304 6.512685 6.526505 7.482984 8.173204 7.549223 8.090709 8.477695 9.209161 9.5134 9.736925 9.688123 9.966137 10.1288 10.25235 
  3.773703 3.197501 4.425191 4.963134 5.44129 4.643635 5.400686 5.961845 5.988712 6.486758 7.156291 7.307414 7.742471 7.668049 8.485395 8.62624 8.871942 8.788564 9.133707 10.02533 9.792663 10.28424 10.61648 
  5.618086 4.42352 4.546104 4.933407 4.961159 4.666198 5.271237 5.303139 5.945955 6.668248 7.035179 7.834123 8.0386 7.786875 8.593037 8.63685 8.759951 9.107231 9.228834 9.62197 9.947877 10.21515 10.57246 
  5.456964 4.603817 3.941539 4.665861 4.791701 5.681561 5.297127 5.898599 5.988712 5.786725 6.356948 6.858736 7.230975 7.81064 8.054828 8.276098 8.671958 9.006599 9.54016 10.09793 10.22919 10.52822 10.8146 
  4.544009 3.774451 4.667017 5.082043 4.791701 5.252852 5.090009 4.626937 5.646654 5.631162 7.253181 6.956275 7.742471 8.119588 9.37742 9.893104 8.983932 9.325268 10.0743 10.29153 9.600927 10.07698 10.42574 
  4.40136 3.630213 4.586409 4.279407 4.424542 4.350307 5.297127 5.235519 5.368731 6.227487 6.453838 7.287906 7.365579 7.739345 8.108649 8.700512 9.265779 8.302176 9.323961 9.669222 10.21274 10.34468 10.3924 
  3.716643 3.702332 4.143061 5.022589 4.989402 4.80158 5.01234 5.64124 5.668032 5.968215 6.526505 7.229383 7.580946 8.190884 8.77244 8.371592 8.679957 8.570528 9.159651 9.829878 10.08483 10.47316 10.8146 
  5.618086 4.098985 4.747626 5.468497 5.300075 5.36567 5.090009 5.455285 6.010091 7.10901 7.277404 7.131844 7.042529 6.764972 7.696022 8.721733 8.799947 9.403147 9.263426 9.924382 9.546146 9.792015 10.15232 
  4.715188 3.954748 2.893626 3.744316 4.481029 4.891834 5.141788 5.353854 6.330771 7.2905 6.356948 7.521999 8.370984 7.620519 8.431574 8.605019 8.799947 9.023372 9.488273 9.669222 10.14693 10.58329 10.88063 
  5.618086 5.894136 4.828235 4.45777 4.509272 4.282617 4.106199 5.64124 5.689411 6.097851 7.446961 7.482984 7.984758 8.380755 8.449514 8.981215 8.983932 9.325268 10.08835 9.848779 10.64049 10.61999 10.79258 
  6.902133 7.06064 5.15067 5.646861 5.328318 5.726688 5.245347 5.049563 6.565937 6.668248 7.204736 7.697568 7.850154 8.048292 8.521276 8.62624 8.975932 8.352491 10.63658 10.17053 9.747011 10.52822 10.46575 
  8.714907 8.84928 6.129532 6.626924 5.554262 5.934999 6.078782 5.961845 6.309393 7.057156 6.744508 6.858736 7.634788 8.285944 8.090709 8.286709 9.23747 10.28517 12.26937 11.42891 10.19629 10.61999 10.54578 
  9.847889 10.01578 5.15067 5.617134 5.413047 5.726688 5.763143 5.421474 5.518381 6.383049 6.671841 7.890037 8.641273 9.897736 10.53273 10.54445 11.33237 13.32925 14.95541 14.13905 12.33267 12.69399 12.94983 
  11.283 11.10452 8.016763 6.092344 5.554262 6.837682 7.278211 7.543003 7.743249 8.274119 8.049069 7.619537 9.587287 11.55693 12.75448 13.33138 15.00563 15.8827 15.77289 14.97656 14.16332 15.18552 15.41866 
  13.02024 12.89316 11.54506 9.656206 8.211272 6.907119 6.520677 8.112221 8.920561 9.913485 8.985682 9.343808 10.30806 11.36731 13.82092 14.84602 16.09898 17.90418 17.1743 16.06532 15.31952 16.23036 16.43294 
  14.22876 14.29297 13.43229 11.97272 11.02458 9.96235 8.856406 9.250654 10.3595 11.35612 9.989196 9.511551 10.84864 11.03547 13.82092 15.13001 16.79474 18.32976 17.75822 17.07033 16.66842 17.03408 17.19366 
  14.53089 14.4485 13.43229 11.61633 10.79014 9.754038 8.982661 10.1361 10.62112 11.35612 10.99271 10.57392 11.61446 11.69915 14.66705 15.60334 17.39112 19.60649 18.80928 17.99159 17.43922 17.27519 17.44723 
  14.83302 14.83734 14.08872 12.86368 11.8842 9.892913 10.05583 11.40103 10.88275 12.2086 13.06664 13.14598 12.83076 12.50504 14.86981 16.45532 17.98749 18.96812 18.45893 18.32659 18.30637 17.75743 18.54604 
  15.05961 14.9151 14.49899 14.11104 12.82197 10.65672 10.8765 11.46427 12.25628 13.65124 12.73213 12.69867 14.50215 14.06943 14.53188 16.73931 18.38507 19.60649 18.57571 18.15909 17.15017 17.27519 18.71508 
  14.90855 14.6818 15.07336 15.18019 13.29085 11.14278 11.5709 12.41297 14.28387 15.2906 13.93635 13.64921 16.09497 15.25402 15.34292 17.3073 18.98144 18.54255 17.64144 17.15408 16.86112 17.27519 17.53175 
  14.15322 15.45947 15.81184 15.71477 13.99418 11.42053 12.26531 13.04543 15.02355 16.58217 15.20747 14.26427 16.39836 14.54337 15.41051 17.49663 18.98144 17.37222 16.82395 16.40032 16.28302 16.79296 16.94008 
  14.45535 15.70938 16.21197 16.24935 14.61936 12.04546 12.83346 13.23517 14.93793 16.99669 16.01028 15.2923 16.9293 15.06452 16.55949 17.3073 17.09293 15.13794 15.30576 15.06031 15.03047 16.14999 16.09485 
  14.60642 16.0956 16.53649 17.05122 14.93195 12.87871 12.89659 13.48816 14.67631 17.48029 16.92289 16.13551 17.99118 16.39106 17.91122 18.06462 16.79474 14.28679 15.18897 14.80906 14.35602 15.2659 15.24961 
  14.83302 16.34551 16.86102 17.46826 15.55713 13.71195 12.89659 13.80439 14.93793 17.68755 17.7341 16.91849 18.21872 16.81745 18.78985 18.25395 15.10503 14.28679 14.48827 13.8878 13.39252 13.41734 14.57342 
  15.05961 16.54998 17.24455 18.02431 16.38946 13.92026 13.33848 13.89711 15.19479 17.9639 18.19041 18.00262 18.82551 17.29122 18.45192 17.49663 14.40926 12.90367 13.554 13.63655 12.71807 12.93511 13.0599 
  15.2761 16.77717 17.68708 18.6267 17.40014 14.61463 13.8435 14.45347 15.62287 18.30933 18.64672 18.7856 18.82551 17.3386 18.31675 16.83398 14.50865 12.07678 13.554 13.55279 12.33267 11.44592 12.06932 
  15.36769 16.86805 17.83459 19.13642 18.17302 15.13081 14.424 15.10255 16.65029 18.72385 18.69742 18.72537 17.99118 17.14909 18.0464 15.60334 13.21652 11.33257 13.08686 13.46904 12.71807 11.68452 12.35549 
  15.34152 16.89077 17.83459 19.55346 18.64864 15.70434 15.0045 15.65891 17.59208 19.55288 19.15372 17.70147 16.70176 16.7227 17.10018 14.46736 13.11712 12.10434 12.26937 14.0553 12.52537 11.17061 13.55913 
  15.26956 16.86805 17.65758 19.83148 18.88645 16.16316 15.43988 16.30799 18.53387 19.76014 19.20442 17.27987 15.56403 16.05943 15.88362 13.14205 13.21652 12.76586 11.31131 14.2228 12.33267 11.48263 14.1508 
  15.24339 16.82261 17.45106 19.9705 19.00535 16.62199 15.80269 16.95708 19.47567 19.82923 19.10302 16.55711 14.8814 15.15927 15.07257 12.29007 13.01772 13.01007 11.45189 12.4211 11.28211 12.77437 14.4889 
  15.21068 16.70902 17.15604 19.92416 19.0648 16.96611 15.94781 17.60616 20.07499 19.9674 18.95092 15.53322 14.578 14.73288 14.66705 11.8211 12.91833 12.90367 11.43783 13.55279 12.15406 13.33697 14.23532 
  15.2303 16.61814 16.92002 19.78515 19.0648 17.13817 16.1655 18.25524 20.24623 20.03649 18.95092 14.54384 14.27461 14.35386 14.22083 11.35213 12.66292 13.01007 11.29726 12.90509 11.69341 13.49771 13.55913 
  15.23685 16.5727 16.86102 19.69247 19.18371 17.36758 16.38319 18.71887 20.33185 19.89832 18.84952 14.99115 14.04706 14.06943 14.13196 11.61267 12.71954 13.32925 11.56867 12.73569 12.08825 13.73883 13.89723 
  15.25647 16.50455 16.77251 19.55346 19.18371 17.48228 16.60087 19.08978 20.24623 19.34562 18.64672 14.93524 14.00202 14.11684 13.82092 10.96132 12.81893 13.43564 11.40971 13.13404 12.23632 14.3818 14.06628 
  15.30227 16.43639 16.77251 19.41444 19.24316 17.59699 16.81856 19.27523 19.90376 19.00019 18.64672 15.11161 13.91192 14.02203 13.64318 11.56056 12.66292 13.22285 11.35349 13.05029 12.52537 14.06032 13.72818 
  15.29573 16.25464 16.6545 18.95107 19.30261 17.94111 17.25394 19.46068 19.56129 18.4475 18.69742 15.47299 14.35046 14.54337 14.66705 13.23672 12.66292 12.60048 10.83337 13.46904 13.19982 14.30143 14.1508 
  15.36769 15.89113 16.30047 18.30234 19.30261 18.17052 17.54419 19.64613 19.30443 17.75664 18.59601 16.07528 14.27461 14.82763 14.35414 11.97742 12.46475 12.10434 10.97395 11.47731 12.23632 13.49771 13.39009 
  15.33498 15.80026 16.24147 18.16333 19.30261 18.22787 17.83443 19.55341 18.61949 16.99669 18.08901 16.79803 14.35046 14.92239 14.3097 12.08164 12.63461 13.32925 11.33943 11.18692 11.92373 12.69399 12.75172 
  15.28919 15.70938 16.15296 18.02431 19.24316 18.22787 18.12469 19.55341 17.93455 16.51309 17.8862 17.09918 14.35046 15.01714 14.3097 12.13375 12.6063 13.32925 11.42377 11.16272 11.43018 12.08831 12.09134 
  15.24993 15.59579 16.09396 17.83896 19.12425 18.17052 18.26981 19.64613 17.33523 16.16765 17.4299 16.91849 14.35046 15.25402 14.53188 12.23796 12.20997 12.60048 11.17074 11.67091 11.77567 11.66617 11.78316 
  15.24993 15.50491 16.06446 17.60728 18.88645 18.11317 18.26981 19.1825 16.7359 15.68405 16.77079 16.79803 14.12291 15.53828 14.86981 12.38473 12.35152 12.29728 11.68545 11.45311 11.54534 11.79465 12.09134 
  15.25647 15.3817 15.97595 17.46826 18.70809 18.11317 18.41493 18.25524 16.56467 15.35618 16.16238 16.85826 13.77677 15.39615 15.14016 12.29007 12.71954 12.6556 11.68545 10.77552 10.98598 11.26238 12.5536 
  15.26302 15.30394 15.81184 17.09756 18.29192 17.88375 18.41493 17.69888 16.2222 15.09388 16.01028 17.03895 13.95697 15.3014 15.41051 12.38473 11.89856 11.88383 11.36754 11.21111 10.92017 10.49152 12.46555 
  15.42658 15.07064 15.31952 16.24935 17.04343 16.90875 17.3265 16.49345 14.6109 13.65124 14.40466 16.25597 13.82182 13.97462 14.53188 11.27396 10.76618 11.24988 11.00206 10.65452 10.36081 10.52822 11.519 
  15.62285 15.22617 14.58104 14.9129 15.16639 15.18816 15.51244 13.74114 13.499 12.53647 12.13002 14.15244 13.23619 13.16872 13.73205 11.16975 10.36985 10.69862 9.708812 10.02533 10.17984 10.31014 11.98127 
  15.58359 15.1484 14.33488 14.20013 14.54121 14.67199 14.06119 12.85569 12.58331 12.40532 11.52792 12.53092 12.10999 11.55693 12.88778 11.71688 10.65295 11.27744 10.20081 10.50933 10.7063 10.39975 10.85862 
  14.90855 14.2152 13.35024 13.39826 13.05641 14.26745 13.59099 11.46427 11.86384 11.9463 10.92581 12.02769 12.51542 10.79844 12.04352 11.09159 10.59633 10.67105 9.961838 10.14633 10.27855 10.31878 10.55912 
  13.8511 12.58209 10.23221 10.63627 10.3994 12.46208 12.45469 8.554944 9.705436 10.6348 11.12651 12.47501 12.51542 10.79844 11.73248 11.37818 10.05845 10.78131 9.90561 10.07373 10.52533 10.6567 10.43908 
  12.79365 11.57112 9.001404 8.854338 8.367567 10.03179 9.740195 8.428452 9.051373 9.84791 8.78498 10.07069 10.57835 10.03995 10.71047 10.15364 9.690422 10.25761 9.722868 9.952733 10.31145 10.63835 10.63849 
  10.98087 9.782484 7.688549 7.874275 8.054977 9.754038 9.108917 7.985727 9.051373 9.323313 8.249772 9.23198 9.587287 9.186651 10.13282 9.840996 8.943935 9.342039 9.159651 9.480215 9.673969 10.52822 10.70453 
  8.48831 7.682776 7.032121 7.696082 7.820536 10.03179 9.866451 6.910541 8.135686 8.536418 7.781466 8.44918 8.641273 9.660707 10.04395 9.450186 9.180851 9.926847 9.863439 9.952733 10.24564 10.45481 10.85862 
  7.355327 6.905107 7.196228 7.428792 6.882767 7.601489 8.162 5.961845 8.07028 8.011821 7.982169 8.84058 8.866515 9.945141 9.288551 9.372024 9.350708 9.816595 10.00401 9.976933 9.984398 10.38139 10.4991 
  6.902133 6.982873 6.457747 7.339696 7.195356 8.365297 7.846361 6.657555 7.416218 8.798716 8.115971 9.287894 9.226901 9.139245 8.844201 9.762834 8.951935 9.458273 9.185595 9.86768 10.22919 10.10289 10.8146 
  5.769151 6.671806 6.375693 6.270537 6.726472 7.184867 8.73015 7.037033 7.939467 8.667566 8.049069 9.287894 8.866515 8.285944 9.021941 9.241754 9.294089 9.375584 9.099115 9.924382 10.3279 10.14607 10.24568 
  4.943427 5.738602 5.473104 6.44873 6.570178 6.212748 6.457549 6.088338 6.958375 7.880672 8.249772 9.399723 9.136805 8.167118 8.933071 9.372024 9.265779 9.241407 9.835324 10.02533 9.957007 10.31014 11.05674 
  5.920215 5.816369 5.719265 5.825054 6.882767 6.559933 6.583804 6.025092 8.07028 8.011821 7.848367 9.735209 9.452142 9.044434 9.46629 9.658618 9.633803 9.568526 9.522864 9.744825 9.911356 10.38139 10.96869 
  5.618086 6.82734 6.375693 7.161503 7.039062 7.11543 6.583804 6.467816 8.004874 8.077395 7.580763 8.84058 9.226901 8.76 9.421856 9.111484 9.152541 9.816595 10.0743 10.46093 9.810924 10.13743 10.46575 
  5.693618 6.749573 5.190974 5.646861 6.101293 6.976556 6.71006 5.898599 7.023781 7.487224 7.132069 8.505095 8.821466 8.428161 9.199681 9.163592 9.322398 9.678779 9.358553 10.29153 10.17984 10.25833 10.43241 
  4.658128 5.894136 5.965425 5.914151 6.101293 6.907119 5.607804 6.973786 7.285406 7.552799 7.982169 8.616922 8.956612 8.949623 9.332986 9.2157 9.463946 9.403147 9.393146 9.754275 10.04831 10.82189 10.57246 
  6.297876 6.671806 7.934709 7.250599 6.023146 6.837682 6.078782 6.214831 7.219999 7.618373 8.316673 9.064237 8.596226 8.333349 8.252172 8.679291 9.23747 9.375584 9.736925 10.07373 10.47597 10.98707 11.29888 
  5.995747 6.127437 6.129532 6.44873 5.866851 6.004436 5.826271 5.252424 6.69675 8.011821 8.115971 8.672837 8.956612 9.186651 8.888636 8.880888 9.095922 9.789032 9.708812 10.21893 10.39371 10.45481 10.85862 
  6.146811 6.127437 6.375693 6.270537 5.243589 6.490496 6.71006 6.278077 6.762156 8.274119 8.182871 9.287894 9.181852 8.522972 9.110811 8.806616 8.99993 9.140776 9.315313 10.02533 9.701361 10.29287 10.56579 
  4.40136 5.505301 5.555158 6.805117 5.710557 6.907119 6.394421 5.70886 6.480422 7.487224 7.398517 8.281437 8.461081 8.428161 9.421856 9.658618 9.435637 9.844158 9.522864 10.04953 10.19629 10.21515 10.94667 
  6.675537 6.205204 5.637211 6.805117 6.882767 6.62937 5.141788 5.898599 7.219999 8.798716 7.982169 8.728751 8.146283 8.76 8.888636 8.551968 8.983932 9.651216 9.592048 9.976933 10.04831 10.17198 10.70453 
  5.542554 5.583068 5.352191 5.914151 5.710557 5.568743 5.193568 5.57362 7.154593 7.815097 8.450475 9.008323 8.686322 8.854812 8.826261 9.059376 9.492255 9.308496 9.652583 9.86768 10.13048 10.49152 10.59447 
  4.857837 5.144708 5.555158 6.805117 6.257588 4.982089 4.908781 5.57362 6.892968 7.083083 8.383574 9.23198 8.280888 9.139245 9.510726 8.806616 9.492255 9.43071 9.680697 10.29153 10.34436 10.38139 10.72655 
  6.44894 5.505301 5.801318 4.963134 4.67873 5.185162 5.952526 5.522905 7.285406 7.2905 7.513862 9.343808 9.226901 9.044434 9.288551 8.742953 9.095922 9.207864 9.680697 10.26733 10.41016 10.71176 11.07875 
  5.542554 5.252886 5.637211 6.003247 5.632409 6.212748 5.952526 6.40457 7.089187 8.601992 8.049069 9.791122 9.452142 9.09184 9.37742 9.554401 9.152541 9.540963 9.722868 10.14633 10.39371 10.38139 10.72655 
  6.297876 5.583068 5.801318 6.092344 5.866851 6.768245 5.826271 6.467816 7.285406 7.815097 7.714565 9.287894 8.370984 8.807405 9.288551 9.658618 8.583965 9.623652 10.14458 10.24313 10.31145 10.36304 10.74856 
  5.995747 6.438505 6.375693 5.617134 5.300075 5.658998 5.581914 5.835353 6.69675 6.590466 7.446961 9.23198 8.641273 9.51849 9.199681 9.47624 9.463946 9.325268 9.5834 10.12213 10.45952 10.6567 10.9907 
  6.373408 5.738602 5.801318 6.270537 6.882767 6.559933 4.831112 5.835353 6.892968 6.616394 7.580763 8.952409 9.181852 9.186651 9.46629 9.34597 9.463946 9.485836 9.919667 10.31573 10.14693 9.999266 10.45909 
  5.769151 4.820173 5.555158 7.072406 6.17944 4.733889 5.348907 6.214831 6.631343 7.683948 7.398517 8.225523 9.226901 8.997028 8.808321 9.163592 9.407327 9.844158 10.15864 10.50933 10.19629 10.61999 10.57246 
  4.971957 5.894136 5.883372 6.18144 6.257588 6.62937 6.331293 6.341323 6.631343 7.552799 7.513862 8.337351 8.776419 8.712595 9.421856 9.372024 8.711954 9.124003 9.975895 10.33993 10.55823 10.4181 10.8146 
  5.342845 6.360738 6.5398 5.23068 6.257588 6.559933 6.962571 6.214831 6.223878 7.749522 7.446961 9.343808 8.956612 8.712595 9.199681 9.163592 9.095922 9.241407 9.863439 9.924382 10.54178 10.38139 10.70453 
  5.618086 5.816369 5.637211 5.527952 6.335735 5.162598 5.763143 5.134089 7.416218 7.880672 7.714565 9.23198 8.641273 8.522972 9.46629 9.632564 9.23747 9.733905 9.765039 10.24313 10.27855 10.38139 10.52577 ]
