 [
  3.325891 4.010914 4.8592 3.890403 5.110078 4.941072 3.972397 5.593934 5.909124 6.177566 6.378737 6.937829 6.370216 7.155086 8.409729 8.773335 8.67695 8.950763 9.398049 9.205124 9.748082 10.18444 10.5 
  4.325606 4.733255 4.608964 4.105625 4.844073 4.674581 5.905441 5.106023 5.794646 5.811338 7.134167 6.480876 7.371851 7.689073 8.252018 8.733109 8.965925 8.836415 9.031236 9.51234 10.11087 10.35205 10.2593 
  3.611524 3.19828 4.358729 5.12793 5.376082 4.941072 5.570876 5.306927 6.023603 6.517634 6.938315 6.892134 7.325264 7.401541 7.924526 9.054911 8.243487 9.122284 9.211873 9.665948 10.02558 10.15071 10.02724 
  4.682648 4.642962 4.775788 4.912708 4.654069 4.061653 4.678702 6.315223 6.252562 7.302407 7.469913 7.760345 7.534908 7.832838 8.551218 8.773335 8.725113 9.306553 9.637932 9.573783 9.917897 10.22634 10.36311 
  3.75434 4.372085 3.524613 4.159431 3.096041 3.981706 4.046745 4.732914 5.703063 6.439157 6.378737 7.212001 7.814435 7.689073 8.315403 8.610791 8.917763 9.25444 9.59955 9.563542 9.782045 9.752737 10.29594 
  4.468423 4.642962 4.358729 4.105625 4.540067 4.248197 3.823702 4.589411 5.886229 6.517634 6.882357 7.12061 7.348557 7.956066 8.456892 8.410635 8.773275 9.358665 9.829838 9.784556 9.634872 10.26825 10.61443 
  4.682648 4.733255 3.941671 4.320847 4.69207 4.727879 4.827397 5.938341 5.794646 6.151407 6.350759 6.823591 7.558202 7.832838 8.551218 8.72199 8.452191 8.916459 9.494002 10.02177 10.08244 10.1777 10.08831 
  4.539831 4.55267 5.026023 4.267041 4.654069 4.807827 4.492832 5.737437 5.405417 6.543794 6.294801 7.097763 7.092325 7.524769 7.829448 8.577432 8.67695 9.168023 9.369263 9.685716 10.05401 10.03604 10.32036 
  4.468423 2.114768 4.775788 4.64368 3.970057 4.328144 5.496529 6.667176 6.728913 6.569952 6.79842 8.394319 8.965347 8.258919 7.966783 8.466234 8.420083 8.927894 9.465217 9.31777 9.329205 9.766228 10.40191 
  5.325322 4.913841 5.776728 4.805097 4.084059 3.768514 6.054137 7.195107 8.663937 9.284215 7.893919 8.852662 8.854916 9.213442 8.093554 8.021441 8.933817 9.202328 9.088711 9.071997 9.793366 9.752737 9.978387 
  4.18279 3.649744 3.691436 4.105625 4.388064 4.301495 4.864572 4.962519 7.080735 7.197771 6.854378 7.486173 7.441733 7.853376 8.209761 8.610791 8.468246 9.076546 9.388453 9.705484 9.997145 10.26825 10.11273 
  4.18279 4.372085 3.941671 2.921904 4.084059 4.621283 5.199137 5.967042 6.435728 6.046771 6.378737 7.12061 7.744553 7.873914 7.66042 8.043681 8.644842 9.410778 9.318614 9.645467 9.963181 10.56156 10.10052 
  3.968565 4.281792 3.274378 3.890403 4.236062 4.621283 3.935223 5.048621 5.954916 5.811338 5.679265 7.531868 7.465027 7.524769 7.713241 8.343916 8.612734 9.25444 9.446026 9.123199 9.816009 9.955098 10.28983 
  6.253629 6.629401 6.527433 6.496095 6.596269 6.55452 6.054137 6.315223 5.77175 7.380885 7.840918 7.885047 8.468401 8.418006 8.104118 8.532953 9.030142 8.836415 9.532383 9.863628 9.985824 10.11024 10.56538 
  5.325322 4.913841 5.35967 5.235541 5.034076 5.474052 5.124789 5.45043 5.245147 6.753066 6.882357 7.257697 7.488321 7.689073 8.00904 8.644151 8.885654 9.202328 9.244717 9.368972 9.793366 10.47776 10.48365 
  4.18279 4.823548 3.441201 5.020319 5.034076 4.488038 5.310658 4.99122 5.428313 5.706702 7.218103 6.7322 7.232089 7.70961 8.294274 9.497386 9.225198 9.332609 9.666718 10.002 10.62264 10.3311 10.47547 
  3.540116 4.281792 1.939791 3.890403 3.894055 4.274846 4.93892 5.967042 6.069395 6.334521 7.469913 6.709352 7.115619 7.545307 8.093554 8.89401 9.078304 9.280497 9.503597 9.358731 10.1393 10.24729 10.57356 
  4.111382 4.913841 3.441201 3.998014 3.970057 5.021019 3.675006 5.622634 5.382522 5.811338 6.854378 6.320942 6.859387 6.785402 7.639291 8.733109 8.949871 9.567116 9.743481 9.655707 10.05401 10.15071 10.19823 
  3.897157 4.55267 4.8592 4.051819 4.616069 4.861125 5.050441 4.704214 5.565688 6.386839 7.30204 7.006372 7.255383 7.647996 8.104118 8.188239 8.837492 9.099415 9.310403 9.010553 9.680156 9.98208 10.25319 
  5.610954 5.184719 6.444021 5.612179 4.920074 5.314158 5.756746 6.667176 5.725958 7.22393 8.741928 8.750808 7.697966 7.976604 8.551218 8.510714 8.981979 9.145154 9.916196 9.51234 9.272599 9.786464 10.13716 
  7.610385 6.087646 6.277198 6.82269 7.098944 6.614546 7.299066 7.253766 7.080735 7.624901 9.165934 9.871205 9.186213 10.75128 10.67355 8.72199 9.408814 9.384722 9.43643 10.27876 10.28146 10.60347 10.15548 
  7.82461 6.809987 8.330346 7.606518 7.224612 6.974701 7.18589 8.13365 8.605299 8.503362 10.22595 10.83882 10.89792 10.48614 11.14518 10.34211 11.02464 10.47909 10.58787 11.24739 11.305 10.56156 11.5297 
  8.217473 8.392944 9.316792 9.50077 9.612317 9.675869 8.940107 9.600123 9.426218 8.942592 10.01394 10.4314 11.11878 11.49369 11.19234 10.86504 11.4286 12.01641 12.5763 13.28327 13.32364 12.51004 13.58631 
  7.896018 9.225355 10.04018 11.06843 9.989323 9.915973 10.97726 11.00794 10.48169 10.69951 10.01394 10.48233 11.5053 12.07701 12.46574 12.47404 11.97945 12.68479 13.23911 14.37027 15.0075 14.73289 15.64292 
  8.324625 9.502826 10.23747 11.59098 11.93719 10.93641 10.12845 10.94928 11.18533 11.28515 10.91495 11.75551 12.38876 13.29668 13.409 13.11764 13.37494 13.34742 13.98478 15.45728 16.10439 15.99956 16.67123 
  8.00317 9.724802 9.448318 10.15396 9.549482 9.975999 10.75091 10.71464 11.18533 10.84592 11.81596 11.75551 11.89181 13.19062 13.50333 12.91652 13.37494 13.93643 15.3104 16.87875 16.8585 16.59956 17.47102 
  9.771173 9.613813 9.974422 9.892683 9.298145 10.2161 9.84551 10.18671 11.24397 11.62678 11.70996 11.85736 12.38876 13.77394 13.64482 13.47967 13.632 14.37819 14.89614 17.38044 17.26984 16.73289 17.92805 
  9.021111 9.669308 9.448318 8.651622 8.983974 9.915973 10.3548 9.7761 10.42305 10.69951 11.07396 12.51942 13.05135 13.72091 13.69198 12.27292 13.48511 14.74632 15.64181 17.46406 17.74972 16.79956 18.38507 
  9.449718 9.780296 9.316792 10.02332 9.80082 8.955558 10.8075 11.18392 11.41988 11.52917 11.23296 12.57034 13.05135 13.45577 13.50333 13.03719 13.44838 14.15731 15.3104 17.12959 17.95539 17.06623 18.61359 
  8.324625 10.05777 10.82934 10.54587 10.6805 10.51623 10.58115 10.94928 11.18533 10.94353 11.76296 12.26478 13.16178 13.72091 14.35226 13.56012 13.37494 13.82599 15.06185 16.87875 17.81828 16.66623 18.0423 
  7.753201 10.50172 10.17171 10.74183 10.11499 10.03603 9.675747 11.59453 11.06806 11.82199 12.13397 11.90829 12.72005 13.50879 13.83347 13.19809 13.1546 13.0161 14.81329 16.6279 17.06417 16.79956 18.27082 
  7.896018 10.33524 10.30324 9.827364 10.93184 9.975999 10.46797 10.83196 11.24397 11.33396 11.55096 11.75551 12.99614 13.66788 13.409 12.83607 13.08115 12.75841 13.98478 16.46067 16.99561 16.73289 17.47102 
  9.181839 9.724802 9.382555 9.435451 10.80617 10.57626 11.37338 10.94928 11.83034 12.0172 12.71697 12.97776 12.66484 13.03153 12.79588 13.88192 13.77889 13.2738 14.31618 16.20982 16.72139 16.39956 17.47102 
  10.78911 10.83468 9.974422 10.2846 10.99467 11.11649 10.92068 10.83196 12.12352 12.16361 12.76997 13.28332 12.77527 13.24365 13.12602 14.05486 13.19132 13.0161 14.23333 15.0392 16.17295 15.73289 17.24251 
  10.62839 11.05666 9.185266 10.08864 10.492 9.915973 10.69432 10.36269 11.24397 12.0172 13.03498 13.18147 12.94092 14.19817 13.64482 13.72102 13.48511 13.53149 13.98478 15.70812 16.17295 16.13289 17.58528 
  9.342566 10.05777 9.71137 9.762045 11.43451 11.05647 10.8075 11.18392 12.41671 12.55404 13.19398 13.38518 13.32743 14.88755 14.76651 13.96839 14.16692 13.93643 14.56474 16.46067 16.65284 16.33289 17.58528 
  12.71784 12.61049 11.75002 9.631408 10.869 11.41662 11.42996 12.41575 12.29943 12.74925 13.03498 13.89445 13.65873 15.10316 15.18077 14.40073 14.27275 13.5683 15.22755 16.96236 17.13272 16.59956 17.24251 
  12.18209 12.88796 11.94731 11.06843 12.25136 12.31701 12.05243 13.64759 13.94127 13.53011 14.25399 14.09816 14.81827 14.78149 14.58898 14.57367 14.55495 13.82599 15.64181 16.46067 16.99561 16.86623 17.014 
  12.28924 12.00006 11.88155 12.24417 13.06821 12.43706 11.54314 11.35989 13.17899 13.57891 14.34223 13.89445 14.87349 15.53439 15.06241 15.00601 14.87243 14.85675 15.80751 16.79513 16.8585 16.59956 17.35677 
  12.77142 15.55741 16.44396 15.26908 14.49368 13.49689 12.56172 13.23698 13.47218 14.0197 14.6952 15.05467 14.59741 16.82806 15.89091 14.01162 14.59023 13.89962 14.979 15.54089 15.35028 14.66622 15.75718 
  14.48585 17.94027 17.65526 18.79723 18.08235 16.55253 15.60692 15.02968 15.40715 17.15557 16.90125 15.05467 14.70784 16.39683 15.18077 13.6808 14.76661 12.57435 11.49923 12.69795 13.63639 13.19955 12.78652 
  14.48585 17.70666 16.51521 19.00078 18.08235 18.13694 16.76171 16.41177 15.72582 18.33153 18.4896 15.99569 15.33325 17.18741 16.00927 14.70337 15.36629 13.34742 9.676313 12.53072 13.63639 13.46621 11.98672 
  14.76907 17.56649 16.69335 18.39013 19.21022 19.26866 17.24287 16.92097 16.68183 18.62552 18.93081 16.68576 16.72027 18.33734 17.37039 15.09248 14.30803 12.64797 9.407644 12.19626 13.97917 13.53288 11.75821 
  15.01451 17.42632 17.04961 18.11874 20.03048 19.72135 18.10896 17.86661 17.44664 19.31149 19.46026 17.68951 17.58716 19.27166 18.08054 16.17334 16.00125 12.79523 9.609146 11.40554 13.38051 13.19955 11.41544 
  15.21393 17.28615 17.58401 18.52583 19.82542 19.38183 18.97504 18.23032 17.44664 19.1155 19.54851 17.75224 17.70274 18.98418 17.78464 16.25981 15.93069 12.57435 9.17903 10.33806 12.66972 12.36338 11.12119 
  15.38268 17.23943 17.94027 18.72938 19.41528 19.60818 19.26374 18.15757 17.12797 19.31149 19.63675 17.75224 17.99171 19.05605 17.903 16.60569 15.78959 12.79523 9.236506 11.08925 14.11628 12.86621 11.39092 
  15.55142 17.19271 17.90465 18.45798 19.10768 20.06087 19.35997 17.93935 17.38291 19.50748 19.72499 18.25411 18.33846 19.34353 18.08054 16.43275 15.86014 12.53753 9.426835 10.9311 13.60796 12.23767 11.27649 
  15.64346 17.19271 17.79777 18.18659 18.90262 20.17404 19.35997 17.79387 17.76531 19.50748 19.72499 18.06591 18.45405 19.4154 17.72546 16.30305 15.11936 12.53753 9.647527 11.62299 14.04773 12.86621 11.41544 
  15.70482 17.14598 17.83339 18.18659 18.80008 20.28721 19.26374 17.86661 17.89278 19.50748 19.63675 18.06591 18.56963 19.4154 17.31121 16.04364 15.40156 12.79523 9.551574 12.27988 15.28172 13.93288 11.01493 
  15.72016 17.14598 17.79777 18.11874 18.80008 20.28721 19.07127 17.79387 17.95651 19.80147 19.81323 18.00318 18.51184 19.27166 17.07449 15.82747 15.33101 12.09458 9.072289 11.74159 15.0075 13.93288 11.13754 
  15.72016 17.14598 17.76214 18.05089 18.69755 20.28721 18.97504 17.57564 17.89278 19.70348 19.54851 17.68951 18.22288 19.05605 16.54188 15.65453 14.90771 11.70373 9.162608 12.19626 14.66473 13.53288 11.12119 
  15.67414 17.05254 17.72651 18.05089 18.80008 20.17404 18.87881 17.35742 17.82904 19.50748 19.46026 17.1249 17.99171 18.76857 16.60106 15.43836 14.30803 11.72979 9.522788 11.93927 13.70495 12.48909 11.35822 
  15.68948 17.00582 17.72651 18.05089 18.80008 20.06087 18.49388 17.06645 17.82904 19.2135 18.84257 16.7485 18.16508 18.33734 16.00927 15.35189 14.23747 11.02627 9.407644 11.84044 13.57953 12.36338 11.17841 
  15.68948 16.7722 17.69089 17.98304 18.59502 19.38183 17.91649 16.84822 17.89278 18.42953 17.25422 15.87022 17.76054 17.11554 14.94405 14.53044 13.44838 10.60937 9.59955 10.85203 12.55599 11.31581 10.57356 
  15.47472 16.25825 17.299 17.16885 17.36462 17.79743 16.66548 15.82984 17.44664 17.15557 15.04817 15.11741 17.12482 15.60626 13.409 13.35899 12.27324 10.60937 9.733885 10.59505 11.2197 10.35205 10.61443 
  15.18325 15.65086 16.40833 15.47263 15.00635 14.96813 14.6446 14.95694 16.23569 15.09766 13.35298 13.79259 15.44884 13.82697 12.46574 12.79584 11.35515 10.16641 9.695503 10.39737 10.30989 10.49871 10.27762 
  14.64658 14.99674 15.49852 13.87714 13.06821 12.9773 13.07101 14.08404 14.38741 13.62771 12.82298 12.51942 13.60351 12.34216 11.33383 11.83044 11.31843 10.03613 10.13689 10.67412 10.65107 10.58252 10.76972 
  14.3787 14.60828 14.97241 13.15863 12.25136 11.8368 12.10902 13.00234 13.06172 12.65165 12.08097 12.112 12.55441 11.49369 12.18276 11.58909 10.95119 10.50514 10.75357 11.26716 11.27657 10.64537 11.03128 
  14.16439 14.49729 14.90665 13.28927 12.06286 11.41662 11.99584 12.47441 12.76853 12.26122 12.23997 12.112 11.83659 11.97095 11.66397 11.46842 11.75911 10.97416 10.67072 11.34623 10.73637 10.85488 11.10484 
  14.21797 14.49729 15.23546 13.41991 12.43986 12.13693 11.88267 13.29564 13.12035 13.09088 11.92196 12.112 12.83049 12.02398 11.42816 12.03157 11.28171 10.97416 11.16783 11.44507 10.7648 11.04345 11.17023 
  14.87645 15.04346 15.98082 14.72629 14.08355 14.51544 14.35591 14.30227 15.27969 14.80367 14.60696 13.84352 14.9865 14.51635 13.17319 13.72102 12.93426 11.93824 11.41638 12.13696 12.01579 11.50437 11.5297 
  15.30597 15.97791 16.94273 16.76176 17.05702 17.11839 16.28055 15.39339 16.93677 17.64556 16.72476 15.36835 17.2982 16.75619 14.47062 15.22219 14.27275 12.43331 11.49923 12.53072 12.41383 11.21106 11.29284 
  15.49006 15.83775 17.08524 17.2367 18.18488 18.02377 16.66548 16.04807 17.51037 18.52752 17.51894 16.24662 18.33846 17.83425 15.23994 15.48159 13.99055 11.07838 9.154398 10.83226 12.15795 10.70822 10.65529 
  15.49006 15.88447 17.08524 17.2367 18.28742 18.13694 16.76171 16.19355 17.31917 18.91951 17.78367 16.37209 18.33846 18.04986 15.53584 15.43836 14.0611 10.84387 9.705099 11.48461 12.84031 11.37867 11.15388 
  15.5054 15.88447 16.97836 16.89746 18.08235 18.02377 16.85794 16.12081 17.19171 18.82151 17.78367 16.49756 18.22288 18.26547 15.71338 15.69777 14.87243 12.01641 10.26163 12.36349 13.0109 10.89679 10.72886 
  15.4287 15.79102 16.65772 16.62606 17.67222 17.45791 16.47301 15.7571 16.6181 18.13554 17.07773 16.30936 18.22288 17.97799 15.23994 15.30866 14.97826 12.43331 9.743481 11.74159 13.06776 10.75013 10.92502 
  14.99917 15.46396 15.90956 15.67618 16.33928 15.8735 14.6446 14.44775 15.85329 16.86159 15.48938 14.99194 16.77806 16.32496 13.50333 13.88192 14.09637 11.67768 9.088711 10.3776 11.67461 10.62442 10.88416 
  14.64658 14.88575 15.56428 14.26906 13.44521 13.15737 12.61831 10.59733 11.88898 12.16361 11.55096 13.63981 14.48697 12.76639 10.34341 9.778962 10.10656 9.619228 9.753076 9.903165 10.25303 10.20539 10.03335 
  14.78441 14.99674 15.6958 14.99769 13.57088 13.09735 13.01442 11.00794 12.29943 12.40763 12.08097 13.79259 14.81827 13.34971 11.05085 10.54324 9.922941 9.202328 9.56117 9.52258 10.39519 10.26825 10.7452 
  14.76907 14.99674 15.56428 14.66097 13.38238 12.91727 13.29736 11.35989 12.35807 12.40763 12.55797 14.3646 15.10208 13.77394 11.52248 10.66391 9.922941 8.950763 9.618741 10.08108 9.895255 10.14397 10.36922 
  14.75373 14.94124 15.49852 14.33438 13.13104 12.79722 13.29736 11.41855 12.29943 12.50524 12.76997 14.3646 14.9865 13.77394 11.38099 10.70414 10.36362 9.007936 9.359668 9.9427 9.521662 9.968589 10.36922 
  14.75373 14.94124 15.36699 14.33438 13.19387 12.67717 13.01442 11.35989 12.12352 12.65165 12.82298 14.30187 14.9287 13.88 11.23951 10.54324 9.996388 8.642024 8.834176 9.287048 9.906576 9.860662 10.2654 
  14.70015 14.83025 15.30123 14.13842 12.94254 12.55712 12.95783 11.12526 11.88898 12.60284 12.76997 14.20001 14.70784 13.56182 11.09802 9.939862 9.372091 8.836415 9.570765 9.645467 9.476377 10.3311 10.54904 
  14.64658 14.71926 15.10394 13.81182 12.62837 12.01688 12.61831 10.7733 11.36124 12.45643 12.50497 13.53796 14.04524 13.08456 10.15476 9.175586 9.372091 9.168023 9.154398 9.358731 9.997145 10.18444 10.41826 
  14.593 14.66377 14.84089 13.48523 12.25136 11.29657 12.44854 10.83196 10.54032 12.21242 11.81596 12.82498 12.8857 11.91792 9.635965 9.618061 9.812771 9.08798 9.474812 9.962469 10.16773 10.31015 10.16159 
  14.64658 14.83025 14.31478 12.89736 11.56018 10.63628 12.22219 11.0666 9.660767 11.48037 10.70295 11.60273 11.61573 11.3346 8.409729 9.054911 9.555708 8.836415 9.335035 9.573783 10.05401 10.41491 10.44278 
  14.593 14.83025 13.3941 11.91757 10.17783 9.555817 10.92068 9.658783 8.605299 10.74832 9.801941 9.565642 10.29054 9.796762 7.956219 8.773335 10.14328 8.630589 9.714694 10.02177 10.30989 10.06302 10.30815 
  14.05724 14.4418 11.35545 7.410561 7.098944 8.415324 8.770345 7.60572 7.256647 9.137805 9.112932 9.820278 10.56662 9.637674 8.598381 8.377275 9.886218 8.65346 9.335035 9.256327 10.1393 10.31015 10.21655 
  13.14645 13.05444 10.56629 7.671837 6.533435 8.535376 8.657169 6.432541 7.198009 9.235412 9.218934 9.97306 10.73227 10.48614 8.598381 9.095136 9.261921 10.14036 9.906601 9.725252 10.45205 10.45681 10.21044 
  11.59275 11.27864 9.579844 6.82269 5.779423 7.695013 7.525416 6.139246 8.312114 11.18755 10.75595 9.463788 10.5114 10.16796 9.211499 9.135361 9.225198 9.358665 9.146187 9.784556 10.28146 10.22634 10.58173 
  11.4856 10.33524 9.05374 6.953328 6.344932 5.534079 6.733189 7.136448 8.018929 10.69951 10.27895 9.005444 9.51751 9.743732 8.928521 9.296261 9.922941 10.55726 9.877814 10.33806 10.33832 10.00906 9.978387 
  10.68196 9.391837 8.067294 7.345242 6.847606 6.494493 6.789777 8.016333 7.549832 10.65071 10.01394 8.954516 9.848808 9.637674 8.739869 9.175586 10.03311 10.16641 10.06972 10.75319 10.45205 10.26825 10.38556 
  10.62839 8.947886 8.067294 7.214604 7.978624 8.295272 7.978117 8.426945 8.722573 9.772249 9.324935 9.412861 10.01446 10.11494 8.881358 9.376711 9.665878 10.50514 9.801052 10.002 9.849972 10.09001 10.40191 
  10.30693 10.00227 8.39611 7.541199 6.973275 6.674572 7.18589 7.253766 7.960291 8.649772 8.211922 10.12584 9.407078 8.630122 8.881358 8.89401 9.592431 10.40092 9.446026 10.35783 10.53735 10.3311 10.69616 
  10.36051 9.169861 9.251029 7.606518 7.413116 6.734597 7.18589 7.312425 6.846187 8.991395 8.317924 8.903589 9.07578 8.524064 8.456892 9.014685 9.592431 10.1143 9.465217 9.962469 10.25303 10.03604 10.50817 
  10.68196 9.114367 7.672716 8.259708 7.91579 5.394105 6.959539 7.957673 7.256647 9.284215 8.688928 9.61657 9.241429 9.160413 8.456892 8.588552 9.482262 10.01007 9.762671 10.51597 10.39519 10.35205 10.96589 
  10.46766 10.33524 8.856451 7.214604 6.219263 6.85465 7.468829 6.843153 7.139372 9.333018 8.847929 8.852662 8.854916 8.630122 8.304839 9.095136 9.335368 9.879791 9.714694 9.962469 9.997145 10.64537 10.5 
  9.824749 10.72369 9.185266 6.888009 7.036109 6.134338 7.016127 6.608518 6.670276 8.942592 8.370924 8.801735 9.241429 8.842238 8.692706 8.934235 9.739325 10.19247 9.096922 9.563542 9.940539 10.45681 10.60625 
  9.021111 8.781403 7.738479 6.365457 5.414083 5.774182 6.506838 6.315223 6.78755 8.064132 8.317924 7.935974 8.026671 8.524064 8.551218 8.934235 9.151751 8.470503 9.088711 9.922933 10.36676 10.39395 10.73703 
  8.753232 8.392944 8.461872 6.496095 4.198061 5.894234 5.682398 5.995743 6.670276 8.015328 7.385977 7.783193 7.861022 7.873914 7.723805 8.466234 8.741167 9.08798 9.236506 9.430415 9.702798 9.968589 10.30815 
  8.431776 8.281957 8.133058 5.881207 5.110078 6.434468 6.167313 6.373882 5.977812 7.771311 7.218103 7.074915 7.325264 8.017679 8.456892 8.773335 8.981979 9.410778 10.02174 10.14038 10.11087 10.1035 10.65529 
  9.342566 9.669308 8.724924 7.867794 5.528085 6.194364 6.110725 5.909641 5.977812 7.722508 7.734917 7.189154 7.721259 7.668534 8.093554 8.221598 9.372091 9.593172 8.981971 9.705484 10.28146 10.47776 10.67164 
  8.217473 7.803206 7.278138 6.82269 5.653754 5.154264 6.2239 6.081845 6.092291 7.250089 7.134167 7.074915 7.185501 8.099832 8.093554 8.15488 9.151751 9.190893 8.916285 9.665948 9.668835 10.11024 10.43461 
  8.110321 8.004486 7.343901 6.365457 4.768071 5.047668 5.60805 5.794838 5.794646 7.478491 7.441935 7.885047 7.916239 8.099832 8.409729 8.69975 8.78933 9.410778 9.154398 9.594264 9.985824 10.12373 10.54904 
  8.271049 7.532328 7.475427 5.881207 5.338082 5.021019 5.236311 5.651335 5.748854 6.569952 6.378737 6.709352 6.859387 7.319389 7.744934 8.310556 9.078304 9.228384 9.772266 9.784556 9.963181 10.54061 10.56538 
  7.681793 8.614921 7.738479 6.75737 6.282097 5.314158 6.2239 5.794838 6.494365 6.282202 6.57459 6.800743 7.837729 8.311948 8.093554 8.421755 8.050838 8.630589 9.657123 9.51234 10.11087 10.2892 10.68799 
  6.967711 7.351743 7.111315 5.450763 5.716588 5.047668 4.75305 4.302404 5.93202 6.857703 6.630547 7.577564 6.836093 6.847016 8.15694 8.555193 9.115027 9.202328 9.820243 9.614745 9.872614 10.2892 11.03128 
  8.538928 8.05998 6.777668 5.504568 5.905091 5.074317 5.385006 5.737437 5.359626 6.151407 7.357998 7.440478 7.861022 7.894452 8.252018 9.054911 8.901709 8.710633 9.310403 9.804324 9.702798 9.887645 10.63077 
  8.538928 7.893498 6.777668 5.450763 5.22408 5.474052 5.273485 5.019921 4.970397 5.915975 6.938315 7.32624 7.278676 7.175623 7.808319 8.599671 8.981979 8.676329 9.378859 9.863628 9.816009 10.1777 10.31426 
  9.503294 9.336344 6.444021 5.881207 5.905091 5.594104 4.530006 5.536532 6.298353 7.066976 6.826399 6.7322 7.069032 7.483693 8.188632 8.510714 8.628788 9.410778 9.170819 9.635226 10.11087 10.09675 10.3509 ]
