 [
  5.043344 4.871346 5.316293 5.799302 6.348349 5.427883 5.913029 6.088029 6.392894 6.611337 6.638111 6.988301 7.262687 7.741643 8.115203 8.424464 9.023172 9.355903 9.555044 10.16066 10.14 10.75289 10.60629 
  5.517689 4.754605 5.386355 5.772375 5.115613 4.654684 5.613362 5.304193 6.030552 6.611337 6.895399 6.94322 8.384933 8.219641 8.63096 8.215298 8.795918 9.4654 9.202297 9.313357 10.23745 10.49161 10.61356 
  6.164523 4.024971 3.66983 4.856858 4.856728 5.241249 4.115029 5.255203 5.346129 5.946132 7.226196 7.91246 7.752762 6.905149 7.835432 8.153779 8.833794 9.567314 9.339954 9.386716 10.19976 10.296 10.71554 
  5.215834 4.433566 4.30039 5.260762 5.821664 5.241249 4.671553 5.84308 5.185089 5.635703 6.454335 7.41657 8.036489 8.26744 7.799333 8.055347 8.631789 9.694707 9.288333 9.564873 10.33167 10.49161 10.27933 
  4.353389 3.90823 3.319519 5.314616 5.186218 5.134601 4.757172 5.059245 4.863008 6.079173 6.454335 6.605113 6.746819 7.383146 8.024955 8.25221 8.278281 9.435537 10.12187 9.627751 10.16988 10.55693 10.71554 
  4.784611 4.521122 4.125235 5.583886 5.421568 5.747828 5.82741 5.89207 5.990292 6.433949 6.233803 7.43911 7.236893 8.33914 7.94373 8.658237 8.606538 9.216542 9.099054 9.942146 10.02048 10.10871 10.47551 
  5.302078 4.083342 4.545609 4.399099 5.327428 5.267911 5.656172 4.667327 5.265609 6.12352 6.123537 6.492411 7.752762 7.861143 8.079103 8.055347 9.225298 9.669229 9.512027 10.04293 10.33167 9.913269 10.59903 
  4.094656 3.820673 4.125235 4.533734 4.668447 4.281416 5.698981 5.255203 5.829251 6.12352 6.307313 6.46987 7.417447 8.479916 8.478539 8.847366 9.184874 8.898005 9.91657 10.02331 9.930837 10.49161 10.49731 
  3.879044 4.024971 4.405484 5.530032 5.633384 4.494712 4.97122 5.206214 5.346129 5.23658 6.748377 7.461651 7.236893 7.454845 7.898606 9.1163 9.144448 9.316086 9.649684 10.02331 9.923367 10.19828 10.34472 
  4.698367 3.791488 4.335422 5.63774 5.562779 5.321235 5.228077 5.353183 5.185089 5.901785 6.123537 6.46987 6.953166 8.479916 8.884997 9.008726 8.960046 9.567314 9.606666 9.900227 10.3882 10.14128 10.57723 
  4.827734 4.433566 4.335422 5.63774 5.98641 5.854476 6.127077 5.500152 6.513674 6.966113 7.483483 7.326408 7.36586 7.885043 8.187402 9.008726 9.104023 9.057274 9.641081 9.774469 9.960716 10.52427 10.86187 
  5.690178 4.842161 4.265359 6.068571 6.138436 5.77449 6.854839 8.156216 7.238358 7.187848 7.59375 7.551813 7.778555 7.598245 8.024955 8.006132 8.68229 8.828325 9.469008 10.00369 10.09518 9.905126 10.86187 
  5.819545 5.1632 5.561511 5.799302 5.233288 6.475381 7.843204 8.297634 8.169514 7.897399 8.145079 8.185968 8.239671 8.052341 8.259602 8.57211 8.896919 9.296177 9.167883 10.29802 10.29398 10.42629 10.82529 
  5.345201 6.102691 6.240237 7.005745 6.558262 7.303256 8.382313 9.216855 8.787084 8.321104 9.393802 8.231554 8.288092 7.550445 8.358875 8.559807 8.455035 9.236451 9.271126 10.14104 10.29398 10.55693 10.93504 
  6.466378 6.280026 5.755433 7.398331 7.292958 6.889318 8.741718 9.499693 9.516939 7.675664 8.69443 7.732137 7.907522 7.478745 8.070079 8.95494 8.644414 9.057274 9.61527 9.323837 9.863606 10.68757 10.93504 
  7.40112 6.723366 7.50073 8.183504 7.607828 7.613708 9.280827 9.853239 9.966081 8.321104 8.912984 8.185968 7.778555 8.570269 9.291455 8.847366 8.694915 9.516356 9.555044 9.73255 10.27514 10.45895 10.21393 
  7.678303 6.723366 8.47034 7.790918 7.083045 7.613708 9.370678 10.06537 9.460796 9.109317 9.524934 8.824155 8.772299 8.570269 9.139033 9.492806 9.508275 9.4654 9.555044 9.774469 10.29398 10.78555 11.04479 
  7.40112 7.787381 9.246028 8.772385 8.867306 8.959003 9.011272 8.7926 9.573082 8.71521 9.087827 9.234418 9.982819 8.705798 8.986612 9.223873 9.104023 9.898535 9.752332 10.00369 10.35051 10.81821 10.93504 
  7.886189 8.408056 9.439949 9.753851 10.96644 9.683393 8.472164 8.439053 8.281799 9.257107 8.69443 10.64754 11.87123 10.19662 9.494684 9.600379 9.872102 9.720185 9.772861 10.41575 10.16241 10.75289 10.67895 
  9.410694 8.585392 10.11868 10.83346 9.497046 8.234613 7.483799 7.802669 8.50637 9.207844 9.568645 10.7843 11.87123 10.51286 9.850335 10.19203 10.43805 10.48454 10.92252 11.43609 11.7827 12.05928 12.06914 
  8.925625 8.762728 6.918964 7.398331 6.768176 6.061444 8.472164 8.65118 8.955511 9.60195 10.31173 10.28287 10.37018 10.42251 10.3076 10.56854 10.64018 10.76481 11.02517 11.69117 12.06537 12.51652 13.16665 
  6.777459 6.457362 8.567301 9.557557 8.027654 7.096287 9.730083 8.721889 9.348511 10.68574 10.96739 11.05781 11.53228 11.68745 11.7302 11.96699 11.61038 11.63108 11.64106 12.49567 13.28822 13.49631 13.97149 
  7.40112 6.723366 7.306808 9.16497 7.922697 7.924161 8.651867 10.13608 10.52751 10.73501 11.0111 12.10626 12.40386 13.17827 12.94958 12.61243 12.17634 12.29352 12.84299 13.53803 14.13367 14.50877 14.77633 
  6.985346 4.462751 5.755433 7.594625 7.607828 7.613708 10.08949 10.48962 10.97665 10.78427 11.79789 12.42535 12.35544 13.53968 13.25442 13.5268 13.18697 12.49735 13.44619 14.48975 14.6973 15.15984 15.49065 
  6.552623 5.659351 5.421386 6.220572 8.44748 8.959003 9.011272 9.711821 10.58365 11.91733 12.67211 12.83561 13.51753 13.3138 13.55927 12.93515 14.1976 13.61008 14.46411 15.0336 15.48639 15.68527 15.85607 
  5.992034 6.812034 6.143276 6.613158 7.817741 9.062488 10.17934 10.91388 11.59422 12.85333 12.97808 12.83561 14.00174 14.03663 14.88026 14.17224 13.91462 13.95363 14.2002 15.35083 15.99365 15.82354 16.19999 
  5.992034 6.98937 7.015925 7.790918 7.292958 9.37294 11.25756 11.33814 12.54865 13.49375 13.15292 13.4738 14.00174 14.0818 14.88026 14.87147 14.30829 13.38922 13.974 15.26019 16.16274 15.96181 15.87756 
  6.91605 8.762728 9.536911 9.16497 8.552437 9.579909 10.26919 11.26743 12.32407 11.91733 12.84695 13.56497 13.37227 13.76557 13.66088 13.58059 14.07632 13.80639 13.597 14.21783 14.86639 15.10453 15.28851 
  8.509851 10.53609 10.3126 9.851997 10.23174 9.683393 10.17934 11.76239 12.32407 12.95185 12.14758 12.8812 12.79122 13.1331 12.74635 12.55864 12.94442 12.72666 11.949 12.85823 13.34458 13.30036 13.75199 
  13.22196 16.38817 17.09987 17.70373 17.68365 16.61684 17.36745 16.57063 14.51364 13.19817 12.27871 12.24301 13.03333 14.17216 13.50846 13.84952 13.06569 10.45906 10.32716 10.78856 10.89701 12.25524 12.8374 
  14.95435 17.89274 17.87556 20.68092 19.56637 19.10046 20.50514 19.4353 16.8585 15.55887 14.24635 14.49887 15.5222 17.49244 16.23562 17.22335 16.74363 13.16837 11.949 10.92592 12.40457 14.68971 15.64111 
  15.02364 17.79453 18.42473 20.58588 19.59918 19.84132 20.36795 20.1115 16.66436 14.74307 14.1586 14.49887 15.97543 18.32863 16.82295 17.905 17.18642 14.00271 12.54138 11.22025 12.66822 14.88329 16.157 
  15.23153 17.72438 18.65083 20.23742 19.96016 19.98949 20.18503 19.98855 16.08195 14.38049 14.07085 14.21703 15.40889 18.53768 17.63617 18.04133 17.57386 14.07633 12.27748 11.39684 12.14075 14.31281 15.94205 
  15.30083 17.66826 18.82041 20.11071 20.12424 20.06358 20.1393 19.80414 15.79075 14.47114 13.89601 14.12309 15.18227 18.60736 17.72652 18.17766 17.68455 14.27264 12.72988 12.90355 13.40094 15.35342 16.157 
  15.43942 17.62617 19.04652 20.11071 20.25551 20.06358 20.00211 19.37383 15.59661 14.28197 13.63374 13.74731 14.72903 17.70148 17.31991 18.31399 17.6292 14.17449 12.19536 12.99419 13.90821 15.82354 15.96354 
  15.50871 17.54199 19.30089 20.17407 20.12424 20.06358 19.91065 18.88205 15.49954 14.08491 13.32777 13.56497 14.61573 17.2137 17.27474 18.54121 17.40781 14.10087 11.74371 13.31143 14.02094 16.34897 16.71588 
  15.52874 17.42975 19.4422 20.17407 20.09143 20.17471 19.81919 18.14438 14.91713 13.78933 12.75953 13.20029 14.24384 17.42275 17.27474 18.54121 17.29711 13.88001 11.20994 13.08483 13.73912 15.43638 15.98504 
  15.5638 17.38766 19.52699 20.14239 19.89453 20.2488 19.59053 17.52966 14.40136 13.49375 12.27871 13.10912 14.00174 17.35307 17.1392 17.95045 17.07572 13.65916 11.35364 12.94887 13.68276 15.62996 16.157 
  15.59885 17.42975 19.61178 20.23742 19.632 20.65627 19.95638 17.09935 14.0645 13.49375 12.19129 13.06354 13.9049 17.2137 17.09402 17.85956 16.96502 13.38922 11.08676 12.99419 13.68276 15.68527 16.26447 
  15.61387 17.52796 19.69657 20.36413 19.50073 21.06374 20.36795 16.49992 13.95221 13.39523 12.40984 12.97237 13.95332 17.35307 17.09402 17.905 16.85433 13.34014 10.65564 12.43681 13.17549 14.88329 15.36168 
  15.65393 17.54199 19.7531 20.42749 19.50073 21.32305 20.73379 16.07566 14.00836 13.49375 12.58468 12.97237 14.09858 17.70148 17.31991 18.08678 16.90967 13.58554 10.57352 12.18172 12.40457 14.31281 14.59342 
  15.64893 17.61214 19.72484 20.49085 19.53355 21.39713 20.96244 15.86353 14.28907 13.59228 12.75953 13.01795 14.38911 17.6318 17.1392 18.13222 17.02037 13.48738 10.4914 11.75004 12.59301 14.54143 14.8495 
  15.64392 17.62617 19.66831 20.52253 19.56637 21.43418 21.23683 16.28779 14.51364 13.88786 12.93437 13.33705 14.95565 16.93497 16.50669 18.26855 17.18642 13.48738 10.86093 12.22097 12.78095 14.60675 14.92267 
  15.66896 17.59811 19.52699 20.30078 19.73045 21.21192 21.09963 17.46819 14.72299 13.88786 12.93437 13.56497 15.91878 17.00465 15.87419 18.08678 17.07572 13.16837 10.6967 12.14248 12.66822 14.31281 14.88609 
  15.68899 17.57005 19.32915 20.04735 20.12424 20.32288 20.1393 18.63616 14.62593 14.03565 13.63374 14.31098 16.59863 16.86529 15.24169 17.63234 16.74363 12.06421 11.8053 12.27983 13.0064 15.40872 16.02803 
  15.71403 17.4999 19.15957 19.82561 20.78057 19.76724 20.32222 19.98855 15.69368 14.92436 14.59735 15.81409 16.99521 15.88973 15.24169 17.67778 16.57758 11.75847 12.88069 12.67695 13.06276 15.547 16.69438 
  15.699 17.40169 18.9052 19.66722 21.30564 19.61906 20.55087 20.60328 17.53798 15.92145 15.47485 17.50509 17.73172 14.98385 15.24169 17.31424 16.07945 11.35081 11.76424 11.61269 12.57417 14.85564 16.04952 
  15.65393 17.23332 18.56604 19.5405 21.53535 19.65611 19.49907 20.72622 19.28521 16.37467 16.35235 18.3506 17.95834 14.3567 15.10615 16.63258 15.08317 12.26804 12.91839 12.20134 12.4611 15.62996 16.19999 
  15.63891 16.92017 18.31167 19.44547 21.27282 19.47089 19.0875 20.41886 20.35296 17.4624 17.49311 18.44454 17.27849 14.49606 15.06097 16.40536 14.52969 13.16837 13.21999 12.41718 12.36688 14.77267 15.72709 
  15.58383 16.74284 18.17036 19.16037 20.38678 19.21159 18.81312 19.06647 20.54709 18.00627 18.10736 18.16271 16.48532 14.49606 14.92543 16.08726 13.99547 12.80027 13.44619 12.06399 13.0064 14.57409 15.53364 
  15.53876 16.47684 18.11383 18.90694 19.69763 19.10046 18.53874 19.31236 20.74123 18.91271 18.63386 18.91426 16.25871 14.49606 14.57541 16.17815 14.52969 12.72666 13.37079 11.7108 12.61186 14.99391 16.04952 
  15.51372 16.47684 18.0573 18.68519 19.36296 19.17455 18.35582 18.51322 20.06175 19.63787 18.98486 18.82032 15.97543 14.21733 14.11815 15.67827 14.15717 12.39543 12.84299 11.29873 11.34927 15.15984 16.28597 
  15.50871 16.5655 17.97252 18.58705 19.15305 19.21159 18.08626 18.20586 20.15882 19.9098 19.16036 18.72638 15.80547 13.94627 13.91492 15.30176 13.8742 12.16613 13.29539 11.49495 10.65203 14.21483 15.36168 
  15.54377 16.74284 17.97252 18.4889 19.36296 19.10046 17.90656 17.83702 19.86762 20.09109 19.51136 19.66582 15.57885 13.9011 13.35604 14.44118 13.26782 11.14698 12.84299 11.82853 11.06661 13.85557 14.92267 
  15.60386 17.12108 17.77859 18.39075 19.36296 18.47955 17.36745 17.46819 19.47934 20.09109 19.24811 19.57188 14.61573 12.99757 12.64474 14.01088 12.74229 11.78395 13.7855 12.49567 10.5578 14.08419 14.99584 
  15.75409 17.41572 17.39075 17.99817 19.46792 17.85865 16.91819 16.85346 18.02332 19.094 18.63386 18.16271 14.67238 12.95239 12.94958 14.3336 13.26782 11.83491 13.5593 12.81291 11.16083 12.9411 14.11783 
  15.82419 17.31751 16.5181 17.21299 18.62827 17.13426 16.82834 16.85346 18.02332 19.54723 19.59911 18.63243 15.46554 13.67521 13.15281 14.06467 12.98484 12.6757 14.65261 13.76463 11.50003 12.15726 14.04466 
  15.80917 17.00884 15.16065 15.15192 16.42418 15.47851 15.66027 15.36857 16.17902 17.73434 18.10736 17.69298 13.9049 12.00368 11.47617 12.77379 11.85294 11.40177 13.33309 12.99419 10.91585 10.88353 12.54473 
  15.30083 16.38817 13.22143 13.09084 13.38044 12.2705 12.60533 13.10587 12.38022 16.01209 16.0891 14.87464 12.06491 10.33215 10.46002 10.51475 10.43805 10.5355 11.72318 12.72227 11.74501 10.85087 11.52038 
  14.53857 15.50149 12.34878 12.01122 11.80609 12.06353 11.79667 12.32807 12.71707 15.19629 15.5626 14.02914 12.16175 10.15145 9.494684 10.89126 10.72103 10.61193 12.31518 13.31143 11.42465 10.72023 11.44721 
  13.56843 14.70348 11.67005 11.22605 11.38626 11.64959 12.06622 11.62097 12.77322 14.47114 15.0361 14.12309 11.48386 9.835211 9.697914 11.05262 10.84231 9.974971 11.43576 13.03951 11.19852 10.42629 10.78871 
  12.73689 14.0828 10.70044 10.24458 11.59618 10.61475 11.61696 11.69168 11.36965 14.47114 15.2116 13.51938 11.0965 9.112387 8.884997 10.67611 10.11465 9.8221 11.02517 12.14248 10.5578 10.78555 10.67895 
  11.76675 13.19612 10.02172 8.968678 9.077219 9.786878 10.53875 10.3482 10.41522 14.38049 14.3341 12.83561 10.46703 9.247916 8.580153 9.654166 9.669975 9.618271 10.81987 12.49567 10.78394 10.41815 10.43191 
  10.51943 11.95477 8.858184 7.594625 7.502872 9.165972 10.6286 10.20679 10.02222 13.69081 13.50261 11.9695 9.49861 8.434739 8.986612 9.277659 9.427424 9.567314 10.20398 11.27911 10.2186 10.52427 10.82529 
  8.717737 9.915411 6.725042 6.809452 7.922697 8.855519 10.44889 10.63104 9.404654 13.78933 14.5096 12.15184 9.692293 8.886504 8.277651 8.847366 9.386999 9.771142 9.957628 10.67083 10.12506 10.239 10.65716 
  7.955485 8.408056 7.015925 7.005745 7.083045 8.131129 9.819935 9.78253 8.225657 12.55775 13.89601 13.01795 9.45019 8.750975 8.34985 8.847366 8.884295 9.592793 10.6967 10.76894 10.29398 10.58959 10.75212 
  7.886189 6.900702 8.082496 8.281651 8.027654 7.510224 8.651867 9.570402 9.292368 12.31143 13.67745 12.74444 9.401769 8.434739 8.214477 8.756668 8.997922 9.745664 10.26557 10.49424 10.23745 10.81821 11.04479 
  6.423256 6.98937 7.015925 7.202038 7.817741 7.613708 10.26919 10.06537 9.629224 12.01585 13.28406 12.51652 10.90281 8.931681 8.884997 9.492806 9.225298 9.541836 10.1424 10.51386 10.02795 10.55693 10.75212 
  7.123937 7.698713 6.628081 6.809452 8.867306 8.441582 10.53875 9.711821 9.180082 12.01585 12.27871 11.60483 10.27334 9.022034 8.223501 9.1163 9.5487 9.355903 10.10134 10.14104 10.14747 10.45895 10.5845 
  8.024781 7.255373 7.791613 10.14644 10.65157 9.890362 9.819935 9.499693 9.180082 11.17838 11.36078 10.92105 10.46703 9.473799 8.478539 9.492806 10.1955 9.796621 10.53246 10.23915 10.87816 11.21013 10.75212 
  7.054641 6.812034 6.918964 9.753851 9.497046 8.648551 9.640232 9.570402 8.843226 10.8828 11.66676 11.10339 10.12808 9.157563 8.196427 9.1163 9.710401 9.4654 9.813921 10.00369 10.29398 10.68757 10.97162 
  6.595745 6.102691 5.106106 6.613158 6.558262 7.510224 8.741718 8.580471 8.169514 10.68574 10.83626 10.23728 10.12808 8.796151 8.63096 8.79358 8.215155 9.236451 9.425991 10.1018 9.968186 10.19014 10.38105 
  7.40112 6.191359 6.143276 6.613158 6.558262 6.578866 9.280827 9.994658 8.113371 10.48869 10.74883 10.51079 9.740714 8.931681 8.63096 8.695149 9.346574 9.618271 9.998688 10.08217 10.59549 10.62225 10.43191 
  8.163372 7.521377 5.949355 5.853155 6.978088 5.854476 9.370678 10.20679 7.944942 9.355633 9.874619 10.1917 9.885977 8.796151 8.376925 8.695149 9.265723 9.567314 9.589458 9.680151 9.923367 10.34486 10.48277 
  7.747598 7.432709 7.015925 6.711305 5.751059 5.95796 8.741718 9.641111 8.50637 10.09458 9.91833 12.24301 13.17859 12.31992 12.89877 12.28971 10.72103 10.15332 9.937099 9.984065 9.721675 9.994701 10.82529 
  8.440555 7.964717 5.949355 6.220572 4.527237 5.721166 8.20261 8.863309 7.439658 9.15858 9.874619 11.92392 12.83964 11.68745 12.28908 11.85942 10.07423 10.00045 9.937099 9.879267 10.19229 10.24714 11.11796 
  8.925625 7.255373 5.755433 6.220572 6.03348 6.268413 7.843204 8.863309 7.664229 8.518157 9.131537 8.96091 8.19125 8.479916 8.178377 8.043044 8.808542 9.4654 9.690743 9.784948 9.833726 10.08428 10.46824 
  7.40112 6.280026 6.434159 6.068571 5.515709 4.148106 6.6836 7.802669 8.057228 8.912264 8.519588 7.596894 7.701175 8.052341 8.133253 8.658237 8.707541 9.365857 9.331351 9.69063 10.02048 10.36115 10.89846 
  5.948912 5.221571 4.895919 6.122425 5.398034 5.50787 6.812029 6.969843 6.916276 8.468894 8.475877 8.094799 7.959109 8.195741 7.934706 8.387552 9.225298 9.196634 9.434594 9.648711 10.29398 10.14128 10.46098 
  7.955485 5.836687 5.755433 6.416865 5.656919 5.801152 5.913029 7.165802 5.990292 8.074787 8.365611 7.43911 8.869141 9.473799 9.291455 9.1163 8.972672 9.326039 9.834451 9.931666 10.16988 10.45895 10.97162 
  7.262528 6.102691 5.351324 6.122425 5.374498 4.681346 6.426744 6.528936 5.869512 8.074787 7.152686 7.91246 8.530195 8.796151 8.783382 8.901154 8.745417 9.694707 10.16292 9.826868 10.05036 10.72023 10.89846 
  6.638867 4.375196 4.475546 5.799302 5.092078 4.494712 5.741791 5.84308 6.111073 6.611337 6.49109 7.461651 7.469034 7.980642 8.427732 8.744365 8.556037 8.957731 9.937099 10.06255 10.2186 10.40186 10.53364 
  6.708163 4.404381 4.61567 5.476178 6.03348 4.761333 4.97122 6.088029 5.668211 6.12352 7.04242 7.033382 7.159513 8.26744 8.478539 8.57211 8.720165 9.047319 9.417387 9.868787 10.2186 10.41815 10.71554 
  6.638867 5.425869 5.036044 5.530032 5.586314 4.894643 4.885601 5.402173 5.869512 6.212214 6.748377 6.988301 7.185307 8.36304 8.358875 8.461375 9.225298 9.365857 9.772861 10.12142 10.50127 10.33672 10.59903 
  7.054641 5.571795 4.755795 5.907009 6.243393 5.854476 5.698981 5.84308 5.748731 5.990479 6.711622 7.88992 7.340067 7.430945 8.232527 8.141475 8.783292 9.276268 9.30554 9.73255 10.14 10.40186 10.86187 
  6.91605 3.879044 4.825857 5.341543 5.209753 4.734671 4.757172 6.479946 6.030552 6.079173 6.527845 7.574353 7.598001 8.525092 8.783382 8.596718 9.265723 9.415628 9.537837 9.868787 10.31283 10.10056 10.63536 
  7.40112 4.637864 5.755433 6.068571 5.892269 5.054615 5.356505 6.039039 5.668211 6.389602 6.601356 6.96576 6.540471 7.311446 8.529346 9.170086 9.184874 8.997548 9.443198 9.543913 10.2186 10.31229 10.64262 
  6.466378 4.491937 5.141137 5.503105 5.280358 4.974629 5.142457 6.332977 6.070812 6.079173 6.785132 7.43911 7.675382 7.741643 8.478539 8.695149 8.707541 9.345948 9.834451 9.963105 9.863606 10.27157 10.38105 ]
