 [
  5.884241 3.822343 3.070664 4.643493 4.936593 4.549719 5.141118 5.172418 5.468357 6.341433 7.013063 7.037756 7.458945 7.673848 7.555583 8.759981 9.035748 9.772465 9.805583 9.690618 9.833149 10.41125 10.51684 
  5.368468 4.070559 3.120621 3.912289 4.834796 4.778787 5.075983 5.868099 6.297542 6.403285 6.300052 7.06042 7.496331 8.207056 8.268888 8.399128 9.205161 9.322161 9.845892 9.565157 10.37364 10.06601 10.58763 
  4.079037 3.524483 2.471186 3.473567 3.206051 5.007854 5.358233 5.585478 6.244046 7.043501 7.351758 6.652477 7.384173 7.68953 8.106772 8.194909 8.115133 9.258674 9.794065 10.09191 10.03602 10.43155 10.69743 
  4.691517 4.418062 3.370403 3.583247 4.699068 5.253284 4.858867 5.433298 5.414862 6.094026 7.145717 6.811121 7.832805 8.602633 7.831178 8.133643 8.382409 9.078794 9.494925 10.31469 10.1337 10.57799 10.7471 
  4.788224 3.673413 3.320447 3.766048 5.20805 4.778787 5.119406 4.911537 5.602097 6.836246 6.797502 7.355045 7.571103 7.68953 8.155407 8.603348 9.170233 9.237512 9.644347 9.575612 9.742983 10.3097 10.82989 
  5.20729 4.020916 2.820882 4.241331 4.936593 4.631529 5.31481 4.889797 4.879904 6.016711 6.648267 7.536353 7.122471 7.2661 8.431002 8.174487 8.961506 9.493705 9.452795 10.20814 9.938342 10.54031 10.68087 
  4.788224 3.47484 2.27136 3.912289 4.868729 4.893321 5.510214 5.368078 6.591768 6.496062 6.698012 6.720468 7.907578 8.112961 8.801788 8.62377 8.560593 9.068213 9.354493 9.985357 9.893259 10.08632 10.61123 
  4.465867 3.723056 4.069795 2.998284 4.224017 4.418823 5.792464 6.668746 6.649044 6.619765 7.394979 6.60715 6.954234 7.658165 8.252676 8.72588 8.768474 9.418654 9.701931 9.946612 10.16569 9.974622 10.55814 
  5.078346 3.822343 3.070664 3.546687 5.343779 4.762424 5.336522 5.259378 5.441609 6.820784 7.029645 7.06042 7.683261 7.830674 8.727446 8.903321 8.293317 8.835426 8.722552 9.721983 9.975911 10.35032 10.69743 
  6.04542 4.269132 3.370403 3.729488 4.766932 4.337013 5.31481 5.194158 6.297542 6.681617 7.07939 7.400372 6.898155 7.595435 8.479636 8.736091 8.619987 8.644965 9.242148 9.878809 10.24567 10.59683 10.78022 
  6.712742 7.628504 9.214241 10.54675 10.80658 10.96173 10.88511 10.7384 10.25737 9.789622 9.512744 10.65408 11.27384 11.35617 11.00729 9.213891 9.438021 9.836794 9.805583 9.774259 10.19768 10.87942 10.39297 
  7.283357 8.727417 10.19137 11.7869 11.53042 11.69536 11.46951 11.31978 10.71557 10.25595 9.901721 11.26143 11.86462 12.1429 11.6516 9.285562 9.705809 9.579477 9.63283 10.39218 10.43762 10.95478 10.41067 
  6.013184 4.815208 5.631432 7.157018 5.558673 5.459521 6.29338 5.889839 6.110306 6.557914 7.112553 6.833785 7.17855 7.924769 8.268888 8.736091 8.768474 9.440098 9.579184 9.936926 9.990939 9.934006 10.51684 
  6.142127 4.715921 4.819142 6.578283 5.309847 5.459521 5.553637 5.737659 6.458029 6.511525 6.68143 7.015093 8.108945 8.144326 8.204041 9.190001 8.530895 9.536592 9.480882 9.836988 10.02851 10.12693 10.64072 
  4.465867 3.17698 3.120621 4.716613 4.461542 4.942406 5.959436 6.063759 6.431281 6.836246 6.913573 7.12841 8.066747 8.065913 7.442103 8.879431 8.783321 8.78252 9.298321 9.907867 10.1497 10.26909 10.58173 
  4.723753 3.673413 5.068925 6.495606 7.096852 7.660407 7.629155 7.250124 7.221794 7.665264 7.265319 7.779293 7.982349 8.207056 9.024817 9.261671 9.146947 9.718857 10.01864 10.77962 10.50161 10.50263 10.78022 
  5.852005 4.914495 7.097126 9.058575 9.539841 9.769588 9.549332 8.865067 8.539121 8.701536 8.389031 9.034483 9.16391 7.736578 8.18783 8.685036 9.577736 10.63019 11.3606 12.43297 11.79727 11.14317 11.97234 
  4.079037 4.368419 5.368664 6.330254 6.282522 5.024216 6.209894 6.668746 6.591768 7.147128 7.524637 8.467623 8.741924 8.511856 8.900912 8.664614 8.946657 9.174025 9.508968 10.08222 10.26167 10.78522 12.4525 
  4.788224 4.418062 4.319577 4.168211 4.733 4.844234 6.460352 7.766906 7.794545 6.991687 7.308539 8.913013 9.585896 10.5997 10.06562 9.237782 9.787309 9.322161 9.845892 10.41155 10.22968 10.54031 10.45786 
  5.594119 6.392227 5.368664 6.743636 5.830117 5.367818 5.293098 7.056332 7.221794 6.939874 6.648267 8.427134 10.17668 11.02333 10.43733 9.381122 10.48589 10.26566 9.909234 10.24688 10.37364 11.03014 10.54044 
  7.536963 8.109279 6.689989 7.487723 6.825408 6.835075 6.71081 8.154491 8.31002 8.390655 8.64835 9.236933 10.72526 11.65876 11.32945 10.07393 10.36946 10.32998 10.0244 10.56653 10.80553 11.78371 12.03857 
  9.31221 9.620284 7.911402 8.645193 8.363586 8.118925 8.213557 8.735871 8.882771 9.582368 9.772062 10.12771 10.64086 10.69048 11.00729 10.57562 10.48589 10.46936 10.31808 11.28293 11.63731 13.06889 13.74348 
  7.917374 8.452689 7.259982 7.074341 7.458776 7.201889 7.629155 8.542078 9.111871 9.737808 9.728843 10.20869 10.55646 10.5997 10.63558 10.31283 10.00852 9.783186 10.08775 10.56653 10.9015 10.54031 13.21993 
  6.142127 6.735637 7.178554 8.066458 8.001663 8.118925 8.797958 9.704836 10.37192 10.92952 11.02543 11.58535 11.78022 11.74953 11.81834 11.69845 11.41016 10.68379 10.44191 11.36508 11.82926 12.23586 14.70331 
  4.691517 5.261997 4.369534 5.301577 4.359746 6.376557 6.794296 6.668746 7.450894 8.235214 8.302592 8.670074 9.459301 9.843238 9.842588 10.36061 10.55574 10.2871 10.35839 11.07021 11.52534 12.38658 13.21993 
  4.562574 3.077694 3.120621 4.862854 4.597271 4.631529 5.959436 6.604148 7.622719 7.717078 8.691569 8.913013 9.796889 9.056512 9.86737 10.36061 10.55574 10.69452 11.11005 12.59726 12.98426 13.37851 14.09251 
  4.981639 5.708787 6.364279 6.495606 5.920598 7.201889 7.712641 8.47748 8.768221 9.841436 9.599183 10.00624 10.51427 10.93255 11.27988 11.24454 11.64318 11.35349 11.44412 12.76155 12.91125 14.07516 14.61605 
  8.424586 9.688966 11.33136 11.86957 11.98283 12.15388 12.55483 13.64529 14.52682 14.79187 14.74537 15.16173 15.60511 15.12393 14.81969 14.4807 14.43944 13.62327 13.78261 14.56875 15.02849 15.46846 16.09943 
  7.283357 7.765868 9.214241 9.471956 9.992247 9.861292 11.30254 12.74093 13.80843 14.88315 14.43713 14.74469 14.81839 14.39388 14.54179 14.59502 14.90549 14.64834 15.20241 15.47235 15.90459 16.70694 17.05927 
  7.79057 9.070827 9.865662 10.62943 11.1685 11.51196 11.88694 14.35587 14.96597 15.24824 15.60843 15.40003 15.46628 14.7589 15.15318 15.28098 15.4492 15.30731 15.28593 16.04737 16.78068 17.79062 18.28088 
  11.27766 11.95547 12.95991 14.10184 14.60678 14.35477 14.89243 16.00797 16.61281 16.34354 16.59479 16.47242 16.29928 15.97565 15.15318 15.39531 15.13851 15.23409 15.62 16.29381 16.41564 17.09397 17.84459 
  9.31221 9.551601 9.702806 10.46407 11.1685 11.60366 12.80528 13.4515 13.6366 13.6053 13.69736 13.73188 13.70772 13.35964 12.81879 13.2231 13.50735 12.81786 12.36281 13.50086 13.56833 14.77181 15.22686 
  11.65807 14.84012 14.91417 13.44042 12.6162 12.88751 13.22271 13.77449 12.14745 11.08496 10.16104 10.69457 13.56888 12.26457 11.23032 11.74623 10.63342 11.28027 10.8595 10.39218 12.0852 14.22997 13.65622 
  13.56012 17.67317 17.47636 17.68432 17.48701 17.10587 17.47747 16.51084 13.92298 12.01761 12.4949 11.90927 14.35561 13.17713 12.2074 13.33743 11.64318 13.03752 11.61116 9.711528 12.18117 13.92035 13.30719 
  14.25754 17.9497 16.92285 18.76207 17.90165 18.18555 17.66644 17.11428 15.35023 11.81035 12.58134 12.71907 14.91094 14.39388 13.20785 13.96622 12.1869 13.3304 11.77819 10.66339 12.14918 13.68814 13.74348 
  14.35987 17.90361 16.77189 18.81106 17.71317 17.98561 17.20752 16.76227 15.35023 12.58756 11.88983 12.15221 14.40189 14.02886 13.3746 14.13772 11.95388 12.89108 11.52764 10.63433 12.54621 13.37851 13.21993 
  14.28545 17.85752 16.77189 18.81106 17.71317 17.92563 17.23452 16.46055 15.24045 12.58756 11.32797 12.63809 13.70772 12.69043 13.15227 13.39459 11.48783 12.30533 11.02653 10.45998 12.54621 13.53333 13.56896 
  14.27614 17.76535 16.67125 18.90904 17.71317 17.92563 17.20752 16.10855 14.85618 12.58756 10.7229 12.5976 13.13058 12.38625 13.26344 13.96622 11.72085 11.64636 10.77598 10.88617 12.69223 13.53333 13.21993 
  14.29475 17.71926 16.59577 18.95803 17.67548 17.80566 17.18053 15.85711 14.63661 12.69118 10.67968 12.27368 13.47633 12.69043 12.70763 12.82296 11.56551 11.71958 10.69246 10.26626 12.4002 13.2237 13.39445 
  14.35987 17.62708 16.59577 19.00702 17.5624 17.62572 17.07255 15.00224 14.19745 12.89844 10.5068 12.11172 13.70772 13.11629 12.87437 12.53714 11.33248 11.35349 10.60894 10.56653 12.32719 12.99149 12.35315 
  14.4529 17.581 16.69641 19.00702 17.41162 17.42578 17.20752 14.54966 13.69388 12.63937 11.06865 11.66633 13.43005 12.93378 13.59692 13.73757 11.33248 11.49992 10.07623 10.32437 12.13318 12.8764 12.32004 
  14.4715 17.581 16.74673 19.00702 17.37393 17.32581 16.74861 14.22667 13.6366 12.43212 10.5068 11.58535 13.17278 12.6296 13.48576 13.28026 11.17714 10.91417 9.972577 10.24688 11.70129 12.74453 13.04541 
  14.53662 17.48882 16.82221 19.00702 17.33623 17.22584 16.50566 14.09748 13.52205 12.17305 10.03138 11.18045 13.34157 13.17713 13.6525 13.33743 11.02179 11.20705 10.0244 10.68276 11.47735 12.33006 12.40283 
  14.60174 17.44273 16.99833 18.95803 17.29854 17.16586 16.47867 14.22667 13.23568 11.86217 9.901721 11.42339 13.61516 13.23797 12.98553 12.76579 10.94411 11.13383 10.52543 11.11864 11.98922 12.59381 12.50217 
  14.63895 17.30447 17.09897 18.86005 17.33623 17.10587 16.39518 14.16208 13.23568 11.91398 9.815282 11.46388 13.5226 12.44708 12.98553 12.65147 10.22974 10.36215 10.16836 10.46967 11.44536 12.14166 11.93922 
  14.69477 17.1662 17.19961 18.6641 17.60009 17.18585 16.55965 14.59995 12.89202 11.75854 10.33392 10.978 13.61516 12.38625 12.76321 12.65147 9.961953 10.45864 9.60727 10.49873 11.41337 12.40542 12.25381 
  14.74128 17.07403 17.19961 18.41915 17.78856 17.24583 16.61364 14.95195 13.29295 11.86217 10.20426 11.22094 13.47633 12.56876 12.31857 11.96551 9.950311 10.42648 10.22595 11.28293 11.42937 12.04747 11.83988 
  14.77849 16.88968 17.17445 18.12522 18.09012 17.48576 16.88359 15.25367 13.1784 12.12123 10.93899 11.54486 13.38377 12.50792 11.47813 10.76674 9.391449 9.633085 10.03592 11.20079 11.15744 11.40693 11.2107 
  14.825 16.70533 17.19961 17.92926 18.65553 17.76567 17.20752 16.20912 13.00658 12.32849 11.19831 11.99025 13.61516 12.56876 11.20554 10.83841 10.33453 9.922566 10.44191 10.9346 11.44536 12.10399 11.69086 
  14.84361 16.52098 17.14929 17.7823 19.10786 18.0256 17.63944 16.81256 13.97787 12.95025 12.32203 12.67858 13.93911 12.44708 12.09624 11.55511 10.35781 10.40504 10.44191 11.11864 11.71729 11.93443 11.92266 
  14.84361 16.29054 16.97317 17.68432 19.33403 18.08558 18.04436 17.01371 14.91108 13.46839 12.89594 14.02977 14.587 11.90083 11.57726 11.05342 10.78877 10.68379 10.44191 11.11864 11.86125 12.55613 11.74054 
  14.77849 16.0601 16.77189 17.53735 18.8817 18.20554 18.17933 17.36571 15.62471 13.46839 13.45077 14.50638 14.30933 11.59824 11.45335 11.07731 10.15988 10.76774 10.44191 10.70214 11.55733 12.04747 11.80676 
  14.66686 15.64531 16.57061 17.14544 18.01473 18.36549 17.96338 17.71772 15.95407 14.19859 14.19054 15.16173 14.07794 11.41669 11.6516 11.62679 10.04345 10.69452 10.31808 11.20079 12.11719 12.27354 11.40939 
  14.53662 15.27661 16.31901 16.70454 17.63779 18.30551 17.63944 17.46629 16.88728 14.60932 14.25219 15.10215 13.93911 11.2654 11.70718 12.53714 9.915381 10.45864 10.3296 11.44722 12.10119 12.53729 11.82332 
  14.41568 15.04617 16.09257 16.31263 17.48701 18.16555 17.47747 17.61715 17.38133 14.74623 14.74537 14.74469 13.17278 11.14436 11.45335 12.36565 10.39274 10.76774 10.05895 11.06052 12.54621 12.91408 12.08824 
  14.35057 14.97749 15.94162 16.01869 17.22315 17.94562 17.09954 17.06399 16.99707 15.29388 15.30019 15.2213 11.90682 10.62996 10.75948 11.90834 10.26467 10.67307 10.11078 11.28293 13.20328 12.68801 11.92266 
  14.31335 14.97749 15.89129 15.92072 16.95929 17.70569 16.91058 16.81256 16.99707 15.38516 14.86866 14.56596 11.27384 9.964272 10.16474 11.85118 9.729095 10.14772 10.04168 11.52937 12.91125 12.06631 12.65118 
  14.28545 14.97749 15.80987 15.83804 16.77833 17.42578 16.61364 16.35998 16.55791 15.79589 15.60843 14.02977 10.89405 9.540651 10.18952 11.41177 9.449663 9.922566 9.719207 11.77581 13.27629 12.91408 12.8709 
  14.25754 14.84012 15.72844 15.59001 16.50689 17.01417 16.06124 15.50511 16.28344 15.52207 14.99195 13.61273 10.42987 9.510392 9.223064 11.22065 10.14824 10.5873 10.1914 12.43297 14.29841 13.30111 12.78364 
  14.19414 14.84012 15.56558 15.42466 16.05448 16.64735 15.56032 15.00224 15.78939 15.75025 14.37548 12.31417 10.26107 8.632891 8.900912 11.79401 10.55574 11.57314 10.07623 13.00799 14.59044 13.45592 12.78364 
  14.25754 15.04617 15.3213 15.09395 15.33063 15.73032 14.80895 13.83909 14.14255 15.02006 14.19054 12.77865 9.965684 7.971817 8.479636 11.50733 10.12496 10.98739 9.765274 12.51512 14.73646 13.45592 13.04541 
  14.25754 15.64531 14.50703 14.51522 14.42582 13.80455 13.22271 12.09495 14.41703 14.83751 14.86866 13.37442 9.796889 8.511856 9.297407 11.07731 9.496235 9.965452 9.354493 11.69366 13.71434 13.84295 13.39445 
  13.94053 15.73748 13.5299 13.5231 12.52572 12.24558 12.7218 12.67633 14.30724 15.61334 15.0536 13.37442 9.543697 9.086771 8.727446 10.16949 9.670879 10.02978 9.845892 11.07021 13.71434 13.61073 12.53528 
  12.98951 14.56539 12.79705 12.53098 10.35417 10.31981 12.38785 12.41794 13.92298 15.70462 15.48513 13.97019 10.00788 8.300046 8.41479 9.452791 9.205161 9.025887 9.396623 9.826533 12.83824 12.99149 11.83988 
  11.27766 12.98571 11.1685 11.12548 10.26369 10.41151 10.96859 12.35334 13.1784 14.56368 15.0536 14.08934 10.05008 8.632891 8.801788 9.787252 9.531164 9.718857 9.85165 10.00473 12.18117 12.46194 11.2107 
  9.185407 10.92524 8.969959 9.223927 10.17321 10.77833 10.21722 11.06139 13.1784 15.11133 14.56042 13.55315 10.34547 9.238064 9.545218 10.16949 9.740737 9.558034 9.410666 9.816078 11.71729 12.10399 11.26038 
  7.093152 7.422458 8.155684 9.306604 9.630322 9.494478 9.215388 10.6738 12.0329 15.20261 14.62207 13.434 10.47207 9.117029 10.11518 10.74285 9.275019 9.579477 9.794065 10.08222 11.04546 11.36925 11.12792 
  7.917374 9.208192 9.458524 7.735752 9.720803 10.87003 10.13373 10.54461 12.60565 14.19859 13.20418 13.31484 10.76746 8.481598 9.842588 10.19338 9.170233 9.258674 9.782549 10.2372 10.82152 11.67068 10.87956 
  7.536963 9.82633 9.702806 8.47984 9.992247 9.494478 9.215388 10.02782 12.89202 13.92476 12.2788 12.95738 11.23164 9.177547 10.18952 10.3845 10.63342 10.48009 10.60894 10.62465 10.70955 11.29389 10.87956 
  7.727169 8.315325 8.237111 9.306604 10.08273 9.586182 9.38236 10.28621 11.63197 13.00207 12.14915 12.15221 10.00788 8.905219 10.38777 10.09782 9.35652 9.482984 9.938026 10.26626 10.30966 11.12433 10.81333 
  6.585938 7.422458 7.422836 7.983782 9.177917 8.760849 8.464015 9.769434 11.3456 12.58756 12.711 12.67858 9.881287 8.390821 9.495655 9.476682 8.931808 9.504427 9.794065 9.638343 9.848176 10.59683 10.35758 
  5.529647 6.735637 7.015699 8.066458 9.44936 9.402775 8.797958 9.058859 10.8874 11.96579 11.84661 11.30192 9.374904 8.814443 10.06562 9.357231 8.991202 9.205768 9.627071 9.956299 10.0811 11.0113 10.9789 
  7.727169 8.315325 7.341409 7.983782 7.820701 9.311071 8.714473 9.188055 11.1165 11.29222 10.93899 11.30192 8.86852 8.238421 8.900912 9.405011 9.601022 9.174025 9.508968 9.753348 10.11867 10.70987 10.66431 
  6.839545 8.17796 6.445707 6.908988 7.639738 8.485739 8.464015 9.381847 9.856447 10.15232 10.37714 11.13996 9.459301 8.481598 9.000036 8.593137 9.333234 9.697414 9.650105 9.816078 10.05105 10.20816 10.79677 
  7.156553 9.002146 7.748547 6.991665 8.001663 8.118925 8.130071 8.154491 9.169146 9.426928 8.864449 9.155953 8.910719 8.451339 9.446094 8.715669 9.146947 9.429376 9.368537 9.209685 9.652817 10.06601 10.28679 
  6.839545 7.14773 6.934272 6.991665 7.006371 7.843814 7.879613 7.443917 8.19547 8.494282 8.691569 9.236933 7.627182 8.269787 8.57876 8.927211 9.088732 9.46154 9.256191 9.648798 10.16569 10.05585 10.84644 
  7.980775 6.254863 6.445707 6.164901 5.377711 7.201889 7.963099 7.250124 7.393619 7.613451 7.524637 8.589093 8.024548 8.360563 8.009504 8.582926 9.403091 9.354325 9.644347 9.995044 10.24567 10.61567 10.43426 
  7.853971 5.6095 5.794287 5.916872 5.830117 7.75211 7.378697 5.802878 6.458029 6.526988 6.9799 7.657823 8.108945 8.300046 8.529198 9.022771 9.205161 9.152862 9.938026 10.57621 10.27766 10.43155 10.91267 
  7.283357 5.857717 5.875714 5.916872 5.038389 5.040578 6.042922 5.889839 5.334618 5.846619 7.07939 7.738803 6.785996 8.511856 8.349945 8.759981 8.961506 9.611642 9.551098 9.669708 9.9158 10.06601 10.29269 
  7.536963 7.971914 5.118881 4.09509 5.558673 6.743371 5.792464 6.53955 6.591768 5.970323 6.764338 7.241728 7.720647 8.572373 8.220253 8.654403 8.902111 8.972981 9.298321 9.795169 10.00597 10.40109 10.58763 
  7.917374 8.796099 6.038569 5.045655 5.649155 5.642929 5.119406 6.281159 5.762584 5.970323 7.17888 7.819783 9.248307 10.08531 9.61956 8.297019 9.065446 9.216349 9.621313 9.805624 10.46961 9.852774 10.71399 
  7.219955 6.873002 5.41862 4.497252 3.307848 4.320651 4.750309 5.759398 5.68234 6.43421 6.48245 7.173738 7.982349 8.511856 8.058139 8.378707 8.946657 9.142281 9.214062 9.857899 10.38964 10.80406 10.91267 
  7.727169 6.254863 4.919055 4.935975 4.665135 4.909682 5.531926 5.172418 5.842828 6.836246 6.797502 6.425842 7.515024 7.375878 8.171618 8.082588 9.309948 9.622363 9.903476 10.11128 9.765524 10.52147 10.63482 
  8.234382 7.49114 5.550004 5.338137 4.156153 4.516995 5.249675 5.563738 5.013643 5.95486 7.046227 6.08589 7.010313 8.390821 8.529198 8.317441 8.813019 8.86717 9.494925 9.946612 9.833149 10.38078 10.48145 
  8.107578 7.697186 5.550004 5.118775 5.377711 5.551225 5.662195 5.933319 5.762584 6.496062 7.095972 7.423036 7.197243 7.642483 8.236465 9.094441 9.112018 9.290417 9.480882 9.917554 10.19768 10.40109 10.55814 
  8.361185 8.246643 5.875714 6.082224 5.558673 4.762424 4.706886 5.781138 5.361366 6.619765 7.222099 7.241728 7.851498 7.767943 8.07435 8.664614 8.842716 9.407933 9.466839 9.659253 10.09613 10.78522 11.01202 
  8.487988 8.384007 5.631432 5.082215 4.257949 4.762424 5.510214 5.824619 6.244046 6.604302 7.351758 6.969766 7.515024 8.300046 8.752227 8.092799 8.501198 8.941238 10.04168 10.15971 10.01348 10.39094 10.35758 
  8.17098 7.49114 6.364279 5.338137 4.529407 5.459521 4.685175 5.476778 6.030063 6.32597 6.68143 7.468363 7.814112 8.097279 8.752227 9.070551 9.158589 9.1317 9.943785 9.753348 10.05856 10.35032 10.44606 
  8.107578 7.14773 5.218794 5.668842 6.192041 5.106026 5.184541 6.474952 6.706318 6.820784 7.07939 6.992429 8.066747 7.877722 8.122984 8.439972 9.065446 9.195187 9.724965 9.606977 9.825635 10.27924 10.46966 
  8.107578 7.079048 5.468577 5.191896 4.902661 4.909682 4.402925 5.694179 6.110306 6.202267 6.117654 6.67514 7.720647 8.207056 8.139195 8.52166 9.006051 9.375769 9.776791 9.847444 10.03602 10.61567 10.76366 ]
