 [
  5.313466 3.026742 3.012297 3.465187 4.423328 4.711091 4.533857 4.888477 5.706331 6.369622 6.972518 7.130302 6.881305 7.593055 7.884151 8.074094 9.030824 9.170868 9.651056 9.585045 9.701564 10.00812 10.58628 
  4.764814 3.026742 3.871104 4.007784 4.537694 5.06555 5.770875 5.608334 5.859193 7.147539 6.775305 7.100778 7.384008 7.390541 8.055394 8.542011 8.784149 9.360516 9.979811 9.663957 10.33631 10.25568 10.78931 
  4.515427 2.961694 2.475542 2.728806 3.279676 4.305994 5.113895 5.145569 6.21587 6.223414 6.593261 6.776008 7.226016 7.643683 7.798528 8.585539 9.052614 9.113625 9.369041 9.844072 10.13204 10.27337 10.8059 
  4.665059 3.67722 3.065972 4.162812 4.137415 4.078127 4.696993 5.11986 5.689346 5.248696 6.805645 7.307449 6.967483 8.111996 7.969772 8.754992 9.096193 9.187223 9.375513 10.05214 10.20804 10.32642 10.64875 
  6.211261 2.116074 3.226999 2.92259 4.766425 4.863002 5.059517 5.42837 5.570454 7.034441 7.175492 8.178497 7.841107 7.808226 8.16548 8.35702 9.052614 9.322935 9.622877 10.067 9.965122 10.37063 11.18757 
  7.035834 3.937411 3.4417 3.658972 4.623468 4.154083 5.618007 5.814007 5.961101 6.662037 6.259515 7.071253 7.470186 7.833539 8.447569 8.302611 8.497021 8.860118 9.356097 10.07444 10.13204 10.15843 10.8059 
  5.712486 4.002459 3.280674 3.232646 4.251781 4.255357 5.33141 5.73688 5.638392 5.833527 6.168493 6.716959 7.771808 7.681654 7.602821 8.389666 8.762881 9.360516 9.622877 9.985263 9.947552 10.58385 10.52381 
  6.211261 3.547124 4.085806 3.620215 4.509103 4.685772 5.1864 4.451421 6.079993 6.442726 6.456728 7.630131 7.800534 7.504455 8.153248 8.367903 8.677806 9.072737 9.547733 9.617925 10.24011 10.72648 10.63313 
  5.113956 2.376265 2.690244 4.007784 4.88079 5.641812 5.872787 6.357633 5.859193 6.101574 6.50224 6.510287 7.326557 7.56774 8.226639 8.574656 9.117983 9.416887 9.622877 9.585045 9.719134 10.31758 10.52381 
  5.363344 3.026742 3.226999 4.085299 4.566285 4.230039 5.095769 5.42837 5.536484 6.39399 6.396048 7.277925 7.125475 7.909482 7.982004 8.444075 9.379458 9.416887 9.472589 9.769172 10.14083 10.45904 10.53943 
  6.111506 3.67722 3.33435 3.232646 5.27339 5.06555 4.896381 5.351242 5.48553 6.345254 6.699453 7.100778 7.800534 7.770254 7.896382 8.691564 9.270511 9.398096 9.058395 9.492982 10.25614 10.70865 10.516 
  4.116407 2.636456 4.246833 4.085299 4.423328 5.313297 5.440167 5.531206 6.591182 5.736055 6.805645 7.189351 7.168564 8.402953 8.668716 8.754992 8.784149 9.031848 9.323738 10.11159 10.33631 10.30873 10.75612 
  3.019103 2.50636 2.153489 3.155132 3.908685 4.356631 5.132022 5.454079 6.642549 6.077207 6.896667 7.410785 7.355282 7.631026 7.859687 7.899985 9.074404 9.203578 9.136057 9.696836 10.10569 10.58385 10.34421 
  3.517878 3.09179 2.743919 4.085299 3.965868 3.69835 4.515731 5.222696 6.113963 6.467094 6.942178 6.997442 7.355282 7.74494 7.920846 8.59642 8.263064 8.761987 9.388456 9.617925 9.61371 10.09653 10.37545 
  5.163834 3.09179 3.388025 3.077618 4.480511 4.863002 5.440167 5.814007 5.825223 6.27215 6.760134 6.982679 7.427097 7.896825 8.189943 8.659849 8.911762 9.322935 9.904667 10.32709 9.982694 9.893173 10.45353 
  4.016652 3.286933 3.280674 3.969028 4.166007 5.014913 5.458294 5.556916 6.029039 6.442726 6.669113 6.967917 7.44146 8.111996 8.275565 8.552893 8.390677 9.416887 9.4014 9.453526 10.16718 10.1319 10.58628 
  3.218613 1.985978 3.173323 3.42643 3.336858 4.230039 5.9747 6.148973 5.298699 6.052839 6.562921 6.466 7.297831 7.365227 8.251101 8.509366 9.423038 8.999138 9.414344 9.881227 10.03541 10.01696 10.59409 
  5.113956 4.197602 5.10564 4.356597 4.280372 4.078127 4.896381 5.942554 6.693914 7.260636 7.119516 7.159827 7.154201 7.922139 8.570429 8.585539 9.117983 9.285355 9.362569 10.23049 10.56079 10.30873 10.35983 
  4.764814 4.913127 4.300508 3.000104 4.937973 5.040232 5.530798 6.201138 6.079993 5.468008 6.092642 7.410785 7.841107 8.659083 8.939008 8.691564 8.773516 9.379306 9.810738 9.617925 10.25614 10.3441 10.6019 
  4.365794 3.612172 5.212991 5.209249 5.355325 5.707516 5.005138 5.73688 6.317779 6.51583 7.119516 6.953155 7.283468 8.048711 8.251101 8.53113 8.794784 9.755113 9.323738 9.683684 9.991479 10.37947 10.52381 
  5.363344 4.84808 5.051965 4.472868 5.10952 5.247593 5.258905 5.505497 5.927132 6.710773 6.578091 7.204113 7.599452 8.048711 8.889864 8.976993 9.161562 9.089091 9.801344 10.067 10.06176 10.53036 11.48626 
  7.162692 7.167154 6.486279 6.725557 7.485628 6.693064 6.993822 8.392066 8.645833 9.070202 9.246603 9.713921 8.855444 9.399015 10.92934 10.87985 10.62147 10.9389 11.35931 11.96894 12.2123 12.47371 14.18047 
  5.363344 5.758748 6.261889 5.448667 4.852199 4.20472 4.570109 6.096808 6.591182 6.808245 6.820816 7.739805 7.88168 8.402953 8.96358 8.976993 9.096193 9.830274 9.604092 9.873796 10.12326 10.28221 10.98844 
  5.463099 5.6937 5.588719 4.937951 4.566285 4.711091 5.349536 6.253304 6.693914 7.09099 6.53258 7.086015 7.484549 7.732283 8.104321 8.659849 9.139772 9.360516 9.058395 9.506134 10.25614 10.35294 10.72293 
  5.463099 7.715372 7.533432 5.131736 5.10952 5.247593 4.878255 5.248405 6.539816 7.373734 7.903179 7.684968 7.88168 8.175282 7.627284 8.172029 8.85859 9.341725 9.754379 9.948108 10.33631 10.4947 10.73953 
  6.27469 9.594976 9.253756 5.688084 5.355325 5.247593 5.872787 5.993972 6.24984 7.430284 8.798795 7.794641 8.287416 9.085967 8.349281 8.881849 9.096193 8.843763 9.336682 10.63176 11.25025 10.90477 10.77272 
  7.796979 11.39627 10.67489 7.04478 6.092737 4.685772 5.422041 5.916844 7.104845 7.260636 7.847203 7.520458 8.571429 9.484392 8.472141 9.167278 10.03315 9.867854 9.82013 10.75066 11.87558 11.79621 10.70634 
  10.90499 14.29399 13.36757 9.678368 8.878518 5.838922 5.923744 6.148973 6.642549 8.391615 8.798795 7.130302 8.043975 9.399015 8.570429 8.542011 9.880621 9.773903 9.594698 10.57975 12.55311 12.45588 10.78931 
  13.06156 16.57749 15.87875 11.91293 10.35334 9.781113 8.675373 7.609592 7.823973 9.861887 10.4221 8.068824 8.125121 9.569769 8.496713 8.881849 10.46894 9.924226 9.466118 10.77295 12.98616 12.66983 11.25394 
  14.13985 16.90795 15.3059 14.3071 10.92689 9.584003 9.286846 9.69619 9.981357 10.76667 11.70955 9.933268 9.382898 11.9268 9.946458 9.420994 11.73274 11.08923 9.951632 11.52045 12.98616 12.74114 11.27054 
  14.49408 16.72436 14.71391 14.78593 11.25463 10.56955 9.184935 9.59186 10.08409 10.37083 11.76552 10.4268 9.829206 12.36191 10.46247 9.611279 12.25054 11.46503 10.51521 11.81944 12.8779 12.84576 11.38669 
  14.70274 16.72436 14.71391 15.02535 11.6643 10.70096 9.898319 10.4265 10.44365 10.82322 12.21333 10.92033 10.43781 13.01457 11.42078 11.73614 12.97547 13.17342 12.86502 12.71644 12.8779 13.055 12.61465 
  14.82197 16.72436 14.78871 15.10515 11.09076 9.978223 9.745451 9.957015 10.39229 11.728 13.27687 11.19451 11.04641 13.01457 11.34706 12.085 14.11464 14.4586 13.8232 14.65992 14.17703 14.62428 14.6471 
  14.89649 16.72436 14.78871 15.02535 10.92689 9.584003 9.847363 10.32217 10.28955 11.9542 13.2209 11.79771 11.53329 11.81802 11.77233 14.05508 15.66805 15.15062 15.4658 15.10841 15.3679 15.14738 15.34704 
  14.9412 16.68764 14.48952 14.54651 10.76302 9.124081 9.184935 9.278871 9.51906 11.38871 12.94102 11.52353 12.22304 12.68824 12.29967 14.13281 15.87517 15.4472 16.69775 17.79939 16.7753 16.29819 16.16364 
  14.91139 16.57749 14.19034 14.14749 10.68108 9.386894 9.286846 9.174541 8.902664 11.04941 11.87747 11.52353 10.80297 12.47069 12.38756 13.66641 15.77161 16.93011 18.20346 19.44387 17.53313 16.61204 17.09689 
  14.79216 16.32046 13.66676 13.50904 10.35334 8.664159 8.675373 8.809385 9.262229 10.87977 11.76552 10.48163 11.69559 13.01457 12.38756 14.36602 15.66805 17.22669 18.88787 18.99537 18.61574 18.28595 19.08006 
  14.53879 16.09528 13.36757 13.18982 10.18947 8.532753 9.133978 11.26114 11.67644 12.0673 11.93345 12.62026 12.99394 13.77601 12.82701 14.67696 15.97873 17.52327 19.29852 20.19136 18.94053 18.59981 19.78 
  14.07642 15.78201 12.7692 12.23215 9.7798 9.124081 9.796408 10.89598 11.83054 12.51969 12.88504 13.60732 13.09397 14.10234 13.79379 14.59922 16.28941 17.12783 18.47722 19.59337 19.04879 19.33214 19.66334 
  13.56899 15.78201 13.44237 11.67351 9.7798 9.386894 10.20406 10.79165 11.62508 12.46314 13.27687 13.55248 14.09425 15.29889 16.78203 17.31993 17.42858 16.83125 18.75099 19.74286 18.724 19.1229 20.12997 
  12.99813 16.17359 14.71391 11.91293 9.615931 10.83236 11.12127 11.78279 11.26551 12.01075 13.94858 14.61264 14.5944 16.27789 16.78203 17.55313 18.25706 17.91871 17.51904 18.39738 18.1827 17.86747 18.73009 
  13.37871 17.20169 16.40385 15.18496 13.71267 10.50385 11.68178 11.52196 11.72781 11.89765 14.06054 16.19671 15.79474 16.06033 15.3758 15.92071 17.22146 17.81985 16.69775 17.05189 16.66704 16.08895 16.63026 
  14.33014 17.93604 16.88122 17.2224 15.4333 12.27783 12.26409 12.72176 12.60104 12.63278 14.22846 16.01393 16.39491 17.03933 15.99103 15.29883 16.08229 16.63353 16.83463 16.6034 15.58443 15.14738 15.81367 
  14.73254 18.33994 17.26311 18.18562 16.39508 13.52619 10.9684 12.82414 12.9606 13.82031 14.52926 17.04967 17.59526 17.58321 16.2547 15.6875 16.18585 16.04037 15.87645 15.40741 14.71834 14.31043 15.81367 
  14.9412 18.4868 17.35859 18.57091 16.77305 13.71495 11.63083 12.25227 12.9606 13.93341 14.86765 18.26818 18.69557 18.1271 16.69415 15.99844 16.60009 14.35974 11.22242 12.41744 14.61008 13.57809 14.18047 
  14.98591 18.4868 17.31085 18.69934 16.85704 13.84079 12.03848 11.52196 12.8065 14.09401 14.79246 18.02448 18.59554 18.23587 16.95781 16.46485 16.70366 13.9643 10.81178 11.37095 13.85225 13.36886 13.8305 
  15.04553 18.45009 17.21538 18.76356 16.73105 13.77787 11.93656 11.20897 12.6524 14.04651 14.49166 16.98874 18.59554 18.67098 16.95781 16.85352 16.08229 13.47 11.08554 11.96894 13.74399 13.36886 14.41378 
  15.12005 18.37665 17.11991 18.82777 16.52107 13.65203 11.68178 11.3133 12.85787 14.189 14.52926 16.92781 19.19572 18.56221 16.34259 16.85352 15.97873 13.27228 11.49619 12.41744 13.85225 13.36886 14.88041 
  15.17966 18.33994 17.07217 18.89199 16.35309 13.58911 11.63083 11.4698 13.14565 14.1415 14.37886 17.23244 19.29575 18.1271 14.93635 16.46485 15.87517 12.4814 11.08554 11.66995 13.74399 13.26424 14.6471 
  15.23928 18.2665 17.11991 18.9562 16.14311 13.32909 11.22318 11.99145 13.3307 14.09401 14.49166 17.71985 18.89563 17.36566 13.7059 15.37656 15.04668 13.37114 10.62793 11.52045 12.98616 12.84576 14.53044 
  15.23928 18.15635 17.16764 19.08463 15.97513 13.13198 11.17222 12.46093 13.63912 14.474 15.80764 18.0854 18.39549 14.86378 13.09068 14.36602 14.83956 13.56886 11.35931 11.37095 12.98616 12.74114 14.76376 
  15.25418 18.00948 17.35859 19.27728 15.84914 13.06627 11.12127 12.77392 14.00923 14.94898 16.52203 17.41522 17.3952 13.44968 12.29967 13.97734 13.90752 12.9757 11.08554 11.22145 12.98616 13.055 14.53044 
  15.25418 17.82589 17.69275 19.46992 15.51523 12.60635 11.63083 13.52721 14.56439 16.18395 16.40924 16.31856 16.29488 12.14436 11.86022 13.66641 13.59683 12.38254 10.45885 10.27507 12.22833 12.68765 13.94716 
  15.26909 17.60558 17.97917 19.46992 14.85975 12.40924 12.08943 13.92897 15.05786 16.94393 16.07084 15.7093 15.49465 11.16347 10.85562 12.81133 13.18259 12.08596 9.970418 9.888659 12.00385 12.36673 13.71384 
  15.23928 17.31184 18.12238 19.14885 14.36814 12.93487 12.72983 14.12985 15.55133 16.18395 15.09325 15.16097 14.09425 10.82196 10.58533 12.27529 12.35411 11.69052 9.707415 10.00756 12.08402 12.33108 14.06381 
  15.17966 16.98138 18.17012 18.82777 14.85975 13.71495 12.9627 13.97919 16.41491 16.18395 14.45406 14.32019 12.79107 9.854359 10.31504 12.65586 12.04342 11.69052 9.310795 10.21563 11.82748 11.88535 14.18047 
  15.12005 16.65092 18.12238 18.37827 15.72315 14.2183 13.66132 13.67787 16.59996 15.99396 14.22846 14.26536 11.73616 9.342097 9.504163 12.88906 11.8363 11.40866 9.895274 9.821779 11.45869 11.68924 13.13056 
  15.03063 16.21031 17.78822 17.6719 16.77305 14.34414 13.77776 14.02941 16.35322 16.56394 14.98045 14.42987 10.92469 9.598228 9.504163 12.529 11.16621 10.92011 9.679235 10.17847 11.28232 10.90477 12.26618 
  14.86668 15.78201 17.35859 17.41504 17.44498 14.59581 13.89419 13.82853 16.84669 17.03893 15.16845 14.10085 10.55953 9.427475 9.356731 12.37043 10.99189 10.751 9.998597 10.09673 11.28232 11.52878 13.13056 
  14.70274 15.39042 16.92896 17.80033 17.99092 14.72165 13.89419 13.52721 16.16817 16.89643 15.39405 14.42987 11.08698 9.171344 9.160155 11.35557 10.66505 10.58189 9.472589 9.977832 11.33042 12.27759 12.49849 
  14.53879 15.07716 16.49932 18.12141 18.2429 14.97332 14.12707 13.32633 15.61301 16.84893 15.69484 14.42987 11.04641 9.199803 9.577879 10.84814 10.35999 10.63826 9.427287 10.00012 11.41059 12.06364 12.00067 
  14.35995 14.76389 16.06969 17.6719 17.73895 15.72835 14.30172 13.77831 15.18123 16.84893 16.59723 14.49079 11.41157 9.712064 9.897314 11.419 10.59968 10.90132 9.970418 9.925814 11.23422 12.74114 12.43212 
  14.20328 14.68557 15.87875 16.77289 16.89903 16.2317 14.59281 13.87875 15.11954 16.61144 16.33404 15.03912 11.81731 10.53737 10.70819 12.65586 10.79579 11.35229 9.500769 10.14875 11.08991 12.36673 12.43212 
  14.13985 14.60726 15.6878 16.3876 16.85704 16.73505 14.94212 14.02941 15.30459 16.37395 16.14604 15.03912 11.61444 9.911276 11.02762 12.24357 10.5561 11.08923 9.904667 10.58718 11.61904 12.652 12.78059 
  14.01299 14.45062 15.54459 16.00231 16.98302 17.04964 15.23321 14.33072 15.11954 15.99396 16.07084 15.953 11.85788 10.70813 11.86022 13.2 10.774 11.38987 10.5246 10.77295 11.74731 12.74114 12.61465 
  13.94956 14.37231 15.3059 15.61702 17.15101 17.2384 15.40787 14.63204 14.81112 16.37395 15.24365 15.58745 13.29402 11.33422 11.86022 13.35547 10.99189 10.99527 10.33674 10.74323 11.81144 12.74114 12.43212 
  13.31528 14.60726 15.0879 15.42438 16.60506 17.49007 15.5243 14.5316 15.11954 16.70644 15.80764 15.89208 13.89419 11.81802 12.29967 13.2 11.55842 11.59656 10.94866 10.63176 12.22833 12.652 12.24958 
  12.99813 14.68557 15.0131 15.34457 16.77305 17.42715 15.69896 15.23467 15.55133 16.65894 15.73244 15.34375 14.49437 11.9268 12.38756 12.81133 11.20979 11.42745 11.90684 11.52045 12.05196 12.72331 12.31596 
  12.68099 14.05904 14.86351 14.78593 15.84914 16.2317 15.34965 14.23028 15.30459 15.32897 14.34126 15.40468 14.49437 11.13501 11.86022 12.27529 10.81758 11.57777 11.08554 10.92245 12.33659 12.84576 12.61465 
  13.25185 14.13735 14.78871 15.10515 16.64706 17.11256 15.75718 15.23467 15.85975 15.66146 14.26606 14.91727 14.29431 11.07809 10.70819 11.92643 10.81758 11.08923 10.67489 10.37168 12.08402 12.02799 11.86792 
  13.18842 14.05904 14.78871 14.94554 15.93313 15.98002 15.34965 15.18445 15.92143 14.4265 12.82906 14.10085 13.69414 11.39114 11.07677 12.11671 11.23158 11.88824 10.94866 10.20076 12.55311 12.95038 11.73517 
  12.61756 13.74577 14.19034 14.78593 16.2271 16.48337 14.94212 15.28489 15.79807 14.2365 12.2693 13.11379 13.09397 10.36662 10.92934 11.95814 10.38178 12.28368 10.94866 9.525862 11.18612 11.74272 11.33691 
  12.11013 13.82409 14.63912 15.55281 16.31109 15.47667 15.11678 15.93774 14.99617 14.1415 13.10894 14.67357 15.19457 12.25313 11.59655 12.56071 11.4059 11.3335 10.56218 9.858934 11.71524 11.90318 10.98844 
  11.34899 12.64933 13.36757 14.06768 15.51523 14.78457 14.12707 14.73248 14.37933 12.23694 11.54162 12.94928 13.99422 11.10655 10.90476 11.51414 10.09852 10.95769 10.24282 10.00756 11.37852 11.92101 10.8059 
  13.25185 14.13735 15.16269 15.55281 15.51523 15.60251 15.46609 14.5316 14.44102 12.57623 12.0454 12.45575 13.69414 12.03558 11.68444 12.24357 10.73042 11.88824 10.67489 9.821779 12.22833 12.36673 10.70634 
  13.56899 14.45062 15.0131 15.34457 16.14311 14.91041 13.95241 14.48138 12.34421 9.974985 9.246603 10.37196 11.9796 10.87888 10.29047 10.15042 10.07673 10.07455 9.427287 9.802052 11.23422 11.54661 10.1568 
  13.37871 15.23379 15.16269 15.42438 15.59717 13.77787 13.37023 13.77831 11.06005 8.61781 8.798795 8.946209 11.41157 10.56583 10.16761 10.24557 9.444828 10.45035 10.44007 10.23049 10.99371 11.60009 10.78931 
  13.82271 15.39042 14.78871 15.10515 14.53201 13.39479 13.13736 12.82414 10.34092 8.957104 8.966722 9.384902 9.950927 9.939735 9.651594 9.452708 9.706304 10.78858 10.20524 10.21563 11.12198 11.33266 11.03822 
  14.07642 15.78201 14.41473 14.62632 14.36814 13.06627 12.90449 12.3566 10.34092 9.69224 9.246603 8.891373 8.81487 8.459871 9.233871 9.32585 9.205141 9.830274 10.09253 10.00012 10.91354 11.61792 10.67315 
  13.94956 16.21031 14.33993 14.62632 12.64752 12.73776 12.55518 11.78279 10.75185 9.579143 9.246603 9.549412 9.950927 9.28518 9.012724 8.881849 8.85859 9.228111 9.500769 10.34195 11.17008 11.90318 11.03822 
  13.88614 15.93864 13.81635 13.98787 10.43528 10.63525 11.57987 11.78279 10.75185 9.1833 9.918314 10.4268 10.35666 9.996653 9.012724 9.008707 9.161562 9.492048 9.857702 9.736292 10.44855 11.49312 11.27054 
  13.63242 15.46874 13.29278 13.26962 8.960453 9.978223 11.07031 11.4698 10.44365 8.278517 9.246603 10.4268 10.64068 10.62275 9.823599 9.040421 9.096193 9.02367 9.84831 9.72314 10.68906 11.8497 10.75612 
  13.18842 14.92052 12.7692 12.79079 9.94367 10.30674 11.01935 11.10464 10.44365 10.14463 9.918314 10.59131 10.55953 10.50891 9.749883 9.262422 9.226931 8.876473 9.116641 9.742868 11.04181 11.47529 10.65656 
  12.55413 14.37231 12.39522 12.23215 9.452061 9.912519 10.35692 9.69619 10.34092 9.126751 10.03027 10.31712 10.07265 9.313639 9.528735 9.547851 9.335879 9.268999 9.500769 10.25278 10.67303 11.56444 10.58628 
  11.47585 13.35419 11.19847 10.95526 8.141106 9.189785 9.745451 8.913715 9.262229 9.635691 10.03027 10.09778 9.342325 9.313639 9.430447 9.516136 9.139772 9.473258 9.233133 9.888659 10.40045 10.9226 10.73953 
  9.572983 11.31795 9.328552 7.763031 6.99402 9.452597 9.643539 8.444231 10.34092 11.04941 10.75795 9.001045 9.301752 9.740522 9.60245 9.10385 9.597355 9.510839 9.744987 10.23792 10.81733 10.79779 10.87228 
  5.313466 7.637055 7.757823 6.48614 7.075954 7.744314 7.605295 7.818252 9.827257 10.37083 9.918314 8.946209 8.896017 9.569769 9.528735 9.10385 9.379458 9.585999 9.252549 9.460102 10.25614 10.77996 10.68975 
  6.464976 6.618936 7.533432 6.326529 7.649497 8.007128 7.554339 8.652891 9.929991 10.37083 9.358555 9.220392 9.342325 9.655146 9.405875 8.585539 8.794784 9.252645 9.782558 10.07444 10.35234 10.79779 10.77272 
  6.161384 7.402104 7.757823 7.683226 6.912085 8.138534 7.197646 8.652891 10.59775 10.14463 8.239036 9.055882 8.93659 9.825899 9.577879 8.542011 9.117983 9.105447 9.632271 9.709989 10.32028 10.29105 10.70634 
  5.911996 6.383985 6.860263 6.326529 6.83015 8.007128 7.452427 7.140107 7.875339 7.769577 8.071107 8.781699 8.733724 9.256721 8.96358 8.150267 8.68844 9.510839 9.970418 10.22306 10.01783 10.40599 10.19585 
  7.162692 7.793689 7.084653 6.246723 6.584346 7.350095 7.248602 6.983613 7.207577 7.826126 7.735251 8.178497 8.368563 7.960111 8.889864 9.040421 8.805418 8.917361 9.343154 9.552166 9.89484 10.1319 10.46134 
  7.099263 7.637055 7.683026 7.124586 6.010802 5.247593 6.178524 6.357633 6.539816 8.561262 8.574891 7.904315 8.084548 8.687542 9.08644 8.786706 8.762881 9.322935 9.388456 9.400919 9.886055 10.58385 11.1046 
  5.911996 6.083987 6.486279 6.406335 5.846933 5.379 6.331392 6.201138 6.745281 7.430284 7.567324 7.520458 7.922254 8.431412 8.71786 8.041449 8.624634 9.435678 9.466118 9.473254 10.17597 10.35294 10.49258 
  6.71869 6.932203 7.009856 5.767889 5.437259 6.036032 7.605295 6.514128 6.591182 6.63767 7.679276 8.507517 8.490283 8.175282 7.847455 8.913564 8.762881 9.12998 9.688628 10.20819 10.10569 10.9226 11.00503 
  7.796979 7.245471 6.93506 5.767889 6.502411 6.167438 6.382349 6.357633 6.385717 6.735141 7.287444 7.575295 8.043975 8.459871 8.189943 8.881849 9.466618 9.056381 9.472589 9.604774 10.14961 10.4947 10.57847 
  8.177551 6.618936 6.336686 5.368861 5.683064 5.444703 6.076612 5.73688 6.181901 6.921343 7.06354 7.630131 7.841107 8.2322 8.324709 9.040421 8.294968 9.379306 9.857702 10.26021 10.48062 10.53036 10.93866 
  8.177551 7.088837 5.813109 5.767889 5.519194 4.787046 5.719919 6.096808 6.046024 6.921343 7.6233 7.263163 7.254742 8.516788 8.398425 8.850135 8.550193 9.435678 9.651056 10.03728 10.32028 10.60168 10.59409 
  6.972405 5.888844 4.837263 5.528472 6.010802 5.18189 5.923744 6.722788 5.723316 6.223414 6.53258 6.746483 7.254742 8.716002 7.871919 8.81842 8.911762 9.138158 9.669843 9.808627 10.04419 10.36178 10.53162 
  6.401547 6.227351 6.112296 5.448667 6.010802 6.364548 5.567051 6.566293 6.642549 7.317185 6.851156 6.908868 7.570726 8.289117 8.141016 8.346139 8.837321 9.187223 9.187831 9.486406 9.683992 10.69082 11.28713 
  7.099263 6.697253 6.561076 5.767889 5.683064 4.508543 5.770875 6.148973 6.48845 6.759509 6.714623 7.041728 7.211653 7.390541 8.398425 8.59642 9.183352 8.81923 9.317266 9.948108 10.40045 10.67299 10.60971 
  6.655262 5.238366 3.978455 4.279083 4.966564 5.014913 4.769497 5.788298 6.130947 7.317185 7.34342 7.130302 7.88168 7.74494 7.492735 8.161148 8.730978 9.398096 9.604092 10.01499 10.22407 10.35294 10.75612 
  7.352978 6.618936 5.212991 4.511624 4.537694 5.116187 5.313284 6.148973 6.012054 6.491462 7.231468 7.959151 8.043975 8.545248 8.275565 9.167278 8.965455 8.982782 10.05495 10.1859 9.798202 10.22032 10.72293 
  8.304409 7.558738 4.783587 4.666653 5.052338 4.964276 5.9747 6.461963 6.48845 5.955367 6.699453 6.894106 6.881305 7.441169 7.761833 8.346139 8.305602 8.909184 9.754379 9.96297 9.666422 10.38831 10.55505 
  7.987265 6.149035 5.535044 4.705409 4.45192 4.837683 4.406973 5.762589 6.385717 7.034441 6.487069 7.630131 7.728719 7.782911 8.189943 8.367903 8.847956 9.048203 9.585305 9.729716 10.192 10.70865 10.73953 
  7.670121 6.853886 5.962703 5.289055 4.166007 5.510406 5.349536 6.071099 6.029039 6.686405 6.684283 6.716959 7.254742 8.402953 8.128784 8.161148 8.943666 9.661161 9.867095 10.05957 9.965122 10.37947 10.65656 
  9.128983 7.950322 7.084653 5.528472 4.995155 3.495801 5.440167 6.670623 6.642549 6.686405 7.34342 7.575295 7.326557 7.846197 7.725138 8.35702 8.933031 9.416887 9.420815 10.00756 10.00026 10.53036 10.68975 ]
