 [
  5.043976 5.229373 4.812508 4.371087 5.017697 5.069244 4.515346 5.478078 5.567319 6.273687 6.75305 7.154043 6.754261 8.107582 8.497544 8.842207 8.958534 9.677685 9.519934 9.384475 9.551195 10.37445 10.43688 
  3.189754 4.390532 4.317123 4.522176 5.456346 5.468906 5.022306 5.847596 5.498748 5.470626 6.234278 6.293519 7.499137 8.201766 8.585278 8.453534 9.07101 9.480219 9.648451 9.537498 10.05948 10.07893 10.34526 
  4.28005 3.436961 4.00425 4.763919 5.385956 5.202465 4.677573 5.367709 6.838802 7.012206 6.929576 6.747448 7.378996 7.996128 8.497544 8.812309 9.145994 8.963087 9.97521 10.11864 10.16474 10.42507 10.55591 
  4.439606 4.5583 4.656071 4.401304 5.385956 4.936023 4.758687 4.418533 7.145822 7.195034 6.929576 6.615663 7.342953 8.201766 8.760743 8.384566 9.483423 9.21693 9.34159 9.976806 9.947365 10.01557 10.59404 
  4.811902 3.488505 4.134614 5.03588 5.385956 4.662291 5.25088 5.665618 7.321261 6.372309 7.047261 7.264374 7.553651 7.754771 7.966515 8.085025 8.996026 9.028548 9.875762 10.16773 10.42787 10.12821 10.24143 
  5.424717 4.474416 4.056395 4.371087 5.099533 3.895937 4.941193 5.433931 4.864465 6.418015 7.223787 7.209208 7.342953 7.72259 7.666806 8.51333 8.770861 9.381486 9.371314 9.976806 9.881336 10.32383 10.70844 
  5.424717 4.235898 4.030322 4.552394 5.597126 4.10306 5.083141 6.090232 6.180903 6.203243 6.192776 6.396019 6.730233 8.248858 8.804609 8.603024 8.670693 9.044913 9.311867 10.05318 10.30507 10.47569 10.68938 
  4.625754 3.54005 4.343196 4.88479 4.363015 4.74514 5.31447 5.323562 5.63589 6.463723 7.223787 6.952449 7.090657 7.803042 8.194294 8.111072 8.958534 9.710596 9.762106 9.894979 10.21736 10.32383 10.42467 
  4.519383 3.514277 4.108541 4.794137 5.099533 4.330894 4.961471 5.058675 5.533033 5.555159 7.047261 7.485035 7.487123 7.915676 8.409812 8.293401 8.595567 8.873077 9.634244 9.878613 10.11211 10.57693 10.21089 
  3.45568 3.3081 3.143845 4.88479 4.751733 4.165196 5.187289 5.478078 5.44732 6.966499 7.812209 7.650531 7.198784 8.201766 8.14634 8.603024 8.996026 8.807616 9.445624 10.20047 10.18228 10.14229 10.57497 
  4.147087 2.741112 3.482792 3.796947 4.199345 4.786564 5.187289 6.454187 5.738747 6.509429 6.29653 6.732806 7.608166 7.577776 8.67301 8.36503 8.482878 9.381486 9.401038 9.666358 10.26999 10.2732 10.74658 
  5.272421 3.617366 3.169918 3.434332 4.710815 4.206621 3.82588 4.992454 5.515891 6.062355 6.421036 6.498519 7.198784 7.819133 8.365946 9.081389 9.183486 8.946721 9.505072 10.09136 10.56821 10.00149 10.43688 
  5.272421 4.081265 3.222064 5.096315 4.076592 3.999499 3.866437 4.131573 5.44732 5.822846 5.715505 6.732806 7.415038 8.107582 8.54141 8.306425 8.307585 9.282752 9.904176 9.827435 10.28753 10.34914 10.70844 
  4.89168 3.849316 4.603925 5.096315 4.649439 4.869413 4.738409 4.17572 5.601604 6.315954 6.811892 7.154043 7.662681 8.201766 8.266224 8.006884 8.082207 8.88126 8.791698 9.448905 10.04194 10.24789 10.08873 
  4.466198 4.13281 4.551779 4.975444 4.199345 4.517305 5.25088 5.058675 6.137043 6.231421 6.421036 6.674234 7.826224 8.248858 8.182305 8.39759 8.720777 8.750338 9.620037 10.20047 10.37524 10.47569 10.33305 
  4.040717 3.333872 3.978177 4.129344 4.894944 4.206621 5.123698 5.301487 5.927318 5.65378 6.52479 6.90852 7.499137 8.48432 8.760743 8.872105 8.845986 8.938539 9.705278 10.1841 10.12965 10.17045 10.13148 
  4.333235 2.921517 4.447488 5.412467 5.385956 5.002634 4.71813 5.411857 6.180903 6.259598 6.04752 7.098878 7.935254 8.154675 8.453678 8.692718 9.183486 8.954905 9.475348 9.944075 10.12965 10.01557 10.30861 
  4.147087 3.875088 4.629998 5.247405 4.588062 5.468906 4.860079 5.389783 6.531783 6.372309 6.870734 6.161733 7.150727 7.867404 7.510958 8.163166 8.958534 9.036731 9.56321 9.561659 9.903346 10.2732 10.43688 
  3.695013 3.952404 5.955658 5.494998 4.158427 5.069244 4.637016 5.500153 5.310177 6.006 7.047261 7.485035 7.935254 7.883495 7.810667 8.66282 8.996026 9.282752 9.676865 9.867703 9.881336 9.95925 10.59404 
  4.678939 5.564909 7.186744 5.990185 4.813109 4.869413 4.941193 5.235266 5.310177 6.104622 7.400314 7.319539 7.662681 7.883495 8.230259 8.483432 8.921041 8.840346 9.282143 9.505282 9.320096 10.10005 11.03258 
  5.424717 6.152099 7.098809 5.907654 5.597126 5.135854 4.98175 6.090232 7.058102 6.966499 6.379534 7.209208 7.880739 8.531412 8.409812 8.692718 9.07101 9.611863 9.549003 9.90589 9.694257 10.21973 10.91818 
  4.067309 4.474416 6.219462 7.063089 5.878688 6.734502 6.14115 6.090232 7.058102 6.692257 8.400631 8.809004 8.971031 8.813965 9.725803 10.00822 10.5332 11.09286 11.08335 12.00505 12.26981 13.28515 13.8414 
  3.774791 4.474416 5.60392 6.567903 6.160249 5.135854 5.441652 5.786937 6.137043 7.149327 8.10642 7.926358 7.77171 8.295951 8.936209 9.021594 9.858343 9.908063 10.00362 10.56596 11.02431 11.81714 12.76769 
  4.120495 4.029721 5.076312 6.237778 5.737907 4.061635 5.950377 6.090232 6.180903 6.372309 7.106103 7.154043 7.989768 8.028309 8.629144 9.171083 9.033518 9.809329 9.56321 9.561659 9.980379 10.90597 11.6046 
  5.272421 4.726068 5.340116 6.32031 5.667517 4.268758 5.568833 6.93946 7.145822 7.743517 8.10642 7.650531 8.316855 9.284887 9.76967 10.367 11.0206 11.58653 12.10408 13.30024 13.75496 14.20207 14.32908 
  6.719236 6.655403 5.60392 5.126534 5.878688 5.269075 6.268331 8.759233 8.94408 10.30311 10.57779 9.80198 10.82453 10.60347 11.74366 10.96496 11.4705 11.84982 11.35328 12.14896 12.21718 12.70301 12.82489 
  5.72931 5.564909 6.395332 7.8884 7.849615 7.200775 7.730917 7.485392 9.2511 10.98871 11.87232 11.56727 10.49744 11.40404 11.83139 11.62271 13.68254 15.23346 14.90252 14.23565 13.8841 14.71239 14.70838 
  5.72931 6.068214 7.978156 8.961305 8.835079 8.532982 9.129912 9.365825 10.25988 12.73532 12.99032 12.06376 10.98807 11.87496 12.35779 12.25056 14.22838 16.04983 15.65332 15.09911 15.36925 16.24334 16.33398 
  4.306643 4.287443 6.131528 5.577529 6.793761 5.602127 6.14115 5.968914 6.619503 8.657657 9.577475 7.650531 7.342953 8.343043 8.409812 8.384566 8.996026 10.50046 10.67135 9.987716 10.74363 10.93128 11.37579 
  6.110051 6.152099 6.74707 6.650434 7.427274 6.468061 6.713466 6.757483 7.496701 9.023313 10.40126 9.80198 8.207827 8.343043 8.278213 9.141186 10.15828 10.20426 10.31618 10.11864 10.53312 10.65286 10.97538 
  5.424717 4.390532 5.164247 5.412467 5.597126 5.269075 5.378061 5.301487 5.858747 7.149327 9.106737 9.250326 8.316855 8.044399 8.182305 8.752513 9.78336 9.973885 10.20252 10.52777 10.39279 10.57693 10.30861 
  4.967828 4.184354 4.682143 5.126534 5.385956 4.641578 4.150334 5.433931 5.190178 6.062355 6.545541 7.319539 6.766275 8.06049 8.278213 8.319448 9.483423 9.644774 9.648451 9.92771 10.21736 10.29852 10.89911 
  6.490792 6.235983 6.659136 6.402841 5.597126 4.869413 5.505242 5.847596 6.224763 7.10362 6.670046 7.098878 7.935254 8.107582 8.67301 8.573126 8.532962 9.447308 9.297005 9.811327 10.19982 10.2732 10.70844 
  4.89168 3.849316 4.682143 4.794137 5.160909 3.543829 5.187289 5.665618 5.961603 6.829378 6.988419 7.084235 8.044283 7.738681 8.54141 9.290675 9.370947 9.348575 9.534796 9.529444 10.3577 10.42507 10.19256 
  4.253458 3.256556 3.665302 4.945226 4.751733 4.310183 3.947551 5.191118 6.356343 7.057913 6.988419 7.264374 6.958501 8.107582 7.978504 8.260842 8.958534 9.069462 9.946796 9.971351 10.12965 10.45038 11.18512 
  4.89168 4.977721 4.603925 4.733701 5.304121 4.579442 5.187289 5.726277 6.356343 5.907379 7.223787 7.154043 7.826224 7.69041 7.78669 8.66282 8.683214 8.88126 9.237556 10.04227 10.18228 10.57693 10.57497 
  5.805458 6.235983 5.076312 5.577529 4.79265 4.724427 4.474789 6.029573 5.601604 6.737965 6.379534 6.90852 8.37137 7.72259 7.906573 8.722615 9.108502 9.315663 9.93259 10.10773 10.30507 10.83003 10.80378 
  5.272421 6.907056 5.691854 5.577529 5.385956 5.335685 6.459103 5.478078 5.138749 6.175066 6.421036 7.871193 9.025545 8.672688 8.67301 8.543228 8.770861 9.184019 9.60583 10.24411 9.826313 10.11413 10.47964 
  6.262347 8.333086 7.626417 6.402841 5.304121 4.936023 6.013968 6.090232 5.75589 5.794668 6.75305 7.485035 9.189089 8.625596 8.322079 8.10456 8.608088 9.184019 9.747899 9.911345 9.870332 9.839568 10.80378 
  8.851386 10.76573 8.41783 6.732965 5.878688 5.069244 7.031419 6.636164 5.430177 6.231421 7.57684 8.367681 9.08006 8.813965 8.980075 9.141186 9.333454 9.085827 9.56321 9.569713 10.00239 10.37445 10.67031 
  12.6588 14.95993 13.78184 12.34508 11.08757 9.199085 9.575047 8.33462 8.110741 7.514983 8.518315 9.415822 10.87904 10.65056 9.989002 8.722615 9.670883 9.875152 9.733692 10.26593 10.21736 9.909969 10.3758 
  14.5625 16.94091 15.98021 16.45544 14.18474 12.79604 13.13613 13.30867 11.57568 9.297554 12.93148 13.05674 14.25895 14.08829 12.84032 9.470062 11.4705 10.86248 10.10307 10.2332 10.51558 11.00721 10.93725 
  14.90299 17.00238 16.31619 17.16391 14.18474 13.39554 14.01982 14.17308 11.40024 12.2228 14.28485 14.16004 15.48676 15.31867 13.89311 12.63564 13.53257 12.4093 9.889969 10.00408 10.53312 11.26031 10.76565 
  14.96908 17.06384 16.19217 17.84017 16.28175 16.31902 15.23023 14.94145 14.68224 15.81047 18.18862 18.32501 17.06451 16.85665 17.16819 17.16026 17.13952 16.10085 12.3771 11.50137 11.91896 13.48763 14.27489 
  15.20699 16.94091 16.79849 17.32492 17.69612 17.47302 16.89454 16.57423 16.17799 17.21991 19.52412 19.46091 17.94805 18.31772 18.76374 17.6416 17.44277 16.61108 12.65012 10.26047 12.9801 15.2227 15.41281 
  15.25986 16.97165 16.72959 17.16391 17.59135 17.85769 17.49975 17.43864 17.21351 18.11683 20.24324 19.9342 18.32671 18.70222 19.01567 18.12294 17.50342 16.35596 12.99139 10.14591 12.9801 15.06961 14.97931 
  15.35238 17.00238 16.88117 17.29272 17.38182 18.08849 17.7267 18.11096 17.90386 18.75748 20.7569 20.12352 18.38982 18.85601 19.18362 18.31548 17.44277 15.5396 13.19615 10.63791 13.62581 14.66136 14.38326 
  15.41846 16.94091 16.90873 17.16391 17.22466 18.16542 17.80235 18.59119 18.36409 19.27001 20.55143 19.74488 18.45293 18.93291 19.09965 18.12294 17.13952 15.94778 13.81044 10.92573 15.36925 15.83508 13.94977 
  15.4449 16.91018 16.92251 17.0995 17.1199 18.24236 17.878 18.97538 18.59421 19.52627 20.24324 19.27159 18.20049 18.85601 19.01567 17.83414 17.07887 16.56006 14.21997 11.42941 16.07954 16.60056 14.49164 
  15.47133 16.81799 16.93629 17.0029 17.06751 18.16542 17.95366 19.26352 18.70927 19.6544 20.24324 18.7983 17.88494 18.54842 18.84772 17.73787 16.95758 16.25392 13.81044 11.50137 15.9504 16.60056 14.2207 
  15.47133 16.69506 16.93629 16.90629 16.96274 18.24236 17.95366 19.35956 18.70927 19.91066 20.03778 18.41967 17.56939 18.24082 18.67977 17.6416 16.83628 16.04983 13.74219 11.86114 15.9504 16.65159 13.62465 
  15.45811 16.57213 16.89495 16.77748 16.91036 18.16542 18.02931 19.16747 18.70927 20.0388 19.93505 18.13569 17.44317 17.93323 18.76374 17.6416 16.89693 15.94778 13.53743 12.07701 16.01497 16.39643 13.0286 
  15.39203 16.4492 16.82605 16.68087 16.91036 18.01155 17.95366 18.87933 18.82433 20.29506 19.83232 17.85172 17.25384 17.62564 18.42784 17.44906 16.47239 15.5396 13.26441 12.14896 15.36925 15.88612 13.29953 
  15.35238 16.29553 16.77093 16.55205 16.91036 18.01155 17.878 18.59119 18.82433 20.16693 19.52412 17.6624 17.06451 17.16424 18.25988 17.73787 16.77563 14.92732 12.85488 11.9331 15.62754 16.24334 13.62465 
  15.31273 16.1726 16.71581 16.45544 16.91036 17.93462 17.7267 18.49515 18.82433 20.16693 19.42139 17.56774 17.12762 17.01044 18.17591 17.83414 16.83628 14.72323 12.65012 10.85378 14.65896 15.27374 13.13698 
  15.28629 16.08041 16.72959 16.42324 17.01513 18.01155 17.65105 18.3991 18.82433 20.0388 19.42139 17.47308 17.12762 17.08734 18.17591 17.9304 16.89693 14.72323 12.78663 12.00505 15.30468 15.63096 12.92023 
  15.27307 15.98821 16.68825 16.35884 17.1199 17.93462 17.49975 18.20701 18.82433 20.0388 19.62686 17.47308 16.87518 16.85665 17.92398 17.9304 16.89693 14.77425 12.85488 11.1416 15.36925 15.73302 12.76769 
  15.25986 15.89601 16.63313 16.29443 17.22466 17.93462 17.4241 18.20701 18.82433 20.16693 20.03778 17.6624 17.0014 17.01044 18.00796 18.12294 16.83628 14.57016 12.51361 11.35746 15.24011 15.5289 12.92023 
  15.25986 15.83455 16.46777 16.03681 17.06751 17.62689 17.1215 18.01492 18.36409 20.0388 20.24324 18.04103 17.38006 17.39494 18.17591 17.83414 16.71498 14.213 12.30884 11.71723 15.75668 16.03921 13.13698 
  15.24664 15.80381 16.52289 16.10121 17.17228 17.70382 17.2728 18.11096 18.47915 19.91066 20.4487 18.32501 17.44317 17.77943 18.51181 18.21921 17.38212 15.13142 12.92313 12.22092 16.33783 16.70262 13.40791 
  15.19377 15.61942 16.49533 16.03681 17.22466 17.54995 17.04585 18.01492 18.24904 19.14188 20.4487 18.7983 17.50628 17.93323 18.51181 17.73787 17.20017 15.18244 13.1279 11.9331 16.14411 16.60056 14.00396 
  15.11447 15.52722 16.42643 16.0046 17.17228 17.31915 16.9702 18.01492 17.67375 18.37309 20.24324 19.17694 17.88494 18.16393 18.51181 17.25653 16.89693 15.18244 13.05964 11.64528 15.88582 16.44747 14.11233 
  15.04838 15.40429 16.31619 15.9402 17.06751 17.08835 16.81889 17.72678 17.09846 17.73244 19.62686 19.65023 17.88494 18.08703 18.17591 17.16026 16.83628 15.08039 12.92313 11.50137 15.24011 15.98818 14.11233 
  14.94264 15.28136 16.21973 15.87579 17.01513 16.93448 16.51629 17.05446 16.40811 16.83552 18.70228 19.9342 17.88494 17.93323 18.00796 16.77518 16.65433 14.77425 13.19615 13.08438 15.11096 15.68199 13.73303 
  14.82369 15.1277 16.12327 15.81139 16.91036 16.54982 15.98674 16.19005 15.25753 15.9386 18.29135 19.55557 17.69561 17.62564 17.67205 16.29384 15.8659 14.16198 11.69455 11.50137 13.49667 14.35517 13.62465 
  14.69152 15.04382 16.06815 15.84359 16.85797 16.24208 15.60848 15.22959 14.45212 15.04168 17.46951 18.60898 17.31695 17.31804 17.5041 15.8125 15.32006 14.00891 11.33907 10.36412 12.46352 14.04898 13.51628 
  14.5625 14.95993 15.98021 15.87579 16.4389 15.70355 14.70067 13.98099 13.4166 13.8885 16.23673 17.56774 16.55963 16.24146 16.49638 14.46474 14.89551 13.39664 10.45824 10.52232 11.18219 12.6777 12.21475 
  14.48635 14.87605 15.89228 15.39873 14.91975 13.93407 13.26331 12.5201 11.69073 11.76573 14.38758 15.48526 14.47701 13.99411 14.06106 12.07118 12.97019 11.48779 9.705278 10.11864 10.11211 10.2732 11.01352 
  14.48635 14.95993 16.39887 15.39873 14.39591 12.79604 13.00895 12.70208 11.53182 9.388968 12.04885 13.00157 13.60477 13.24063 11.26113 9.260777 11.32053 10.17135 9.534796 9.889524 10.25245 10.70348 10.4987 
  14.48635 14.87605 16.23351 15.15114 14.25513 12.26316 12.30945 12.03483 10.74234 8.520535 10.40126 11.8431 12.62351 12.2517 10.2522 9.679347 11.28304 9.315663 9.148385 10.01499 10.30507 10.42507 10.72751 
  14.48635 14.95993 16.06815 14.98608 14.11435 11.66367 12.05508 11.67087 10.52304 8.246294 9.165579 11.40178 12.45996 11.87496 10.07673 9.619552 10.87063 9.12674 9.505072 10.0259 10.05948 10.65286 10.42467 
  14.63865 15.15843 15.71641 14.65595 13.7624 10.93095 11.80072 11.48889 9.952859 8.657657 8.400631 10.90529 11.96933 10.69765 8.936209 9.350471 10.30825 9.447308 9.519934 10.03681 10.34016 10.17749 10.4987 
  14.69152 15.43503 14.57326 13.50051 12.35459 10.73112 10.52891 10.27571 8.94408 7.743517 7.400314 9.305491 11.0971 10.08545 8.760743 8.692718 10.34574 9.611863 9.691072 9.658304 9.804303 10.24085 10.4987 
  14.33406 14.95993 12.28695 11.18964 10.45405 9.798578 8.93914 8.213301 8.066881 8.200587 7.517998 10.02264 10.27938 9.944178 8.892342 8.391078 9.633391 8.88126 8.910594 9.35226 9.507176 10.21973 10.38191 
  13.34413 13.70167 10.00065 9.126367 8.764688 7.200775 8.621187 8.33462 8.46162 8.063466 7.459156 9.526154 11.64225 10.46219 9.243273 8.51333 9.408439 8.660328 9.252419 10.22774 10.39279 10.24789 10.59404 
  11.74502 12.10787 8.329895 8.053463 7.075322 7.067554 7.921689 8.031324 7.847581 6.737965 7.400314 9.470987 10.38841 9.897085 9.462605 8.417125 8.495399 9.249842 9.60583 10.03136 9.793299 10.29852 10.25364 
  9.841312 10.17854 7.890221 7.723338 7.356883 6.601282 7.858098 8.455938 8.28618 7.469275 7.694525 9.195161 9.461662 9.661625 9.506472 8.247819 9.033518 9.077644 9.705278 9.746897 10.19982 10.18453 10.34526 
  6.871533 7.829782 6.835005 7.558276 7.356883 6.468061 8.04887 7.788688 7.189682 6.829378 8.047578 9.526154 9.734236 9.755809 8.980075 8.345495 9.258471 9.348575 9.549003 9.976806 10.25245 10.501 10.63218 
  7.023829 7.745897 6.571201 7.475745 6.723371 6.26823 7.667326 8.455938 7.233541 7.743517 7.164945 8.312515 10.11584 9.849994 9.28714 8.692718 9.220979 9.809329 9.97521 10.49504 10.19982 10.501 10.59404 
  4.967828 6.319867 6.835005 7.640807 6.301029 6.068399 6.713466 6.696823 7.496701 7.56069 7.459156 8.588343 9.679721 9.284887 8.848475 8.378054 8.770861 9.249842 9.267281 10.10773 10.0244 10.00149 10.63218 
  5.348569 6.487635 6.571201 7.310682 6.723371 5.868568 7.158601 7.182096 6.356343 7.149327 6.358783 7.319539 8.534914 8.248858 8.194294 8.872105 9.5959 9.51313 9.818933 10.05318 9.782294 10.24085 10.82285 
  5.120124 6.403751 7.098809 7.228151 6.019468 5.602127 6.967829 7.485392 6.751082 7.743517 7.106103 6.864592 8.698458 8.955241 8.014469 8.286889 8.683214 8.946721 9.534796 9.609982 9.93636 10.55162 10.72751 
  4.359828 6.235983 6.835005 4.915009 5.385956 5.335685 6.14115 5.478078 6.794942 6.146888 6.172025 7.154043 7.880739 7.062882 8.453678 8.902002 8.495399 9.348575 10.03204 9.803273 9.991384 10.15637 10.22921 
  5.72931 5.397141 5.340116 6.32031 6.160249 6.33484 5.696014 6.150891 6.224763 6.463723 7.341472 6.615663 7.258854 7.754771 8.760743 8.692718 8.733298 9.21693 10.01783 9.424744 9.870332 10.32383 10.46742 
  5.500865 6.152099 4.988377 6.32031 4.669898 4.662291 6.840647 6.514846 6.224763 6.875085 6.929576 7.209208 7.662681 7.996128 8.322079 8.722615 9.07101 10.0068 9.705278 9.52139 10.19982 10.42507 10.68938 
  4.386421 4.390532 5.867723 6.402841 5.808297 6.001789 6.586284 6.27221 7.014242 7.332155 6.566292 7.264374 7.222812 8.295951 8.230259 8.098048 8.808424 9.51313 9.648451 10.00408 9.518181 9.797328 10.21699 
  6.186199 6.487635 6.307397 6.567903 5.597126 5.069244 4.109778 5.665618 6.487923 7.423569 6.75305 7.319539 7.77171 8.154675 8.54141 8.543228 8.695735 9.381486 9.534796 9.835488 10.14719 10.47569 11.12792 
  5.805458 5.648794 5.60392 6.402841 6.089859 5.202465 4.880357 5.604959 5.75589 6.966499 6.006018 7.42987 7.342953 8.201766 8.206283 8.410613 9.033518 9.381486 9.371314 10.20047 10.23491 10.37445 10.57497 
  6.414644 5.229373 5.428051 6.237778 5.808297 5.402296 4.98175 5.604959 5.927318 6.231421 6.483288 7.069592 7.114685 7.883495 8.804609 8.543228 8.407752 9.102192 9.326729 9.666358 9.826313 10.17045 10.84191 
  6.338495 5.900446 5.779789 6.237778 5.737907 4.74514 5.632424 5.604959 6.180903 6.509429 7.106103 7.209208 7.258854 7.754771 7.978504 8.241307 8.88355 9.282752 9.371314 9.593874 9.881336 10.37445 10.38802 
  7.176126 5.732678 5.955658 5.66006 5.345038 5.468906 5.886786 5.604959 6.312483 6.259598 6.870734 7.025663 7.553651 8.154675 8.230259 8.36503 8.745819 9.249842 9.705278 10.1841 10.41033 10.62755 10.63218 
  7.176126 5.816562 5.076312 5.907654 6.44181 5.602127 5.31447 5.5443 5.961603 6.418015 7.223787 7.760862 7.306911 8.437227 8.230259 8.66282 9.033518 9.094009 9.163247 9.811327 10.11211 10.57693 10.61311 
  6.947681 5.061604 4.988377 5.907654 6.301029 5.335685 5.568833 5.478078 5.94446 6.692257 6.400285 6.762091 7.989768 8.248858 8.062422 8.543228 9.5959 9.51313 9.237556 9.803273 10.07702 10.34914 10.46742 
  5.196272 4.261671 4.988377 5.577529 5.597126 4.74514 5.378061 5.786937 6.005463 5.921467 6.275779 6.776734 7.553651 7.867404 8.322079 9.171083 8.996026 9.480219 9.662658 9.878613 10.18228 10.24789 10.47964 
  4.89168 4.13281 5.076312 5.577529 4.874485 5.002634 5.378061 5.5443 6.575643 6.35822 6.52479 6.644948 7.318925 7.030702 7.85862 8.423636 9.220979 9.414396 9.691072 9.803273 9.903346 10.70348 10.74658 
  4.545976 4.235898 4.708216 5.412467 5.385956 5.202465 4.697852 5.213192 5.670176 6.463723 6.213527 6.879234 7.662681 8.154675 8.242248 8.453534 8.558004 9.118558 10.06045 10.19501 9.650237 10.07893 10.4987 
  4.865087 4.726068 4.030322 3.857383 4.137969 4.061635 4.758687 6.21155 6.487923 6.372309 5.424993 6.161733 6.970515 7.963947 7.750725 8.306425 8.50792 8.873077 8.583631 10.01499 10.01339 10.12821 10.65124 
  5.272421 4.081265 4.47356 3.313461 4.44485 4.558729 5.10342 5.478078 5.687319 6.600843 6.670046 6.820663 7.186769 7.69041 8.54141 8.423636 8.745819 9.578952 9.918383 10.22774 10.21736 10.47569 10.4491 ]
