 [
  3.930682 3.817216 3.841887 5.093862 5.437016 4.845081 3.781076 4.782978 5.828594 6.213633 6.582157 7.312997 7.59492 8.146143 8.265516 8.612225 9.317266 9.524572 9.678757 9.65507 10.38514 10.70638 10.41827 
  4.543824 3.407272 3.986412 5.455579 5.351075 5.269177 5.71218 6.526855 6.758062 7.860619 7.691871 9.032887 9.781701 8.614676 9.154277 8.542579 9.132561 9.144931 9.480093 9.942849 9.634289 10.22151 10.51111 
  5.611204 3.89508 3.6251 4.949175 4.390866 4.225975 6.122932 6.526855 6.273052 7.465554 7.268338 8.887497 9.781701 8.815475 8.560853 8.935616 9.283005 9.234866 10.26898 10.08436 10.61378 11.81839 12.04665 
  4.203189 2.499851 3.986412 5.600266 4.68724 4.738339 5.531139 5.985559 6.076519 6.111012 6.799597 7.578991 7.937937 8.480809 8.560853 8.375431 8.944997 9.170627 9.34765 9.802649 10.46583 11.29953 11.57981 
  5.669602 4.050808 3.586628 4.587458 3.412831 4.354066 5.350098 5.33252 5.58067 6.675426 6.384484 7.797075 7.637797 7.914238 8.223522 8.890804 9.248743 9.273409 8.97681 9.736238 10.06519 9.801474 10.32544 
  4.316734 3.427896 3.067264 3.502537 4.776153 4.204627 5.199231 5.985559 5.779009 6.341909 6.641459 7.108387 7.702113 7.39394 7.845574 8.486863 8.77083 8.541082 9.841068 9.79527 9.897615 10.25301 10.37849 
  5.377609 3.817216 3.986412 4.10461 2.938632 4.546203 5.500966 5.123171 5.960821 6.085358 5.791465 6.862854 7.359095 7.38125 8.560853 8.556508 8.288523 9.578316 9.493337 9.942849 9.430809 10.26351 10.97184 
  4.066936 2.809199 3.548157 3.967775 5.179193 3.969793 4.475067 5.568038 6.273052 6.290598 6.384484 7.415302 7.702113 7.825407 8.139534 8.723656 9.248743 9.234866 9.782046 9.942849 10.41204 10.03249 10.43154 
  4.18048 2.932938 3.986412 4.37828 5.179193 4.652945 6.040782 6.526855 6.677227 6.59846 6.918201 7.72438 7.916499 8.213077 8.09754 8.695798 9.18022 9.417088 9.73778 10.29661 10.47928 10.28451 10.49785 
  4.968819 4.907314 5.720708 6.685417 7.241784 7.256432 7.43734 6.681512 7.162238 7.07049 7.76246 8.305939 9.167113 8.815475 9.055373 9.338924 9.454313 9.712673 10.38703 11.02184 10.33134 10.80053 10.52437 
  5.202413 3.583624 4.058674 5.166205 5.780782 5.269177 5.71218 5.777388 5.927764 6.991477 7.76246 7.35392 7.937937 7.723885 7.992554 9.114864 9.132561 9.712673 9.826313 10.11973 10.12503 11.79003 11.09126 
  3.74901 3.242287 3.182678 4.022509 4.835427 3.713611 4.384546 6.604184 6.353887 6.367564 6.700761 6.965159 7.423411 7.35587 7.341644 8.013277 9.317266 9.739544 9.546314 9.677207 9.837769 9.969486 9.808208 
  3.9761 2.499851 2.567135 4.131977 4.479778 4.86643 4.203505 4.913821 5.597198 5.033497 6.285647 7.128848 7.680674 8.06652 8.09754 8.709727 8.851214 9.234866 9.53307 9.610796 10.07716 10.01149 9.940831 
  4.135063 3.661488 2.759493 4.37828 4.124129 4.546203 5.62166 5.097002 5.316217 6.59846 5.890302 7.86977 8.245232 7.914238 8.560853 8.890804 8.744035 9.144931 9.334406 9.706722 9.909584 10.05349 10.16629 
  4.770914 3.427896 3.067264 4.487748 4.835427 5.079915 6.040782 6.990824 6.273052 6.754438 7.19775 8.087854 8.782996 8.06652 8.75866 9.114864 8.985188 9.260561 9.493337 9.758375 9.9814 10.48983 10.76556 
  4.770914 3.26291 3.3558 4.460381 4.746515 5.836965 7.190889 7.764104 8.374763 8.17667 8.962469 9.832529 10.31947 10.8904 10.19277 10.54885 10.51642 10.54569 10.25423 10.20817 10.22375 10.85702 11.10212 
  4.793622 3.180417 3.697362 4.515115 4.124129 5.742333 6.944438 7.91876 8.374763 9.28285 10.37424 10.41409 10.78041 11.22507 10.48948 10.95216 10.34512 10.08887 10.50507 10.98646 10.76172 11.06415 11.49296 
  3.74901 2.809199 3.769624 5.672609 5.608899 6.310121 7.35519 7.91876 8.374763 9.83594 10.6566 10.63217 10.85723 10.95733 11.92359 13.32719 10.68773 11.0025 9.723023 10.79189 11.0845 11.59151 12.37299 
  4.793622 3.036055 4.781297 4.587458 5.437016 5.836965 7.35519 6.681512 7.404743 7.939631 8.821292 8.814802 8.706172 9.752538 11.87414 13.7305 10.79052 10.59943 10.18045 10.40275 11.71661 12.21543 12.74594 
  4.793622 3.817216 4.853559 5.093862 4.420504 5.269177 6.780136 6.3722 7.081403 7.465554 8.468348 8.087854 9.243937 8.681608 8.659757 9.518172 9.420052 10.00826 10.22472 10.4735 11.09795 11.84675 13.35199 
  5.7864 3.89508 3.697362 5.166205 5.608899 5.058567 6.780136 6.990824 7.970589 7.939631 8.538937 9.832529 10.39629 10.42187 10.29167 10.14554 10.72199 11.02937 9.826313 10.49119 11.04415 12.49902 14.23776 
  4.968819 3.32478 4.925822 6.10667 6.726136 7.256432 8.176695 9.078681 8.940609 8.808773 9.52718 10.92295 11.24135 11.76053 11.52797 11.57952 11.51001 11.86239 11.16908 11.72937 12.11436 13.34982 14.65734 
  4.91042 3.817216 4.347723 5.527923 6.554254 6.594014 7.683792 9.078681 9.263949 9.124825 10.16248 11.21373 11.24135 11.42587 11.28071 11.75877 12.16098 12.07736 11.46419 11.76474 12.27116 13.06622 14.98367 
  5.961596 3.972944 6.804643 7.119478 7.155843 7.161801 8.094544 9.233337 10.63815 10.07298 10.86837 11.6499 12.3937 12.49679 11.87414 12.47577 12.36655 11.5668 11.80815 12.52979 12.31036 12.61246 13.91143 
  5.202413 4.284401 5.287134 6.3237 6.038606 6.404751 7.43734 8.769369 9.668125 9.83594 10.51542 11.14104 11.77911 11.4928 12.1214 13.05832 12.29803 11.62055 10.6969 12.15389 12.38877 12.30051 12.74594 
  11.45107 12.46013 12.87468 13.34101 14.11709 14.4484 13.76293 12.09447 12.09318 10.78409 9.950712 11.43182 11.93276 11.15813 11.57743 12.6102 11.78411 11.29809 10.47556 11.05721 10.73482 11.27129 11.47125 
  14.29057 15.19706 15.13003 16.03794 18.10835 18.495 17.36512 18.85797 18.37128 15.68289 15.10369 16.59315 16.77264 15.84345 16.35807 15.84149 15.111 13.50579 12.98744 13.19699 14.38802 11.35602 11.68838 
  14.22638 15.25816 15.32445 16.51662 18.81849 19.64703 19.07162 20.3426 19.99988 16.9478 16.14919 17.78547 18.41722 17.04561 17.16593 16.11915 15.9772 15.01974 12.6505 12.29304 13.83921 11.30895 13.21214 
  14.03382 15.31926 15.28557 16.08145 18.62912 20.34826 19.70367 20.59004 20.27131 16.9478 16.02135 17.87562 18.79715 17.64406 17.12341 15.94561 15.82434 15.12788 11.95255 12.01238 13.13359 11.56315 13.35199 
  14.00173 15.31926 15.13003 16.08145 18.15569 20.14791 20.1461 21.00244 20.54274 17.02716 16.23506 18.14608 19.51902 18.48189 17.42105 16.81329 16.7415 16.20928 13.0837 12.29304 12.58477 11.08298 12.09327 
  13.90544 15.25816 14.97449 16.03794 17.87164 19.94756 20.2093 20.67252 20.33917 16.78907 15.95076 17.80801 19.51902 18.32231 16.61319 16.3621 16.18102 15.66858 12.62643 11.23409 10.86931 10.43334 12.51285 
  13.87335 15.19706 14.89672 16.03794 17.77696 19.99765 20.1461 20.3426 20.27131 17.02716 16.09194 17.49247 19.1011 18.20262 16.35807 15.59854 15.46767 14.85754 11.61561 12.33609 11.85111 10.48983 12.04665 
  13.87335 15.19706 14.85783 16.03794 17.72961 20.04774 20.2093 20.50756 20.40702 17.46366 16.34956 17.58262 19.25307 18.60158 16.52815 15.66795 15.62053 14.91161 11.80815 12.4437 12.03596 10.73462 11.77523 
  13.93754 15.22761 14.85783 16.03794 17.68227 20.04774 20.1461 20.50756 20.54274 17.86047 16.72169 17.96578 19.70898 18.96065 16.8683 16.01503 15.77339 15.07382 11.71188 11.87087 11.64937 11.00766 11.46039 
  13.90544 15.22761 14.85783 16.08145 17.68227 20.09782 20.08289 20.42508 20.47488 17.93984 16.75031 18.01085 19.70898 18.92076 16.82578 16.46622 16.53769 15.50637 11.73595 12.04776 12.07516 10.93234 11.21069 
  13.90544 15.19706 14.78006 16.03794 17.63493 19.99765 19.83007 20.3426 20.47488 18.0192 16.80756 17.85308 19.59501 18.72127 16.40059 15.63325 15.67148 15.39823 12.36169 13.56288 13.21199 11.73331 12.41961 
  13.84126 15.1054 14.62452 15.9509 17.58759 19.84738 19.76687 20.3426 20.6106 18.0192 16.95069 18.16862 20.12691 19.16014 16.74074 16.08444 15.67148 13.61393 11.92848 13.34765 12.62397 11.93183 11.77523 
  13.77707 14.98319 14.43009 15.86387 17.4929 19.69712 19.70367 20.42508 20.81417 18.09856 17.12244 18.30385 20.1649 19.16014 16.65571 15.45971 14.95814 14.04649 11.4937 13.54135 13.5256 12.07363 11.3084 
  13.71288 14.89154 14.23567 15.73332 17.30353 19.39659 19.64046 20.17764 20.6106 17.97952 16.77894 18.14608 19.78497 18.60158 16.01792 15.07793 15.26386 14.85754 11.73595 12.78806 12.27116 12.07363 11.99237 
  13.64869 14.73878 14.08012 15.55925 17.06682 19.14615 19.64046 20.09517 20.47488 18.49538 16.75031 17.80801 19.55701 18.442 15.67777 14.17862 14.49956 13.99242 11.21334 13.28308 12.70237 11.16772 10.8307 
  13.55241 14.61657 13.84681 15.38519 16.78276 18.94579 19.57726 19.76525 20.40702 18.53506 16.60719 18.01085 19.51902 18.12282 15.25258 14.66145 14.90719 14.53312 12.12102 12.93872 11.43418 10.93234 11.08041 
  13.42403 14.43326 13.69127 15.21112 16.49871 18.84562 19.45085 19.18789 20.40702 18.77315 16.80756 18.12354 19.29106 17.96324 14.95495 14.93911 15.2129 14.42498 11.56748 12.68045 12.19276 10.96059 11.05869 
  13.23147 14.24995 13.53573 14.9065 16.16731 18.59518 19.13483 18.77549 19.99988 18.93188 16.95069 18.07847 19.25307 17.96324 14.91243 14.62674 14.70337 13.83021 11.76001 12.17157 11.52832 11.37485 11.34097 
  13.03891 14.09719 13.41907 14.73244 16.02529 18.29465 18.6924 18.52805 19.59273 19.0906 17.12244 18.12354 19.13909 17.72386 14.95495 14.73086 13.53145 12.48043 10.91823 12.25 12.07516 11.1583 11.56896 
  12.75006 13.85278 13.22465 14.3843 15.88326 17.99412 18.06036 17.70325 18.84629 19.28901 17.29419 18.07847 18.79715 17.12541 14.19838 14.62674 13.32588 12.9651 10.9625 11.92394 11.59557 10.97942 11.62324 
  12.46121 13.63892 13.06911 14.03617 15.83592 17.79376 17.30191 16.7135 17.76056 19.0906 17.89532 17.9207 18.60719 16.96582 14.74236 15.32088 14.29575 13.45173 10.87396 12.25 11.77041 11.03591 11.66667 
  12.26865 13.3945 12.73015 13.63039 15.74998 17.19271 16.22744 15.80622 16.53911 18.37634 17.75219 17.28962 18.0373 16.68654 14.99747 15.84149 14.55051 13.01917 10.60836 11.99469 11.44763 11.29953 11.74266 
  12.09345 13.23877 12.58563 13.26867 15.74998 16.90881 15.32379 14.95561 15.48825 17.46366 17.38007 16.88392 17.77135 16.64665 14.95495 15.56383 13.83717 11.96987 10.68214 12.40065 11.66282 10.62164 12.01408 
  12.03506 13.00518 12.58563 13.34101 15.83592 16.62492 14.25583 14.105 14.76073 16.71006 17.40869 16.22967 17.23358 16.37891 14.29729 14.13381 12.16098 11.16373 9.973869 11.19872 11.12485 10.88526 11.87294 
  11.97666 12.84945 12.51337 13.34101 15.23433 15.67861 12.94142 13.25439 13.54821 14.97178 16.32094 16.30237 17.15676 15.10719 12.86318 12.92389 11.6128 11.35183 9.708268 10.91571 10.96346 10.79111 11.2324 
  11.85986 12.69373 12.51337 13.63039 14.80462 14.54303 11.87347 11.78516 12.33568 14.18165 15.95076 15.57542 16.00441 14.70559 12.61592 11.98283 10.99609 11.08312 9.612535 10.84495 11.15175 10.54632 11.26497 
  11.80146 12.61586 12.44111 13.77507 14.37491 12.9343 11.38056 11.16654 12.01234 13.31251 15.10369 14.33961 14.46794 13.03226 11.62688 12.02765 11.40723 10.97563 9.841068 10.72113 10.22375 10.61223 11.37354 
  11.62626 12.30441 12.22432 13.63039 14.03115 12.36652 11.21626 11.01188 11.36566 12.99645 14.96252 14.4123 14.23746 12.42986 11.82469 13.37201 12.60639 11.62055 9.988626 10.57963 10.2372 10.83819 11.65581 
  11.04228 11.29217 11.93527 12.3282 12.99985 11.89336 11.05196 11.01188 11.689 13.23349 13.33897 12.88571 12.24005 10.62267 11.18181 11.26584 10.07102 9.981387 9.374139 9.588659 10.19685 10.35802 10.78727 
  9.23192 9.501297 9.550611 9.07275 9.734083 9.622211 8.751748 9.156009 9.506454 11.73225 11.43308 11.35912 11.24135 10.75653 10.29167 10.99697 10.99609 10.68005 10.1952 10.50887 10.85586 11.06415 11.14555 
  6.779177 6.464596 6.587856 5.672609 5.780782 7.161801 8.423146 8.769369 8.940609 10.07298 10.44483 10.99565 12.00958 12.0952 11.67633 12.16208 11.20166 11.64742 11.34614 11.34022 11.21899 11.2807 11.87294 
  4.968819 4.673721 5.937495 7.119478 5.608899 6.499382 7.190889 7.764104 8.455599 9.598902 10.72719 12.37685 12.85464 12.63066 11.67633 12.87907 12.02394 12.29233 11.80815 11.94163 11.63592 11.90347 12.37299 
  5.319211 4.362265 4.203198 6.468387 6.124547 6.688645 7.190889 8.69204 8.213094 9.124825 9.668357 12.23146 12.85464 12.49679 12.2203 12.87907 12.16098 12.80289 11.76001 12.20695 11.91835 11.87511 13.07228 
  5.436007 4.128673 5.070347 6.3237 5.351075 6.499382 7.190889 9.929289 9.668125 9.914953 10.6566 12.59493 13.62288 13.36692 12.41811 13.19276 11.68132 11.86239 11.92848 12.31456 12.34956 12.61246 13.35199 
  4.725495 4.128673 5.431658 6.10667 6.898019 7.256432 7.43734 8.537385 8.536434 10.70508 10.79778 12.30415 14.54476 13.90239 13.3577 13.77531 12.02394 11.86239 11.78408 12.29304 12.11436 12.47066 12.97904 
  5.144014 3.817216 3.375036 6.034327 6.038606 6.972538 9.1625 10.16127 9.991466 10.46804 10.44483 11.79529 13.6997 13.29999 13.50605 13.46163 11.85263 11.99675 12.09695 12.6374 12.19276 12.49902 12.79256 
  5.377609 3.583624 4.492248 5.88964 6.382371 7.445694 8.340996 9.542649 8.940609 9.598902 10.51542 11.43182 12.54735 13.03226 12.96208 12.52058 12.22951 11.5668 11.47894 12.22847 11.91835 12.04527 13.02566 
  5.085616 2.10801 4.419986 5.744953 6.640195 7.91885 8.587447 8.924025 8.698104 10.15199 10.37424 11.72259 12.00958 11.82746 11.87414 12.47577 11.64706 10.76066 11.15432 11.48173 11.16519 11.48783 11.89466 
  4.770914 2.582344 3.697362 5.672609 6.554254 6.215489 7.683792 8.382729 8.61727 9.361863 9.668357 11.6499 12.16323 11.62666 11.37962 11.8484 10.58495 10.65317 10.71165 10.93339 10.54653 10.77228 11.41696 
  4.203189 3.739352 4.347723 5.817296 6.29643 6.499382 7.765942 8.305401 8.536434 8.255683 8.962469 10.2687 10.31947 10.4888 11.28071 11.98283 10.03676 10.16949 9.708268 10.3143 10.49273 10.7817 11.21069 
  8.063947 8.956247 8.249889 7.119478 8.359021 9.338318 10.14831 8.924025 10.0723 9.361863 9.950712 10.85026 11.85594 10.62267 11.28071 12.07246 11.03035 9.712673 10.22472 11.34022 11.1383 10.55573 10.93927 
  6.370386 7.554694 6.226544 6.468387 7.069901 7.634956 8.669598 6.990824 8.293929 7.62358 8.32717 10.05061 9.704878 8.547742 10.14332 10.59366 9.625621 9.042149 8.831123 9.995914 10.02928 10.24251 10.61721 
  4.852021 4.050808 3.548157 5.383236 5.522958 5.742333 6.122932 5.568038 6.758062 6.754438 7.550694 7.942465 7.937937 8.280009 8.808113 9.070052 8.797625 9.029301 9.400627 9.86906 10.17291 9.748969 10.39175 
  4.362152 4.82945 4.058674 5.021519 5.608899 6.120858 6.040782 5.620376 5.18399 5.59791 6.503088 6.903777 7.89506 8.07921 8.118537 8.793302 9.317266 9.144931 9.400627 9.854301 9.813829 10.61223 10.64373 
  4.968819 4.362265 2.644078 3.256234 4.124129 5.01587 5.259578 5.123171 5.812066 6.085358 7.19775 6.965159 7.380534 7.36856 8.223522 8.890804 8.462689 8.682408 9.826313 9.928091 9.825799 10.34752 10.65699 
  5.319211 3.739352 3.163443 3.940408 4.361228 4.311369 4.233678 5.751219 5.762481 6.912464 7.338927 6.842393 7.423411 8.04114 7.551615 8.542579 9.132561 9.497702 9.572803 9.65507 9.78989 10.29501 10.8307 
  3.340249 3.015431 2.932614 3.694105 3.975942 4.652945 5.199231 5.149339 5.134406 5.084807 5.929836 7.394842 8.014761 7.952309 7.971557 8.486863 9.025381 9.363344 9.782046 10.06667 9.80186 10.24251 10.36522 
  4.91042 2.479228 2.874907 3.885674 4.716877 5.174546 4.957843 4.861484 5.613726 6.754438 6.582157 7.108387 7.230464 7.685815 7.44663 7.999348 8.677048 8.84943 9.016543 10.0136 10.35824 10.03249 10.19281 
  4.725495 3.242287 3.6251 3.557271 4.835427 5.079915 4.203505 5.254014 6.010406 6.187978 6.641459 6.903777 7.616358 7.267039 7.635603 8.347573 8.30192 8.66956 9.201963 9.773133 9.61035 10.1795 10.72213 
  5.144014 3.407272 2.394014 2.763628 4.361228 5.45844 3.962117 4.233435 5.597198 5.854461 6.285647 7.026543 7.359095 7.838097 8.034549 8.375431 8.556471 9.417088 9.572803 9.787891 9.562472 10.1165 10.53763 
  4.968819 3.89508 3.375036 4.659801 5.351075 5.45844 4.927669 5.620376 5.993877 6.44453 6.404251 6.310406 6.565867 7.444701 8.076543 8.584366 8.422497 8.836583 9.506581 9.632934 10.2372 10.04299 10.66785 
  5.027217 3.015431 3.375036 4.350913 4.56869 4.823733 4.988016 5.463364 6.192217 5.880116 6.641459 7.456224 7.702113 8.04114 8.286514 8.570437 9.025381 9.132083 9.900091 9.876438 9.909584 9.948485 10.47132 
  5.377609 3.015431 3.841887 3.995142 4.657603 4.781036 4.324199 5.829725 5.745953 5.982737 7.056572 6.821932 6.758815 7.926928 8.412497 8.375431 8.636856 9.106387 9.53307 9.846923 9.861707 10.49924 10.59068 
  4.702786 3.056678 3.009557 4.323546 4.56869 4.225975 5.71218 5.908231 5.845122 6.624115 6.087975 7.149309 7.316218 7.825407 7.068681 8.821159 8.77083 9.605187 9.782046 10.1728 10.39859 10.38626 10.41827 
  5.611204 3.817216 3.182678 4.487748 4.242679 4.546203 4.625934 4.73064 5.663311 5.828806 6.661226 6.269484 7.101832 7.787336 8.076543 8.138638 8.449292 9.144931 9.752535 9.470596 10.2372 9.685965 10.73299 
  4.91042 3.50576 3.567393 4.433014 4.539053 3.969793 4.927669 5.384857 5.795537 5.572255 6.542623 6.78101 7.616358 8.280009 8.370502 8.935616 9.145958 9.286257 9.519825 9.883818 10.00534 10.36743 10.37849 ]
