 [
  4.964141 3.433248 3.698616 2.70853 4.308713 5.285693 4.693914 6.093865 5.841506 6.126083 6.132159 6.828998 7.71019 8.086576 8.328343 8.771538 8.988788 9.117073 9.792764 9.682132 9.333288 9.644704 10.36517 
  4.124539 2.700779 3.151931 3.669534 4.081791 4.733886 5.391498 4.957366 5.794137 6.285449 6.588928 7.023814 7.081628 7.659501 7.253211 8.075274 8.932793 9.077865 9.744848 9.914583 9.873178 10.52796 10.58803 
  3.764989 3.115438 3.190259 3.893768 4.535636 5.032782 5.595778 5.850935 6.063796 6.285449 6.991311 7.317222 7.172524 8.013055 7.878468 8.87886 9.212768 9.429442 9.744848 9.69546 9.988945 10.28044 10.17864 
  4.011757 2.914441 2.979457 4.439935 4.710816 3.765007 4.322183 5.086967 5.462554 6.285449 5.910695 6.97511 8.055165 7.453377 8.08204 8.825199 8.724598 9.257705 9.888597 10.07922 10.33669 10.52796 10.35481 
  3.271455 2.871709 3.43355 4.246536 4.749844 4.917821 4.030108 5.437954 5.841506 5.251026 6.367464 7.104988 7.490661 7.550377 8.231998 8.556894 8.701466 9.486689 9.352242 9.335595 9.988945 10.19793 10.29263 
  3.370162 2.551215 3.09444 3.925802 4.399483 3.985722 5.187217 5.583712 6.74579 6.768296 7.200525 7.195945 7.741551 8.049815 8.521035 8.244205 9.212768 8.960239 8.980497 9.575505 10.37533 10.32169 10.35481 
  3.246778 3.162521 3.495918 4.150036 4.67179 4.802862 4.481496 5.462247 5.904664 5.992599 6.381306 6.488069 7.422489 7.82925 7.936631 8.221681 8.6552 9.314951 9.505267 10.12038 10.56852 10.36294 10.86624 
  3.98708 2.444384 3.324405 4.568869 4.769357 3.868873 4.64081 5.583712 6.086529 6.20024 6.782096 6.97511 7.961081 8.564466 8.280171 8.356827 8.215677 9.025587 9.457351 9.832266 10.06622 10.01352 10.8265 
  3.518222 2.999906 2.979457 4.021902 4.127175 4.531018 5.187217 5.014966 5.494133 5.79979 6.256732 6.69912 7.584745 7.623127 8.183825 8.491972 9.268763 9.772919 9.266456 9.708789 10.29805 10.48671 10.62778 
  3.123394 2.97854 3.209422 3.861735 3.219485 4.102571 4.508048 4.467764 6.268394 6.39906 7.2603 7.256583 7.898358 7.939533 7.980254 8.379351 9.212768 8.829544 9.333179 9.749948 10.1435 10.32169 10.42735 
  4.237322 3.456789 4.322301 4.35398 4.354098 5.032782 5.212752 5.029366 6.086529 6.739893 6.187525 6.065967 7.03618 7.976294 7.456783 7.973914 9.268763 9.200459 8.932837 9.708789 10.06622 10.07115 10.19936 
  2.654536 2.828976 4.119603 4.740779 5.35476 4.453118 3.923899 5.202167 5.557292 5.414172 6.422831 7.286902 7.490661 7.101754 8.183825 8.93252 8.585801 8.816475 9.380838 9.562177 9.767129 10.07115 10.26154 
  5.540585 3.244916 3.792168 4.375469 6.057243 5.216717 5.595778 5.948108 6.154728 6.626282 6.811984 6.455599 7.058904 8.123337 7.863927 8.458185 9.100778 8.757662 9.409434 10.16154 9.67072 10.08267 10.78675 
  4.801233 3.362623 3.776576 4.182069 4.808383 4.940814 5.391498 5.632298 6.154728 6.541073 6.381306 7.317222 7.490661 8.23362 8.713726 8.556894 9.212768 9.486689 9.553183 9.655476 9.950306 10.48671 10.74701 
  5.076923 3.339082 3.854537 4.654824 4.37679 4.128538 4.87978 4.798965 5.225708 5.859116 6.533562 6.828998 7.772913 7.635252 8.111121 8.221681 8.192545 8.940635 9.457351 9.708789 10.06622 9.932841 10.4688 
  5.515522 4.268969 4.026051 4.439935 4.308713 4.375219 4.428391 4.568564 5.904664 6.228643 7.021198 6.358191 7.286144 7.768626 8.569208 9.039842 8.724598 8.842613 8.799391 9.602162 10.10486 9.540975 9.80557 
  4.375167 3.15075 3.355589 4.504402 4.059099 4.687902 4.957402 5.245368 5.525712 6.626282 7.051086 7.165626 7.240696 7.489752 7.500406 8.435661 8.988788 9.123608 8.847051 9.749948 10.02758 10.12877 10.78675 
  6.047034 4.527925 2.097924 4.289514 4.399483 4.825854 4.982937 5.753763 5.462554 6.09642 6.229049 7.195945 7.26342 7.82925 8.052958 8.503234 8.678332 9.084399 9.39037 9.708789 10.18214 10.56922 10.34444 
  5.252363 3.915847 3.651839 4.118002 4.847411 5.653564 4.906332 5.608005 6.063796 6.007431 6.519721 7.072518 8.117887 7.489752 7.631273 7.782458 8.863395 8.868752 9.247392 9.914583 9.988945 10.19793 10.58803 
  5.759526 3.998242 2.902802 4.934179 5.745028 5.285693 4.162869 5.101367 5.557292 5.977768 6.353623 6.747824 6.263562 7.053255 7.936631 8.199157 8.608934 9.143212 8.961433 9.873425 9.988945 9.875214 10.17864 
  4.738576 3.915847 4.104011 4.289514 4.749844 4.388202 5.136147 5.216567 5.825716 7.449963 6.662545 7.590094 7.467937 8.013055 8.713726 9.039842 9.436748 10.05915 11.6615 11.68442 9.950306 10.28044 10.74701 
  5.90328 3.751057 4.275524 5.449911 5.452327 4.77987 4.693914 5.413661 6.563925 6.91031 6.871759 8.529988 9.278258 10.54955 11.70044 11.88386 11.45257 10.91784 12.90732 13.12498 10.83899 10.77549 10.94573 
  4.199728 2.743511 3.017785 4.611846 4.649097 3.85589 4.454944 5.583712 5.336236 5.517992 6.492038 7.37786 7.467937 7.817125 8.472862 9.200825 9.380753 8.724988 9.601099 9.61549 9.757488 10.23918 10.58803 
  4.813765 2.957173 2.577018 4.439935 5.062058 5.469629 4.957402 5.72947 6.541192 6.427463 6.408989 7.317222 6.581699 8.123337 9.050936 9.361807 9.044783 9.372196 10.12818 10.53197 10.91627 11.10552 11.70087 
  5.152112 3.386165 2.711164 3.829701 3.854868 4.687902 4.931867 5.317368 6.131995 6.39906 7.648841 7.438498 7.772913 8.27038 8.231998 8.356827 9.100778 9.064795 9.505267 9.428893 9.824974 10.69298 10.8265 
  4.149602 3.645121 2.557854 4.311002 4.769357 4.271353 4.906332 5.778056 5.65203 5.948105 6.632658 6.406895 7.961081 7.976294 8.472862 8.717877 8.898093 9.314951 9.505267 9.955743 10.1435 10.17488 10.25118 
  4.763639 2.850342 3.823353 4.150036 4.263329 4.362236 4.162869 5.510833 5.588871 6.796699 6.961423 7.104988 7.553383 7.210879 8.665553 8.556894 8.493271 9.200459 8.970965 10.03806 10.22078 9.967418 10.15791 
  4.700983 5.408481 5.681489 7.118025 7.547519 7.696131 7.919466 7.697205 6.836722 7.109129 9.232891 8.893818 8.933283 8.23362 8.169285 8.664216 8.840261 9.543935 8.980497 8.855774 9.950306 10.00199 10.15791 
  3.641606 5.056258 5.320197 7.118025 7.547519 7.285995 7.766255 7.162759 6.404793 7.506768 10.06975 8.742222 8.745115 8.160098 8.61738 9.630111 9.324758 9.658426 9.696932 9.602162 9.516465 10.11725 10.40662 
  4.663388 3.79814 3.698616 5.149067 4.944978 4.756878 4.162869 5.000566 6.245661 5.740464 7.320076 7.226264 7.217972 7.138129 8.183825 8.771538 9.044783 9.314951 9.744848 10.07922 10.10486 10.36294 10.98548 
  4.726045 2.957173 3.542695 3.829701 4.286021 4.848845 5.212752 5.583712 5.667819 5.770127 6.187525 7.165626 7.127076 7.866011 7.994794 8.556894 9.100778 9.830165 9.649015 9.415565 9.738206 10.19793 10.50854 
  3.518222 2.658046 4.026051 4.311002 4.73033 4.518034 3.499063 4.640565 5.367815 5.666307 7.170637 7.286902 7.992442 7.623127 8.61738 8.610556 9.156773 9.429442 9.1902 9.873425 10.52988 10.65172 10.4688 
  3.814343 2.97854 2.270398 4.246536 4.905951 4.756878 4.29563 4.539764 5.778347 5.710802 5.910695 6.439365 7.490661 8.086576 8.665553 8.030225 8.988788 9.110538 8.923306 9.575505 9.78641 10.08267 10.29263 
  3.296131 2.743511 3.24775 4.396958 5.35476 5.653564 5.034007 5.101367 5.794137 6.111251 6.782096 7.104988 7.490661 7.720126 7.980254 8.771538 9.940702 10.63161 9.553183 9.682132 9.940665 10.4042 10.42735 
  4.375167 3.30377 4.509406 4.547379 5.374273 5.561597 6.515039 6.458261 6.01833 6.739893 8.425922 8.681583 8.996006 8.748271 9.388145 10.11306 10.78063 10.86059 10.22401 10.16154 9.873178 10.16335 10.4688 
  5.252363 4.057096 4.197564 4.998645 5.374273 5.975452 6.668249 6.749777 5.995596 7.733991 8.575361 9.136372 9.874124 9.115879 11.02602 11.8302 13.3004 13.78014 13.09898 10.77892 11.30266 11.60057 11.97908 
  4.726045 3.409706 3.698616 5.83671 5.959676 5.95246 7.102345 6.749777 5.927397 7.705587 8.99379 8.742222 9.466426 10.54955 12.18217 13.0644 14.86826 16.24172 15.44688 14.31859 13.46642 13.45702 13.84707 
  4.613263 4.11595 3.286077 5.535866 6.076756 6.021436 6.87253 7.357103 7.314117 8.529268 9.561657 9.075733 9.842762 11.61561 13.531 14.35226 15.4842 16.634 15.62803 15.79357 15.63071 15.56966 15.19838 
  4.914016 2.764877 3.932498 4.590357 5.393786 5.400653 6.489504 6.725484 7.450516 8.018019 10.06975 9.864031 9.560511 10.95392 12.90476 14.67422 15.98816 16.75647 16.13993 15.6575 15.84061 16.98304 17.29266 
  4.67592 3.492101 2.979457 4.396958 6.09627 7.285995 7.53644 7.794377 7.723314 8.302046 9.890422 9.287967 10.43863 11.43181 12.76024 14.67422 17.0025 16.87893 16.6945 16.15643 16.52279 17.8949 19.08526 
  5.289957 3.668662 4.665328 6.459887 7.013401 7.171035 7.561975 7.041293 8.814504 9.494963 10.00997 9.742754 10.84633 12.13027 13.24197 14.62056 16.67765 16.71564 16.6945 16.74608 16.62775 18.03168 18.24498 
  3.468868 4.880147 6.765364 7.674176 7.169508 6.803163 7.153415 8.013014 8.06431 8.926908 9.501881 10.07627 11.79684 12.86593 14.01273 14.99619 17.25516 17.57292 16.90779 16.79144 16.83765 17.84931 18.18896 
  4.95161 4.386676 6.584718 6.653286 5.959676 6.573243 8.021606 8.613989 8.109777 8.614477 9.38233 9.712435 12.23473 12.53463 13.62735 15.47023 17.6161 18.34855 17.46235 17.19965 17.46736 17.8949 18.58109 
  5.615773 3.904077 4.97717 5.063112 5.862109 6.987099 7.945001 8.844218 7.564182 8.358851 8.904126 10.25818 11.50491 12.86593 14.30177 16.10989 17.36344 17.98115 17.9316 17.69859 17.67726 17.80371 17.29266 
  4.538074 4.151262 4.68092 5.10609 6.076756 6.918123 7.791791 9.189562 8.359841 8.870102 9.711095 10.62201 12.81859 14.08068 14.7319 15.66705 18.04923 18.92007 18.05958 17.65323 18.20202 17.8949 17.90887 
  4.362636 4.021784 4.930394 5.944154 6.584105 7.853355 8.174816 8.613989 8.49624 9.835796 10.90823 11.55117 12.96455 13.97025 14.84103 15.64244 17.68829 18.51184 18.10224 17.65323 17.83469 18.16846 18.13294 
  3.394838 3.774599 5.500843 6.674775 5.979189 7.24001 8.302124 8.231651 8.314375 9.381351 10.4284 11.6925 12.96455 13.30766 15.00473 15.69165 18.15751 18.92007 17.80363 17.83466 17.72974 17.62134 17.62877 
  5.615773 6.289036 7.84924 8.786478 9.248566 9.111151 9.44789 9.765136 9.304432 9.835796 11.06817 11.40983 13.25648 13.97025 14.8956 15.59324 18.30189 19.04254 18.23021 17.69859 17.67726 17.57575 17.74081 
  8.20334 8.578481 9.6557 10.64032 10.5716 10.36895 10.46635 10.68605 10.28429 10.28268 12.18776 11.83383 13.69437 13.97025 14.78647 15.26449 17.50782 18.47102 17.50501 17.42644 16.78517 17.43897 17.51674 
  13.80973 14.91848 15.25572 15.64568 14.1627 12.88454 12.37596 12.75811 13.71378 15.19843 14.74683 13.81248 14.42418 14.08068 13.62735 14.62056 15.87617 16.55235 15.71334 15.43071 15.31585 15.47848 15.78015 
  14.67226 15.62292 16.70089 18.05567 16.43076 14.61401 14.28557 14.71506 15.55101 17.87975 17.78572 16.21511 17.78134 16.95192 15.71408 14.35226 14.53229 14.18086 13.48231 14.44207 13.27322 13.58078 13.76758 
  14.5285 15.62292 16.70089 18.61182 17.7538 15.40013 15.04942 15.52087 16.53087 19.07145 19.22519 18.19376 19.82483 18.71884 17.56931 15.56864 15.26022 12.17725 13.53023 14.44207 12.92548 13.08573 13.52912 
  14.241 15.44681 16.3396 17.87028 18.69882 15.8718 15.68596 15.75109 16.53087 19.22041 19.86496 18.47642 20.11676 19.05013 17.67844 15.44562 14.75627 12.80696 12.38024 13.98932 13.69825 13.00322 13.33039 
  14.09724 15.44681 15.79766 18.24105 19.07683 16.97237 16.19518 15.75109 16.53087 19.22041 20.0249 19.32441 20.55465 19.49186 17.78757 15.91307 14.86826 12.34899 11.94899 13.61889 13.73689 12.96197 13.52912 
  13.95349 15.44681 15.61702 18.24105 18.88783 17.44405 16.19518 15.63598 16.40839 18.77352 20.34478 19.60708 20.70061 19.38143 17.56931 16.52813 15.37221 12.46348 12.38024 12.46644 12.65501 12.59068 13.17142 
  13.80973 15.44681 15.43637 18.05567 18.32081 17.28682 15.81326 15.52087 16.2859 18.92248 20.50472 19.88974 20.55465 18.82927 16.96909 15.91307 14.98025 12.74971 11.75733 12.01369 12.30726 12.59068 13.25091 
  13.80973 15.2707 15.25572 17.6849 17.9428 16.81515 15.04942 15.06041 15.79598 18.4756 20.18484 19.88974 19.67887 17.61452 16.15061 15.66705 15.20423 12.06276 11.61358 12.09601 11.45721 11.51807 14.20477 
  13.37847 14.56626 14.53314 16.94336 16.61977 15.2429 13.64904 14.02438 15.06108 17.2839 19.54507 19.46574 18.21923 15.95803 15.16843 14.99619 14.3643 10.68886 11.61358 12.38412 11.18674 11.47681 14.60221 
  11.94094 12.80515 13.26862 14.90414 13.59568 12.25564 12.75788 13.4488 14.20371 15.19843 17.78572 17.4871 15.73785 14.41198 14.34994 14.83521 14.58828 12.12001 11.56566 12.5076 11.68904 10.98176 12.65474 
  9.065862 7.874036 9.294408 10.8257 8.870555 7.696131 8.556739 9.650021 10.03932 11.47438 13.62723 11.97516 10.50135 9.740812 9.966219 11.02529 11.22859 9.429442 9.39037 9.955743 10.10486 10.69298 10.62778 
  6.622049 5.936814 7.487948 9.342629 6.83778 4.963805 5.365963 5.705177 6.131995 6.71149 8.306372 7.650733 7.741551 8.196858 8.665553 9.093503 9.044783 9.429442 9.696932 9.588834 9.709284 10.52796 10.54829 
  7.628325 6.465147 6.223426 7.488792 4.847411 5.009789 5.314893 5.72947 6.586658 6.342254 6.931535 7.195945 7.354316 7.720126 8.009336 7.872555 8.6552 9.025587 9.649015 9.832266 10.06622 10.65172 10.70727 
  7.628325 6.465147 5.320197 6.889664 5.198652 4.388202 4.957402 5.72947 5.873085 7.080727 6.722321 6.488069 7.584745 7.768626 8.376516 8.16537 8.377607 8.868752 9.380838 9.873425 10.41397 10.52796 10.86624 
  8.059586 6.641258 4.291116 4.977157 5.159626 5.883484 5.621313 5.462247 5.95013 6.91031 6.408989 7.072518 7.127076 8.23362 8.376516 8.334302 9.212768 9.257705 9.34271 10.07922 10.22078 10.0942 10.13718 
  7.340817 6.112925 5.101907 4.697802 3.945637 4.77987 5.442568 6.506847 6.01833 6.007431 5.883012 6.488069 7.522022 8.013055 8.424689 8.986181 8.713032 9.200459 9.123476 9.749948 10.06622 9.967418 10.66752 
  7.05331 6.99348 8.029886 8.971862 9.437571 9.740048 10.59366 11.60697 12.73393 12.81504 11.38805 10.1369 9.497787 9.557009 9.629009 10.00574 10.38866 9.944657 10.08026 10.61429 10.68444 10.52796 10.86624 
  7.197063 7.697925 8.571824 10.45493 10.3826 10.52617 11.3575 12.75811 14.20371 14.45362 12.3477 10.86456 10.43863 10.25546 10.49612 10.75699 11.78854 11.43305 11.46983 11.72558 10.72308 12.17813 13.05218 
  8.347094 9.635147 9.6557 10.64032 10.76061 10.6834 10.59366 12.06743 13.71378 12.964 11.54799 10.77361 10.34454 11.35829 12.4712 13.49369 15.4842 15.21129 13.62606 13.16614 12.80956 13.78705 14.24451 
  7.628325 7.874036 7.668594 9.157246 9.437571 9.111151 9.575198 11.95231 12.61145 12.21919 11.70793 11.12717 11.9428 12.53463 14.51364 16.03608 17.29125 17.40963 16.01196 15.70285 15.57823 16.02559 16.56442 
  4.061882 4.492613 4.478222 7.488792 7.358514 7.35497 7.000205 7.988721 10.65173 12.07023 12.82753 11.97516 12.08877 13.30766 14.34994 16.65115 17.47172 17.98115 16.82247 16.2925 16.05051 16.57271 17.34868 
  4.550606 4.704036 6.04278 7.488792 7.925529 7.853355 8.684046 9.189562 9.794359 11.92127 11.70793 11.12717 11.44219 13.19723 15.27756 16.47893 17.90485 18.75678 17.33438 17.06358 16.9426 17.66693 17.85285 
  4.700983 4.221886 4.774472 6.137554 7.169508 7.538906 8.174816 8.498875 9.18195 11.47438 11.70793 11.40983 11.44219 13.0868 15.05929 16.28211 17.94095 17.94032 16.73716 17.24501 16.99508 18.30523 18.46906 
  4.700983 3.739286 4.883617 5.901176 7.358514 7.696131 8.556739 8.158772 8.936986 11.02749 11.70793 11.6925 11.9428 12.86593 15.82321 16.42972 17.94095 17.61374 16.73716 16.61 17.1525 18.35083 18.97322 
  5.089455 4.245428 2.308726 7.303409 7.547519 7.35497 8.556739 8.328823 9.304432 10.28268 11.22811 11.40983 12.3807 12.16703 15.11386 16.40512 18.37408 17.98115 16.56652 16.47393 17.36241 18.21405 19.08526 
  6.047034 3.703974 5.500843 7.303409 6.03773 8.010579 9.575198 8.729104 9.671878 10.28268 11.06817 10.98584 12.08877 13.0868 14.95016 16.65115 18.04923 17.77703 16.43854 16.61 16.99508 17.98608 18.0209 
  5.114518 3.562726 4.181972 6.932641 7.091455 7.171035 8.556739 8.844218 8.814504 9.984758 11.22811 10.86456 11.47355 13.41809 14.7319 16.77416 18.26579 17.36881 16.56652 16.38322 16.57527 17.57575 17.62877 
  4.5882 2.999906 4.54059 6.76073 7.052428 8.325028 9.065969 9.88025 8.936986 9.984758 10.4284 11.40983 12.3807 13.30766 14.7319 16.38052 18.2297 17.20551 16.52386 16.20179 16.52279 17.48456 17.68479 
  3.444192 3.339082 4.805656 6.352442 6.349945 8.167804 8.098211 8.959333 8.746305 9.835796 10.74828 11.2685 11.65088 12.24055 15.16843 16.57734 17.72438 16.47071 15.92664 15.70285 16.41784 17.34778 17.18062 
  3.863697 4.080637 5.101907 6.782219 7.358514 8.167804 9.065969 9.534906 8.936986 9.636977 10.27896 11.40983 11.9428 12.97636 15.00473 16.55274 17.32735 17.24634 16.43854 16.15643 16.9426 17.34778 16.84451 
  3.641606 3.374394 4.057235 6.373931 7.169508 8.167804 8.684046 8.450289 8.609905 9.26774 9.950197 10.40978 11.41083 12.31407 14.95016 16.92177 17.14688 17.28716 16.31057 16.02036 16.31289 16.80067 16.67645 
  4.337573 2.46575 4.790064 5.707777 6.135297 6.504268 7.740721 8.110187 9.059467 9.984758 10.58834 11.12717 11.50491 12.53463 14.34994 16.25751 16.93031 16.79729 15.756 15.24928 15.52575 16.66389 16.62044 
  3.641606 2.209355 5.101907 6.932641 7.169508 7.194026 8.174816 8.255944 7.927912 9.296144 10.36863 11.40983 11.65088 13.19723 14.84103 16.13449 17.0386 17.04222 15.54271 15.61214 15.47328 16.6183 17.18062 
  4.425292 2.102524 4.306708 6.39542 6.77924 7.010091 7.07681 8.959333 7.859713 8.983713 9.890422 11.55117 11.9428 12.05674 14.10908 15.64244 17.0025 16.67482 15.62803 15.38535 15.31585 16.11678 16.34034 
  3.493545 2.722145 2.423708 3.957835 5.784055 6.573243 6.540574 7.502861 7.791513 8.898504 9.740983 10.53105 10.84633 12.0935 14.15725 15.37182 17.36344 16.51153 15.54271 14.97713 14.89605 15.66085 15.66812 
  3.320808 4.480842 4.821249 5.815221 6.057243 7.010091 7.33216 7.940135 9.426913 10.13372 9.471993 10.44009 10.50135 12.24055 14.40451 15.79006 16.10015 16.12723 14.39272 14.56554 14.35511 15.1897 15.55608 
  4.187196 4.151262 5.008354 6.868175 6.642646 7.171035 7.255555 8.450289 8.428041 8.614477 8.545473 10.68265 10.6268 11.9097 13.91639 15.31816 15.82017 15.89825 14.39272 14.48322 14.00736 14.69465 14.80094 
  4.5882 3.621579 3.286077 4.91269 6.720699 6.435291 7.689651 6.944121 6.813989 8.160032 8.037381 10.53105 10.75224 11.65238 13.29014 14.72789 17.76048 16.18448 13.81773 13.86584 13.65961 14.19959 14.324 
  3.049364 2.97854 3.371181 5.0846 5.725515 6.550251 6.87253 6.968414 7.245918 8.358851 8.7248 9.833712 9.874124 11.24801 13.24197 15.21083 16.78594 15.26854 12.8594 12.5076 12.88684 12.75569 13.13167 
  5.40274 6.289036 6.223426 6.373931 6.876807 7.696131 7.817326 6.944121 7.495983 7.93281 8.007494 10.25818 10.68952 11.76266 13.24197 15.21083 15.31622 14.18086 11.56566 11.89021 12.07543 11.97186 12.13806 
  6.478295 8.050147 8.029886 7.488792 7.547519 8.010579 9.193275 7.381396 7.109519 8.103227 8.694912 10.98584 10.40727 10.69659 11.31506 12.95708 13.41239 12.17725 10.22401 10.53197 10.45261 10.89925 11.10471 
  4.538074 4.104179 4.602959 5.0846 5.706001 6.665211 7.48537 6.555433 6.086529 7.336351 7.91783 9.621478 9.121451 8.785031 10.25525 11.07895 11.34058 10.57436 9.553183 9.914583 9.950306 10.28044 10.3859 
  4.888953 3.880535 3.542695 3.861735 5.862109 7.033083 6.642715 5.899521 6.450259 6.484268 7.021198 7.711371 7.647468 8.564466 9.099109 9.147163 9.660728 8.921031 9.457351 9.428893 9.892461 10.36294 10.25118 
  5.202237 3.821681 3.43355 5.342467 5.335246 5.147741 6.183084 5.437954 6.177462 7.080727 7.439627 7.620413 7.26342 8.307141 8.328343 8.610556 9.044783 9.200459 9.371306 9.162326 9.555029 10.03657 10.62778 
  4.174665 3.892306 3.036948 5.492888 5.159626 6.389307 5.595778 5.130167 6.245661 7.336351 7.2603 8.317754 8.431501 8.27038 8.424689 8.199157 9.380753 9.429442 9.792764 9.415565 10.37533 10.15183 10.31336 
  4.31251 4.11595 3.464734 4.053936 4.925464 4.154504 4.561153 5.288568 6.109262 6.967115 7.200525 7.559775 7.616106 7.902772 7.602192 8.424399 8.666766 9.123608 9.505267 9.996902 9.950306 10.28044 10.39626 
  5.452865 3.586267 2.23207 3.829701 4.710816 4.050638 4.667362 5.559419 6.563925 6.569476 6.478196 7.165626 7.127076 7.538252 7.762141 8.87886 8.932793 9.097469 9.1902 9.914583 9.940665 10.19793 10.44807 
  4.788702 3.598038 3.760984 4.654824 4.217945 5.147741 4.773571 5.216567 5.794137 5.503161 6.104476 6.731589 8.086527 7.866011 7.529488 8.771538 9.212768 9.601181 10.12818 10.32617 10.25941 9.748433 10.54829 
  4.600731 3.244916 3.527102 3.861735 3.559869 4.556984 4.561153 5.389368 6.245661 6.512671 6.547404 6.504303 7.081628 7.805 7.994794 8.48071 8.988788 9.200459 9.649015 9.562177 9.921383 10.28044 10.54829 
  5.452865 3.868764 3.286077 3.765635 4.847411 5.078765 5.059542 5.086967 5.304657 5.251026 7.051086 6.747824 7.127076 7.453377 8.61738 8.610556 8.805563 9.200459 9.352242 9.996902 9.487543 9.932841 10.4688 
  5.615773 3.915847 4.259932 4.91269 5.745028 5.791516 5.468102 4.626164 5.825716 6.257046 6.353623 7.590094 7.616106 8.307141 9.002763 9.093503 9.100778 9.257705 9.792764 10.28501 9.873178 9.829111 10.4688 
  4.964141 3.433248 3.916905 4.150036 4.67179 3.933789 5.187217 5.374968 6.472992 6.427463 6.60277 7.772009 7.71019 8.417423 8.61738 9.093503 9.212768 8.921031 9.601099 10.03806 10.22078 10.44545 10.4688 
  4.826296 3.680433 4.041642 4.150036 4.467559 3.85589 4.906332 5.317368 5.573081 5.918442 7.200525 7.317222 7.678829 8.821793 8.761899 8.93252 9.716722 9.772919 9.553183 9.708789 9.902102 10.61047 10.4688 
  4.700983 2.828976 2.902802 3.253099 3.67333 4.037655 5.417033 6.28821 5.036232 5.369678 6.159842 6.471834 7.26342 7.441253 7.805764 8.064012 8.793996 9.372196 9.152072 9.61549 10.10486 10.48671 10.70727 
  4.613263 3.256687 3.056112 2.131928 3.650638 4.141521 3.206988 4.899766 6.268394 6.427463 6.752209 7.226264 7.804274 7.598876 8.424689 8.986181 9.212768 9.429442 9.744848 9.482206 9.950306 10.36294 10.54829 
  4.437824 2.038426 2.596182 4.085969 4.603713 3.881856 4.693914 5.274168 4.894125 5.547655 6.961423 6.780293 7.490661 7.404878 7.951172 8.771538 8.898093 8.842613 9.84068 10.16154 9.738206 9.460296 10.30299 
  3.542899 2.893075 3.09444 4.085969 5.237679 5.078765 5.238287 5.875228 5.194129 5.992599 6.381306 6.536773 6.036322 7.526127 8.376516 8.300516 9.156773 9.314951 9.056753 9.562177 10.02758 10.4042 10.70727 
  2.77792 1.653834 2.787819 4.053936 5.140112 4.453118 4.720466 5.413661 7.018587 5.784959 6.811984 7.438498 7.647468 7.368503 8.183825 8.075274 8.921227 9.887411 9.505267 9.832266 9.661078 10.17488 10.189 
  3.888373 1.782031 3.573879 3.060899 4.059099 4.77987 5.212752 6.53114 6.427526 6.427463 6.588928 6.715355 7.490661 7.344253 8.067499 8.458185 8.78243 8.894892 9.209264 9.708789 9.911742 10.61047 10.8265 
  3.123394 1.696566 3.190259 3.989869 4.964491 4.492068 4.693914 6.336796 6.245661 5.859116 6.035268 7.499137 7.240696 7.976294 8.125662 8.435661 8.770864 9.104004 9.409434 9.188983 9.593593 10.03657 10.54829 
  3.197424 3.056584 3.651839 4.461424 5.374273 4.115555 5.034007 5.680884 6.245661 6.285449 6.782096 6.747824 7.217972 7.053255 7.413161 8.610556 8.736164 8.803405 9.266456 9.109013 9.738206 10.00199 10.12682 
  2.432445 3.586267 3.932498 4.332491 4.58102 3.946773 5.442568 5.331768 5.972863 6.739893 5.938378 6.845232 7.553383 7.720126 7.616733 8.664216 8.6552 9.429442 9.84068 9.468879 9.526106 10.00199 10.62778 
  4.337573 3.021272 3.932498 4.482913 4.081791 4.128538 4.773571 5.043766 6.01833 6.995518 6.871759 6.406895 8.086527 7.683751 8.038417 8.300516 8.988788 8.836079 9.399902 9.955743 9.892461 10.4042 10.8265 
  4.350104 3.174292 3.651839 3.989869 5.023031 5.331677 5.034007 5.462247 5.494133 5.992599 6.811984 7.195945 7.081628 7.976294 7.951172 8.345564 8.678332 8.836079 8.875647 9.535521 10.18214 10.19793 10.34444 
  5.139581 4.363135 3.386773 3.733601 3.696023 4.595934 4.481496 5.374968 5.857295 5.903611 5.716914 7.620413 7.929719 7.939533 8.280171 8.221681 8.643634 9.136678 9.84068 9.642147 9.690001 10.0481 10.34444 
  4.011757 3.727516 2.806983 4.150036 4.649097 4.401186 4.428391 4.525364 5.494133 5.859116 6.752209 8.10552 7.467937 8.23362 8.61738 8.075274 8.377607 9.314951 9.409434 9.495535 9.661078 10.23918 10.66752 
  3.83902 3.021272 3.371181 4.482913 4.149868 4.206437 5.034007 5.705177 6.291127 6.170577 7.021198 6.488069 7.422489 7.866011 8.328343 8.610556 8.736164 8.921031 9.352242 9.548848 9.988945 10.05962 10.29263 ]
