 [
  4.114575 5.331223 6.067796 5.44512 6.047795 5.965826 5.345181 5.156518 5.455562 6.915315 6.443051 6.868688 7.051455 7.518219 8.041995 8.351566 8.766588 8.819523 9.171875 9.654216 10.27671 10.29078 10.49623 
  4.407138 5.576269 6.132465 6.314769 5.300694 4.729574 5.582265 6.109235 6.607943 6.781829 6.95138 7.613106 7.631704 7.830525 7.990516 8.365728 8.887568 9.352768 9.593541 9.705024 10.18584 10.30051 10.73951 
  4.959757 5.65795 6.908586 6.699745 5.721245 5.667798 4.594411 6.160187 6.262896 6.327977 6.325745 7.41713 8.049044 8.481685 8.247909 8.729038 9.406277 9.401088 9.672627 9.654216 10.04159 10.48341 10.46391 
  4.472153 5.412905 6.132465 6.039786 5.597554 5.042315 6.008917 5.955811 5.986095 5.980913 6.736318 7.315567 7.821259 7.925574 7.87469 9.401498 9.209961 8.819523 9.553999 10.09674 10.06468 10.46423 10.63359 
  4.959757 4.187679 4.806749 6.259773 5.424386 5.31038 6.451361 6.058284 6.836704 6.861921 6.853625 7.173378 7.481962 7.857682 8.363735 8.935949 8.964566 9.256128 9.084034 9.654216 9.872262 10.52177 10.92329 
  5.597932 5.453746 6.067796 5.403489 5.622292 5.511427 5.953612 5.38196 5.640095 6.19449 6.873176 7.555744 6.84556 7.178757 7.720254 8.42238 9.013645 9.401088 9.633084 9.482738 9.826081 9.960041 11.06624 
  4.894743 5.412905 5.518109 6.479759 6.199939 5.064654 5.068581 5.709874 5.801562 6.728435 7.265858 6.889001 7.276067 7.871261 8.350866 9.142859 8.915487 9.133337 9.791256 9.641514 10.36758 10.61767 10.31039 
  4.829729 4.555247 4.871418 6.314769 5.498601 5.154009 5.621779 5.566412 5.478628 6.327977 6.403949 7.071815 7.50068 8.313879 8.389475 8.729038 8.319893 9.449408 9.553999 9.482738 9.572084 9.940586 10.56087 
  5.848883 5.535428 5.647447 6.864735 6.402797 5.243363 6.396056 5.976305 6.665133 7.075499 7.325065 6.970252 6.452487 7.341699 8.286518 8.729038 9.160882 8.941563 9.347558 10.05254 10.06468 10.00868 10.14071 
  6.150024 6.169537 6.132465 6.809738 5.820198 5.690137 5.503237 6.771608 6.607943 6.594949 7.265858 7.613106 7.821259 8.257944 8.350866 8.394054 8.841038 9.159489 10.06806 9.875732 10.42816 10.36833 10.71909 
  5.219813 5.453746 6.298777 5.299411 5.498601 6.020964 5.206881 5.361465 5.732362 6.861921 6.736318 7.11244 7.707368 8.146073 8.436568 8.52152 8.487404 9.207808 9.791256 10.05254 10.18584 10.34915 10.90287 
  5.187306 5.372065 6.409651 6.644748 5.946366 4.863606 5.677085 6.516849 6.607943 8.034258 7.561891 6.624936 7.014019 7.165178 7.887559 8.884221 8.664221 9.256128 9.712171 9.875732 10.09497 10.17405 10.51239 
  5.414855 5.999008 6.908586 6.204776 5.374909 4.260462 6.451361 6.414946 6.493563 7.297111 7.010034 6.889001 7.463244 8.313879 8.719131 8.677311 9.25904 9.546047 9.514456 9.698673 10.42816 10.65603 10.94371 
  5.187306 5.65795 6.575963 6.259773 5.177003 5.489089 6.34075 6.262091 6.239829 7.35854 8.035543 7.899919 8.390718 8.537621 8.813318 8.729038 9.013645 9.594367 9.338774 9.875732 9.826081 10.28105 10.28615 
  6.049644 5.942165 5.582778 5.486751 6.047795 6.792893 6.064223 5.791853 6.309029 7.481397 7.502684 8.35882 8.78934 8.64949 8.132082 8.729038 8.654915 9.691007 9.988971 9.654216 10.54931 10.27133 10.65783 
  5.447362 6.226379 5.906124 5.570014 5.498601 6.076101 5.787696 7.077318 7.122654 7.727113 7.029585 7.899919 9.017123 9.320714 8.067734 8.535683 9.25904 8.967713 8.952272 9.666918 10.12526 10.31024 10.41543 
  4.244604 6.169537 6.853148 5.570014 6.352083 6.186377 6.008917 6.516849 7.580175 7.297111 7.443478 8.416183 8.903232 8.705426 8.436568 8.729038 9.25904 9.497727 9.514456 9.964133 9.956928 10.20323 10.55279 
  6.451165 7.874824 7.352083 5.07044 5.498601 6.35179 6.617278 7.688739 8.723978 9.201408 9.693327 8.301457 9.017123 9.096972 8.954599 8.884221 8.915487 9.072318 9.633084 9.724077 10.18584 10.59849 10.60935 
  5.122292 5.65795 6.520525 5.715723 5.844936 6.186377 6.34075 7.484932 9.12431 8.709976 9.101261 8.81772 9.415745 9.60039 9.048786 9.194587 9.308119 9.787646 10.02851 9.964133 10.15555 10.14487 10.94371 
  6.099834 6.226379 7.241209 7.084721 7.772092 7.454547 6.230139 7.73969 8.609598 8.894263 9.219675 8.530908 9.586582 9.824131 8.860412 9.142859 9.357198 9.401088 9.791256 10.49454 10.27671 10.44505 11.04582 
  8.308201 8.841154 9.236946 9.504568 9.293531 8.502165 8.110524 9.319193 10.26811 9.017121 8.982848 9.448709 10.15604 10.32755 9.708098 11.98788 12.40009 11.1406 11.57069 12.79298 13.4571 13.35791 12.63861 
  11.52037 11.6833 12.39686 12.85936 12.33641 11.0385 10.65458 12.07059 13.52795 12.15 11.2919 11.85794 12.37693 12.22935 11.9215 15.72298 16.2694 14.18475 15.04604 15.91741 16.45347 15.97558 14.2285 
  9.914286 10.31907 10.73375 10.27452 9.344246 8.502165 8.16583 9.777759 11.24035 10.30713 9.042055 8.530908 9.415745 9.432585 9.47263 12.66034 13.28352 12.5902 12.83606 12.35098 12.85131 12.4014 12.18936 
  5.447362 7.647452 8.349952 8.074657 7.924236 8.171338 6.506667 7.535883 9.06712 9.815698 8.509196 8.244095 8.78934 8.761361 8.672037 9.298042 10.2897 10.12589 9.488104 10.22934 10.76134 10.44505 10.71909 
  5.597932 5.999008 7.185771 6.754741 5.895651 7.12372 6.617278 7.535883 7.980507 8.034258 7.739511 7.727831 7.707368 7.952732 8.029125 9.504953 9.504436 9.787646 9.712171 10.36194 10.21613 10.86701 12.61819 
  5.154799 5.494587 6.797711 5.320227 5.99708 6.296653 5.345181 6.313042 7.522985 7.972829 7.621098 7.899919 7.332221 8.034203 8.672037 8.592334 9.209961 8.967713 9.470535 9.919933 10.18584 10.34915 10.73951 
  4.992264 5.65795 6.908586 7.029724 6.402797 5.221025 6.672583 6.669704 7.179844 8.587118 7.010034 7.498381 7.992097 8.369814 8.719131 8.780766 8.878263 9.142055 9.505672 10.49454 10.307 10.57931 10.43159 
  4.764715 4.841133 6.187902 7.029724 7.112802 6.682617 6.396056 6.363994 6.124496 7.542826 7.621098 7.071815 7.388374 7.979888 8.436568 8.780766 8.747976 9.028732 9.242148 9.74313 9.956928 10.24214 10.80077 
  4.049562 4.146838 4.451069 5.299411 6.402797 5.800413 5.325423 5.320476 6.147562 7.048801 7.147445 7.031189 7.257349 7.749054 8.363735 8.987677 9.160882 9.133337 9.22458 9.787331 10.0262 10.36833 10.90287 
  3.366915 4.391883 4.774414 5.278595 6.047795 4.908283 5.206881 5.07454 5.963029 6.247885 6.814523 6.787437 7.126326 7.558955 8.067734 8.082472 9.25904 9.642687 9.712171 9.919933 10.06468 10.13514 10.48815 
  5.284827 4.146838 4.839083 5.507567 5.473863 5.377396 5.068581 5.484433 5.663162 6.434765 6.814523 7.295254 7.519398 7.545376 7.565818 8.408217 8.859651 9.497727 9.22458 9.336666 9.903049 10.40669 10.73951 
  5.848883 4.22852 5.09776 5.736538 5.350171 4.394494 4.53514 5.627896 6.665133 7.235682 6.95138 7.498381 7.425809 8.020624 8.577849 8.634823 8.589771 8.958996 9.242148 9.603408 10.12526 10.73275 10.92329 
  5.25232 4.391883 4.839083 5.382673 5.473863 5.243363 4.791982 5.504928 6.009162 6.648343 7.147445 7.498381 7.650422 8.090137 8.719131 8.780766 8.720057 8.758504 9.180659 9.495441 9.918444 10.32969 10.71909 
  5.547742 5.045338 4.321731 5.320227 5.102788 5.332718 4.930282 5.730369 5.732362 6.594949 7.088238 6.563998 6.882995 8.313879 8.483663 8.351566 8.599078 9.115904 9.461751 9.74313 10.15555 10.57931 10.92329 
  6.150024 4.555247 4.580407 4.487604 4.261688 4.997638 5.226638 5.38196 5.870762 7.022104 7.798717 8.186732 7.594269 8.985103 9.237162 9.401498 8.49671 8.601597 9.633084 10.00833 10.27671 10.48341 10.82119 
  6.200214 4.187679 4.74208 5.174518 5.053312 4.997638 5.187124 5.115529 6.009162 6.621646 7.088238 7.785194 7.878206 8.537621 9.566817 9.608408 8.599078 8.958996 9.329989 9.730428 10.12526 10.25187 10.28615 
  4.50466 4.67777 4.709745 6.204776 6.909944 6.737755 6.561972 5.935316 5.778495 7.128893 6.970932 7.613106 8.049044 8.034203 9.378443 9.504953 9.160882 9.449408 9.830799 9.74313 9.856869 10.56013 10.53663 
  3.366915 4.881974 5.970793 6.809738 7.772092 8.336752 7.502164 7.230173 8.323647 10.61427 9.634121 9.792885 9.871311 9.264779 9.755192 10.38432 9.553514 9.691007 9.553999 9.787331 10.12526 10.27133 10.78035 
  5.848883 5.208701 5.615112 5.8198 7.569234 7.509685 6.783194 7.943497 8.037697 9.324265 9.338088 10.76805 10.66855 9.041038 8.954599 8.832494 9.602593 9.594367 9.37391 10.18514 10.06468 10.63685 10.59319 
  6.802496 7.363238 6.742274 6.864735 7.619948 7.840511 7.612775 8.096353 8.609598 9.07855 8.982848 9.391346 9.586582 9.824131 9.896473 9.918774 9.455357 9.449408 10.1076 10.80395 10.39787 10.92455 11.14792 
  9.613145 11.17171 12.11968 12.25439 12.13355 12.30667 12.70088 13.24619 13.8139 14.36144 14.54827 14.49662 14.9395 15.4481 15.47472 15.03981 14.31418 13.55659 13.90372 14.60522 14.1012 14.06267 13.43112 
  8.157631 8.897997 9.95763 9.614561 9.192101 9.274095 9.769688 10.28728 10.95439 11.53571 11.70635 11.4564 12.03526 12.6209 12.62791 12.19479 11.51667 10.80236 11.33343 12.17417 11.79118 11.826 11.86263 
  8.408581 8.159039 8.627138 9.174589 9.242817 9.935748 10.37805 10.54203 11.35472 12.02714 12.23921 12.43156 12.8325 12.50902 12.53372 12.34997 11.51667 10.31916 10.54257 11.64376 12.60899 12.51648 13.31151 
  7.454968 7.874824 7.518394 7.964665 6.909944 7.840511 8.276441 8.809676 9.467451 11.16713 11.52873 11.4564 11.4658 11.78187 11.87441 12.66034 11.66391 11.96204 11.57069 12.61618 13.48739 13.40825 13.51086 
  7.003257 7.59061 7.462957 8.019661 7.822807 9.108681 9.99091 10.54203 10.66844 11.72 12.71286 12.14475 13.11723 13.62773 13.47559 13.69489 13.82339 14.13643 13.82463 14.20741 14.49989 15.11981 15.34483 
  10.21543 10.71697 10.9555 11.48444 11.82926 11.31419 11.48416 11.76488 12.84167 13.31715 13.54175 12.94783 13.40196 14.74644 14.182 14.41908 14.9522 15.34443 14.37823 15.40083 15.53648 15.82456 15.34483 
  13.55212 14.00911 13.40822 14.26935 15.25102 14.06651 14.37204 14.57835 14.98399 15.09859 14.48906 14.09508 14.59782 15.19392 14.27619 14.36735 14.51049 14.37803 14.33869 15.5558 15.17766 15.3715 15.3847 
  17.56646 17.86213 18.08287 19.67435 20.91833 20.49537 19.99323 20.40659 18.93302 17.22876 16.24828 17.32128 17.59202 15.95646 17.06059 17.52726 17.87709 16.65425 14.86976 15.65912 13.42681 12.80418 13.27164 
  17.75317 18.57897 18.80205 20.26184 22.37563 21.97895 21.0567 22.0718 20.54189 18.40035 17.53333 19.4049 19.45861 17.67217 19.28082 19.75606 20.02069 17.88221 17.10272 17.57048 14.42015 13.25724 11.27044 
  17.75317 18.48937 18.89194 20.02685 22.53755 22.63832 21.81632 22.73788 21.56571 19.0394 18.12643 19.901 20.24455 18.49826 19.91517 20.39287 20.66377 18.53712 17.16148 17.51882 14.42015 13.00554 11.49506 
  17.75317 18.48937 18.80205 19.55685 22.37563 22.968 21.81632 22.73788 21.85823 18.82638 18.12643 19.80178 20.53927 18.68889 20.0209 20.71127 20.77095 18.45526 17.16148 17.36384 14.65937 13.10622 12.27104 
  17.65981 18.48937 18.80205 19.32185 22.21371 23.13284 21.96825 22.73788 22.15075 18.93289 18.22528 19.70256 20.63751 18.87953 20.4438 21.24194 21.09249 18.61899 17.63157 17.77711 14.14107 12.47812 12.14852 
  17.56646 18.48937 18.71215 19.20435 21.88986 23.13284 21.96825 22.9044 22.44327 19.25241 18.71953 20.00022 20.834 19.07016 20.76097 21.56034 21.30685 18.70085 17.7491 17.77711 13.54796 12.13288 13.51086 
  17.56646 18.57897 18.62225 19.20435 21.72794 23.13284 22.12017 23.07092 22.73579 19.67845 19.11493 20.39709 21.12872 19.19725 20.97242 21.87874 21.73557 19.2739 17.92538 17.93209 13.82057 12.61238 13.14912 
  17.37975 18.57897 18.53236 19.20435 21.40409 23.13284 22.2721 23.07092 23.02831 20.21099 19.21378 20.39709 21.12872 19.13371 21.07815 21.98487 21.94993 19.43763 18.27796 18.13872 14.02146 13.00554 13.1287 
  17.28639 18.48937 18.44246 19.08685 21.08025 22.968 22.2721 22.9044 22.88205 20.53052 19.11493 20.29787 21.03048 19.00662 20.8667 21.77261 21.52121 19.11017 17.69034 17.62214 14.38028 12.80418 13.59059 
  17.28639 18.48937 18.44246 19.08685 20.91833 22.80316 22.2721 22.40484 22.73579 20.53052 19.11493 20.19866 20.834 18.81598 20.76097 21.77261 21.30685 19.02831 17.279 17.26053 14.26068 12.55484 13.86968 
  17.19303 18.39976 18.35256 19.08685 20.91833 22.80316 22.12017 21.73876 22.58953 20.63702 19.11493 20.49632 20.834 18.81598 20.23235 21.24194 20.34223 18.1278 16.045 16.12404 14.02146 12.36304 13.59059 
  17.09968 18.39976 18.35256 18.96935 20.91833 22.63832 21.81632 21.23919 22.58953 21.16957 19.21378 20.59554 20.834 18.5618 20.0209 21.24194 20.77095 18.78272 16.16252 16.22736 13.63883 12.19042 13.35138 
  16.91296 18.22055 18.26266 18.96935 21.08025 22.63832 21.6644 20.57311 22.29701 21.5956 19.51033 20.59554 20.73576 18.24408 19.28082 20.8174 20.12787 18.1278 16.69138 16.64063 13.94173 13.45859 13.51086 
  16.8196 18.13095 18.08287 18.96935 21.08025 22.47347 21.51248 20.07355 22.00449 21.80862 19.70803 20.79397 20.73576 18.11699 19.17509 20.8174 20.66377 18.94645 16.86767 17.10555 14.69924 13.65995 13.21038 
  16.72625 18.04134 17.99297 18.96935 21.24217 22.30863 21.0567 19.57398 21.41945 21.70211 19.60918 20.79397 20.63751 18.05344 18.64647 20.71127 20.98531 19.51949 17.10272 17.26053 14.53976 13.91165 13.35138 
  16.63289 17.86213 17.90308 18.96935 21.24217 21.97895 20.60093 19.07442 20.83441 21.70211 20.20228 20.99241 20.73576 18.24408 18.43502 20.71127 20.98531 19.60136 17.7491 17.98374 14.1012 12.9552 13.98928 
  16.53954 17.77253 17.81318 18.96935 21.24217 21.64926 19.84131 18.57486 19.81058 21.70211 20.49883 21.09163 21.03048 18.49826 18.64647 20.39287 21.09249 20.01068 17.92538 18.19038 14.49989 12.63156 13.43112 
  16.44618 17.68292 17.81318 19.08685 21.24217 21.31958 19.08169 18.24182 18.93302 21.38258 20.69653 20.89319 21.12872 18.62535 18.64647 20.39287 21.09249 20.33813 17.80786 18.08706 14.57963 13.35791 13.00618 
  16.35282 17.50371 17.63338 19.20435 21.24217 20.98989 18.32207 17.74225 18.49424 21.16957 20.89423 20.79397 21.12872 18.62535 18.7522 20.60513 21.09249 20.50186 18.04291 18.6553 15.21753 13.10622 14.82653 
  16.35282 17.50371 17.72328 19.43935 20.7564 20.16568 17.2586 16.90965 17.9092 20.74353 20.89423 20.59554 20.93224 18.49826 18.54074 20.39287 20.66377 20.33813 17.7491 18.34535 14.42015 12.90486 13.39125 
  16.25947 17.3245 17.63338 19.55685 20.59448 19.34147 17.10668 16.74313 17.32415 19.99797 20.39998 20.09944 20.73576 18.49826 18.22357 19.64993 19.69915 19.92881 17.63157 18.29369 13.88115 12.76582 13.43112 
  16.07275 17.2349 17.45359 19.67435 20.43256 18.51726 16.6509 16.41009 17.03163 19.46543 20.20228 19.60334 20.14631 17.73572 17.69494 18.90699 18.94889 19.35576 16.22128 16.53731 12.91189 11.28896 12.27104 
  16.35282 17.41411 17.45359 19.43935 19.46102 17.69305 16.04321 15.91052 16.73911 19.35892 20.39998 19.4049 19.75334 17.16381 16.95487 17.63339 17.34119 17.71848 14.2596 14.91462 12.66957 11.74928 13.04702 
  15.41926 16.60766 16.82431 18.61685 18.32756 16.20947 14.37204 13.57923 14.25268 17.22876 18.32413 16.92441 17.19905 14.41082 14.41747 15.29845 16.69812 17.30916 14.57594 15.17982 12.69986 11.36568 12.80197 
  15.97939 16.07003 16.37482 16.03185 15.25102 13.90167 11.9819 12.5801 13.96016 16.05716 16.14943 16.42831 16.51136 14.46676 13.80525 14.05698 15.1976 15.75375 12.71743 12.21837 12.27581 11.26978 11.31128 
  14.39233 15.08437 15.29606 15.56185 14.11756 12.74778 10.8758 11.0006 12.55572 15.03716 14.31144 15.13845 14.76866 11.67 11.59185 12.14306 13.82339 14.23307 11.33343 10.98075 10.91279 10.48341 10.88245 
  9.914286 10.37591 9.680444 10.21952 8.532812 7.895649 7.999913 8.198256 9.696211 11.47428 11.58794 11.28431 11.80747 11.50219 11.63894 11.4706 11.51667 10.99564 10.54257 10.80395 10.94308 11.03963 11.14792 
  9.914286 8.443254 8.848886 9.339579 9.242817 9.494646 9.99091 10.18537 10.78282 13.01 12.53524 12.25948 12.8325 13.18025 12.675 12.50516 13.0872 12.78348 12.48017 12.83718 12.82102 12.785 12.86323 
  11.21923 9.580112 10.01307 10.93448 10.71354 11.0385 11.59477 11.76488 12.55572 14.11572 14.25223 14.55398 14.88255 14.63457 13.71106 14.21217 14.55957 14.23307 13.38966 13.7654 13.51768 13.65995 14.06902 
  11.41999 10.20538 8.738012 10.6045 10.71354 10.26657 11.37355 11.35726 12.49853 15.09859 15.06208 14.72607 15.23422 14.57863 13.80525 13.74662 14.16694 13.70155 13.54783 14.91462 14.42015 14.31437 14.62719 
  10.26562 9.864326 10.0685 11.37445 10.51068 11.0385 11.53946 10.94965 12.95605 14.79144 14.60747 15.13845 15.72543 15.32101 14.08781 13.79835 14.60865 15.10283 14.33869 14.91462 15.05806 15.22048 15.10561 
  9.914286 11.00118 10.01307 9.779551 10.40925 11.58988 11.09702 11.81583 13.35638 14.60715 14.31144 13.46409 14.71171 14.29895 14.37037 14.78117 15.84068 15.34443 14.81099 15.00302 15.21753 15.32116 15.26509 
  9.713526 10.14854 9.403257 10.93448 10.9164 11.42447 11.70538 11.91773 13.12762 14.23858 14.66668 14.55398 14.9395 15.51164 15.89762 15.61685 15.7335 16.0812 15.45738 16.12404 15.69596 15.77422 15.78338 
  11.72113 11.79699 11.01094 11.04447 10.45997 11.64502 11.42885 11.76488 13.18481 14.05429 15.06208 14.84079 14.88255 15.63873 15.89762 15.29845 15.14852 15.10283 14.81099 15.71078 15.45674 15.22048 14.90627 
  11.8717 12.30857 11.67618 11.04447 10.81497 12.91262 13.4605 13.41271 13.96016 15.09859 14.25223 13.92299 14.65477 15.13798 15.47472 14.8329 14.70681 15.34443 14.81099 15.76244 15.33714 14.76743 14.90627 
  10.8679 12.93384 13.22842 10.6045 11.37283 12.41695 13.30857 11.81583 13.47076 14.30001 12.89048 13.46409 14.54087 14.01928 14.37037 15.29845 14.2651 14.42635 13.50829 14.42841 14.53976 14.06267 13.86968 
  9.613145 10.31907 10.73375 10.71449 10.76426 11.64502 11.37355 10.94965 13.18481 13.44001 12.89048 13.00519 13.91447 12.73277 12.58081 14.26389 13.87247 12.92844 12.12429 12.43938 12.09407 11.78764 11.69927 
  10.16524 8.102196 8.072766 11.15446 11.98141 10.76282 10.76519 10.49108 11.92663 12.39571 12.47604 11.57113 11.69358 11.16658 11.07382 12.76379 12.05654 11.04396 10.74028 11.06915 11.03395 10.67521 10.54471 
  8.759912 8.897997 8.682575 10.65949 11.93069 11.31419 10.76519 10.18537 12.21258 11.90428 10.40381 11.11222 10.7255 10.66316 10.74416 12.45343 11.02588 10.85068 10.22623 10.00833 10.06468 10.80947 11.00497 
  9.111243 9.182211 8.516263 8.624623 10.9164 11.25906 10.10152 10.64394 12.04101 10.73713 11.11428 10.59596 10.7255 10.43942 9.84938 11.4706 10.68233 10.99564 9.593541 9.514494 9.718325 10.34915 10.48815 
  9.061053 9.636954 9.126072 9.94454 10.61211 10.76282 10.26744 10.59299 11.12597 9.938555 10.58143 11.11222 9.472691 9.096972 9.095881 10.43605 10.19154 11.6238 9.633084 9.875732 9.964624 10.44505 10.67825 
  8.408581 9.750641 9.514132 10.38451 10.05425 10.26657 9.935604 11.40821 12.0982 10.55285 11.11428 11.4564 9.244906 8.481685 8.436568 9.608408 10.0443 11.09228 9.633084 9.603408 10.15555 10.46423 10.69867 
  9.211624 8.443254 9.070635 9.889544 10.25711 10.54226 9.382549 9.981565 10.78282 10.42999 11.11428 11.57113 8.78934 8.929167 8.624944 9.453225 9.897067 10.899 9.593541 9.622461 10.12526 10.15459 10.60935 
  7.053447 7.874824 8.738012 10.05453 9.800677 9.38437 9.382549 9.624904 9.753401 9.877127 10.46301 10.82541 8.846286 8.090137 8.132082 9.401498 9.602593 10.56076 9.505672 9.647865 9.7799 10.29078 10.61743 
  7.90668 7.59061 8.793449 8.844609 8.989244 8.39189 8.331746 9.777759 11.86944 10.55285 9.397295 9.90761 9.017123 8.090137 8.860412 8.606497 8.822426 9.352768 9.391479 9.919933 10.33729 10.48341 10.56895 
  8.508962 8.613782 7.906455 8.349641 9.293531 8.447027 7.889303 9.166338 10.26811 9.324265 8.923642 8.645633 7.764314 7.613269 8.436568 9.091132 8.850344 9.304448 9.553999 9.74313 10.27671 10.38751 10.82119 
  8.00706 9.011683 8.128203 8.459634 8.532812 8.88813 8.221135 8.503965 10.21092 8.525689 8.272369 7.957282 7.707368 8.537621 8.860412 8.209937 8.319893 9.207808 9.444183 9.641514 10.24642 9.726578 10.50431 
  7.354588 9.239054 8.349952 7.194714 7.974951 6.903169 7.612775 8.045401 10.66844 9.508553 7.206651 7.555744 7.992097 8.537621 8.170691 8.578171 9.308119 9.020016 9.505672 9.533546 9.841475 10.40669 10.67825 
  7.254208 7.59061 7.684706 5.403489 7.873521 7.61996 7.059721 7.484932 8.380837 7.727113 7.443478 7.670469 8.049044 7.925574 8.577849 8.464869 8.868957 8.810806 9.057682 10.05254 10.45845 10.38751 10.90287 
  7.90668 7.647452 6.853148 6.754741 6.960658 7.12372 6.727888 7.230173 8.094887 7.419969 6.59946 6.868688 7.764314 7.626847 7.707384 7.785053 9.062724 8.924128 9.37391 9.919933 9.80299 10.48341 10.82119 
  6.702116 7.817981 6.742274 5.929793 6.402797 6.406929 6.451361 6.516849 6.951084 7.542826 6.990483 6.909314 7.519398 7.735476 7.797472 8.394054 8.878263 8.871826 9.312421 9.546249 10.27671 10.52177 10.67825 
  4.699701 6.340065 6.797711 6.314769 5.424386 5.176347 5.108095 5.545917 7.122654 7.542826 6.970932 6.7265 7.294785 7.42317 7.977647 8.634823 8.757282 9.098469 9.242148 9.584354 9.710629 9.998952 10.69867 
  5.447362 6.055851 6.24334 6.424762 5.473863 4.930622 5.305666 6.414946 6.951084 6.274582 6.736318 6.50306 7.182479 7.69474 8.389475 7.997495 8.850344 8.993864 9.751713 10.00833 10.24642 9.823854 10.14879 
  6.802496 6.794809 5.938458 5.757354 6.250653 5.800413 5.246395 6.058284 6.470496 6.19449 6.77542 6.949939 7.878206 7.830525 7.939038 8.394054 9.798909 9.03745 9.461751 9.74313 9.718325 10.38751 10.48007 
  6.200214 7.476924 7.518394 5.736538 6.250653 6.241515 5.048824 6.211139 6.309029 7.481397 7.561891 6.19837 7.08889 7.871261 8.132082 8.634823 8.69214 9.159489 9.145523 9.919933 9.895353 10.77111 10.67825 
  6.099834 5.999008 6.354214 5.778169 5.696507 5.690137 4.357327 4.746625 6.170629 7.235682 7.265858 7.315567 7.538116 7.952732 8.247909 8.677311 8.964566 9.304448 9.136739 9.660566 10.27671 10.57931 10.82119 
  6.049644 5.885322 5.744451 5.798985 5.152265 5.690137 7.004416 6.720656 6.607943 6.995407 7.010034 6.970252 7.50068 7.545376 8.19643 8.167449 8.626996 9.401088 9.751713 9.831532 9.956928 10.36833 11.27044 
  5.024771 4.922815 5.324101 5.736538 5.770721 4.528526 5.226638 5.566412 6.147562 6.755132 7.206651 7.498381 7.821259 8.257944 8.719131 7.77089 8.896875 9.159489 9.505672 9.74313 9.879959 10.09623 10.75993 
  6.501355 6.737966 6.24334 6.204776 5.770721 4.908283 4.416598 4.787614 6.951084 7.481397 6.990483 7.234316 7.50068 8.020624 8.672037 8.351566 8.906181 9.207808 9.949428 10.00833 10.0339 10.06705 10.71909 
  5.597932 6.567437 6.354214 5.153702 5.946366 5.623121 5.266152 5.873832 6.447429 7.297111 6.814523 7.555744 7.821259 8.034203 8.299387 8.549846 9.209961 9.159489 9.633084 9.717726 10.0339 10.56013 10.92329 
  6.400975 6.226379 5.421105 5.874797 6.808514 5.965826 5.404451 6.017294 6.285963 6.942012 7.443478 7.498381 7.935152 7.749054 8.577849 8.729038 8.701446 9.497727 9.514456 9.578004 10.09497 10.46423 10.40735 
  4.894743 4.963655 5.000756 5.132886 5.350171 4.79659 4.574655 5.320476 5.870762 5.900821 6.755869 7.173378 6.714535 7.626847 8.003386 8.535683 9.111803 9.159489 9.712171 10.22934 9.903049 10.46423 10.37503 
  5.122292 3.860952 4.418734 5.798985 5.053312 4.997638 4.772225 4.972066 5.271028 5.954216 5.836967 7.41713 7.201197 8.202008 8.672037 8.780766 9.013645 9.256128 9.633084 9.787331 9.7799 10.25187 10.22959 
  5.024771 3.370862 4.063054 5.028809 4.261688 4.640219 4.574655 5.668885 5.178761 5.527061 6.325745 7.071815 6.695817 8.369814 8.389475 8.52152 8.487404 9.063601 9.672627 9.609758 9.610569 10.04759 10.65783 
  5.154799 3.044135 4.903752 5.278595 5.07805 4.260462 4.969796 5.218002 5.017294 6.30128 6.677665 7.785194 7.182479 7.382434 8.106343 8.139123 8.964566 9.046167 9.633084 9.919933 9.710629 10.31024 10.26999 ]
