 [
  5.400842 3.159622 4.18293 5.19542 4.735214 4.144289 5.264775 5.636079 6.087817 6.757606 7.298291 7.183633 7.845115 8.261868 8.601689 8.257112 8.704203 8.949512 9.484121 10.17167 10.66126 10.48688 10.45972 
  5.147171 1.923656 4.070645 4.819027 4.682273 4.886119 5.232492 5.539118 5.820267 6.107471 6.674133 7.211363 7.436187 7.492861 8.096311 8.550458 9.052157 9.131295 9.2916 9.545219 9.988369 10.12194 10.30117 
  5.654513 3.202242 3.172365 4.779407 4.452865 4.422475 5.232492 5.500333 5.418941 6.664729 6.792002 6.767681 7.337526 8.206143 8.405288 8.755099 8.787836 8.878381 9.149918 10.08497 10.13832 10.22794 10.21468 
  5.400842 4.225111 4.609613 4.838837 5.373651 5.372946 6.007265 5.636079 6.168082 6.478977 6.629931 7.574606 7.337526 6.917497 8.112573 8.246634 9.259691 9.155006 9.246859 9.879063 10.11281 10.45068 11.04904 
  5.147171 3.585818 4.025731 5.19542 4.858742 5.303399 5.813572 5.577902 5.579472 6.780825 6.497328 6.642896 6.91469 7.903835 8.638594 8.873481 8.941163 9.289939 9.306514 9.320593 10.10005 10.39638 10.67103 
  3.76735 3.926774 3.486763 4.462444 4.929329 5.372946 5.910419 5.713648 6.515897 5.596652 6.762535 7.308419 7.577133 7.82164 8.031262 8.173298 8.801775 9.459915 9.433283 9.944086 10.12556 10.2687 10.10658 
  4.888455 4.523448 4.115559 4.145481 4.964623 5.326581 5.716725 5.151273 5.980797 6.107471 7.057209 7.796339 7.323431 7.958632 8.177621 8.571411 8.683294 8.830959 9.526143 10.19334 9.980392 10.26055 10.14982 
  4.220104 3.671057 4.609613 5.19542 4.346983 4.352929 4.974235 5.112488 5.954042 5.87528 7.042475 6.878602 7.605322 8.540491 8.527882 8.715638 8.536937 8.759827 9.246859 9.657533 10.43167 10.10563 10.51017 
  4.996253 3.031764 3.486763 4.680356 4.31169 5.21067 3.941205 5.131881 5.071126 6.246786 7.117479 7.516395 7.845115 7.438064 7.933691 8.623795 8.843592 9.459915 9.862313 10.23669 10.20209 10.1464 10.31558 
  3.918268 3.031764 4.003274 4.700166 4.576393 4.909302 4.812824 5.577902 5.204902 6.130691 6.158453 6.837007 7.140203 6.725709 8.193882 8.834021 8.787836 9.178717 9.433283 9.593354 9.860732 10.15455 10.25072 
  5.24864 3.543198 3.576591 4.581305 4.611686 4.561569 4.619131 5.500333 5.392187 5.480556 6.202654 7.114308 6.886501 7.273674 7.478356 8.005672 9.086746 9.170814 9.778271 9.705667 9.852755 10.39638 10.38044 
  4.284783 3.926774 3.868532 4.145481 4.858742 6.029011 4.296309 5.112488 6.408877 5.294804 6.42366 6.850872 7.464376 8.068224 8.389026 8.655225 8.934194 8.917898 9.336342 9.792365 10.39341 10.34208 10.10658 
  4.651299 3.756296 4.138016 4.363393 4.717567 4.955666 5.523032 5.480941 5.071126 5.457337 6.114252 7.405475 7.393904 6.39693 7.413308 8.952402 8.98298 8.894188 9.463111 9.697645 9.92455 10.13825 10.46693 
  4.672858 4.438209 4.317672 5.349452 4.69992 5.094759 5.135646 5.054311 5.713247 6.734386 6.850937 7.142038 7.464376 7.684649 8.356503 8.487598 8.98298 9.186621 9.209574 9.781528 10.05219 10.1464 10.1282 
  5.50231 4.744055 4.689239 5.888564 5.535623 5.187488 4.038052 4.588897 5.472452 6.595072 6.659399 8.328498 8.750147 8.930563 8.823112 9.425929 9.60558 9.532762 9.418369 9.320593 9.653321 10.18717 10.61473 
  4.888455 5.207802 5.24662 4.700166 5.211679 4.747026 6.069719 5.830002 6.756692 7.28413 7.17775 8.505884 8.976405 8.206143 8.454074 8.655225 9.190514 9.083874 9.547153 9.911574 10.13832 9.828414 10.51017 
  5.755981 4.651306 3.778704 3.927569 4.417571 5.048395 5.458468 6.184975 7.165704 6.15391 6.556263 7.6633 7.295242 7.849038 9.302863 8.676178 9.017569 9.139199 9.799282 9.593354 10.05219 10.50498 10.5906 
  4.888455 4.523448 3.95836 4.521874 4.417571 4.67748 4.425437 5.500333 5.847022 5.968157 6.512062 6.767681 6.985163 8.540491 7.998739 8.141869 9.398047 9.654174 9.652207 9.749017 10.02826 10.12194 10.43089 
  5.603779 4.608686 3.419392 5.272436 5.292665 3.889285 4.328591 5.539118 5.927287 6.757606 7.418832 7.796339 7.774456 8.317593 8.527882 8.794559 9.467225 9.702738 9.820292 9.911574 9.948483 10.83077 10.77559 
  5.350108 4.097252 4.4075 5.503484 6.102526 5.257035 5.135646 5.674864 6.892663 7.787436 8.38316 8.284151 8.806711 9.153461 8.749305 9.425929 9.743937 10.21267 9.904335 10.19334 10.67401 10.84887 11.00079 
  6.669196 3.628437 5.565123 6.273643 6.588443 6.320596 6.756717 7.486543 7.384136 8.102002 9.648839 10.32409 10.56021 11.271 11.03735 11.04381 10.88537 10.64975 11.37508 12.42714 12.85329 12.65883 12.49102 
  8.647827 9.659771 10.26305 11.04863 11.85254 11.8607 12.12779 12.51533 13.06338 13.76419 13.86777 12.94054 12.87936 14.33585 13.43468 12.70115 13.61933 12.99434 13.42797 14.09503 14.01007 13.52156 13.84487 
  9.865446 10.58726 10.82043 12.04984 12.74339 12.51677 12.62742 13.10695 13.77328 14.64497 14.41021 13.32036 14.01065 15.49055 13.82005 13.0563 14.17658 13.40804 14.17827 14.09503 13.82932 12.77542 13.07647 
  9.66251 14.29724 15.5546 14.05225 14.84903 14.63075 13.62669 13.3436 13.39102 13.19797 11.99939 10.50148 12.48341 13.66715 11.84923 12.58277 13.16824 11.52391 12.15248 10.94111 11.22247 11.98915 11.53966 
  10.8294 16.64103 17.29809 17.02911 18.00846 18.47922 18.19094 17.25603 17.76782 16.69766 14.77183 13.20662 15.64602 16.99406 14.71925 15.3438 16.19659 13.87345 12.86525 10.89776 12.2749 13.05522 11.94216 
  10.47426 16.91948 17.02072 17.27607 17.89272 19.10849 18.71462 17.74793 18.40695 16.69766 14.77183 14.00281 15.99321 17.1496 15.68267 16.25992 17.38074 14.90769 12.79023 11.04948 13.79317 13.89464 11.57625 
  10.77866 16.96231 17.02072 17.09967 17.62266 19.10849 18.63981 18.15786 18.64662 16.76193 14.86209 14.15447 16.1668 18.2902 16.77455 16.74492 17.79868 15.63166 14.02821 11.52172 13.61243 14.12781 12.5642 
  10.93086 16.97302 16.98109 16.85271 17.31401 18.96865 18.565 18.40381 18.72651 16.95475 15.13288 14.04073 15.56887 18.54943 16.71032 16.79881 17.52005 15.16625 13.42797 11.18814 13.14248 13.94127 12.45443 
  11.08307 16.97302 16.94147 16.64104 17.00537 18.82881 18.41537 18.56778 18.8064 17.21185 15.31341 14.41987 15.3567 18.39389 16.71032 16.74492 16.96281 14.70084 13.54052 11.04948 12.56409 13.61483 12.30806 
  11.38747 16.97302 16.86222 16.46464 16.73531 18.61906 18.34056 18.56778 18.72651 17.21185 15.08775 14.26821 15.49172 17.66805 16.51764 17.12214 17.24143 15.26968 13.84064 11.52172 12.45564 13.73142 12.1617 
  11.64114 16.98373 16.78297 16.39408 16.54241 18.40931 18.26575 18.56778 18.48684 16.95475 15.08775 14.07864 15.5303 17.35698 16.64609 16.90658 16.89315 14.9594 14.5159 12.18887 12.70869 13.82469 12.23488 
  12.14261 16.99444 16.62447 16.39408 16.38809 18.26947 18.26575 18.48579 18.08739 17.14758 15.26828 14.04073 15.14454 17.20144 16.51764 16.90658 16.8235 14.80427 14.21578 11.9506 12.058 13.07854 11.7592 
  12.54379 17.01586 16.42634 16.49992 16.34951 17.9898 18.26575 18.32183 17.84771 17.3404 16.08065 14.38196 15.43386 18.03097 17.22415 17.06825 16.68419 14.23543 14.36584 11.61702 11.66888 12.82205 12.01534 
  12.99511 17.04799 16.26785 16.60575 16.46525 17.84996 18.565 18.23984 17.9276 17.53322 16.26117 14.41987 15.2024 17.20144 16.32495 15.77491 15.15176 13.87345 14.5159 11.80764 11.73266 12.96195 12.23488 
  13.39629 17.10154 16.06972 16.71159 16.65815 17.71012 18.71462 17.99389 18.08739 18.04741 16.75762 14.72318 15.02881 16.78668 16.1965 16.15214 15.43038 13.51146 13.01531 11.71233 12.78099 13.19512 11.79579 
  13.84762 17.16579 15.8716 16.67631 16.77389 17.57029 18.565 17.66595 17.9276 18.8187 16.98328 14.79901 15.5303 17.20144 15.87535 16.09825 15.0821 13.40804 13.80312 12.04591 13.03403 12.93864 11.72261 
  14.19865 17.19792 15.7131 16.42936 16.61957 17.29062 18.04131 17.50198 17.28848 18.88297 16.98328 14.87484 15.81962 17.82359 16.1965 15.88269 14.87314 13.09776 13.80312 11.42641 12.60024 12.72878 11.45119 
  14.44938 17.1765 15.51497 16.07656 16.23377 16.80119 17.29318 16.92809 16.72924 17.85459 16.89301 15.2919 16.05107 17.40883 15.61844 15.93658 14.87314 12.78749 13.39046 11.09283 12.70869 12.86868 11.72261 
  14.54967 17.16579 15.43572 15.82961 16.19519 16.66136 16.99393 16.60015 16.2499 17.66177 17.61512 15.51938 16.24395 17.20144 15.87535 15.66714 14.66417 13.09776 13.76561 11.56937 12.81714 13.00859 12.01534 
  14.70012 17.11225 15.2376 15.58265 16.00229 16.4516 16.69468 16.19023 15.93033 17.27612 17.47973 15.59521 15.93535 16.47561 15.10462 16.09825 15.36073 12.78749 13.09034 11.75999 12.78099 13.19512 11.7592 
  14.75026 17.04799 15.11872 15.37097 15.96371 16.38168 16.54505 15.78031 15.61077 16.44056 17.34433 15.51938 15.99321 16.63115 14.78348 15.28991 14.52486 12.47722 12.41508 12.76072 12.92559 13.10186 11.68602 
  14.80041 16.97302 14.99985 15.12402 15.92513 16.17193 16.09618 15.2884 15.05153 16.11919 17.52486 15.32981 15.74247 16.21638 13.94851 15.55936 14.59451 12.37379 12.04742 12.5701 12.52794 13.49825 12.19829 
  14.75026 16.87664 14.88097 15.08874 15.88655 15.61259 15.34805 14.46856 14.41241 15.54073 17.2992 14.87484 15.14454 15.4387 13.17777 14.3738 13.41036 12.37379 12.49011 11.71233 11.52858 12.31494 11.38685 
  14.59982 16.71599 14.80172 15.12402 15.88655 15.19308 14.67473 13.7307 14.01295 15.09081 15.99038 13.85116 15.51101 15.28316 12.40279 14.21213 13.06447 11.86386 11.54317 11.56937 11.8411 12.09774 11.3788 
  14.49953 16.52322 14.64247 15.05346 15.5779 14.70365 14.00142 13.40276 13.66406 14.83371 15.31341 13.16227 15.29884 14.94882 11.92304 13.72713 12.3727 11.86386 11.39609 10.91944 11.22247 12.00725 11.25816 
  14.29894 16.24497 14.32397 14.59136 14.76804 13.756 12.87724 12.51533 12.68112 14.51915 14.90722 12.63011 14.57629 14.11295 11.33258 12.26709 11.23126 11.74245 11.4171 10.23669 11.36277 11.79005 10.86406 
  13.94791 15.96673 13.84621 13.89822 13.31029 12.15229 11.37834 11.03627 11.42513 13.07214 13.68696 11.29972 13.21874 12.77556 10.52069 12.58277 11.30044 11.47535 10.84982 10.10664 10.21484 11.26516 10.75146 
  13.44644 15.68848 13.44808 13.05104 11.28564 10.32988 9.692069 9.261408 9.732284 10.9331 11.75831 11.03364 11.80463 11.271 10.15165 11.43842 10.74702 11.37822 10.97588 9.944086 10.38066 10.88507 10.7032 
  12.84467 15.50298 13.52771 12.12685 9.908875 9.746714 9.754523 8.847273 9.404634 11.56223 11.39668 10.27975 10.84303 10.88092 10.37308 10.64921 10.22818 10.3098 10.09343 10.39925 10.17658 10.79457 10.39486 
  12.14261 15.13198 13.44808 11.12565 9.341972 9.090649 9.317343 9.083921 8.640121 10.42979 11.1556 10.63452 11.8612 11.77252 10.5945 10.80705 10.19359 10.28551 10.32455 10.51846 11.26073 10.83077 10.75146 
  11.64114 14.57549 12.8907 11.12565 8.856054 8.87196 9.442252 7.900678 9.131595 11.05892 11.33641 10.50148 11.29555 11.54962 10.26236 11.28057 11.05832 10.26123 10.57668 10.78939 11.35001 11.02987 10.89623 
  11.23527 14.11174 12.41295 11.12565 9.260985 9.600922 9.379798 8.610624 8.476297 10.9331 11.51722 11.25537 11.80463 11.77252 10.85283 11.00435 11.05832 10.47977 10.40859 10.71353 11.299 11.10227 11.33055 
  10.57572 13.55524 12.01482 10.35549 8.451124 8.434584 8.505438 9.083921 9.076986 10.9331 11.87885 11.74318 12.59653 13.22136 12.25517 12.30655 12.40728 12.20382 11.79529 11.71233 11.59235 11.30136 11.34663 
  9.814713 12.99875 11.61669 11.12565 9.58493 8.799064 9.567161 8.906435 9.459243 11.05892 12.36101 11.83187 12.82279 13.38853 12.21827 11.87248 11.99222 11.45107 11.31205 11.04948 10.80156 10.93937 10.93644 
  9.002966 12.3495 11.05931 9.816376 8.856054 8.799064 9.442252 9.083921 9.076986 10.36688 12.54182 11.12233 12.37028 13.3328 11.40639 11.51734 11.54256 11.15968 11.0179 10.88692 10.80156 10.86697 11.06513 
  8.44489 11.42201 10.1038 8.815168 9.099013 8.799064 9.192434 8.847273 9.24081 10.87018 12.60209 11.25537 11.74807 12.71983 11.11115 11.39896 11.30044 10.33408 10.38758 10.5293 10.69952 10.81267 10.63886 
  7.430208 9.845269 8.272403 7.813961 9.260985 8.50748 8.817709 9.083921 9.350027 11.68805 12.05966 10.94494 10.95616 11.77252 10.5945 11.32004 11.09291 10.04269 10.28253 10.64851 10.80156 10.63168 10.93644 
  6.71993 9.288773 7.874273 7.351866 7.317318 8.070103 9.504706 8.965597 9.131595 11.18475 11.57749 10.45713 10.95616 11.60534 10.48379 11.16219 10.64325 10.11554 9.568164 9.759853 10.18933 10.43258 10.71124 
  6.9736 7.341037 6.998389 6.812755 7.398304 8.142999 9.442252 8.551462 8.094041 10.99601 11.57749 10.14671 10.27739 10.88092 9.893326 10.2546 10.36654 10.3098 9.988378 10.09581 10.40617 10.70408 11.12143 
  5.125612 4.929554 6.918763 7.351866 6.993374 7.778518 9.005072 8.255651 8.094041 11.49931 11.57749 9.747587 10.05113 10.43513 9.376671 9.583771 9.432636 9.387068 8.985864 9.192234 9.95646 10.57738 10.96861 
  4.910015 5.764298 6.600259 6.350659 6.831401 7.997207 8.193166 7.841516 9.24081 11.24766 10.43235 9.481507 9.881437 10.04505 8.601689 9.347008 8.98298 9.848433 9.610186 9.697645 10.21484 10.55928 10.65494 
  6.161854 7.526536 7.15764 6.889771 6.183512 7.049557 8.630346 8.078164 9.732284 11.62514 10.43235 8.018072 8.693583 9.599258 8.823112 9.228626 9.225102 9.654174 9.778271 9.96576 10.02826 10.63168 10.68711 
  5.958918 6.320794 5.007742 5.657516 5.454637 7.55983 7.880894 7.13157 9.786892 11.18475 10.31181 8.106765 8.693583 8.819114 9.044537 9.189165 9.190514 9.678456 10.00939 10.1825 9.733094 10.43258 10.5906 
  6.263322 6.784541 5.326246 6.273643 6.183512 6.830868 8.380528 8.019002 9.186203 11.12184 10.43235 8.505884 8.863276 8.930563 8.454074 8.912941 9.259691 9.265656 9.000777 9.601377 10.13832 10.61358 10.7032 
  4.694418 5.671549 4.115559 6.196627 6.02154 6.029011 8.193166 7.782353 9.24081 10.30396 9.648839 8.284151 8.297631 8.484767 8.970728 9.228626 8.641479 9.387068 9.187202 9.705667 9.932528 10.12194 10.69516 
  4.651299 6.135296 5.087368 5.056749 5.859568 6.757972 7.631077 7.900678 8.858554 10.36688 9.468027 7.973725 7.78855 7.98603 8.34024 8.571411 8.98298 9.387068 9.547153 9.537197 10.16383 10.2524 10.36603 
  4.629739 5.671549 5.326246 6.042595 5.940554 7.851414 8.755255 7.95984 8.858554 9.800658 9.046134 7.618953 8.127937 8.484767 8.564786 8.498075 9.190514 9.532762 9.988378 9.781528 10.20209 10.46878 10.71929 
  4.52194 6.320794 5.883627 5.888564 6.507457 6.976661 8.692801 8.078164 9.56846 10.24105 8.5037 7.363879 7.675794 8.095623 8.490978 8.952402 8.550876 9.075971 9.299057 9.705667 10.10005 10.21978 10.74341 
  4.802217 5.207802 4.474871 6.504691 6.426471 6.393492 8.880163 8.433138 8.967771 9.297352 8.44343 7.885032 8.071373 8.206143 8.933825 8.755099 8.557845 9.289939 9.209574 9.416862 9.629389 10.36018 11.02492 
  5.50231 5.022304 4.609613 6.273643 5.778582 6.174803 7.880894 8.255651 8.803946 7.409956 6.954073 7.53026 8.41076 8.040826 8.128835 8.267588 8.787836 9.028549 9.269229 9.51313 9.892641 10.55928 10.76754 
  6.922866 6.506293 5.326246 5.13599 5.778582 6.830868 7.256351 8.019002 8.858554 7.535783 6.7036 7.322284 8.071373 8.150419 9.007632 8.794559 8.920255 9.131295 9.610186 9.922412 10.24035 10.23609 10.58256 
  7.024334 5.857048 5.166994 6.427675 5.454637 5.810323 6.381991 8.078164 8.530906 7.724523 7.17775 7.574606 8.071373 8.040826 8.437812 8.676178 8.913285 9.314221 9.631196 9.489062 10.18933 10.45068 10.73537 
  6.618462 6.135296 5.24662 5.734531 4.858742 5.372946 6.819171 7.545705 7.384136 7.28413 7.057209 7.017252 7.90168 8.123021 8.226406 8.571411 8.718142 8.886284 9.321428 9.868226 9.589502 10.19532 10.48134 
  5.197906 5.949797 4.609613 4.244532 4.082281 5.445842 6.506899 5.948326 6.783447 6.780825 6.232121 7.252959 7.422093 7.684649 7.917429 8.602841 8.941163 9.052259 9.172288 9.464995 10.24035 9.82026 10.04892 
  6.212588 5.48605 4.689239 4.581305 5.141091 4.886119 6.069719 6.06665 7.00188 7.28413 6.394192 6.975657 7.520755 8.484767 8.638594 8.351401 8.955102 9.459915 9.568164 9.625443 10.3679 10.63168 10.2291 ]
