 [
  4.6965 3.353713 5.72967 4.934141 4.81937 5.038051 4.730158 5.463632 6.261175 6.375789 6.231066 7.258409 7.285062 7.838665 8.343419 9.067887 9.030541 9.627049 9.687545 9.74879 10.10711 9.939873 10.83299 
  3.775081 3.636521 5.105214 4.747226 3.886425 4.251896 4.398726 5.687762 6.045315 6.07624 6.460402 6.626284 7.610345 7.838665 8.425436 8.415954 8.739282 9.927082 9.687545 9.74879 10.49504 10.40252 10.65799 
  3.809207 2.685257 3.981884 4.498007 4.098458 4.78255 4.191581 5.896818 5.366897 6.199584 6.139331 7.732308 7.46249 7.947805 8.343419 8.25974 8.965799 9.364521 9.445892 10.0214 10.02678 10.52347 10.74549 
  4.867134 3.94504 4.394439 5.372631 5.823771 5.524167 3.963721 5.488535 6.615981 6.499133 6.81205 7.162632 7.403347 7.729525 8.102402 8.667857 8.858485 8.757065 9.506012 10.10667 9.928602 9.918651 10.57049 
  5.193962 4.073589 5.001138 4.996446 5.61619 5.038051 5.227306 5.488535 6.615981 6.647182 7.172242 7.531307 7.86589 7.959931 7.781639 8.667857 8.965799 9.439529 9.345692 9.778513 9.794725 9.961096 10.34339 
  5.384283 3.739361 5.625594 5.278584 5.61619 5.32972 5.311685 5.588149 6.106989 5.4419 5.83355 6.262333 7.373775 8.605453 8.835523 8.379198 8.364641 8.902614 9.345692 9.511008 10.08926 10.56379 10.78924 
  5.098801 3.790781 5.313366 5.184538 4.649744 4.52705 4.626585 5.488535 5.98364 6.305307 6.992146 6.741216 7.669488 7.790158 8.343419 8.14947 8.611564 9.327017 9.475952 9.362394 9.562672 10.32188 10.52674 
  4.764754 4.448576 3.472257 4.331861 5.30482 4.998743 5.206592 4.467497 5.521083 6.724749 6.992146 7.143477 7.418133 7.499119 8.102402 8.667857 8.901058 8.549137 9.085172 9.283134 9.723324 10.44283 10.61424 
  5.479444 4.338212 4.637118 5.184538 5.30482 4.566358 6.071088 5.488535 6.014478 6.41103 6.475691 7.531307 7.767689 7.887172 7.794469 8.020823 9.030541 9.120937 9.722908 10.23457 10.21414 10.56379 10.35037 
  5.193962 3.662231 5.625594 4.809531 4.75576 4.330512 4.958018 5.413825 6.014478 6.340548 6.902098 6.836992 7.403347 8.072937 8.507454 8.747863 8.807398 9.11054 9.536072 9.471377 10.25427 9.918651 10.03628 
  5.289122 3.430843 3.642133 4.498007 4.310491 4.762897 5.227306 5.712666 5.891129 5.847173 6.49098 7.373341 7.299848 7.875045 8.507454 8.507845 8.713738 9.11054 9.355712 9.411932 9.946453 10.40252 10.52674 
  5.098801 3.94504 4.248831 5.090492 4.586134 5.135274 5.040876 5.538342 5.829454 6.058619 6.445113 7.028545 7.403347 7.765905 8.115232 8.667857 9.224766 9.089748 9.155312 9.97877 10.45491 10.52347 10.44809 
  4.38936 4.227848 4.806994 4.975677 4.649744 4.428781 4.958018 5.164791 5.921966 6.802316 6.276933 7.732308 7.767689 7.596132 7.525029 8.507845 8.705223 9.162522 9.581455 9.808235 9.991078 10.52347 10.38527 
  3.467941 4.55894 5.625594 5.560723 5.61619 4.88082 4.523013 4.34298 4.287597 6.724749 7.172242 7.631808 7.492061 8.072937 8.343419 8.241362 8.798883 9.183315 9.793635 9.850869 10.17401 10.40252 10.70174 
  4.423487 4.55894 4.370171 4.913373 4.395304 4.723589 4.937303 5.896818 6.474058 6.802316 6.992146 6.798682 7.59556 7.838665 7.499368 8.186227 8.713738 9.172918 9.495992 10.31984 10.13388 10.23699 10.35735 
  3.126675 3.070905 5.105214 4.560312 5.40861 4.841512 4.958018 5.896818 5.459409 6.005757 6.429823 7.00939 7.181563 7.838665 7.82013 8.379198 8.654136 9.152126 9.455912 9.808235 10.21414 10.56379 10.52674 
  4.048094 2.582417 3.812008 4.186482 5.095013 4.369819 4.460869 6.404055 6.545019 6.647182 5.879417 7.631808 7.767689 8.427948 8.425436 8.388387 9.160024 9.079351 9.616818 9.778513 9.892901 10.3622 10.87674 
  5.384283 3.507972 3.78774 3.667275 3.844018 4.841512 5.06159 5.812279 6.970786 6.340548 6.399245 7.066856 7.767689 8.16169 7.537859 8.112715 8.517903 9.162522 9.425852 9.411932 10.2944 10.48315 10.57049 
  4.082221 3.405133 4.127491 5.090492 4.289288 4.409127 5.733575 5.289308 5.98364 6.724749 6.506269 6.932769 7.137206 7.693145 8.753506 8.907875 8.75631 8.985785 9.095192 9.372302 10.17401 10.72505 10.37131 
  4.525867 4.125009 4.127491 4.747226 4.501321 4.566358 5.311685 5.896818 5.921966 6.446271 6.246355 7.430807 7.610345 7.208079 8.179384 8.507845 8.568991 9.079351 9.722908 9.97877 10.49504 10.44283 10.70174 
  4.355234 3.996459 3.90908 4.809531 4.352898 4.330512 4.315868 5.364018 6.474058 6.569615 7.082194 7.531307 7.767689 7.814412 8.102402 8.15866 8.415729 9.252008 9.758271 10.27721 10.2944 10.31127 10.32943 
  5.574604 5.993675 5.833746 6.783325 7.173041 6.593624 6.830492 7.756687 9.383465 10.8358 11.4045 11.55133 12.48133 14.37438 16.62717 16.34843 16.4758 16.86544 16.443 15.26537 13.54483 14.31327 14.15805 
  5.00364 4.890033 6.145974 5.936908 6.446511 5.913061 5.902332 7.16491 8.602893 10.21526 11.31445 10.84783 11.69572 13.48685 16.05305 15.54837 15.76365 16.0058 15.5881 14.45533 12.78239 13.50693 13.50179 
  7.382657 5.221126 5.521518 4.414934 5.5124 4.802204 5.98671 6.488595 6.615981 7.267718 8.072722 9.440819 10.91012 12.33307 12.19823 11.38806 11.6202 11.46475 12.16297 11.76939 11.65878 12.57964 12.80177 
  6.811693 5.441854 6.77043 4.996446 5.5124 5.426944 4.87516 6.065897 6.332136 6.07624 6.992146 9.340318 10.81192 12.42182 11.78815 10.74801 11.10227 10.03959 11.91543 11.76939 10.8562 12.33774 12.27677 
  4.935387 5.221126 5.20929 4.186482 5.116217 5.32972 5.165163 5.812279 6.332136 6.879883 6.445113 7.732308 8.455095 8.339195 8.261401 8.324063 8.815912 9.183315 9.495992 10.14931 10.33453 10.31127 10.52674 
  5.193962 5.993675 6.874506 4.809531 5.20103 5.32972 5.480441 5.896818 6.076152 6.647182 6.093464 6.741216 7.137206 8.694206 8.051079 8.324063 9.160024 9.120937 9.581455 9.719067 9.928602 10.19455 10.70174 
  6.33589 6.214403 7.082658 5.842862 5.61619 5.62139 4.937303 5.787375 6.332136 7.190151 7.26229 7.531307 7.767689 7.535499 7.409554 8.002445 8.356127 9.100144 9.687545 10.14931 10.17401 10.32188 10.74549 
  5.764925 5.993675 5.833746 4.892604 5.30482 5.426944 6.492979 6.742213 6.474058 6.879883 6.536847 7.392496 8.455095 7.911425 7.935605 8.827869 8.965799 9.739562 9.546092 9.520916 9.964303 9.929262 10.32245 
  6.621372 6.65586 6.978582 5.842862 5.20103 5.815837 5.649197 6.319516 5.76778 6.07624 7.26229 7.373341 8.651497 8.339195 7.82013 8.747863 8.798883 9.214504 9.365732 10.0214 9.812575 10.40252 10.47601 
  7.668139 6.545496 7.603038 6.125001 5.5124 5.232497 5.98671 6.657673 6.261175 7.190151 7.622482 7.93331 9.142501 8.250443 7.358232 8.131092 8.781855 9.327017 9.395792 9.893503 9.991078 10.09904 10.43413 
  9.666513 7.42841 6.666354 5.184538 5.179827 4.998743 5.480441 5.896818 6.332136 5.988137 6.902098 8.335312 9.535305 8.250443 8.179384 8.907875 9.418989 9.477033 9.455912 9.893503 10.17401 10.26883 10.61424 
  12.99714 12.50516 11.34978 9.040435 5.71998 5.815837 7.168004 8.010305 6.545019 5.512383 6.200488 8.134311 9.437103 8.605453 7.525029 8.406765 9.289507 9.777066 9.536072 10.06404 10.25427 10.40252 10.48299 
  15.47131 15.70572 15.09651 12.99038 10.39053 9.607547 10.29 10.71557 9.099621 7.655553 8.252818 9.440819 11.49932 10.55801 7.858622 8.907875 10.0664 9.514537 9.581455 9.893503 10.41478 10.22638 10.30849 
  15.47131 17.03009 16.24135 13.74275 11.42843 10.48256 11.64005 12.4909 10.09308 9.05176 9.153298 10.54633 12.67773 11.80055 8.128062 10.02796 11.10227 10.56465 9.970451 9.619991 9.955378 10.19455 10.28755 
  16.04228 17.25082 16.96988 14.21298 11.63601 10.87145 11.8088 12.74452 10.51884 9.439594 9.693586 11.65183 13.26694 12.24432 8.835523 10.18797 11.55546 11.08971 9.546092 10.10667 10.41478 10.6041 10.45507 
  16.42292 18.13374 17.59434 15.34153 12.67392 12.23258 13.32761 13.92807 12.22191 10.91337 11.31445 13.66184 16.11476 14.81815 10.55789 10.82802 11.9439 11.20222 9.758271 10.19194 10.61543 10.3622 10.45507 
  16.80356 18.46306 17.90656 15.90581 13.19287 12.52425 13.66512 14.60438 12.57672 11.45634 11.13435 13.46084 15.62376 14.81815 10.96797 11.78809 13.04451 11.80229 9.652182 10.49038 10.49504 10.48315 10.70174 
  16.99389 18.8009 18.21879 16.47009 13.60803 12.91314 14.17139 15.2807 13.00248 11.99931 11.94479 13.86284 15.42736 13.66436 10.6399 11.54807 12.91503 11.9148 9.722908 10.91672 10.89633 10.40252 10.87674 
  17.18421 18.98189 18.38107 16.94032 14.12698 13.30203 14.42453 15.7034 13.49921 12.85254 12.75522 15.26985 16.90037 15.0844 10.1478 11.8681 13.36822 12.17733 10.46554 11.08725 11.33775 11.04759 10.96424 
  17.24565 19.11462 18.49747 17.2356 14.54214 13.5937 14.67766 15.95702 13.92498 13.47308 13.20546 15.57136 17.58778 15.70567 11.46008 12.90818 15.11623 13.94002 10.78381 11.51359 11.77916 11.41044 11.22675 
  17.25794 19.07842 18.53627 17.2356 14.64593 13.5937 14.84642 16.04156 14.20882 13.62821 13.56565 15.57136 17.48958 15.88318 11.46008 12.74816 15.05149 13.48997 10.28872 12.36627 12.14032 11.5314 11.358 
  17.29481 18.9095 18.40047 17.05952 14.64593 13.88537 15.09955 16.29517 14.49267 14.86929 14.28604 16.17436 17.29317 15.79443 10.1478 13.06819 15.50468 13.86502 10.78381 13.77319 13.2238 11.37013 11.533 
  17.33168 18.82504 18.55567 17.03437 14.85351 14.46871 15.35269 16.37971 15.3442 16.70724 15.54671 16.97836 17.98058 16.4157 15.06884 15.06834 15.63417 13.79001 11.42035 13.34685 13.06329 12.98281 13.10803 
  17.60204 18.96983 18.49747 17.88963 19.19546 18.47867 17.12732 17.376 18.3032 20.05192 18.47851 18.78737 19.06079 17.48073 17.28331 17.78854 17.39472 14.01503 14.07259 14.41269 14.82896 15.3212 15.42682 
  17.82325 18.46306 19.38986 18.61911 20.14118 20.33793 18.56528 18.36621 19.35998 21.4107 20.16225 19.69188 19.9446 18.54576 17.85743 18.74862 17.60148 15.14615 14.3446 15.8102 15.90579 16.43344 17.38733 
  17.83554 18.35446 19.54506 18.5688 20.34806 21.06835 19.66488 18.9851 20.20541 22.14235 21.00412 20.29488 20.2392 19.34454 18.73838 19.32549 17.05848 14.42223 15.66582 16.99891 16.88538 16.35836 16.45572 
  17.82325 18.35446 19.37046 18.2921 20.20029 21.13475 20.25698 19.29454 20.7338 22.35139 20.86381 20.46303 20.38468 19.34454 18.82955 19.32549 16.60529 13.48997 15.3938 16.50361 16.14407 16.50852 17.04574 
  17.83554 18.42686 19.27346 18.26694 20.11163 21.40036 20.67991 19.66587 21.36787 22.66496 20.86381 20.85538 20.62714 19.41237 19.22459 19.59695 17.2138 14.24125 15.89897 17.44468 16.93833 16.08308 17.1389 
  17.83554 18.47512 19.25406 18.24179 20.02297 21.46676 20.84908 19.97532 21.79058 22.76948 20.93397 21.2197 21.01507 19.77417 19.68041 20.07202 17.75655 13.94002 15.86011 17.74186 16.30292 15.53252 15.95183 
  17.83554 18.49925 19.21526 18.21663 19.90475 21.46676 20.93367 20.16098 22.00194 22.874 21.07428 21.30377 21.01507 19.86462 19.74119 20.03809 17.65317 14.10552 15.00521 16.85032 16.03816 15.63262 17.04574 
  17.8847 18.55958 19.25406 18.31726 19.8752 21.46676 21.10284 20.28476 22.00194 22.874 21.21459 21.35982 21.03932 19.90985 19.86274 20.10596 17.67901 13.11493 15.35494 17.34562 16.38235 15.9079 17.0768 
  17.92157 18.60785 19.35106 18.49334 19.8752 21.53316 21.18742 20.34665 21.89626 22.874 21.3549 21.47192 21.16055 20.15858 20.19701 20.34349 18.09253 14.15077 15.12179 17.54374 16.38235 16.10811 16.70415 
  17.94615 18.63198 19.40926 18.5688 19.8752 21.53316 21.18742 20.40854 21.89626 22.874 21.28475 21.47192 21.1363 20.24903 20.13624 20.34349 18.04084 13.82751 15.35494 16.94938 16.09112 15.95795 17.26312 
  17.94615 18.64404 19.44806 18.59396 19.84564 21.53316 21.18742 20.47042 21.89626 22.874 21.56537 21.61204 21.23329 20.22642 20.37934 20.61496 18.19591 14.64846 15.47152 16.70173 15.66751 15.03898 16.98363 
  17.95844 18.69231 19.46746 18.61911 19.8752 21.53316 21.27201 20.53231 21.89626 22.874 21.63553 21.75216 21.33027 20.22642 20.34896 20.61496 18.27344 14.78419 15.70467 17.24656 16.32939 15.36152 16.6731 
  17.93386 18.74057 19.48686 18.61911 19.90475 21.66597 21.35659 20.53231 22.00194 22.874 21.70568 21.89229 21.37876 20.27164 20.59206 20.88643 18.81618 14.51272 16.52072 18.38575 16.51472 14.99866 15.60182 
  17.89699 18.75264 19.44806 18.54365 19.84564 21.66597 21.27201 20.53231 22.00194 22.97852 21.77584 21.83624 21.33027 20.11336 20.40973 20.64889 18.58358 14.91992 15.97669 17.69233 16.40882 15.88288 16.54888 
  17.86012 18.74057 19.40926 18.39272 19.72743 21.66597 21.27201 20.47042 21.89626 22.97852 21.77584 21.89229 21.35452 20.02291 20.16663 20.41136 18.27344 14.91992 15.78239 17.54374 15.69398 16.68369 17.20101 
  17.81096 18.69231 19.35106 18.26694 19.72743 21.59957 21.27201 20.40854 21.6849 22.97852 21.91615 21.97636 21.42725 20.0003 20.19701 20.47922 18.2476 14.60321 16.09327 17.54374 15.98521 15.95795 16.85942 
  17.7618 18.66818 19.29286 18.16633 19.72743 21.59957 21.27201 20.28476 21.47355 23.08304 22.19677 21.92031 21.35452 20.0003 20.25779 20.51316 18.35098 14.60321 15.3938 16.80079 16.24997 16.58359 17.41838 
  17.68807 18.58372 19.19586 17.96509 19.5501 21.46676 21.10284 20.09909 21.15651 23.08304 22.40724 21.83624 21.33027 20.0003 20.10585 20.44529 18.04084 14.24125 15.27722 16.85032 16.32939 17.05908 18.03946 
  17.61433 18.52339 19.07946 17.78901 19.52055 21.26756 20.84908 19.85154 20.7338 22.76948 22.40724 21.86426 21.4515 19.97768 20.01468 20.44529 17.78239 14.6937 16.443 17.1475 15.61456 15.98298 17.48049 
  17.51602 18.46306 18.98246 17.66323 19.46144 21.13475 20.59533 19.5421 20.20541 22.35139 22.4774 21.86426 21.42725 19.93246 20.01468 20.34349 17.52394 14.55797 16.443 17.69233 16.17054 16.30831 16.82837 
  17.4177 18.42686 18.86606 17.462 19.37278 20.93555 20.1724 19.29454 19.78269 22.03783 22.68787 21.83624 21.54848 20.02291 19.80197 20.03809 17.18796 14.2865 15.51038 16.99891 16.14407 16.48349 17.10785 
  17.33168 18.36653 18.65266 17.13498 19.40233 20.73634 19.83406 18.92321 19.14862 21.51522 22.75802 21.92031 21.7667 20.76912 20.13624 20.37742 17.80824 15.19139 16.36528 16.94938 15.37628 16.13313 16.30046 
  17.29481 18.35446 18.53627 17.03437 19.46144 20.53713 19.24196 18.36621 18.62023 20.67905 22.33709 21.92031 21.54848 20.61083 20.01468 20.10596 17.57563 14.73895 15.78239 16.55314 15.66751 16.23323 16.79731 
  17.22107 18.2441 18.32287 16.84628 19.43189 20.07232 18.64986 17.8711 17.88048 19.63383 21.98631 21.92031 21.33027 20.52038 19.77158 19.83449 17.39472 14.33174 14.88863 15.56255 15.95874 16.30831 17.51155 
  17.18421 18.2441 18.21879 16.84628 19.43189 19.74031 17.97318 17.43788 17.03506 18.69314 21.70568 22.06044 21.4515 20.49777 19.9843 20.00415 17.62732 14.78419 14.42232 15.85973 16.62062 16.20821 17.1389 
  17.08905 18.13374 18.01064 17.05952 19.28412 19.20909 17.55025 16.94277 16.40099 17.96149 21.00412 21.80821 21.25753 20.54299 19.77158 19.76662 17.65317 14.73895 14.26689 15.61208 16.35587 16.08308 16.85942 
  16.89872 18.02337 17.80249 17.16014 19.04769 18.61147 17.04274 16.819 15.87259 17.33436 20.16225 21.72414 21.28178 20.54299 19.4677 19.52909 17.54979 14.46748 14.22803 15.46349 16.01169 16.7838 17.20101 
  16.89872 17.91301 17.80249 17.05952 18.7817 18.01385 16.53522 16.69522 15.3442 16.49819 19.46069 21.66809 21.16055 20.33948 19.22459 19.32549 17.44641 14.33174 13.86041 14.71113 15.27038 16.28329 16.6731 
  16.7084 17.80264 17.59434 16.94032 18.48616 17.48264 16.02771 16.54879 14.70555 15.64495 18.3382 21.24772 20.84535 20.09074 18.92071 18.98615 17.18796 14.01503 13.61287 15.3149 15.37628 15.68267 16.2694 
  16.61324 17.80264 17.59434 16.84628 18.17479 16.99652 15.85896 16.63333 14.20882 15.02442 17.79791 20.79933 20.65138 19.86462 18.6776 18.74862 17.12322 13.90252 13.32996 15.26537 15.32333 15.65765 16.08308 
  16.61324 17.80264 17.59434 16.75223 17.75963 16.5104 15.77458 16.37971 13.85402 14.32632 16.89743 20.35093 20.2392 19.34454 18.43155 18.42859 16.79951 13.63999 13.01169 14.28479 14.4678 15.11961 15.77682 
  16.7084 17.69228 17.80249 16.75223 17.34447 16.02428 15.6902 16.12609 14.35075 13.78335 16.26709 20.09388 20.36043 19.86462 18.98149 18.95222 17.62732 14.55797 14.07259 15.36443 15.27038 16.25826 16.23835 
  16.7084 17.58191 17.80249 16.65818 16.61794 15.53817 15.09955 15.78794 13.92498 13.08524 15.00642 19.08888 19.15899 18.81202 17.6934 17.94855 17.52394 16.09628 14.03723 14.41269 14.98947 15.68267 16.23835 
  16.51808 17.03009 17.80249 16.18795 16.41036 15.05205 14.76204 15.36524 13.7121 11.99931 13.83579 18.08387 18.47158 17.92449 17.28331 17.30851 16.86425 15.41762 12.97633 13.77319 14.7487 15.48247 15.60182 
  16.13744 16.91973 17.80249 15.81177 16.09899 14.56594 14.25577 15.61886 13.78306 10.8358 13.02536 17.48087 17.98058 17.65823 16.38112 16.58845 15.76365 13.37746 12.6227 13.21895 13.02316 14.55518 15.07681 
  15.94712 17.25082 17.69841 15.52963 15.68383 14.27427 14.08701 15.61886 13.99594 10.6031 12.84527 17.07887 17.78418 17.48073 16.05305 17.06849 16.54055 13.45247 11.20817 12.4089 12.18045 12.70059 13.98305 
  15.94712 17.14046 16.96988 14.58916 14.12698 13.20481 13.58074 15.2807 14.20882 12.38714 13.38556 16.37536 17.58778 14.9069 11.37806 13.14819 13.69192 11.83979 11.13744 12.19573 11.69891 10.40252 10.78924 
  15.85196 16.47827 16.34542 14.11893 13.40045 12.3298 13.32761 14.77346 13.7121 11.84417 12.12488 15.47085 16.21296 14.01937 9.737714 11.62808 12.7208 11.05221 10.64235 11.72676 11.73904 10.96696 11.05175 
  15.37615 16.58864 16.24135 13.46061 12.46634 11.45479 12.48383 14.09715 13.07344 11.22364 11.58459 14.96835 16.11476 13.57561 9.327627 11.30806 12.46184 10.78968 11.03135 11.47096 11.01672 10.6041 10.42715 
  15.09067 16.699 16.24135 13.55466 12.25875 11.64924 11.97756 13.50537 12.07999 10.68067 11.58459 14.96835 16.50757 14.19688 9.163592 10.42799 10.97278 9.964586 11.42035 11.42832 10.69568 10.3622 10.52674 
  15.09067 16.25755 16.24135 13.93084 12.46634 11.84368 11.97756 13.42083 12.15095 10.6031 12.03483 14.36535 15.91836 14.28563 9.573679 10.02796 10.51959 9.702058 10.39481 10.74618 10.53517 10.52347 10.57049 
  14.80519 15.70572 16.13727 12.99038 11.63601 11.16312 10.79627 12.40636 11.29942 9.982563 10.77416 13.15934 14.54355 13.13184 9.655697 9.307905 9.548472 9.777066 10.5009 11.08725 10.5753 9.706422 10.74549 
  14.0439 15.81609 16.24135 12.70824 11.42843 10.77423 10.54313 11.81458 11.29942 9.672296 10.32392 12.05383 13.95434 12.68808 8.999557 8.747863 9.160024 9.889579 9.864362 10.74618 10.33453 10.44283 10.45507 
  14.13906 15.26427 16.0332 12.89633 11.63601 10.28811 10.71189 12.32182 11.65422 9.904997 10.68411 12.85784 13.65974 11.97806 8.917541 8.907875 8.965799 9.204108 10.14727 10.31984 10.65556 10.52347 10.30849 
  14.42455 15.26427 15.82504 12.61419 10.49432 9.801993 9.699349 11.39188 10.51884 9.28446 10.23387 11.24983 13.07054 11.26804 8.507454 7.919744 9.224766 9.664554 9.935088 10.53301 10.13388 10.07782 10.35735 
  13.94874 14.93317 15.20059 12.4261 9.145053 8.051973 8.855568 9.532016 8.177126 6.340548 8.252818 11.45083 12.57953 11.09053 8.507454 8.907875 9.030541 9.183315 9.687545 9.936137 10.37465 10.64442 11.13925 
  13.94874 14.38135 14.47206 11.39159 8.626102 7.66308 6.746113 10.12379 9.738271 8.276089 8.342866 10.84783 11.69572 10.64677 8.917541 8.507845 9.030541 9.327017 9.793635 10.31984 10.45491 10.64442 10.87674 
  13.47294 13.27771 13.01499 10.26304 6.238931 7.274187 7.421139 9.870173 9.738271 7.888254 8.883154 10.84783 11.79392 11.09053 8.507454 8.747863 8.781855 9.252008 9.355712 10.31984 10.5753 10.72505 10.23869 
  11.76005 11.40152 12.07831 9.134481 5.71998 7.079741 7.421139 9.447476 9.241543 8.741491 9.333394 11.04883 12.48133 11.62305 8.671489 8.415954 8.965799 9.514537 9.652182 10.14931 10.45491 10.26883 10.38527 
  10.71328 10.07715 10.93347 7.817833 5.823771 6.593624 7.083626 7.080371 7.467514 8.663924 8.883154 11.45083 12.28493 11.44554 7.948435 8.587851 9.224766 9.048162 9.245492 9.78842 9.991078 9.812536 10.37131 
  6.716532 8.973508 9.580482 6.219047 6.446511 6.301954 6.492979 7.333989 7.751359 9.05176 8.793106 10.34532 11.69572 11.17928 8.425436 8.25974 8.75631 9.172918 9.581455 10.06404 10.21414 10.40252 10.47601 
  6.240729 8.863144 8.019342 6.40714 5.92756 6.593624 6.746113 8.433002 8.815776 8.50879 8.522963 10.44582 11.30292 10.0255 8.261401 8.827869 9.224766 9.100144 9.455912 10.23457 10.41478 10.56379 11.22675 
  6.526211 7.98023 8.123419 6.689278 6.13514 6.399177 6.071088 7.16491 8.106165 7.345285 7.352338 9.038816 9.338903 8.960464 8.589471 8.827869 8.75631 9.627049 10.07654 10.36248 9.946453 10.17332 10.74549 
  5.193962 6.65586 6.77043 5.748816 5.71998 5.135274 6.492979 7.672147 7.112709 6.802316 7.892626 7.531307 8.160492 7.838665 8.425436 8.167849 8.662651 8.829839 9.455912 9.619991 10.08033 10.44283 10.57049 
  5.479444 5.662582 4.297367 5.090492 5.30482 4.212588 4.895874 5.438728 5.921966 6.39341 6.200488 7.047701 7.492061 7.559752 8.012588 8.305685 8.790369 9.627049 9.516032 10.0214 10.2944 10.10966 10.74549 
  3.126675 3.970749 3.545061 4.747226 5.179827 5.32972 5.649197 5.896818 6.230338 5.952896 7.082194 7.047701 7.033707 7.462739 8.343419 7.984067 8.781855 9.552041 9.616818 9.550638 10.05355 10.40252 10.10608 
  2.990168 2.710967 3.812008 4.601848 5.30482 5.426944 4.999447 5.488535 5.644432 6.040998 6.169909 7.531307 7.96409 7.984185 8.753506 8.507845 9.095283 9.439529 9.581455 9.17415 10.08926 10.64442 10.87674 
  3.502068 4.047879 3.884812 4.601848 5.30482 4.959435 3.901577 4.492401 6.615981 7.345285 6.108753 6.530508 7.536417 7.438486 7.871452 8.186227 8.867 9.402025 9.616818 9.302949 9.928602 10.26883 10.48299 
  4.935387 2.762387 3.812008 4.477239 3.971238 3.780203 4.440155 4.940661 5.521083 6.234825 6.276933 6.204867 7.625131 8.16169 8.507454 8.471088 9.224766 9.552041 10.07654 9.850869 10.41478 10.48315 10.47601 
  2.819535 2.608127 3.642133 4.747226 4.988997 4.644973 4.212295 5.637955 6.332136 6.516753 6.781472 6.875303 7.403347 7.596132 8.115232 8.587851 9.030541 9.11054 9.546092 9.629899 9.857202 9.939873 10.48299 
  4.116347 3.533682 4.127491 4.518775 4.88298 5.718614 5.227306 5.239501 5.428572 6.647182 6.414535 7.047701 7.639917 8.516701 8.115232 8.907875 8.807398 9.289513 8.904812 9.243504 10.01785 9.75948 10.14098 
  4.49174 3.096615 3.884812 4.684921 3.844018 4.586012 4.523013 4.218463 5.860291 5.988137 6.200488 6.415576 6.723209 7.693145 8.179384 8.667857 8.965799 9.204108 9.265532 9.590268 9.687624 9.971707 10.29453 
  3.160801 2.968065 3.714936 4.954909 5.031404 4.153627 4.502298 5.388922 5.521083 6.724749 7.082194 6.664595 7.432918 8.072937 8.089571 8.587851 8.424243 9.552041 9.864362 9.431747 10.17401 10.09904 10.70174 
  3.160801 3.250874 4.515779 5.090492 4.81937 4.389473 5.649197 5.339115 6.014478 6.551994 6.3228 7.531307 7.551203 7.693145 8.06391 8.667857 9.224766 9.016973 9.365732 9.491193 9.830426 10.6041 10.52674 
  4.559994 3.86791 3.447989 5.184538 4.246881 4.625319 6.155466 6.319516 6.106989 6.41103 7.082194 6.68375 7.166777 8.072937 7.986927 8.747863 9.030541 9.214504 9.793635 9.808235 9.937528 10.68474 10.87674 
  4.730627 4.227848 4.297367 4.498007 5.031404 4.900474 4.916589 5.812279 6.168663 5.988137 6.992146 7.531307 7.506846 7.984185 8.102402 8.296496 8.790369 9.214504 9.652182 9.778513 9.991078 9.642754 10.52674 
  4.559994 2.942355 3.617865 4.643385 4.776964 5.232497 5.082305 5.896818 6.332136 6.95745 6.674448 6.607129 7.46249 7.923552 8.179384 8.587851 9.354248 9.702058 9.475952 9.560546 9.660849 10.14149 10.61424 
  4.628247 4.047879 3.812008 4.996446 5.20103 4.998743 4.00515 5.264405 5.891129 6.181963 6.185199 6.722061 7.59556 8.072937 8.753506 8.587851 9.354248 9.364521 9.385772 9.372302 10.25427 10.31127 10.52674 
  4.662374 4.55894 4.952602 5.184538 4.840574 5.426944 5.396063 5.488535 6.686942 7.035017 6.582714 7.086011 7.767689 7.850791 8.425436 8.827869 9.030541 9.364521 10.14727 9.936137 10.25427 10.27944 10.83299 ]
