 [
  5.344016 4.155196 3.364414 3.75291 4.846211 4.70498 5.438695 5.780599 5.459331 6.549607 7.032807 6.856878 6.886703 7.934937 8.309713 9.344139 9.703364 9.129221 9.494297 9.573825 10.54699 10.67858 10.46942 
  4.809076 4.8985 2.909738 3.837968 3.715707 4.70498 5.501992 5.17548 6.152916 6.666774 6.942112 7.044699 8.00903 7.934937 7.690948 8.620091 9.029369 9.36885 9.315789 9.977644 9.948089 10.11334 10.68723 
  4.342376 4.617846 3.061296 1.944736 3.833101 4.927965 5.501992 5.30433 4.264836 5.700242 6.233006 6.906964 7.416653 7.592305 8.622097 9.059016 8.947803 9.23081 9.872657 9.635425 9.779992 9.851591 11.0139 
  4.71992 4.804949 2.63188 2.585131 4.768486 4.927965 5.31812 5.897679 5.556841 5.904273 7.093956 6.994614 7.303092 8.202122 8.590859 8.635718 9.164168 9.614707 9.594679 9.95278 10.21839 10.31692 10.54381 
  4.45245 4.320428 1.823567 2.999505 3.989626 4.231139 4.172534 5.068106 6.207571 6.052659 7.032807 6.8694 6.73529 7.505315 8.250935 8.526333 8.565334 8.611119 9.455689 10.31515 10.3195 10.17878 10.51194 
  3.439764 4.617846 2.455062 2.924164 4.457587 4.454123 5.203561 4.402384 5.776237 6.126852 6.617105 7.257563 8.533505 7.621301 8.403428 8.27631 8.749486 9.507144 9.949873 10.17242 9.948089 10.14242 10.55178 
  3.065511 3.890824 4.153402 3.413877 3.754838 3.144091 4.602129 5.17548 5.988955 5.069601 6.971658 6.957049 7.659381 8.125783 8.465905 8.448201 9.400066 9.507144 9.365431 10.12683 10.61271 10.40734 10.83861 
  3.043496 2.502872 3.313894 3.225526 2.972215 3.22771 5.375399 6.073299 6.316878 5.533307 7.277401 7.019657 7.240003 8.125783 8.590859 8.738252 8.621997 8.743184 9.166863 9.550725 10.04146 10.37256 10.77487 
  3.615883 4.711398 3.857532 1.342012 3.48092 4.231139 4.258453 5.132531 5.776237 6.1454 6.498921 6.531322 7.366181 7.461821 8.340952 8.702612 8.791983 9.353483 9.710503 10.06881 10.0364 9.909758 10.12314 
  3.858047 3.593405 2.556101 3.413877 4.224413 6.04007 5.881771 5.956219 5.678728 6.034111 6.321645 6.8694 7.063354 8.240291 8.278475 8.338816 8.933639 9.261287 9.586957 9.782872 9.937582 10.55339 10.33576 
  3.615883 4.8985 3.364414 4.093143 5.31256 6.759667 6.451439 6.014759 6.535494 6.43244 6.528467 6.769228 6.899322 8.087614 8.528382 8.809533 9.096768 9.088586 9.810884 10.24286 10.21334 10.90114 11.09357 
  3.880063 3.725591 2.354023 3.837968 5.545734 6.367159 5.881771 5.476129 5.142424 6.315273 6.823928 8.044625 7.834206 8.278461 8.021432 8.338816 8.961969 9.119062 9.6024 10.22214 10.32456 10.73422 10.83861 
  3.902077 4.452614 4.153402 4.858668 4.846211 5.058801 5.565288 6.366 6.316878 6.783941 6.262552 7.332692 7.214767 7.737287 8.590859 8.987735 8.905307 8.773661 9.397021 9.811881 10.47116 10.17878 10.51194 
  4.056182 4.5848 4.745143 5.369018 5.778909 5.647562 5.565288 5.239905 5.65435 5.71879 7.032807 8.174067 7.20215 8.087614 8.340952 8.573213 8.721155 8.946362 9.288712 9.550725 10.14762 10.46993 10.25071 
  5.522329 5.366257 4.547896 5.369018 5.234835 5.582144 6.324846 6.014759 6.371532 6.491024 8.194629 8.756559 8.00903 7.79528 8.465905 8.526333 8.905307 9.159698 9.288712 9.666224 10.16784 10.74118 10.98999 
  5.968112 6.20822 3.758908 3.837968 4.535312 5.843816 6.07166 5.839139 6.043609 6.034111 8.56152 9.209608 8.00903 7.534312 7.791929 9.094657 9.231567 9.583975 9.818605 9.820169 10.10718 10.13515 10.20211 
  4.298346 5.55336 4.547896 5.028784 5.001661 4.454123 4.716687 5.089581 5.727483 6.842525 7.399698 8.82128 7.601106 7.853272 8.37219 8.987735 9.602265 9.261287 9.818605 9.620025 9.906064 10.19332 10.32362 
  5.968112 6.20822 6.717614 6.134542 5.390285 6.105488 5.945067 6.248919 6.152916 5.978466 6.971658 8.368232 7.542831 7.229849 8.497144 8.845174 8.995669 9.522511 9.324815 9.778728 10.13751 10.4282 10.67926 
  7.127147 7.330835 7.605226 6.219601 5.934359 7.217593 6.451439 5.519079 5.988955 5.83008 7.583144 8.627116 7.659381 8.316629 8.622097 8.307563 9.400066 9.614707 9.702781 10.14755 10.50655 10.53253 10.743 
  9.801844 8.734106 7.506603 5.794309 5.934359 5.974652 5.818474 5.722059 6.863419 6.901108 7.705441 8.691837 8.24213 8.049444 7.718488 8.104419 9.467466 9.353483 9.171376 9.365928 9.695944 9.917028 10.30539 
  12.20907 11.35354 9.479074 7.325358 7.022506 5.778398 5.945067 5.956219 7.30065 7.369776 9.356451 11.15125 8.883155 8.125783 7.92963 9.165937 10.27626 9.522511 9.540627 9.419827 9.622402 10.20786 10.69519 
  14.70545 13.97298 12.83227 11.15298 10.59785 9.507221 9.363078 9.058845 8.994924 8.834363 9.173005 9.921541 8.358681 7.882269 7.87455 8.041913 9.197868 9.088586 9.74911 9.658524 10.01112 10.51862 10.66332 
  15.32955 15.4698 15.00199 13.44955 12.92959 11.9931 12.02153 11.69315 11.50901 11.11912 11.86354 13.02816 9.990377 9.118185 9.996588 10.09259 10.41106 9.998858 9.942151 9.504526 9.895558 10.37256 10.79877 
  15.50786 16.03111 15.59373 14.64037 14.17319 13.23604 13.22416 12.86395 12.05555 11.23629 12.53617 13.54593 10.98105 9.881572 10.2465 10.55591 10.95026 10.50594 10.37456 9.940348 10.35994 10.69945 10.98999 
  15.93551 16.40532 16.26761 16.09722 15.71936 14.38496 13.72593 13.09811 11.50901 11.47062 14.00374 15.35813 13.13722 11.56102 11.02746 10.23515 10.84916 9.968126 10.15063 9.604625 10.76351 10.90114 11.14138 
  16.25511 16.68869 16.46318 17.55407 16.99268 15.58884 13.85023 12.80541 11.89158 12.87663 14.79867 16.68126 14.71065 12.87973 12.24575 11.48257 12.29825 10.76716 10.2819 10.07296 11.18472 11.1237 11.23699 
  16.45041 16.78497 16.30952 18.63087 17.99314 16.91312 14.96886 13.77005 13.19862 13.75538 15.33585 17.29526 15.72893 15.02009 13.8833 12.6587 13.37342 11.29936 10.73406 10.19314 11.60593 11.72136 11.53178 
  16.61021 16.7162 16.05807 18.63087 18.81171 18.35778 16.08749 14.71076 13.82848 14.40212 15.80587 17.49992 16.12034 15.70112 14.00687 13.22895 13.61813 11.22815 10.66156 10.31515 11.60593 11.92703 12.17429 
  16.68123 16.59242 15.8896 17.93411 19.72122 19.2005 16.83324 15.38269 14.45834 14.95646 16.00731 17.37712 16.39992 16.38215 14.8718 13.90585 13.96072 11.4418 11.16906 10.67657 11.60593 12.13271 12.09397 
  16.77001 16.59242 15.79098 17.61741 19.90312 20.1636 17.70328 15.92024 15.34015 15.6032 17.01452 17.90925 16.84724 17.7442 16.72524 16.19041 14.40119 11.61984 11.53156 10.60429 12.23775 13.36678 13.21835 
  16.85879 16.88124 16.1838 17.42738 19.90312 20.64516 18.69762 16.59217 15.71806 15.88038 17.01452 17.41805 16.39992 17.06317 17.34305 16.95193 14.25436 11.69106 11.89407 10.31515 12.65896 13.46962 13.78054 
  16.8943 17.01878 16.30952 17.11068 19.72122 20.76555 19.94054 17.39849 16.4739 16.24994 17.01452 17.17246 16.17625 17.84149 18.70224 17.71345 14.40119 11.97593 11.82156 10.67657 13.18547 14.08665 14.18211 
  16.94756 17.17007 16.43524 16.92065 19.53932 20.88593 20.6863 18.3392 16.97779 16.52712 17.14881 17.04966 16.0085 18.23064 19.44361 18.13652 14.25436 12.22519 11.96657 11.25485 13.29077 14.29233 14.18211 
  16.96532 17.2801 16.50509 16.73063 19.44837 20.64516 20.81059 19.27991 17.22973 16.7119 17.55169 17.17246 16.39992 18.6198 19.93786 18.39036 14.59695 12.86614 12.58282 11.76085 13.92259 14.39517 14.34273 
  16.98307 17.33512 16.51905 16.60395 19.35741 20.28399 21.05917 20.08624 17.48167 16.89668 17.82028 17.25432 16.67949 18.6198 20.06142 18.55959 14.69483 12.2964 12.14782 11.25485 13.39607 13.57246 13.37898 
  16.94756 17.40388 16.61684 16.54061 19.17551 20.04321 21.30776 20.62378 17.85959 17.17386 17.88743 17.25432 16.67949 18.32793 19.8143 18.47497 14.64589 12.01153 11.42281 10.31515 12.76426 13.1611 12.73648 
  16.87654 17.4589 16.65875 16.47727 18.99361 19.92283 21.18346 21.29572 18.86737 17.54342 18.15602 17.29526 16.79133 18.32793 19.8143 18.55959 14.69483 11.97593 11.45906 10.24286 12.44835 13.05826 13.05773 
  16.80552 17.43139 16.70065 16.41393 18.81171 19.80244 20.562 21.56449 19.74917 17.7282 18.08887 17.09059 16.67949 17.93878 19.19649 17.88268 14.3033 11.29936 11.24156 11.11028 12.44835 12.74974 12.73648 
  16.7345 17.41764 16.79844 16.35058 18.6298 19.68205 20.06483 21.43011 20.25306 18.19016 18.35746 17.29526 17.35048 18.32793 19.44361 17.96729 14.35225 11.47741 11.78531 13.78483 16.23924 16.55478 15.54743 
  16.62797 17.37638 16.85431 16.2239 18.53885 19.44127 19.44337 20.4894 20.37903 18.46734 18.29031 17.13152 17.18274 18.23064 19.44361 17.375 14.10754 12.36762 12.72782 14.79682 17.29227 17.68601 16.59149 
  16.52143 17.34887 16.86828 16.2239 18.4479 19.32088 19.0705 19.68307 20.75695 19.11407 18.69319 17.82738 18.02147 18.91167 19.19649 17.12116 14.35225 13.25784 11.89407 11.47171 14.3438 14.498 14.66398 
  16.4149 17.30761 16.84035 16.03388 18.35695 18.95972 18.44904 18.60798 19.74917 19.57603 18.76034 17.95018 18.52472 18.23064 18.20799 17.71345 14.93954 13.47149 11.24156 10.74886 13.60668 14.39517 14.58367 
  16.27286 17.29386 16.81241 15.97054 18.266 18.47817 17.82758 17.66727 18.61542 19.57603 19.02893 18.19578 18.52472 17.16046 18.20799 18.05191 15.62471 13.47149 11.02406 9.985932 12.97486 14.18949 15.30649 
  16.13082 17.19758 16.71462 15.71717 17.72029 17.39467 16.83324 16.72656 17.10376 18.65212 18.35746 17.66365 18.13331 16.86859 16.97236 17.375 16.35883 12.75932 10.98781 10.532 12.55365 14.29233 15.86868 
  15.86449 16.77122 16.08601 14.64037 15.44651 15.10729 15.09315 15.11392 15.71806 17.08147 17.14881 16.80406 16.84724 13.85262 14.8718 17.03655 15.42895 11.97593 10.44406 9.612325 11.18472 12.44123 13.78054 
  15.98878 17.0738 16.26761 14.83039 14.17319 13.30146 13.47735 13.63566 13.82848 15.23364 15.67158 15.69888 15.56118 13.07431 14.74824 16.78271 14.64589 11.4418 10.80656 9.961067 10.65821 12.02987 12.09397 
  15.86449 16.88124 16.1838 14.55531 13.70684 12.64728 12.97098 13.36689 13.45056 14.49451 15.33585 15.61701 15.44935 12.78244 13.75974 15.76735 13.96072 11.51301 10.35912 9.9735 10.6026 11.61852 11.85303 
  15.68618 16.64743 15.98823 14.13002 13.00732 12.18936 12.5279 12.98103 12.8207 14.12494 14.73752 15.09924 15.00202 12.17173 12.27699 14.8366 13.27554 11.22815 11.02406 10.13512 10.63799 11.17239 11.6121 
  15.50786 16.21821 15.59373 13.19438 11.91917 11.53518 11.95823 12.33709 12.16485 13.69679 14.30948 14.64619 14.71065 11.59919 11.21489 13.99047 12.93854 11.26375 11.06031 10.24286 10.42566 10.61599 11.3326 
  15.32955 15.84401 15.39649 12.42886 11.37509 11.27351 11.57845 11.57607 11.50901 13.16954 13.698 14.0637 13.6617 11.14116 9.621727 12.26666 11.65795 10.35228 10.01937 9.673923 10.05157 10.49775 10.51194 
  15.06208 15.2827 15.00199 11.66333 10.83102 11.07725 11.00879 11.22483 10.57989 12.34937 13.26996 13.09288 12.37965 10.41594 8.590859 10.8054 10.91656 10.27545 9.502019 9.907195 9.832522 10.93592 10.83861 
  14.79461 14.72139 14.80474 11.3231 10.4424 10.42307 10.12264 10.28819 9.760079 11.99787 12.29158 11.99262 11.38898 9.881572 9.121912 10.16387 10.20886 10.10642 9.918986 10.18485 10.08695 10.51166 10.50587 
  14.70545 14.34719 14.31163 11.06792 10.1315 10.03056 9.679561 9.410085 9.377501 12.46654 12.10814 11.66901 10.98105 9.690725 8.309713 10.09259 10.41106 10.01423 9.579235 10.06053 10.02124 10.6299 10.52788 
  14.6163 13.97298 13.81851 10.81275 9.742874 9.834311 9.173188 9.175924 8.721654 12.40796 11.80239 11.41013 10.92278 9.652555 8.559621 10.34207 10.04036 9.414948 9.517463 9.894762 10.01112 10.40038 10.95812 
  14.43798 13.50522 13.32539 10.3024 8.654726 8.853042 8.476927 8.356363 8.175114 11.76354 11.68009 11.66901 11.15588 9.652555 8.809528 10.27079 9.602265 9.645439 9.540627 9.219629 9.853535 10.37952 10.92625 
  14.43798 12.75681 11.84604 9.111582 8.343827 7.806355 7.717369 7.536802 8.39373 11.82212 11.4355 11.08652 9.932103 8.392968 8.747051 9.878746 8.947803 9.322751 9.586957 9.704723 9.916571 10.23694 10.35399 
  14.08136 12.38261 10.8598 8.005825 6.867056 7.086757 7.33759 6.951401 8.229768 11.00195 10.33483 9.792099 9.232804 8.698322 8.497144 8.952095 8.919473 9.037791 10.07342 10.12269 10.27906 9.93157 10.45119 
  13.18979 11.35354 10.36669 6.72995 6.167533 7.086757 6.388143 6.42454 7.84719 10.65045 10.70172 9.986262 8.300406 7.867771 8.159133 7.666878 9.433766 9.568608 9.230044 10.24286 10.02124 10.14969 10.53584 
  11.76329 10.60513 9.676321 6.134542 5.623459 6.301742 6.451439 6.60016 6.918072 10.1232 9.906788 9.209608 8.300406 7.896767 8.113233 9.165937 9.332667 9.384215 9.34738 9.985932 10.09706 10.12061 10.44512 
  10.33678 8.640554 5.731379 5.028784 4.126585 5.909234 6.134956 6.19038 7.30065 10.24037 9.111856 8.756559 8.358681 8.698322 8.684574 8.952095 8.995669 9.149539 9.193941 9.940348 10.365 10.50471 10.70316 
  7.483773 8.266349 7.210732 4.858668 4.126585 5.320472 6.578032 6.71724 7.136688 9.713116 9.050709 8.950723 8.82488 8.087614 7.791929 8.666971 8.650328 9.322751 9.293224 9.442926 10.53688 10.7064 10.48157 
  7.572929 7.985695 8.098344 5.539134 4.923936 6.694249 7.084404 6.834321 7.245996 9.185864 9.295302 8.368232 7.950756 7.896767 8.094872 8.666971 9.063068 9.276653 9.55607 9.923771 10.13245 10.40734 10.83861 
  4.71992 5.740463 6.224497 5.113843 4.302138 6.497995 6.578032 5.897679 7.191342 9.303031 8.806114 7.397413 7.467124 6.968881 8.497144 8.916454 8.961969 9.017474 9.6024 9.219629 9.338739 10.45602 10.57568 
  5.968112 5.179154 5.336884 3.837968 5.234835 6.497995 6.008364 6.073299 5.776237 7.60411 7.277401 7.069742 6.987647 7.693792 8.260115 8.510707 8.055375 9.129221 9.895822 10.45972 10.35489 10.34474 11.10154 
  5.611485 5.927566 6.027249 2.924164 4.535312 6.759667 6.134956 5.780599 5.727483 7.311193 7.093956 7.526855 7.240003 8.125783 8.77829 8.702612 8.876976 9.630073 10.07342 9.803593 10.01112 10.44907 10.66332 
  4.232301 5.646911 5.632755 3.300867 3.852667 5.058801 5.232201 5.722059 5.9343 6.25669 7.093956 7.332692 7.775931 7.461821 7.993891 8.773892 9.063068 9.614707 9.795441 9.745576 9.874546 10.59512 10.44512 
  4.630764 5.740463 5.041014 3.837968 5.079386 5.778398 5.146281 6.073299 5.142424 6.491024 6.528467 7.591577 7.601106 7.882269 8.622097 8.952095 9.130468 9.149539 9.365431 9.9735 10.12234 10.65076 11.10154 
  4.122227 4.188242 3.956155 2.961834 3.852667 5.189636 5.060363 5.604979 5.824993 6.182497 7.521995 7.332692 7.467124 7.824276 8.012252 9.522342 9.737064 9.36885 9.949873 9.712423 10.32456 10.61599 10.60755 
  4.210286 3.560359 2.480322 3.376207 4.535312 4.398377 5.117642 5.562029 6.590148 7.018275 8.439223 8.691837 8.300406 8.049444 8.622097 9.807466 9.703364 9.36885 10.05025 10.22629 10.45599 11.20716 11.45211 
  3.814018 4.056056 2.833958 3.263196 3.383092 4.063901 3.857498 4.767457 5.727483 6.25669 6.88302 7.915183 7.950756 8.392968 8.809528 8.952095 8.140368 8.824455 9.69506 10.45972 10.0819 10.62294 10.63145 
  4.408421 4.617846 3.162335 4.093143 3.500486 3.924536 3.542462 4.960732 5.9343 5.904273 5.080709 6.769228 7.479742 7.635799 8.021432 8.479454 9.231567 9.220652 9.687338 9.74972 10.10718 10.35865 10.36614 
  4.276331 3.824731 1.949866 4.178202 3.774404 3.59006 5.31812 4.810407 4.728008 6.25669 6.617105 7.019657 7.000264 8.583815 8.653336 8.738252 8.5795 8.885408 9.275173 9.915483 10.19312 10.17878 10.43297 
  4.898233 4.551754 1.874087 2.773483 4.028757 3.757298 3.542462 4.230585 5.118047 6.163948 5.642085 7.019657 7.050735 8.202122 8.403428 8.635718 8.848645 9.338118 9.275173 10.08953 9.958594 10.20786 10.28716 
  4.342376 4.551754 2.909738 3.71524 3.559183 4.231139 5.031723 4.767457 5.361821 6.182497 5.730723 6.844357 8.00903 7.973106 7.755208 7.995034 8.891142 8.804138 9.338354 9.956923 9.70645 10.17151 10.88641 
  5.076546 4.386521 1.747788 3.837968 4.302138 4.036028 5.691881 5.956219 5.824993 6.25669 6.764836 7.462134 7.601106 8.431137 8.528382 8.809533 9.332667 9.430314 9.243583 9.753864 10.16278 10.44907 10.45727 
  4.71992 4.8985 3.212855 2.547461 3.422224 4.788599 4.659408 5.154006 5.879647 6.43244 6.026184 7.332692 8.125581 7.766283 8.122413 9.094657 9.366366 9.36885 9.207479 9.697023 9.895558 10.52557 10.67129 
  4.98739 4.992052 3.660284 3.150186 3.657011 4.314758 4.115254 5.663518 5.288689 5.867176 6.73529 6.982092 7.530213 7.316838 8.309713 9.023376 8.995669 9.44568 9.451177 9.766296 10.02124 10.30238 10.52788 
  4.630764 2.833336 2.960257 3.67757 3.930929 4.286885 5.060363 5.454654 5.459331 6.315273 7.155104 7.207478 7.601106 8.202122 8.076512 8.479454 8.961969 9.522511 9.772276 9.620025 10.16278 10.67163 10.29931 
  4.034167 4.02301 2.783439 3.150186 3.97006 4.14752 5.031723 4.939257 5.556841 6.666774 6.912566 6.656536 7.49236 8.163952 8.177494 8.260683 8.168699 9.583975 9.756832 10.13926 9.727462 10.13515 10.18389 ]
