 [
  4.826519 3.830793 3.009397 4.329107 5.399904 4.787503 5.714127 6.673573 6.315597 7.122562 7.927989 7.793118 7.802599 8.199049 8.117461 9.007504 9.100632 9.491042 9.891018 9.986043 10.01936 10.7753 10.51925 
  5.170099 3.694362 4.240876 5.223903 5.892421 5.842229 6.338948 6.32738 5.908334 6.289948 7.223978 7.300889 7.608728 7.840464 8.330749 8.614991 8.515595 9.174271 9.736408 9.928106 9.962482 10.0693 11.14046 
  3.327259 2.693867 3.960994 4.284521 5.148037 5.615929 5.822589 5.179509 6.157217 6.81157 7.376953 7.793118 7.970375 8.231647 8.715258 9.007504 9.336599 9.264076 9.736408 10.35223 10.50371 10.50586 11.02211 
  3.60837 2.875775 3.681113 4.150764 4.720077 4.951098 5.741242 5.567793 5.659451 6.125225 6.930365 7.483216 7.71602 7.726368 7.362751 8.649598 9.194583 9.805279 10.12293 10.57255 10.63782 10.25808 10.68085 
  3.795778 3.194114 4.016971 3.883251 4.597802 5.141959 4.0872 6.173516 6.588341 5.878141 7.432056 8.011803 7.608728 8.38481 8.76567 8.626527 9.265591 8.894878 9.489985 9.913623 10.23547 10.51766 10.37666 
  4.451704 2.375527 3.233302 4.017008 5.513562 5.414617 5.632781 6.32738 7.230509 6.893931 6.734622 7.902461 7.394146 8.068654 8.664845 9.123061 9.043275 9.412483 9.60784 9.884654 10.11035 10.37607 10.37666 
  3.389728 3.967224 3.345255 3.927837 4.078135 4.814769 6.140348 6.596642 5.885708 6.23504 7.052703 7.246191 7.746674 7.905661 8.117461 8.661134 9.020332 9.569601 9.650696 9.594972 9.894235 10.58207 10.28161 
  4.826519 3.012206 4.128923 4.418278 4.720077 5.223756 5.981469 6.002671 6.542472 6.317402 7.248446 7.902461 7.102928 7.66117 8.297935 8.822635 9.031804 9.412483 9.393559 9.899138 10.1786 10.24628 11.31798 
  4.888988 3.648885 4.128923 4.150764 4.536664 5.223756 5.795474 6.558176 7.276378 6.372309 6.465476 7.683775 8.0263 8.486918 8.019021 8.372741 8.676193 9.114401 9.968324 10.42567 10.36959 10.51766 10.90376 
  5.698445 3.330545 2.897445 3.348225 4.230978 6.219396 6.656707 5.831826 6.588341 7.294036 7.376953 7.847789 7.639383 8.215348 8.281528 8.534241 9.123574 9.294011 9.813713 10.27879 9.916985 10.96853 11.14046 
  4.888988 2.421005 2.785492 4.017008 5.362018 5.469149 5.714127 6.250448 6.680079 7.17972 6.856961 6.516882 6.796382 7.18849 8.215901 8.21124 9.194583 9.18425 9.404272 10.01501 10.43665 10.71089 10.96293 
  3.858247 2.784821 3.12135 4.106179 4.047566 4.160389 5.253164 6.250448 6.863556 7.065405 7.052703 6.918002 7.286855 8.117552 8.035427 8.095882 8.859735 9.412483 9.813713 9.131479 10.36959 10.47046 10.78541 
  4.857754 4.33104 3.233302 2.099829 4.261547 5.114693 5.981469 5.98714 6.428726 5.136889 6.930365 7.410285 7.532092 8.793244 7.707293 8.488098 9.407607 9.412483 9.4257 9.508067 9.746365 10.22269 10.63332 
  4.482939 3.921747 3.401231 5.183091 5.117469 5.00563 5.117587 5.459073 6.360848 6.262494 6.759089 8.011803 7.532092 8.589027 8.002614 8.891949 8.561481 9.254098 9.554269 9.45013 9.837362 10.64648 10.35765 
  4.326766 3.376022 3.513184 4.061594 4.444959 5.766796 5.307395 5.676513 6.270346 6.180133 7.542264 6.57158 7.516765 7.856763 8.150274 8.338133 8.73355 8.715268 9.736408 10.20535 10.36959 10.0929 10.39567 
  4.826519 3.87627 4.128923 4.150764 4.322684 5.496414 5.171818 5.98714 6.542472 6.152679 6.734622 7.082096 7.087601 8.117552 8.866495 8.891949 9.265591 9.204206 9.264989 10.42567 10.21272 10.51766 10.64282 
  4.576642 4.194609 4.296852 3.571152 3.925292 3.833199 4.168547 5.396948 5.048555 6.097771 6.343137 7.027398 7.424801 7.954559 8.002614 8.83417 8.859735 9.274055 9.522127 9.725328 9.939734 10.38787 11.02211 
  4.670346 4.058178 3.401231 3.125297 4.139272 4.405781 5.415857 5.474605 5.50107 6.042864 7.101639 7.118561 7.970375 8.537973 8.866495 9.180839 9.194583 9.412483 9.500699 10.27879 10.57076 10.44687 10.66183 
  4.201827 3.239591 3.177326 3.838666 4.567233 4.842034 4.98201 5.505667 6.202468 6.262494 6.734622 7.04563 7.970375 7.742667 7.904174 8.349669 9.407607 9.204206 9.254275 9.696361 10.23547 9.880518 10.48123 
  4.826519 3.057683 3.009397 3.526567 3.405624 4.02406 5.28028 6.018203 5.976211 6.372309 7.052703 7.738447 7.286855 7.824164 7.658072 8.407348 8.802378 8.695312 9.254275 9.696361 10.1786 10.71089 10.84458 
  5.936636 4.831288 3.905018 4.150764 4.047566 5.766796 6.021189 6.865903 6.451352 7.236878 6.881429 7.355587 7.562747 7.465579 8.068241 8.245847 9.020332 9.234141 9.104279 9.305289 10.1331 10.58207 11.08128 
  6.532113 3.87627 5.08052 4.938214 4.995194 6.143963 5.687012 6.712039 7.597461 7.408351 7.817782 7.957132 10.09554 11.49912 11.89125 12.35863 11.0408 9.883838 9.682837 10.1319 10.77194 10.64648 11.02211 
  6.070618 5.195105 5.896964 5.917721 6.309166 5.653645 6.855307 7.635221 8.14789 8.437192 8.809647 9.542599 11.82922 13.18391 13.45403 14.26531 12.816 11.14078 9.968324 10.57255 10.63782 11.03294 12.38312 
  6.308809 4.103655 3.849041 5.101465 5.025763 4.814769 5.741242 6.673573 6.63421 6.701755 6.808025 7.957132 8.641479 9.865384 10.42928 10.8564 11.82189 11.53358 11.97826 11.74761 10.97311 12.96526 14.45422 
  5.996184 4.149132 4.800639 5.223903 5.740877 5.114693 5.28028 5.847358 6.066714 6.646847 7.48716 7.155027 7.378819 7.498178 8.916907 9.411951 10.40172 10.82655 12.674 12.40858 11.04017 12.44998 13.27073 
  4.888988 4.058178 3.905018 4.239936 3.864154 5.441883 5.524319 5.98714 6.044088 6.125225 6.783557 7.246191 7.516765 7.742667 8.215901 8.568848 8.99739 8.984683 9.60784 10.20535 10.20135 10.41147 10.4337 
  3.795778 2.921252 1.498037 4.061594 4.811782 5.615929 5.605665 5.42801 5.50107 5.850687 6.147394 6.863304 7.71602 8.166451 8.314342 8.83417 8.928562 9.24412 9.179276 10.35223 10.23547 10.19909 10.46221 
  4.451704 3.421499 3.513184 1.921487 4.292115 4.978364 5.117587 5.53673 5.365316 5.933049 5.755909 6.9727 8.361852 8.486918 8.051834 8.799563 8.99739 9.412483 9.891018 10.71943 10.50371 10.58207 10.78541 
  5.10763 5.954036 6.942013 7.346169 7.445743 7.464048 7.609985 7.327494 7.643331 8.094245 7.872885 9.050557 9.983685 9.405896 9.421033 10.68307 10.96979 11.45502 11.82365 12.26169 11.44252 11.03294 11.14046 
  5.549576 8.024767 9.260714 10.35303 9.908327 8.746417 9.635701 9.596983 9.799178 9.866137 10.13213 11.07339 11.94107 11.24385 11.38712 12.41641 12.67398 13.10476 13.52436 13.73052 12.98486 12.32116 12.38312 
  5.263803 6.265759 7.431879 8.203238 7.74883 8.595551 10.0329 10.75096 9.799178 9.980453 10.13213 10.25333 11.49367 11.09069 10.4797 12.01196 13.10003 14.28315 14.76124 13.65707 12.78369 12.70762 12.79734 
  6.070618 5.664579 7.660483 9.10112 8.809635 9.613902 10.46982 9.327722 9.432225 10.3234 10.79338 10.19865 11.66144 11.49912 11.48795 13.10975 14.94625 15.46153 16.84848 16.15407 15.73425 15.28404 14.63175 
  5.96641 6.466153 7.170617 8.570553 8.014031 8.293817 8.841303 9.212324 9.065272 10.66635 11.34441 11.23741 12.55625 12.21388 12.79867 13.97642 16.08238 17.42551 18.08536 18.28386 18.14835 17.08754 16.22945 
  5.326272 5.864973 7.399221 8.937868 9.41581 9.085868 9.238502 9.327722 9.615702 11.46656 11.84034 12.49485 13.45105 12.82653 14.21022 15.70976 17.00549 18.13254 19.01302 19.09171 18.81893 18.18252 17.53129 
  6.457678 6.777875 6.778724 8.81543 8.279233 10.02879 11.07063 10.40477 10.16613 13.18129 13.71387 13.5336 14.51363 13.59235 15.06433 15.82532 17.64456 18.83957 19.24493 19.09171 18.90154 18.76222 18.35973 
  7.698277 8.2956 9.585689 11.23811 10.91528 10.40595 10.39038 11.53096 12.36785 12.32392 13.71387 13.36959 14.17808 14.46027 14.90533 16.35145 17.28952 19.4337 20.02093 19.95909 20.22321 19.53774 19.4137 
  6.264148 6.777875 7.791114 10.35303 9.984098 9.689335 10.98868 11.61773 12.36785 13.52424 13.71387 14.08031 14.84918 14.76659 15.26309 17.02071 18.49053 19.83167 21.18935 21.10234 21.04926 20.23572 20.01596 
  4.701581 6.265759 8.085034 8.897056 10.49296 10.2928 11.31646 11.4442 12.04676 13.58139 14.32001 14.89514 15.56878 15.44722 15.14384 16.77734 19.40366 20.27386 21.51391 21.1738 21.29707 20.62349 20.46766 
  6.621434 7.223194 9.032109 10.35303 11.9007 12.3017 11.39841 11.27068 12.53428 13.9815 15.00619 14.89514 15.65174 16.2186 16.41584 17.90292 19.56247 21.11401 22.0332 21.88833 21.54489 21.47657 20.61823 
  7.698277 8.774109 8.15035 9.386809 10.63373 11.18656 11.48035 10.71249 11.90916 13.9815 14.48029 14.18966 15.07103 16.49085 16.65434 17.47703 19.99918 21.15823 21.96829 22.53141 22.37094 21.70922 21.37106 
  8.009263 7.913438 8.411612 9.55006 10.49296 11.40958 11.5623 12.1383 12.36785 14.21013 14.48029 14.6817 15.15399 16.98997 16.9326 18.14629 20.7138 21.55619 22.42267 22.74577 23.19699 22.4072 21.74748 
  7.85377 8.2956 9.748176 10.70706 11.19683 12.07867 12.2998 12.83239 13.53287 15.40709 15.42692 15.32203 16.1495 15.99172 16.45559 17.26408 18.80814 21.51197 23.07179 22.88868 22.94917 22.48475 22.34975 
  7.387291 10.05013 12.34797 13.18529 13.44921 13.97442 14.43036 15.00145 14.78111 15.40709 16.058 16.38925 17.22797 17.44373 17.36985 17.99418 19.99918 22.17525 23.39635 22.96013 23.4448 22.79497 22.80145 
  6.115279 7.512651 9.260714 9.264371 9.150609 10.7405 11.80813 12.22506 11.86329 14.30988 15.42692 15.39318 15.48583 16.0371 16.09784 17.8725 20.55499 21.90994 22.5525 23.24594 23.69261 23.10518 22.72616 
  5.832428 7.779842 8.73819 10.17602 9.832556 12.07867 12.54563 12.1383 12.45106 14.80861 14.79583 15.17973 15.81766 15.81022 15.66059 17.84208 19.72127 21.86572 23.46127 23.67466 23.5274 22.87252 22.50031 
  6.874512 7.534917 9.585689 10.17602 10.91528 10.7405 12.2998 12.83239 12.95036 15.10785 15.32173 15.25088 16.23246 16.44547 16.41584 17.44661 19.60217 21.86572 23.72091 23.96048 24.02303 22.87252 22.80145 
  6.219487 7.891171 10.07315 9.835751 10.02198 11.18656 11.39841 11.96477 12.78393 14.70886 15.00619 15.82006 15.65174 16.4001 16.6941 17.26408 19.52276 21.99838 23.20162 23.67466 23.69261 23.64805 23.10258 
  8.475742 8.614606 9.748176 9.999002 9.908327 11.5211 11.64424 11.79125 12.45106 14.21013 14.32001 14.96629 15.31991 16.0371 16.05809 17.75082 19.12575 21.15823 23.13671 23.03158 23.69261 22.95007 22.95201 
  8.475742 8.136097 8.73819 9.754125 10.21141 11.29807 11.5623 12.48535 13.03357 14.70886 14.37511 14.57236 16.31542 15.53797 15.81959 17.81166 19.48306 21.51197 23.26653 22.81722 23.4448 22.48475 22.5756 
  10.03067 11.96417 12.83543 12.83125 12.60456 11.63261 11.23452 12.57211 13.20001 15.0081 13.87918 14.24433 15.40287 15.58335 16.29659 18.14629 19.08605 20.98135 22.5525 22.3885 22.45354 21.55412 21.2205 
  13.45152 13.87821 13.16041 13.53932 13.30843 13.0823 11.5623 11.53096 12.95036 14.40962 13.93428 13.64294 15.15399 15.17497 14.86558 16.68608 17.64456 19.38949 20.86479 20.2449 20.55363 19.92551 19.33842 
  16.56138 17.70628 18.36 18.14173 15.56081 14.86654 14.26647 14.56764 16.11256 18.10025 16.68908 16.95843 17.39389 14.56238 14.15981 16.62524 17.36053 18.13254 19.01302 19.09171 18.08129 16.95872 17.29459 
  16.87237 18.18479 19.33492 19.91189 16.82777 14.97805 15.16786 15.78231 17.02794 20.09518 18.79269 18.31024 19.05308 15.90097 14.90533 17.11197 18.21263 18.13254 18.7038 19.23859 16.60601 14.96199 15.10514 
  17.02786 18.18479 19.33492 20.79696 17.95396 16.0932 15.74148 16.12935 17.19437 19.79594 19.52896 18.87942 19.88268 16.62697 15.74009 17.7204 19.32426 18.91813 18.7038 19.45892 17.34365 14.83317 15.46019 
  16.87237 18.02528 19.49741 21.151 18.51705 16.98532 16.06925 16.56316 17.61045 20.49417 20.58076 19.16401 19.96564 17.53448 16.33634 17.84208 19.80067 19.47792 19.01302 19.60182 16.53895 14.3823 15.57854 
  16.56138 18.02528 19.49741 20.44293 19.08015 17.43137 16.06925 16.56316 17.3608 20.29468 21.00148 19.02172 20.13156 17.62523 16.5351 17.75082 19.91978 19.47792 18.54919 19.16515 16.1366 13.86701 15.63771 
  16.0949 17.86578 19.00995 19.38084 18.93937 17.31986 15.74148 16.30288 17.02794 19.89569 20.8963 19.09286 19.79972 17.44373 16.45559 16.89903 19.16545 18.76101 16.53926 17.54945 15.80131 13.86701 15.69689 
  15.62842 17.54677 18.84746 19.91189 19.08015 16.65077 15.57759 15.95583 16.52864 19.19746 21.00148 19.02172 19.30196 16.9446 16.37609 16.53398 18.96695 18.36822 16.38465 17.1088 14.5272 13.02967 14.86844 
  15.00645 17.06826 18.36 20.26592 18.65783 16.0932 14.92203 15.26173 15.7797 18.2 20.3704 18.66598 18.30645 15.76485 15.02458 14.72754 17.64456 17.42551 15.84351 16.88848 14.5272 11.74146 14.33587 
  14.53997 16.11125 17.71005 19.38084 17.53164 15.3126 14.02064 14.22059 14.86432 16.60405 18.68751 17.88335 17.39389 14.56238 14.76476 14.72754 18.29203 17.73975 15.14776 16.30095 14.05779 11.41941 13.21156 
  14.22898 16.27075 17.87254 19.20382 17.53164 14.86654 13.85675 13.78678 14.78111 16.30481 19.21342 18.95057 17.89165 14.81197 14.86558 14.43864 18.14162 17.97542 15.37968 16.59472 14.46014 11.29059 13.27073 
  9.719687 10.68814 15.43523 17.25665 14.43462 8.369249 7.530545 7.481358 8.560713 11.00929 16.058 15.60662 14.06623 10.01855 10.63093 10.39418 14.37818 14.28315 11.74634 13.51019 12.38134 10.71089 11.61385 
  12.36307 14.51622 15.7602 15.66351 13.87153 12.19019 10.90674 11.05869 12.53428 13.12413 16.16318 17.10073 15.23695 12.31599 12.19372 12.06974 14.37818 15.61865 12.82861 14.09772 13.38721 10.83971 11.7322 
  12.67405 14.83522 16.89762 16.7256 13.87153 11.85564 11.07063 11.18392 12.53428 13.52424 17.1098 18.02565 16.39838 12.31599 12.54661 12.64752 15.15927 16.32568 13.36975 14.39149 13.58839 11.03294 11.85055 
  6.97872 10.36914 13.16041 12.12319 8.430777 6.29483 5.768358 6.51971 6.542472 7.69414 11.73014 13.04156 11.66144 8.282701 8.412783 8.799563 9.762649 11.45502 10.20024 11.23352 11.17429 10.90412 11.2588 
  6.413017 5.149627 8.607558 9.223558 6.347052 5.917663 5.497204 5.660981 5.930959 7.294036 9.140268 10.308 9.312582 8.333756 8.412783 9.469729 9.265591 10.66943 10.20024 10.93976 10.90606 10.64648 10.96293 
  6.725643 5.686845 7.105301 8.692991 5.513562 5.578212 5.981469 5.614387 5.998837 7.579825 7.983092 8.722529 8.473702 8.895353 8.183088 8.603456 8.664722 9.014618 9.179276 9.710845 10.43665 10.71089 11.2588 
  5.415594 4.467472 5.733675 7.06048 5.62722 5.653645 6.219788 5.831826 6.542472 6.951089 7.48716 7.282656 7.700692 8.333756 8.56402 8.188169 8.90562 9.333924 9.968324 9.870171 10.57076 10.58207 10.55727 
  7.542784 9.093115 9.585689 9.590874 9.188495 9.99107 11.31646 12.22506 11.95503 13.52424 15.5321 14.75285 12.55625 12.4181 12.19372 12.76308 13.10003 12.00493 11.43712 11.16008 10.97311 12.64321 12.91569 
  9.564193 10.84765 11.69802 11.23811 11.19683 12.19019 13.36508 13.87354 14.1986 14.90836 16.68908 16.3181 14.17808 13.59235 13.20197 13.10975 13.81012 13.18332 12.28748 12.18825 12.64957 13.09408 12.79734 
  11.27462 12.92119 13.81036 12.47722 13.44921 13.52836 14.84008 15.34849 15.2804 16.10532 18.68751 18.0968 15.31991 15.08422 14.46228 14.20753 14.80423 14.20459 13.91088 14.39149 14.66132 14.83317 14.80927 
  12.67405 13.5592 14.13533 14.4244 13.44921 12.07867 12.70952 13.00592 14.11538 15.0081 15.84764 15.39318 14.17808 14.35816 13.95816 14.43864 15.08826 15.46153 15.14776 15.05245 14.59426 14.83317 14.86844 
  10.49715 10.20964 11.37305 12.12319 10.77451 10.85201 10.58898 10.82789 12.86714 14.50937 15.00619 15.67777 15.56878 15.22035 14.66393 14.20753 16.79246 17.66119 18.08536 17.25568 16.60601 16.37902 16.40698 
  7.698277 8.0693 9.748176 11.23811 11.47838 11.85564 10.46982 9.943176 12.78393 16.80354 17.1098 16.4604 16.1495 15.53797 15.62084 15.42087 17.78658 19.31093 19.39954 19.01827 18.34952 18.76222 18.35973 
  7.231798 9.252618 9.585689 10.53005 10.49296 9.840202 10.0329 10.4817 11.77155 16.30481 16.79426 15.67777 15.90062 16.08247 15.54134 16.05643 18.72874 19.4337 20.08584 19.67327 18.98414 19.14998 19.26313 
  6.829851 8.774109 9.910663 11.59214 11.47838 9.651619 9.556261 10.55863 12.45106 16.00557 15.84764 14.62703 14.79326 15.94635 15.81959 16.44271 18.60964 19.83167 19.95602 19.60182 19.89279 19.46019 19.4137 
  6.859625 7.824374 8.215666 9.427622 9.870441 9.99107 8.761863 8.635335 11.58807 16.20506 16.058 14.51768 14.84918 15.40185 15.66059 16.62524 18.60964 20.40651 20.4104 19.81618 19.81019 19.53774 19.56427 
  7.216911 6.978269 8.444269 8.284863 9.036951 10.40595 10.39038 10.52016 11.26699 14.30988 13.93428 14.35367 14.90511 14.9481 15.10408 16.41229 18.56994 19.38949 20.08584 19.88764 19.89279 19.7704 19.8654 
  7.231798 7.0228 9.585689 10.88408 10.17353 9.953352 9.556261 9.596983 11.90916 14.30988 13.98938 14.75285 15.07103 14.90272 15.02458 16.44271 19.12575 19.69902 20.4104 20.45926 20.058 19.7704 19.71483 
  6.130166 7.089599 9.032109 9.223558 8.58232 9.349885 9.675421 10.05857 11.58807 14.90836 14.69065 14.46301 14.90511 14.99347 15.50159 16.26019 19.32426 20.22964 20.73496 19.95909 19.89279 19.69285 19.56427 
  6.993607 7.735311 7.725799 7.958361 7.900374 10.51747 10.0329 10.28937 11.08351 14.50937 13.87918 13.97097 14.01031 15.1296 14.76476 15.82532 18.14162 19.78745 20.79987 20.102 19.89279 19.30509 19.4137 
  6.145053 7.401321 8.476927 8.937868 9.643126 10.10422 10.0329 9.673915 11.49633 13.86718 12.17097 14.40834 14.34586 13.33708 14.71435 16.44271 17.92859 19.56636 20.54023 20.17345 20.22321 19.53774 19.63955 
  6.264148 7.156396 7.529852 8.978682 10.21141 9.840202 10.78758 9.558517 10.94591 13.52424 12.88731 13.97097 14.73733 14.35816 14.46228 15.99865 17.85758 19.38949 20.4104 20.2449 20.14061 20.23572 19.56427 
  5.430481 6.777875 8.313639 8.692991 8.96118 9.538468 10.66842 10.05857 10.99177 12.4954 13.82407 14.75285 14.84918 14.10289 14.26063 16.11421 17.71557 19.56636 20.99461 20.45926 20.058 19.6153 19.63955 
  6.666095 7.935703 8.15035 8.407302 9.074837 9.538468 8.920742 9.71238 12.45106 13.35276 13.54856 14.51768 15.31991 14.66449 14.76476 16.11421 17.92859 19.23237 20.9297 20.38781 20.14061 19.38264 19.11257 
  5.743106 7.868906 8.15035 9.631686 10.21141 10.0665 9.635701 9.827778 12.00089 12.95266 12.83221 14.40834 14.51363 14.25605 14.31105 15.65198 17.28952 18.91813 19.89111 19.88764 19.9754 19.7704 19.63955 
  5.045161 7.557183 7.529852 8.203238 8.317119 8.557834 10.46982 10.2509 11.17525 12.95266 12.55669 14.89514 14.90511 14.40921 14.36146 16.22976 17.85758 19.78745 20.99461 19.67327 19.14935 19.46019 19.26313 
  6.695868 7.156396 7.56251 7.999174 8.809635 8.406967 9.874021 9.481585 11.45047 12.8955 12.88731 13.47893 14.40178 14.35816 14.71435 15.94087 17.57355 19.56636 20.28058 19.67327 18.98414 19.46019 19.33842 
  6.219487 6.332557 8.378954 8.284863 9.264267 9.651619 9.437101 9.558517 11.58807 12.32392 12.83221 13.09623 13.45105 13.89867 14.41187 16.22976 17.28952 20.76026 20.21567 19.67327 19.56237 19.46019 18.73615 
  5.519803 6.198961 8.542243 8.652179 9.226381 9.689335 9.953461 9.520051 11.5422 13.18129 12.6669 14.13499 14.34586 14.10289 14.98483 16.44271 19.20515 21.20244 19.76128 19.23859 18.75187 18.69781 18.5103 
  7.387291 7.668512 7.529852 8.978682 9.946213 10.33052 10.35066 9.135392 12.00089 13.9815 12.55669 13.58827 14.73733 13.79656 13.65568 15.24754 19.12575 21.02557 19.63146 18.87139 18.5507 18.18252 18.18221 
  6.413017 7.95797 7.758456 9.876563 10.35219 9.877919 10.54926 10.67403 12.36785 12.38108 12.22607 13.47893 14.06623 14.05184 14.61352 16.80776 19.12575 19.96433 19.09032 18.72451 18.5507 18.37575 18.00469 
  5.757993 8.614606 8.934135 9.754125 9.377924 10.51747 11.5623 11.09715 12.70071 13.63855 13.21793 13.80696 14.34586 13.84762 13.80692 15.99865 19.24486 19.52214 18.54919 18.3573 17.746 18.0537 17.59047 
  6.532113 8.047033 8.085034 8.978682 9.188495 8.784134 9.99318 9.904711 11.81742 13.9815 13.54856 14.299 14.17808 13.33708 13.95816 16.53398 18.45083 19.07525 18.00805 17.91665 17.54482 17.474 17.41294 
  6.279035 7.35679 8.117692 9.386809 10.09776 9.651619 10.27122 10.13551 12.36785 12.78119 12.39138 14.13499 14.40178 13.28602 14.21022 16.22976 18.25233 18.68246 18.00805 17.18224 16.80718 16.76549 16.70285 
  5.430481 7.156396 7.85643 8.284863 9.984098 9.689335 10.11234 11.35744 12.45106 13.06697 12.00566 14.57236 14.12216 13.0818 14.15981 16.05643 18.21263 18.91813 16.84848 16.37439 16.27072 16.2502 16.22945 
  6.844738 6.711078 7.333906 9.468435 9.150609 9.877919 9.99318 10.63556 11.58807 12.32392 11.84034 13.86163 13.73068 13.18391 13.25238 15.01643 17.85758 17.97542 16.46195 16.15407 15.60013 15.92815 15.51936 
  6.695868 6.777875 7.464537 9.182745 8.58232 9.123585 9.238502 9.558517 11.12938 12.83834 11.28931 14.18966 13.84253 13.33708 13.40362 14.95865 17.1475 16.71848 15.6889 15.63998 15.13073 14.70435 14.86844 
  7.698277 8.136097 8.085034 9.958189 8.847522 8.520117 9.715141 10.13551 11.12938 12.03813 11.56483 13.36959 13.67475 12.82653 13.00032 15.30532 17.71557 16.40424 14.76124 14.39149 13.7225 13.93142 14.09918 
  7.053155 8.091565 7.26859 9.305183 9.41581 8.784134 10.90674 11.18392 11.26699 12.03813 11.56483 13.20557 14.12216 12.92864 12.39537 14.72754 17.1475 15.54009 13.75627 13.51019 13.32015 13.02967 13.44826 
  7.542784 8.774109 8.085034 9.999002 8.885407 8.4824 10.0329 10.86636 10.8083 11.46656 11.39952 13.09623 13.05958 12.4181 12.59702 14.84309 16.65044 14.7545 13.13783 12.92266 11.77781 12.19234 12.02807 
  7.097816 7.200928 7.464537 9.10112 8.089804 9.576185 10.50954 11.09715 11.08351 11.4094 10.51786 12.38551 12.16477 12.00966 11.28629 13.28308 14.5202 12.79052 11.66903 11.67417 11.50958 11.41941 11.43633 
  6.338583 6.221227 7.823772 8.897056 8.014031 8.067516 9.874021 10.86636 10.67069 10.60919 10.40765 12.82288 12.72402 11.70334 11.23588 12.64752 13.02903 12.08349 11.43712 10.79287 11.10723 11.03294 10.7759 
  6.78519 8.455103 7.693141 7.142105 6.991112 7.878932 8.722143 9.212324 10.44135 9.980453 10.07703 10.74537 11.21404 11.24385 10.78217 10.79862 10.89878 10.19807 10.12293 10.20535 10.50371 10.49406 10.78541 
  6.770303 8.002501 7.170617 8.121613 7.483629 7.049164 7.133346 8.789199 9.799178 9.123085 9.581097 10.6907 10.54294 10.01855 10.02598 10.39418 10.1887 9.194228 9.672124 10.05846 10.57076 10.28168 10.84458 
  6.427904 6.354823 6.68075 6.570726 7.028998 6.63428 7.292226 7.55829 8.239629 7.751298 8.86475 9.925298 9.592208 9.048516 8.916907 9.065283 9.478616 9.313968 9.511413 9.884654 10.15585 10.96853 10.84458 
  6.442791 8.091565 7.431879 6.448287 7.10477 8.029799 7.689425 7.596755 8.377236 8.665823 8.0933 9.979969 9.536283 8.691136 8.281528 9.296395 9.265591 9.134357 9.71498 10.05846 10.0876 10.18729 10.69035 
  5.817541 8.136097 7.660483 4.979026 6.839569 7.162314 7.609985 8.01988 8.835927 7.122562 8.148403 9.925298 10.03961 8.691136 8.56402 8.83417 8.940033 9.648161 9.891018 10.49911 9.939734 10.47046 10.40518 
  5.787767 6.911471 6.190884 5.917721 6.650139 7.162314 7.212786 8.250675 8.514843 7.808456 8.644336 8.995886 8.305927 8.844299 8.117461 8.430419 9.69164 9.303989 9.125707 9.942591 10.50371 10.44687 10.84458 
  5.996184 6.733344 6.550119 5.958534 6.006079 6.63428 6.934747 7.789085 7.597461 6.866477 7.223978 9.433256 8.585553 8.640081 8.199495 8.234311 9.194583 9.333924 10.04563 9.768782 10.30253 10.42327 10.84458 
  7.082929 8.047033 6.484804 6.529913 5.300881 7.162314 7.212786 6.942835 6.817687 7.122562 8.038197 8.613187 8.250002 8.589027 8.412783 8.949726 8.90562 9.805279 10.04563 9.754297 9.507498 9.762529 10.90376 
  6.055731 7.312258 7.399221 6.733977 5.930307 6.74743 7.451106 6.635107 6.451352 7.122562 7.983092 7.738447 7.746674 8.282701 8.199495 9.007504 9.549623 9.805279 9.736408 10.57255 10.30253 9.986709 10.65233 
  5.38582 5.93177 6.125568 5.713657 6.006079 6.671997 6.100628 6.51971 6.771818 6.262494 6.710154 7.063863 8.082226 8.486918 8.513608 8.465027 9.066217 9.333924 9.891018 9.957075 10.50371 10.36427 10.63332 
  5.138865 5.642313 5.472413 5.509593 6.233394 6.143963 6.140348 5.800764 6.383474 6.372309 7.652471 7.683775 7.639383 8.435864 8.463195 8.891949 9.077689 9.72672 9.968324 9.841202 10.50371 10.96853 10.72837 
  5.653785 6.733344 6.158226 5.101465 5.778763 4.951098 5.090472 5.862889 6.428726 6.674301 8.313714 7.793118 7.578074 8.333756 8.96732 9.065283 8.91709 9.72672 9.672124 9.696361 10.18997 10.51766 10.72837 
  6.040844 6.822407 6.125568 5.509593 5.551448 5.060161 5.687012 6.157985 6.225094 6.81157 8.0933 7.592612 7.91445 7.889361 8.513608 8.499634 8.73355 9.194228 9.60784 9.913623 9.905609 10.22269 10.78541 
  5.906862 6.332557 5.994937 5.060652 5.399904 5.169224 5.862309 5.707575 6.292972 7.408351 7.223978 7.063863 6.765728 7.269987 9.068146 9.065283 9.407607 9.491042 9.813713 10.27879 10.11035 10.26988 10.34815 
  5.519803 7.111864 6.321515 3.259054 4.567233 5.19649 5.442973 5.567793 5.704702 6.674301 6.636751 6.845071 7.332837 8.133851 8.463195 8.476562 8.90562 9.24412 9.682837 10.05846 9.916985 10.1047 10.71887 
  5.341159 6.087632 5.08052 3.79408 4.658939 4.54211 5.795474 6.288914 5.976211 6.097771 6.9793 7.537914 7.501437 8.019756 8.463195 8.83417 9.336599 9.174271 9.414987 9.870171 10.07623 10.64648 10.68085 
  5.326272 5.195105 5.570386 4.19535 4.964625 5.032895 5.822589 6.064796 5.863082 6.070317 6.514411 6.77214 7.670038 7.93826 8.281528 8.45349 8.538538 9.034575 9.891018 10.27879 10.20135 10.21089 10.24358 
  4.701581 5.352856 5.635702 4.774962 4.842351 4.460313 5.470088 5.19504 6.63421 7.122562 7.321849 6.9727 7.363492 7.92196 7.838547 8.222775 9.194583 9.72672 9.586411 9.710845 9.746365 10.0811 10.33864 
  5.138865 5.286058 4.072947 4.418278 5.33145 5.00563 5.524319 5.785232 6.542472 6.893931 7.077171 7.501448 8.138151 8.003457 8.330749 8.315062 9.08916 8.954748 9.968324 9.884654 9.916985 10.29348 10.64282 
  6.055731 5.954036 4.856615 4.106179 5.178606 4.842034 5.981469 6.365846 6.496603 6.372309 6.783557 7.665543 7.286855 7.318885 8.463195 8.799563 8.618837 8.964726 9.891018 10.27879 9.939734 9.97491 10.54777 
  6.011071 5.620048 4.856615 4.061594 4.995194 5.578212 6.616987 5.956077 5.659451 7.236878 7.297381 7.136794 7.440128 7.579674 8.816083 9.123061 8.756493 9.284033 9.672124 10.05846 10.07623 10.58207 11.02211 
  4.982692 5.597781 6.223542 4.641206 5.702991 5.804512 6.775867 5.521199 6.225094 7.065405 6.294201 7.337354 6.949655 7.873062 7.887767 8.384276 8.538538 8.815051 9.050708 9.638424 10.21272 10.58207 11.14046 
  5.263803 5.286058 4.968567 5.75447 6.233394 6.332546 5.470088 5.785232 6.383474 6.180133 6.269733 7.209725 8.138151 7.92196 7.838547 8.799563 9.336599 9.044553 9.532841 9.710845 10.20135 10.71089 10.22457 
  5.77288 5.286058 4.296852 3.972423 5.475676 4.705706 5.198934 5.552261 6.428726 6.59194 6.9793 7.191492 7.179564 7.710069 8.314342 9.007504 9.008862 9.144336 9.393559 9.421162 9.814612 10.64648 10.50024 
  5.624011 5.709111 5.145836 4.59662 4.261547 4.078591 5.768358 5.567793 7.001163 7.636983 7.597367 7.610845 7.639383 8.15015 8.513608 8.418883 8.928562 9.124379 9.522127 9.826717 10.36959 10.83971 10.34815 
  4.732815 5.909504 5.472413 3.39281 4.169841 4.35125 5.605665 6.365846 6.4061 7.065405 7.707574 7.027398 7.056946 8.117552 8.664845 8.83417 8.389411 9.204206 9.564983 9.363226 9.757739 10.42327 10.17704 ]
