 [
  4.924773 4.78247 4.671972 4.242785 4.506043 4.709098 4.833488 5.347623 5.714932 7.17461 6.993441 7.08763 7.999756 8.02856 8.565576 8.710108 9.639628 9.475458 9.527838 9.830381 10.50583 10.39847 10.84972 
  5.372157 5.616499 5.004766 5.149458 4.929222 5.36783 5.838436 6.452652 5.549436 6.431675 7.562824 7.16233 7.958168 7.616692 8.451072 8.779097 8.676929 9.184029 10.11072 10.17571 9.972742 10.74548 10.46593 
  5.18021 4.937569 4.520703 4.856122 5.275458 6.191245 5.772896 5.775275 5.756306 6.431675 6.930705 7.752281 7.654735 7.946599 8.879561 8.416906 9.096737 9.287667 9.766992 9.830381 10.16538 10.59167 11.18351 
  4.049556 4.503292 4.73248 4.509453 4.813809 5.730133 5.139342 5.974846 5.880429 6.284343 6.554287 7.846332 7.684513 7.228566 8.610431 8.623873 8.913785 9.166756 9.9435 9.682396 10.16538 10.19361 10.47952 
  3.666649 3.820856 4.460195 4.349452 4.506043 5.796006 5.641816 6.316968 5.59081 6.186122 6.617023 6.714128 7.2974 7.713724 8.153552 8.054716 8.687227 8.890386 9.433869 9.656659 10.19633 10.00451 10.45233 
  4.788021 4.844509 4.18791 3.869448 3.698158 4.906717 5.991363 5.632725 5.921803 7.17461 6.78432 6.714128 7.401622 7.966005 8.879561 8.810666 9.213071 9.427979 9.664803 9.470069 10.50583 10.66858 10.79409 
  4.158958 3.727797 3.673594 3.842781 4.275219 4.511478 5.641816 5.575704 5.508061 6.210677 6.888881 7.23703 7.386733 6.995691 8.849658 8.054716 8.893188 9.760335 9.701962 10.11361 10.06906 10.20937 10.5339 
  3.967505 4.162074 4.127402 3.789447 5.121575 5.236084 5.619969 5.490174 6.190734 6.014235 5.96875 6.844854 7.833403 7.73313 7.781652 8.485895 8.553351 8.950842 9.120643 10.05151 10.35108 10.43787 10.73846 
  6.01198 6.353964 5.640255 4.909456 5.198517 6.269149 6.770887 5.604215 6.659514 7.428006 6.700672 7.330405 8.166109 8.218495 8.505769 8.810666 8.718122 9.063117 9.627643 9.624489 10.0209 10.66858 10.58828 
  5.061526 3.2625 3.129023 4.669455 4.775339 5.334893 5.204882 4.492318 5.880429 6.971893 6.512464 7.42378 8.332462 7.88838 7.682479 7.675279 9.037362 9.140846 9.720542 9.849684 10.10759 10.43787 10.76627 
  4.350412 4.037995 3.64334 3.442778 4.467573 4.643224 6.013209 6.316968 5.446001 6.235232 7.160738 7.367755 7.4314 6.762815 8.327106 8.589378 8.532755 9.3805 9.748411 9.830381 10.16538 10.78393 10.93317 
  4.323061 3.665757 4.278672 4.402785 4.698397 4.379732 5.073802 6.174417 6.659514 7.326647 7.335368 7.611206 7.356956 7.500255 8.475865 8.192694 8.687227 9.184029 9.776281 9.759605 9.982373 10.31968 10.73846 
  3.940154 4.68941 4.762734 4.96279 4.890751 4.906717 5.292269 5.718255 5.94249 6.554452 7.077089 7.31173 7.237844 7.73313 8.744996 8.399659 8.913785 8.976751 9.475633 9.669528 9.548944 10.31968 10.57469 
  4.651268 3.851876 4.702227 4.45612 5.083105 5.005527 5.335962 5.889316 5.363252 6.358009 6.554287 7.143655 7.999756 7.597286 8.580527 8.399659 8.841699 9.261758 9.371224 9.437899 10.41298 10.63013 10.96098 
  6.26791 5.985231 5.640255 5.563286 6.592737 6.580766 7.387129 7.266756 7.376158 7.022572 7.79028 7.940382 7.565401 8.218495 8.227932 8.158199 9.445739 9.617897 9.569601 9.663094 10.32013 10.78393 11.29477 
  4.870072 5.524316 5.475975 5.232224 4.775339 6.125372 5.925822 6.202928 6.29417 5.842347 6.637936 7.564181 7.029398 7.830161 8.041982 8.641119 8.656333 9.926513 9.906341 9.942834 10.10759 10.13845 10.71064 
  4.432464 4.224113 3.945879 4.029449 4.967692 4.610288 4.877182 5.547194 6.376918 6.529897 6.972529 6.882204 7.371844 7.616692 8.178346 8.589378 9.251848 9.451719 9.319019 9.973884 10.35108 10.70703 10.37076 
  5.006825 4.503292 4.369433 4.10945 5.275458 5.697196 5.030108 5.062521 6.045925 6.40712 7.380859 7.34908 7.744069 8.004818 8.52072 8.905374 9.096737 9.3805 9.832021 9.843249 9.96311 10.51477 10.56109 
  5.947998 4.968588 4.127402 3.656113 5.198517 5.104337 5.139342 5.376133 6.480353 6.873672 7.335368 7.799306 7.490956 7.422629 8.265122 8.692861 8.965276 9.546678 9.720542 9.880733 10.06906 10.43787 10.49312 
  5.088877 5.33995 5.229554 4.296118 5.840006 6.269149 7.69525 8.08086 5.714932 6.235232 7.223474 7.23703 6.99962 7.655505 8.289915 8.416906 8.728419 9.218575 9.381665 9.849684 10.44393 10.42211 11.07224 
  5.692068 6.353964 5.968817 6.05988 6.592737 7.048192 9.081794 8.827122 7.376158 8.036156 8.336175 7.23703 7.490956 8.812042 8.265122 8.761849 8.841699 9.594157 9.402547 10.00493 10.0498 10.55322 11.15569 
  6.715786 7.183612 6.625939 5.977114 6.216372 8.762086 10.00616 8.42007 7.615039 9.353815 11.02016 11.18511 10.82776 10.56894 10.38968 10.98895 11.34586 11.61203 11.42731 12.26739 11.18674 10.51477 11.40603 
  7.291627 7.275795 8.268745 7.632425 6.310463 8.684181 10.39131 8.759279 7.435878 9.70857 10.88368 9.58626 10.82776 10.04662 9.477631 9.789314 10.53152 10.52001 10.77959 11.55744 12.54857 12.55269 12.26832 
  8.059415 9.949106 8.925869 7.963488 7.815924 8.995798 10.31428 9.030647 7.973361 10.01264 11.15663 9.58626 10.57823 10.04662 9.058982 9.789314 10.18252 10.70992 10.77959 11.35561 12.27001 13.12946 13.77036 
  12.21827 15.01918 14.26499 11.68794 10.54457 10.08646 11.3927 9.505541 10.42189 10.97555 11.56605 10.38569 10.66141 10.56894 9.91123 9.915591 10.84175 11.13724 10.47303 11.12274 12.82712 12.97565 13.49221 
  14.12226 17.12739 15.89864 13.83984 12.23821 11.64454 11.93191 10.31964 10.66078 11.53302 11.97547 11.79644 11.45159 11.82592 10.32988 10.98895 12.58675 13.08827 12.61478 13.66654 14.56078 14.51371 15.33303 
  14.25115 17.23049 15.61916 14.33644 11.20321 11.25502 12.08597 10.11612 10.12329 10.72215 11.97547 12.21967 12.03382 12.41252 12.49281 12.15701 12.97453 13.78109 13.58634 15.06569 16.55597 16.26686 16.6074 
  14.20819 17.04721 15.33281 14.08814 11.20321 10.70969 12.00894 10.45533 10.66078 11.38098 12.20293 12.54884 12.78241 13.39019 13.12375 13.20495 14.24537 14.47391 14.55791 15.81907 17.24995 18.08131 17.98798 
  14.10078 16.77066 14.75783 13.26048 10.16821 11.17712 11.93191 10.18396 11.13854 11.43166 13.02177 13.34827 12.99035 13.58573 13.965 14.02992 14.84226 14.9358 15.96128 16.78771 18.11743 18.74111 19.79334 
  13.88596 16.40192 14.34713 12.43283 9.03911 9.852745 10.39131 10.59101 10.83994 11.02623 12.52137 12.50182 12.57447 13.68349 13.85984 14.19491 15.0661 14.85882 15.52948 17.00297 18.37767 19.64833 19.89954 
  13.60671 16.12538 13.93643 11.68794 8.850927 9.38532 10.08319 10.31964 10.36217 10.31672 12.24842 12.87802 13.43456 14.17233 13.965 14.5249 15.7376 15.47466 15.31357 16.89534 18.63791 19.97823 20.21814 
  13.30597 15.94101 13.93643 10.94305 8.850927 9.774841 10.23725 9.844751 11.07882 11.8371 12.15744 12.50182 13.15671 13.9768 14.70109 15.07488 15.51376 15.3207 15.42153 16.89534 18.37767 20.22565 20.53673 
  13.05004 15.66446 13.69001 10.28092 8.568654 9.619033 10.00616 9.030647 8.988606 11.02623 12.74882 13.25422 13.57349 14.36787 14.70109 15.34987 16.33449 15.85956 16.71695 17.75635 19.07165 20.47308 20.96152 
  12.60216 15.48009 13.85429 10.03263 8.756837 9.541128 10.46834 10.65886 11.07882 10.67147 12.20293 13.78539 13.92081 14.46563 14.70109 15.07488 15.88682 16.55238 16.93285 18.40211 19.41864 19.81328 20.21814 
  12.4742 15.48009 13.93643 10.77752 10.07411 10.47598 10.77646 11.60864 11.6163 11.27962 12.29391 13.06612 13.22617 15.05224 14.59594 14.08492 14.76765 15.85956 17.58056 18.50974 19.1584 20.30813 20.64293 
  12.34623 15.57228 14.18285 11.27411 9.509567 10.39808 11.54676 11.60864 11.37742 11.22894 12.24842 13.44232 13.22617 15.83437 15.22687 14.4699 15.7376 16.24446 17.58056 18.61736 19.59213 20.55555 20.43053 
  12.41021 15.75664 14.59355 11.7707 10.54457 10.16436 10.46834 10.79454 10.89966 11.38098 12.56686 14.20042 13.71242 14.5634 14.07015 14.4699 16.33449 15.93654 17.25671 18.18686 19.41864 19.89575 19.58095 
  12.21827 15.94101 15.08639 12.35006 11.67367 11.02131 11.00755 10.38749 10.48162 11.02623 12.02096 13.78539 13.15671 14.66117 14.17531 14.30491 16.4091 16.16748 17.25671 18.40211 18.55116 18.41121 18.41277 
  12.15429 16.30974 15.65909 13.26048 12.4264 11.48874 11.70082 11.13375 11.07882 11.8371 12.97628 14.53245 14.47652 14.75893 14.59594 15.07488 16.11065 16.0905 16.93285 17.21822 17.16321 17.91636 17.66938 
  12.0903 16.67847 16.25797 14.50197 14.02595 12.96892 11.70082 11.81217 12.15378 12.29321 12.74882 14.44944 14.68491 17.20312 16.90937 15.01988 16.25987 16.0905 17.47261 18.18686 17.24995 16.67923 16.50121 
  12.02632 17.1503 16.89677 15.08133 14.96686 13.59215 12.54815 12.28706 12.09406 12.19185 13.15323 15.36252 14.82384 16.61651 16.80422 14.74489 16.55832 16.39842 15.85333 16.57246 15.86199 16.34933 15.75782 
  11.70641 17.42522 17.37588 15.16409 15.53141 13.74796 13.01033 12.08354 12.57183 12.29321 13.06726 15.36252 15.72687 16.32321 16.48875 14.5249 16.33449 15.93654 15.09767 14.74281 14.73428 15.60706 15.22683 
  11.19455 17.6085 17.7352 15.57792 16.19005 14.37119 13.78064 12.21922 12.69127 12.69864 13.84095 16.44161 17.25508 16.32321 16.80422 13.86493 17.52826 17.01427 14.01815 13.77417 14.30054 15.09048 14.37725 
  10.49074 17.7116 17.97476 15.89139 16.7546 14.83862 14.55094 13.23685 12.98987 12.95204 14.18481 16.60762 17.53293 15.73661 16.5939 14.6899 17.00599 16.86031 13.37044 12.48265 13.84849 14.78287 14.37725 
  10.04287 17.76887 18.09453 16.15028 17.22505 15.15024 14.93609 13.71174 13.52735 13.45883 14.35674 16.52461 17.11615 15.93214 17.01453 16.00985 18.05054 16.86031 12.83068 11.60401 14.30054 14.74441 14.37725 
  10.04287 17.75741 18.09453 16.55711 17.57053 15.38395 15.16718 13.84743 13.88567 13.97974 14.95849 17.18867 17.04668 16.02991 16.5939 16.28484 18.72204 17.01427 12.50682 11.43324 13.91039 14.09074 13.77036 
  10.23481 17.7345 18.01468 16.96395 17.93617 15.53976 15.32124 13.98311 14.12455 14.24019 15.90411 18.35076 17.04668 15.93214 15.33203 16.17484 18.49821 17.24521 11.75116 11.55744 13.35328 13.47552 13.21405 
  10.42676 17.70014 17.93483 17.37078 18.32467 15.77347 15.4753 14.18664 14.52288 14.84791 17.19358 18.76579 16.6299 15.24777 14.17531 15.84485 17.82671 16.16748 11.53526 10.96749 12.70332 13.36017 14.02071 
  10.68269 17.65432 17.85498 17.74062 18.64461 16.16299 15.78342 14.66153 15.23988 16.15018 18.39709 17.76971 15.24062 13.58573 12.91343 15.18488 17.45365 15.47466 11.75116 10.76566 11.7129 14.74441 15.01443 
  10.87464 17.58559 17.7352 17.96253 18.75887 16.56187 16.09154 15.00074 15.87721 17.36563 18.48306 17.52069 13.92081 11.82592 12.07219 14.30491 16.55832 14.16599 11.2114 9.79821 12.33191 14.97512 14.48344 
  11.19455 17.52831 17.61543 18.07349 18.75887 17.06046 16.4951 15.52739 16.67387 18.49426 17.27955 16.10958 12.69923 10.97255 10.6 14.02992 16.03604 13.08827 10.69598 10.12913 12.39382 14.85977 14.37725 
  11.3865 17.47104 17.49565 18.0365 18.5532 17.5092 16.79776 16.05404 17.5502 18.92835 16.84972 13.9514 11.90906 10.85384 10.29997 12.25172 14.02154 12.78034 10.61238 9.880733 12.36287 14.01384 13.93726 
  11.64243 17.44813 17.4158 17.99952 18.37037 17.75849 16.99954 16.53281 17.86886 18.49426 17.10762 12.92504 11.16047 10.35526 9.896278 11.43092 12.8582 11.46959 10.18504 10.25333 12.85807 14.283 14.27105 
  11.89836 17.42522 17.29602 17.88856 18.14185 18.05765 17.10042 16.9637 18.18752 18.23381 16.4199 11.98454 10.86935 10.07036 9.836472 11.33621 12.78064 11.65951 10.26865 9.527977 13.50804 14.66751 14.37725 
  12.15429 17.42522 17.21618 17.85158 17.95902 18.30695 17.20131 17.15521 18.26719 17.88654 15.81814 11.70239 10.57823 9.761718 9.328113 10.8311 13.82765 12.13431 10.14788 10.28438 13.69374 15.35963 14.80204 
  12.41021 17.40231 17.0964 17.77761 17.7305 18.55624 17.20131 17.15521 18.02819 17.97335 15.81814 11.37321 10.82776 9.714233 9.343064 11.20993 14.02154 10.92358 9.527838 9.896259 13.10568 15.12893 14.21542 
  12.73013 17.42522 16.97662 17.74062 17.57053 18.8554 17.20131 17.01158 17.70953 17.7129 16.162 11.84347 10.20394 9.619267 9.896278 11.87289 13.94398 10.92358 9.804152 10.02046 13.75564 15.12893 14.48344 
  13.05004 17.40231 16.77699 17.66665 17.50197 19.15456 17.15087 16.91582 17.5502 17.53926 15.47428 12.40777 10.53664 9.904169 10.21026 11.84132 12.97453 11.04228 10.08285 10.23781 13.69374 14.89822 14.10415 
  13.30597 17.39086 16.61729 17.59269 17.68479 19.30413 17.3022 17.01158 17.94853 17.7129 14.78656 12.68992 10.53664 9.263138 9.806568 11.71504 12.93576 10.59122 10.2222 11.07616 13.87944 15.35963 14.80204 
  13.54226 17.35649 16.37774 17.48173 17.93617 19.25427 17.90753 17.49035 18.66552 18.14699 15.04446 13.53637 10.703 8.930752 9.866375 12.59898 13.98276 10.85236 9.785571 12.05214 14.73428 15.35963 13.93726 
  13.80004 17.32213 16.17812 17.33379 18.09614 19.00498 18.46241 17.82549 19.06385 18.14699 15.38832 13.78539 10.24552 9.690492 9.776665 12.87496 14.02154 11.08976 10.72385 12.37502 14.64753 16.26686 14.58964 
  14.03633 17.28776 15.97849 17.18585 18.14185 18.75568 18.91641 18.01699 19.14352 17.79972 16.162 16.10958 11.86747 9.737976 10.03084 12.92996 14.69304 12.39544 9.906341 13.55891 15.08127 15.52458 13.90944 
  14.22967 17.21903 15.81879 16.88998 18.1647 18.65596 19.21908 17.87336 18.82485 17.36563 15.90411 16.02657 12.61606 10.07036 10.34483 12.92996 14.69304 12.30048 9.454751 13.34366 15.08127 15.44211 13.54784 
  14.38004 17.17321 15.69901 16.66807 18.11899 18.70582 19.21908 17.63398 18.26719 17.19199 15.13042 15.77755 13.71242 10.28404 10.00094 12.31486 13.94398 11.70699 10.56593 13.34366 14.99452 15.32118 14.21542 
  14.46596 17.10448 15.57924 16.40917 17.95902 18.75568 19.26952 17.44247 17.94853 17.10518 14.87253 15.69454 13.43456 10.49772 9.38792 11.27307 12.97453 11.46959 10.46374 12.80553 14.56078 15.52458 14.1876 
  14.53041 17.04721 15.4971 16.18727 17.86761 18.80554 19.21908 17.29884 17.70953 16.7579 14.4427 15.69454 13.71242 10.80636 9.447727 10.95738 12.62553 11.56455 10.76101 11.58849 13.87944 15.28273 13.826 
  14.57337 16.95502 15.33281 16.07631 17.7762 18.75568 19.0173 17.29884 17.3112 15.88973 14.09884 14.53245 13.29563 11.23931 10.70515 11.62033 13.36231 12.03935 10.72385 12.59027 14.47404 15.44211 13.71473 
  14.59485 16.95502 15.33281 15.96536 17.70764 18.65596 18.81552 17.29884 17.23153 16.06336 14.18481 14.86448 13.50403 10.64017 10.49484 11.49406 12.66431 11.30342 9.93421 11.83689 14.21379 15.68953 14.13197 
  14.61633 16.86284 15.25067 15.92837 17.59338 18.45652 18.5633 17.29884 17.23153 15.45564 13.15323 14.28343 13.78188 11.14155 10.49484 11.30464 12.00508 11.82569 10.72385 11.69716 14.12705 15.44211 13.99289 
  14.61633 16.86284 15.25067 15.8544 17.47911 18.40666 18.41197 17.25096 17.3112 15.282 12.29391 14.11742 13.92081 10.52146 10.16541 12.25172 13.24598 12.32422 10.39871 11.80584 14.30054 15.35963 13.68692 
  14.63781 16.86284 15.16853 15.81742 17.41056 18.05765 18.05886 17.25096 17.3112 14.93473 12.47587 13.01909 12.86559 10.14159 10.25512 12.7884 13.51743 12.39544 10.54735 10.73461 13.69374 15.20583 13.24187 
  14.61633 16.86284 15.16853 15.74345 17.36485 17.85821 17.70575 17.29884 16.91287 14.06655 11.92998 13.70238 13.85135 11.04378 9.343064 12.87496 13.12965 11.27968 9.804152 10.92091 12.82712 14.89822 13.18624 
  14.63781 16.86284 15.16853 15.74345 17.31915 17.70863 17.60487 17.72973 16.91287 13.54565 11.70252 12.97207 13.29563 10.02288 9.73181 12.81997 13.05209 11.68325 9.87847 10.53279 13.63184 15.35963 12.90808 
  14.63781 16.86284 15.08639 15.66068 17.31915 17.45934 17.35265 17.34672 15.55854 12.49592 10.7927 11.42024 11.86747 10.07036 10.24017 12.56741 12.74187 11.63577 10.23149 10.25333 13.26043 15.60706 13.40876 
  14.63781 16.77066 15.00425 15.49515 17.22505 17.16018 17.20131 17.20308 14.60255 11.73574 10.47426 11.79644 12.90718 10.30778 9.04403 12.28329 12.8582 10.52001 9.832021 10.59488 13.10568 14.59061 11.76764 
  14.63781 16.77066 14.83997 15.16409 16.94278 16.7613 16.94909 16.58068 12.81071 10.51944 9.837385 11.32619 12.49129 10.40275 8.401485 12.09387 12.31531 9.902773 9.757702 10.82776 12.20811 14.09074 11.8789 
  14.65929 16.67847 14.67569 14.83303 16.47232 16.46215 16.74732 16.14979 12.2135 10.31672 8.51814 11.18511 13.03194 10.8301 8.426279 11.9676 12.1602 10.52001 9.609062 10.39306 12.33191 13.97539 10.87753 
  14.61633 16.58629 14.26499 14.1709 15.6255 16.08509 16.29332 15.62314 11.37742 8.694985 8.973052 10.85594 12.20017 10.02288 8.670238 11.52563 12.04386 10.35383 9.906341 10.85881 11.86766 13.32172 10.60188 
  14.40152 16.30974 13.69001 13.09495 14.5905 15.30604 15.32124 14.59369 11.07882 9.505853 9.155017 10.15056 12.61606 10.71139 9.118789 10.67325 10.88052 9.475458 9.496514 10.25333 10.66059 11.47606 10.60188 
  13.90745 15.57228 12.8686 12.2673 14.02595 13.90377 14.16579 13.44038 10.54133 9.505853 8.563631 10.15056 12.90718 11.14155 8.463469 10.64169 10.68663 9.322214 9.235493 9.778908 10.38203 11.01464 10.73846 
  13.32745 14.65045 11.88292 11.93623 13.74368 14.37119 13.24143 12.3549 10.24273 9.809928 9.018543 10.15056 11.53476 10.5452 8.774899 10.38913 10.2213 9.617897 9.590483 10.03598 10.12685 10.55322 10.39795 
  12.34623 13.54425 11.30794 11.27411 11.76776 13.59215 13.08737 12.01569 10.48162 10.3674 9.155017 9.116009 10.61982 9.54804 8.490817 9.378913 9.368182 9.546678 10.08285 9.911784 10.07869 10.01239 10.41154 
  10.61871 11.88495 10.48654 10.03263 10.82685 14.05958 13.31846 11.13375 10.06357 10.06332 10.15582 10.29164 9.413758 9.476815 9.058982 9.820884 9.833518 9.235848 9.822731 10.12913 10.12685 10.24877 10.15324 
  8.891186 10.04129 8.925869 9.204971 9.69775 12.18987 12.163 11.94785 10.00385 9.201777 8.336175 8.974934 10.53664 10.18907 8.789851 10.45227 10.06619 9.40424 9.627643 10.11361 10.11722 10.47632 10.79409 
  8.443309 9.856923 9.090149 8.956675 9.133202 11.41083 11.93191 11.5408 9.764971 8.441589 7.926754 8.504683 10.41188 9.714233 9.851423 11.58876 10.14374 9.617897 9.569601 10.36201 10.0498 10.28816 10.64266 
  8.059415 8.566359 7.940185 7.54966 9.603659 12.34568 12.54815 10.7267 8.690005 8.188193 8.745596 9.068984 9.788054 9.524299 9.716858 10.86267 9.755962 9.760335 9.360784 10.02046 10.06906 10.42211 10.90535 
  7.93145 7.921077 7.283062 6.970301 9.03911 11.41083 11.85488 11.06591 10.7205 9.100419 8.654613 9.116009 10.07917 9.975394 10.0757 11.11522 10.9193 11.42212 11.42731 12.26739 11.18674 10.93774 10.93317 
  7.355609 8.474176 7.118782 6.80477 8.28638 11.41083 12.47112 11.67649 9.944132 8.999061 8.063228 7.987407 9.288994 9.358106 9.971037 11.27307 10.33763 10.11643 10.25007 11.02959 10.72249 10.93774 11.01661 
  6.779768 8.105444 7.200922 6.970301 7.815924 9.774841 11.54676 10.38749 10.36217 7.681402 7.380859 7.517156 8.665169 7.558474 8.939368 9.694607 9.290627 9.322214 9.412988 10.23781 10.22728 10.30392 10.46593 
  4.924773 6.999246 7.118782 7.053066 8.004107 9.229511 10.93052 10.04828 8.869165 8.847023 7.699298 7.564181 8.581992 8.574623 8.475865 9.568329 9.949852 9.760335 9.609062 9.721001 10.00164 10.74548 10.71064 
  5.756051 6.446147 6.70808 7.218597 7.439558 8.684181 10.00616 9.166331 9.108047 8.188193 6.867969 7.405106 7.833403 7.616692 8.165949 9.189498 8.965276 9.175392 8.922266 9.618054 10.56773 10.41423 10.71064 
  6.203927 7.091429 5.640255 5.977114 7.063193 7.983043 9.543975 9.234174 7.7942 6.77545 6.867969 7.705256 7.595179 8.02856 8.438675 8.33067 8.553351 9.140846 9.381665 10.16018 10.32013 10.32756 10.58828 
  5.244192 5.33995 5.722396 5.894349 6.028189 7.515617 8.003371 7.470282 7.316438 7.985476 7.223474 7.893356 8.166109 8.004818 8.451072 8.810666 8.594544 8.890386 9.381665 9.73387 10.15574 10.2724 10.87753 
  5.116227 5.432133 5.065273 6.05988 6.12228 7.204 8.157432 7.877334 6.659514 7.326647 7.471842 7.846332 7.58029 7.985412 8.376692 8.905374 8.39888 9.665377 9.172848 10.08256 10.35108 10.43787 9.840546 
  4.131608 4.968588 5.229554 6.22541 6.310463 6.158309 7.69525 8.216544 6.838675 6.284343 6.303343 6.620753 7.999756 8.360947 8.52072 8.33067 8.769611 9.123572 9.692672 9.927309 10.35108 10.32756 10.35716 
  4.405113 5.985231 5.804536 7.053066 5.934097 6.65867 8.003371 7.605966 6.170048 6.03879 6.637936 6.508703 7.401622 7.966005 8.041982 8.873804 9.096737 8.985388 9.636932 9.785342 10.0209 10.3512 10.96098 
  4.295711 5.247766 5.147414 5.811583 5.198517 6.269149 6.616827 6.231438 5.404626 6.014235 6.261518 6.919554 7.874991 8.099786 9.268306 8.572131 8.676929 9.339487 9.454751 9.457201 9.645262 9.933592 10.8219 
  3.365793 4.162074 4.066895 4.562787 3.81357 5.499576 6.013209 5.860806 5.921803 6.087901 6.512464 7.330405 7.874991 7.674911 7.918015 8.779097 8.594544 9.287667 9.720542 9.740303 10.38203 10.59167 10.5339 
  4.076907 3.38658 4.702227 5.31499 4.236748 4.676161 6.035056 5.262093 6.480353 6.873672 6.909793 6.938229 7.818514 8.598365 8.505769 9.126359 9.057959 9.270394 9.548719 9.989409 9.683789 10.30392 10.61547 
  4.870072 4.131054 3.431562 3.76278 4.313689 4.873781 5.292269 4.976991 6.045925 6.726339 7.244386 7.987407 7.684513 7.88838 9.088885 9.126359 8.882891 9.712855 10.0364 9.50224 9.914951 10.03602 10.62907 
  4.24101 4.68941 4.550957 4.53612 5.275458 5.26902 5.510736 5.946336 6.397605 7.225289 6.951617 7.42378 7.684513 8.337204 8.339502 8.589378 8.99617 9.665377 9.392106 9.527977 10.62963 10.74548 10.34357 
  5.564104 4.410233 4.308926 4.88279 4.813809 4.577351 4.920875 5.860806 5.983864 7.12393 7.471842 7.05028 6.880508 7.616692 8.505769 8.140952 9.329405 9.451719 9.87847 9.495806 10.19633 10.86083 10.93317 
  4.678618 4.503292 4.490449 3.549445 2.81333 4.577351 6.231676 6.72402 5.632184 6.77545 7.517333 7.658231 7.773847 7.791349 7.806446 8.296177 9.057959 8.80402 9.141524 9.624489 10.25823 10.55322 10.41154 
  5.116227 3.696777 3.582832 4.216117 4.121336 4.083302 5.073802 6.031867 6.480353 5.400351 5.906013 7.05028 8.041344 7.597286 8.190742 8.485895 8.934381 9.097663 9.172848 9.989409 10.0209 10.1227 10.73846 
  4.432464 4.286153 4.308926 4.216117 4.429102 5.0714 5.685509 5.832295 6.659514 6.431675 7.471842 7.293055 7.595179 8.194753 8.339502 8.365165 8.872593 9.071754 9.794861 10.54831 9.558577 10.1227 10.61547 
  5.372157 4.534311 4.460195 4.296118 4.813809 6.424958 6.209829 5.347623 5.259817 6.333454 7.744789 7.752281 7.312288 7.636098 7.967602 8.761849 9.096737 9.35676 9.8506 10.28438 10.0498 10.15421 11.07224 
  3.830752 3.479639 4.641718 3.922781 4.082865 5.664259 5.707355 6.231438 5.156382 6.529897 7.118913 6.321953 7.476067 8.099786 7.831239 8.873804 9.329405 9.071754 9.371224 9.896259 10.19633 10.34332 10.5339 ]
