 [
  4.942725 4.146109 3.958101 4.184999 4.489266 5.285638 5.266114 6.124556 6.592172 7.328061 7.23744 7.338781 7.935944 8.367984 8.516846 8.754375 8.858691 9.355827 9.655152 9.756353 10.05251 10.73183 10.53157 
  5.335565 4.551594 4.98816 4.792007 4.664349 5.285638 5.146289 6.026139 6.732649 6.441947 7.715301 7.321887 8.290681 7.998362 7.555847 8.829033 8.868477 8.921065 9.602049 9.863938 10.29288 9.82818 10.22086 
  5.120402 3.92985 3.53376 3.805619 5.189594 6.076847 5.488646 6.443079 6.564938 6.865979 6.993723 7.304992 7.728359 7.659331 8.216534 8.829033 8.799975 8.528378 9.47814 10.0757 9.763557 10.36951 10.65904 
  6.052775 4.524562 4.200581 4.564379 5.442828 5.756654 5.214761 5.361827 6.732649 6.865979 7.278059 7.767001 7.827333 7.87631 8.201518 8.594395 9.015265 9.369852 10.02504 10.35352 10.23771 10.70522 10.34833 
  5.206468 4.254238 4.473372 4.260875 5.084545 5.18228 5.779648 5.878514 6.795732 7.211885 7.569898 7.237413 7.965505 8.271898 8.50183 8.998035 9.24034 9.42595 10.34998 10.11043 10.32046 10.54557 10.87398 
  5.163435 4.254238 3.139729 3.881495 3.613857 4.562127 5.214761 6.026139 6.156427 7.521687 7.460846 7.860087 7.546906 7.21181 8.50183 9.110704 8.662973 9.019238 9.584348 9.441875 9.851119 10.32139 10.55547 
  4.361235 4.524562 2.806318 3.312425 4.559299 5.569875 6.30874 6.198368 6.428768 6.766207 7.606248 7.642886 7.563402 7.374545 7.871175 8.349092 8.682546 9.569013 9.880627 10.0757 10.48596 10.73183 10.667 
  4.086643 3.037781 3.53376 4.564379 4.489266 4.045332 5.60847 5.558661 6.319832 6.766207 7.642599 7.237413 7.662376 7.808505 8.851119 8.797037 9.083766 8.808869 9.61975 9.499805 9.859876 10.51897 10.68294 
  4.7812 4.146109 3.412519 2.591604 4.104086 5.544035 6.059755 5.829306 6.537704 7.405511 7.014033 7.798029 7.935944 8.367984 8.051362 8.637056 8.643402 9.285705 9.646302 9.690147 10.09629 9.695854 10.7921 
  4.84581 3.199976 2.927558 4.109123 5.245869 5.053081 5.283232 4.918953 6.701108 6.716321 7.533547 7.524623 8.142874 8.052607 8.600414 8.58373 8.79019 9.173508 9.844523 10.11043 10.26529 10.45372 10.68294 
  5.163435 4.119076 3.109419 4.033247 4.244152 4.587966 5.488646 5.976931 6.129193 6.267345 6.770317 7.051572 7.233488 7.523718 8.216534 9.110704 9.034837 9.24363 9.495842 10.04098 9.973706 10.46575 10.61123 
  4.84581 3.767655 4.170271 4.602317 4.909463 5.078921 4.821052 6.41249 7.048063 6.342175 6.161027 7.034677 7.480924 7.87631 8.396721 9.167038 9.348736 9.521325 9.916731 9.863938 9.921169 9.936447 10.30053 
  5.2495 4.146109 3.74593 4.336751 4.524283 4.639646 4.75258 5.189599 6.319832 6.292289 6.709388 7.541518 8.113312 7.903433 8.683982 8.941702 9.348736 9.313753 9.61975 10.24934 10.51355 10.2011 10.7921 
  4.797352 5.459258 5.095715 5.019635 4.664349 4.510448 5.966386 5.878514 7.048063 6.816093 6.810936 7.254308 7.761351 8.464068 8.76755 8.786371 9.034837 9.313753 9.808419 10.17988 9.886145 10.05674 10.8194 
  5.055792 4.578627 4.533992 5.166466 4.174119 5.363158 5.873017 6.259546 6.858815 6.979534 6.851556 7.304992 7.480924 8.367984 9.06004 8.941702 9.348736 9.411925 9.664003 9.830835 10.23771 10.39357 10.71023 
  5.536384 4.940704 4.746162 4.716131 4.209136 5.337318 6.059755 6.259546 6.10196 6.292289 7.788002 8.170374 7.579898 8.143785 8.111424 8.605061 8.614044 9.11741 9.46929 9.574287 9.78107 10.51897 10.63514 
  4.991182 3.902817 5.176381 6.517313 6.061844 5.544035 4.889523 5.460244 7.268852 7.482962 8.405962 7.457045 8.054189 7.401668 8.186502 8.455746 9.294538 9.145458 9.844523 10.17988 9.973706 10.81165 10.8194 
  5.981054 6.461793 7.166142 7.134004 7.412425 6.717232 6.059755 6.626613 6.921897 7.366786 7.860703 7.355676 7.744855 7.916994 8.411736 8.327761 8.946764 9.42595 9.880627 10.14516 10.23771 10.41763 10.67497 
  6.181872 7.12794 7.488805 7.78006 7.918893 7.811224 6.61997 7.57487 7.489642 7.366786 7.751651 8.01523 8.674979 9.168691 7.931237 9.167038 9.348736 9.616699 10.24167 10.28406 10.48596 10.89147 11.1469 
  6.712608 6.064236 6.332593 7.926891 8.42536 7.757858 7.896015 7.911348 8.719753 7.17316 8.696767 8.542717 9.798313 9.200719 9.143608 11.70208 11.62504 11.09501 10.20556 10.49242 10.32046 10.03268 10.76481 
  6.698264 5.459258 6.870366 9.11389 9.415125 8.985264 8.487353 8.523127 8.814378 10.0001 11.31401 9.939008 11.79931 10.70605 10.56427 13.33577 13.14258 12.23951 11.86634 12.19404 11.50656 11.66309 11.52899 
  7.953387 6.582789 6.225039 7.104637 8.200264 9.455644 10.27585 9.25726 9.634453 10.58098 12.11373 11.61456 12.63105 11.60284 12.36099 14.40612 14.33493 13.90857 13.63544 13.86092 13.65808 14.18355 14.35242 
  7.704155 6.65193 8.329248 9.784645 8.791142 9.455644 10.19044 10.82952 11.15352 11.23931 12.38267 11.89126 12.3538 11.53878 13.82343 15.58914 16.34071 15.98118 14.90917 15.47431 15.11624 15.32761 15.14495 
  7.953387 6.237087 8.611926 9.952333 9.727116 8.825168 9.763398 10.90905 10.32836 12.11801 13.18952 12.02962 13.18554 12.70607 14.66605 16.5695 17.31904 16.73324 15.87963 16.60258 16.39995 16.9917 16.37778 
  7.205691 7.718311 8.18791 8.661047 8.947138 9.220453 10.19044 11.62481 11.31957 12.00782 12.7861 12.16797 13.60141 13.33813 14.9063 17.18747 18.24303 17.68585 16.50349 17.09619 17.04181 17.61574 16.81807 
  6.956459 7.275532 8.18791 7.809426 8.256537 9.338048 10.44667 10.5114 10.29682 10.89078 12.00467 12.02962 12.76967 12.49538 15.46688 17.5406 18.46044 17.13434 17.33531 18.01291 17.95874 18.55179 16.90613 
  6.095808 6.790211 6.977921 7.956258 9.415125 9.926023 10.53208 10.98858 10.82142 10.92951 12.38267 11.89126 12.63105 12.91675 15.8673 18.77653 19.00396 18.03682 17.61259 18.43601 18.6006 18.55179 17.08225 
  6.899082 7.12794 7.327473 8.48485 9.103133 9.102859 10.27585 10.43187 10.42299 11.78146 12.65162 11.89126 12.49242 13.0221 15.22663 18.64411 19.22136 17.63572 17.40463 18.08343 18.96737 19.17582 17.6106 
  7.081075 7.718311 8.053467 9.281578 8.312812 8.958581 10.19044 10.35234 11.48563 12.33838 13.05505 11.89126 13.18554 13.86485 15.78721 18.46755 19.22136 18.43792 18.51372 18.71808 19.24245 20.31989 19.01954 
  7.081075 6.980347 9.035942 9.11389 8.537909 9.220453 10.53208 10.27281 10.82142 12.11801 13.18952 12.02962 12.21518 14.28622 16.50796 18.82067 19.60183 18.58833 18.65236 18.85911 19.51753 20.42389 19.63595 
  6.626543 6.288942 8.894604 8.073723 9.25913 10.04362 10.19044 10.11375 10.7384 12.55875 13.324 12.02962 11.66068 14.18088 15.8673 17.89372 19.00396 18.13709 17.61259 18.3655 18.87568 20.00787 19.72401 
  6.956459 6.513649 8.080356 7.956258 8.678595 9.455644 10.01963 9.53256 10.29682 11.35548 11.93197 11.05604 11.93793 12.39004 14.18555 16.43708 18.24303 18.6886 18.0285 17.37826 17.50027 18.23977 18.75537 
  6.425724 6.980347 8.18791 9.449267 8.706731 9.102859 10.10503 9.685505 10.07603 10.96823 12.11373 10.77678 11.1877 11.76298 13.15488 15.87082 17.4821 17.83627 16.57281 16.24999 16.21656 16.26366 17.6106 
  9.448779 8.75146 8.611926 9.281578 9.415125 9.220453 8.113876 9.716095 9.192874 10.58098 11.02321 10.34238 11.33551 12.05124 12.23563 14.23712 16.17765 17.28475 15.67167 15.33327 14.47438 15.01559 15.76136 
  14.18419 15.09795 14.97217 14.81531 13.15902 11.68995 10.95912 11.38623 12.56495 14.65228 14.39979 13.68985 14.57178 13.12744 12.8624 13.11044 14.11814 14.67157 13.99648 14.24292 12.58232 12.91365 12.86629 
  14.43342 16.1311 16.95091 17.83371 15.49895 13.45387 12.92353 13.21541 14.47453 17.07637 16.68586 15.6268 16.92838 15.23432 15.22663 14.80046 14.82271 13.71782 11.90245 11.60368 11.50656 11.90256 12.40233 
  14.80727 16.27869 17.09225 18.83984 17.5269 14.74741 14.03385 14.32882 15.30478 18.06804 18.0306 16.87198 18.31461 16.60379 16.82829 15.98348 15.36469 13.86088 12.58842 11.18696 11.67206 12.11543 12.70254 
  14.68265 16.27869 16.66823 19.34291 17.99488 15.68817 14.5463 14.64694 15.7199 18.50879 19.1064 17.56375 19.14635 17.76257 17.94946 16.52536 15.96086 14.62388 12.66063 11.53423 11.42381 11.50345 12.70254 
  14.55803 15.98351 16.24422 18.50446 18.46287 15.68817 14.71712 14.806 15.80293 18.83934 19.50982 18.11716 19.4236 18.18394 18.34987 16.3488 16.06926 14.38544 12.84115 11.84677 10.98247 11.29059 12.81171 
  14.43342 15.83592 15.67886 18.16909 18.46287 16.39374 15.14417 15.12412 15.96898 18.72916 20.18219 18.67057 20.11672 18.71066 18.51004 16.08396 16.01506 14.19469 12.73284 11.70786 10.5963 11.47684 13.11192 
  14.18419 15.54073 15.39618 18.0014 18.61886 16.27614 15.05876 14.96506 15.80293 18.83934 20.58562 18.94728 20.39396 18.81601 18.59012 15.75815 15.31049 13.95625 12.3718 11.25641 10.67905 11.6897 13.30296 
  14.05957 15.24554 15.25484 17.66602 18.30687 15.92336 14.71712 14.64694 15.47083 18.50879 20.45114 19.22399 20.25534 18.60532 18.42996 15.81448 15.52728 13.95625 12.26349 10.94387 10.67905 11.58327 12.89358 
  13.93496 14.95036 14.97217 17.49833 18.15088 15.57058 14.63171 14.56741 15.30478 17.84767 20.31667 19.7774 20.25534 18.60532 18.59012 16.26052 15.74407 13.62244 12.15518 10.90915 10.65146 11.02451 12.34774 
  13.93496 14.80277 15.11351 17.49833 17.83889 15.21779 14.46089 14.40835 15.22175 17.29674 20.18219 20.19246 20.25534 18.49998 18.91046 16.70193 15.79827 13.81319 12.66063 11.32587 10.81697 10.89147 12.839 
  13.93496 14.80277 15.39618 17.49833 17.2149 14.62982 13.86303 13.93118 14.7236 16.74581 19.91324 20.33081 19.83947 17.76257 18.59012 16.92263 15.20209 13.47938 12.11907 11.18696 10.62388 11.18416 12.67525 
  13.68572 14.50758 15.39618 16.82757 16.12293 13.68906 13.00894 13.29494 13.97638 15.64396 19.1064 19.91575 19.00773 16.60379 17.78929 17.14333 15.47308 13.52707 11.32478 10.77024 11.20314 11.07773 11.88378 
  13.31188 13.47443 14.12414 15.98913 14.71898 11.68995 11.21535 10.82952 11.56865 13.10968 17.4927 18.11716 17.34425 14.07554 15.8673 15.47647 13.84715 12.19182 10.85543 10.28406 10.70663 10.86487 11.31065 
  12.19033 13.03165 13.9828 14.983 12.69103 10.3964 10.53208 10.08316 10.7384 12.11801 16.01348 16.59527 15.95801 12.60072 12.98775 14.06812 14.28073 12.95482 10.27777 9.698423 10.37563 10.54557 11.1469 
  9.822627 9.194239 9.459958 10.12002 7.609385 6.316991 6.090878 6.565435 7.268852 9.457949 12.2482 13.41315 13.04692 10.12954 10.14643 10.85707 11.24566 10.3797 9.916731 10.49242 10.5963 11.07773 11.31065 
  7.081075 7.423125 6.251927 6.899074 5.189594 5.996799 6.682216 5.657077 7.142687 8.257466 9.750935 10.31135 9.591383 8.624209 9.519665 10.23739 10.64948 9.712074 9.808419 10.63133 11.36864 11.21076 11.80191 
  6.569166 5.891385 4.746162 4.298813 4.244152 4.872203 5.129172 5.878514 4.958131 6.541719 7.318678 7.984201 8.054189 7.700015 8.683982 9.336041 9.619724 9.369852 9.808419 10.21461 10.62388 10.09283 10.68294 
  5.665482 5.528398 3.89748 3.577991 3.929005 3.916134 6.028632 6.381902 6.10196 6.890922 7.533547 7.767001 7.480924 7.998362 7.88619 8.44508 8.927193 9.521325 9.097564 9.971523 10.54113 10.6254 10.7921 
  5.851956 5.148126 3.139729 3.729743 4.174119 4.562127 4.684109 5.976931 7.016521 8.180016 8.551365 8.139345 8.320242 8.025484 8.441768 9.392376 10.3243 10.09357 9.916731 9.954971 10.16634 10.6254 10.87398 
  4.312778 4.173141 5.230158 6.135551 6.990368 7.117473 7.896015 8.706659 10.04449 11.00696 10.91416 9.65975 9.266208 8.752323 9.519665 10.46273 11.29985 11.1427 10.09725 10.14516 10.37563 10.86487 10.76481 
  5.306877 6.807496 8.329248 9.449267 9.57112 9.926023 10.53208 11.54529 13.22915 14.76247 13.99637 12.02962 11.15814 10.41779 9.812154 10.80073 11.89603 11.66726 10.49439 11.74259 12.14098 10.9979 11.69274 
  5.2495 5.286407 6.655257 7.457032 7.299876 6.743915 6.806708 8.737249 11.65168 12.44857 10.76875 8.977118 9.029716 9.424916 8.809335 9.617712 10.64948 11.1427 10.5666 11.81204 11.53414 10.86487 11.99295 
  6.282282 5.424687 7.19303 8.308653 8.14399 7.837907 8.642968 10.59093 11.4026 12.00782 10.33255 9.970036 9.532261 9.681143 10.56427 12.32176 13.79295 13.7655 11.61362 12.12458 11.72723 10.75844 11.72003 
  5.722858 6.548219 6.574591 8.690413 8.791142 7.731176 8.176123 11.8634 14.0594 13.55043 12.2482 11.42838 10.33042 11.57081 13.32202 15.08214 17.15599 17.23462 14.77054 14.69862 14.01591 13.68528 13.19379 
  5.149091 4.940704 6.520813 8.543582 8.947138 7.811224 8.176123 11.3067 14.47453 13.7708 11.89562 11.42838 11.33551 12.81141 14.10546 16.03982 18.67784 18.33764 16.29554 15.68586 15.11624 14.49556 14.70466 
  5.007335 4.802423 5.418379 6.399848 7.834481 8.131416 8.362861 9.960806 12.56495 11.82019 11.82292 11.89126 11.54244 12.28469 14.74613 16.39294 18.29738 17.83627 15.94895 16.17947 15.6664 14.49556 14.96883 
  5.679826 5.234551 6.036818 6.752243 7.834481 8.851851 9.109814 8.553715 11.48563 12.11801 11.82292 11.42838 11.01033 12.17935 14.66605 16.48122 17.69951 16.78338 15.46372 15.40379 15.02454 15.01559 14.79272 
  5.708514 5.355547 6.305704 8.161821 8.003304 8.078052 7.584785 7.758403 10.45453 12.00782 10.587 10.46649 10.35998 11.92312 13.86521 15.70181 16.66682 16.38228 15.25576 15.54482 15.02454 15.01559 14.44048 
  4.797352 4.551594 5.633488 8.602315 8.031441 7.998003 7.491416 7.697226 9.665994 11.27803 10.5143 10.65267 10.2713 12.49538 14.18555 16.03982 16.28636 15.8809 15.53304 15.26275 14.38269 14.39156 14.52854 
  5.923677 5.251836 5.79482 7.868159 7.94703 8.585023 8.393984 6.687791 9.918324 11.31676 10.98686 10.15621 10.15305 11.02633 13.53094 15.58914 16.61247 16.48255 15.11713 15.19224 14.1993 14.39156 14.44048 
  6.31097 4.767853 5.929263 7.398299 8.340949 8.691753 9.265429 7.544281 9.602911 11.82019 11.42306 10.09415 10.50779 11.12242 13.61451 17.36403 17.26469 15.83076 15.04781 15.12172 14.291 14.28755 14.70466 
  5.851956 6.496364 6.547702 7.515764 8.003304 7.677811 8.642968 8.12547 10.10757 11.70401 10.55065 10.71472 10.68516 11.2185 13.65629 16.83435 17.15599 16.33214 15.46372 14.91017 14.38269 14.49556 14.35242 
  4.26432 5.009845 7.166142 8.455483 7.496836 7.437666 8.082753 8.247826 9.508287 11.47166 10.8778 10.65267 10.68516 10.54591 13.48916 16.52536 16.77552 16.03131 15.11713 14.83965 14.10761 13.97554 14.44048 
  5.378598 5.441972 7.542583 8.396751 7.215465 7.784541 8.145 7.941936 9.508287 10.73588 10.7324 10.18724 10.15305 11.31458 13.86521 16.61365 16.61247 16.03131 14.35463 14.6281 14.1993 13.87153 14.35242 
  6.038431 5.718534 6.036818 8.778512 8.791142 7.491031 7.771523 7.421925 9.476746 11.20058 10.91416 9.87695 10.95121 11.28256 13.07132 16.92263 17.15599 15.24381 13.96037 14.41655 13.68567 13.87153 14.26436 
  6.597854 6.911206 6.709034 6.605412 7.637522 7.86459 8.487353 7.513692 8.562047 11.35548 11.60482 10.06312 10.71472 10.35374 13.15488 16.83435 16.93858 15.58008 14.49326 14.6281 13.74083 13.71188 14.1763 
  6.196217 5.459258 5.875486 7.691962 7.806344 8.344878 8.674091 8.951371 8.845919 11.31676 11.31401 10.46649 11.45375 10.54591 13.44737 16.21638 16.88423 15.63021 14.28531 14.06928 13.74083 13.97554 14.01255 
  6.31097 5.804959 6.924143 8.161821 6.849683 8.344878 8.487353 8.614893 9.476746 11.89764 11.56847 10.62164 10.30086 10.86619 13.61451 16.1281 16.50377 15.52994 14.56258 14.6281 13.92422 14.49556 14.52854 
  8.950315 9.784611 10.02531 10.12002 8.200264 7.437666 9.234306 10.05257 10.17066 11.62656 11.82292 11.58353 11.24682 10.96227 13.23845 15.81448 16.06926 15.8809 14.56258 14.69862 13.92422 14.28755 14.52854 
  9.822627 10.22739 10.16665 10.95847 9.103133 7.597762 9.265429 10.27281 10.01295 11.66529 11.38671 11.42838 10.62603 10.44982 13.23845 15.1948 15.90666 14.95769 13.59933 13.8262 12.91332 13.23295 12.92087 
  6.497445 6.61736 6.709034 8.778512 7.665659 7.917955 9.078691 8.339593 9.129791 10.89078 10.69605 10.80781 9.207085 10.28968 11.77601 14.12445 15.14789 14.67157 13.23829 13.13166 12.19615 12.62097 12.59337 
  6.081463 5.303691 5.821709 7.926891 7.243602 7.704493 9.670029 8.584305 9.098249 11.47166 10.47795 9.970036 9.059278 9.617086 10.64784 13.0541 13.79295 13.71782 12.3357 12.33294 11.61689 11.58327 11.61086 
  4.409693 5.338262 7.004809 6.311749 6.652723 7.597762 7.864892 7.880759 9.129791 9.612849 9.278378 9.690778 8.615856 9.136662 10.31356 11.53308 12.49221 12.76407 11.5053 11.4995 11.0928 11.15755 10.84669 
  4.39354 4.713789 6.977921 6.576045 6.258804 6.957377 7.460292 7.054858 7.741972 8.993246 9.678234 9.225348 8.320242 8.303927 9.143608 10.29372 11.40825 11.71495 10.96375 10.59661 10.09629 10.49236 10.8194 
  5.464663 5.649394 7.730803 8.338018 6.455764 6.904011 6.30874 6.290135 7.395018 9.225597 9.060273 8.170374 7.810838 8.025484 9.47788 9.899384 10.43269 10.18895 10.20556 10.4577 10.08754 10.67861 11.01044 
  5.450319 5.338262 7.78458 7.721328 6.680861 6.450405 7.211308 7.697226 7.615807 8.95452 8.29691 8.294488 8.645418 8.944492 8.36669 8.551734 9.348736 10.33201 9.61975 9.855663 10.035 10.75844 10.71023 
  5.823268 5.632109 6.762812 7.868159 7.412425 8.211465 6.402109 7.483103 7.237311 7.870214 7.897053 7.891116 7.15101 8.271898 8.456783 8.210443 8.780404 9.355827 10.06115 9.681872 9.649726 10.49236 10.56343 
  6.425724 6.807496 6.38637 6.517313 6.934094 7.304252 6.277617 6.810146 7.237311 8.102566 9.605533 9.504606 8.970593 8.944492 8.683982 9.223372 9.565527 9.397901 9.486991 9.772905 10.07878 10.21313 10.27663 
  6.253593 6.237087 8.329248 7.985624 6.652723 7.437666 6.713339 6.901913 7.142687 8.373642 8.769468 8.511689 7.678872 7.889872 8.411736 9.392376 9.457131 9.473638 9.628601 10.11043 10.34804 10.36951 10.5714 
  5.59376 7.12794 6.628368 7.016539 5.583514 5.943433 6.246493 6.075347 6.3743 8.102566 7.67895 7.767001 8.201996 8.335956 8.976471 8.998035 9.210982 9.998199 9.47814 9.888765 10.32046 10.45372 10.55547 
  5.550728 6.081521 5.79482 5.988721 5.154578 4.27789 5.90414 6.41249 6.701108 7.521687 7.460846 7.575307 7.464428 7.686453 8.55863 9.223372 9.132695 9.24363 9.46929 9.698423 9.728532 10.30937 10.32443 
  6.267938 6.133377 6.090595 6.135551 5.667925 5.970116 5.0607 6.779558 6.428768 6.841036 7.135891 7.767001 8.113312 8.335956 8.934687 9.05437 9.24034 9.383877 9.442738 9.441875 9.912413 10.70522 10.7921 
  6.841705 6.790211 5.660377 5.166466 5.499102 6.530453 5.30035 6.810146 7.111145 7.715313 7.176511 8.01523 7.876821 8.303927 8.486814 8.615726 9.565527 9.616699 9.637451 10.00625 9.99122 10.44169 10.68294 
  5.2495 5.649394 6.493925 6.576045 5.245869 5.729971 6.370986 6.351313 6.827273 7.328061 7.606248 8.01523 7.965505 7.849188 7.766066 8.381088 9.673923 9.664387 9.700108 9.499805 9.859876 10.46575 10.48377 
  5.536384 5.683964 6.493925 6.752243 6.20253 5.649923 5.779648 5.681681 5.747917 7.482962 7.338988 6.933309 7.860325 8.175814 8.141456 8.519737 9.210982 9.473638 9.808419 10.24934 10.12256 10.17704 10.22883 
  5.69417 5.562968 5.176381 5.225199 5.696062 6.236943 6.184247 5.632473 6.020257 6.242403 7.569898 7.389466 7.052035 7.686453 8.441768 8.14645 8.936978 9.664387 9.371933 9.855663 10.07003 9.984566 10.73752 
  5.364254 5.83953 5.525933 4.678193 5.977433 6.530453 6.277617 6.565435 5.856853 5.494111 6.526601 7.389466 7.695368 7.822066 8.76755 8.941702 9.054409 9.807449 9.407335 10.04098 10.62388 10.39357 10.45986 
  5.894989 6.167947 6.171261 6.370481 5.752336 6.290309 5.935263 6.71838 7.111145 6.940808 7.176511 7.457045 7.629385 7.401668 8.516846 8.76504 8.829333 9.24363 9.700108 9.698423 10.14007 10.4056 10.58733 
  4.732742 4.767853 5.283936 5.577593 5.414691 4.691325 5.180525 6.124556 6.890356 7.521687 7.156201 7.321887 7.447932 8.079729 8.291612 8.829033 8.888049 9.369852 9.248024 10.21461 10.43079 10.28531 10.7921 
  4.118948 4.200173 4.685542 4.943759 4.244152 4.820524 5.266114 4.623703 6.51047 6.516776 7.318678 7.203624 7.118018 7.740698 8.809335 9.336041 8.90762 9.103385 9.664003 9.913593 10.21012 10.46575 10.92856 
  4.97503 4.871564 4.533992 4.564379 4.874447 4.510448 5.351703 4.84514 6.456002 6.392061 7.278059 7.304992 7.381949 7.971239 8.892903 8.626391 9.294538 9.616699 9.47814 9.822559 10.10505 10.04471 10.3324 
  4.538913 4.551594 3.260969 4.792007 5.555377 5.783337 5.009347 6.351313 6.537704 6.367118 6.425053 6.561625 6.821095 8.496097 9.018255 8.701049 9.24034 9.047287 9.988939 10.70079 10.26529 10.21313 10.17306 
  4.39354 4.578627 4.200581 5.078368 4.699365 5.890068 6.059755 6.871325 5.584513 6.716321 7.318678 7.085361 8.083751 8.528125 8.171487 8.423749 9.171839 9.355827 9.880627 9.756353 10.29288 10.57218 10.18103 
  4.490455 4.49753 3.83686 4.374689 2.948546 5.62324 5.591352 5.952327 5.96579 5.668712 6.668769 7.673915 8.645418 8.592181 8.976471 8.885367 9.294538 9.42595 10.09725 9.839111 10.48596 10.70522 10.7921 
  4.603522 5.424687 4.564302 4.602317 4.314185 4.587966 4.821052 5.755494 7.111145 6.267345 6.953104 7.254308 7.744855 8.143785 8.600414 9.05437 8.995693 9.229606 9.540094 10.00625 10.62388 10.83826 10.5236 
  5.10425 4.767853 4.473372 4.640255 4.83943 5.337318 5.45441 5.927722 6.265364 6.042858 7.19682 8.263459 8.852347 8.303927 8.171487 8.615726 9.402933 9.569013 9.522393 10.35352 10.56871 10.09283 10.32443 
  4.118948 4.957989 4.412752 4.640255 5.014512 4.381249 5.779648 6.504257 6.047492 5.344452 6.364124 7.457045 7.995066 7.971239 8.725766 8.797037 9.348736 9.569013 9.504692 9.847387 10.21012 10.6254 10.76481 
  4.748895 4.443465 3.988411 5.577593 5.049529 4.30373 5.45441 5.903119 6.456002 6.940808 7.338988 8.01523 8.379365 8.624209 8.55863 8.498406 9.24034 9.521325 9.486991 9.739802 10.15759 10.652 10.67497 ]
