 [
  4.110833 4.531041 4.920003 5.078471 5.657442 4.709535 5.427798 6.395911 5.688348 7.057051 7.736568 7.467943 7.926854 8.784786 8.32407 8.835239 9.444799 9.376944 9.629539 9.631641 9.956964 10.38506 10.90013 
  4.380324 4.197398 3.797613 5.320289 6.007004 6.154835 5.646642 6.680449 6.650046 6.827865 7.3098 7.508085 8.06472 8.356957 8.365858 8.762409 9.256483 9.305054 9.588637 9.749286 9.935228 10.43575 10.534 
  4.350381 4.453521 5.304235 5.985289 5.507629 5.537396 5.828564 6.775295 7.115581 7.340029 7.643879 7.528156 8.06472 8.528089 9.028042 8.920208 9.34071 9.358972 9.619313 9.513998 10.10186 10.79057 10.55873 
  3.122698 3.572289 3.897022 6.045743 4.596825 5.917359 6.055966 6.167661 6.374818 6.92901 7.407323 7.98645 7.704049 8.343353 8.923464 9.264416 9.084845 9.376944 9.537511 9.658791 10.26066 10.53713 10.76357 
  4.889363 5.073682 3.797613 6.529379 5.357817 5.252425 5.828564 6.053314 6.294996 6.513189 6.659646 7.38766 7.64039 8.139298 8.55744 8.977576 8.602113 9.376944 9.680666 9.821682 9.862778 10.4611 10.86599 
  4.530042 4.167631 4.612617 4.889064 3.362092 4.354568 4.443002 5.233828 6.59832 6.884057 6.952215 7.548226 7.926854 8.570871 8.505151 8.410396 8.966844 9.233164 9.312552 9.912177 10.36582 10.4611 10.69529 
  3.781455 4.018795 4.228386 4.916122 4.372328 5.489901 5.828564 5.576869 5.656419 6.92901 7.374816 6.584826 7.019718 8.302543 8.714308 9.092312 8.784478 9.340999 9.547736 9.477799 10.11635 10.13047 10.66115 
  3.062811 3.393687 3.963295 4.862006 5.045819 5.106262 5.624757 5.99614 6.103423 6.86158 7.921946 8.065399 7.688134 8.528089 8.714308 9.207047 9.392755 9.41115 9.787777 9.559245 10.08737 10.43575 10.45981 
  3.781455 2.94718 3.46625 5.078471 5.130005 5.148023 5.099533 5.710273 6.701772 6.92901 6.952215 6.504542 6.92423 7.486322 8.463363 9.092312 9.138481 9.787415 9.787777 10.39163 10.13084 10.34546 10.72943 
  4.979194 4.167631 3.863886 4.591425 4.316204 4.751296 5.121417 5.82462 6.231138 6.771673 7.504847 6.745393 7.353926 8.084884 8.379787 8.665301 8.966844 9.479562 9.722781 10.01267 10.69088 10.94263 10.59287 
  4.559985 4.197398 3.134886 4.889064 5.158067 5.02274 6.010486 5.691216 6.45464 6.535666 6.610884 6.966172 7.290267 7.635963 8.818886 8.143351 9.26721 9.855826 9.660215 9.360156 9.993189 10.14178 10.59287 
  4.85942 3.185317 3.399977 3.969089 4.849384 4.730415 4.902573 5.710273 6.550426 6.603096 7.212277 6.92603 7.719964 7.717585 8.463363 9.264416 8.977571 9.224178 9.578412 9.84883 10.20329 10.56247 10.69529 
  4.320437 3.066248 3.134886 4.320844 5.507629 5.347415 5.384029 5.881793 6.650046 6.64805 7.472339 7.488014 7.983419 8.913135 8.662018 9.149679 9.149209 8.93662 9.148947 9.595444 10.18156 10.66385 10.59287 
  4.26055 3.304385 2.836659 4.023205 4.007521 4.542492 4.246042 5.748389 6.805224 6.917772 7.082246 7.267235 8.02407 8.485306 8.714308 8.446811 9.031208 9.215192 9.982762 10.08602 10.49967 10.56247 10.41654 
  4.500098 2.470907 3.433114 3.454985 3.86721 5.537396 5.965005 5.919909 6.59832 6.389567 7.244785 6.624968 7.497158 8.39974 8.662018 8.361842 8.870297 9.323027 9.220524 9.885028 10.43275 10.22099 10.36708 
  4.589929 3.840193 3.10175 4.429077 5.158067 5.29992 5.033879 6.301065 6.502533 6.389567 7.17977 7.648581 8.389924 8.913135 8.871175 8.556056 8.763023 9.107357 9.087594 9.64974 10.09462 10.12481 10.51545 
  4.649816 3.721124 3.134886 5.051413 5.807254 5.489901 5.449682 6.053314 6.039566 6.659288 7.131008 7.488014 7.847281 8.248128 8.365858 8.895931 9.496844 9.787415 10.00443 9.803582 10.15982 10.36243 11.00255 
  3.811398 3.691357 3.10175 3.671449 4.79326 5.231544 4.68373 5.710273 5.672384 6.737957 7.407323 7.066526 7.735878 8.356957 8.435504 8.628886 9.548889 9.582179 9.251201 10.07379 10.08013 10.06824 10.16306 
  4.26055 3.750892 3.565659 5.078471 4.961633 5.727377 5.449682 6.727872 7.425938 7.575843 6.822185 7.38766 7.16295 7.935244 9.080331 8.871655 9.202846 9.17026 9.896102 10.08602 10.45187 10.6385 10.79771 
  4.919307 2.976947 4.382079 3.346752 4.568763 4.312808 4.815036 5.767447 6.701772 6.243467 6.4646 7.907501 8.267973 8.613654 8.662018 8.580333 9.496844 9.41115 9.527286 10.29383 9.971454 10.25494 10.3238 
  4.829476 3.959261 3.897022 4.293786 4.007521 3.91608 5.692122 6.633026 6.326925 6.962726 6.59463 6.885889 7.91094 8.485306 8.240494 8.798824 9.181391 9.05344 9.852772 10.18381 10.47099 10.38506 10.66115 
  5.77159 4.453521 3.764477 4.943181 4.79326 5.127142 5.828564 6.585603 6.486569 6.681766 6.789677 7.066526 8.02407 7.935244 7.613676 8.337564 8.709387 9.224178 9.281877 10.04934 10.08737 10.66385 10.534 
  4.829476 6.391524 5.919004 6.771197 6.306628 6.392312 6.465291 8.103136 8.563911 8.707752 8.61711 8.618044 8.87773 9.127048 9.550934 10.35441 10.4857 10.67677 9.917767 10.08602 10.45187 10.68919 10.49072 
  5.111259 6.624085 7.071699 8.947559 8.154314 8.482104 7.875187 9.383555 9.701885 9.792498 9.683029 9.328588 9.69074 9.89714 10.59672 11.6165 11.83887 11.77136 10.54605 10.68501 10.44231 10.58782 10.59287 
  7.026217 7.089206 7.148546 7.919833 8.653688 8.149637 8.329992 7.012409 6.908677 8.896403 9.543997 8.894366 8.430574 8.570871 9.132621 10.35441 10.85001 9.924238 9.787777 10.0249 10.27978 10.3002 10.42272 
  6.497953 6.624085 8.147548 8.826651 8.204251 7.437208 9.012199 8.103136 8.305281 10.40562 10.51723 8.973316 9.934643 9.89714 10.28298 12.64912 12.72363 11.60033 11.02268 10.4283 10.80561 11.57623 11.34396 
  5.705557 7.476807 8.608625 9.128923 7.654939 8.244628 9.603446 9.383555 8.925994 10.1698 10.84164 10.31545 11.15416 11.18062 11.53792 13.68174 14.64929 13.58427 12.78181 13.04436 12.78704 13.62911 13.63136 
  6.299854 6.934166 7.379085 7.919833 8.154314 9.099543 10.46758 10.56913 9.546707 10.59427 11.16605 10.67072 10.50375 10.92393 13.52491 15.74699 16.19369 14.92991 13.90954 14.44465 14.44926 15.56129 14.92869 
  7.422415 7.089206 8.378086 8.826651 8.154314 8.957057 9.648927 10.75882 9.960516 10.45278 11.1197 10.90757 12.00782 12.33576 14.20467 16.03383 16.80188 15.68502 15.03728 15.1448 15.65814 16.24324 15.42066 
  5.969689 7.476807 7.609623 7.919833 8.254189 8.957057 9.330564 10.28459 10.78813 10.97157 11.07336 11.026 12.33302 12.80637 15.33994 17.28147 17.34925 16.10452 15.95997 16.26503 17.77369 17.72079 16.2406 
  7.356382 7.011686 7.455931 7.859379 8.953313 8.814571 9.739887 10.47428 11.09849 12.43362 13.34423 11.53917 13.06473 13.2342 16.04887 18.17236 17.77499 16.94353 17.49779 17.80535 18.83147 18.5164 16.6779 
  6.299854 6.546565 8.531779 8.705742 8.60375 9.147038 9.05768 9.383555 10.89159 11.8205 12.51003 11.42074 12.61757 13.4909 15.57625 18.29963 18.38318 17.27914 17.60032 18.64553 19.58702 18.63006 16.95122 
  6.696052 6.934166 8.147548 8.161652 8.653688 8.767076 7.875187 9.146441 10.47778 12.10348 13.06616 11.69707 12.17042 13.61925 15.81256 18.93599 19.41711 17.69864 17.70284 19.20565 19.88924 18.63006 16.6779 
  5.705557 7.399287 7.225392 8.524378 8.453938 8.292123 8.784797 9.952631 11.66748 11.8205 13.2052 12.28918 12.65822 13.10585 16.0016 18.42691 19.78202 18.70545 18.62553 19.62573 20.19147 19.08469 17.1152 
  6.696052 7.554327 8.839165 8.826651 9.202999 8.814571 10.46758 10.47428 10.89159 11.58469 12.64907 13.20741 12.98343 13.91892 16.09613 18.25721 19.35629 19.04106 18.93309 20.32588 20.94702 19.53932 17.66183 
  7.026217 8.019448 7.993855 8.645288 9.103125 8.62459 10.4221 10.94851 10.94331 12.85809 13.43692 12.84183 14.16122 14.43349 15.85982 17.7057 19.23465 18.78935 18.93309 20.18585 20.94702 20.78956 18.37245 
  7.158283 8.562089 9.684474 9.370741 9.802249 9.527 9.467005 11.99182 11.35712 12.66943 13.72142 12.24971 13.82282 13.83316 14.72756 17.23904 18.56564 18.28595 18.31796 18.92559 19.58702 19.42566 17.77116 
  7.950679 9.104731 9.146549 8.524378 9.952061 10.66689 9.785368 10.23717 10.58123 12.24497 12.60272 12.01286 12.69888 13.31977 14.0478 16.39057 18.01826 18.20205 17.19023 17.38527 17.62258 17.94811 17.27919 
  9.865636 9.492331 9.530781 10.39847 11.55006 11.33182 11.46815 10.85367 10.68468 12.24497 12.55638 12.28918 13.93562 14.17621 13.68178 16.03383 17.59253 17.53084 16.37006 15.84494 15.20481 15.90227 15.91262 
  15.18793 15.58437 16.44948 17.44314 17.08745 15.38089 14.91412 14.33225 16.08824 16.33275 15.04912 14.48692 15.74041 15.11958 13.68178 14.657 15.48201 15.18162 13.7045 13.32442 12.63593 13.97008 13.97276 
  16.06619 16.91165 17.19472 19.29374 19.51849 17.69465 16.37605 16.38669 18.18481 19.02492 17.13549 16.77178 18.44758 16.66329 15.29268 15.74699 16.19369 15.18162 12.88433 11.7841 12.33371 14.87934 15.47532 
  15.8989 16.66278 16.89662 18.88249 19.78861 18.99614 16.68932 17.04037 18.62619 19.66592 17.98901 17.41154 18.78597 17.52091 16.56874 16.2633 16.01123 14.67821 12.98685 11.92413 12.63593 14.1974 15.20201 
  15.68979 16.57983 16.84694 18.16282 20.05873 19.57458 17.42029 17.41391 19.06757 20.43511 18.74769 17.86851 19.57557 18.37852 17.37219 16.72996 16.37615 15.18162 14.11458 14.30462 13.84482 14.76569 16.02195 
  15.48069 16.57983 16.79726 17.54595 20.05873 20.00841 17.83798 17.32052 19.17792 20.69151 18.74769 18.05129 20.25236 18.89309 17.51397 16.39057 16.01123 14.42651 12.98685 11.92413 12.1826 14.31105 16.02195 
  15.39704 16.57983 16.59853 17.64876 19.78861 20.29762 17.21144 17.32052 19.39861 20.69151 19.22187 18.23408 20.25236 19.23614 17.79754 16.77238 16.13287 14.09091 12.88433 12.06415 12.1826 14.76569 16.02195 
  15.3134 16.53835 16.49916 17.64876 19.78861 20.44223 17.21144 17.60067 19.6193 20.94791 19.41154 18.41687 20.13956 19.15038 18.17563 17.11177 16.43697 14.67821 13.29441 11.92413 12.1826 14.53837 16.18594 
  15.3134 16.53835 16.44948 17.64876 19.78861 20.44223 17.73356 17.88083 19.72965 21.07611 19.41154 18.50826 20.02676 18.89309 18.08111 17.11177 16.31533 14.34261 12.47424 11.64407 12.03149 14.1974 15.91262 
  15.27158 16.49687 16.3998 17.64876 19.78861 20.29762 17.94241 18.06759 19.95034 20.94791 19.22187 18.59966 20.02676 18.80733 18.12837 17.11177 16.07205 14.51041 13.19189 11.7841 11.42705 14.65203 16.34992 
  15.27158 16.49687 16.35011 17.64876 19.78861 20.15302 18.04683 18.16097 20.06068 20.69151 18.65286 18.50826 19.80117 18.55005 17.98659 17.1542 16.49779 14.34261 13.29441 11.7841 11.42705 14.08374 16.02195 
  15.18793 16.49687 16.30043 17.64876 19.92367 19.86379 17.94241 18.25436 20.17103 20.05052 18.08385 18.23408 19.46277 18.03548 17.70302 17.19662 16.31533 13.7553 12.78181 11.50404 11.42705 13.85642 15.63931 
  15.02065 16.33097 16.05202 17.44314 19.65355 19.14075 17.52471 18.25436 19.95034 19.02492 17.13549 17.86851 19.01157 17.26362 17.32492 17.02693 15.89837 13.51586 11.6293 11.34512 11.18803 13.35032 15.20201 
  14.39332 15.5429 15.15773 16.72346 18.03285 17.26082 16.27163 17.78744 18.62619 16.71734 15.52329 17.22875 18.22198 16.06296 16.47422 16.34815 14.75338 12.11342 10.71937 10.8806 10.67176 12.00708 13.56308 
  13.76599 14.58892 14.6609 14.77006 14.25122 14.22402 14.07874 15.35947 15.31582 14.15336 13.53175 15.03529 15.74041 13.83316 14.77985 14.77173 12.72363 12.07921 10.58938 11.27178 10.67176 10.99332 11.51466 
  13.16729 14.29858 13.60364 12.69574 11.00075 11.47643 12.40796 13.39842 13.32961 12.99957 12.7881 12.72341 12.78018 11.77958 12.21768 12.07544 12.25523 11.66874 10.52439 11.22288 10.68132 10.38506 10.96841 
  13.43142 14.29858 14.06471 13.02227 11.82018 12.05487 12.72123 13.77195 13.43995 12.81092 12.13928 11.89444 12.41432 11.52289 12.94973 12.82123 10.69388 10.23209 9.766111 10.20826 10.53791 10.27757 10.52163 
  13.89146 14.96222 15.2571 15.48973 15.33169 15.38089 15.12297 16.38669 16.41928 14.53796 14.10077 14.21274 16.0788 14.60501 15.19816 15.51752 13.34817 11.56612 10.45939 10.11047 10.18156 10.56247 12.0609 
  14.56061 15.5429 15.70424 15.69535 16.2771 16.9716 16.27163 17.69406 18.51584 16.58914 15.33362 15.30947 17.77078 16.92058 16.75779 17.23904 15.79428 13.31063 12.34425 11.13731 11.341 12.56465 15.20201 
  14.60243 15.41847 15.50551 15.69535 15.73686 16.82699 16.37605 17.50729 18.51584 16.97374 15.33362 14.8525 17.54519 17.17786 16.42696 16.9845 16.01123 13.9231 12.32259 11.13731 10.95858 12.38725 14.89455 
  14.43514 15.08665 15.20741 15.69535 15.19663 16.39316 15.74951 17.04037 18.51584 16.84554 15.33362 14.39553 17.31959 17.00634 15.90708 16.68754 15.95041 13.7211 12.36592 11.38179 11.21671 12.03243 14.58729 
  14.18421 14.92074 15.10805 15.59254 14.92651 16.10394 15.33182 16.76022 18.4055 16.71734 15.14395 14.02995 16.98119 16.74905 15.52899 16.43299 15.79428 13.7211 12.25759 11.3329 11.04462 11.9564 14.51901 
  14.01692 14.75483 15.10805 15.38692 14.6564 15.5255 15.01855 16.57346 17.96412 16.33275 14.95428 13.66438 16.4172 16.40601 15.19816 16.20593 15.5861 13.65268 11.91095 10.68501 10.43275 11.5002 14.55315 
  13.93328 14.50597 14.41249 13.53632 13.0357 13.35636 13.34777 14.70579 15.20548 14.66616 14.38527 13.57298 13.10538 13.91892 12.79286 13.2228 13.40021 11.18986 9.917767 10.30606 10.60484 10.56247 10.66115 
  13.9751 14.58892 14.51186 12.91946 11.82018 10.76188 10.6495 12.3712 13.21926 13.51237 13.91109 13.39019 13.14603 12.07907 8.975753 9.034944 9.913204 9.062427 9.046693 9.758335 10.0439 10.38506 10.55254 
  13.80781 14.06602 14.16408 12.81665 11.55006 10.38192 10.19469 11.47016 12.9089 12.99957 12.64907 12.72341 12.37367 11.43732 8.923464 8.920208 9.809114 9.445355 9.917767 10.06157 10.40407 10.41041 10.534 
  13.43142 13.75594 13.75733 12.27256 10.90087 9.811972 9.603446 10.90109 12.28819 12.66943 12.04659 11.85496 11.68261 11.26619 8.662018 8.264734 10.12138 9.719003 9.629539 9.894077 10.01492 10.30586 10.55873 
  13.23332 14.06602 13.68048 12.33301 10.45144 9.337019 9.694407 10.80624 12.18474 12.95241 12.13928 11.30232 10.99156 11.13784 8.393717 8.786686 9.392755 9.358972 9.128496 10.13491 10.45187 10.79057 10.79771 
  13.03522 13.52338 13.29625 12.03074 10.20175 9.099543 9.194121 10.61655 12.02956 12.52794 11.62949 10.7102 9.77204 9.512094 8.449433 8.883793 9.496844 9.376944 9.701117 9.559245 9.739613 10.56247 10.83185 
  12.63902 12.67066 12.83517 11.36574 9.302875 8.054646 7.829706 7.818599 9.494981 10.31129 10.10013 9.60491 8.918381 8.193713 8.714308 8.762409 9.392755 9.152288 9.609088 10.12269 10.39451 10.23231 10.90013 
  12.17679 12.36058 12.45094 11.18438 8.004501 6.91476 6.874616 6.680449 9.029446 10.92441 10.00744 7.907501 7.983419 8.343353 8.337999 8.823101 9.444799 9.582179 9.939432 10.52609 10.5666 10.43575 10.72943 
  11.84663 11.50786 11.68248 10.2171 7.25544 7.00975 6.465291 7.581484 9.081172 10.68859 11.1197 9.131214 8.02407 8.356957 8.212636 9.264416 9.26721 9.323027 9.809442 10.03712 9.884513 10.32283 10.55254 
  11.84663 11.04273 10.68348 9.914832 7.505127 6.249825 7.056538 7.202101 8.770816 11.20738 11.02701 9.447011 8.796429 8.528089 8.714308 9.207047 9.496844 10.36892 10.15608 10.35495 10.40407 10.18139 10.38562 
  11.25233 10.42257 9.684474 8.705742 7.505127 6.392312 6.41981 7.913445 9.029446 11.0659 11.02701 9.447011 8.430574 8.870352 8.156919 8.920208 8.870297 9.445355 9.766111 9.903128 10.2511 10.61316 10.41035 
  10.65803 9.957452 7.993855 7.678015 6.256691 6.867265 6.146927 7.771176 8.874268 11.16022 11.21239 8.854892 8.349274 8.742003 8.142989 8.920208 9.34071 9.179247 9.240974 10.4772 10.51879 10.02297 10.45363 
  8.082745 8.407049 8.762318 7.678015 6.506378 6.534798 7.329421 6.585603 7.374211 9.933987 9.173242 7.907501 7.942769 8.485306 8.609729 8.835239 9.245755 8.801826 9.159172 10.29383 10.51879 10.38506 10.76357 
  5.639524 6.546565 8.454933 8.524378 6.156816 5.231544 6.055966 7.296947 8.357007 9.698173 9.683029 8.49962 8.959031 9.041483 8.871175 9.780726 9.757069 9.958445 9.896102 10.24493 10.23198 10.32283 11.13911 
  6.563986 7.244246 7.840162 7.678015 4.512639 6.344816 6.783655 6.680449 6.960402 9.085055 8.107323 8.381196 8.511876 8.356957 9.080331 9.551255 9.913204 10.3005 10.19941 10.14714 10.64308 10.61316 11.13911 
  6.630019 7.166726 6.687468 7.436197 6.306628 6.297321 6.283369 6.633026 6.502533 8.471937 8.663454 8.775943 8.552526 9.127048 8.662018 9.034944 10.4857 10.77939 10.24274 10.28161 10.07288 10.6385 11.10497 
  5.573491 6.081444 6.610621 6.710743 5.457692 5.252425 5.602873 6.129545 6.486569 8.566263 8.709799 8.302247 8.267973 8.955917 8.407646 9.780726 10.90206 10.77939 9.766111 10.26938 10.18156 10.32849 10.55873 
  6.167788 6.934166 6.380083 5.743471 5.017756 5.584892 4.968226 5.195713 6.406747 8.613426 8.663454 8.144348 8.267973 9.169831 8.184777 9.608623 10.90206 10.57415 10.22108 10.63611 10.63352 10.41041 10.55254 
  5.837623 4.918642 6.303236 5.683016 5.457692 5.489901 5.405914 6.395911 6.805224 7.481517 8.478077 8.223298 7.895025 8.220921 8.766597 9.034944 11.00615 9.547974 9.722781 10.12269 10.38495 10.33414 10.47836 
  6.101755 4.316466 6.533775 5.622562 5.857192 5.085382 5.055764 6.775295 7.270759 8.236123 7.875601 8.420671 8.511876 8.699221 8.505151 9.838095 10.43365 10.43733 10.04776 9.921227 10.08013 10.51178 10.69529 
  5.243326 4.376 5.304235 5.380744 5.457692 6.249825 5.340261 5.977083 7.529389 7.481517 8.200011 7.907501 8.227323 8.057676 8.393717 9.379151 9.705024 10.16368 9.852772 10.72168 10.63352 10.33414 10.41035 
  6.563986 5.771363 5.150542 5.562107 4.79326 5.064501 5.646642 5.634042 6.753498 7.104214 8.339045 7.789077 7.863195 8.343353 8.609729 8.798824 9.277937 9.958445 10.61105 10.29383 10.24154 10.66385 11.13911 
  5.243326 5.848884 4.689464 5.259835 5.607504 4.876578 5.405914 6.348488 6.374818 6.962726 7.782912 7.327447 8.349274 9.127048 8.449433 8.762409 9.392755 9.287082 9.939432 10.25716 10.40407 10.14178 10.76357 
  5.573491 5.073682 5.150542 4.537309 3.895272 4.521611 5.055764 6.301065 5.927814 6.726719 6.8872 7.407731 7.338011 8.030469 8.254423 8.977576 8.902479 9.358972 10.17775 10.24493 10.5666 10.53713 10.59287 
  4.769589 3.86996 3.963295 4.591425 5.357817 5.148023 5.384029 5.367233 6.119388 6.36709 7.049738 7.868026 7.87911 8.139298 8.975753 9.092312 9.652979 9.821621 9.766111 9.903128 10.23198 10.61316 10.72943 
  5.177293 3.929494 4.128977 4.862006 5.357817 5.00186 5.965005 5.900851 6.701772 6.962726 7.423577 8.065399 7.783622 7.527133 8.170848 9.149679 8.85957 9.513767 10.06942 9.875978 10.20329 10.48644 10.46599 
  5.77159 3.542522 2.10766 4.699657 4.709074 4.104004 6.101447 6.443334 6.039566 6.64805 7.456085 7.728864 7.942769 7.92164 8.923464 9.034944 9.600934 9.684797 9.701117 9.740236 10.27978 10.43575 10.62701 
  5.309359 4.686081 3.002341 4.483193 5.073881 4.960099 6.41981 6.490757 5.91185 7.19854 8.107323 8.025925 7.751793 8.07128 8.407646 9.149679 9.288665 9.107357 10.19941 9.939325 10.24154 10.22099 10.93427 
  5.639524 4.686081 3.996431 3.969089 4.93357 5.252425 5.471567 5.081366 5.576597 7.19854 7.782912 7.789077 7.624475 8.570871 8.766597 9.321783 9.861159 9.161275 9.766111 10.04934 10.28934 10.4611 10.34853 ]
