 [
  4.534635 3.239394 3.672946 4.335309 4.10075 4.011624 4.972247 5.482329 6.81584 6.317118 6.363618 7.080257 7.632862 8.324702 8.376518 8.500272 8.655298 8.632269 9.265599 9.573632 10.38684 10.54882 10.48006 
  4.770016 3.393037 4.277357 4.319476 4.204995 4.805725 5.088808 5.094656 5.511051 6.347063 6.456968 7.197446 7.614607 7.616276 8.143633 8.790989 9.06764 9.444197 9.384847 9.596813 10.51116 10.27167 10.41399 
  3.47542 3.316216 4.588296 5.111129 5.835345 5.544049 5.302505 5.999228 5.67778 6.212311 5.971546 6.762173 7.856825 7.999824 8.288426 8.790989 8.903109 9.368305 9.471048 9.783363 9.671836 10.48727 10.56814 
  3.083118 3.905178 4.104668 4.145312 4.648035 4.680341 5.108235 5.611554 5.511051 5.972753 6.400958 6.728691 7.231254 7.901478 8.615479 8.510495 9.202925 9.17836 9.256427 9.685122 9.729494 9.971107 10.38646 
  4.730785 4.126318 4.392483 4.715302 4.152872 4.722136 5.516201 5.353105 5.781986 6.272201 6.102236 6.159488 7.194744 7.842471 8.336691 8.74861 8.977451 9.444197 9.192216 9.509885 10.5457 10.71297 10.53511 
  3.55388 3.649107 4.363701 4.683636 4.882586 4.722136 4.972247 5.818314 5.823668 6.45187 6.905051 6.578019 7.541587 8.172097 7.974706 8.009529 8.911368 9.285204 9.348155 9.596813 9.772738 10.1869 10.8106 
  4.338484 2.394361 3.270005 4.889466 4.908647 5.172582 4.389438 4.887896 6.282174 6.526732 7.108926 7.147222 7.121724 7.891644 8.264294 8.960503 9.383303 9.412187 9.45823 9.614199 9.830396 10.33332 10.26534 
  2.847737 2.829681 2.550468 4.65197 4.804402 3.760856 4.836258 5.534019 6.03208 5.778111 6.102236 7.360975 7.856825 8.172097 8.456172 8.490048 9.022546 9.33269 9.676147 9.922539 10.26252 9.955693 10.23782 
  4.691555 3.521072 3.298787 4.841967 4.752279 5.035596 5.127662 4.551912 5.719462 6.686767 6.793031 6.946327 8.082424 8.273834 8.143633 8.224229 8.671819 9.225846 9.688966 9.775176 10.0322 10.6309 10.59508 
  5.636206 2.804074 4.686203 4.873633 5.745281 5.469756 5.699873 4.913741 6.615632 6.556677 6.64367 6.377124 7.066959 7.42942 8.167765 8.571838 8.878327 9.297075 9.430712 9.318644 9.830396 10.42571 11.1608 
  4.652325 3.853964 3.097317 4.984464 4.595912 3.88624 4.506 4.991276 5.552733 6.39198 7.404655 7.425998 8.195223 7.812967 7.938508 8.592286 9.293114 9.380177 9.421538 10.09037 10.11058 10.6309 10.70284 
  3.59311 2.829681 4.306138 4.541139 5.47509 5.014699 5.593909 6.394194 5.86535 6.526732 7.034994 6.561278 7.395548 8.528175 8.336691 8.408257 8.523132 8.620398 9.714603 9.816111 10.1313 10.44623 10.49107 
  5.123087 4.219422 4.979923 5.031963 6.015472 5.056494 5.699873 5.895849 5.594415 6.556677 7.182858 7.425998 8.082424 8.680779 9.093404 9.299532 9.428397 9.508216 10.04789 9.51568 10.11748 10.73349 10.8106 
  4.887706 4.033214 4.33492 5.158628 4.869555 4.408675 5.147089 5.637399 6.261333 6.242256 6.326278 6.745432 7.432058 8.426438 9.451847 9.384289 9.879343 9.636256 8.871165 10.08218 10.4421 10.28708 10.78366 
  5.497337 3.495465 4.075887 5.06363 4.700157 4.596751 5.088808 6.833342 5.969556 6.287173 6.961061 6.745432 7.212998 7.763794 9.01375 9.04526 9.022546 9.444197 9.688966 9.697401 10.00337 10.07129 10.6759 
  4.456174 3.649107 4.104668 5.252415 4.517729 4.325085 5.244224 5.999228 6.81584 7.011991 7.404655 7.230928 7.304273 7.517931 8.240162 9.04526 9.293114 9.604246 9.302291 9.721962 10.2418 9.870918 10.3259 
  4.770016 2.75286 4.248575 5.346203 4.54379 4.178803 4.583708 6.205988 6.073762 5.598442 6.961061 6.963068 7.744026 7.852305 8.695134 8.643405 9.293114 8.940929 9.714603 9.783363 10.09676 10.58986 10.40298 
  5.358468 3.239394 4.363701 5.158628 5.204899 5.172582 5.766983 6.102608 7.28299 6.122477 6.606329 7.080257 7.913225 7.871975 7.926442 8.918124 9.022546 9.604246 9.624873 9.660561 10.17274 10.46675 10.56814 
  5.083857 3.700322 3.442694 4.968631 4.934708 5.321169 5.321932 6.154298 6.448903 6.377008 6.550319 6.862621 7.340783 8.426438 8.240162 8.428705 8.737902 9.142746 9.855609 9.660561 10.0322 10.54882 10.50208 
  5.70564 3.649107 3.327568 4.8578 5.655218 5.246875 4.913966 5.43064 6.282174 7.14208 6.961061 7.295952 7.194744 8.070361 8.416345 8.479824 9.06764 9.476207 9.676147 9.779269 9.902468 10.27938 10.78366 
  7.024896 8.036689 9.679447 10.50451 10.4286 10.74459 11.40422 11.47576 12.22144 12.02044 12.72778 13.21306 12.98919 13.00457 13.19558 12.64744 11.99879 11.81293 11.49741 12.0012 12.61337 12.86747 13.28899 
  8.691324 10.5505 12.71456 13.78707 12.50006 12.8991 14.22283 13.73424 15.39274 14.62224 15.53721 16.10434 15.35334 16.301 17.00433 15.77791 15.35345 15.69154 14.68451 15.90708 16.1382 16.48086 16.94531 
  10.14945 13.71604 13.79153 12.75541 12.77025 11.63611 11.87399 11.47576 12.68859 12.28062 13.4671 13.73325 12.70719 15.23877 15.72287 14.08832 14.34371 14.87151 12.92022 14.9079 14.58071 14.92962 15.45758 
  13.55174 15.95053 16.92455 17.16341 17.11206 15.1597 14.55292 14.72036 15.15782 16.58751 16.48133 14.64357 15.35334 16.03544 13.89221 13.41026 15.61225 14.87151 11.72506 11.1837 10.71146 13.26759 14.01635 
  14.17665 16.14099 17.15294 17.89163 16.93895 15.91223 15.13974 15.16059 15.6864 17.20134 16.65215 15.42385 17.05031 16.38952 13.43455 14.16877 15.95733 14.7075 12.18036 10.72952 11.13786 13.65539 14.66723 
  14.25615 16.19178 17.25761 17.87021 16.8091 15.71155 15.17642 15.29265 16.15625 17.54236 16.42439 16.57614 16.24648 14.53062 12.4787 14.41014 15.52598 13.80546 10.8811 9.902072 10.50426 12.33397 12.72327 
  14.24608 16.24257 17.2481 17.9773 16.50615 15.61122 15.13974 15.3807 16.56737 17.54236 16.76603 16.89067 14.90677 12.69937 12.12025 13.83404 14.11823 12.32509 11.26976 11.4562 12.69534 13.7108 15.3646 
  14.25615 16.30605 17.26713 18.12722 16.3728 15.71155 15.32313 15.7769 17.15469 17.20134 16.99378 16.34024 13.15839 11.73287 11.52285 13.15598 13.03596 11.65288 10.71446 10.18452 11.54772 12.99058 14.8532 
  14.32161 16.36954 17.32423 18.23431 16.46287 15.91223 15.50651 16.1731 17.68327 17.40595 16.99378 15.7898 12.76359 11.5294 11.52285 13.11361 12.94578 11.01268 9.637691 9.608404 10.14511 11.96463 12.50776 
  14.36692 16.43302 17.39084 18.3414 16.63599 16.16307 15.79992 16.61332 18.09439 17.81518 17.22154 15.03371 12.76359 11.37679 11.36354 12.98647 13.03596 10.91665 9.970977 10.18452 10.77362 12.94954 13.36981 
  14.44244 16.5092 17.486 18.44849 17.02551 16.46408 16.09333 16.92148 18.50551 18.2926 17.84787 14.77362 12.59439 11.5294 11.36354 13.36788 13.62219 11.20474 9.663329 9.9471 10.44901 12.5802 13.20818 
  14.51797 16.61078 17.52407 18.51275 17.54486 16.86543 16.35007 17.00952 18.79917 18.77003 18.64501 15.5539 12.98919 12.13982 11.96095 13.87642 14.07314 11.42881 9.522324 10.04943 10.2349 13.8216 14.20232 
  14.53811 16.68696 17.45745 18.49133 17.97766 17.21661 16.49677 16.9655 18.8579 19.11105 19.27134 16.57614 13.49678 12.39416 12.27956 14.32969 14.61427 11.97298 9.894065 9.643175 10.97391 14.65262 14.89969 
  14.56328 16.75045 17.35278 18.46991 18.28062 17.51763 16.53345 16.74539 18.44678 19.17925 19.66991 17.59838 14.34278 13.00457 12.75749 14.89289 15.35345 12.54916 10.40681 9.672841 10.91175 13.8216 13.88165 
  14.55825 16.72505 17.28616 18.3414 18.54029 17.7183 16.53345 16.48125 17.85947 19.17925 19.44216 17.75564 15.26403 13.61499 13.43455 15.45608 15.95733 13.34941 10.97083 9.889791 11.3018 14.65262 14.76021 
  14.53811 16.62348 17.25761 18.19148 18.84325 17.76847 16.46009 16.39321 17.38961 19.04284 19.55604 18.77788 16.78237 14.37802 14.16681 16.26065 16.9063 14.29748 11.49741 9.509885 11.3018 14.20941 14.71372 
  14.54818 16.47111 17.26713 18.02013 19.05965 17.66813 16.42342 16.34919 16.86103 18.70182 20.01155 19.64285 18.47934 15.23877 14.89907 17.06523 17.85526 15.52754 11.8958 10.09856 11.62969 14.59722 15.3646 
  14.54818 16.33145 17.25761 17.95588 19.18949 17.46746 16.27671 16.12908 16.56737 18.15619 19.84073 20.03602 19.4618 16.301 15.63133 17.70888 18.71796 16.26557 12.52183 10.14358 11.62969 15.26203 15.73653 
  14.53307 16.21717 17.23858 17.89163 19.14621 17.21661 16.05665 15.86494 16.27372 17.26955 19.61297 20.35056 19.99768 17.7173 16.45513 18.19162 19.23557 16.92159 13.09096 9.754709 11.54772 15.31743 15.9225 
  14.51797 16.15369 17.20052 17.80595 18.92981 16.86543 15.72657 15.55679 15.92133 16.51931 18.75889 20.50783 20.087 18.86805 17.09586 18.35254 19.49438 17.33161 13.09096 9.975754 11.54772 14.32021 15.96899 
  14.523 16.02672 17.20052 17.69886 18.67013 16.31358 15.43316 15.16059 15.56894 15.90547 18.01868 20.42919 20.17631 19.5762 17.82812 18.67437 19.83946 17.90564 13.48935 10.09856 11.38378 14.20941 15.55057 
  14.50286 15.85743 17.16245 17.54894 18.28062 15.51088 14.88301 14.80841 15.15782 15.56445 17.4493 20.27192 20.53357 20.0188 18.56039 18.99619 20.012 18.31565 14.22921 10.45702 10.78743 13.7662 15.87601 
  14.4223 15.57812 16.98164 17.24909 17.6747 14.38496 13.88728 14.23612 14.42372 14.88242 16.48133 19.64285 20.53357 20.10732 19.20112 19.15711 20.18454 18.64367 14.28613 10.27535 11.05589 13.21218 15.17863 
  14.24608 15.48501 16.82664 16.88205 16.8091 13.9392 13.08196 13.29509 13.35595 13.8417 15.09361 18.38471 19.81905 19.5762 18.92652 18.75482 19.75319 18.31565 13.66009 10.63869 11.54772 14.0432 15.50407 
  13.62117 15.95053 16.53292 16.78826 16.46287 14.23638 13.68595 13.04415 13.28922 13.51647 14.87182 17.83428 19.90837 19.75324 19.20112 18.67437 19.40811 17.90564 13.03405 11.00203 12.2035 13.8216 14.66723 
  13.69061 15.97593 16.63083 16.13175 16.01255 14.60784 13.55173 12.54226 12.55512 12.67089 13.83676 16.65477 19.37248 19.39916 18.83499 18.03071 18.80423 17.41362 12.97714 10.27535 10.26943 12.00567 14.10933 
  13.62117 15.98863 16.63083 15.7566 15.47217 14.38496 13.68595 12.22859 11.88776 11.63017 12.57992 15.16376 18.12208 18.60249 18.19426 17.3066 18.20034 16.92159 12.57875 10.36619 10.25562 12.02619 13.90859 
  13.34344 15.67122 16.2392 15.66282 14.66159 13.56774 13.48462 11.47576 10.81999 10.45937 11.1752 13.6032 16.961 17.7173 17.18739 16.01928 16.99257 15.69154 11.32667 10.18452 9.974541 11.22595 12.80409 
  13.62117 15.85743 15.74967 16.31933 13.94108 13.34486 13.55173 12.04038 10.15263 10.00405 9.474759 11.52246 14.68117 15.8584 15.08214 13.28312 13.93786 12.58117 10.29144 10.18452 10.01778 10.77453 12.96572 
  13.55174 15.67122 15.74967 15.7566 13.76095 12.8248 13.08196 12.10312 9.552009 9.483694 9.031166 10.67716 13.72238 14.70766 14.25834 12.90171 13.53201 12.32509 10.24017 9.943007 10.08986 10.36415 12.61552 
  14.28133 15.85743 15.65176 15.47524 13.22057 12.67622 13.48462 12.54226 10.48631 10.19919 9.400827 11.71753 14.99609 15.8584 15.35674 13.79166 14.74956 13.55945 10.27863 9.556247 10.17964 10.79505 12.56164 
  14.36692 15.85743 14.96641 15.0063 10.60872 11.7104 12.47798 11.91491 9.218329 9.02838 8.143978 10.09195 13.44038 13.61499 13.03628 11.92701 13.26144 11.90896 10.38117 9.877512 10.41447 10.44623 12.18449 
  13.76004 15.2057 13.00828 12.09889 8.807449 9.853065 10.93445 10.6602 7.750141 8.312887 8.957233 10.54711 12.87639 12.08895 12.08043 11.12181 11.18709 10.98067 10.3299 10.06172 10.32468 10.13295 10.64896 
  12.44079 13.52983 11.44177 10.50451 9.077641 8.515785 9.390919 9.907376 9.885688 11.89035 12.35812 12.56283 12.36879 11.78374 11.6025 13.41026 13.53201 12.51715 11.09902 10.54786 10.32468 10.28708 10.99917 
  10.01058 11.10912 9.385727 9.75421 8.35713 7.921438 8.31716 9.029081 10.15263 11.76026 11.84059 10.80721 11.8612 11.98721 12.19991 13.74929 14.61427 13.47745 10.86828 10.54786 11.21983 11.3901 11.18774 
  7.163765 8.595313 8.308753 7.97225 6.91611 5.915516 8.5856 9.593699 9.084858 9.483694 9.474759 9.246648 10.39481 11.02072 10.88562 12.30841 13.84767 13.15735 10.41963 10.03306 11.3018 11.53373 11.40326 
  8.205282 8.595313 8.015033 8.066037 6.465792 6.65845 8.65271 9.468229 8.484235 8.703156 9.326895 8.986555 9.266815 9.545538 9.650982 9.765697 10.51067 10.34047 10.57345 10.36619 11.05589 10.97972 11.13387 
  7.927545 8.409105 7.623405 7.128163 6.015472 6.807036 8.71982 8.840875 8.217292 8.833246 9.770489 9.376695 9.323215 9.087725 8.774788 9.04526 9.338208 9.828316 9.54796 10.10265 10.6493 10.87713 10.97223 
  10.08001 8.409105 7.231779 6.940588 7.006174 5.989809 8.71982 9.405494 8.550971 8.573067 8.587572 8.856508 9.154016 9.49467 9.41202 9.723318 9.338208 9.604246 9.778697 10.27535 10.67693 10.87713 11.05305 
  9.524538 7.38496 7.231779 7.5971 6.555855 6.732743 7.84739 8.652668 7.483198 8.182797 8.661504 8.661439 8.702819 8.833384 9.212885 9.384289 8.71312 9.412187 9.329809 9.848858 10.58023 10.73349 10.6759 
  9.316235 9.526354 8.11294 7.878462 6.735983 6.65845 7.646061 8.150785 7.082783 8.833246 9.031166 8.011207 7.800426 8.019493 8.934095 9.384289 9.157829 9.636256 9.10966 10.1354 10.49045 10.93868 10.99917 
  8.969062 7.943584 7.035965 7.315738 7.006174 6.064103 8.45138 8.464462 6.882576 8.442977 8.957233 7.946184 8.477221 8.172097 8.535826 8.510495 8.663558 9.047773 9.072968 9.463524 10.44901 11.00024 10.70284 
  6.399985 5.988399 6.154804 6.471652 4.804402 6.138396 7.578951 8.276257 7.483198 8.898291 9.252962 7.881161 8.59002 8.222966 8.695134 9.214775 9.202925 9.764296 9.804335 10.14768 10.38684 10.6309 10.59508 
  8.135848 6.081503 6.350618 6.377864 6.105536 6.732743 8.25005 7.837109 6.81584 8.703156 9.105098 7.295952 8.026024 8.528175 8.1195 8.960503 9.06764 9.700275 9.688966 9.754709 10.31778 10.6309 10.86447 
  8.552455 8.036689 6.252711 6.659226 6.1956 6.212689 7.9145 8.150785 6.81584 7.792529 9.105098 8.011207 7.856825 8.019493 8.535826 8.918124 9.022546 8.917186 9.829971 9.881605 10.40757 10.33332 10.21579 
  8.969062 7.198752 6.742245 6.471652 5.745281 6.286983 7.310511 7.27249 6.949311 7.597394 8.143978 7.881161 8.082424 8.222966 8.240162 9.04526 8.44879 9.083388 9.688966 9.654765 10.15202 10.46675 10.99917 
  7.719241 4.498734 5.175737 5.533778 5.114835 5.618342 6.572302 6.519665 7.016047 7.987663 7.774317 7.621068 7.913225 8.019493 7.564457 8.183333 8.977451 9.444197 9.146352 9.3708 9.888054 10.61038 10.56264 
  6.677723 6.267712 6.546432 5.721353 5.294963 4.952007 7.377621 8.025314 7.483198 7.857574 8.143978 7.230928 7.913225 7.685118 8.535826 8.706231 8.960931 8.929058 9.535142 9.289667 9.167327 10.16378 10.35343 
  7.302634 6.547024 5.175737 4.382808 4.934708 6.361276 7.84739 7.711637 7.549933 6.621722 6.71835 8.011207 7.432058 7.606441 8.095367 8.790989 9.06764 9.166489 10.03507 10.15177 9.484447 10.04047 10.75672 
  5.775075 4.964254 3.730509 5.533778 4.921677 5.915516 7.98161 7.084283 7.149518 6.686767 7.330723 7.686091 8.138824 7.714622 8.312558 8.706231 8.779203 9.17836 9.430712 9.975754 9.55652 10.42571 10.29838 
  5.566772 5.429775 5.371551 5.81514 5.655218 5.618342 5.968313 7.523431 7.549933 7.077035 7.182858 7.425998 8.308022 8.222966 8.615479 8.275348 8.597476 9.444197 9.421538 9.881605 10.31778 10.23314 10.31489 
  6.677723 5.429775 4.13345 4.69947 5.204899 5.618342 7.646061 7.397961 7.149518 6.212311 7.034994 7.197446 7.687627 7.901478 8.734961 8.790989 8.837026 9.380177 9.586417 9.689215 10.15892 10.69246 10.45253 
  6.677723 5.429775 4.979923 5.43999 5.204899 4.76393 6.438082 7.586167 7.28299 7.337215 7.700384 7.063516 6.920919 7.606441 8.167765 8.643405 8.93615 9.035902 9.65051 9.567837 10.29706 10.24084 10.86447 
  5.280007 4.778046 4.882017 5.533778 4.465607 4.450469 6.303862 7.209754 6.749104 6.686767 7.182858 6.929585 7.505077 7.930982 7.986773 8.418482 8.539654 9.732285 9.45823 10.02487 9.830396 10.31791 10.425 
  4.652325 4.219422 4.490389 5.252415 5.565154 5.321169 6.370972 7.021548 6.615632 6.481815 6.475638 6.544537 6.519311 7.439254 8.615479 8.469601 8.878327 9.604246 9.137179 9.562042 10.07544 10.38467 10.53511 
  4.103103 3.265001 4.686203 5.43999 4.869555 4.931109 5.632763 6.268723 5.740304 5.852973 6.214257 7.556045 7.377293 8.273834 8.495998 8.214005 8.870067 9.071516 9.439884 10.11084 9.988955 9.978813 10.40849 
  5.358468 4.40563 5.567364 5.627565 5.024771 5.098289 5.360785 6.331459 7.483198 7.011991 6.68101 7.686091 7.322528 8.273834 7.950574 8.326468 8.762683 8.71537 9.265599 9.591018 10.08986 10.89764 10.97223 
  5.497337 5.150463 4.686203 4.936965 5.294963 5.098289 5.766983 5.456485 6.553109 6.556677 6.512979 7.425998 7.687627 7.763794 8.179831 8.663853 8.93615 8.976544 9.535142 9.799737 10.30396 10.40519 10.78366 
  5.497337 3.674715 4.306138 5.346203 4.895616 4.910212 4.641988 5.353105 6.094603 6.686767 7.108926 7.230928 7.066959 7.390081 7.685119 8.790989 8.977451 9.508216 9.274773 9.434547 9.715079 9.98652 10.56814 
  4.848476 3.265001 3.327568 4.746968 4.856524 4.554956 5.302505 5.146346 5.281798 5.628387 5.766174 7.063516 7.687627 8.172097 8.655307 8.285572 9.022546 9.636256 9.701785 10.04943 10.29706 10.3102 10.33692 ]
