 [
  2.26987 2.595807 4.577422 5.326283 5.033549 5.03686 5.158435 4.796598 5.765029 6.558876 6.877279 7.396717 7.509093 7.831818 8.479319 8.962914 9.421802 9.299042 9.561575 9.516595 10.18197 10.63781 10.74399 
  2.639605 2.84673 4.2666 5.042876 4.459122 5.266893 5.092625 4.7251 5.729271 6.377789 6.557774 6.92589 7.62366 8.173124 8.995438 9.305627 9.063925 9.696043 9.618014 9.629055 10.04077 10.54818 10.33271 
  4.406113 3.666413 4.933028 4.237249 4.713013 4.349038 5.004878 5.225588 4.728071 6.196703 6.67444 7.608695 6.900958 7.545673 8.255647 8.370895 8.117524 9.215059 9.661912 10.18534 10.14667 10.65574 10.55393 
  2.845012 3.181294 4.814492 4.323782 4.444187 4.24942 4.719699 5.011093 5.192914 5.508569 6.402219 7.290728 7.164483 7.992306 8.450645 8.883826 9.250643 9.113252 9.545897 9.948504 9.705187 10.05898 10.2488 
  4.118542 3.549315 3.766654 5.269601 5.535071 4.423752 5.810803 5.100466 5.407457 5.778426 6.129998 7.396717 7.428008 8.328113 7.934216 8.162751 9.328442 9.227785 9.201854 9.299171 9.689362 9.97114 10.33917 
  3.625563 2.930371 3.920484 5.269601 5.089273 5.439418 4.807446 4.796598 5.800786 6.169717 6.402219 7.432046 8.025449 8.147293 8.823398 8.910189 9.017244 9.227785 9.887671 9.561579 9.815966 10.36891 10.59616 
  3.789889 4.107366 4.208913 4.302149 4.279904 3.477377 5.224246 5.171964 5.443214 5.643497 6.324441 7.361387 7.28611 7.814986 8.507992 8.104934 8.373129 8.464231 9.316699 9.724831 9.689362 10.09411 10.42308 
  4.652602 2.629263 3.478224 5.099557 4.802621 4.84713 5.631976 5.726076 6.324649 5.872875 6.479996 6.849759 7.724107 7.713994 7.78498 8.301515 8.776714 8.566038 8.598919 9.983591 9.903006 10.54818 10.78623 
  4.775847 3.014012 3.728197 4.648281 4.429252 4.274324 5.512757 5.787864 5.818665 5.872875 6.343886 7.139059 7.791072 7.865482 8.014574 8.405586 9.032804 9.482273 9.665048 9.659044 9.993697 10.31514 10.3908 
  4.406113 3.080925 4.305057 4.734814 4.638339 4.921844 5.136498 6.158593 5.604122 5.980818 6.207775 6.621363 8.058931 7.831818 8.278606 8.567476 8.601828 9.268503 9.53649 10.18095 10.15452 10.29721 10.37144 
  4.241786 3.649684 4.577422 4.648281 5.089273 5.554434 5.070688 5.457957 6.268106 5.818904 6.149442 7.396717 7.245567 8.147293 8.450645 8.962914 8.790168 9.113252 9.674455 10.27211 10.31141 10.54818 10.43599 
  3.954215 3.114382 3.516681 4.929513 4.160426 4.672798 5.048751 5.600954 4.781707 5.333163 6.304997 6.971569 7.083398 7.528841 8.255647 8.857464 8.722903 9.288862 9.545897 10.12832 10.11529 10.31514 10.74399 
  4.734765 3.465674 3.958941 4.929513 4.623404 4.573179 3.929974 5.91144 5.8723 5.562541 6.441108 6.545231 7.12394 7.831818 8.209728 8.778377 8.923885 9.32958 9.919026 9.786231 9.962317 10.11168 10.68064 
  4.570439 3.231479 3.382081 4.713181 5.535071 4.979352 4.215152 5.207713 5.24655 6.377789 6.693884 7.290728 7.488822 7.798154 8.209728 8.162751 8.655639 9.299042 9.693268 9.878332 9.98193 10.24343 10.52636 
  3.995297 3.264935 4.636689 5.949778 5.98087 6.532074 5.512757 5.422208 6.437736 6.241975 6.013332 6.210252 7.083398 8.405606 8.335953 8.593839 8.80362 8.540586 9.796741 10.22042 10.19374 10.26136 10.70175 
  5.139566 3.164566 5.584973 6.913362 5.925145 6.244533 6.824161 7.147203 6.324649 6.649419 7.455306 7.679355 6.880686 7.293192 8.450645 8.672926 9.359562 9.869095 9.47461 9.680973 9.815966 9.681284 10.35208 
  4.282868 3.264935 3.362852 4.323782 4.354578 4.647893 4.895194 5.100466 6.381193 6.196703 7.057912 7.608695 7.62366 7.44468 7.830899 8.25526 9.095044 9.248144 9.34541 9.659044 10.12706 10.26136 10.53281 
  4.118542 3.532587 4.074313 5.042876 4.86236 4.52337 5.691585 5.708201 5.085643 5.697469 6.877279 7.326057 7.757589 8.250618 8.106411 8.936551 9.110604 9.533171 9.302343 9.629055 9.94257 10.26136 10.78623 
  3.954215 3.298392 3.747426 5.269601 4.922099 4.548275 4.017721 5.332835 5.622 5.94034 6.343886 6.92589 6.900958 7.781322 8.823398 8.752014 9.032804 8.464231 8.814253 9.38914 9.855529 11.0322 10.84958 
  5.440158 4.195556 3.901255 4.90788 5.144998 5.611942 4.522268 4.903845 5.985387 5.75144 6.149442 6.880211 8.025449 8.069799 8.198249 8.359332 8.790168 9.036897 9.503322 9.935348 10.20551 10.33306 10.48117 
  4.95921 3.49913 3.766654 5.042876 4.787686 4.772416 4.829383 4.582103 5.765029 6.142732 5.488334 6.864985 7.757589 8.353944 8.622685 8.962914 9.095044 8.922363 9.359766 9.799389 10.13883 10.26136 11.48312 
  4.899092 3.13111 3.901255 4.929513 5.590796 4.473561 4.566141 4.778723 5.928844 6.021297 6.596663 6.834532 7.757589 7.613001 8.267127 8.532785 8.507657 9.227785 9.762249 10.73734 10.62748 10.4944 14.6818 
  5.440158 4.019175 4.208913 4.799714 4.563665 4.573179 5.33393 5.422208 6.155018 6.048282 6.188331 6.971569 7.265839 7.629833 8.507992 8.725652 9.406241 9.319401 9.743436 9.957276 10.16236 10.24343 11.16635 
  4.734765 2.997284 3.766654 4.84298 4.922099 3.975469 5.393539 5.787864 5.264429 6.423061 6.768899 6.63659 6.292822 6.889222 8.232688 8.474968 8.359675 9.258324 9.445899 9.869561 9.697274 10.10289 10.34562 
  5.079447 3.754603 3.228251 4.84298 4.51886 4.075088 5.048751 4.92172 5.3717 6.694691 6.382774 6.880211 7.103669 7.495177 8.117891 8.405586 8.736356 9.573889 9.76852 9.599066 10.05646 10.22586 10.49408 
  4.406113 3.616228 3.978169 5.382964 4.698078 4.747511 4.895194 5.726076 6.098475 5.913354 6.713328 7.290728 7.103669 7.680329 8.15233 8.05868 9.250643 9.472094 9.796741 9.584071 9.736837 9.856955 10.25525 
  5.019329 2.947099 4.87376 4.04255 4.429252 4.747511 4.829383 6.035017 5.8723 6.196703 6.768899 7.608695 7.590178 8.302281 7.865338 8.023989 8.588374 9.189608 9.70581 9.621557 9.871355 9.97114 10.30044 
  4.95921 6.312131 8.25202 9.293982 9.38008 9.062437 9.506577 9.495152 9.773808 9.546804 10.41769 11.00035 11.37369 11.27288 12.28067 11.94188 11.85856 12.70632 11.84612 10.12832 10.62748 10.60196 10.84958 
  5.680633 5.165653 7.422272 8.670485 8.042686 7.279681 8.314392 8.074026 8.0775 7.826482 8.79199 9.516502 9.833498 9.774663 10.71583 10.57103 10.82219 11.3878 10.47851 10.22042 10.68315 10.81708 10.8707 
  5.319921 4.107366 4.093542 4.172349 5.535071 4.398847 4.939067 4.778723 5.782907 6.694691 6.985659 7.396717 7.858037 8.353944 8.421972 8.035552 8.561469 8.413327 9.693268 9.584071 10.42124 10.65574 10.99741 
  4.406113 4.107366 4.636689 5.156239 5.256448 4.473561 5.33393 5.618829 5.139278 5.75144 6.877279 7.396717 7.62366 8.121462 8.335953 9.173814 9.157284 9.411016 9.787333 10.14586 10.31141 10.10289 10.59616 
  4.570439 4.548319 4.458886 5.60969 4.713013 4.473561 6.585724 6.343957 4.74595 6.513604 6.67444 7.396717 8.025449 8.353944 7.716102 7.862099 8.695997 9.227785 9.53649 9.812546 10.04861 10.19073 10.39726 
  5.079447 4.371937 4.933028 5.779734 5.256448 5.266893 5.751194 6.529322 6.268106 6.966321 7.021786 7.326057 7.690625 9.077219 9.654922 9.885602 10.69771 11.05817 10.04335 10.09324 10.19766 10.51233 10.70175 
  4.282868 3.666413 4.285828 5.042876 5.367897 5.496926 5.751194 5.849652 5.550486 6.075268 6.304997 6.834532 7.757589 9.128881 9.941654 9.938327 9.779678 10.59669 10.54067 10.01868 10.28003 10.18194 10.68064 
  4.95921 4.107366 5.466437 4.986195 4.488991 5.03686 5.33393 5.493707 5.836543 6.287246 6.877279 6.941116 7.042856 8.767243 9.052784 8.532785 9.126163 9.036897 9.287988 9.799389 10.15452 10.06776 10.57505 
  4.570439 2.930371 3.612825 4.388682 4.488991 5.209385 5.691585 4.599977 5.085643 6.196703 7.130166 7.502706 7.488822 8.095631 8.393299 8.38246 9.001685 9.573889 9.82496 10.53057 9.958395 10.42269 10.55393 
  5.921107 6.664893 7.896414 8.557123 8.934282 9.234962 9.745014 10.2984 10.73505 11.17658 11.51621 11.70695 11.60806 11.11789 10.45777 9.463801 9.592959 9.55353 9.643099 10.04938 9.451979 10.35099 11.96883 
  8.686559 9.575183 11.57101 12.18473 12.26201 12.2829 12.96391 13.63496 13.99273 14.5458 14.78049 15.1095 14.95492 14.35386 13.52525 12.18328 12.11766 11.3878 11.59746 11.71947 12.576 13.31613 15.40474 
  6.462173 6.312131 9.081768 8.670485 7.652613 7.394698 8.43361 9.062635 9.773808 10.04479 10.41769 10.96502 10.90493 11.36349 11.34664 11.09828 11.68583 11.19002 11.5353 12.59822 12.74302 13.35504 14.84863 
  4.899092 4.460128 5.40717 6.119823 5.757971 6.187025 5.810803 7.888661 8.69948 9.410989 9.297764 10.54107 11.07235 11.27288 11.83409 11.52008 11.85856 12.24484 11.97045 12.28807 12.68734 13.23832 15.01546 
  5.259803 4.019175 4.814492 5.723053 6.92819 7.164665 6.287677 7.27078 8.756023 9.456261 9.984169 10.92969 11.70851 12.08843 12.44661 11.94188 12.54948 11.3878 11.97045 12.23638 12.79869 14.01643 15.40474 
  5.259803 5.165653 4.814492 6.233185 7.596888 8.487354 7.718299 8.815483 9.151829 10.04479 11.06797 12.05415 12.39779 12.26966 12.61256 12.6661 12.72221 11.91521 11.78396 11.92624 12.74302 13.74409 15.23791 
  6.642529 8.693276 9.55591 10.37093 10.66175 10.96021 11.47368 12.09025 12.82716 13.30139 14.06394 14.69286 14.74617 14.98818 15.68253 15.32156 15.31315 14.68409 13.83538 13.47697 13.9678 14.98907 16.73941 
  6.341936 8.075943 8.548359 9.350662 9.714429 9.695027 10.34111 11.10164 12.20518 12.84292 13.42701 13.65126 13.80682 13.81015 14.76984 14.35594 14.36314 13.6952 12.71642 12.64991 13.02137 13.86081 15.73841 
  8.446085 11.42719 10.8598 7.990309 8.20986 8.142305 9.20853 9.371576 10.45233 10.36169 11.1041 11.98471 11.74199 11.01456 11.80541 11.62553 11.85856 11.32187 10.665 11.46101 11.12853 11.60584 12.68684 
  12.59426 15.78763 16.36147 16.63504 16.71549 15.29002 15.9212 16.27251 14.72843 12.44994 11.83468 11.67162 12.24123 14.17262 14.02309 13.87313 13.41313 11.6515 9.630557 10.10639 9.970162 12.14364 13.06697 
  14.18786 16.81265 16.90101 18.91447 17.85475 17.61811 17.80311 18.2294 15.83199 13.56337 12.79008 12.95686 13.65026 16.43805 16.34631 15.96531 15.48588 13.49743 10.16768 10.27211 10.10745 13.35504 14.07008 
  14.22177 16.94077 17.08085 19.02301 18.16546 18.20014 18.43042 18.91006 15.68485 13.69436 12.71046 13.0263 14.01556 16.98175 17.01009 16.77 16.17679 14.09076 10.35418 9.554082 10.85017 14.48329 14.95985 
  14.35739 16.94077 17.2607 18.91447 18.47617 18.39414 18.60965 18.99515 15.16986 13.36688 12.392 12.88742 13.85901 16.7099 17.17603 17.01141 16.26316 14.02483 10.41634 10.10639 11.29554 14.5222 15.1823 
  14.42521 16.97281 17.35062 18.91447 18.3726 18.39414 18.60965 18.56973 14.72843 12.71192 11.99391 12.60966 13.65026 16.34743 17.09306 16.85047 15.83133 13.62928 9.906485 9.591568 10.73882 13.783 14.79302 
  14.49302 16.90874 17.53047 18.91447 18.16546 18.29714 18.43042 17.97416 14.72843 12.38445 11.59583 12.19303 13.23277 16.43805 17.17603 16.60906 15.48588 13.36557 10.10552 9.983591 11.23987 13.39394 14.12569 
  14.52692 16.84468 17.62039 18.80592 17.95832 18.20014 18.25119 17.37858 14.50772 12.25346 11.28473 11.91527 13.02402 16.43805 17.09306 16.44813 15.22678 13.03595 9.919026 10.27211 11.40689 13.00489 13.84763 
  14.59474 16.81265 17.71032 18.80592 17.85475 18.20014 18.16157 16.86809 14.13987 12.12246 11.1041 11.56563 12.71091 16.34743 16.92712 16.12625 14.96769 12.57446 9.683861 10.3755 11.23987 13.51066 14.01447 
  14.66255 16.84468 17.71032 18.69738 17.75118 18.10313 17.98234 16.52776 13.84559 12.05697 10.77896 11.38898 12.39779 15.98496 16.59523 15.88484 14.36314 12.11298 9.878264 10.84072 10.68315 12.88817 13.84763 
  14.69646 16.87671 17.62039 18.69738 17.85475 18.10313 17.89273 16.18743 13.40416 11.6293 10.74283 11.56563 12.39779 15.80373 16.34631 15.72391 13.41313 11.32187 9.909619 10.22042 10.40163 12.88817 13.62519 
  14.73036 16.78061 17.53047 18.37175 17.95832 18.00613 17.7135 16.01726 13.18345 11.40294 10.59832 11.35365 12.3456 15.6225 16.01442 15.32156 12.89494 10.33735 9.47461 9.768688 10.11921 12.43046 13.15144 
  14.73036 16.62046 17.44055 18.15466 18.06189 18.00613 17.53427 16.01726 13.10988 11.35767 10.45382 11.42431 12.29341 15.44126 15.84848 15.08016 12.46312 10.05233 9.431543 10.09762 10.57181 12.73255 13.15144 
  14.73036 16.42827 17.35062 17.93757 18.3726 17.90912 17.44465 16.10235 13.18345 11.22185 10.38156 11.42431 12.18904 15.44126 15.76551 14.91922 12.29039 10.66262 9.981191 10.27211 10.42516 12.53802 13.21479 
  14.66255 16.23608 17.17078 17.61194 18.47617 17.81212 17.53427 16.44267 13.18345 11.3124 10.85121 11.5303 12.29341 15.35065 15.68253 15.16063 12.37675 10.38825 9.82496 10.84072 10.85017 12.88817 13.6808 
  14.62864 16.01185 16.99093 17.50339 18.57974 17.4241 17.89273 16.69792 13.10988 11.71984 11.35698 11.60096 12.60653 15.26003 15.35064 15.08016 12.03129 11.05817 10.16768 9.878332 10.51614 13.35504 13.79202 
  14.56083 15.7556 16.72116 17.39485 18.47617 16.55107 18.16157 16.61284 13.10988 11.99147 11.51621 11.70695 12.60653 14.80694 14.272 13.71219 10.90855 10.53076 10.04335 10.42719 10.62748 12.88817 13.34713 
  14.45911 15.65951 16.36147 16.85213 17.95832 15.58103 17.44465 16.35759 13.62487 11.71984 11.21247 11.24766 12.55435 13.26645 12.61256 12.42469 9.748558 9.7673 9.70581 10.11955 9.863441 13.43285 13.6808 
  13.8827 16.07592 16.27155 17.61194 18.06189 17.71512 17.53427 18.05924 16.34699 13.62886 12.94931 13.3735 15.16367 14.44447 13.52525 13.55125 10.90855 10.17448 9.834367 10.22042 10.32318 13.23832 13.29152 
  13.40802 15.78763 16.0917 16.85213 18.3726 17.13309 16.99658 18.2294 16.27342 12.97391 11.99391 12.95686 14.69399 13.35707 12.52959 12.82703 10.40207 10.03197 10.16768 9.89149 9.98193 13.0827 13.21479 
  13.37411 15.88373 16.00178 16.74358 17.85475 17.3271 16.36928 17.71891 17.3034 14.15283 13.50663 14.90118 13.85901 11.06623 11.94878 12.26375 10.35539 10.31699 10.04335 9.651546 10.57181 11.7134 12.39119 
  13.00114 15.81966 15.55216 15.87523 17.54404 16.93909 15.83159 17.12333 17.00912 13.43238 12.79008 14.48454 13.02402 9.955482 10.88787 11.30918 9.437361 9.421196 9.570981 9.80816 10.28003 11.96437 13.29152 
  13.67927 15.78763 15.10254 16.5265 17.3369 17.4241 16.01082 17.03825 17.74483 15.79022 15.57666 15.8039 11.92811 10.5496 10.54379 10.46558 9.764118 9.930172 9.868857 9.873946 10.62748 13.23832 14.1813 
  12.96723 15.78763 15.01262 14.89833 15.88693 16.06605 14.84582 16.10235 16.93555 15.00427 15.17858 15.24838 11.10583 9.800494 10.91654 10.96646 9.56184 9.706223 9.201854 9.53159 9.926744 11.7134 13.23591 
  14.18786 15.72357 15.46224 15.22397 15.26552 16.45407 15.9212 16.86809 17.52411 16.1177 16.37283 16.08166 11.87592 11.01456 12.52959 12.82703 10.46431 10.53076 9.850044 10.18095 10.15059 12.88817 14.07008 
  13.95052 15.81966 14.38316 14.46416 13.09056 14.31998 14.21852 14.48578 14.87557 14.28382 14.14356 13.79014 9.766533 9.49052 10.83052 11.151 9.219523 9.594248 9.919026 10.04061 10.17413 12.65474 14.12569 
  13.8488 15.59544 13.394 13.27017 12.05487 12.3799 12.96391 13.97529 14.13987 13.69436 12.79008 12.40135 9.16385 9.619676 10.34308 10.0965 9.873037 10.19484 9.646235 9.201707 9.839704 11.60584 12.56013 
  13.40802 14.95481 12.04515 10.7677 8.822832 10.78768 11.17564 11.71953 13.10988 13.23589 13.02893 12.6791 9.230815 10.21379 10.11369 10.17559 9.826358 9.624786 9.555304 9.569077 9.910918 10.27928 11.29306 
  12.17343 13.36738 10.32639 9.407344 8.042686 10.27011 11.71212 11.47237 13.05334 13.30139 13.98433 12.88742 9.900462 10.52377 10.45777 11.01919 10.13756 10.59669 9.287988 10.22042 10.46046 10.47647 10.74399 
  9.768692 10.98623 9.31884 8.217034 7.485438 8.889912 10.04306 10.66913 11.80938 12.51544 14.14356 12.60966 9.900462 10.57543 9.912981 10.86101 10.49543 10.2661 9.82496 10.27211 10.44477 10.16438 10.76511 
  6.281818 7.987752 8.548359 7.763583 8.377034 9.580011 10.16228 11.65774 13.05334 12.97391 14.14356 12.60966 10.2018 10.75625 10.05635 10.83465 10.02864 10.38825 9.818689 10.14586 10.62748 10.44062 10.68064 
  5.319921 6.576702 7.185202 7.820265 8.265585 8.544863 10.51993 10.85449 12.88371 12.77742 12.63085 11.84583 10.4027 9.852157 9.511556 10.17559 9.484041 9.278683 9.488966 10.27211 10.24081 10.24343 10.82846 
  6.883003 7.72318 7.185202 7.990309 7.541163 8.659879 9.029703 10.60734 11.63975 10.95022 12.15315 11.84583 10.36922 9.955482 9.654922 10.57103 9.857477 9.573889 9.981191 10.06253 10.08391 10.19951 10.59616 
  6.221699 6.664893 8.01495 8.217034 6.593842 7.624731 8.612438 9.92767 11.47012 10.81441 11.1041 10.61172 9.800015 9.232206 9.081457 10.04378 9.717439 9.33976 9.577252 9.680973 10.15844 10.36891 10.35208 
  5.560395 5.871178 7.007398 7.706902 6.203769 7.854764 9.387358 9.495152 10.73505 10.49751 11.35698 9.763811 9.532156 9.206375 9.024111 10.12286 9.63964 9.431376 9.787333 9.860789 9.98193 9.892088 10.20361 
  6.101462 6.753084 7.185202 7.536858 6.092319 6.35955 8.374001 9.000848 10.90468 10.22588 10.81508 9.622492 9.833498 9.10305 8.852071 9.437439 9.157284 9.100526 9.244921 9.524092 9.895093 9.927222 10.51345 
  8.20561 7.194036 6.888863 7.706902 7.262539 6.532074 7.539472 9.433365 10.22616 9.546804 9.731283 7.891334 9.900462 9.645507 8.364626 9.279264 9.530721 9.390657 9.201854 9.64405 10.04469 10.47647 10.53281 
  7.844899 6.929465 7.007398 6.970043 5.925145 6.647091 8.016346 9.989458 9.660721 8.822458 9.370017 8.103312 9.16385 9.10305 7.945696 8.521222 7.969542 8.846008 9.431543 9.629055 10.19374 10.42269 10.91293 
  6.822885 6.312131 6.17765 6.176504 7.03964 6.819615 7.956737 10.17482 9.434546 8.460285 9.33389 7.750014 8.89599 8.4831 8.479319 9.147451 8.642186 8.616941 9.230565 9.179214 9.879268 10.24343 10.65952 
  6.041344 4.7247 6.473989 8.04699 6.983915 5.784467 7.65869 8.877272 8.303675 8.505556 8.900371 7.326057 8.728579 8.741412 8.393299 8.752014 9.157284 9.482273 9.488966 9.737988 9.65771 10.40477 10.6384 
  5.921107 6.047559 5.999847 6.119823 5.757971 6.417058 7.956737 8.135814 7.681695 7.419037 8.611358 6.819306 7.62366 8.586425 8.479319 9.516526 9.001685 9.573889 9.981191 10.27211 9.721012 10.17316 10.1197 
  6.883003 6.488512 6.296185 6.176504 4.922099 4.722607 7.241426 7.888661 7.681695 7.23795 7.419179 7.467376 8.259826 7.663497 8.037533 9.068364 8.955006 9.036897 9.259276 9.569077 9.871355 10.12924 10.6384 
  7.063359 7.194036 5.64424 6.233185 5.256448 5.841975 8.552829 8.382966 7.398977 6.468333 7.852698 7.290728 7.824554 7.697162 8.026053 8.593839 8.970565 9.930172 10.29201 9.939734 9.776402 10.54818 10.89182 
  7.905018 7.194036 5.347902 5.099557 5.590796 5.956992 7.360644 8.135814 7.229346 7.056864 7.599812 7.184738 7.690625 8.043968 7.934216 8.936551 8.986125 8.756927 8.75683 9.935348 10.24865 10.54818 10.59616 
  6.221699 5.253843 5.229366 5.836415 5.033549 5.899484 6.943379 7.394356 7.059716 6.966321 7.744318 7.467376 7.590178 8.250618 8.421972 8.012425 8.939445 9.227785 9.893942 10.07569 10.01331 10.23465 10.55393 
  7.063359 4.989272 5.051563 4.518481 4.83249 4.921844 6.526114 7.27078 6.211562 6.966321 7.202419 6.910664 7.326653 7.44468 7.589826 8.593839 8.507657 8.985992 9.8814 9.755531 9.855529 10.05019 10.30689 
  6.281818 4.7247 4.992296 4.085816 5.144998 5.496926 7.420253 7.332568 4.8711 6.196703 7.708192 7.573366 7.083398 7.579337 8.30728 8.521222 9.328442 9.237965 9.655641 9.546584 9.989775 10.45855 10.55393 
  6.101462 5.959368 5.881311 4.280516 4.922099 5.151876 4.895194 5.636703 5.928844 6.785234 6.285553 7.123833 7.991966 7.831818 7.830899 8.567476 8.305864 9.237965 9.517677 10.13271 10.00939 10.33306 10.76511 
  6.281818 6.135749 5.347902 4.302149 5.479347 5.496926 5.180372 5.973228 6.607367 6.156224 6.985659 7.017248 7.858037 7.966475 8.680032 8.474968 8.601828 9.138703 9.624286 9.737988 10.01331 10.10289 10.40371 
  6.041344 4.901081 4.755225 5.382964 5.144998 5.094368 5.33393 6.220381 5.928844 6.649419 6.877279 6.286384 7.657142 8.069799 8.93809 8.778377 8.817074 8.985992 9.527084 9.733603 10.0996 9.97114 10.57505 
  7.063359 4.989272 5.940579 5.779734 5.590796 5.554434 6.228068 6.467534 6.720454 6.156224 7.383052 6.971569 7.225296 7.882314 8.335953 8.725652 8.695997 9.380478 9.545897 9.606563 9.602321 10.35099 10.95517 
  7.544307 5.606606 5.229366 5.042876 3.966274 4.573179 5.33393 5.973228 6.098475 5.454598 7.346926 7.750014 7.265839 7.259528 7.543907 7.827408 8.749809 9.502632 9.633693 9.917804 10.09176 10.45855 10.8707 
  7.363951 5.253843 4.695957 4.626647 4.488991 3.32795 5.512757 5.91144 6.041931 6.377789 6.732773 6.667042 7.164483 8.018137 7.980135 8.544349 8.830526 8.985992 9.47461 10.09762 10.18197 10.16438 10.30044 
  7.484188 4.460128 4.695957 4.302149 5.813695 5.209385 6.049241 5.849652 5.854422 6.423061 6.949533 7.926663 7.991966 8.043968 8.909417 8.672926 8.480751 8.884186 9.636827 9.904647 9.993697 10.58403 10.41662 
  6.281818 3.549315 4.016627 3.544985 4.190296 5.669451 5.572367 6.035017 6.437736 5.75144 6.805026 6.7584 7.958484 8.302281 8.909417 9.252901 9.157284 9.614607 9.671319 10.27211 10.46046 10.40477 10.84958 ]
