 [
  9.525824 9.594712 7.97599 7.03932 5.81594 5.600052 4.221147 5.476359 5.387725 5.570801 5.865011 6.450845 6.8525 7.836151 8.321206 7.904658 8.49786 8.793574 9.117335 9.531137 10.06386 10.26485 9.952703 
  9.360519 9.594712 8.676415 7.669596 5.241794 4.374284 4.591244 5.103234 5.673685 5.937286 7.044516 6.897557 7.511323 7.57457 8.321206 9.372791 8.560417 8.996085 9.892962 9.347815 9.654743 10.01297 10.49086 
  9.484497 9.966145 7.50904 5.320829 4.844308 4.972915 4.073107 5.801846 6.661372 6.556095 6.41511 7.249861 7.346617 7.300533 8.248537 8.563849 8.928402 9.522692 9.584957 9.393645 10.21803 10.45177 10.49086 
  9.277867 8.619702 7.081003 5.903599 5.330124 5.001421 4.961342 6.325781 6.661372 6.597936 6.390105 7.106023 7.593956 7.878253 8.279661 8.725637 9.484805 8.90608 9.995631 9.683907 10.01247 9.790717 9.969572 
  7.583502 6.948257 6.091878 5.126573 4.181831 4.516815 5.29443 6.101237 6.114085 5.721706 7.044516 7.671243 7.466403 7.962455 8.487384 9.332344 9.577539 9.382237 9.256098 9.622799 9.867677 10.02779 10.4453 
  6.385048 5.196846 4.888142 3.961033 3.121868 3.918184 4.591244 3.983857 4.815806 5.398336 6.681016 6.9869 7.151965 7.524745 8.404295 8.806532 9.71664 9.33542 9.841628 9.832526 10.21803 10.10187 10.18044 
  7.29422 5.264341 4.02833 2.665989 4.800143 5.029927 5.109381 4.863367 5.139894 6.088192 6.490123 7.50269 7.256778 7.138602 8.695107 8.101013 8.185073 9.475873 9.738959 9.942952 9.876194 10.18336 10.4453 
  5.682506 4.319416 4.142972 3.831529 4.049336 4.573827 3.962078 5.801846 5.692749 4.967177 6.002535 6.703982 6.553035 7.263165 7.657172 8.38152 8.97477 9.221098 9.429551 9.607522 10.21803 10.19077 10.25635 
  6.219744 4.251921 3.569764 3.702024 5.241794 4.944408 5.146391 5.529663 5.902452 6.174424 6.427612 7.291999 7.593956 7.786326 8.092915 8.644744 8.97477 9.429055 9.738959 9.722099 9.910264 10.26485 10.85535 
  4.989485 3.914448 2.824594 4.15529 3.563519 4.85889 4.887322 5.689574 5.997773 6.195982 6.327594 7.376276 7.511323 8.257165 8.108477 8.644744 8.7606 9.052339 9.441114 9.887739 9.7314 10.18336 10.53642 
  4.642974 3.037017 2.996556 3.378263 3.65185 3.975196 3.62899 5.423056 6.074993 6.346888 6.252581 7.376276 7.256778 7.549658 8.186288 8.479697 8.272654 8.636065 9.892962 9.653353 9.671778 10.31158 10.01175 
  3.516814 3.306996 3.913688 4.608555 4.535152 4.687852 4.776293 5.343101 6.153176 5.915729 6.427612 7.016681 7.841857 7.920354 7.423738 8.19919 8.347722 8.883579 9.636292 10.10859 10.26942 10.10187 10.39973 
  6.302396 6.716112 7.275565 7.411756 8.033739 8.209422 7.86157 7.036836 6.974108 6.890826 8.634825 9.314631 9.287945 9.562306 9.442909 8.927874 10.08758 9.99087 10.20097 9.722099 10.01247 10.35831 10.39973 
  7.08759 6.716112 7.50904 7.841489 8.162066 7.673152 7.096017 7.111683 7.0132 6.765302 8.225888 9.146078 8.792143 9.183393 9.110553 8.563849 10.08758 9.803598 9.687626 10.27423 10.32081 10.40504 10.71867 
  5.16274 5.061857 4.601538 4.867564 5.065134 4.63084 5.183401 5.476359 5.292406 5.613916 7.226265 6.957119 7.032179 7.636851 8.81974 9.049214 8.835669 8.804825 9.584957 10.10859 9.816573 10.35831 10.3913 
  4.816229 3.441985 4.372254 4.543803 4.137666 4.85889 4.628254 4.197072 6.035901 5.872612 6.365101 6.689092 7.49635 7.200883 7.283678 8.241266 9.299337 9.142344 9.441114 9.887739 10.52637 10.24263 10.30695 
  3.516814 3.711964 4.314934 5.320829 4.093501 5.143952 6.197326 5.636271 5.902452 6.239098 6.290087 6.212598 7.40651 7.699132 7.594923 7.862582 8.297676 9.221098 8.793556 9.561691 9.995438 10.4985 10.85535 
  4.166522 5.196846 5.117425 4.738059 5.55095 5.849837 6.130756 5.609619 5.864325 6.472412 6.052545 6.331721 7.466403 7.425096 8.321206 8.604297 8.297676 8.89483 9.584957 9.607522 9.816573 10.19818 10.49086 
  5.465937 5.926818 5.51867 5.515085 7.03921 6.886624 7.462151 7.448499 7.169568 7.100032 7.271703 7.291999 7.717907 8.215063 8.985919 8.846979 8.647997 9.243599 9.429551 9.607522 9.69733 9.901843 10.33226 
  4.772916 6.80897 6.41949 7.211214 6.814639 7.279888 6.796453 8.159554 8.068683 7.895018 8.498513 9.651736 9.949013 9.814914 9.525998 9.655921 10.36578 9.850416 9.790294 10.05338 10.57776 10.59195 10.90091 
  5.84781 7.180402 7.470128 7.784191 7.937494 7.959163 7.595291 7.411075 7.365027 8.062384 9.498137 11.12657 11.18852 10.99375 11.72786 11.92096 11.71042 11.9104 11.895 12.04106 12.42778 12.69472 12.58669 
  6.343722 5.53432 6.614053 7.612298 7.809168 7.959163 8.161134 8.608641 8.068683 9.066576 10.04338 10.45236 12.09749 12.08839 12.47566 14.1053 13.42599 13.78312 13.6917 13.91831 14.32919 14.51712 14.18135 
  6.05444 5.601815 5.747953 7.583649 8.899942 7.744655 8.860116 8.870607 8.146867 9.317624 9.725323 10.95802 11.43642 12.3831 13.38964 13.84514 14.77063 14.48539 14.41037 14.74651 15.15142 15.54514 15.36596 
  6.385048 6.158963 5.862595 7.440404 8.065821 8.173671 8.260988 8.79576 9.827821 10.23813 10.67951 11.21085 12.05617 12.25679 13.22346 13.4984 15.93938 16.28742 14.61571 15.29864 15.45975 16.29646 16.2697 
  5.119426 4.5219 4.716179 6.680625 8.097902 8.674189 8.826832 8.908031 8.967798 10.36366 10.63407 11.54795 11.97354 12.76201 14.15108 14.15734 15.00438 17.116 16.35185 15.90599 16.07643 16.24606 16.72665 
  5.509251 4.589395 6.302752 6.838778 8.226229 8.602686 9.026541 9.095151 10.17965 11.32601 12.22438 12.05361 12.05617 12.6778 14.15108 14.31343 14.5388 16.46498 16.59929 15.9612 16.38477 16.54849 17.41207 
  5.076113 5.53432 7.003178 7.411756 8.835779 9.28196 9.326105 9.020304 10.10147 11.49337 11.90632 12.55927 12.67592 12.88831 13.75557 14.78172 14.63153 15.93232 17.02347 16.29248 17.03084 17.5566 17.45015 
  4.426405 4.184426 6.652965 6.810129 8.290392 9.746727 10.25808 10.06817 11.92984 12.27845 12.58246 12.7923 13.32365 13.22512 14.46749 14.72969 14.81738 15.45884 17.30626 17.50089 17.19102 18.01025 17.5263 
  4.686288 5.331836 6.458403 7.096618 8.675371 10.10424 10.52921 10.40499 11.00058 11.70258 11.81544 12.22216 13.14906 13.43546 13.59737 14.46953 15.14463 15.39966 17.55371 17.69062 17.03084 17.80863 17.75478 
  5.682506 4.319416 5.346708 7.81284 9.028269 9.925484 10.25808 10.06817 9.280534 11.20049 11.2702 12.13789 12.30407 13.57569 13.01574 13.84514 14.95763 15.39966 17.58906 18.02265 16.99079 17.5566 17.48822 
  6.633004 6.483966 7.003178 7.182565 8.354555 9.81823 10.09166 10.21787 10.33602 11.07496 11.13388 12.47499 12.67592 13.78603 13.83467 13.74108 15.09789 16.05069 16.98812 17.92778 16.63037 17.45579 17.67862 
  6.509026 7.412547 6.26384 7.268511 8.418718 8.316675 8.893401 9.693933 9.945097 10.86575 11.67913 12.7923 12.97447 13.01462 12.64184 13.21527 15.37838 15.28129 16.59929 17.88035 16.75051 18.01025 17.79285 
  6.178418 5.973247 6.034557 7.325809 8.675371 8.960199 9.891948 10.29272 10.9224 11.66074 11.58826 12.7923 13.06176 12.84621 13.83467 13.45795 14.91088 15.6364 16.84673 18.87643 17.71163 17.90944 17.56438 
  5.552565 7.27326 6.964265 7.640947 9.349084 9.56797 10.66478 11.04709 11.66279 11.86712 12.4943 13.14186 12.71724 13.22512 13.14038 13.33661 15.05114 16.34661 17.02347 19.06616 17.55144 19.16957 18.63059 
  7.376872 9.362567 9.104453 9.359879 10.38907 11.09385 11.88487 11.16054 11.48476 12.11392 12.93513 13.84096 14.54581 13.71592 13.43119 13.89717 15.56538 15.87313 16.66998 17.45346 17.19102 19.4216 18.36403 
  9.277867 10.70901 11.66651 11.10673 9.958634 10.24724 10.39365 11.04709 11.00058 11.45153 13.0233 13.95748 14.02203 14.06648 15.17941 14.52156 14.5388 15.0472 15.84773 16.83683 17.11093 16.6493 16.57434 
  11.1756 15.73977 17.46718 17.02443 17.24 16.20956 14.5962 13.76991 13.53215 14.41739 15.93278 16.05479 14.37121 14.83773 15.89134 13.21527 13.56509 15.34047 14.71838 15.35386 14.89447 14.42366 13.68017 
  11.24339 16.88387 17.88905 17.52806 19.91353 18.06982 16.49412 15.01787 15.04544 16.06274 17.51978 17.80255 16.11715 16.38022 17.47338 14.98985 15.00438 17.116 16.98812 17.26373 15.97365 13.30218 14.04467 
  9.029911 17.1699 17.78358 18.40942 20.58191 18.53489 17.71422 16.26583 15.66856 16.55634 17.96061 18.1521 17.07742 17.01124 18.26441 16.55082 15.84589 18.06295 17.94254 17.73805 16.63037 14.61057 14.40916 
  9.732453 17.45592 17.78358 18.40942 19.57934 18.53489 18.39205 16.71964 15.84659 16.72087 17.51978 18.96772 17.5139 16.87102 18.58082 16.86301 16.82763 19.0099 18.33138 18.02265 16.59032 15.21804 14.04467 
  10.88958 17.55126 17.67811 18.28351 18.91096 19.15497 18.79874 16.83309 15.93561 16.63861 17.25528 19.20076 16.90282 17.08135 18.34351 16.70691 17.20164 18.65479 17.90719 17.35859 16.48754 15.31149 13.4068 
  11.95519 17.55126 17.46718 18.1576 18.40967 19.77506 18.79874 16.83309 16.20266 16.72087 17.78428 18.85121 17.16471 17.15147 18.34351 17.01911 17.71589 18.83234 18.18999 17.54832 16.67042 15.54514 12.95119 
  12.63309 17.45592 17.04531 18.0317 18.07548 20.0851 18.66318 17.40034 16.55873 16.80314 17.87244 19.08424 18.29957 17.36181 18.58082 16.75895 17.52888 18.47724 18.29603 18.11751 16.59032 15.49841 13.45236 
  12.83646 17.1699 16.51798 17.40215 17.90838 19.77506 18.52761 17.62724 16.64775 16.88541 17.87244 19.89986 18.21228 17.64226 18.34351 16.13456 16.73413 17.47111 16.95278 16.56855 15.35698 14.04983 12.49557 
  12.36193 16.5025 16.51798 16.52079 17.74129 18.68991 18.25648 17.17344 16.02463 16.47407 17.43161 19.08424 17.5139 16.87102 16.84056 14.52156 15.51863 16.34661 16.00174 15.62992 14.94586 13.95638 11.99439 
  12.39582 15.26306 15.88518 15.89125 17.0729 18.06982 17.57865 15.92548 15.31249 15.81594 17.07895 18.26862 17.16471 17.22158 16.99877 13.4175 15.09789 16.05069 15.48839 15.40907 14.94586 13.58255 12.35888 
  7.418198 13.64225 15.77971 13.37308 16.40452 16.05454 15.00289 13.88336 13.08706 13.34792 14.16946 15.23917 14.895 15.88943 14.6257 12.12319 13.93603 14.39175 13.22969 12.70362 12.94167 12.13398 10.85535 
  6.426374 13.45157 14.83051 12.99536 15.56904 13.72922 14.05393 12.06815 11.48476 11.94938 13.72863 14.65658 13.76014 14.1366 12.14331 10.82889 12.17409 12.84676 11.38165 11.48892 12.37639 11.57324 10.62754 
  5.509251 12.68883 14.09224 12.114 13.89808 11.55892 11.47818 9.918478 9.358717 9.736038 11.81544 12.7923 12.88717 12.80411 9.941443 9.655921 9.809374 11.39541 10.0983 10.10859 11.45138 10.82559 10.62754 
  7.335546 10.56972 11.05008 9.646368 10.22198 8.209422 6.530174 6.363205 5.921516 8.062384 9.180075 10.07312 9.701113 10.57274 8.90283 8.685191 9.11387 10.45905 9.441114 9.485307 10.3722 10.63868 10.90091 
  4.859543 6.437538 6.034557 5.709342 4.932638 4.345778 4.924333 5.609619 5.540237 6.10975 6.477621 7.291999 8.089758 8.13086 7.361489 7.666227 8.882035 9.429055 9.687626 9.622799 10.21803 10.26485 9.859923 
  4.513032 3.50948 4.314934 3.766777 4.005171 5.058434 4.739284 5.289797 5.749941 6.346888 6.908203 6.62953 6.867473 7.761414 8.015103 8.269318 8.034936 8.568562 9.790294 10.43987 9.867677 9.953702 10.39973 
  3.906639 2.36207 3.28316 4.090538 4.049336 4.887396 5.220411 5.316449 6.153176 6.21754 6.502625 6.540187 6.942339 7.736501 8.321206 8.887426 8.197585 8.703569 9.533623 10.38466 10.26942 10.40504 10.62754 
  2.910421 2.36207 2.939235 3.119255 3.696015 4.003703 4.147127 4.33033 5.063638 6.681619 6.817328 6.30194 7.331644 7.400183 7.517112 7.848557 8.723065 9.33542 9.738959 9.653353 9.620674 10.26485 10.49086 
  3.560128 1.282155 2.595311 3.184007 4.314326 4.089221 4.554235 5.103234 5.463981 6.38873 6.427612 7.165585 7.466403 7.878253 8.321206 8.479697 8.547905 9.288602 9.013264 9.431837 9.799539 10.26485 10.29008 
  3.4735 2.969522 3.053877 4.220042 3.65185 4.488309 4.665264 5.103234 5.864325 6.282214 6.681016 7.376276 7.593956 7.811239 8.077353 7.988811 8.360233 9.663145 9.533623 9.832526 10.16664 10.63868 10.53642 
  8.740629 9.733999 10.23292 10.6031 11.05745 11.55892 12.29157 13.42956 13.97724 13.18339 11.72457 10.57878 10.03165 9.814914 9.567543 9.453686 9.438438 10.45905 10.91965 12.31712 12.83889 11.94707 10.53642 
  10.47632 11.54473 12.19384 12.114 12.89551 13.10913 14.05393 15.47167 16.3807 15.24007 13.46413 12.22216 11.51905 11.33056 10.98006 10.6671 10.73671 11.53586 12.30567 14.13916 14.7403 13.86292 12.40445 
  7.872784 8.155412 8.404028 8.930146 10.05488 10.62879 9.792093 10.70674 12.01886 12.36072 12.4943 12.01147 12.1388 11.83578 12.26794 11.59738 11.94225 12.37858 12.76768 14.36002 14.58613 15.31149 14.86478 
  8.616652 9.037563 8.326203 8.529062 10.22198 10.47377 10.25808 10.47984 12.46395 12.77205 13.55229 13.14186 12.79987 13.36535 13.43119 14.00124 13.9824 14.57902 15.33439 15.9612 16.38477 17.5062 16.91704 
  5.422623 6.112534 8.13164 8.271222 9.349084 9.210458 9.692238 9.357119 10.8833 12.27845 12.40613 12.01147 10.69272 11.91998 13.05729 13.37705 13.37963 14.57902 16.21045 16.7894 16.67042 17.5566 17.75478 
  4.556346 5.331836 7.703603 7.956084 8.964106 9.460716 9.825378 9.132575 10.4142 11.66074 11.77001 11.12657 11.68432 12.17259 12.76647 12.97258 13.8433 14.95357 16.3872 17.16886 16.75051 17.85903 17.94517 
  5.971788 6.80897 6.458403 8.385818 8.803698 7.88766 8.493982 9.132575 10.10147 10.53102 11.2702 11.0423 11.43642 12.71991 13.09883 13.57929 13.75056 14.5322 16.00174 17.35859 16.9107 17.85903 18.05941 
  5.84781 4.859373 7.081003 8.357169 9.413247 8.674189 8.726976 9.020304 9.788729 10.69839 10.95213 11.50582 12.22144 12.80411 12.9742 13.09392 13.56509 14.62584 16.05307 16.73419 17.39126 17.85903 17.98325 
  4.946171 5.83396 6.034557 7.469053 8.996187 10.62879 9.625669 9.431967 10.29692 11.53522 10.81582 11.54795 12.97447 13.22512 14.15108 13.66018 14.30696 14.95357 16.91743 17.02656 17.23107 17.95984 17.98325 
  5.84781 6.437538 6.497315 7.354458 8.835779 9.28196 9.758808 10.70674 11.03967 11.24233 11.58826 11.71651 12.79987 13.22512 13.59737 12.85124 15.51863 15.23447 17.41231 17.074 17.55144 17.80863 18.05941 
  6.26107 6.158963 6.769703 6.421616 8.771616 10.62879 10.52921 9.65651 11.57377 11.40969 12.40613 12.90882 13.32365 13.85614 13.91378 14.2614 16.40689 15.39966 16.1044 17.54832 18.43247 18.31268 18.32596 
  9.815105 10.89473 10.73878 9.102039 8.835779 11.09385 11.47818 11.27399 11.12869 11.94938 12.7588 13.02534 13.23636 13.22512 13.51428 14.88579 15.47188 15.39966 17.09417 18.49697 18.75285 18.56471 18.51635 
  11.61624 13.26088 13.24851 12.36581 12.39422 12.48905 12.42714 12.06815 11.12869 12.36072 13.11146 13.02534 13.41095 13.50558 12.84956 14.31343 14.6779 15.00038 16.3872 19.77765 19.11327 18.26228 18.28788 
  6.88096 10.19829 9.649228 9.84691 10.55617 10.93883 10.25808 11.27399 12.10788 13.01885 13.37596 13.25837 12.51065 13.22512 13.83467 13.74108 13.75056 14.20448 15.89907 18.78156 18.39243 17.40538 16.95512 
  9.360519 10.15186 10.194 9.932858 10.22198 10.31875 10.2248 11.04709 11.21771 12.36072 12.84696 12.47499 11.93222 13.18302 13.59737 12.77035 13.42599 14.29811 15.59106 16.88427 17.15098 16.75011 16.23163 
  10.80693 11.03401 11.24464 10.47719 10.55617 10.31875 9.891948 10.70674 10.33602 10.74023 11.08845 12.01147 11.80827 13.92626 14.54659 15.04188 16.45363 16.05069 15.02639 14.96736 14.89447 14.14329 13.31568 
  11.41287 10.19829 10.38857 9.646368 10.05488 9.746727 9.858663 9.65651 10.10147 10.11261 10.58863 11.33726 10.23823 12.84621 12.93265 13.37705 15.09789 14.67266 13.38369 12.31712 12.27361 11.38633 11.35653 
  12.93814 12.78417 11.87744 11.23264 10.38907 10.13999 9.22625 9.65651 9.319626 8.982893 8.498513 8.682559 8.337659 10.27803 10.06608 9.655921 10.87581 11.1145 10.50897 10.32945 10.42359 10.54522 10.6731 
  12.76867 12.59349 12.08838 10.6031 9.509492 10.47377 10.02509 9.806206 9.124166 9.108418 7.31714 8.640421 8.255025 9.983319 9.027463 8.927874 9.531173 9.756781 9.533623 9.777312 10.21803 10.4985 10.08766 
  12.73477 12.68883 11.35011 11.98809 9.958634 9.389214 9.658954 8.234401 8.264143 8.313432 7.862389 8.050487 7.593956 9.436002 8.944374 9.049214 9.484805 9.56951 9.302352 9.233237 9.918781 10.31158 10.32382 
  12.80256 12.49815 11.56104 10.729 8.996187 9.56797 9.792093 9.544238 8.537786 7.685812 7.635202 8.176901 7.717907 9.983319 9.235187 8.968321 9.160237 9.029838 9.487369 9.439476 10.26942 10.40504 10.62754 
  13.10762 12.30747 11.87744 10.729 8.739534 9.138955 8.760262 9.169999 7.795039 7.811336 7.998701 8.134763 8.544243 9.436002 9.276731 8.846979 9.11387 9.382237 9.360169 9.832526 10.47498 10.59195 10.71867 
  11.78571 11.4983 12.19384 11.61036 9.766145 8.745691 9.22625 9.057728 8.928706 8.146067 7.544327 7.165585 8.337659 9.099192 9.069008 9.089662 9.299337 9.897234 9.841628 9.998166 10.11525 10.05742 10.37443 
  10.26969 11.9261 11.66651 10.33394 9.47741 8.817194 7.994709 6.999412 7.052292 6.260656 7.044516 7.031571 8.544243 9.478104 8.985919 9.049214 9.484805 9.99087 9.464241 9.630438 10.11525 10.31158 10.15513 
  11.78571 12.21212 10.66095 9.990155 8.675371 7.673152 7.528721 7.111683 6.465912 6.514254 7.31714 7.713381 7.635273 8.930786 8.861285 8.409571 8.882035 9.288602 10.04696 9.832526 10.01247 10.20559 10.49086 
  10.18704 11.9261 11.77198 10.47719 8.001657 8.245173 8.294273 7.93501 6.856832 5.872612 7.089953 7.629105 7.759223 8.42557 8.108477 8.685191 8.685532 9.616327 9.687626 9.722099 9.467361 9.87221 10.3913 
  11.10781 11.83076 10.77769 10.85491 8.964106 9.031701 8.294273 7.635618 6.505004 6.681619 6.590141 6.540187 7.759223 8.972887 8.44584 8.185165 8.547905 9.475873 9.498932 9.777312 10.32081 10.09446 10.4453 
  11.37897 10.80187 8.987716 9.560422 8.64329 8.209422 7.428866 5.04993 6.935016 6.472412 6.402607 6.957119 7.092072 8.383469 8.944374 8.846979 9.067503 8.827326 9.024827 9.832526 10.57776 10.35831 10.02861 
  10.80693 11.03401 8.637503 9.159338 8.322474 7.136883 6.962878 5.236493 6.544096 6.303772 6.999078 6.793324 7.67659 8.341367 8.279661 8.521773 8.522882 9.522692 9.636292 9.777312 10.06386 10.13891 10.39973 
  11.41287 11.45187 9.882704 8.443115 8.162066 6.600614 6.463604 6.70002 6.778648 6.890826 6.999078 7.046462 7.31667 7.962455 7.906168 8.409571 9.021136 9.429055 9.687626 9.576968 9.961368 9.827759 9.91053 
  11.27729 12.02144 10.77769 8.299871 8.514963 5.92134 6.596744 6.101237 6.016837 5.980402 6.440114 7.376276 7.924491 7.962455 7.703858 8.367495 9.11387 9.108592 9.687626 9.998166 9.944333 9.938885 10.366 
  10.06306 9.966145 9.921616 8.414467 8.739534 7.279888 5.886587 6.400629 6.81774 6.765302 6.490123 7.207723 7.717907 7.878253 7.968416 8.685191 8.97477 9.25485 8.932319 9.393645 10.32081 10.45177 10.29852 
  11.04002 11.08044 11.08899 9.474476 8.097902 6.350355 6.064186 6.138661 5.959645 6.38873 6.999078 6.97201 7.331644 7.686677 7.906168 7.708303 8.572928 9.429055 9.406424 9.599884 9.756951 10.02038 10.28165 
  10.97223 10.80187 9.843791 9.675017 7.969576 7.065381 5.997616 5.914118 5.959645 6.472412 6.577639 6.942229 7.256778 7.038952 7.828356 8.17114 8.49786 9.429055 9.790294 10.10859 10.42359 10.2204 10.16357 
  10.51765 10.47686 10.69987 8.643658 7.488352 6.815122 6.43032 5.556315 5.864325 6.38873 6.290087 6.584858 7.40651 7.798782 8.186288 8.725637 8.710554 9.288602 9.790294 10.10859 9.935816 9.96111 10.23104 
  9.525824 9.037563 8.404028 8.729605 8.932024 7.851909 6.596744 6.400629 5.959645 6.088192 6.771891 7.544828 7.883174 8.215063 8.124039 8.549824 9.021136 9.187346 9.510496 9.887739 9.935816 10.31158 10.18044 
  10.26969 9.037563 9.221191 8.930146 7.45627 7.494396 5.812567 5.04993 5.463981 6.807143 6.817328 7.460552 7.181911 7.77387 8.778196 8.395545 9.021136 8.984835 9.687626 9.942952 9.910264 10.26485 10.29008 
  10.35234 10.66258 9.299016 8.500413 6.590067 6.314604 6.330465 5.876694 6.465912 6.21754 6.302589 7.418414 7.883174 7.699132 8.108477 8.604297 8.810646 9.08609 9.510496 9.492946 10.16664 10.4985 10.53642 
  11.48066 11.03401 9.221191 7.755542 5.948436 5.571546 6.663314 5.609619 5.749941 6.174424 5.789997 7.376276 7.924491 8.299266 8.264099 7.932709 8.572928 8.771073 9.19828 9.531137 10.01247 10.07224 10.53642 
  11.54845 10.98758 10.15509 7.784191 6.461741 5.742583 5.849577 5.582967 5.540237 5.807939 6.502625 6.927338 7.196885 7.786326 8.404295 8.241266 9.392072 9.142344 8.943882 9.832526 10.16664 10.35831 10.6731 
  10.84826 10.56972 8.326203 6.615872 4.579317 5.543039 5.997616 5.609619 5.749941 6.38873 6.635579 7.544828 7.635273 7.275621 7.875043 8.437621 8.622974 9.041088 9.279224 9.699183 9.918781 10.00556 10.39973 
  9.360519 9.269709 9.299016 7.612298 4.976803 5.657064 5.109381 4.863367 6.074993 6.088192 6.440114 6.584858 7.635273 7.599483 8.264099 8.604297 8.97477 8.939833 9.533623 9.887739 10.16664 10.45177 10.6731 
  9.897757 9.641142 9.182279 7.526351 5.81594 5.714077 6.064186 5.83927 6.074993 6.556095 6.352599 6.778434 7.391537 7.77387 8.279661 8.846979 8.710554 9.33542 9.452678 9.370729 10.00395 10.4985 9.952703 
  11.37897 11.12687 9.06554 6.810129 6.525905 5.885589 5.405459 6.063814 6.153176 6.174424 7.226265 6.376392 7.49635 7.786326 9.027463 8.227242 8.723065 9.33542 8.978573 9.615161 10.26942 10.4985 10.76423 ]
