 [
  3.056883 4.207478 4.537326 5.842375 5.270122 5.563412 5.490913 5.486188 5.284195 6.304284 6.646966 6.760269 7.327281 7.146917 7.865022 8.869188 8.81181 8.564757 8.763953 9.606501 9.91377 9.977906 10.2229 
  4.010442 3.538903 4.378068 4.629015 4.07937 5.233441 5.290225 5.519776 6.328196 6.304284 6.518121 7.100557 6.650271 7.713254 7.966297 8.48404 8.81181 8.719851 9.185352 9.824159 10.13295 10.39471 10.50687 
  3.692589 4.780541 5.333615 5.033468 5.227595 4.779731 4.407196 5.083134 6.197666 5.742835 6.539595 5.966261 6.742591 6.641258 6.913038 8.567848 9.197158 9.437983 9.204506 9.220024 9.650861 10.48391 10.62245 
  3.162834 3.729925 4.378068 3.887517 4.504638 5.274687 5.209949 5.419013 6.067135 5.978281 6.797285 6.760269 7.065709 7.753707 8.340201 8.354569 8.550848 8.592127 9.185352 9.879601 9.777782 9.953237 10.12821 
  2.527128 2.774819 3.741036 3.483064 4.377058 3.748572 4.969124 5.4526 5.508469 5.833391 6.646966 7.024938 6.727204 7.987325 8.027061 8.80892 8.81181 9.437983 8.744799 9.536232 9.886573 10.01491 10.3239 
  5.705659 4.494009 4.059552 3.954926 4.759799 5.192195 4.848711 4.075499 5.373904 5.923947 6.561069 7.410457 7.88495 8.142066 8.274779 8.248639 8.118706 9.141767 9.412166 10.04593 9.895638 10.26091 10.50687 
  4.646149 4.111967 3.581778 2.741566 3.483993 5.027209 4.126232 4.915195 5.396332 5.326276 6.217483 6.30655 6.988776 7.935744 7.763747 8.260409 8.468535 8.902313 9.032116 10.04593 10.56119 10.18286 10.21028 
  5.599708 3.347882 3.900294 3.348246 3.866735 4.161036 4.286783 3.638857 5.351477 6.546623 6.883181 7.024938 7.622956 8.296807 7.885277 7.977928 8.396511 8.975299 9.070425 9.641635 10.15242 10.08892 10.69179 
  4.540197 2.96584 2.944746 3.415655 4.121896 3.253616 3.64458 4.814431 5.643033 5.833391 7.318164 7.176177 7.158029 7.167143 7.561197 7.754296 8.499402 8.993545 9.384954 9.740995 10.34707 10.35754 10.78425 
  6.235414 6.595242 6.766937 4.831242 4.419584 4.367268 5.290225 6.159387 5.732742 6.231839 7.262159 7.644738 7.234962 7.875065 8.601892 8.178019 9.293495 9.319496 9.070425 9.545015 9.786848 10.24976 10.36178 
  6.341365 6.404221 6.846566 4.022335 4.759799 5.109702 5.490913 5.754891 6.132401 7.031303 6.432224 7.410457 7.88495 8.090486 7.743492 8.80892 8.458246 8.528265 9.281124 9.439612 10.28868 10.42445 10.40596 
  4.010442 3.443393 3.342891 3.887517 3.52652 5.233441 5.290225 5.385425 5.396332 5.996392 5.551785 6.627934 7.311894 7.308728 8.027061 8.33103 8.694895 8.674235 9.493802 9.879601 10.11349 10.14569 10.46064 
  3.056883 4.111967 4.378068 5.033468 4.88738 3.047384 4.005819 5.116722 5.687887 6.486038 6.217483 6.665744 7.727754 7.430086 7.925787 8.142709 8.417089 9.171389 9.657073 9.907322 10.17189 10.20887 10.21659 
  4.328296 5.735647 6.448421 4.494197 4.717273 4.944716 4.808573 5.284661 5.979443 6.286172 7.038139 7.644738 7.88495 8.193646 8.405624 8.507581 8.314198 8.938806 9.233238 9.58015 10.11349 10.16056 10.62245 
  5.917561 7.741369 7.563227 5.640148 5.227595 4.655992 7.133157 6.901204 5.66546 6.364869 7.822209 8.347579 8.356538 8.761032 9.517809 8.40165 8.252464 9.526847 9.575438 9.659202 10.09402 10.26834 10.72646 
  4.7521 6.881774 7.005824 5.977192 6.574427 6.336726 7.664256 7.272112 6.197666 6.425454 8.158238 8.933279 7.88495 9.173676 10.17204 9.11026 8.612582 9.349117 9.329011 9.18489 10.26921 10.26834 10.4722 
  5.917561 8.218922 8.295638 6.583872 5.56781 6.192376 6.677929 6.530296 6.654522 6.268061 7.598189 8.816139 7.675355 9.431578 11.02253 9.049992 8.53027 9.230632 9.629861 10.18454 9.959099 10.3687 10.68023 
  7.612778 10.78674 10.65104 7.055735 6.643746 5.975851 7.284899 6.678659 6.00187 5.5255 7.094144 8.933279 8.513734 10.77267 11.8076 9.291063 8.715473 9.526847 9.711496 10.10137 9.687124 9.99024 10.3239 
  11.68356 15.3992 15.29817 12.54227 11.98134 9.584601 9.485167 8.681564 8.090355 7.455398 7.542184 9.753261 8.67093 10.82425 11.02253 9.592402 9.341663 10.35625 9.793133 9.990486 9.950033 10.31294 10.4722 
  12.79935 17.09496 16.52833 14.23043 13.36773 10.52288 11.23021 10.01683 9.004067 7.818907 8.718288 10.92466 10.03329 12.0106 12.91979 10.79776 9.438001 10.74133 10.60949 11.12706 10.21082 10.30179 10.52999 
  13.44724 17.56977 16.83336 14.79315 13.85297 11.17245 11.83718 10.83283 10.17884 9.030606 10.0064 11.92035 10.24289 12.93905 14.35909 12.24419 9.534338 10.71171 11.28979 11.04389 10.13295 10.13826 10.49531 
  13.80717 17.84503 17.03671 15.35587 14.3382 11.10028 12.14066 11.50047 10.30937 9.33353 10.73447 13.38461 11.18607 13.35169 14.42451 11.88258 10.44954 11.8077 12.29663 12.23591 10.26921 10.26463 10.4722 
  14.08242 18.08791 17.24007 15.63723 14.54616 11.24463 12.14066 11.20374 9.656719 8.667096 10.17442 13.67746 11.18607 12.93905 13.96655 12.12365 9.919685 11.36338 12.29663 12.45767 10.07456 10.39471 10.73802 
  14.26363 18.23364 17.34175 15.77791 14.6848 11.3168 11.83718 10.90701 9.265128 8.303587 9.894393 13.03319 10.40009 11.80428 13.37775 11.46071 10.11236 11.8077 12.35105 12.67945 10.42494 10.11359 10.35546 
  14.38909 18.37936 17.51121 15.84825 14.82344 11.3168 12.06479 10.9812 9.004067 7.637153 9.446353 12.68176 10.34769 11.80428 12.59267 10.9183 9.630674 11.03755 11.75239 12.15274 9.741519 10.12592 10.74958 
  14.41697 18.41175 17.57899 15.98893 14.8788 11.3168 12.14066 11.12956 9.069332 7.758322 10.90248 12.68176 9.718904 12.52641 13.63944 11.76205 9.919685 11.71884 12.05172 12.04186 10.19135 9.99024 11.05007 
  14.29151 18.46032 17.71456 16.2655 15.76453 13.40988 13.20286 12.53901 11.61467 11.39342 11.85457 13.09175 13.33441 13.91908 14.81704 15.07678 14.88104 13.92658 12.05172 11.90325 11.39821 12.08588 12.62406 
  13.73518 18.58986 18.32463 18.08712 18.31101 17.59736 16.53637 15.7358 15.00089 15.48823 16.89642 16.60441 15.21157 15.2405 16.32177 16.51346 16.52364 16.04054 12.99946 13.47785 14.02608 13.42976 14.08263 
  13.6632 18.33079 17.81624 18.22461 18.08957 19.24155 18.04735 17.34315 16.69423 17.45321 18.95646 18.53568 16.08633 15.99314 17.56549 17.26327 17.08828 16.72246 15.4841 14.98236 14.47101 13.74973 14.70143 
  13.55522 18.16887 17.68067 17.70905 17.48063 19.10454 18.04735 17.99614 17.90376 18.4357 19.28606 18.59797 16.68773 16.59525 18.10731 17.67982 17.55026 17.1998 16.17134 15.55164 13.93074 13.49375 14.34783 
  13.51922 18.07172 17.5451 17.5372 17.31456 18.69349 17.71157 18.29752 18.62948 18.79297 18.87406 17.72579 16.41436 16.29419 18.10731 18.22135 18.06357 16.44969 16.17134 15.63296 13.61292 12.08588 12.66826 
  13.33926 17.95837 17.47731 17.36535 17.14849 18.55647 17.58566 18.44821 19.11329 19.23955 18.87406 16.72901 16.141 16.19384 18.41208 18.63791 18.1149 16.10873 16.17134 15.79561 13.13621 11.7659 12.49146 
  13.30326 17.87741 17.37564 17.22787 16.98241 18.35095 17.3758 18.34775 19.19393 19.50751 18.62685 16.16832 15.48493 15.39103 17.97185 18.26301 17.13961 14.19935 15.69556 15.75495 14.37567 14.19769 13.41964 
  13.26727 17.81265 17.27396 17.09038 16.87169 18.14543 17.16594 18.39798 19.43583 19.68614 18.29725 15.98142 15.48493 15.39103 17.73481 18.84619 17.70425 14.6085 15.80128 15.67362 14.34389 14.00571 13.15445 
  13.26727 17.78026 17.24007 17.02164 16.76098 18.00841 16.95608 18.29752 19.43583 19.59682 17.63803 15.23384 14.66484 14.73875 17.09141 18.1797 16.52364 13.38105 15.00831 15.06369 13.23155 11.57392 12.22626 
  13.26727 17.73169 17.17228 16.9529 16.65026 17.80289 16.70425 18.24729 19.19393 19.23955 17.22602 14.67315 14.61017 14.53804 16.58346 17.67982 15.65101 12.9037 14.5854 14.41308 12.39094 10.50622 12.40306 
  13.30326 17.6993 17.07061 16.91853 16.5949 17.73438 16.53637 18.24729 19.27456 19.23955 17.30843 14.79774 14.44615 14.68857 16.32177 17.34658 15.39435 12.9037 14.5854 15.18567 13.13621 10.46533 11.5008 
  13.26727 17.65073 17.03671 16.88416 16.48419 17.59736 16.53637 18.24729 19.27456 19.32887 17.47323 14.79774 14.06799 14.33172 16.75277 17.67982 15.34302 12.97189 14.74399 15.38899 13.23155 10.41701 12.09366 
  13.30326 17.60215 16.96893 16.78105 16.37347 17.46035 16.49439 18.19706 19.27456 19.41819 17.63803 14.73545 14.06799 14.28014 16.58346 17.22161 14.9837 12.78522 14.63826 14.81971 12.4688 9.977906 11.76662 
  13.33926 17.56977 16.86725 16.74668 16.31811 17.39184 16.41045 17.84545 18.71011 18.88229 16.97882 14.86004 14.12039 13.60959 16.58346 17.05499 14.9837 12.9037 14.16248 14.12845 12.35201 9.866894 11.68572 
  13.33926 17.50194 16.79947 16.71231 16.20739 17.25482 16.45242 17.69476 18.46821 18.70365 16.73162 14.73545 14.06799 14.1254 17.22686 17.38824 14.93237 12.9037 14.4268 14.77905 12.53237 10.33896 11.53547 
  13.51922 17.50194 16.6639 16.6092 16.04132 16.98079 16.45242 17.54407 18.14567 18.70365 16.64921 14.3803 14.17279 14.28014 17.43004 17.55486 15.24036 12.63711 14.10962 15.14501 13.04086 10.678 11.73195 
  13.6632 17.43411 16.52833 16.54046 15.87525 16.77527 16.36848 17.69476 18.2263 18.79297 17.39083 14.86004 14.22746 14.53804 17.22686 16.97168 14.44752 12.31127 13.5281 14.81971 13.35868 10.44303 12.00527 
  13.6632 17.43411 16.39276 16.47172 15.76453 16.63825 16.49439 17.84545 18.38757 18.9716 17.72043 14.32173 14.17279 14.88927 16.85436 16.55512 14.73654 11.83733 13.15805 14.53507 12.50058 10.23489 12.57986 
  13.73518 17.36628 16.25719 16.47172 15.65381 16.50123 16.49439 17.89568 18.30694 18.9716 17.88524 14.67315 14.71952 15.49138 16.95595 16.22187 15.18903 12.57786 12.67759 13.80315 12.11843 10.614 11.96107 
  13.80717 17.36628 16.1894 16.36861 15.5431 16.29571 16.32651 17.79522 17.82313 18.79297 17.96764 14.98464 14.22746 15.19033 16.85436 15.9808 14.54386 12.31127 12.81365 13.20615 11.28141 10.29808 11.75506 
  13.98485 17.36628 16.12574 16.29987 15.37702 16.1587 16.11665 17.39338 17.33931 18.4357 17.80284 15.42073 14.71952 16.04331 17.15913 16.59677 15.1377 12.13354 12.99946 14.16911 12.4688 10.80598 11.83597 
  14.19394 17.43411 16.06208 16.23112 15.2663 16.09019 15.90679 16.89109 17.09741 17.98911 17.80284 16.16832 15.21157 16.14367 16.58346 15.67946 14.06218 12.13354 13.6867 14.49441 12.29361 10.43931 12.49146 
  14.38909 17.50194 15.99843 16.12801 15.15559 16.09019 15.78087 16.43902 16.53296 17.8998 18.21484 16.47981 15.43026 15.64191 16.06007 15.55892 14.44752 12.31127 13.26378 14.25043 12.8184 10.93397 11.91687 
  14.55636 17.50194 15.93477 16.16238 15.04487 15.47361 15.82285 16.33856 16.37169 17.36389 17.30843 16.23062 15.32091 16.34437 17.73481 17.05499 15.85633 13.85839 14.05675 14.37242 12.53237 11.06196 12.22626 
  14.62606 17.56977 15.93477 16.05927 14.93415 15.19958 15.57102 16.13764 16.21042 16.64935 16.73162 17.1651 16.08633 17.39806 18.71685 17.42989 15.65101 13.38105 13.58097 14.45375 12.75483 11.70191 11.59326 
  14.75151 17.56977 15.87111 15.91859 14.61548 14.92555 15.4451 15.28373 15.40407 15.13096 16.40201 17.53889 16.68773 16.74578 17.80254 17.05499 15.34302 13.58562 12.99946 13.35586 13.23155 13.04579 12.18206 
  14.77939 17.56977 15.87111 15.91859 14.3382 14.85338 15.40313 15.28373 14.59772 14.05916 14.58918 16.54211 16.52371 17.09701 18.27662 16.97168 15.24036 13.99478 14.47967 14.49441 14.47101 14.64566 13.19865 
  14.72363 17.58596 15.93477 15.91859 14.40752 14.7812 15.40313 15.20955 14.35581 14.23779 14.09477 15.98142 17.17978 17.09701 18.61526 17.34658 16.4723 14.54031 12.62317 13.23387 12.62771 12.9178 13.11025 
  14.63999 17.56977 15.93477 15.91859 14.54616 14.92555 15.48707 15.48465 13.83369 13.45331 13.81474 16.10602 17.61716 17.69911 18.17503 17.05499 16.42097 15.42681 13.15805 13.15071 12.94552 12.46984 12.88925 
  14.5703 17.56977 15.93477 15.91859 14.47684 14.85338 15.17552 14.69028 12.91998 12.6657 13.3107 15.17154 17.39847 17.29771 17.53163 16.43015 15.95899 15.22223 12.84086 13.03982 13.61292 12.02188 13.46384 
  14.51454 17.58596 16.06208 16.12801 14.75412 14.92555 14.64442 13.57756 11.87573 11.15108 11.29452 13.67746 17.23445 17.44823 17.26072 16.55512 16.11299 15.69958 11.88845 13.03982 13.58114 12.08588 13.46384 
  14.48666 17.60215 16.12574 16.09364 14.47684 14.4925 14.03745 12.39065 11.28835 10.54523 11.01449 12.50605 15.92231 16.44472 17.15913 16.04107 15.49701 15.08585 11.28979 12.84577 13.96252 12.14987 13.28705 
  14.51454 17.50194 15.87111 15.77791 13.78365 13.55423 13.65809 11.64883 10.4399 9.818211 10.23042 12.09606 13.8584 14.73875 16.06007 14.4741 14.6402 14.19935 11.23536 11.7092 12.4688 10.678 12.00527 
  14.61212 17.63454 16.12574 15.35587 12.81318 12.32725 13.20286 11.42629 10.89676 9.515285 8.886303 11.10037 9.980896 12.68115 12.72352 9.532135 12.52078 12.9037 11.18094 11.23794 9.687124 9.805222 10.38071 
  14.75151 17.63454 15.93477 15.35587 12.5359 12.25508 13.05112 11.50047 11.15782 9.878796 8.998313 10.63181 9.823701 12.62957 12.13472 9.049992 13.19514 13.51743 10.93603 11.01617 9.996696 9.891563 10.96916 
  14.79333 17.60215 15.87111 15.14485 12.32794 12.11073 12.89938 12.01974 11.61467 9.999966 8.438264 9.753261 9.928498 12.68115 12.52725 8.989724 12.18361 12.57786 10.99046 11.43199 10.03563 10.12592 10.68023 
  14.79333 17.58596 15.80745 15.07451 12.25862 12.25508 13.12699 12.1681 11.48414 9.515285 8.774294 10.63181 9.8761 12.06218 12.78894 9.411599 11.99093 12.40014 11.61633 12.26363 10.46387 10.00257 10.76113 
  14.73757 17.50194 15.68013 15.00417 11.98134 12.32725 13.27873 12.68738 11.941 10.54523 9.166328 11.0418 10.13809 12.68115 13.37775 9.471867 11.22023 12.16316 11.317 11.87553 10.73638 10.59913 10.88826 
  14.65393 17.36628 15.55281 14.79315 11.63474 12.32725 13.20286 12.68738 11.81047 10.36347 9.334343 11.51036 10.45248 12.52641 13.2469 9.471867 11.65375 12.60749 11.80681 11.84781 10.13295 10.614 10.77269 
  14.5006 17.29845 15.55281 14.79315 11.77338 12.11073 13.05112 12.1681 11.28835 9.757626 9.614368 11.51036 10.34769 11.95902 12.00387 9.95401 11.65375 12.25203 10.88161 11.5706 10.32761 10.52852 10.40596 
  14.27757 17.16279 15.42549 14.58213 11.70406 11.6055 12.67176 11.94556 10.89676 9.4547 9.838388 10.57324 9.614106 12.47482 13.37775 10.85803 11.84643 12.72597 10.82718 10.68352 10.21082 10.13826 10.95761 
  13.91515 16.75581 14.97988 13.87873 10.87223 11.0281 11.98892 11.12956 9.069332 8.727681 10.11841 10.57324 9.247315 11.7527 12.46183 10.19508 11.79826 12.40014 10.28295 9.935043 9.931902 10.14569 10.61089 
  13.55522 16.34882 14.59792 12.89397 10.10972 9.584601 10.62324 9.497563 8.873537 8.243002 10.28643 10.69038 8.67093 11.08215 12.13472 10.85803 10.78672 11.45225 9.929192 10.35086 9.587399 10.10125 10.634 
  13.26727 16.14533 14.4706 11.97954 9.693801 8.501976 9.409296 8.45902 8.351416 9.21236 9.670373 9.51898 8.566133 11.23689 11.8076 10.85803 10.78672 11.30414 9.901979 9.685553 9.750585 10.21631 10.2734 
  12.79935 15.80618 14.34328 10.29138 7.752857 7.491526 9.940395 8.45902 8.090355 10.54523 10.11841 8.523289 8.042146 10.36003 10.56457 9.95401 10.2087 10.44511 9.137465 9.935043 9.768717 10.27949 10.30496 
  11.86353 14.99222 13.57937 9.728661 9.208565 8.718501 9.712781 8.310656 9.721984 10.72698 10.79047 10.98323 9.980896 11.18531 11.41507 11.46071 11.2684 11.42262 9.929192 10.01821 9.886573 10.30551 10.61089 
  11.53959 14.44958 13.45205 10.8541 11.63474 10.66723 9.181682 10.31356 11.02729 12.48395 12.97467 12.15463 11.97205 11.80428 12.20014 12.72633 13.33965 13.17647 10.47343 11.12706 11.65126 11.44593 10.73802 
  11.03568 13.02514 11.79691 10.22104 9.832439 8.790676 9.333425 10.61029 10.96202 13.02921 13.14268 11.27608 12.12924 12.42324 13.77028 14.17276 13.24331 12.63711 12.94659 13.55917 12.85018 13.17378 12.57986 
  9.559948 10.71891 9.887123 9.30662 9.347203 8.646326 9.10581 9.571745 10.96202 12.36278 11.79856 10.63181 10.76688 11.70112 13.31232 13.32901 12.52078 11.27452 11.39863 11.45971 11.33981 12.40585 12.57986 
  8.672288 8.600964 8.550276 7.407435 8.099454 9.440251 9.181682 9.200836 10.83149 12.6657 11.79856 9.46041 9.561707 9.534739 10.3683 11.40044 10.54588 9.674954 9.983616 9.685553 10.5028 10.26834 10.5531 
  9.307994 8.600964 7.642856 7.618456 8.168774 8.285451 10.31975 8.90411 10.30937 11.99927 11.35052 8.874709 9.090119 9.74106 9.256119 10.13481 9.919685 9.467604 9.60265 9.667986 10.23028 10.34268 10.27971 
  9.811902 9.769289 7.483598 7.407435 7.475579 8.357626 9.636909 8.533201 10.89676 11.57517 10.28643 8.99185 8.932923 9.586319 8.471046 10.01428 9.582506 9.230632 9.711496 9.990486 10.42494 10.31666 10.56466 
  10.17184 8.887496 8.741254 7.829476 7.544899 8.213276 8.422969 8.533201 9.721984 9.818211 8.662283 7.410457 7.388827 7.935744 8.209356 9.049992 8.705184 9.020914 9.05127 9.509881 9.823112 9.34884 10.09665 
  9.559948 9.769289 8.741254 7.407435 7.059663 7.202826 7.133157 8.162292 8.351416 9.030606 8.662283 7.119462 7.570558 8.296807 7.763747 8.130939 9.438001 9.057406 9.194929 9.935043 10.34707 10.31666 10.43122 
  10.56776 10.58325 8.868572 7.829476 7.752857 7.924576 7.588385 7.717203 8.547211 8.364172 7.766204 7.293317 7.780152 7.854839 7.642217 8.001468 8.622871 9.615711 9.493802 9.123405 10.15242 10.5025 10.58777 
  9.919882 9.430138 8.932232 7.337095 7.960815 7.275001 6.450315 6.381932 7.372438 7.758322 7.934219 6.873698 7.450374 7.713254 7.986552 8.31926 8.908147 9.06653 9.357742 9.202456 10.05509 10.34639 10.3744 
  10.17184 10.31193 9.12321 7.548116 6.851705 6.336726 5.995087 5.86266 5.216913 6.788963 7.878214 6.798079 6.773364 7.773933 8.189101 8.38988 8.468535 9.103023 9.412166 9.824159 10.34707 10.03958 10.29234 
  10.45978 8.955326 8.868572 7.266755 6.574427 6.986301 6.298572 5.754891 6.393461 5.416832 6.926129 7.410457 7.050323 7.005332 8.209356 8.460501 8.622871 8.966175 9.384954 9.824159 9.996696 10.56568 10.39334 
  10.13584 10.51542 9.568826 8.603218 8.030134 7.130651 6.070958 5.788479 6.719787 6.486038 6.281905 6.930413 7.404214 8.245227 8.209356 8.507581 8.056972 8.74722 9.439378 9.650418 10.07456 10.20516 10.50687 
  9.847895 9.83712 8.741254 7.899817 7.614218 7.130651 7.89187 6.085206 5.957016 6.304284 6.604017 6.741364 7.034936 7.935744 7.723237 8.36634 8.612582 9.20101 9.26197 9.483531 10.07456 10.45418 10.03352 
  9.847895 11.19372 10.20542 8.392198 6.851705 6.841951 6.677929 6.604477 7.111378 7.031303 7.094144 8.054729 7.373441 8.090486 8.209356 7.954388 8.581715 9.112145 9.820344 9.85188 10.13295 10.31294 10.52999 
  11.43161 11.39722 8.041 8.251517 7.614218 6.336726 6.526186 6.159387 5.755169 6.486038 6.561069 6.646839 7.937348 7.834613 8.209356 8.748652 8.437668 8.938806 9.575438 9.562583 10.34707 10.18657 10.06509 
  10.3878 10.9224 10.26908 8.884579 7.891496 6.625426 5.691602 5.86266 6.197666 5.905836 5.981267 6.609029 7.188802 7.652575 7.399158 7.942617 8.345066 8.902313 9.412166 9.123405 9.859375 10.23118 10.43753 
  10.13584 10.65108 10.3964 9.095598 8.030134 6.408901 5.571189 6.159387 6.00187 6.231839 6.067164 6.249835 7.065709 7.470538 7.946042 8.048548 8.51998 8.902313 9.439378 9.962765 9.397017 9.66954 10.5531 
  11.28763 9.565799 9.059551 7.970157 7.128982 5.831501 5.370501 5.936842 5.32905 5.851502 6.475173 7.234747 7.675355 7.875065 8.108082 8.567848 9.004484 8.938806 9.46659 9.907322 9.968165 10.06425 10.57622 
  11.10766 9.565799 8.295638 6.920917 5.397702 5.068456 5.995087 5.62054 5.934588 6.364869 6.982134 7.527597 7.019549 7.490765 8.047317 8.119168 8.478825 8.665112 9.252393 9.907322 9.968165 10.08892 10.46064 
  10.60376 9.565799 8.550276 6.246828 5.227595 5.192195 4.928986 4.98237 4.56652 5.688501 6.689914 7.644738 7.518159 7.57167 8.274779 8.119168 8.602293 9.230632 9.290702 9.545015 9.977231 10.03958 10.52999 
  9.631934 8.696475 8.231978 7.337095 5.950552 5.274687 5.129674 5.4526 5.059921 5.145164 5.852423 6.514504 7.46576 7.814386 8.067572 8.929456 8.859979 8.938806 9.070425 9.659202 10.28868 10.5025 10.61089 
  9.379981 8.887496 7.961371 7.688796 6.643746 5.687151 5.410638 5.519776 6.262931 5.398721 6.389276 6.552314 7.265735 7.733481 7.682727 7.871997 8.715473 8.856698 8.763953 9.562583 10.19135 10.51737 10.58777 
  9.307994 8.600964 6.368792 4.763833 4.377058 5.233441 5.490913 5.721303 5.934588 6.425454 7.150149 6.798079 7.127255 7.531218 8.047317 8.869188 8.715473 8.947929 9.46659 9.45718 10.05509 9.792887 10.30496 
  8.566337 9.023156 8.10466 7.196415 4.759799 3.08863 3.122791 4.848019 5.23934 5.742835 6.067164 6.741364 6.481019 7.288501 8.536469 8.072088 8.956316 9.112145 8.917189 9.33421 10.03563 10.45046 10.4722 
  10.09985 9.430138 7.483598 6.179419 4.844853 4.44976 5.691602 5.62054 5.441186 5.996392 6.625492 7.410457 7.158029 8.812613 8.340201 8.688384 8.908147 9.40836 9.108734 9.685553 9.968165 10.27949 10.43753 
  8.990141 8.600964 7.642856 5.370512 4.504638 4.697238 5.129674 5.788479 4.925357 5.688501 6.453699 6.552314 6.634885 7.066011 7.885277 8.460501 8.763641 9.112145 9.271547 9.935043 9.614597 10.02724 10.46064 
  8.778238 6.690753 6.209534 5.168286 4.88738 4.944716 4.206508 4.579317 5.620605 5.616056 6.088638 6.760269 7.622956 7.12669 7.966297 8.28395 8.324488 9.112145 9.319433 9.58015 9.80498 10.12592 10.05877 
  8.142532 6.977284 5.174357 3.752699 3.6541 4.326021 4.326921 4.747256 5.463614 6.486038 7.038139 6.684649 7.727754 8.193646 8.667315 8.567848 8.81181 9.230632 8.907612 9.404478 9.741519 10.34268 10.3744 
  9.096091 8.123411 4.378068 3.887517 3.228832 4.119789 4.447334 4.411377 5.598178 5.905836 6.625492 6.212026 7.450374 8.193646 8.536469 8.567848 8.859979 8.929683 8.821417 9.606501 10.07456 10.5694 10.46064 ]
