 [
  3.962586 4.075253 4.784975 3.670429 4.82703 4.122892 4.847522 5.04202 4.753758 6.551808 6.628523 7.585962 7.976281 7.648809 7.940956 8.628227 9.57868 9.325046 9.427546 9.66151 10.66659 10.59884 10.20685 
  4.763034 3.214314 2.816848 3.732738 4.757726 4.235578 4.641798 5.636014 5.757398 5.812644 6.395789 7.629386 7.933937 7.57797 8.32236 8.970035 9.19978 9.595648 9.111225 9.676531 10.00278 10.54169 10.81827 
  5.238149 3.667439 3.503404 4.636209 4.187509 3.536928 5.279541 6.359337 6.211424 6.279484 6.861257 6.662018 6.691751 7.691313 8.002473 9.076351 9.27556 9.170447 9.420669 9.921358 10.33529 10.65599 10.42631 
  3.816072 4.347128 4.052649 3.203116 4.538412 5.525334 5.156107 6.064342 6.462523 6.726873 6.911128 7.384826 6.923346 7.563802 8.051686 8.550116 8.571041 9.264912 9.507491 9.714086 10.13651 10.4274 10.41787 
  4.69516 4.120565 3.686485 4.918304 4.735795 5.039971 4.991528 5.04202 5.996359 6.279484 6.828009 7.585962 7.428641 7.946336 8.453763 8.899157 8.093862 8.960528 9.996926 9.75915 10.00278 10.59884 10.75194 
  2.497438 2.715875 4.18996 4.262359 3.529565 3.559465 4.127489 5.834012 5.924671 6.240581 6.296046 6.548637 6.586482 7.393786 7.76871 8.472004 8.914013 9.505447 9.049336 9.940696 10.24694 10.74172 10.72541 
  3.01024 4.21119 4.006878 4.845042 4.36296 5.221982 6.17152 6.359337 6.372818 6.818419 6.778137 7.499114 7.933937 7.988839 8.334663 8.934595 9.16189 9.655782 9.507491 9.844009 9.979479 10.6417 10.08868 
  4.328873 3.440876 3.411863 3.795046 4.20944 5.343323 5.5896 5.933011 6.044151 6.864192 6.894504 7.803083 7.786559 7.322947 7.547249 8.440759 8.88419 9.294978 9.59489 9.882684 9.711529 9.641223 9.936751 
  3.889329 3.486189 4.098419 4.013125 4.341029 5.464664 4.39493 5.735013 5.590124 6.668518 7.0758 6.973818 7.702343 8.194852 8.310057 8.675095 9.08611 8.887056 9.365657 9.556358 9.886279 10.28453 10.13933 
  2.350923 1.673686 3.0457 3.608121 4.691932 5.403993 5.238397 5.570015 6.327965 6.818419 7.17241 7.413171 7.281263 7.535466 8.533162 8.675095 8.80963 9.38518 9.524971 9.863347 9.956179 10.3131 10.35879 
  3.8527 2.8065 3.366093 3.390042 4.757726 4.799005 4.477219 5.438016 6.327965 6.726873 6.66177 7.499114 7.407587 8.104736 8.32236 8.659472 9.08611 9.222928 9.507491 9.744128 9.874629 10.17196 10.52641 
  4.585274 3.169001 3.869567 4.542747 3.880468 4.100355 4.682943 4.613024 5.852982 6.45455 6.911128 7.044681 8.145658 7.648809 8.811061 8.331402 8.496481 8.960528 9.448174 9.882684 9.723179 10.02453 10.35879 
  4.218987 4.660713 4.922286 4.698518 3.880468 4.956764 5.44412 6.113508 6.327965 7.093056 6.894504 6.676191 7.386533 7.677145 7.953259 7.722129 8.645599 9.212432 9.769689 9.805335 9.897929 10.16213 10.82491 
  3.669557 4.660713 5.832555 5.064829 4.896335 4.21304 4.765232 5.966011 6.283113 6.649066 6.794761 7.499114 8.399721 8.059679 7.953259 8.550116 9.19978 8.782096 9.186867 9.353568 9.991129 10.32739 10.11401 
  4.898781 3.803377 4.18996 3.919663 4.51648 4.686319 4.456647 6.261005 6.327965 7.230374 7.558849 7.342308 7.428641 8.330024 8.453763 8.863718 8.869278 9.075984 9.699769 10.05672 9.874629 9.896761 10.35879 
  4.966654 4.165877 3.778026 4.355822 3.726948 5.039971 4.970956 5.867012 6.41767 6.68797 7.220715 6.98799 7.428641 7.818824 8.113203 8.206423 8.749983 8.593168 9.427546 9.97937 10.3132 10.24075 10.12245 
  5.238149 4.573691 5.196908 5.138091 4.713863 4.956764 5.686586 6.015177 5.829086 6.551808 6.562027 7.101372 7.744451 8.239909 8.334663 8.565738 8.88419 9.38518 9.507491 9.902021 10.04817 10.59884 10.87134 
  3.303269 4.747736 6.397575 6.45681 5.034943 4.799005 5.382403 5.768013 5.422851 6.357291 6.778137 7.328135 7.723397 7.719649 8.088596 8.425137 8.779806 8.939536 9.787169 9.97937 9.816379 10.17196 10.33346 
  4.69516 4.347128 6.326947 5.504402 4.896335 4.821541 5.279541 5.735013 5.685709 6.123871 7.46224 7.499114 8.018625 7.818824 8.28545 8.081444 9.04822 9.08648 10.06684 9.526316 9.734829 10.27024 10.56621 
  4.512017 4.834758 5.338163 4.200051 4.077851 4.866616 6.995906 6.801828 7.000751 5.870998 6.695018 7.803083 8.103313 8.104736 8.731661 8.721962 9.35134 9.355112 9.37941 9.616446 9.991129 10.16213 10.31658 
  6.595619 7.358407 8.022006 7.848791 8.222933 8.194828 8.20824 8.030972 7.71839 7.550783 8.573254 9.105808 9.331291 9.45646 9.485957 9.856007 10.45015 10.94866 10.801 9.998708 10.3132 10.57027 10.23217 
  9.582052 9.62099 11.62401 11.07233 11.0644 10.92499 10.6814 10.73509 10.23012 9.839421 11.03681 11.92838 11.78725 12.02474 12.02674 12.40761 12.913 13.60235 13.1674 11.52635 11.96968 11.1989 10.89787 
  7.342227 7.097341 10.35271 9.094248 8.222933 7.284773 6.123026 6.457668 7.000751 6.337839 7.26902 8.150476 8.145658 7.478794 8.493463 8.828279 9.16189 9.445313 9.559931 10.19208 10.37946 10.4274 10.65244 
  3.486413 5.26987 7.315732 6.383548 5.242855 6.192708 7.092893 7.490149 5.876878 6.474001 6.728266 7.030509 7.175993 8.003007 7.633373 8.081444 9.08611 9.243919 9.35878 9.805335 10.02608 10.26041 10.75857 
  3.779443 4.437753 3.778026 4.511593 4.670001 5.525334 6.268507 6.801828 6.235321 6.818419 7.752069 7.455689 7.407587 7.889664 8.334663 9.288984 9.033308 9.19144 9.524971 10.01804 10.04817 9.985216 10.26594 
  3.376527 3.576814 4.23573 4.137742 5.797288 5.221982 5.88056 5.075019 5.996359 5.793192 6.944376 7.716234 8.060969 8.059679 8.24854 8.237668 9.124 8.950032 9.472531 10.25009 9.734829 10.00487 10.67234 
  3.889329 3.440876 4.098419 4.991567 4.735795 4.551096 4.765232 5.702013 6.091944 6.318388 6.645146 7.058854 7.723397 8.510254 8.691961 9.253546 9.465011 8.939536 9.324397 9.824673 9.967829 10.27024 10.31658 
  3.706185 3.078376 3.823797 4.667364 4.187509 4.979301 4.991528 5.240018 6.163632 6.493453 5.963569 6.732882 7.239155 8.284966 8.493463 9.005473 8.72016 9.075984 9.427546 9.285971 9.932878 10.52741 10.81164 
  3.376527 2.217437 2.267604 2.704649 3.354114 3.897521 4.31264 6.064342 6.235321 5.481965 7.010871 6.959645 6.691751 7.946336 7.965563 8.565738 8.80963 8.708624 9.014954 9.940696 9.676579 10.10316 10.64581 
  4.402131 3.169001 2.267604 3.608121 4.472617 4.776467 4.682943 5.372016 6.41767 5.968257 6.212927 6.973818 7.470749 7.43629 8.334663 8.899157 9.23767 9.149456 9.111225 10.01804 9.280478 9.798477 9.91987 
  4.365502 3.169001 3.686485 3.514658 4.538412 4.167966 4.600653 5.339017 6.372818 6.955737 6.362541 7.002163 7.154939 7.152932 7.657979 8.628227 8.72016 9.159952 9.629849 9.608934 9.734829 10.25058 10.20685 
  3.486413 2.489312 3.549174 4.324667 3.946263 4.708856 5.5896 5.966011 6.283113 6.143322 7.027495 6.945472 7.870775 7.337115 7.940956 8.934595 9.35134 9.505447 9.57741 10.11473 9.909579 10.41311 10.46007 
  3.449784 3.984627 3.09147 3.265425 3.463771 4.460948 5.686586 5.405016 5.661813 6.68797 6.52878 6.747055 7.239155 7.620473 8.002473 8.393891 9.124 9.325046 10.06684 9.541337 10.20277 10.69885 10.67234 
  4.548645 4.392441 3.823797 2.704649 4.691932 3.965133 4.39493 4.316026 5.49454 5.968257 6.960999 6.591155 6.965454 7.960504 8.771361 8.863718 9.04822 9.415246 9.629849 9.902021 10.22486 10.28453 10.47997 
  3.925958 5.704982 5.479418 4.355822 6.559633 6.67807 7.286866 6.261005 6.41767 6.260033 7.317325 8.063628 7.828667 8.465197 8.453763 9.005473 9.04822 9.044496 9.33815 9.921358 9.956179 9.985216 10.51314 
  5.238149 6.488183 7.386359 6.823121 8.361541 8.801531 9.37208 8.915955 9.243371 8.100056 7.94529 9.887443 8.653786 8.645426 8.493463 8.237668 8.869278 9.243919 9.448174 9.921358 10.29112 10.55598 10.62591 
  6.731366 5.879027 7.174477 8.361627 8.985277 8.43751 8.887146 9.014286 10.09557 9.793649 9.297829 10.40853 10.26286 10.49278 10.20055 9.820568 10.07125 10.46759 10.34652 10.73352 10.37946 10.85601 11.15657 
  6.663492 6.488183 5.338163 8.068578 8.569453 8.255498 8.256733 9.555109 10.49924 10.93797 10.69867 12.23235 12.21069 12.34014 12.06644 11.4862 11.85208 11.21926 12.16176 13.08447 13.10343 12.99394 12.67236 
  8.36033 8.315654 6.25632 9.094248 10.44066 9.893597 10.48743 11.32508 11.79996 11.44147 11.9546 13.12206 12.33772 12.88083 13.41623 12.69112 12.19309 12.30167 12.89923 14.27821 14.77205 15.11942 15.12617 
  7.20648 7.184362 6.82134 8.288364 9.609015 9.468904 11.11784 11.5709 12.465 13.37686 12.8724 13.7705 13.26929 13.37646 13.57249 13.4216 13.36769 13.11348 13.9719 15.33151 16.5241 16.46184 17.171 
  6.663492 6.662229 6.468202 8.508151 8.361541 8.255498 10.09948 11.66924 12.24461 12.44847 13.21053 14.41895 13.59168 13.91393 14.1975 14.23888 14.03405 13.35791 14.57528 16.45503 17.44184 17.02117 17.30733 
  5.916883 5.879027 6.115065 6.676597 7.391283 8.862202 8.790159 10.19426 11.03747 11.44147 12.09952 12.84029 12.16834 13.15117 13.41623 13.31263 13.63292 13.76531 14.4412 15.89327 16.44067 17.24491 17.44365 
  5.373896 5.530937 6.750712 7.335956 8.500149 8.498179 8.790159 8.227634 10.09557 10.61756 12.19613 12.71001 12.50709 12.79071 12.54284 12.90375 13.89815 14.00974 14.30711 15.61239 16.60753 17.35678 18.94319 
  6.595619 5.792005 6.397575 7.262694 8.430845 8.558849 8.693172 9.30928 10.23012 10.61756 11.23003 12.97056 12.21069 12.56542 12.50314 13.25814 14.03405 13.52087 13.70373 15.61239 17.44184 17.46865 19.35216 
  6.120504 5.008803 7.033222 7.482481 8.361541 8.801531 9.2266 10.39093 11.17202 11.12106 11.61647 12.40604 12.59178 13.15117 13.25744 13.4216 14.30586 14.58009 14.37416 16.03371 16.85782 17.80425 18.67055 
  7.070733 6.488183 6.680085 7.995316 9.401102 9.529575 9.760027 10.24343 10.94776 11.67033 11.9063 12.44947 13.43321 13.73692 14.11937 13.58505 14.16996 15.3134 15.51387 16.66569 17.77556 18.81106 19.89745 
  7.20648 8.315654 8.445771 8.215102 9.331799 10.07561 10.77839 10.68592 11.53084 11.67033 11.76138 13.55436 13.43321 14.60913 15.60377 14.62028 15.93673 16.61706 15.91612 16.66569 18.10929 19.14666 19.89745 
  9.649927 11.97059 13.10718 13.05041 13.28213 12.87984 12.28769 12.37313 12.02422 12.08229 12.58257 14.52703 14.54251 14.60913 15.05689 14.78373 15.73287 15.06896 14.70937 15.75283 15.94008 17.13304 17.44365 
  12.97573 16.71564 17.13478 18.18472 18.41835 16.3829 14.67428 14.19556 14.11795 14.28095 16.06839 16.14814 14.78022 15.73882 15.36939 13.69403 14.64563 14.74305 12.42993 13.15469 13.2703 13.1058 13.35397 
  13.38297 17.51812 16.81283 19.82817 19.66367 18.80811 17.06086 16.58751 16.21168 16.76719 18.12604 17.76926 16.12722 17.47681 16.85379 15.11064 16.88807 17.02445 13.83782 14.06755 14.77205 14.00075 11.14994 
  13.60827 17.4608 16.53687 19.18905 19.08891 20.55964 18.33371 17.49873 17.31365 17.55827 19.49781 18.85001 17.07805 18.4327 17.86943 15.43756 17.77146 18.00219 14.77641 14.69953 15.35607 14.33635 11.58178 
  13.86577 17.34616 16.30691 18.73253 19.66367 21.23331 19.76566 18.75166 18.19522 18.23634 19.84075 19.39038 17.8704 18.9541 18.33819 16.14587 18.04327 18.24663 15.17866 15.47195 15.68979 14.67195 14.17191 
  13.97842 17.26018 16.16893 18.45862 19.47208 20.29017 20.8794 19.43507 18.52581 18.68838 19.95507 19.60653 18.26658 19.1279 17.86943 16.41829 17.70351 17.5948 15.17866 15.82305 15.68979 14.67195 13.4903 
  14.07498 17.20286 16.16893 18.36732 18.99311 20.02071 21.51583 19.43507 18.636 19.02741 20.18369 19.82268 18.34582 19.041 17.94756 16.47278 17.90737 17.43184 14.84345 15.47195 14.85548 13.32954 11.44546 
  14.17154 17.11688 16.21492 18.18472 18.80152 20.29017 21.67493 19.43507 18.8564 19.47946 20.29801 19.7146 18.34582 19.3017 17.7913 16.63623 18.17918 17.43184 15.04458 15.61239 14.68862 13.1058 11.85443 
  14.252 17.05956 16.26092 18.09341 18.70573 20.55964 21.67493 19.32117 18.96659 19.70548 20.41232 19.7146 18.10811 18.7803 17.63505 16.58175 18.17918 17.35036 15.04458 15.75283 14.60519 12.32273 11.58178 
  14.30028 17.00224 16.26092 17.91081 18.70573 20.69437 21.35672 19.20727 18.8564 19.70548 20.18369 19.39038 17.79117 18.69341 17.32255 16.69072 18.11123 17.1874 15.04458 15.40173 14.1046 11.95612 11.85443 
  14.38075 16.97358 16.21492 17.7282 18.80152 20.42491 20.8794 18.52386 18.41561 19.14042 19.49781 18.41771 17.07805 18.08511 16.93192 16.58175 18.04327 16.78001 14.77641 14.91019 13.2703 12.099 12.26339 
  14.39684 16.83028 16.12294 17.36299 18.89732 19.61651 19.92477 18.06824 17.64424 18.46236 18.46898 17.55311 16.28569 17.47681 16.38503 16.25484 17.70351 15.80227 13.30148 13.78667 12.54393 11.65609 11.30914 
  14.252 16.31441 15.38705 16.08474 17.84358 17.46077 17.37908 16.1319 16.43208 17.21924 16.63996 14.95932 15.17639 16.60782 14.82251 14.8927 15.86878 13.60235 11.96064 12.24183 10.68867 10.55598 10.83154 
  13.94623 15.79854 14.65116 15.08041 15.92771 14.63137 14.35606 14.42337 14.99952 15.63708 14.5823 12.53632 14.0671 15.21743 13.49436 13.2227 13.78448 11.21926 10.69612 10.81087 10.24694 10.34167 10.51314 
  13.52781 15.45149 14.1666 14.62389 14.58659 13.1493 12.92411 13.39825 14.11795 14.733 14.12504 12.53632 13.35398 14.26153 12.42374 12.15954 12.72355 10.52772 10.78352 10.59816 10.3132 10.61313 10.65907 
  13.38297 15.45149 13.6722 14.07608 13.91604 13.1493 12.6059 13.05654 13.78736 14.39396 14.01073 12.53632 13.05757 14.08773 12.18554 12.1241 12.30676 10.28719 9.699769 10.25009 10.66659 10.77029 10.79174 
  13.51171 15.62553 13.81346 14.34999 14.77818 14.22717 13.71964 13.73995 14.00775 14.84601 14.69662 13.01398 13.35398 14.43533 12.93984 12.47849 12.913 10.46759 10.32904 10.38545 11.59422 11.59894 11.30914 
  13.94623 15.88451 14.3752 15.17171 15.92771 15.9787 15.62891 14.87898 14.77913 15.52407 15.72544 14.09473 14.22557 15.30433 13.65061 13.47608 14.102 11.24933 10.2766 10.69485 12.05803 12.21086 10.89124 
  14.2681 16.08513 14.92712 15.62823 16.88564 17.32604 16.90176 15.6763 15.44031 16.08913 16.52564 14.41895 14.54251 15.73882 14.90063 14.02094 14.71358 11.70033 10.57376 11.37165 12.85314 12.65833 10.75857 
  14.38075 16.19977 15.20308 15.71953 16.98144 17.99971 17.53818 16.24581 15.88109 16.54117 17.21153 15.0674 14.78022 15.73882 15.29126 14.72925 15.86878 13.84678 11.22051 12.04845 13.68745 13.77701 11.44546 
  14.18763 16.17111 15.0191 15.08041 15.92771 17.46077 17.85639 16.47361 16.10149 16.65418 17.55447 15.93199 14.54251 14.60913 15.21314 14.56579 16.2765 14.90601 11.69247 12.24183 13.10343 13.32954 11.58178 
  14.18763 16.08513 15.0651 14.8065 15.35294 16.92184 17.21997 16.1319 15.88109 16.54117 17.21153 16.58044 15.81028 14.69603 15.21314 14.45682 15.86878 14.74305 11.44775 12.73337 13.60402 12.54647 11.44546 
  13.43125 15.88451 15.47904 14.62389 14.96977 16.11344 16.10623 15.10678 14.33834 15.63708 16.52564 15.28355 14.3048 13.10611 13.33684 12.51393 14.102 13.11348 10.52132 11.87442 12.23472 10.89887 10.95757 
  13.51171 15.71256 16.58287 14.53259 14.4908 14.49664 14.03785 13.51215 11.88966 12.58579 13.66779 12.23235 13.31163 13.15117 12.74134 11.37988 13.06456 12.21147 10.08432 11.04292 11.35126 11.02746 11.07034 
  13.94623 16.42905 15.709 14.25868 13.62865 12.7451 11.65127 12.25922 10.8132 12.92482 14.12504 13.12206 13.82939 13.82703 13.37654 11.06093 10.67749 11.24933 9.734729 10.11473 10.77702 10.67028 10.39255 
  13.73702 16.14245 15.43304 14.25868 13.62865 11.77438 10.48743 11.32508 10.8132 10.75488 12.14782 11.88495 12.59178 12.97094 12.34434 10.0332 9.465011 9.86625 9.255632 9.601423 10.42363 10.55598 10.65244 
  13.86577 15.99915 13.60158 12.61083 12.797 11.65304 10.43893 11.32508 10.99261 10.43447 11.03681 11.32044 12.93053 13.016 12.46344 10.45847 9.69235 10.34732 9.303768 10.13407 10.1586 10.28453 10.73867 
  13.62437 15.91317 13.6722 12.24452 12.10396 11.107 10.05099 10.73509 10.27498 10.06828 11.56816 11.45071 12.76116 12.88083 12.34434 10.10408 9.42712 10.13685 9.559931 9.714086 10.09234 10.4274 10.67897 
  13.17935 15.79854 14.51318 12.17126 11.13371 9.529575 8.935639 10.19426 9.736748 9.33592 11.47155 11.45071 12.63413 11.79945 10.79605 9.182668 9.35134 9.264912 9.35878 9.488762 10.33529 10.81315 10.91114 
  13.0436 15.62553 14.60517 12.098 10.44066 9.044212 8.450706 9.014286 8.525733 9.33592 11.13342 10.97305 11.10974 11.34887 10.63725 9.288984 9.23767 9.264912 9.406916 9.744128 10.22486 10.52741 10.60601 
  12.56849 15.53851 14.23722 11.07233 8.222933 7.042092 8.062759 7.785143 7.852947 7.138828 10.07071 10.97305 11.3638 11.66428 10.43875 9.678813 9.76813 9.77605 9.734729 9.638977 10.20277 10.48455 10.55294 
  12.0255 14.84233 13.10718 10.48623 7.807108 6.435389 7.820293 8.227634 7.000751 8.191602 10.26393 10.32168 10.55927 10.94336 10.91515 9.572495 9.124 9.415246 9.664809 10.03738 10.48989 10.39882 10.87797 
  10.87165 13.44998 11.69463 9.753609 6.906154 5.100642 6.317 7.58848 6.866194 7.413465 10.65037 10.84277 10.55927 10.13232 9.763855 8.79284 9.04822 9.505447 9.542451 10.07606 10.51198 10.4274 10.65907 
  9.446306 11.36144 9.85832 8.361627 5.520072 4.21304 7.18988 8.080137 7.763242 7.047283 9.007998 9.887443 10.89802 10.08727 9.724155 9.182668 8.928925 9.355112 9.699769 9.766661 10.18068 10.18178 10.33346 
  7.953089 7.706497 8.163261 7.995316 5.935896 6.010696 7.092893 7.096823 6.641932 9.061284 10.50545 9.496625 10.09348 9.81692 9.763855 9.466179 9.04822 9.745982 10.08432 9.593913 10.09234 10.0835 10.59274 
  7.749468 7.619474 8.940164 7.482481 5.034943 6.314048 6.220013 7.440983 7.180161 8.878193 10.26393 10.14799 9.373634 9.861978 9.366858 9.359862 9.003484 9.86625 9.734729 9.805335 9.886279 10.13264 10.43475 
  8.699697 8.228632 7.880752 7.555743 6.628938 6.253378 6.46248 7.58848 6.911047 7.321919 9.684268 9.800594 9.415978 9.63669 9.605057 9.005473 8.80963 9.38518 9.269385 9.563869 10.11442 10.1523 10.51314 
  9.582052 9.011833 8.940164 6.969646 6.628938 6.132037 6.656453 7.391817 5.757398 7.276146 8.380034 8.932111 8.69613 9.005886 8.572862 9.005473 9.27556 9.77605 10.11928 10.09539 10.07025 10.51312 10.77184 
  10.32866 9.011833 6.962595 5.504402 5.866592 5.828685 6.656453 7.195154 6.59708 7.00151 9.056304 9.149232 9.034883 8.870713 8.96986 9.11179 9.42712 9.505447 9.59489 9.97937 10.35738 10.27024 10.63254 
  8.428204 8.054586 8.163261 6.530072 6.213113 5.889356 6.704947 5.735013 6.686785 7.688101 8.621559 9.018959 8.992538 8.555311 9.922654 9.324424 9.5029 9.745982 9.717249 9.882684 10.37946 10.58456 10.46671 
  9.174812 9.011833 8.940164 7.042908 6.767546 5.768015 6.704947 6.506834 5.781293 7.825419 9.056304 8.541294 9.246603 9.186115 8.334663 8.828279 9.033308 9.415246 9.507491 9.805335 10.00278 9.867275 10.55957 
  8.699697 8.228632 6.962595 6.530072 5.450768 4.979301 5.832067 5.900012 7.000751 7.688101 8.814779 8.888687 9.881763 8.915771 9.168359 8.31578 9.16189 9.535514 9.542451 9.676531 10.22486 10.49883 10.12245 
  8.76757 8.750766 8.657654 6.383548 5.589375 5.039971 6.317 6.556 7.000751 7.321919 8.090204 7.29979 8.526753 8.960828 9.327158 9.005473 8.988572 9.565581 9.874567 9.902021 10.02608 10.72743 10.74531 
  9.242685 8.750766 6.397575 6.237023 5.589375 5.343323 7.0444 7.391817 7.045604 7.505011 7.896985 8.411021 8.738474 9.005886 8.771361 8.828279 9.19978 9.355112 9.59489 9.684042 9.851329 10.49883 10.76521 
  7.681595 7.880542 7.951379 5.577664 5.312159 5.646675 6.317 6.064342 5.972463 7.825419 7.655459 7.499114 8.738474 8.600368 8.612562 8.934595 8.80963 9.294978 9.699769 9.616446 10.02608 10.14247 10.52641 
  6.799239 7.358407 7.880752 4.386976 4.896335 5.343323 5.382403 6.457668 7.180161 7.184601 8.235119 8.063628 8.950194 8.555311 8.731661 8.970035 8.958749 9.170447 9.839607 9.653999 10.1586 10.34167 10.40099 
  8.088836 7.010318 7.739496 4.991567 4.896335 5.646675 6.801933 5.966011 6.552227 6.668518 7.220715 7.759659 8.018625 8.330024 8.453763 8.581361 9.35134 9.38518 9.542451 10.07606 10.24694 10.03436 10.57284 
  6.391998 6.662229 7.033222 5.504402 3.836606 4.956764 6.268507 6.949326 6.41767 7.276146 7.317325 7.933355 8.484409 8.284966 8.21163 8.934595 9.08611 9.294978 9.35878 10.15341 10.20277 10.32739 10.40099 
  5.713263 6.662229 6.680085 6.163761 4.965639 5.161312 4.641798 5.471016 6.866194 7.138828 7.027495 7.14389 7.976281 7.818824 8.199327 8.503248 8.705247 9.415246 9.61237 10.01804 10.11442 10.26041 10.41787 
  7.070733 6.575206 5.903183 5.504402 5.104247 3.672151 5.638093 5.603014 7.180161 8.054283 7.752069 6.7754 7.428641 7.747985 7.977866 8.456381 9.38923 9.013008 9.186867 9.608934 10.20277 10.82744 10.75194 
  6.595619 6.053071 6.326947 5.504402 4.82703 5.221982 5.638093 6.21184 6.59708 7.184601 7.36563 7.427344 8.442065 8.870713 7.977866 9.11179 9.69235 9.13896 9.455051 9.526316 10.48989 10.39882 10.49987 
  7.545848 6.227117 7.174477 5.064829 5.173551 5.950026 4.682943 3.854031 5.542332 7.138828 7.510545 7.803083 8.060969 8.104736 8.13781 8.300158 8.660512 9.233423 9.22125 9.844009 10.42363 10.37025 10.69887 
  6.799239 6.140094 5.550045 4.231205 4.341029 4.663782 5.423548 5.735013 5.279474 6.818419 6.994247 7.058854 8.992538 8.239909 8.113203 9.040913 9.69235 9.38518 9.20062 9.921358 10.07025 10.29881 10.67234 ]
