 [
  4.402253 3.473473 3.232923 4.187109 2.870864 4.556573 5.586339 6.226341 6.040967 6.181642 6.659665 7.386168 8.071925 8.037489 8.355082 8.524289 8.832166 9.291714 9.44024 9.599027 10.04575 9.931521 10.43414 
  4.450155 4.067833 3.567572 3.642943 4.345288 4.85947 4.642756 5.099666 5.720823 5.619162 6.849062 7.810501 7.638433 7.57096 8.434901 8.903679 9.020881 9.381768 9.652583 9.857951 9.803501 9.8526 10.33223 
  5.471782 4.099115 3.935687 3.386865 3.984874 5.000823 5.447536 5.692199 6.610575 7.388848 7.062133 7.492937 7.258175 7.742839 7.440849 8.188622 8.714055 8.844599 9.780222 9.214781 9.803501 10.10371 10.47681 
  4.138793 3.661165 4.77231 3.995051 4.640173 5.158514 5.326819 5.415683 6.568218 6.708967 6.94376 6.660144 6.937958 7.620069 8.040814 8.524289 8.984022 9.245461 9.280035 9.656664 10.13303 10.26616 10.06043 
  4.474106 4.474502 4.303801 3.546914 4.672938 4.617152 4.461681 5.415683 6.201038 6.603502 7.014784 6.873681 7.878596 8.430648 7.897965 8.4124 8.806856 9.291714 9.63131 10.16358 9.457937 9.94587 10.3147 
  5.59016 3.410908 5.04003 4.818451 4.935058 4.637346 5.286581 5.435434 5.960931 6.744122 7.109483 7.810501 8.116355 7.583237 8.012244 8.108702 8.950276 9.351749 9.482399 9.800646 10.18539 10.32303 10.41115 
  4.641762 3.786294 5.103115 4.12309 4.640173 4.576766 5.045146 6.141447 5.620778 6.48046 6.967435 7.215339 7.398271 8.211205 8.833998 8.867748 8.815292 9.214625 9.448671 9.972562 10.2203 10.36093 10.60481 
  4.761517 4.067833 4.805776 3.194807 3.493399 4.738312 4.944549 4.665142 5.620778 6.515615 6.849062 7.428875 7.318216 7.828779 7.983675 8.795886 9.315752 9.214625 9.406512 9.877052 9.708471 9.809552 10.35854 
  5.945292 4.505784 4.504591 4.05907 3.788284 4.879664 5.226222 4.941657 6.780005 6.77994 7.219871 7.236693 7.598406 7.828779 7.997959 8.831818 9.647482 9.651931 9.63131 9.800646 9.743028 10.24721 10.25332 
  5.353405 3.536037 3.534107 4.443187 4.541878 3.950778 5.487775 5.850207 6.020957 6.287107 5.973102 7.258046 8.160785 8.298983 8.355082 9.011472 9.500047 9.531858 9.414944 9.310843 10.49959 10.53152 10.41115 
  4.522007 4.192962 4.136477 4.539217 4.705703 4.435414 5.105505 5.277426 5.160572 6.69139 6.920086 7.51429 8.027496 7.95155 7.91225 8.556257 8.764674 9.291714 9.414944 10.14448 10.30758 10.09654 10.43414 
  4.737566 3.942705 4.036082 3.931031 3.984874 4.334448 4.884191 5.830456 5.360662 6.181642 7.133157 7.065864 6.977985 8.255094 8.326511 8.540274 8.612818 9.351749 9.695129 9.781544 10.5345 10.39884 10.60481 
  3.731628 4.224244 5.04003 4.315148 5.282588 4.758505 5.700957 6.438577 6.568218 6.445304 7.038459 6.852327 7.358243 8.65009 8.394991 7.629177 8.984022 9.245461 9.610038 9.934358 9.881253 10.24721 10.11303 
  3.947186 4.099115 4.404196 4.027061 4.443583 3.748846 5.815575 6.014106 6.321092 6.111332 6.399245 6.489315 7.298203 7.86561 8.140808 8.492321 8.933403 9.381768 9.503672 9.675876 10.08066 9.788028 10.43414 
  3.54002 3.880141 3.433712 2.714661 4.640173 4.051744 5.891986 6.608366 6.16102 6.959031 6.517618 7.172632 6.657768 7.669177 8.754179 8.688093 9.05774 9.621912 9.737676 10.16358 9.838058 10.56943 10.36731 
  4.042989 4.744466 4.939635 3.162797 4.017639 4.4758 5.206102 5.632945 5.860886 6.77994 6.446594 6.724205 7.778528 8.123428 7.969389 8.428385 8.79842 9.183789 9.406512 9.522178 9.613441 9.996094 10.59059 
  4.820705 5.155824 4.638451 3.963041 5.007169 4.960436 4.964668 5.553941 6.261065 6.887394 6.588642 6.233071 7.518352 7.521852 8.055099 8.652163 9.05774 8.705839 9.503672 9.46454 9.846697 10.51257 10.69015 
  4.019039 4.826737 4.70538 4.219119 4.345288 4.839277 4.260486 5.020661 5.78085 6.851576 6.849062 7.578351 7.938637 8.049766 8.312227 8.284527 8.545325 9.381768 9.929133 9.95346 9.743028 10.00327 10.54792 
  4.06694 3.880141 4.538056 4.928783 4.312523 4.98063 5.286581 5.376181 6.441146 6.744122 6.422919 7.471583 7.438297 8.38676 8.474811 8.220591 8.82373 9.060448 9.63131 9.733513 10.08066 10.28512 10.41992 
  3.228659 3.223215 4.604986 5.259781 4.378053 4.879664 4.461681 6.226341 6.69529 6.445304 7.306584 7.641864 7.798542 8.65009 8.474811 9.047403 9.278893 8.937106 9.801495 9.656664 9.924448 10.30407 10.36731 
  4.761517 3.942705 4.9731 5.590779 4.869528 4.172903 5.145744 4.82315 5.440698 6.181642 7.696793 7.471583 8.071925 7.914718 8.394991 8.572242 9.278893 9.531858 9.610038 9.522178 9.846697 10.03914 10.30593 
  5.767726 5.97854 8.131179 8.23876 8.508927 8.325738 8.719219 9.282534 8.940228 8.033575 8.737352 9.496873 10.20455 10.36174 10.03129 9.65823 10.27408 10.40238 11.6097 12.48961 11.75639 10.98643 10.88927 
  6.004481 6.883529 9.266703 9.231752 9.059767 8.63855 9.139483 9.876793 9.872088 8.893209 9.170918 10.12926 10.55998 10.80063 10.31066 10.26906 10.86382 10.88267 12.20535 13.01567 12.14041 11.38447 11.6004 
  5.353405 5.567183 6.364808 5.921776 6.226882 6.33156 6.006604 5.869958 7.457722 6.673812 7.176514 8.021297 7.778528 7.349973 7.626553 8.652163 9.500047 9.04503 9.465535 9.991663 10.02829 9.809552 10.57637 
  5.708537 5.402639 6.175554 6.418273 6.226882 5.940545 6.999956 6.268788 7.161221 6.744122 7.523367 8.063457 7.838569 8.298983 7.640837 8.316496 8.967149 9.411786 9.170421 9.502965 9.872614 10.13241 10.46258 
  4.998272 6.225356 5.670877 6.032109 6.777721 6.370661 7.114573 6.863048 7.288292 6.603502 7.826863 8.611527 7.718488 8.049766 8.434901 8.831818 9.315752 9.832039 9.63131 9.512571 10.20285 10.47466 10.51947 
  5.116649 4.662194 6.11247 5.976943 6.305573 5.705935 6.96175 6.565918 5.760841 5.84767 7.696793 8.695847 8.160785 7.926995 8.833998 8.636178 9.131457 8.798346 9.372785 9.915257 9.786222 10.37989 10.40238 
  5.235027 5.649454 6.049385 5.86661 6.344919 6.683474 6.999956 7.245072 6.52586 6.887394 7.263227 8.063457 8.382933 8.474536 8.434901 9.262989 9.205175 8.690422 9.652583 9.915257 10.04575 10.19699 10.61903 
  4.498056 5.567183 5.670877 4.763285 4.935058 4.960436 5.662751 7.287519 6.822362 7.35303 7.393297 7.726182 7.838569 8.123428 7.526558 8.220591 8.899657 9.441804 9.263171 9.752726 10.04575 10.79689 10.32347 
  5.175838 4.662194 4.83924 4.98395 4.967823 5.901443 6.04481 5.00091 5.220599 6.55077 7.523367 6.745559 6.937958 7.337696 8.474811 8.724025 9.168317 8.937106 9.102965 9.7143 9.967644 9.881299 10.56214 
  4.820705 3.317062 4.404196 3.931031 5.479316 6.136052 6.159428 6.481024 6.080985 6.269529 7.176514 7.386168 7.458311 8.211205 8.069384 8.236575 9.168317 9.501841 9.347489 9.531784 9.898531 10.17546 10.69015 
  3.54002 3.035522 2.965203 4.12309 4.640173 5.119412 5.586339 5.771203 6.822362 5.91798 6.99111 7.108571 7.578393 7.460466 7.483704 7.94886 8.655 9.441804 9.758949 9.550996 10.13303 10.12524 10.50525 
  3.324462 2.660137 2.898273 4.027061 3.493399 4.92005 5.427417 6.353683 6.864719 7.066485 7.109483 7.151278 7.018013 8.693979 9.233095 8.975541 8.705619 9.276296 9.652583 10.02987 9.976283 10.55048 10.78971 
  4.713614 3.473473 4.136477 4.699265 5.125206 4.657539 4.300725 6.014106 6.281074 6.19922 6.754364 7.810501 8.027496 8.037489 8.240803 8.795886 8.714055 8.782928 9.364353 9.426116 9.933087 9.96022 10.10427 
  4.545959 4.59963 5.04003 4.475197 5.164551 5.354022 5.662751 5.929212 6.907076 6.708967 7.263227 7.599705 7.818555 7.77967 8.026529 8.444368 9.131457 9.501841 10.05677 10.33549 10.18539 10.60734 10.67592 
  7.010691 8.282146 8.509687 6.74927 5.007169 6.409763 6.579692 8.263803 8.177795 8.463392 8.477212 9.159598 8.516221 8.037489 8.794088 9.406713 9.7212 9.982129 10.5886 10.98496 10.74397 12.18056 12.18353 
  5.235027 5.238096 6.11247 4.98395 5.125206 5.432225 5.548134 5.395932 6.441146 6.887394 5.617983 7.386168 8.071925 7.976103 8.026529 8.252559 8.671873 8.937106 9.254739 9.7143 9.81214 10.56943 11.04572 
  5.353405 5.813997 5.9863 6.583772 8.430237 7.465505 6.923544 7.584649 8.601369 10.00357 10.08141 11.05677 9.76025 9.791191 10.03129 9.478575 9.278893 9.276296 9.801495 10.23999 10.13303 10.24003 11.00305 
  5.471782 5.896269 7.311078 8.183594 9.64995 9.616089 9.101277 9.707005 10.29566 10.75575 11.46882 12.61666 12.64817 12.51228 12.46578 11.05954 11.01126 11.21287 11.22679 11.63442 11.7913 11.9152 13.18112 
  5.116649 5.402639 7.121824 8.293926 9.099112 9.537886 8.681013 8.815615 10.21095 10.57666 11.07861 11.73132 12.82589 12.99505 13.46353 12.49678 13.0385 13.197 12.81417 13.54174 14.2835 14.43461 15.46565 
  4.450155 5.073553 7.05874 8.404259 9.453222 9.185972 9.139483 9.452322 10.67688 10.61248 11.12197 11.73132 12.20388 12.77561 13.46353 13.75242 13.29651 13.13403 14.0318 15.11994 15.4046 15.36703 16.54073 
  4.402253 3.254498 6.617147 7.79743 8.94173 9.537886 9.063072 9.452322 10.33802 10.71993 10.6884 12.53234 13.18133 12.38061 12.9447 13.46608 13.44394 13.57487 15.04649 15.20762 16.52571 16.29946 17.48142 
  4.737566 4.349373 5.355453 7.742264 7.958089 8.677652 9.17769 9.070298 10.29566 10.86321 11.07861 12.5745 13.35905 13.21449 13.06443 13.3945 14.66553 13.7638 16.19647 16.96118 16.93338 17.54268 18.5565 
  4.939083 4.744466 6.617147 7.631931 8.745001 8.482144 10.43848 10.5135 10.84631 10.57666 11.59889 12.99609 13.62562 14.06048 14.29463 13.89559 14.49548 14.77143 15.24942 17.75028 16.83146 18.57871 18.82527 
  5.886104 5.649454 5.006565 6.694104 8.272854 7.934723 9.406924 10.08903 10.08388 11.11393 11.81567 12.82746 13.90647 14.59269 14.91795 13.60925 14.4388 15.59014 14.91119 17.39957 17.85064 17.85349 19.76596 
  5.530971 5.48491 5.797046 7.025102 7.485942 8.521246 8.719219 10.5135 10.2533 10.71993 12.33595 12.99609 13.62562 14.59269 15.02184 13.60925 14.49548 15.65312 15.31707 16.78583 18.05448 17.95709 20.70666 
  4.761517 5.97854 5.481623 5.86661 7.603979 8.599449 9.63616 10.76818 11.26988 10.43339 12.29259 12.99609 13.81285 13.95404 14.60629 14.96937 14.4388 15.21228 14.91119 16.61047 18.66599 18.57871 20.70666 
  4.879894 5.155824 5.670877 7.411266 8.508927 8.990464 9.368719 10.81063 10.29566 11.0423 12.29259 12.7853 13.35905 14.06048 14.71018 14.11035 14.04204 14.33059 14.97884 16.61047 17.74872 18.68231 20.16912 
  5.294216 6.883529 7.815756 8.128428 7.722015 7.973825 9.368719 9.961687 10.80395 11.47046 12.6828 13.3909 13.62562 14.48625 14.60629 14.89778 13.92868 13.63784 15.6553 16.43511 17.74872 18.78591 19.76596 
  6.53718 6.883529 10.14989 10.61091 10.00406 10.04621 10.05642 10.76818 11.86288 12.17857 12.6828 13.7857 14.0937 13.8476 14.71018 14.61144 14.4388 13.88975 15.31707 16.34743 17.64681 19.09672 20.16912 
  6.655558 7.870789 9.014364 9.56275 9.767987 10.42489 11.15254 12.21708 12.78672 12.74506 13.11717 13.3909 14.37454 14.16692 15.12573 14.89778 15.00561 15.33823 16.46705 17.22421 18.46215 19.20032 20.16912 
  8.845544 9.022591 10.14989 11.49357 12.20807 12.12898 12.0451 13.21417 14.05701 13.0283 13.55154 14.44371 14.28093 14.48625 15.54128 15.04095 14.66553 14.96037 15.6553 16.17208 17.44297 17.74989 19.49719 
  10.91715 14.2057 15.65915 15.16942 13.93979 14.40111 12.75916 12.21708 12.78672 12.60344 13.9859 14.44371 13.58119 13.8476 14.29463 13.25133 13.11222 13.13403 14.23473 14.5062 15.09885 14.95263 16.13758 
  12.21931 17.55099 18.2855 18.62962 19.76467 18.37732 17.222 15.20833 14.63441 16.71047 18.03999 18.12854 16.15322 16.50865 16.06072 14.8262 15.23233 14.77143 12.81417 12.22657 14.07967 13.50219 13.58427 
  11.62742 17.79921 17.87513 19.09098 19.9221 19.70273 19.18565 16.4903 16.71305 17.5602 19.48788 20.23416 16.90213 17.57307 17.61904 16.61583 17.15947 17.10159 15.11413 14.24317 15.09885 14.0202 13.85304 
  12.33768 17.75784 17.62891 18.8603 19.13495 21.40682 20.43525 17.77226 18.32977 18.69317 20.79098 21.15536 18.39997 19.06326 19.17735 17.26009 17.27283 17.03862 15.58766 14.33084 15.4046 15.15983 13.3155 
  12.80451 17.71647 17.38269 18.51428 18.8201 21.97485 20.97079 19.48154 19.13814 19.5429 21.22535 21.28697 19.2425 20.23412 20.00846 17.76119 16.93275 16.28289 14.97884 14.68155 15.81228 15.98865 13.3155 
  13.12769 17.6751 17.13647 18.51428 18.8201 21.40682 20.61376 20.05131 18.90718 19.96777 21.08056 20.89216 19.52334 19.91479 19.90457 17.6896 17.04611 16.21991 14.91119 14.85691 15.20077 15.36703 12.91235 
  13.48679 17.63373 16.89025 18.51428 18.97753 20.83879 21.1493 20.33619 18.67621 20.25101 21.37013 20.89216 19.52334 20.23412 19.80068 17.40326 16.7627 15.968 14.37003 14.85691 15.20077 15.36703 13.98742 
  13.73815 17.59236 16.64403 18.62962 19.13495 20.4601 21.68484 20.19375 18.56074 20.10939 21.8045 20.49736 19.52334 20.447 19.80068 17.40326 17.27283 16.28289 14.30238 15.11994 15.4046 15.47064 13.98742 
  13.95361 17.59236 16.56196 18.62962 19.13495 20.27076 21.50633 19.76643 18.44526 19.96777 21.65971 19.83935 19.2425 20.447 19.69679 16.759 16.59266 15.90503 13.76121 14.76923 14.79309 14.43461 12.91235 
  14.09725 17.63373 16.56196 18.62962 19.44981 20.27076 20.97079 18.91178 18.09881 19.82615 20.93577 18.78654 18.30635 19.80835 18.86569 15.7568 16.87607 16.34587 14.0318 14.76923 13.97775 12.77697 12.91235 
  14.2768 17.50962 16.47988 18.51428 19.60724 19.89207 19.36417 17.9147 17.75237 19.25966 19.63267 17.73374 17.18298 18.53105 17.30737 15.47046 16.53598 15.52716 13.28769 13.36639 12.75473 12.3701 12.24042 
  14.42043 17.05457 15.98744 17.24554 17.71809 17.4306 16.15092 15.49321 16.13565 17.5602 17.17126 15.36491 15.31069 16.40221 14.5024 13.75242 15.06229 13.44891 11.20552 10.62202 10.58687 10.96747 11.20216 
  14.38452 16.59951 14.92049 15.16942 15.04179 14.02242 12.40213 13.21417 14.63441 15.43587 14.70985 13.2593 14.18731 14.91202 12.86488 12.20933 12.81734 11.51305 9.929133 9.877052 10.18539 10.23286 10.63326 
  14.16907 16.14445 13.85353 13.43933 12.83779 11.37161 10.43848 11.36244 12.09384 13.16992 12.59609 11.89995 12.60374 13.43394 11.74741 10.73616 11.71158 10.67254 10.05677 10.23999 10.3774 10.55048 10.64748 
  13.73815 15.56528 13.11487 12.97797 10.94864 9.772495 10.28566 10.5135 10.59216 11.32884 11.46882 11.18324 12.24831 12.51228 11.38822 11.41885 11.96959 11.87327 11.33316 11.15687 11.14544 10.6263 10.98882 
  13.27133 15.19296 12.61019 11.93991 9.571259 9.850698 11.68808 12.50197 12.67124 12.74506 13.40675 13.5225 13.00361 13.47783 13.56741 12.92795 12.70677 12.50365 12.47593 12.22657 11.65165 11.57402 11.52929 
  12.80451 15.02842 12.67328 11.82457 9.531914 9.225073 10.28566 12.21708 13.01768 12.88668 14.56506 15.36491 14.18731 13.12672 13.02452 13.25133 13.70196 13.01395 12.67887 12.928 12.44897 12.00997 12.37481 
  13.27133 15.77213 13.9356 14.47739 13.31007 13.0757 12.22362 11.36244 12.09384 13.0283 14.27548 14.0489 14.00008 13.65338 12.98461 12.67643 13.81532 13.32296 12.34064 12.48961 12.24514 12.67337 11.85641 
  13.98952 16.55814 15.33085 16.43816 16.77352 16.48389 15.43686 14.06881 13.82605 14.58614 15.86816 14.97011 14.18731 15.65711 14.29463 13.32291 14.21208 12.56368 11.41825 11.02316 11.42473 13.19138 11.84219 
  14.42043 16.72361 15.74122 16.66884 17.87552 17.61995 16.86497 14.78101 14.40345 15.29425 16.01295 15.23331 15.02984 16.40221 15.43739 14.03876 14.66553 13.07399 11.18424 11.30969 11.96585 13.19138 12.21198 
  14.56407 16.72361 15.65915 16.32282 17.71809 17.4306 17.04349 15.06589 14.05701 15.29425 16.30252 15.49652 14.749 15.44423 15.02184 13.89559 14.83557 13.38593 11.29061 11.04226 12.85665 14.0202 12.37481 
  14.59998 16.55814 15.74122 15.86146 16.77352 17.24126 17.222 15.06589 13.47961 15.01101 15.289 15.36491 14.749 14.80558 14.71018 13.25133 14.77889 13.25998 11.67352 11.90184 12.34706 13.50219 12.37481 
  14.42043 16.35129 14.75634 15.16942 15.98637 16.67323 16.15092 14.63857 12.78672 14.58614 14.85464 14.57531 14.28093 13.74116 13.02452 12.35305 13.92868 13.07399 10.56733 10.98496 11.61674 12.38906 11.95597 
  14.42043 16.39266 14.83841 14.70807 14.72694 14.21176 14.00876 13.78393 12.3248 13.31155 13.69633 13.7857 14.00008 14.27337 12.9447 10.80802 12.81734 12.05338 10.75878 10.98496 10.77888 11.2897 10.91771 
  14.2768 16.55814 14.51012 13.90069 13.78236 12.50767 11.33105 12.64441 12.44028 10.97066 12.97238 12.11075 13.31462 13.74116 12.62542 9.586368 9.831777 10.61251 10.01423 9.819747 10.81379 10.85375 10.74704 
  14.09725 16.39266 14.09975 12.97797 12.68036 11.93964 10.79551 11.9322 11.97836 10.93484 12.59609 11.647 13.27019 13.21449 12.22632 9.442644 9.463187 10.34235 10.05677 9.857951 10.46468 10.72107 10.28839 
  14.06134 16.35129 14.01768 12.51661 12.05064 11.37161 10.617 11.36244 11.05809 10.89902 12.6828 11.85779 12.87032 12.68783 11.38822 9.65823 9.794917 9.802021 9.588764 10.04897 10.23776 10.21851 11.00305 
  13.95361 16.22719 13.9356 11.93991 11.10606 10.42489 9.941807 10.85308 10.63452 10.14684 11.77232 11.18324 12.3816 12.68783 11.34831 9.191127 9.426329 10.1022 9.695129 10.3737 10.29013 10.39884 10.341 
  13.73815 15.89624 13.36109 10.88674 10.00406 9.420581 8.451778 9.876793 9.617945 9.573754 12.03246 11.14108 12.33717 12.16117 11.86714 9.550437 9.647482 9.531858 9.588764 9.7143 10.5345 10.32303 10.57637 
  13.1636 15.64802 13.68938 9.231752 8.430237 7.504606 7.038162 8.60338 8.43194 8.929028 11.20868 11.30972 12.6926 12.60005 11.10885 9.550437 9.242034 10.01215 9.673857 9.934358 10.23776 10.8727 10.63326 
  12.51723 14.69934 12.29477 9.011087 7.289214 6.878982 8.298955 8.391144 7.034148 8.785755 11.90239 11.647 12.3816 11.85395 10.51021 8.867748 8.924967 9.892075 9.546218 10.16358 9.855335 10.34198 10.56214 
  11.09472 13.21844 11.28541 9.176586 7.485942 6.566169 7.649456 7.627096 6.201038 8.714119 11.03525 10.67733 11.67072 11.19562 10.94921 9.945677 9.7212 10.16224 9.588764 9.95346 10.15048 10.6642 10.9746 
  9.259865 11.07938 9.266703 6.74927 5.518661 6.448864 7.802279 8.221355 6.737647 9.179754 10.08141 10.5087 11.09314 10.66896 11.38822 10.52057 9.610623 10.1022 9.588764 9.934358 10.02829 10.43675 10.37607 
  7.306635 7.870789 7.374163 6.197608 6.462956 6.644372 6.350457 6.608366 6.780005 8.785755 10.21148 10.17142 10.91542 10.5373 10.43039 10.0894 9.647482 10.16224 9.844041 10.04897 10.39486 10.60734 10.40238 
  6.714747 7.130343 6.11247 5.921776 6.580993 6.527068 6.121222 6.863048 7.118863 8.32012 10.08141 9.791988 10.7377 10.36174 10.59003 10.0894 10.05293 9.922093 9.737676 9.49336 9.552967 10.21851 10.70437 
  6.951502 6.389899 5.481623 5.094282 5.912117 7.309098 6.732515 6.183894 7.034148 8.284302 9.734554 10.2979 10.2934 10.23008 10.55012 10.34092 9.315752 9.832039 9.482399 9.685482 10.0022 10.37989 10.77548 
  7.957712 6.47217 8.131179 7.025102 5.833426 6.175154 5.777369 6.014106 7.711865 8.105211 8.910778 10.12926 10.91542 10.44952 10.43039 9.766023 9.573764 10.16224 9.465535 10.27819 10.44723 10.30407 10.54792 
  7.839334 7.294887 8.131179 6.638938 6.620338 6.018747 6.235839 7.032836 7.373007 8.642483 9.040849 9.328236 10.20455 9.703414 10.27075 10.19719 9.278893 9.651931 9.673857 9.896154 10.18539 10.4178 10.41115 
  7.484201 7.377158 8.00501 6.473439 6.620338 5.236717 6.656103 6.014106 7.203578 7.961938 8.737352 8.948802 9.582531 9.352306 9.552373 9.69416 8.984022 9.276296 9.246307 9.838849 9.829418 10.30407 11.14527 
  5.530971 6.47217 6.175554 5.480446 5.43997 4.294062 6.121222 6.69326 7.203578 8.141029 8.217072 8.400731 10.11569 9.747303 9.751922 9.801953 8.452524 9.168372 9.524945 9.800646 10.08066 10.55048 10.56214 
  6.477992 7.130343 8.320433 6.252774 5.479316 5.666834 5.387178 5.573692 5.940922 7.030667 7.826863 9.07528 9.80468 9.045087 9.312915 8.759955 8.865911 9.561876 9.482399 10.02987 10.20285 10.4178 10.44836 
  6.122859 7.377158 8.888195 6.914769 5.479316 5.510427 5.739163 5.971659 7.118863 7.35303 7.393297 8.358572 9.626961 8.869533 8.59454 9.119265 9.426329 9.230042 9.406512 9.330054 10.08066 10.68316 10.94616 
  8.135278 6.9658 6.743316 5.976943 5.71539 5.666834 6.579692 5.909461 7.118863 7.030667 7.48001 8.105617 8.516221 8.562313 8.833998 8.759955 9.205175 9.501841 8.94276 9.16675 9.91581 10.55048 10.59059 
  7.247446 6.060812 7.689587 6.694104 5.479316 5.666834 5.891986 5.830456 6.381119 6.887394 7.913576 7.852661 8.382933 8.693979 8.340796 8.252559 8.722491 8.304978 9.263171 10.10627 10.35995 10.32303 11.03149 
  6.241237 6.636714 7.374163 6.30794 4.640173 4.940243 5.206102 5.613194 6.780005 7.388848 7.34994 7.979138 8.382933 8.298983 8.240803 8.524289 9.352611 9.441804 9.069239 10.01077 10.04575 10.12524 10.15687 
  4.689664 5.238096 5.670877 4.763285 5.007169 5.119412 4.763474 5.139168 5.820868 6.851576 6.896411 8.400731 8.782799 8.255094 8.269372 8.540274 9.242034 9.772003 9.673857 9.637451 10.01084 10.17546 10.21825 
  5.116649 6.143084 6.995655 5.314948 4.803998 5.119412 5.968398 6.311235 6.69529 6.041022 6.588642 7.684023 8.471792 8.606202 8.873908 8.444368 8.975586 9.411786 8.959624 9.560602 10.20285 10.28512 9.858761 
  5.412593 5.649454 6.93257 4.928783 5.43997 5.393123 5.968398 5.971659 6.321092 6.815758 6.754364 7.936979 8.560651 7.902441 8.714269 8.831818 9.094599 8.890852 9.153557 9.934358 10.42977 10.28512 10.77548 
  4.617811 5.073553 5.860131 3.899021 4.410818 5.041209 5.004908 5.971659 6.610575 6.12891 7.263227 7.578351 7.938637 8.255094 8.474811 8.975541 8.764674 9.014194 9.652583 9.915257 10.27267 10.10371 10.10427 
  5.353405 5.238096 4.90617 4.027061 5.361279 5.549529 5.367058 6.099 6.652933 6.568347 7.393297 7.684023 7.983067 7.804224 8.394991 9.047403 9.131457 9.591894 9.567492 9.800646 10.23776 10.17546 10.17441 
  5.471782 5.155824 6.175554 5.039116 5.676044 5.510427 5.085385 5.435434 5.920913 6.181642 6.99111 7.450229 7.218148 7.656899 7.969389 8.396416 8.444088 8.860017 9.44024 10.02987 9.984922 10.26616 10.10427 ]
