 [
  4.300124 4.078662 5.602036 4.827177 5.014391 4.39548 5.874164 5.581403 5.006251 7.046859 7.009131 6.324065 7.278353 7.839438 8.095179 8.6261 9.462543 9.599588 9.910766 9.98856 10.11232 10.50302 10.45804 
  5.530432 4.616522 5.787144 5.41171 5.526506 4.850979 5.120275 5.222939 6.001276 7.275579 6.878948 7.174989 8.333735 8.209815 8.467642 8.225037 9.272255 9.371331 9.840298 9.550306 10.11232 11.03473 10.69156 
  4.916936 4.782017 5.324374 6.17224 4.794914 4.737104 4.167994 5.792264 5.678565 7.046859 6.931022 7.600451 8.209573 8.034373 8.37896 8.204984 8.701387 8.986481 9.414399 9.920499 10.49526 10.61783 10.82633 
  4.994038 5.113007 5.478631 5.745729 5.282642 4.509355 4.366386 4.969907 6.431557 6.52407 6.696692 7.207717 7.775003 8.34627 8.662741 8.806579 8.833126 8.83529 9.672936 9.621195 9.896856 10.07198 10.57453 
  5.263893 5.195755 5.756292 4.771507 5.331415 5.676569 5.636093 5.81335 6.270202 6.491395 6.774802 6.782255 7.340435 7.527543 8.201597 9.067269 8.862401 9.178906 9.357409 9.707835 10.28928 10.17745 10.64467 
  5.861947 5.402624 5.170117 5.383875 5.892303 4.765573 4.961561 5.391628 6.933084 7.079534 7.035168 7.371356 7.650841 7.975893 8.432169 9.147482 8.833126 9.165161 9.575009 10.17513 10.11232 10.0576 10.68569 
  4.300124 4.120036 5.262671 5.940574 5.648438 5.676569 5.159953 4.990993 5.651673 6.52407 7.347607 7.665906 7.557719 7.644504 8.095179 7.86408 8.686749 9.661242 9.664127 10.09087 10.77916 10.91299 10.80289 
  4.955487 4.4924 5.262671 5.077691 6.014235 4.680167 5.120275 5.707919 6.055061 6.164652 6.670656 7.142261 7.775003 8.326777 8.627269 8.445621 8.950227 9.630415 9.518019 9.573936 10.40293 10.5633 10.53293 
  5.956666 4.616522 5.478631 5.272535 5.892303 5.24954 5.080596 5.707919 5.866813 5.674537 6.045777 7.273172 7.650841 7.975893 8.219334 8.746419 9.257617 9.630415 9.279694 9.558184 10.38517 10.24457 10.34987 
  3.914616 3.83042 4.954158 5.690059 5.941075 5.221071 6.151912 6.045296 6.270202 5.805234 6.25407 7.796818 7.650841 8.053867 8.503115 8.485727 8.716025 9.42631 9.440304 9.958467 10.26442 10.25416 10.68569 
  5.225343 4.368279 4.738199 5.829234 4.794914 5.24954 4.921883 5.497058 5.839921 5.674537 6.462363 7.796818 7.588759 8.092854 8.467642 8.545887 8.6282 8.642865 9.533562 10.33763 10.39582 10.32793 10.37483 
  5.340995 3.706298 3.812659 5.46738 6.038621 5.44882 5.437701 5.286198 5.40964 5.609188 6.09785 5.996786 6.843784 7.819945 8.130651 8.826632 9.506456 9.522522 9.502476 9.495172 10.05672 10.26374 10.62123 
  4.569979 3.954541 3.874362 5.216866 6.209326 5.932787 5.080596 5.244026 5.221392 6.393372 7.009131 6.880438 7.650841 8.053867 7.864607 8.204984 9.30153 9.453798 9.628894 9.636948 9.855153 10.16786 10.33739 
  5.435713 4.16141 4.799901 5.46738 5.624052 5.221071 5.23931 5.602489 5.597888 6.099303 7.113278 7.567723 7.712922 7.663997 8.875577 9.289875 8.80385 9.123927 9.590552 10.10291 10.04977 10.17266 10.60952 
  4.839835 5.319876 6.211859 5.857069 5.136323 5.221071 5.636093 5.349456 5.947491 6.458721 6.878948 6.978621 7.650841 7.488555 8.485378 8.886791 9.506456 9.522522 9.290055 9.424284 10.32835 10.60061 10.71499 
  4.916936 5.319876 6.296802 6.024078 5.16071 5.278008 4.564778 5.412714 5.355855 6.360698 7.191388 6.749527 7.340435 7.839438 8.52085 8.826632 9.067327 9.343842 9.70817 9.976522 10.43134 10.11033 10.49548 
  4.030268 4.16141 4.830752 5.35604 4.648595 4.794041 5.278988 5.750092 6.243309 5.445816 6.540473 7.01135 7.930207 7.449569 8.254806 8.124771 8.99414 9.645828 9.476571 9.613318 10.35676 10.47719 10.69156 
  4.955487 5.113007 5.663738 4.799342 5.84353 5.790444 3.612497 5.623575 6.055061 6.883488 7.529863 7.436811 7.712922 8.46323 8.183861 8.686259 8.642837 9.082693 9.398856 9.731464 10.08452 10.50876 10.59117 
  4.569979 5.319876 5.046712 5.439545 5.526506 5.278008 5.71545 6.066382 6.216416 5.935931 6.280107 6.978621 7.154191 8.131841 7.953289 8.686259 8.950227 9.357586 9.580191 9.958467 10.12622 10.61496 10.89665 
  5.10969 3.168439 3.966915 4.882846 5.185096 4.651698 4.802848 5.91878 6.297094 6.458721 6.566509 7.338628 6.874825 7.371594 8.308015 8.806579 9.008778 9.553349 9.681745 9.881117 10.26797 10.38247 10.53709 
  4.300124 7.013004 7.910719 8.299562 8.442473 7.978481 7.492169 9.112602 10.43013 10.49808 10.33915 10.26167 12.09403 12.5055 12.24616 11.95974 11.7502 10.40108 9.840298 10.30152 9.723093 10.27333 10.60365 
  4.454327 8.444453 9.099921 9.316978 9.186855 8.443412 7.827233 9.900425 11.61295 11.51216 11.23656 11.25163 13.52417 13.66632 13.34047 13.02768 12.79381 10.97137 10.38642 10.86848 10.29638 10.6695 10.80289 
  4.64708 6.028883 5.756292 5.996243 6.136167 5.135665 5.159953 5.32837 6.646698 7.5043 7.191388 7.698634 8.271654 8.131841 8.999731 8.987057 8.950227 9.110183 9.690553 10.07884 10.22891 10.29251 10.35819 
  4.492877 4.4924 4.954158 5.52305 6.014235 5.505757 5.159953 6.045296 5.974383 6.131978 7.165351 7.3059 8.023329 7.878426 8.04197 7.884133 8.569649 9.261374 9.507657 9.794476 9.827351 10.4083 10.60365 
  2.873744 3.499429 4.028618 4.994186 5.648438 4.110794 5.199631 5.939866 6.56602 7.536974 7.269497 6.913166 7.278353 7.293621 8.698214 8.325302 9.257617 9.330097 9.429942 9.67633 10.28218 10.38534 10.52045 
  3.683311 2.754701 4.923306 5.216866 5.453347 5.306477 5.794806 6.391035 5.570995 6.654767 6.670656 6.55316 7.588759 7.488555 8.201597 8.465674 9.584726 9.599588 9.875531 9.54243 10.15788 10.25895 10.48716 
  4.14592 3.623551 4.213726 5.35604 5.624052 5.192602 5.596415 5.370542 6.216416 6.393372 5.863521 6.160425 6.967947 7.313114 8.485378 9.00711 9.155153 9.467544 9.424761 9.424284 10.10537 10.4083 10.59949 
  4.454327 4.533774 4.182875 5.662224 6.11178 5.477289 4.683813 6.129641 5.893706 6.164652 6.800838 6.945894 8.178532 8.307282 8.503115 9.147482 8.935589 8.904014 9.734595 10.05476 9.945509 10.03362 10.41644 
  4.569979 4.740643 4.645645 6.17224 6.767612 6.304732 5.556736 6.963997 6.67359 6.458721 7.191388 8.091369 8.830385 8.541204 8.166124 9.361071 9.558637 9.722895 10.12217 9.89687 9.869054 10.45996 10.59533 
  4.955487 6.386745 5.324374 6.079748 6.674565 6.676676 7.240871 7.608579 7.293073 8.632178 7.842006 9.538237 9.747139 9.901501 9.473929 10.07303 11.07186 10.23153 9.362589 9.723588 10.37807 10.35663 10.40812 
  6.667055 7.818194 8.165548 8.762024 9.372952 9.559245 10.00515 10.25853 10.89297 11.4716 11.62674 11.59431 11.83734 11.57272 11.22481 11.39017 11.46321 10.57063 9.857914 10.10291 10.09842 10.58339 10.84977 
  7.803678 8.802316 10.20418 10.88935 11.04781 11.14001 11.59671 11.90579 12.74435 13.16432 13.29049 13.28638 13.37749 13.16621 12.72036 12.06653 10.91532 11.0022 10.73876 10.8119 10.65619 10.91299 11.62366 
  6.28818 8.265522 10.20418 10.79685 10.58257 10.67508 11.26164 11.40445 11.61295 12.72905 13.29049 12.92696 12.82743 13.28281 12.0273 11.14098 11.01968 10.60145 10.06051 10.86848 11.02511 11.03473 11.34787 
  4.994038 5.849952 6.296802 6.17224 6.395422 6.397718 6.654508 6.605896 8.06448 8.753867 8.778435 8.967105 9.747139 10.83427 10.23994 10.21543 9.976078 9.357586 10.26311 10.92506 11.02511 11.27822 12.02855 
  5.814588 7.460332 8.675206 9.316978 9.652095 9.745217 10.08892 10.25853 11.04725 11.91779 12.29004 12.47005 13.08412 13.47713 13.74779 13.52606 13.38625 12.99128 12.75332 13.4147 12.37781 12.31304 14.05298 
  6.146102 7.997126 9.524636 9.779439 9.83819 9.93119 10.25645 10.25853 11.45867 12.03948 12.48513 12.88888 13.26748 13.64127 13.94538 13.70405 13.72069 13.39924 13.42484 14.20686 13.792 13.83484 14.86276 
  5.530432 6.565676 6.041973 6.54221 5.550893 6.58369 6.822041 8.3964 10.27585 10.33583 10.84638 10.64243 11.36063 12.19457 12.42855 12.38692 12.50682 11.99404 13.08908 14.03711 13.97646 13.71309 15.13268 
  6.004025 5.319876 5.324374 4.298313 6.209326 7.327579 8.413596 7.536958 8.887314 10.05189 10.80736 11.32778 11.764 12.07797 12.86627 12.49371 12.8199 12.35668 13.53676 13.92395 14.46835 14.1392 15.26765 
  7.519522 8.623384 10.37407 11.53679 11.88524 12.34883 12.8532 13.48143 14.13199 14.7313 14.89285 15.15023 15.02726 14.26761 13.70827 13.24127 13.59206 13.53523 14.26424 14.26344 13.85348 14.44356 15.60505 
  7.235366 8.354988 10.20418 11.53679 11.51305 11.79091 12.51813 13.12333 14.02925 14.47014 14.54451 14.82888 14.79241 14.16739 14.18249 13.82941 13.4377 13.03661 13.36888 13.92395 13.66902 14.50443 14.79528 
  6.477617 8.176056 8.250491 7.559625 8.442473 9.559245 10.59151 11.76255 11.40724 11.83666 12.17299 12.62235 13.45083 13.20508 13.4499 13.24127 13.07753 12.44733 12.02584 13.13179 13.05416 13.40873 14.18795 
  7.993114 8.891781 9.014978 8.022086 9.093808 10.30313 11.76424 12.62199 12.38436 11.67441 11.70477 11.51816 12.75409 12.3889 12.10026 12.95649 11.98501 11.29505 11.29836 11.37773 11.45551 12.25217 12.9058 
  11.07147 14.97544 15.64053 15.14399 15.8863 15.32438 15.36618 15.70241 14.95394 13.25138 11.74379 11.67046 12.16737 12.77755 13.15808 13.17008 11.67193 11.18716 11.57816 11.37773 10.46685 10.58052 10.83805 
  11.30826 16.49636 16.48996 17.73377 18.22035 17.55605 17.59197 18.07415 17.83076 14.55719 13.98717 13.4792 14.04086 14.59331 14.97285 14.95769 12.68945 12.67398 13.08908 12.1133 11.45551 11.46083 11.23067 
  10.83467 16.49636 16.48996 18.06418 18.42215 18.17192 18.18327 18.86473 18.24174 14.81835 14.33551 13.92909 14.4636 14.89395 15.68418 16.08597 13.79787 13.58056 12.6414 11.54747 10.71767 10.39682 11.31271 
  10.88203 16.58582 16.48996 18.23868 18.49782 18.36845 18.73233 19.15221 17.41979 14.90541 14.1265 14.37899 15.02726 15.09438 16.11888 16.33669 14.00369 14.30582 13.59272 11.49089 10.77916 10.43987 11.23653 
  11.11883 16.67529 16.57491 18.44226 18.59872 18.6071 18.85903 19.22408 17.52253 14.47014 14.33551 14.25044 15.12121 14.99416 16.15839 16.04418 14.46677 14.35115 13.14504 11.43431 10.57694 10.2973 11.35373 
  11.30826 16.85422 16.7254 18.67493 18.82575 18.69133 19.11244 19.36782 16.80333 14.12192 14.19617 13.86482 14.98029 14.84384 16.11888 16.04418 14.15805 13.62589 12.47352 11.20798 11.14808 10.40543 11.55618 
  11.40298 16.9996 16.88108 18.87852 19.02755 18.70537 19.11244 19.29595 15.77589 13.68665 13.7085 13.54347 14.41663 14.84384 15.60514 15.6263 13.72069 13.71654 11.85796 11.20798 10.71767 10.33654 11.01971 
  11.62444 17.1519 17.03676 18.99485 19.12845 18.7194 18.64786 18.72098 14.64571 12.90316 13.22083 13.28638 14.18177 14.29266 14.93333 15.25021 13.38625 13.44457 11.29836 11.15139 10.27863 10.6695 11.07245 
  11.71056 17.26267 17.1187 19.16935 19.2798 18.63518 18.09879 17.85854 13.92651 12.36398 12.87249 13.0293 13.26748 13.8918 13.9849 14.2055 13.00035 12.35668 10.42166 10.75531 10.65619 10.54033 11.35373 
  11.77208 17.29036 17.17605 19.37294 19.45637 18.52287 17.63421 16.99609 13.61828 12.03948 12.44611 12.96503 13.19413 13.516 13.63228 14.24729 13.07753 12.03937 10.30715 9.731464 9.924658 10.38821 11.18379 
  11.71056 17.29036 17.15147 19.54744 19.63295 18.4246 17.46527 16.42112 13.31005 11.7961 11.86085 12.73658 12.97411 13.36054 13.82683 14.5816 12.71554 11.48001 10.39523 10.12096 10.34966 10.30784 11.06073 
  11.8459 17.2419 17.08592 19.63469 19.70862 18.35441 17.21185 15.63054 13.10434 11.26878 11.66576 12.3939 12.97411 13.12734 13.52285 14.12193 12.68945 11.26423 9.805063 10.25939 10.22536 10.66663 10.76187 
  11.74747 17.20036 17.02037 19.66377 19.70862 18.29826 17.08515 15.4868 12.79577 10.94427 11.3146 12.31775 13.15746 13.36054 13.41342 14.12193 12.79381 10.86348 9.518019 10.02467 9.966361 10.56043 10.67397 
  11.93202 17.1519 16.95482 19.69286 19.70862 18.25615 17.04291 15.27194 12.89863 10.74146 11.15852 12.05122 13.15746 13.76654 13.04865 13.91299 13.15471 10.69393 9.954808 10.09689 10.02197 10.6695 11.07245 
  11.79668 17.11036 16.88108 19.66377 19.6834 18.27019 16.9162 15.05708 12.74435 10.74146 10.92442 11.82277 13.19413 13.86675 13.26751 14.16372 13.46343 10.86348 9.743404 10.51216 10.16143 10.57765 10.86735 
  12.00584 17.05498 16.79914 19.69286 19.6834 18.22807 16.87397 15.1287 12.95006 10.7009 11.11951 11.97507 13.4875 14.24255 13.41342 13.38367 13.28334 10.63228 9.796255 9.89687 10.53788 10.29251 11.17793 
  11.90741 17.02037 16.71721 19.72194 19.6834 18.03154 16.62267 15.27194 12.74435 10.94427 11.5487 11.93699 13.52417 14.01707 13.66876 13.06328 13.15471 10.41649 9.620085 9.970504 10.38517 10.38821 11.01971 
  12.09196 16.9996 16.67624 19.75102 19.65817 17.74202 16.45514 15.63054 13.05291 11.63385 11.86085 11.93699 13.806 14.26761 13.63228 13.24127 12.8199 9.508778 9.466209 9.98856 10.29638 10.58052 11.23067 
  11.94432 17.03421 16.70082 19.72194 19.6834 17.91924 16.9162 16.42112 13.10434 11.83666 12.01692 12.2416 14.22874 14.66847 13.66876 13.13448 12.37637 10.12364 10.11336 10.22328 10.31414 10.51163 11.62366 
  12.09196 17.09652 16.80734 19.66377 19.65817 18.28422 17.80315 17.57105 13.61828 12.20173 12.52415 12.66043 14.32269 14.51814 13.86635 13.59725 12.66336 10.5398 9.937191 9.976522 10.37096 10.2973 10.97283 
  11.95662 17.13113 16.8565 19.54744 19.5825 18.53691 18.52115 18.72098 14.02925 12.72905 13.01182 13.35065 14.98029 14.46804 13.74779 13.49046 12.0372 10.771 10.2543 10.18717 10.43489 10.3308 11.75862 
  12.05505 17.14498 16.87289 19.34385 19.3807 18.70537 19.49256 20.01466 15.05669 13.7737 13.63883 14.1219 15.77881 14.69352 14.34056 14.28908 13.10325 11.49543 10.73876 9.928375 10.50237 10.27333 12.16351 
  12.09196 17.17267 16.86469 19.0821 19.05277 18.62114 19.5348 20.01466 17.11156 14.81835 14.47484 14.76461 16.48339 14.74363 14.30105 14.08014 13.0518 11.67674 10.9626 10.56031 10.55919 10.79124 12.02855 
  12.17808 17.18651 16.87289 18.9076 18.82575 18.55095 18.8168 19.08034 18.44723 15.34068 14.75351 15.15023 15.91973 14.2175 14.10346 14.62339 13.38625 12.58332 11.69008 10.69873 10.44199 10.85211 12.50091 
  12.14117 17.16575 16.86469 18.76218 18.6744 18.50883 18.39444 18.9366 19.5774 15.86301 15.24119 16.05002 15.91973 14.11729 14.26153 15.12484 13.4377 13.03661 12.19372 11.09481 10.02892 10.79124 12.5684 
  12.06735 17.11729 16.81553 18.67493 18.5735 18.48076 18.05656 18.79285 19.78289 16.8206 16.0772 16.69273 16.20156 14.06718 14.65671 15.37557 13.90078 13.30858 12.13776 11.26456 10.01501 10.31071 12.36595 
  11.99353 17.04806 16.74179 18.5586 18.4726 18.41057 17.84538 18.36163 19.06369 17.51704 16.70421 17.01408 16.43642 13.94191 14.65671 15.70987 14.31241 13.89786 11.74604 10.66864 10.22536 10.55756 12.9058 
  11.88281 17.01344 16.74179 18.41318 18.3717 18.27019 17.67644 18.00228 18.44723 18.03936 16.84354 16.88554 16.34248 13.71643 14.61719 15.54272 14.10659 13.71654 11.07452 10.86848 10.84065 10.85211 13.91802 
  11.94432 17.02729 16.74179 18.18051 18.11945 18.2 17.54974 17.64292 18.13899 18.21347 16.91321 16.49992 15.87276 13.47713 14.89382 15.45915 13.84933 13.8072 11.74604 10.69271 10.15078 10.50015 14.32291 
  11.83359 17.06883 16.83192 17.91876 17.93335 18.10173 17.29632 17.35544 17.93351 18.21347 16.91321 16.11429 15.35607 13.516 15.05189 15.54272 13.61779 13.8072 11.5222 10.50012 10.65619 10.73037 14.32291 
  11.83359 17.07575 16.88108 17.64128 17.74725 17.83501 17.12738 17.13983 17.72802 18.12642 16.77388 15.92148 15.40304 13.24394 14.93333 15.45915 13.23189 13.85253 11.35432 10.14504 10.65619 10.56617 13.58062 
  11.72287 17.03421 16.84011 17.27131 17.28202 17.37008 16.62267 16.63673 17.41979 17.25587 16.14687 16.05002 15.54395 12.85529 14.26153 14.74875 12.84599 13.44457 11.29836 10.59642 10.44554 10.52311 13.58062 
  11.75977 16.9096 16.65985 16.62387 16.72373 16.34723 15.78501 15.4868 15.87864 15.77595 14.54451 15.02169 14.79241 12.1557 13.41342 13.91299 11.95892 12.40201 10.50974 10.02467 10.31059 10.28771 12.36595 
  11.61214 16.76475 16.57491 15.79144 15.79325 15.32438 14.36099 13.48143 13.82376 14.47014 13.9175 14.1219 13.99388 11.53386 12.75684 12.7785 10.86314 11.11009 9.699362 10.33763 10.27152 10.37386 11.75862 
  11.11883 16.49636 16.32008 14.58904 14.30449 12.99973 13.02073 12.55037 13.25862 13.51254 13.63883 13.86482 13.4875 11.65045 12.35559 12.28012 10.02826 10.24695 9.840298 10.07884 10.13317 10.31071 10.94939 
  10.31372 15.95956 15.89536 12.55421 12.72267 10.39612 10.92658 11.47607 12.8472 12.90316 12.21201 13.09357 12.38739 10.67881 11.22481 10.60701 9.845628 10.46273 10.01647 10.28346 10.3248 10.3021 10.63881 
  10.31372 15.42277 15.21582 10.70436 10.76867 9.466259 10.59151 10.83149 11.45867 11.10653 11.66576 12.6985 11.83734 9.979232 11.22481 10.96299 9.316168 9.661242 9.76983 10.18115 10.25377 10.00965 10.78531 
  9.413893 14.43865 14.1965 9.871931 8.814665 7.513551 9.251257 10.04366 10.68726 11.14709 11.9779 12.88888 12.46073 10.13469 11.15186 10.6426 9.532546 10.21612 9.585372 10.60846 10.5947 10.55182 10.75015 
  8.32463 13.18613 13.0073 8.947008 8.535521 8.071467 8.413596 10.11528 9.65872 10.29527 11.00245 10.3759 10.4072 10.0181 11.18834 10.8206 9.845628 10.5398 9.937191 10.5904 10.65619 10.50015 10.42476 
  7.566881 12.02308 11.64821 9.131993 7.884186 7.327579 8.162298 9.399083 9.864429 9.97076 10.8854 11.13741 11.72733 10.52335 11.29777 10.89179 9.976078 10.18529 9.99885 10.43392 10.96362 10.97386 10.77359 
  6.95121 10.1443 10.03429 8.57704 7.884186 7.327579 7.073339 8.53964 9.813002 10.53864 11.58772 11.93699 11.764 9.940366 11.07891 11.06978 10.55006 10.55521 10.03408 10.8119 10.90213 10.07198 10.63295 
  6.430258 9.160177 9.694522 8.854516 8.070282 7.141606 7.157104 8.32478 9.247303 10.05189 11.00245 10.8328 11.72733 10.13469 10.64119 11.03419 10.41961 9.846202 9.805063 10.8119 10.65619 10.46571 10.56621 
  6.95121 8.265522 8.420377 8.484547 7.977234 7.885495 7.827233 8.32478 9.504439 9.97076 11.27558 11.51816 11.764 10.21243 10.56823 10.32222 9.923898 10.12364 9.743404 9.89687 10.25377 10.45996 11.03729 
  8.040474 8.086591 7.995662 7.744609 7.139804 7.420565 7.743467 8.53964 8.630178 9.240624 11.35361 11.97507 12.38739 10.71768 10.86005 10.92739 10.00217 9.954095 9.928383 10.37374 10.43489 10.20142 10.53709 
  6.477617 8.802316 7.995662 8.20707 7.791139 7.234592 8.413596 8.897741 9.093022 9.281188 10.8854 11.67046 12.75409 10.09583 9.948127 10.6782 9.689087 10.15447 9.664127 10.36772 10.71767 10.3308 10.50797 
  6.903851 7.728728 8.165548 8.022086 8.16333 7.04862 7.240871 8.826122 8.78446 9.240624 10.8854 11.17548 11.36063 10.48448 10.16699 10.42902 10.1848 9.969508 9.840298 10.69873 10.34966 10.45422 10.58285 
  7.472162 9.160177 8.930035 7.652117 7.232852 6.397718 6.822041 8.611261 9.195876 9.808508 10.80736 10.2236 11.83734 10.67881 10.67766 10.28662 10.10653 10.24695 9.393675 10.40985 10.41003 10.4083 10.43308 
  6.524977 7.818194 8.165548 8.762024 7.046756 7.141606 7.910999 8.682881 8.938741 10.74146 11.89986 11.25163 12.16737 10.95087 10.05756 10.60701 9.558637 9.815375 9.928383 9.952449 9.695292 10.20142 10.64467 
  6.761773 7.818194 8.165548 8.854516 7.232852 6.769662 7.743467 8.754501 9.144449 9.97076 11.39263 11.70854 12.02069 11.06747 10.27642 10.39342 10.02826 9.784549 9.628894 9.857488 10.36031 10.24936 10.85563 
  6.28818 8.265522 8.590263 7.652117 7.3259 7.699523 8.413596 8.25316 8.733032 9.97076 10.65129 10.71858 12.38739 11.06747 10.64119 9.717052 9.689087 9.522522 9.611277 9.629071 10.4562 10.6207 10.59533 
  6.430258 7.728728 8.845092 7.559625 7.698091 7.327579 7.492169 8.10992 8.578751 8.997246 10.2221 11.02318 11.87401 10.95087 10.4588 9.432267 9.447906 9.861615 9.928383 10.5242 10.26442 10.12471 10.6271 
  6.856492 8.265522 8.420377 7.004671 7.791139 6.676676 6.738274 7.322098 7.807344 9.362314 10.61227 10.87088 11.98402 11.30066 10.20346 10.25103 9.741267 9.522522 9.569829 10.05476 10.23601 10.43126 11.06073 
  7.188007 8.265522 8.335434 6.357225 6.581517 7.420565 7.575935 7.465338 7.550209 9.037809 10.57326 11.32778 12.24071 11.2618 9.91165 10.21543 9.897808 9.846202 9.990042 10.40383 10.5947 10.58339 10.84391 
  7.093288 8.71285 8.760149 7.467132 7.418947 7.420565 7.492169 7.680199 7.293073 9.565129 10.92442 12.01314 12.27738 11.18406 10.13051 10.03744 9.610817 9.707481 9.981234 9.857488 9.931608 10.79124 10.58285 
  7.377444 10.05483 9.439693 7.929594 7.511995 6.397718 6.654508 6.462656 8.167334 8.632178 10.76834 11.55624 11.50731 11.10633 10.75062 10.28662 9.845628 9.206395 9.611277 10.47605 10.38872 10.65515 11.02557 
  6.903851 8.086591 7.995662 8.392055 7.884186 7.141606 7.324637 6.319415 8.115907 8.997246 10.49522 11.40394 11.764 11.06747 9.91165 9.752651 10.13262 10.23153 9.435123 9.888993 10.14012 10.01445 10.82633 
  7.756318 8.802316 8.335434 8.392055 7.605043 7.141606 7.324637 7.250478 8.373043 9.44344 10.65129 10.64243 11.72733 11.2618 10.23994 9.823847 9.976078 10.12364 10.01647 10.10291 10.25732 10.79124 10.4414 
  5.719869 6.565676 6.891403 8.299562 7.418947 6.676676 6.570742 6.963997 7.550209 9.646255 11.11951 10.45205 12.27738 11.72818 10.38585 9.610258 9.976078 9.954095 10.07813 10.02467 10.339 10.73037 10.81461 
  5.483073 6.118348 7.486004 7.559625 6.581517 6.955635 6.319444 7.107237 7.755918 9.240624 10.41718 10.90895 11.10394 10.48448 10.02108 9.57466 9.741267 9.385076 9.486933 10.02467 10.04977 9.995271 10.69741 
  5.67251 6.565676 6.211859 7.929594 7.139804 6.676676 6.738274 6.391035 7.807344 9.402877 10.4562 11.44201 10.73723 10.09583 10.05756 9.681455 10.28916 9.830789 9.928383 9.794476 9.973311 10.49728 10.52045 
  5.861947 7.549798 7.910719 7.744609 7.046756 5.648101 7.492169 6.892376 6.727375 9.118936 10.4562 10.49012 11.28729 11.10633 10.13051 9.087322 9.923898 9.316353 9.70817 10.41587 10.23601 10.46858 11.30685 
  6.95121 7.997126 8.165548 6.727194 6.209326 6.11876 6.738274 6.171813 7.138792 8.469926 9.987988 10.49012 11.764 10.95087 9.619836 9.00711 9.715178 9.495032 9.352227 10.00661 10.14012 10.45135 10.99041 
  6.761773 8.265522 7.740833 6.912179 6.767612 6.304732 7.073339 6.892376 8.321615 8.672741 10.61227 10.29975 10.73723 10.67881 10.20346 9.396669 9.923898 9.815375 9.716978 10.24133 10.42423 10.79124 10.79703 
  6.098743 9.160177 8.760149 7.559625 7.232852 7.420565 8.078531 9.040982 8.733032 7.942605 9.324685 11.09933 11.10394 10.52335 10.64119 9.087322 9.155153 9.055204 9.580191 9.964486 10.25022 10.73037 10.60365 ]
