 [
  4.597387 3.63465 4.342755 4.127913 3.941185 3.994507 5.244144 6.051488 5.959261 6.75269 6.901752 7.34847 7.981253 7.628843 8.208434 8.664104 8.771155 9.332128 9.588582 9.746059 9.6138 10.12742 10.29204 
  3.49585 3.22076 4.086849 4.52792 4.862277 3.826727 3.835609 4.967236 5.780172 5.725835 6.264225 7.058088 7.74103 7.744243 8.402205 7.760108 8.435687 9.080936 9.545143 9.581117 9.830674 10.04377 10.3209 
  4.40932 3.22076 3.233829 4.654238 4.348179 3.611009 5.198972 5.963866 6.189517 5.889391 5.455057 6.148226 6.6716 7.398044 8.026772 8.500269 8.648423 9.474482 9.248178 9.938866 10.25742 10.62295 10.85988 
  5.77655 3.989412 5.512582 5.717988 5.426025 5.233699 4.495988 5.400553 5.959261 6.196058 6.582988 7.487939 7.837119 8.377295 7.803187 8.258035 8.885706 9.203734 9.979533 9.985772 10.41705 11.02315 10.71655 
  5.583704 3.782467 4.837858 5.385557 4.66949 3.41926 4.772921 6.621034 6.452211 7.098329 6.77915 7.34847 8.077342 7.813483 8.537054 8.963137 8.955699 9.332128 9.979533 9.702654 9.675764 10.36827 10.40747 
  4.704854 4.308486 5.307231 5.4188 5.033642 4.162288 4.538593 6.445789 6.010429 6.380058 7.11792 7.437563 8.26952 7.952952 7.775239 7.813938 8.386594 8.946974 9.065429 9.641885 9.603473 10.12742 10.09724 
  3.468984 3.72334 4.808522 5.618258 5.505864 4.881347 5.198972 5.660544 7.002179 6.196058 7.351839 7.487939 7.462565 7.755783 8.138564 8.540641 8.955699 9.616835 9.545143 9.780785 10.37714 10.62295 10.45076 
  4.033185 3.102507 3.603471 5.033192 5.70546 6.355484 5.605525 6.796278 7.594451 6.339169 7.585757 6.961294 7.433803 7.224945 7.328069 8.500269 8.910253 9.192571 9.145381 9.763422 10.1776 10.47742 10.4219 
  4.886493 5.111765 4.632506 5.319071 5.944976 6.034974 6.644497 6.445789 6.409906 6.11428 7.071136 7.290394 7.074273 7.582684 8.492105 8.664104 8.762974 9.237225 9.465191 9.772103 9.861656 10.36827 10.53012 
  3.952585 5.036458 4.74985 5.285828 5.865137 6.034974 6.915533 6.182922 6.832958 7.616787 7.726108 8.29395 7.74103 7.952952 8.180486 8.271492 9.137484 9.42703 9.632021 9.476941 10.29732 10.84124 10.57322 
  4.436187 5.036458 6.598009 5.751231 4.626648 5.554209 6.960705 7.584879 7.763672 7.962426 7.445406 7.94132 8.26952 7.894263 9.121396 9.390326 9.273823 9.332128 9.588582 10.40793 9.954601 10.28542 10.77388 
  4.436187 5.940147 7.888787 7.247169 5.70546 6.155165 6.825187 7.190579 7.382925 7.530377 7.492189 8.29395 8.029297 8.518743 8.357257 8.83498 8.771155 9.379579 9.533721 9.754741 10.25742 10.23895 10.60188 
  3.791385 5.56361 6.011292 6.515821 6.583684 5.594273 6.915533 7.847746 7.932893 8.048836 8.00681 8.445078 7.644941 8.754489 9.166346 8.877699 9.319269 9.759189 9.5223 9.985772 9.655109 10.65933 10.44354 
  3.710784 6.040557 6.275314 6.249877 5.905056 5.434018 6.508979 7.059145 7.382925 8.221655 8.334296 8.545829 9.038232 8.848787 8.582004 8.607928 9.137484 9.42703 9.936094 10.31412 10.61659 10.3133 10.74521 
  4.624254 6.366889 7.360741 7.745815 9.457872 8.919562 11.59987 12.75264 11.84111 11.15958 10.9074 11.11499 9.566722 9.178832 9.660789 9.048574 8.955699 9.711738 10.06641 11.15843 9.933947 10.25754 10.88854 
  5.064505 6.341787 7.918122 7.380141 8.579648 7.757714 10.52934 11.04596 9.70971 9.042546 9.410321 10.15785 7.885164 8.282997 8.357257 8.419524 8.762974 8.991629 9.67546 10.1734 10.25742 10.47742 10.65921 
  5.865556 5.86484 7.214062 6.615551 6.304249 7.196822 6.734842 7.628691 7.763672 8.09204 8.38108 8.948834 8.749965 8.848787 8.626953 8.877699 9.364716 8.958138 9.305286 9.711335 10.13769 10.58657 11.06054 
  6.013898 5.16197 5.60059 6.28312 6.024815 6.675993 7.231741 6.445789 7.34062 8.00563 8.334296 9.099962 9.086277 9.556026 9.750688 9.048574 9.5465 9.474482 9.408082 9.845054 10.33723 10.33189 10.77388 
  6.221579 5.66402 7.067383 7.280412 6.623603 6.475675 7.54795 7.584879 7.975198 7.832811 8.147161 8.797708 8.317564 8.094399 8.761801 8.83498 8.852978 8.891157 9.282442 9.780785 10.21751 9.820715 10.83121 
  4.812322 5.714225 8.182145 6.449335 6.224411 6.63593 6.328288 6.577222 6.706042 7.141534 7.679324 8.042072 7.789074 8.377295 8.761801 8.706823 8.955699 8.946974 8.882681 9.242548 10.25742 10.84124 10.54455 
  4.543654 6.391992 8.211481 6.648794 5.984895 5.914783 6.599324 6.445789 6.010429 7.055124 7.913243 8.243575 7.644941 8.047251 7.928953 8.83498 9.273823 9.284676 9.019742 9.754741 9.975256 10.25754 10.43633 
  5.005167 6.417094 6.45133 7.247169 8.380052 8.478861 8.135195 8.899214 10.34429 11.80766 13.83101 14.42107 13.79008 13.04507 12.94209 13.02143 13.773 14.40942 14.14968 13.50374 11.89366 10.95039 10.97454 
  5.67271 8.061419 8.362329 8.277704 10.09658 10.73054 9.896928 10.38879 11.93379 13.61453 16.16915 16.56898 15.62069 14.75691 14.57899 14.66738 15.53274 16.20405 15.92783 15.23927 13.41017 11.9327 10.91721 
  4.990333 6.442197 7.536757 6.615551 6.144572 7.076631 8.315885 7.935369 7.25601 8.696908 10.43956 10.2586 9.566722 8.754489 9.301193 9.091293 9.092038 9.901543 10.15329 10.12649 10.00624 10.69571 10.65921 
  5.628207 5.488302 5.453911 5.180562 6.942958 6.475675 6.463806 7.23439 7.425231 7.443968 7.960027 8.646581 8.17343 7.709623 7.761265 8.567555 9.092038 9.854092 9.632021 9.390129 10.21751 10.69571 10.83121 
  3.280916 4.936048 5.131216 5.917446 5.346187 5.954846 6.554152 7.102957 7.467535 6.666281 7.538973 7.739818 7.232466 7.640384 8.626953 8.877699 8.754791 9.379579 9.385239 9.693973 9.6138 9.932244 10.65921 
  5.88039 5.739327 6.510001 5.983932 5.70546 5.233699 5.071157 6.752467 5.984845 7.011919 7.492189 7.251676 7.059892 7.167245 8.447155 8.621386 9.092038 9.474482 10.02297 10.07959 10.1776 10.36827 10.34975 
  4.827156 5.76443 6.920703 5.784474 5.226429 4.713566 5.071157 5.898869 5.908093 6.11428 6.166144 7.290394 7.289991 7.686543 7.942927 8.500269 8.844795 9.284676 9.588582 10.2203 10.33723 9.737068 10.08281 
  5.109007 5.111765 5.424575 5.751231 5.505864 5.153572 5.092459 6.0953 7.425231 7.055124 6.386827 6.787066 6.973605 8.471594 8.492105 9.689358 9.092038 9.284676 10.02297 9.798147 10.13769 10.36827 10.74521 
  5.123842 5.111765 5.981956 5.551772 5.306268 4.993317 5.071157 5.768873 6.706042 7.487173 7.305055 7.58869 7.491327 8.188698 8.12459 8.664104 8.955699 9.069773 9.892655 10.2203 10.13769 11.35059 11.94919 
  6.310584 5.212175 6.040627 5.684744 7.461908 7.397141 6.825187 6.533412 6.706042 7.271148 6.926271 7.487939 7.692986 7.871183 8.040746 8.963137 9.046592 9.159081 9.545143 9.985772 9.810019 10.80486 11.74852 
  5.450196 7.765165 8.00613 7.380141 9.896984 9.720837 10.34865 11.35264 10.25968 9.301775 10.6267 10.96386 10.76784 12.14923 11.05422 11.09908 12.09149 11.08783 11.23927 12.14346 12.05329 11.67803 11.40453 
  6.846206 7.617038 8.814876 10.01145 9.976822 9.96122 11.72363 11.89377 11.2327 12.11009 11.93664 12.82776 12.64157 13.94091 13.21179 12.85056 13.13676 13.17568 13.71529 14.81712 14.80696 14.87964 14.18514 
  6.08807 6.818734 7.566092 10.63878 12.12424 11.54195 11.47611 11.26502 11.275 12.60165 13.5972 13.83528 13.02593 14.93825 14.17695 12.93599 14.50014 14.45687 14.67095 15.98723 16.41058 16.67879 16.34498 
  5.524367 5.613815 6.45133 8.975809 9.577629 9.96122 11.22859 10.87072 11.65575 12.1965 14.18173 14.61634 13.3142 14.21291 14.2272 14.32059 15.23603 15.79473 15.0619 16.13529 17.08937 17.3401 16.9936 
  5.717213 7.119964 6.774024 9.85461 11.47401 10.08141 11.10483 11.5717 11.65575 12.50036 13.36339 14.12818 13.69855 14.39424 14.57899 14.64811 15.3208 15.64589 15.51658 16.76454 17.82472 18.00141 17.82754 
  5.761716 7.145067 8.00613 8.975809 10.82377 9.96122 11.22859 12.21585 11.74843 12.60165 13.36339 13.83528 13.69855 15.11958 15.28255 14.22426 14.85454 15.90637 15.86908 17.06066 17.99441 18.3688 17.9202 
  6.71111 6.894042 8.814876 9.697776 10.82377 10.73054 11.10483 12.43056 12.9533 12.90551 13.71411 14.03054 14.1562 15.21025 15.58408 14.91783 15.57512 15.60868 16.28032 17.68992 18.44694 18.80967 18.8468 
  5.865556 6.693222 7.507421 9.697776 10.25626 10.73054 11.47611 11.67905 12.02648 12.80422 13.01267 14.32344 13.65051 14.75691 15.08153 15.16829 15.10886 15.49705 15.86908 17.72693 18.6732 18.80967 18.75414 
  6.39959 7.320784 8.664027 10.32512 10.66121 11.21739 12.34243 13.07471 13.41671 13.20938 13.48029 14.32344 14.43079 14.84758 14.98102 14.78297 14.81215 15.31099 15.31096 17.24574 18.22068 19.10359 19.3101 
  7.521688 7.765165 9.870817 10.95245 11.31145 11.54195 11.10483 11.89377 12.9533 12.50036 13.01267 13.93291 13.88161 14.75691 14.72975 14.43619 14.85454 16.12963 16.04533 17.54186 17.99441 19.03011 19.7734 
  8.467361 9.246434 10.92676 11.42296 10.82377 10.40598 10.98107 11.89377 13.04598 13.0068 13.24648 13.48265 13.97314 14.12224 14.32771 14.59031 14.81215 15.45984 15.86908 17.20872 18.22068 19.61794 20.05138 
  9.277939 11.91272 11.681 11.10929 11.47401 12.35337 12.71371 12.96735 13.41671 13.41195 13.36339 13.83528 14.61385 15.11958 14.93077 14.9371 16.59242 17.65527 16.86782 18.1341 18.44694 19.10359 19.3101 
  11.30438 13.24586 13.03864 13.30498 13.91238 13.32707 13.33251 11.89377 11.93379 12.50036 12.21734 13.3819 14.1562 14.39424 15.03128 14.80224 16.38049 17.13432 16.95594 16.83857 17.25906 17.92793 18.01286 
  14.14141 16.2084 16.35731 17.38268 15.86308 14.78761 14.69387 13.93358 14.25085 15.23513 16.05224 15.39739 15.07151 15.93559 14.02618 13.19231 14.22747 14.78903 14.01937 14.30115 14.88678 15.06226 15.23306 
  15.22218 16.65278 17.71495 18.48052 19.27681 17.22185 16.79779 16.29546 16.28986 17.66604 18.97491 18.03346 17.35976 18.56495 16.18714 14.0894 16.42287 16.725 15.16409 15.28618 16.07119 15.2827 14.39912 
  15.08708 15.91215 17.71495 19.42153 20.57728 18.19555 17.66412 17.4764 17.03131 18.47634 19.91016 18.81451 18.27507 19.10896 16.8907 14.68664 17.0163 17.0599 15.69283 15.33309 15.5621 15.20922 14.2138 
  14.95198 15.46777 17.41325 19.10786 19.76449 19.49381 17.78788 17.4764 17.03131 18.17248 20.02707 19.30267 18.64119 19.65296 17.14198 14.97563 16.42287 16.53895 16.25095 15.37999 14.88678 14.152 13.84115 
  14.81689 15.31964 17.2624 18.32369 19.92705 20.14294 18.0354 17.79848 17.30936 18.37505 20.26088 19.88847 18.82425 19.65296 17.09172 15.28388 16.6772 16.83663 16.89719 15.87618 14.36797 13.20607 13.75515 
  14.81689 15.46777 17.11155 17.85318 20.25216 20.30522 18.77796 18.33527 17.49473 18.57763 20.37779 19.88847 18.82425 19.01829 16.48867 14.86003 17.39778 17.17153 16.89719 15.87618 13.33036 12.76948 13.12449 
  14.95198 15.61589 16.9607 17.69635 19.76449 19.65609 18.6542 17.79848 17.30936 17.9699 20.14398 19.59557 19.09884 18.29295 15.93586 14.70591 16.84675 16.83663 16.69157 15.98723 13.41017 12.84225 13.21049 
  14.95198 15.76402 16.80986 17.69635 18.95169 19.16924 18.0354 17.04697 17.03131 17.66604 19.55944 19.79083 19.37343 18.02095 15.28255 13.91853 15.15125 15.64589 16.10408 15.87618 13.92898 12.98778 13.49715 
  14.81689 15.76402 16.65901 17.38268 18.1389 18.35783 17.54036 16.51018 16.28986 17.1596 18.62419 19.9861 19.46496 18.20228 15.58408 13.74765 15.06648 15.75752 15.81033 15.80215 14.60742 12.66034 13.43982 
  14.2765 14.87526 15.45222 15.6575 15.86308 15.59902 15.31267 14.68509 14.89962 15.74157 17.92275 18.81451 18.18354 16.11693 13.97593 13.14959 14.40925 14.83648 14.84471 14.48878 13.60972 12.51481 13.32516 
  11.84477 12.50523 12.73694 12.67764 13.74982 14.13848 14.81763 14.57773 14.89962 16.14672 18.50728 18.81451 17.35976 16.11693 15.53383 14.37839 14.81215 14.74158 14.49719 14.20734 13.76935 13.46074 14.6771 
  8.87265 11.17208 10.77591 10.01145 10.3361 10.40598 10.84555 11.00215 12.02648 12.90551 15.00008 15.29976 13.3142 13.18652 12.62745 11.26996 11.09167 11.9894 11.93429 11.43987 11.1354 11.24144 12.57984 
  5.479864 7.468911 7.624764 7.91203 6.184492 5.874719 5.831389 6.314355 6.215101 7.098329 9.176403 8.747332 7.74103 7.952952 8.068694 8.792261 8.394776 9.147917 9.545143 10.1734 9.913292 10.22036 10.63055 
  4.301853 5.287482 5.923285 6.549065 5.226429 4.306099 4.815526 5.335556 5.140572 6.093835 7.071136 7.639066 8.17343 8.094399 7.942927 8.963137 8.910253 9.103263 9.979533 9.938866 10.29732 10.11813 10.53012 
  3.925719 3.191197 4.808522 6.249877 5.984895 4.857378 4.687711 6.401978 5.959261 5.70539 6.80367 7.212958 7.419421 7.894263 8.312307 8.664104 8.713881 8.522762 8.81415 9.667929 9.665437 10.01589 10.27039 
  3.442117 3.339015 4.172151 5.518529 4.840856 4.569755 4.623803 4.923903 6.036013 6.709486 6.656549 7.487939 6.959224 7.536524 8.026772 8.459896 8.955699 8.879993 9.236755 9.737378 10.1776 10.76848 10.60188 
  4.677988 3.013816 3.17696 4.612132 4.648069 4.569755 4.794224 5.790539 6.325296 6.666281 6.852711 7.387187 7.933208 8.565892 8.312307 8.792261 9.092038 9.136753 9.453769 9.754741 10.05787 9.997304 10.60188 
  4.990333 4.107666 3.717207 3.938436 4.262496 3.730852 5.244144 5.508883 6.579127 6.882305 7.772892 7.639066 7.933208 7.848103 8.267358 8.298407 8.697516 9.284676 9.979533 9.845054 10.49687 10.17389 10.4724 
  6.444093 3.545959 3.859377 5.518529 5.505864 5.35389 6.057252 7.409635 8.905911 9.43139 8.989268 9.150337 9.470633 10.82906 11.00927 9.732077 9.91007 9.759189 9.979533 10.36102 10.61659 10.5138 10.77388 
  13.19573 13.69024 12.43524 12.67764 13.09959 13.16478 13.45627 14.04094 14.62158 15.84286 15.11699 13.93291 12.88179 12.80932 12.80725 12.85056 14.63648 16.50174 16.51532 15.80215 15.33584 14.98878 14.18514 
  13.73612 13.69024 12.2844 13.14814 14.40006 14.30076 14.57011 15.22188 16.10449 17.46346 16.75368 15.1045 13.97314 13.04507 14.02618 13.74765 14.13658 16.018 15.98658 15.83917 15.5621 15.06226 14.39912 
  10.764 11.02396 11.22845 11.10929 10.98633 12.35337 11.22859 12.75264 13.60207 15.13384 15.81843 15.00686 14.70538 14.48491 14.62924 14.10867 14.54559 15.38542 16.4272 17.17171 16.97623 16.09097 16.62296 
  9.548132 9.838943 10.17251 10.32512 11.14889 11.37967 10.75521 11.52788 13.23135 14.82998 15.11699 15.39739 15.43763 14.93825 15.2323 15.30315 15.91422 16.725 16.72094 18.02305 18.72976 18.07489 17.73488 
  6.846206 6.668119 8.211481 9.697776 11.47401 10.89282 9.942101 10.60785 12.02648 14.12097 14.41555 14.03054 13.79008 13.61086 14.37797 14.86003 15.61751 16.12963 16.60344 17.35678 18.27724 18.22185 17.4569 
  6.71111 6.617914 5.95262 8.77635 9.617549 10.56826 9.896928 10.78309 11.61344 11.89406 14.06483 13.28115 12.83375 12.99792 13.84108 14.18573 15.57512 15.57147 15.83971 17.43081 18.05098 17.63402 17.73488 
  6.71111 7.094862 7.595428 8.676621 8.659487 9.119881 9.671064 11.30883 10.97887 12.15329 12.59161 12.52551 12.64157 13.46941 13.79613 14.10867 15.6599 15.53426 15.86908 16.98663 18.16411 18.14837 17.4569 
  5.509533 4.986253 6.598009 8.842836 9.05868 9.921156 11.47611 12.43056 11.44422 11.89406 12.6384 13.07964 13.97314 13.75231 14.2272 14.1472 15.44796 16.018 15.60471 17.20872 17.88128 17.92793 17.73488 
  5.687544 5.488302 6.069963 8.01176 9.218356 9.841028 9.987273 11.5717 11.10578 11.98047 12.59161 13.93291 13.79008 14.03157 14.02618 14.1472 15.19364 15.45984 15.66346 17.31977 17.54189 17.70749 17.73488 
  5.331522 5.16197 6.832696 7.280412 10.49865 9.680773 10.61969 11.5717 10.80964 11.54843 12.82553 13.7849 14.24773 13.70516 13.66128 14.28206 15.06648 15.31099 15.86908 16.80156 17.31563 17.56054 17.27158 
  6.177075 6.391992 6.627345 7.247169 8.978841 9.360264 9.625892 11.00215 10.80964 11.11638 12.82553 13.43227 13.79008 14.12224 13.93098 14.22426 14.89693 15.07374 15.10534 16.39439 17.2025 17.78097 17.36424 
  6.846206 7.145067 6.774024 7.845544 9.577629 9.560581 10.80038 11.30883 10.80964 11.24599 11.60916 12.92852 13.12202 13.42226 13.34664 14.22426 14.72738 14.88393 14.80127 17.17171 17.65502 18.07489 17.17892 
  6.028733 5.538507 7.214062 8.842836 11.14889 9.7609 10.75521 12.00113 11.19039 11.37561 11.79629 13.07964 13.26615 13.46941 13.97593 14.30133 14.63648 14.26706 14.97502 16.09827 16.97623 17.19314 16.43764 
  5.761716 5.814635 7.478085 8.709865 10.09658 9.039753 10.21314 10.91453 10.93656 11.80766 12.54483 12.92852 13.55442 14.39424 13.93098 13.10687 13.773 14.07726 14.80127 15.47381 16.24088 16.67879 15.6037 
  8.062073 8.061419 6.686017 9.474455 10.05666 8.599052 9.716237 10.82691 10.4712 11.3324 11.93664 12.67664 12.68962 12.90362 13.52644 13.44862 14.50014 15.02629 14.45376 15.23927 15.90149 15.79705 15.32572 
  6.177075 6.919144 6.245979 7.646086 8.938921 9.200008 10.98107 11.30883 10.51351 11.15958 11.98343 12.67664 13.02593 13.75231 13.03199 12.63696 13.36399 13.6502 13.19402 14.72331 15.16614 14.91602 13.75515 
  5.687544 4.936048 5.747269 8.643378 10.05666 9.079817 10.30348 10.0383 10.25968 11.24599 12.9191 12.32401 12.64157 13.09222 12.5825 11.56899 12.72774 12.98588 12.67275 14.20734 14.40788 13.3516 11.92052 
  9.548132 11.32021 11.681 11.26612 11.14889 10.24369 9.851755 10.52023 10.30198 11.37561 12.49805 12.82776 12.68962 12.43213 11.23402 11.01364 11.90971 11.75214 12.41212 13.26921 12.93127 12.51481 11.83452 
  8.602458 11.17208 10.77591 9.540941 9.657469 8.478861 10.57452 10.60785 9.540489 11.3324 11.28167 10.71198 10.38348 10.02752 10.02038 9.902952 10.819 10.1388 11.10895 11.90893 11.17531 10.87762 10.71655 
  6.60727 8.209546 8.965725 8.111489 7.821182 8.599052 9.716237 9.205893 8.39825 9.474594 9.784592 9.402216 8.653876 7.767323 8.312307 8.792261 9.410162 9.616835 9.545143 10.31412 10.53677 10.87762 10.80254 
  6.117738 6.793632 6.862032 6.515821 6.8232 7.677587 7.367259 6.708656 7.509841 7.400763 7.679324 7.58869 7.361897 8.000101 8.267358 8.150374 8.615694 9.42703 9.762339 10.1734 10.09778 10.5138 10.85988 
  5.821053 5.689122 7.419413 6.615551 5.70546 6.355484 6.599324 5.617212 7.1714 7.055124 7.398622 7.096806 7.548852 8.235847 8.208434 8.877699 8.582966 8.846503 9.248178 10.1734 9.830674 10.55018 10.77388 
  5.450196 5.36279 5.424575 5.585015 5.306268 4.761504 5.876562 6.533412 5.601084 6.666281 7.398622 7.387187 7.361897 8.377295 8.19446 8.0158 8.533873 8.83534 9.67546 9.798147 9.396927 10.03448 10.52291 
  6.162241 5.36279 5.893949 4.927927 5.226429 5.03338 5.605525 6.182922 6.706042 6.666281 6.607509 7.174241 7.933208 8.047251 8.447155 8.042715 8.623877 9.237225 9.236755 9.641885 10.05787 10.33189 10.36418 
  4.785455 3.516396 4.456491 4.591079 5.033642 4.905315 4.112542 5.443885 6.240685 6.257391 6.852711 7.329111 7.981253 7.952952 7.60755 7.975428 8.754791 9.147917 9.32813 9.89196 10.1776 10.5138 10.35697 
  5.376024 4.132768 4.257453 5.054245 4.562387 4.953253 5.786216 6.139111 6.215101 6.400503 6.999832 7.639066 7.596897 7.825023 8.402205 8.963137 8.861159 9.521933 9.979533 9.693973 10.21751 10.47742 10.91721 
  5.272184 3.812031 4.257453 5.180562 3.855502 4.737535 5.379663 5.162229 4.603306 5.909835 6.632029 7.000012 7.40504 8.047251 8.166512 8.527184 8.812067 9.379579 9.67546 9.985772 10.00624 9.997304 10.71655 
  5.598538 4.484203 4.399623 5.054245 5.097905 5.073444 4.858131 5.357222 5.19174 5.70539 6.019023 6.535401 7.476946 7.294185 7.733316 8.500269 8.803885 8.83534 9.339551 9.845054 10.09778 10.44104 10.49405 
  5.657876 4.810535 4.257453 4.780556 4.626648 3.802758 5.198972 6.314355 5.601084 5.807613 6.75463 6.516043 7.644941 7.905803 8.267358 8.664104 9.455608 9.147917 9.191069 9.89196 9.871984 10.07166 10.57322 
  4.677988 4.132768 4.314322 4.633185 4.798015 4.401974 4.645106 5.465551 6.189517 6.277836 7.024353 7.34847 6.987986 8.094399 8.537054 8.664104 9.228376 9.759189 9.293864 9.89196 10.09778 9.913656 10.42912 
  4.40932 3.427705 4.285887 4.654238 5.119326 4.761504 4.666409 5.20556 6.240685 5.357834 6.681069 7.790193 8.125386 7.882723 8.222408 8.325321 8.681152 9.147917 9.588582 9.89196 10.41705 10.19248 10.40026 
  5.04967 4.685023 4.544499 5.4188 5.226429 5.393954 5.049854 5.812205 5.984845 6.604947 7.11792 7.639066 7.885164 8.613042 8.402205 9.048574 9.410162 9.521933 10.24017 9.798147 10.05787 9.867186 10.1261 
  5.939727 3.161633 2.636714 4.233178 5.346187 3.898633 4.538593 6.007678 6.28299 6.625392 6.75463 6.612836 6.628457 8.235847 8.152538 8.271492 8.443869 9.42703 9.849216 9.938866 10.29732 10.44104 10.51569 
  5.405693 3.486832 3.887811 4.591079 5.226429 4.953253 5.244144 6.314355 6.452211 6.134725 6.77915 6.748348 7.117416 8.000101 8.110616 8.621386 9.18293 9.147917 9.385239 9.798147 9.995911 10.55018 10.65921 
  5.598538 2.954689 3.575037 4.31739 5.205009 4.761504 5.650698 5.790539 6.215101 6.564058 7.164704 6.825783 8.077342 7.952952 8.12459 8.594471 8.910253 9.474482 9.39666 9.845054 9.995911 10.07166 11.0892 
  5.346356 2.836435 4.058415 5.054245 4.819435 4.258162 5.244144 4.923903 6.28299 6.645836 6.460387 7.487939 7.031129 8.000101 8.222408 9.134012 8.910253 9.332128 9.588582 9.763422 9.665437 10.65933 10.71655 
  4.060052 2.984252 3.489735 4.759503 4.626648 5.03338 5.786216 5.57388 5.549916 6.75269 7.164704 7.367829 7.40504 7.952952 8.402205 8.877699 9.228376 9.284676 9.588582 9.581117 9.717073 10.20177 10.53734 
  3.764518 2.215601 3.631905 4.548973 4.66949 4.929284 5.156367 5.898869 5.933677 6.645836 6.877231 6.825783 7.059892 7.444204 7.873057 8.432981 9.455608 9.379579 9.362394 9.798147 9.841002 10.914 10.71655 
  4.651121 2.659054 4.172151 4.906874 4.690911 4.11435 5.605525 5.118896 6.13835 6.709486 6.705589 7.251676 7.261229 7.582684 7.901005 8.749542 9.001145 8.656724 9.545143 9.711335 10.09778 10.08095 10.68788 
  5.064505 3.072943 3.688773 5.518529 4.562387 4.545786 5.135064 4.57725 6.748348 6.795895 7.024353 7.387187 7.491327 7.894263 8.626953 8.877699 9.001145 8.913484 9.533721 9.346723 10.00624 10.18319 10.80254 
  5.583704 2.747745 3.830943 5.096351 5.505864 5.514145 4.410778 5.097231 5.44758 6.11428 7.398622 7.58869 7.433803 7.836563 8.082668 8.621386 8.460234 8.768358 8.928368 9.242548 10.05787 10.33189 10.35697 
  5.198013 2.836435 3.518169 4.401602 5.266348 4.521817 5.135064 5.703876 6.367601 6.75269 6.681069 6.961294 7.088655 8.518743 8.447155 8.244576 8.689334 9.806641 9.805778 9.667929 10.09778 10.47742 10.68788 
  4.597387 3.102507 4.314322 5.075298 5.097905 5.03338 4.985947 4.967236 4.628891 6.277836 6.582988 6.70963 6.714744 7.663464 8.402205 8.621386 9.046592 9.42703 9.632021 9.845054 9.882311 10.62295 10.38583 
  3.092849 3.605086 4.058415 4.506867 4.498124 4.881347 4.751618 5.595546 5.498748 6.461836 6.386827 7.387187 7.692986 7.536524 8.402205 8.406066 9.046592 9.237225 9.762339 9.938866 9.758383 10.58657 10.45076 ]
