 [
  8.82041 8.528465 6.88414 7.042261 6.585123 5.387069 6.160948 6.760387 6.565845 6.838872 7.877386 7.708865 7.563094 7.592252 8.454781 8.961191 9.139834 9.557199 9.365849 9.734222 9.930055 10.18822 10.61441 
  9.508185 10.00668 6.88414 6.634191 6.11352 6.213703 6.747865 6.512358 6.381891 5.952367 6.721513 7.55336 7.505023 8.005843 8.353282 8.419126 8.672585 8.778939 9.500377 9.941615 10.73514 10.5061 11.10205 
  9.508185 9.363978 6.042133 6.430156 5.739604 6.213703 5.802377 5.385563 6.381891 6.147281 6.814529 7.645477 8.197528 8.018376 7.947287 8.611362 9.363822 9.865987 9.507457 10.0648 10.21906 10.49097 10.9489 
  9.508185 9.235438 7.016663 6.118986 6.652495 6.408175 5.479172 6.326335 6.688589 6.407165 6.575344 8.089197 7.955078 7.918111 8.150285 8.11704 9.139834 9.522888 9.592422 10.25334 10.36853 10.54654 10.9489 
  10.07091 9.492519 7.745544 7.518342 6.315636 5.592064 6.552226 6.326335 6.259255 6.498124 7.877386 7.835643 8.01569 7.930645 8.599779 8.432857 9.406672 9.454268 9.57826 10.01766 10.40926 10.54654 11.04079 
  9.758286 8.978357 7.082925 6.194049 6.652495 5.182073 6.030522 6.45035 6.565845 6.906741 6.867682 7.835643 8.258141 8.505022 8.251783 9.247647 9.792328 9.32495 9.486216 9.754962 10.5722 10.82958 10.91828 
  9.82081 7.847354 7.215449 6.362144 6.383008 5.633064 5.783365 4.910555 6.259255 7.246088 7.443436 7.007521 8.197528 7.980777 8.653621 9.008934 9.013288 9.763058 9.408332 9.976181 10.61293 10.99131 10.76121 
  9.883336 9.299708 6.716142 5.618568 5.943966 6.537824 5.707317 6.145576 6.565845 7.04248 7.66041 7.645477 7.548576 8.446026 8.761305 8.556437 9.27812 9.522888 9.273805 9.706571 9.964054 10.5061 10.85702 
  8.507784 8.978357 8.209378 6.219069 5.560786 5.30507 5.270039 5.931822 6.259255 6.030333 6.894258 6.9357 7.737309 8.256504 8.135785 8.762405 8.701788 9.865987 9.731619 9.983094 10.24456 10.30175 10.59714 
  8.632834 8.528465 7.679283 5.568527 5.48415 5.633064 5.935462 5.148059 4.97158 6.017338 7.173308 7.645477 8.258141 8.682011 9.030515 8.961191 9.061959 9.195632 9.811764 10.20621 10.27856 10.42285 10.54532 
  10.50859 9.299708 7.679283 6.498167 5.739604 6.278527 5.555221 5.884322 6.688589 6.056321 6.615208 7.079342 7.737309 8.38703 8.815146 8.556437 9.023022 9.066314 9.691546 9.941615 9.743053 10.24877 10.78712 
  8.445259 7.991258 7.414235 6.144007 5.254242 5.079575 6.226161 6.69838 6.044642 6.355188 7.040427 7.510267 7.911524 8.564018 9.353566 9.343133 8.935412 8.908257 9.238403 9.810266 9.972554 10.95088 11.10205 
  9.508185 8.528465 6.219503 6.294132 5.765149 6.084054 6.356587 5.955573 6.167278 7.856911 7.51576 7.050613 7.025932 7.679983 8.222784 8.961191 9.192419 9.454268 9.684466 9.872484 10.40926 11.07218 11.40835 
  10.00839 8.785546 5.793814 5.418401 5.765149 5.981556 5.289051 6.098075 6.443209 6.446147 6.508903 7.237348 7.926042 7.466921 8.280783 8.734943 8.984084 8.965733 10.17241 9.893224 10.28706 10.25634 10.7094 
  6.70048 6.192457 4.481271 5.468443 5.995057 5.674063 6.030522 5.979323 5.891348 6.511118 6.376022 7.136798 8.197528 7.842913 7.816789 8.034653 8.984084 9.008839 9.656145 9.761875 10.10005 10.34716 10.91828 
  7.572869 5.472938 4.977909 5.443422 6.020602 5.858559 5.91645 5.931822 6.811333 7.246088 6.973987 7.835643 7.955078 8.055975 8.019786 8.638824 8.526569 9.138157 9.5641 9.782615 10.36853 10.95088 10.82639 
  6.303939 4.537561 5.580969 6.294132 6.046148 6.861944 6.095736 6.326335 6.41255 6.97461 6.429174 7.136798 8.318753 8.446026 8.266283 8.336739 8.769928 9.488579 9.93198 10.20621 9.896054 10.42285 11.04079 
  5.193625 4.249753 5.048857 5.068109 5.586331 5.899558 5.764353 5.931822 6.197937 6.602078 7.443436 7.20862 7.563094 7.99331 8.251783 8.666287 8.945147 9.591508 9.731619 9.990006 10.36853 10.40014 10.24307 
  4.797084 4.969274 5.439073 6.169028 6.517751 6.537824 7.008717 6.69838 6.688589 6.771003 7.000563 7.582088 7.955078 8.976992 8.707463 8.405395 9.449523 9.008839 10.0522 9.969268 10.53146 10.54654 10.78712 
  3.369537 3.746089 5.403599 5.568527 5.739604 6.148879 5.992498 6.884402 6.99545 6.838872 7.298786 7.538995 7.258218 8.030909 8.653621 8.474051 9.013288 9.763058 10.21249 10.01766 10.49073 10.21093 10.85702 
  3.607462 3.602185 5.297176 5.293297 5.560786 5.756061 5.726329 4.744302 6.565845 7.178218 7.80506 7.151163 7.446951 8.143706 7.671791 8.734943 9.406672 9.195632 10.21249 10.25334 10.53146 10.36987 10.48487 
  4.638468 4.033897 5.403599 6.043923 6.315636 5.715062 4.889798 6.45035 6.351232 6.407165 6.920834 7.366625 7.272736 8.623014 8.761305 9.104419 9.535224 9.522888 9.771691 10.34762 10.22756 10.02171 10.53669 
  6.70048 8.785546 10.19724 9.218635 8.538909 11.01069 11.9649 11.34893 12.15071 11.92907 11.05969 9.927467 12.74347 13.63769 11.93798 13.7832 14.16309 12.43923 11.17422 11.856 11.71277 10.66784 11.31646 
  7.572869 8.592735 10.66107 9.558693 7.797818 10.68657 11.37799 10.72886 11.7211 11.1825 10.84271 10.18102 12.07673 13.04773 11.50724 13.35352 13.69174 12.19906 12.73704 14.25997 15.13448 15.27732 14.91639 
  8.128027 8.978357 9.335831 9.082611 8.202049 9.454911 10.72586 12.21704 13.25541 14.84744 16.48406 17.65907 16.9893 15.64356 15.06081 14.4516 14.16309 13.84593 13.49841 14.25997 14.60493 14.83254 14.98307 
  7.493561 8.135161 8.673212 7.654366 6.517751 8.028779 8.899894 10.35682 11.78248 13.28645 15.10989 16.63071 15.88359 13.99167 13.44555 12.73286 12.44907 12.16475 11.69516 12.3745 12.36452 12.72997 13.24612 
  6.145323 6.408314 7.149187 7.586354 6.921983 6.537824 6.095736 6.69838 6.99545 7.246088 8.239011 9.230193 9.046103 8.917995 10.26888 10.77541 10.77789 11.23838 10.57314 10.53616 11.18322 11.47652 11.89842 
  5.193625 6.26441 7.811807 7.314307 6.787239 5.756061 6.095736 6.512358 6.749961 6.654055 7.22646 7.899031 8.318753 8.328033 9.299725 10.01153 10.04943 10.41495 10.37278 10.11193 10.81661 11.55739 11.5615 
  5.590166 6.048553 6.716142 6.498167 5.918421 5.387069 5.022882 5.623067 7.056822 7.517565 7.66041 8.089197 8.197528 9.035988 8.367782 8.748674 9.706627 9.934607 9.670305 10.25334 10.02355 11.07218 11.16331 
  5.748782 6.26441 6.3614 6.043923 6.450379 6.148879 6.356587 6.636373 7.118194 7.653303 8.022036 7.495903 7.897006 8.446026 8.815146 8.789867 9.749477 9.488579 9.408332 10.11193 10.12556 10.54654 10.91828 
  10.82121 12.19187 13.31155 13.77542 13.65917 13.21471 12.68225 12.34105 13.13266 13.28645 13.59106 14.36467 14.13756 14.40464 14.63007 14.73806 15.18396 15.29275 15.12975 14.96703 14.48273 13.94299 14.22627 
  11.38394 12.64176 14.37174 14.59156 14.53501 14.38155 14.37778 14.20127 14.17599 14.30449 14.60361 14.80839 14.62246 14.81761 15.38386 15.36357 15.78843 16.0885 15.87124 15.53267 15.13448 14.50907 14.68571 
  9.758286 11.29209 12.91397 13.02729 12.91808 12.95542 13.07352 12.89912 12.70306 13.08284 13.51874 13.47723 13.65266 13.93267 14.30702 14.21289 14.74435 15.22041 15.56229 15.67408 15.50109 15.19645 15.71657 
  7.414253 7.775401 8.673212 10.10279 9.953719 10.36245 9.878089 10.29481 12.64169 12.60776 12.14456 12.90673 12.92531 13.87368 14.41471 14.69031 15.12901 14.497 15.87124 16.37894 15.50109 15.68166 16.51676 
  8.57031 9.235438 10.59481 10.7829 11.36853 11.65893 11.76927 12.09302 12.8258 13.08284 12.86781 13.47723 13.77388 13.93267 13.82244 14.54708 16.72261 16.16084 15.80945 16.85238 16.61547 15.90848 16.98353 
  10.88374 12.06333 13.17902 13.63939 13.99603 14.18707 14.45193 14.31427 15.27124 15.45827 14.96523 16.16327 15.79854 15.76155 15.67824 16.1095 18.09639 16.88425 16.67452 16.59745 16.69802 17.17873 17.58367 
  8.207335 9.042627 9.932188 10.03477 9.616859 9.649384 9.421597 10.41882 11.41424 11.65759 12.07224 14.11112 12.68286 12.92974 12.4764 13.449 15.34882 14.71402 16.30377 16.00404 16.24401 16.99726 17.51699 
  9.57071 10.3923 12.38388 12.95928 13.1202 13.40919 13.26916 13.08514 14.29873 14.5081 13.88036 14.68162 14.50123 14.69962 14.63007 14.7858 15.01911 15.87148 16.85989 17.43507 17.15203 17.17873 17.05022 
  8.507784 9.556789 11.72126 11.66706 11.90751 11.98305 12.09533 11.907 13.25541 13.42219 13.30176 14.2379 14.44062 14.28665 14.09165 14.4516 15.07406 15.79914 17.16884 17.76284 17.1933 17.45092 17.65035 
  9.007985 8.914086 10.85986 11.80308 11.63802 12.04788 11.83448 12.27905 13.37815 14.03301 13.22943 15.3155 15.88359 15.34858 15.16849 15.22795 15.95329 16.4502 17.53958 17.58075 17.8124 17.72311 17.58367 
  11.38394 12.25614 12.58267 12.75524 13.79392 14.38155 13.66044 14.20127 15.51403 15.56739 14.74826 16.25676 17.24446 16.61039 15.49154 15.56701 16.88746 18.40341 18.7136 17.36224 18.10131 17.81385 17.8504 
  14.00999 13.92717 12.64893 14.99963 15.49136 14.7162 14.67437 14.31427 15.14985 15.25466 14.74826 18.50045 18.18006 16.25137 15.49154 15.63482 17.27212 17.96936 17.47779 17.25298 17.93622 18.5397 18.91732 
  17.74716 16.59591 15.77475 15.33503 14.91623 15.05085 14.05172 13.89124 14.42148 14.37236 16.12244 18.68743 17.83985 16.61039 15.95829 16.44857 16.6127 16.30552 15.56229 16.12401 16.53292 17.67775 17.91708 
  17.74716 18.16379 17.39956 15.44683 15.49136 15.25164 14.82266 15.89625 15.14985 16.113 17.59224 18.21999 17.15941 17.68744 16.42504 16.04169 16.5028 16.16084 15.43871 16.34252 16.82184 17.63238 17.58367 
  16.44847 17.67721 17.76064 17.01202 15.65568 15.65322 16.009 17.47824 16.72798 17.53159 18.33102 16.06978 15.59226 15.82055 15.16849 15.09232 14.63445 14.20764 14.01935 14.87275 16.03765 17.17873 16.91685 
  16.68223 18.65038 19.02438 18.68902 16.80593 16.65717 17.34362 18.60822 17.82053 18.51369 17.68459 15.69584 15.41042 15.96416 14.73776 13.30578 13.60604 13.57146 13.05762 13.6472 14.07538 15.11558 14.4713 
  16.60431 19.02883 19.92706 19.91882 17.79186 17.52727 18.23337 19.62521 18.91309 19.82315 18.05398 13.98434 13.95572 16.17957 15.67824 14.02192 12.27767 11.34131 11.97567 13.74147 12.97554 13.94299 13.98123 
  17.12379 19.35322 20.3784 20.47782 18.28483 17.99578 18.82654 20.4162 19.88424 20.25964 17.96163 14.68162 14.07695 16.25137 16.42504 14.54708 12.23481 11.27269 12.61682 14.73134 13.79024 13.45779 12.84794 
  17.85105 19.62355 20.55893 20.92502 18.77779 18.33043 19.04898 20.98119 20.73401 20.80525 18.79277 15.06195 14.13756 16.25137 16.61174 14.73806 11.76346 10.89528 12.89733 15.4384 14.27905 13.61952 12.81731 
  18.05884 19.73168 20.73947 21.26042 19.27076 18.53122 19.04898 21.32019 21.46238 21.35086 19.90094 15.9763 15.16797 16.8258 17.35854 15.09232 11.67776 11.27269 13.69878 16.05117 14.8086 14.0643 13.18486 
  18.0069 19.78574 20.92 21.59582 19.51724 18.53122 18.82654 20.86819 21.82656 22.00559 21.00912 17.09814 15.88359 17.32842 18.10533 15.70263 12.44907 11.92458 14.62044 17.25298 15.74873 15.51992 13.49116 
  18.03287 19.83981 20.92 21.93122 19.76372 18.59815 18.67825 19.9642 22.06935 22.00559 21.74791 18.59394 16.64908 17.90285 18.94548 16.58419 13.30608 12.3363 15.00617 16.96164 15.99637 16.63434 14.71634 
  18.05884 19.78574 20.92 22.04302 19.84588 18.59815 18.52995 19.51221 22.06935 22.22384 22.302 20.08974 17.32952 18.40547 19.59892 17.46575 14.20594 12.95388 15.19154 17.2894 15.62491 16.9519 15.64989 
  18.08482 19.83981 20.92 22.04302 19.84588 18.53122 18.38166 18.94722 21.70517 22.22384 22.02495 21.21159 18.35017 18.9799 20.34572 18.14387 14.74435 13.7087 14.70058 16.96164 15.79001 17.76848 16.38339 
  18.08482 19.83981 20.92 22.04302 19.68156 18.39736 18.15923 18.60822 21.21959 22.33296 21.65556 21.58554 19.28577 19.41072 20.90582 18.41512 14.7993 13.7087 14.88259 16.99805 15.54237 17.49629 15.9833 
  18.05884 19.83981 20.92 21.81942 19.35292 18.19657 17.86264 18.26922 20.61261 22.22384 21.19382 21.39856 20.13632 19.62613 21.18587 18.61855 15.01911 13.99062 14.8208 16.59745 14.76787 15.72702 14.8497 
  18.03287 19.78574 20.82973 21.70762 19.27076 17.86192 17.64021 18.04323 20.00564 21.89647 20.91677 21.1181 20.64664 19.76974 21.27921 19.16105 15.29387 14.20764 15.74766 17.47149 15.46036 16.13531 14.34879 
  17.98092 19.67761 20.82973 21.48402 19.02427 17.46033 17.26948 17.70423 19.52006 21.45998 20.73208 20.83764 20.98686 20.05695 21.37256 19.29667 15.62358 15.58212 16.36556 17.8721 16.90438 17.49629 14.8497 
  17.92898 19.62355 20.73947 21.14862 18.69563 17.19262 17.04704 17.36524 19.03448 21.24174 20.82443 20.46369 21.07191 20.05695 21.18587 18.95761 15.40377 15.79914 16.1184 17.76284 16.86311 17.36019 14.65508 
  17.903 19.51542 20.6492 20.81322 18.53131 17.05875 16.8246 17.13924 18.6703 21.13262 20.73208 19.90276 20.90181 20.27236 21.09252 19.09324 15.40377 15.94382 16.61273 17.98135 16.65675 17.04263 14.8497 
  17.85105 19.40729 20.55893 20.58962 18.28483 16.85796 16.60216 16.91324 18.30611 21.02349 20.73208 19.6223 20.64664 20.34417 21.18587 19.29667 15.51367 16.23318 16.85989 18.34554 16.61547 16.22605 14.04249 
  17.79911 19.24509 20.46866 20.25422 17.95618 16.59024 16.30558 16.57425 17.94193 20.58701 20.54738 19.43533 20.39148 19.98515 21.18587 19.09324 15.29387 16.16084 16.7981 18.2727 16.49165 15.99922 15.04975 
  17.74716 19.0829 20.28813 19.80702 17.79186 16.32252 15.8607 16.12225 17.45635 20.15052 20.17799 18.96789 19.96621 19.62613 20.71912 18.82199 14.6894 15.43743 15.93303 17.18015 15.01228 14.87298 14.37942 
  17.61729 18.9207 20.10759 19.47162 17.38106 15.85401 15.41583 15.67026 16.97077 19.27754 19.71625 18.40697 19.37083 18.9081 19.97232 18.00824 14.3345 15.14807 15.43871 17.03447 16.12019 16.13531 15.64989 
  17.56534 18.65038 19.47572 18.80082 16.80593 15.72015 15.34168 15.21826 15.87822 18.62281 19.6239 17.37861 17.66974 17.32842 17.82528 16.38075 14.16309 14.497 14.62044 16.16043 16.24401 15.99922 15.71657 
  17.25366 18.16379 18.75358 18.13002 16.23081 15.65322 14.67437 13.5812 13.9305 17.64071 19.06981 16.63071 17.24446 15.96416 17.45189 16.24513 13.34893 12.91957 13.69878 15.48553 15.74873 15.68166 15.84994 
  17.01989 17.35282 16.94823 15.89403 14.66975 13.60366 12.74746 11.72098 12.45757 15.18679 16.7611 14.99856 16.39392 14.93561 16.05164 15.02451 12.74902 12.91957 13.09769 14.35425 14.52346 14.1856 14.31816 
  16.52639 16.43371 15.23314 13.02729 12.98546 12.95542 12.22576 11.34893 11.41424 15.56739 17.1305 14.36467 15.71349 14.81761 15.06081 14.59483 13.30608 12.6794 12.73704 13.50578 14.36052 14.0643 14.44067 
  15.69817 15.21258 13.77538 12.34717 12.78334 13.14989 11.11714 10.85287 11.16876 13.15071 14.67594 14.55484 15.71349 14.87661 14.84544 14.49934 13.94884 12.81664 11.89552 12.70446 12.48673 12.48737 13.36864 
  14.57272 13.28447 11.52247 11.327 10.56007 11.91823 10.98671 10.04678 10.86189 12.20054 14.24199 14.42806 15.71349 14.81761 14.63007 14.4516 14.63445 13.33129 10.57314 11.29035 11.46836 11.55739 11.28583 
  12.88454 12.44895 12.45014 11.87109 10.15584 11.20516 11.18235 10.91488 10.73915 12.53989 14.60361 14.68162 14.62246 13.28371 13.71476 13.59223 13.30608 12.50785 10.45292 10.77185 11.22395 10.91044 11.01016 
  11.38394 11.74198 11.25743 10.51086 10.82955 11.01069 10.9215 9.860757 10.86189 11.79333 13.51874 14.04773 14.25878 12.87074 12.90713 12.58963 11.1207 10.68942 10.09227 10.5833 10.77587 10.4834 11.71464 
  11.25889 11.80625 10.59481 10.91893 10.29058 11.33481 10.66064 9.984772 10.37092 12.20054 13.73571 14.55484 14.44062 11.9268 11.4534 11.34833 10.39224 10.2434 9.972053 10.72471 10.93881 10.4834 10.79576 
  9.82081 11.61344 10.52855 8.878576 10.76218 12.1127 10.72586 10.04678 10.06406 12.87924 13.59106 13.03351 12.62224 10.74688 11.02267 10.91864 10.13513 10.2434 9.771691 10.72471 10.65367 10.66784 10.64032 
  10.13344 9.81387 9.468355 9.286646 9.953719 11.78858 11.76927 9.55072 10.49366 11.45398 12.21689 11.82913 11.59183 10.15692 9.407408 10.39347 9.535224 9.488579 9.891908 10.0648 10.61293 10.16551 10.57123 
  10.25849 10.07095 9.99845 8.810564 9.751603 10.36245 10.46501 9.426704 10.12543 11.99693 12.21689 10.68813 10.98571 9.15398 9.568933 10.2025 9.749477 9.797367 9.891908 9.575222 10.27006 10.18065 10.82639 
  8.882935 8.271383 8.805736 8.742553 9.010512 10.88104 10.39979 8.868638 10.30955 12.7435 11.49364 9.610525 9.773455 9.094984 9.568933 10.15476 9.492373 9.694438 9.811764 9.63744 10.49073 10.58697 11.10205 
  9.258085 10.07095 9.335831 8.606529 9.886347 10.29762 10.33458 8.806631 10.80052 12.26841 10.77039 9.35697 9.712842 9.507957 9.084356 10.15476 9.620926 9.522888 9.670305 10.0648 10.24456 10.78914 10.64895 
  9.758286 10.13522 8.871998 8.402494 8.202049 9.260439 9.225959 8.434587 10.06406 11.1825 9.034586 8.596306 9.106716 9.094984 8.280783 8.652555 9.27812 9.037577 9.344608 9.858658 10.18506 10.74871 10.82639 
  9.633236 9.556789 7.613021 8.130447 7.999933 8.806669 8.508615 8.806631 10.24817 10.43594 8.889935 8.40614 8.682428 9.212976 9.030515 9.104419 9.406672 9.557199 9.634904 10.20621 10.01505 10.5061 10.73531 
  8.445259 8.978357 8.010592 7.722378 8.067306 8.482549 8.639042 8.992653 8.652497 7.381826 7.80506 7.567724 7.882488 9.094984 8.815146 9.056677 9.071693 9.382425 9.656145 10.11193 10.28706 10.82958 11.04079 
  9.133035 8.207113 7.347973 6.634191 6.315636 6.408175 7.204356 7.380461 6.627217 7.313957 6.655072 7.582088 8.258141 8.446026 8.46928 9.486361 9.149569 9.625818 9.771691 10.25334 10.16806 10.47583 10.75258 
  9.133035 9.299708 8.341902 6.634191 5.637422 6.667472 6.747865 6.326335 6.99545 7.110349 7.732736 7.899031 7.766345 7.99331 9.19204 9.29539 9.406672 9.797367 9.811764 10.30048 10.73514 10.78914 10.51941 
  9.19556 9.235438 7.613021 6.068944 5.024334 6.343351 6.291374 6.145576 5.707394 6.056321 6.694936 7.481539 8.197528 8.018376 8.57078 8.501513 8.721256 9.660128 9.891908 10.25334 9.785554 10.95088 11.37772 
  8.757885 7.271738 6.396874 4.692796 6.11352 6.602648 6.226161 5.290562 5.676735 7.178218 7.588086 7.96242 8.01569 8.231438 8.338782 9.008934 9.091163 9.181263 9.238403 10.25334 10.32779 10.21849 10.97953 
  9.07051 7.487594 6.751616 6.566179 6.046148 5.735561 5.859414 6.326335 6.320573 6.290217 7.093579 7.28044 7.31629 8.269037 8.815146 8.961191 9.663776 9.439899 9.691546 10.0648 10.28706 10.66784 10.82639 
  10.25849 9.042627 7.878068 7.314307 6.921983 6.213703 5.688305 6.264328 5.891348 6.329199 6.38931 7.582088 7.955078 8.505022 8.761305 8.961191 9.120365 9.454268 9.972053 9.775702 10.10855 10.34716 10.44169 
  9.758286 8.785546 7.679283 7.110272 6.180892 6.667472 5.992498 6.326335 6.99545 6.472136 7.16002 7.772254 7.621166 8.38703 9.084356 9.104419 9.406672 9.382425 9.731619 9.90705 10.32779 10.5061 10.57123 
  10.00839 8.464194 6.503297 7.042261 5.586331 5.448567 6.356587 6.946409 6.565845 6.706032 6.934122 7.582088 7.214664 8.623014 8.653621 8.831061 9.149569 9.339319 9.663225 9.955441 10.45 10.62741 11.04079 
  9.258085 8.464194 5.93571 6.702202 5.586331 5.284571 5.688305 6.026824 5.52344 6.838872 6.973987 7.309169 8.076303 8.800003 8.483781 8.913448 9.192419 9.591508 9.436653 9.941615 10.17656 10.44555 10.64895 
  7.731486 8.335654 6.645193 6.430156 6.315636 5.284571 4.813749 6.003074 6.872705 6.407165 6.814529 6.662781 7.897006 8.328033 8.761305 8.309277 8.954882 8.922626 9.93198 10.15907 10.28706 10.27904 10.66622 
  9.508185 8.785546 6.88414 5.993882 4.615608 5.264071 5.155967 5.575566 6.197937 6.693038 7.443436 7.409718 7.853452 8.018376 9.030515 8.487782 8.643382 9.281844 9.851835 10.15907 10.32779 10.74871 10.79576 
  8.757885 6.624169 6.042133 5.893798 5.841785 6.002056 6.095736 5.575566 6.504527 6.563095 7.22646 7.835643 7.650202 8.206372 8.976672 9.104419 8.59471 9.368056 9.549939 10.0648 10.73514 10.95088 10.79576 
  7.176329 6.048553 6.574245 6.566179 5.790694 5.715062 6.095736 6.169326 6.934077 6.97461 7.66041 7.772254 8.136915 7.817847 8.411282 9.056677 9.23527 9.694438 9.891908 9.768788 10.26156 10.62741 10.74394 
  7.414253 5.90465 5.651917 6.144007 6.11352 6.084054 5.441148 5.741819 6.565845 5.939373 6.615208 7.352261 7.345325 8.093575 8.585279 9.104419 8.59471 9.368056 10.13234 10.11193 9.989554 10.23363 10.55396 
  7.652178 6.768074 5.403599 5.718652 5.969512 6.343351 5.650281 6.145576 6.381891 6.667049 7.37111 7.151163 7.548576 8.118641 8.52728 8.961191 9.110631 9.037577 9.493297 10.63044 10.27006 10.36987 10.63168 
  7.176329 6.696121 4.836012 5.318318 5.381968 4.772081 5.270039 5.433064 4.603672 6.316205 7.298786 7.151163 7.359844 8.030909 8.396782 8.501513 8.565507 8.534672 10.01213 9.879397 9.904554 10.45312 10.78712 
  7.731486 6.552217 5.580969 4.993046 4.411245 4.977077 5.155967 5.836821 6.10596 6.838872 6.442462 7.337897 7.955078 7.880512 7.72979 8.858523 9.620926 9.382425 9.627823 9.789528 10.28706 10.58697 10.85702 ]
