 [
  5.872264 7.440503 7.302275 7.843384 6.714466 6.261453 5.934949 7.434197 7.370079 7.110539 7.694659 8.21249 7.664573 8.91296 9.283455 8.961523 9.421216 9.46373 9.820058 9.716079 10.20325 10.47561 11.25315 
  6.778255 7.974092 7.49316 7.720667 7.894641 6.7985 5.934949 6.597882 7.030079 7.448707 7.629392 7.648848 7.797131 8.441719 8.771507 8.986525 9.100574 9.699121 9.776038 9.816035 9.856966 10.34455 10.79992 
  5.672502 6.469064 8.079048 7.966101 5.931071 6.570862 6.505454 7.071884 7.302079 7.292428 7.150518 7.347217 7.885503 7.992294 8.632467 9.290604 9.326921 9.018614 9.820058 10.26486 10.5143 10.56377 11.35386 
  5.792359 5.86152 8.268786 7.444798 6.56758 6.261453 6.541111 6.597882 6.26614 7.214476 7.564124 8.099762 7.782402 8.142102 8.502969 8.761512 8.781025 9.288026 9.322659 9.723767 10.1263 10.45923 10.50175 
  6.032073 6.188659 6.347846 6.957827 5.90659 5.526607 6.790707 6.926958 7.030079 7.292428 7.825193 7.452132 7.325813 7.692678 8.179222 8.986525 9.389784 9.699121 9.996135 9.977504 10.60024 10.36913 11.25315 
  5.47274 5.300709 5.393417 6.044756 5.90659 5.526607 5.82798 6.020502 6.962079 6.61684 6.918293 6.809526 8.194804 8.25862 8.39197 9.22303 9.326921 9.566644 10.17221 10.26486 10.25134 10.62253 10.85028 
  5.15312 5.814785 5.48886 6.288242 5.808666 5.062493 5.364445 5.988426 6.507042 6.227077 7.017818 6.980013 7.708758 7.925713 8.327221 8.211481 9.073945 9.206032 9.776038 9.562299 10.29944 10.47561 10.68025 
  5.952168 6.282127 6.681896 5.983885 5.759704 5.023817 4.829597 5.026126 6.881779 6.92865 6.901705 7.648848 7.723487 7.692678 8.299471 8.473996 9.421216 9.566644 9.594687 10.0467 10.29944 10.18072 10.951 
  3.754786 5.113772 5.15481 5.740399 5.759704 5.449255 5.221818 6.341269 6.373208 5.655425 6.437254 7.761576 8.440247 8.624818 8.706467 8.886518 8.674509 9.884591 10.21623 10.26486 10.47133 10.65192 10.85028 
  4.753596 5.768051 5.15481 5.770835 5.857628 4.714408 5.578384 5.058202 5.4096 6.382982 6.851943 7.761576 8.194804 8.391783 8.41972 9.054098 8.900856 9.752113 10.08417 9.577677 10.29944 10.505 10.73274 
  4.15431 5.440912 5.632025 6.288242 5.759704 4.250295 4.651314 6.116732 6.212606 6.824713 6.769005 7.084929 8.209534 8.358492 8.521468 8.473996 8.727767 9.646131 9.864077 9.892925 10.42836 10.59315 10.73274 
  4.274167 4.739899 5.297975 5.588221 5.147677 4.79176 5.007879 4.961972 5.248999 6.850698 7.034406 7.26853 7.664573 8.358492 8.911129 8.936522 8.980743 8.878052 9.952115 10.26486 10.26096 11.00453 10.61725 
  5.113168 4.41276 5.393417 6.531727 6.845597 5.913368 6.148889 6.212962 5.918171 6.590856 7.250044 7.281645 8.032789 8.108811 8.911129 8.849017 9.073945 8.737489 9.585619 9.808346 9.953156 10.74007 11.00135 
  5.113168 4.693165 5.393417 5.588221 6.004515 5.681311 6.184546 5.828042 5.864637 6.538887 7.133931 7.761576 7.708758 8.325201 8.95767 8.986525 9.484079 9.672626 9.513079 10.21032 10.2802 10.34455 10.70124 
  4.753596 3.992152 5.250253 5.557785 6.12692 5.681311 6.113232 6.405422 6.18584 6.019204 7.034406 8.156126 8.311398 8.108811 8.864588 8.774013 9.286977 9.229459 9.522146 10.10124 10.20325 10.85761 10.85028 
  5.113168 7.135594 8.458525 7.782026 8.353598 9.569994 9.890932 8.666062 11.17808 11.48784 9.913748 11.08707 10.50183 10.30778 9.190373 11.08129 11.46429 10.38801 10.08417 10.64663 10.34241 10.44285 10.85028 
  6.544998 7.288048 8.964494 7.597951 8.025772 9.351192 9.698046 8.810987 11.38208 11.29239 9.652678 10.80525 10.15824 10.03657 8.911129 10.54071 10.89851 10.09656 10.12819 10.10124 10.5143 10.505 10.90064 
  5.912216 5.253975 5.202531 5.588221 5.735223 5.526607 5.150506 4.801589 6.507042 7.318413 7.349569 7.386559 8.397297 8.75798 8.818048 8.886518 9.034001 9.440303 9.585619 9.946748 10.42836 10.82822 11.07689 
  5.512692 4.272557 5.107089 5.831707 5.808666 5.681311 5.649697 6.180885 6.801478 7.318413 6.702655 7.761576 8.440247 8.241975 8.37347 8.961523 9.047316 9.672626 9.776038 9.892925 10.42836 10.74007 10.90064 
  4.473929 4.552962 5.870632 5.953449 6.543098 6.106748 5.756667 6.597882 6.774711 7.188492 7.183693 7.412788 7.325813 8.142102 8.41047 8.849017 9.326921 9.46373 9.69443 10.10124 10.27058 10.46742 10.97618 
  7.866789 8.812591 9.470463 9.254626 10.51725 11.75802 12.33417 12.36166 12.19808 12.00902 12.0023 11.76344 11.53263 11.27641 10.91238 11.95974 13.45046 14.42457 16.16292 17.33233 16.32143 14.87017 14.25297 
  9.033075 9.955997 10.67214 9.929568 11.3696 12.92496 13.49149 13.30367 13.08208 12.85593 12.85078 12.55254 12.30572 12.05131 11.51741 12.63547 14.30271 15.2225 17.13032 18.42041 17.24422 15.66194 15.18901 
  5.632549 6.889671 6.920504 7.353491 6.714466 7.090236 8.412132 8.593599 8.73008 7.839591 8.804203 8.719769 8.526146 9.22292 9.60924 9.459537 9.389784 9.346594 10.26025 10.86479 10.47133 11.06329 11.25315 
  4.833501 4.599697 4.916203 5.740399 6.102439 6.068072 7.511993 6.694112 7.438079 7.644149 6.918293 7.705212 8.13589 7.742614 8.132973 8.549 9.180461 9.065469 10.04015 10.15578 10.38538 10.02508 10.53325 
  5.113168 4.038887 4.82076 5.649092 5.735223 5.178522 4.722627 6.148809 6.239373 6.824713 6.453842 7.373446 7.738216 7.925713 8.484468 8.37399 8.834284 9.194318 9.721633 10.10124 10.55727 10.65192 11.02653 
  6.31174 4.132355 4.582153 5.527349 5.833147 5.255874 4.722627 5.346892 5.864637 7.448707 7.759926 6.980013 7.590929 8.358492 8.911129 9.763616 9.421216 9.159177 9.567484 9.808346 9.991632 10.71069 10.79992 
  8.644314 9.87977 10.54565 10.72723 10.58282 10.59107 10.72678 11.20226 10.90608 11.09695 10.82749 9.677962 11.36083 12.36127 11.75011 12.16246 12.34438 10.04356 9.649093 10.42848 11.93237 11.21021 10.74324 
  9.966105 10.48959 11.11486 11.34081 10.91064 10.66401 10.91966 11.85442 11.51808 11.87872 11.74123 10.46706 11.91918 13.05868 12.35514 13.3112 13.50059 10.67946 10.08417 10.97386 12.44804 11.56282 11.17761 
  7.866789 9.117498 8.711509 8.088818 6.200363 6.944368 7.190516 7.50666 8.18608 9.207684 8.4126 9.114319 9.685789 9.687861 9.516159 10.50692 10.26988 9.725617 9.820058 10.91932 12.40507 13.14956 12.00853 
  7.400274 7.059367 8.015801 9.009193 7.960206 8.330115 9.247976 8.88345 9.34208 9.077389 9.652678 10.24161 10.28709 10.23029 10.77276 10.94615 10.77279 10.46749 10.6124 11.84648 13.65125 14.47429 13.59482 
  7.711285 6.98314 6.586453 7.597951 8.746989 9.642928 9.633749 8.448674 9.75008 9.98945 10.82749 11.1998 11.18903 10.96645 10.77276 11.62188 11.74717 11.87176 12.15308 13.75534 15.15527 15.74111 13.99769 
  7.789037 6.562532 7.588603 8.76376 9.140381 9.278257 8.669315 9.100838 10.97408 12.00902 12.1981 11.76344 12.04803 12.32252 11.75011 12.19625 12.09292 12.58714 12.81337 14.40981 16.04058 16.7704 15.27411 
  7.322522 7.059367 7.540882 8.088818 9.140381 8.767719 9.18368 10.47763 10.70208 12.3999 12.39391 12.15799 12.60637 12.63248 12.12244 12.5679 12.81586 12.97833 13.42964 14.40981 16.16094 17.16629 16.38033 
  5.672502 6.048456 7.636325 8.579684 7.697945 9.278257 9.890932 11.12979 12.33408 12.33475 11.93703 12.32708 12.94997 13.01993 12.77401 13.00712 13.2559 13.47704 14.13394 14.73704 16.48191 17.64135 17.23128 
  5.073215 5.394177 8.015801 8.825118 8.353598 9.205324 9.762341 11.49211 12.33408 12.2696 13.56872 13.51073 13.68011 13.71735 13.28596 13.10848 13.60086 14.17522 14.35404 15.28243 17.16397 18.82899 18.25241 
  10.19936 10.87072 11.68408 12.75205 12.8776 13.36257 13.62008 14.46308 14.91808 15.39667 15.72254 16.01502 15.94108 16.34178 16.01669 15.52448 15.40562 15.07289 15.4105 16.86405 17.88616 19.22487 18.67789 
  11.52115 12.70017 13.39172 14.5928 14.51673 15.33178 15.09888 15.98479 16.56132 16.75681 17.0666 17.41332 17.37205 17.75001 17.39425 16.72084 16.50854 16.02043 16.48539 17.89813 18.32749 19.22487 19.35864 
  12.14317 12.92885 14.40366 14.34737 14.64786 14.52951 14.7774 14.97031 14.91808 15.07094 15.85308 15.27474 15.31146 15.57365 15.7584 15.22539 16.05734 14.97315 15.27844 16.6459 17.44482 17.87887 19.10336 
  14.24249 13.69113 14.27717 15.3291 15.10682 16.06112 15.16317 16.60402 16.56132 16.36411 15.33094 15.5215 15.99832 15.63766 15.62925 15.5843 15.55602 15.7212 15.01433 17.02767 16.72264 16.7704 17.31637 
  17.4712 17.31345 17.81995 18.47935 18.11953 17.82942 17.76249 16.12972 15.12208 14.94064 14.41719 14.86348 14.68183 14.6775 14.68218 14.44775 14.60351 14.52431 14.75021 16.97313 15.75688 15.18688 15.69958 
  18.50082 19.12869 20.14008 21.20957 20.66874 20.99374 20.92687 18.21667 16.07301 16.1285 17.55202 18.40035 15.94108 15.44563 15.97364 14.38793 13.50059 13.0282 15.62548 17.98518 15.49905 13.70785 14.42316 
  18.00376 19.55862 20.44943 21.52459 21.2481 21.55215 21.15289 18.4064 16.39855 16.28558 17.95653 18.97612 15.88384 16.08574 16.31803 14.68702 13.3502 12.26919 16.30624 18.37688 15.79985 13.38463 13.39339 
  18.14578 19.70193 20.52677 21.6296 21.2481 21.83135 21.15289 17.83723 16.1544 16.28558 18.19923 18.89387 15.99832 16.14975 16.14584 14.2683 13.28733 12.71962 16.59288 18.33336 16.20107 13.85477 13.84661 
  18.18128 19.65416 20.52677 21.52459 21.13223 21.73828 20.70084 17.45778 15.74747 15.97142 17.95653 18.4826 15.76937 16.34178 16.10279 13.84957 13.00445 12.45466 16.44956 17.94165 15.71391 14.03107 13.97251 
  18.14578 19.60639 20.52677 21.52459 21.2481 21.73828 20.3618 17.17319 15.66608 15.65726 17.30931 17.98909 15.54041 16.14975 15.7584 13.20984 12.72156 13.0282 16.59288 18.24631 16.44179 14.23676 14.08278 
  18.11027 19.65416 20.6041 21.6296 21.2481 21.73828 20.47481 17.26806 15.74747 15.7358 17.63292 18.23585 15.54041 16.02173 15.8445 13.3112 12.87872 12.77261 16.87951 18.50745 16.24119 14.31594 13.77107 
  18.14578 19.70193 20.6041 21.73461 21.13223 21.92442 20.81385 17.55264 15.99162 15.97142 17.55202 18.23585 15.82661 16.14975 16.05974 13.49066 13.1616 12.97833 16.52122 17.89813 15.28419 14.14861 13.84661 
  18.18128 19.7497 20.6041 21.73461 21.36398 21.92442 21.49193 17.74236 16.23578 16.20704 17.87563 18.56486 15.71213 16.21376 16.27498 13.90939 13.2559 12.87859 16.44956 17.94165 15.67094 13.94292 14.50826 
  18.25229 19.7497 20.6041 21.94463 21.59572 21.92442 22.057 18.69098 16.88687 16.59973 18.44194 19.05837 16.17004 16.34178 16.61937 14.56739 13.95178 13.32743 17.23781 18.98621 16.60228 14.23676 14.33807 
  18.25229 19.7497 20.52677 21.94463 21.94334 21.73828 22.17002 19.82932 17.45656 17.07097 19.17006 19.63414 16.45623 16.53381 17.13596 15.22539 14.70377 13.42717 17.41695 19.24734 16.6424 13.796 14.42316 
  18.25229 19.70193 20.44943 21.94463 22.29096 21.45908 22.17002 20.96766 17.94488 17.54221 19.81728 20.04541 16.62795 16.66183 17.3512 15.76375 15.35549 13.97574 17.52444 19.37791 16.88313 14.47429 13.92215 
  18.18128 19.65416 20.29475 21.94463 22.29096 21.27294 22.28303 21.63169 18.43319 18.01344 19.97908 19.7164 16.57071 16.66183 17.39425 16.72084 15.95708 14.42457 17.66776 19.76962 17.48495 14.71182 13.84661 
  18.11027 19.55862 20.21741 21.83962 22.40684 21.27294 22.17002 21.82141 19.08427 18.48468 20.46449 19.63414 16.39899 16.40579 17.30815 17.07975 16.00721 14.07548 16.987 19.29087 17.12385 15.18688 14.25297 
  18.11027 19.46308 20.06274 21.73461 22.29096 21.17987 21.83097 21.91628 19.40982 19.03445 20.94991 19.38738 16.1128 16.21376 17.04986 16.96012 15.70642 14.07548 16.09126 18.94268 16.92325 15.34523 14.59335 
  18.07477 19.41531 19.9854 21.6296 22.17509 20.99374 21.60495 22.01114 19.81674 19.97693 20.94991 18.07134 15.76937 16.02173 16.74852 16.66102 15.80668 14.42457 15.69714 17.76756 16.04058 15.74111 14.84863 
  18.00376 19.31977 19.90806 21.52459 21.94334 20.8076 21.37892 22.106 19.97952 20.29108 20.46449 17.33106 15.31146 15.50964 16.44718 16.2423 15.40562 14.07548 16.12709 17.37585 15.28419 15.34523 14.59335 
  17.93275 19.22423 19.83073 21.31458 21.7116 20.52839 21.15289 22.106 20.22367 20.60524 20.46449 16.83755 15.13974 15.2536 16.27498 16.06284 15.10483 13.72639 16.80785 18.24631 15.4131 15.82029 14.93373 
  17.75523 19.03315 19.75339 21.10456 21.36398 20.24919 20.58783 21.63169 20.46783 20.60524 19.97908 16.34403 14.73907 14.86954 15.93059 15.64411 14.65364 13.17782 17.05866 18.89916 16.16094 15.82029 15.10392 
  17.68422 18.84207 19.52138 20.57952 21.01636 19.78385 20.02276 21.25225 20.79337 20.5267 19.33186 15.85051 14.45288 14.35745 15.54315 15.2852 14.15231 12.97833 17.13032 19.37791 17.00349 15.42441 14.84863 
  17.5067 18.651 19.21202 19.73945 20.32112 19.50465 19.23166 20.8728 20.71198 20.5267 19.33186 15.35699 13.76601 13.56236 14.81133 14.80666 13.95178 12.13672 16.91534 19.1603 16.843 14.06046 14.08278 
  17.29368 18.50769 18.748 18.89939 19.62588 18.94624 18.44057 19.82932 20.14229 20.134 18.92735 14.46893 12.77817 12.20629 13.79791 14.2683 14.10218 11.39484 16.09126 18.07222 16.12082 13.29648 13.79625 
  16.97414 18.12553 17.97462 17.74429 18.58302 18.01556 17.08441 18.31153 19.08427 18.87737 17.79472 13.28528 11.48968 10.30778 12.26206 13.00712 14.10218 11.39484 14.22198 16.80951 15.75688 12.03296 13.09123 
  16.72561 17.45675 16.89189 15.53912 16.4973 16.80567 15.50222 16.31944 16.88687 16.28558 16.25758 11.9889 10.41593 9.261665 10.91238 11.35158 12.21865 10.91792 13.82581 16.10051 15.15527 11.56282 13.54446 
  16.26405 16.74021 15.73183 13.61107 14.25447 14.01897 13.2986 14.46308 15.59808 15.20123 14.48246 11.93253 10.41593 8.990451 9.795403 10.54071 12.18722 10.57348 11.93298 14.90066 14.72555 11.15145 11.90781 
  15.71979 15.82548 14.27717 11.34081 11.89412 12.34149 12.71994 13.59352 14.78208 13.96343 14.35193 11.93253 10.50183 9.184175 10.95892 11.45294 11.05567 10.30852 12.41719 14.84612 13.90908 11.38652 11.70637 
  15.56428 14.91076 13.26523 11.6476 12.02525 14.09191 13.81297 13.52106 13.96608 14.02858 13.82979 11.53798 10.93133 9.959077 10.67968 11.41916 10.74135 10.70595 11.53681 13.42811 13.09262 10.94576 11.12725 
  14.94226 14.07226 12.63277 11.27945 12.28751 14.01897 13.94156 13.4486 14.51008 13.18167 12.1981 11.70708 10.41593 9.029196 10.54005 11.58809 10.96138 10.52048 10.87652 13.26449 13.56531 11.03391 11.00135 
  14.16474 12.47149 11.43109 11.27945 11.23847 12.63322 12.26987 13.08628 14.30608 12.98622 12.45917 11.14343 10.84543 9.881586 10.30735 11.52052 10.86708 10.25553 11.14063 12.66457 13.22153 11.26898 11.12725 
  12.68744 10.94695 11.87382 11.27945 10.18943 11.75802 11.56262 12.36166 13.28608 12.72563 11.67597 11.14343 10.15824 9.377901 10.26081 11.58809 11.27569 9.805104 10.56839 11.35563 11.54563 10.62253 10.79992 
  11.83216 11.63299 11.55758 9.50006 9.927164 10.88281 11.43403 12.43412 12.60608 11.48784 11.8065 10.80525 10.88838 9.532881 9.935025 11.08129 10.20701 9.911086 10.26025 10.91932 11.11591 10.47561 10.74324 
  11.13239 11.25186 10.4824 9.377343 8.943686 11.24748 10.98396 12.07181 12.40208 11.29239 10.82749 9.903419 10.11529 10.1528 9.516159 10.70964 10.04985 10.09656 9.776038 10.86479 11.15888 11.26898 11.40422 
  9.888352 11.25186 9.090986 7.475234 8.222467 10.15347 10.91966 11.05733 11.45008 10.51063 10.24008 10.07251 10.88838 10.42402 9.00421 10.70964 10.01842 9.937582 10.04015 10.15578 10.47133 10.6813 10.87546 
  10.89913 10.03222 8.901247 7.353491 8.615859 9.715862 9.569454 12.07181 12.81008 10.0546 9.652678 9.227048 9.213342 9.455391 9.329996 11.14886 10.17558 9.858095 9.7307 10.37394 10.42836 10.53438 11.07689 
  11.13239 9.651089 8.332032 6.957827 7.107858 9.49706 9.440863 10.69502 10.90608 9.142536 8.477867 8.325219 9.59989 10.26904 9.097292 10.16905 9.892694 9.393448 9.195714 9.816035 10.02049 10.09881 10.90064 
  8.488809 8.965045 9.02774 6.896956 6.780031 8.621851 8.60502 8.521137 8.11808 8.881947 8.4126 8.156126 9.084493 9.416646 9.097292 9.797402 9.735535 9.358308 9.820058 10.21032 10.47133 10.43466 10.77474 
  9.966105 9.34618 10.29266 8.947834 6.976727 8.111313 8.797906 7.216809 6.774711 8.035032 7.825193 8.719769 8.955644 8.951706 8.650967 9.729829 9.955557 9.487157 9.908096 9.954436 10.24173 10.65192 10.66975 
  11.21014 10.87072 11.36785 9.438702 8.222467 7.965445 8.412132 8.013898 7.710079 8.295622 8.282064 7.517704 8.912694 9.377901 9.097292 9.628469 9.82983 9.990573 9.864077 10.03902 10.34241 10.505 10.8251 
  10.97689 10.18468 8.585016 8.947834 9.730469 7.673708 7.190516 7.50666 8.86608 8.816799 7.629392 7.874305 8.654996 9.455391 9.516159 9.898762 9.735535 9.619635 9.250119 10.0467 10.60024 10.59315 10.87546 
  12.22093 11.9379 10.29266 8.334251 8.615859 6.7985 7.511993 8.303749 7.506079 7.904738 7.759926 7.622619 8.397297 9.649117 9.097292 9.729829 9.286977 9.566644 10.08417 10.64663 10.42836 10.47561 11.17761 
  12.53194 11.9379 10.10292 9.745493 8.746989 8.330115 8.026359 6.854496 7.98208 8.425916 7.564124 8.156126 9.041543 9.920332 8.715716 9.42575 9.546944 9.018614 9.908096 10.15578 10.14554 10.35274 10.57525 
  9.266333 9.269953 8.332032 9.009193 8.615859 8.038379 7.576289 7.50666 7.506079 8.491063 7.694659 7.874305 8.612045 9.494136 8.539968 9.763616 9.313606 9.405162 9.864077 10.15578 10.14554 10.41008 10.70124 
  10.12161 9.34618 8.648263 9.622776 8.222467 7.309038 7.576289 8.231286 7.710079 8.035032 7.449094 7.491475 8.612045 9.610372 8.724966 8.886518 9.735535 9.540148 9.952115 10.42848 10.68619 10.53438 10.70124 
  10.97689 11.17563 10.22942 9.377343 7.435684 7.965445 7.897768 8.231286 6.962079 8.230474 8.020996 7.930669 8.354347 9.067941 9.050751 8.861518 8.994058 9.182604 9.540281 10.26486 10.23211 10.37732 10.42826 
  12.22093 11.9379 10.35591 9.193268 8.681424 8.184247 7.833472 7.216809 6.908545 7.774444 8.282064 7.491475 8.612045 9.649117 9.236914 10.03391 9.358353 9.884591 9.712565 10.00057 10.72916 10.31178 10.45976 
  11.21014 12.09036 10.79863 8.456967 7.63238 7.965445 7.640585 6.277116 6.61411 7.513855 7.564124 7.557047 8.209534 9.455391 8.632467 9.22303 9.484079 9.858095 9.776038 9.762213 10.25134 10.11519 10.68025 
  11.98767 12.09036 10.35591 8.825118 6.616542 7.16317 6.041919 5.892196 6.533809 7.38356 7.432507 6.993128 8.13589 9.455391 8.41047 8.436494 9.421216 9.487157 9.640025 10.0467 10.29944 10.41827 10.76424 
  10.97689 11.0994 8.20554 8.579684 6.004515 6.570862 7.769176 7.361734 7.370079 6.720777 6.93488 7.412788 8.047518 8.75798 8.864588 8.649006 9.515512 9.619635 9.576551 10.03133 10.47133 10.62253 10.8251 
  10.35487 9.955997 9.090986 8.886477 6.911162 6.570862 6.897676 7.724048 7.234079 6.668808 7.694659 7.570161 7.590929 8.058876 8.188472 8.18648 9.233719 9.487157 9.476809 9.823724 10.5143 10.26264 10.38626 
  11.90992 10.48959 8.774755 8.702401 6.911162 7.017302 7.254811 7.144346 6.507042 6.408967 7.432507 8.156126 8.311398 8.951706 8.586218 8.986525 9.034001 9.194318 9.250119 9.908303 10.05896 10.09881 10.17627 
  10.89913 9.955997 9.533709 7.353491 6.616542 6.725566 6.541111 6.469575 6.774711 6.798729 7.017818 7.111157 8.311398 8.83547 8.911129 9.358177 9.609807 9.452016 9.522146 9.977504 9.972393 10.46742 10.66975 
  10.58813 9.955997 9.02774 8.211535 6.665504 7.527841 7.319107 6.758265 6.453508 7.136523 7.629392 7.189844 8.354347 8.990451 8.724966 8.261484 8.847598 9.241172 9.558416 9.55461 9.683824 9.951359 10.40726 
  10.51037 9.269953 8.52177 7.966101 7.304554 7.673708 7.447698 7.216809 7.506079 7.774444 7.150518 7.622619 8.268448 8.541591 8.41972 8.536499 8.887542 9.416876 9.820058 9.677633 10.03011 10.33636 10.10277 
  11.4434 10.94695 9.090986 8.088818 7.107858 6.7985 6.933333 5.828042 5.811103 6.980618 6.885118 7.930669 8.253719 8.574882 8.549218 9.155457 9.153831 9.672626 10.08417 10.10124 10.27058 10.40189 10.62775 
  12.68744 12.16658 9.407216 8.702401 7.238988 6.609538 7.383402 6.926958 7.234079 7.24046 7.498857 7.452132 8.106433 8.796725 8.558468 8.661507 8.474792 10.04356 9.703498 9.746835 9.760776 10.13157 10.8251 ]
