 [
  4.010061 2.07226 3.834799 4.701137 3.980332 4.27799 4.557152 5.299062 5.743827 6.404437 7.522039 7.455506 7.786668 7.272298 7.836536 8.643764 9.177632 9.370837 10.07356 9.309278 9.605129 10.10363 10.75025 
  4.646498 3.290098 4.447516 4.506526 5.415374 5.433054 4.32648 5.466592 6.192998 6.711704 7.58077 7.455506 7.369257 8.056698 9.091577 9.302592 9.127173 9.186319 9.710119 9.982225 10.06339 10.40207 10.39573 
  4.100981 3.241384 4.087094 4.830877 4.850767 4.351718 4.626354 4.517256 5.331316 6.458821 6.721075 7.852491 7.063115 7.695265 8.202276 8.617645 8.733724 9.023584 8.936922 9.546324 10.34619 10.60481 10.19153 
  4.585885 3.241384 4.627728 4.960617 5.677165 5.334751 5.1569 6.341892 5.83758 6.594326 6.272177 7.019928 7.54784 7.994619 8.498266 8.808472 9.379467 9.262262 9.943759 10.40343 10.34619 10.45276 10.49405 
  3.797915 3.192671 3.942925 5.479577 4.803717 4.720355 4.833959 5.019845 6.137588 6.404437 6.672978 6.805158 6.999335 7.73653 8.913584 9.028081 8.634047 9.099527 9.982699 10.00439 10.06339 10.50344 10.65997 
  4.616192 3.484952 4.807939 7.131901 6.824451 6.854708 7.903941 8.560593 9.240555 7.944168 6.99346 7.909203 9.895081 9.670761 8.013865 8.973178 8.733724 9.479412 9.239091 9.559493 10.37142 10.75687 10.54699 
  4.434352 3.777233 4.916066 6.840314 7.015666 5.610761 6.221871 7.451242 7.910712 7.415969 6.817267 7.398794 8.902886 9.298285 8.379604 8.643764 8.918839 8.730661 9.195924 10.18174 10.32097 10.39513 10.47136 
  3.373624 3.87466 4.519601 4.65789 5.415374 5.285599 5.549043 5.326984 4.937554 6.594326 7.169653 7.739067 8.096728 8.491254 9.150908 8.863374 9.934511 9.370837 9.299525 9.006388 9.780795 10.50344 10.13859 
  3.767609 2.754249 3.942925 4.095683 4.19206 3.860201 5.272236 5.215297 5.912581 5.842463 5.791216 7.625643 7.972704 8.118777 8.854253 8.278094 8.719484 8.947641 9.437659 9.704353 10.04047 10.37431 10.51674 
  3.919141 3.582379 4.195221 4.960617 4.921343 5.877321 5.387572 5.466592 5.650074 5.951233 6.336306 6.68435 7.972704 7.922223 8.091446 8.753569 9.682219 9.370837 9.528399 9.937889 10.00229 10.15221 10.37304 
  6.131138 4.702789 5.791714 7.715074 9.023417 8.987188 8.492665 8.169057 8.852684 8.531055 6.99346 7.455506 8.902886 9.112047 9.86288 9.082983 10.33818 10.3842 10.0476 9.559493 10.04047 10.38125 10.43355 
  4.828338 4.556649 5.373726 7.423487 8.640989 7.654388 7.315216 6.341892 8.631043 8.2963 6.99346 7.909203 7.598864 7.932539 8.73559 8.44787 10.23726 10.60135 9.995679 9.960057 10.22007 10.38125 10.55455 
  4.798031 3.290098 3.978968 4.91737 5.203647 4.474597 4.626354 5.271141 6.636279 6.770393 7.58077 7.154159 7.394769 7.850009 7.991699 8.552347 9.026257 9.370837 9.69714 9.164417 9.964098 10.73153 10.54699 
  4.525272 3.290098 2.753532 4.874124 5.48595 5.236447 4.99543 5.885417 6.470049 6.277539 7.404577 6.590388 7.101382 7.994619 7.70354 8.356453 8.933079 8.763208 9.316792 10.11524 10.16961 10.57947 10.99101 
  4.161593 3.484952 4.123137 4.59302 4.121484 4.892386 4.695556 4.601021 5.443819 6.535638 6.400434 7.060197 8.034717 7.57147 8.379604 8.973178 9.278549 9.262262 9.969719 10.00439 10.19484 10.29796 10.96092 
  4.828338 3.777233 3.870841 4.679513 4.28616 4.5729 5.885457 5.634122 6.192998 6.36818 6.640914 7.019928 8.344777 8.118777 8.557597 8.808472 8.819161 9.479412 10.19038 10.82463 10.69935 10.42741 10.75025 
  6.585524 6.191529 5.164732 6.451532 6.250808 6.765855 7.147009 6.929195 5.912581 6.770393 7.698233 7.342082 8.158741 8.553333 8.379604 8.698667 8.619806 9.099527 9.385859 10.04873 10.19484 10.25632 10.62987 
  5.767629 5.390245 4.231263 6.743118 8.162952 8.809483 7.819838 6.733427 6.470049 6.168771 6.111857 7.512218 7.535084 7.839693 8.438935 8.591526 8.918839 8.795755 9.213191 9.625339 10.09394 9.957874 10.44111 
  5.313242 5.189925 5.687217 5.868359 6.728844 7.387828 8.156251 6.407148 6.100087 6.770393 7.463308 7.274967 7.84868 7.509572 8.379604 9.137885 9.329008 9.479412 9.54138 9.893552 9.818983 10.25632 10.81044 
  5.282935 7.293294 7.150176 5.868359 5.677165 6.055027 6.390078 5.466592 6.359229 6.36818 6.934729 7.28839 7.535084 8.180857 8.346355 7.807948 8.548609 9.262262 9.51542 9.937889 10.24529 10.57947 10.62987 
  7.221665 10.59859 10.07609 5.868359 5.297748 5.433054 5.203034 6.146124 5.762578 5.316747 6.288209 7.006505 7.662643 7.901591 7.670291 7.860186 9.076715 9.479412 9.684159 9.836045 10.24529 10.73153 10.75025 
  11.85641 15.10581 14.56947 13.06083 12.46528 9.964577 8.997286 7.973289 7.13497 7.005148 7.463308 8.022627 8.344777 8.367095 7.991699 8.643764 9.026257 9.370837 9.213191 9.7702 9.95646 10.40207 10.75025 
  15.03711 17.00886 17.39089 17.04584 16.48078 15.38463 14.37991 12.47595 10.84745 10.35041 11.16336 12.21932 13.67782 13.4576 12.53277 12.10261 12.65928 11.61472 9.385859 11.31234 11.70837 10.57947 11.71329 
  16.30939 17.00886 18.22686 17.9206 17.15003 16.27317 15.05274 13.32427 11.45696 11.28942 11.92687 13.29685 14.73203 14.82335 14.19404 13.69477 13.9712 12.48331 9.904819 11.77788 12.56604 12.10002 12.67633 
  16.94554 17.50966 18.8329 18.72396 18.33589 17.58743 16.40913 14.36837 12.45434 12.63927 12.80783 14.03411 15.6002 15.8787 15.97397 15.67126 15.4345 13.56906 9.480826 12.89361 13.32281 12.98701 14.36164 
  16.95867 18.17542 19.13069 20.14164 19.13176 18.52481 17.26265 15.51569 13.96138 13.98911 14.60639 15.7005 17.08638 17.21265 17.65816 17.30428 16.9451 14.85984 10.52786 13.51406 14.45377 13.64592 14.6333 
  16.94554 18.32603 19.68656 20.23616 19.92764 19.22784 17.73683 16.05673 14.83894 14.33712 14.78743 16.21349 17.35177 17.36087 18.64885 18.01873 17.58115 15.58363 11.1509 14.50679 15.78431 14.67983 16.39548 
  17.22127 18.36907 19.52774 20.89774 20.47863 20.39956 18.40068 17.00354 15.86276 15.26515 15.69259 16.94633 18.04178 17.73141 19.83769 19.34556 18.77373 16.36773 11.46873 14.63088 15.98389 14.60598 16.18401 
  17.26066 18.31886 19.44833 20.66146 21.02962 21.41505 19.34905 17.54458 16.15528 15.61316 15.96414 17.16618 18.04178 17.43498 20.53117 19.95794 19.17126 16.72963 11.74116 14.92043 16.24999 15.41834 16.60694 
  17.27379 18.21845 19.28951 20.56695 21.51939 21.7275 20.29741 17.8151 16.44781 15.96117 16.23569 17.38603 17.9887 17.65731 21.62094 20.97858 19.48928 16.85026 11.87738 15.00315 16.78221 16.2307 17.24132 
  17.24753 18.1539 19.19025 20.47244 21.58061 21.57128 21.53028 18.62665 17.17911 16.42518 16.59776 17.60589 18.09486 18.32429 22.11629 21.59096 19.96631 17.33278 12.60386 15.2927 17.11484 16.59995 17.31181 
  17.19501 18.08218 19.11084 20.33067 21.39694 21.64939 22.28897 19.84398 17.76414 16.77319 16.77879 17.82574 18.14794 18.76894 22.21536 21.79509 20.20483 17.45342 13.05791 15.04452 17.11484 16.6738 17.3823 
  17.16875 18.02481 19.01158 20.1889 21.2745 21.49316 21.62511 20.92606 18.05667 16.88919 16.77879 17.75246 17.93562 19.13948 21.62094 21.38683 20.04582 17.21215 13.05791 14.34134 17.18137 16.8215 18.08717 
  17.20814 18.03915 19.01158 20.14164 21.21328 21.49316 21.81479 21.87287 18.78797 17.35321 17.05034 18.04559 18.04178 19.51003 21.81908 21.59096 20.28434 17.57405 13.64817 14.17588 17.18137 16.89536 17.87571 
  17.31319 18.08218 19.01158 20.14164 21.21328 21.57128 21.71995 22.14339 19.95805 17.93323 17.41241 18.33873 18.30717 19.95468 22.21536 21.99922 20.44335 17.69468 13.96601 14.25861 17.44748 17.33846 17.66425 
  17.37884 18.13956 19.05128 20.04713 21.15206 21.64939 20.86642 22.41391 21.42065 18.16523 17.59344 18.55858 18.4664 20.10289 22.11629 22.10128 20.20483 17.3931 13.55736 14.05179 17.2479 17.33846 17.9462 
  17.47075 18.23997 19.11084 19.99987 21.09084 21.7275 20.48708 22.95494 22.15195 18.97726 18.04602 18.77844 18.57256 20.32522 22.11629 22.10128 20.12533 17.27247 13.46655 13.51406 16.78221 16.74765 17.59376 
  17.60205 18.33321 19.11084 19.85811 21.02962 21.64939 20.20257 22.00813 22.29821 19.67328 18.22706 18.85172 18.62564 20.54755 21.81908 21.69303 19.40978 16.42805 12.60386 13.14179 16.05041 16.15685 18.08717 
  17.68084 18.42645 19.11084 19.71634 20.9684 21.41505 20.29741 21.06132 22.44447 21.06532 18.49861 18.925 18.73179 20.54755 21.32373 21.38683 18.93274 15.64394 12.64926 12.89361 16.18347 17.26461 18.86253 
  17.74649 18.46231 19.01158 19.52731 20.72351 20.94636 20.0129 20.1145 21.71317 21.29733 18.95119 19.21814 18.9441 20.54755 20.82838 20.77445 18.53522 15.58363 14.01141 13.14179 17.04832 18.15082 18.65107 
  17.77275 18.40493 18.89246 19.33829 20.35619 20.39956 19.44388 19.16769 20.54309 21.29733 19.40377 19.07157 18.73179 19.80646 19.63955 19.34556 17.74016 15.40268 13.9206 13.88634 17.51401 18.29852 18.65107 
  17.73336 18.36907 18.81305 19.33829 20.1113 19.93087 18.87487 18.49139 19.66553 21.06532 20.03739 19.14486 18.78487 19.36181 19.24327 19.14143 18.61472 15.88521 13.55736 13.76224 17.51401 17.85542 18.43961 
  17.57579 18.29017 18.69394 19.19652 19.62153 19.07161 18.11618 17.67984 18.6417 20.60131 19.76584 18.85172 18.41332 18.54661 18.25257 18.83524 18.45571 16.18678 13.05791 14.09315 16.98179 16.8215 17.3823 
  17.15562 18.1037 18.43586 17.9206 17.72368 16.80629 16.31429 15.51569 16.30154 18.51324 17.68396 16.87304 16.76791 16.61979 15.97397 16.48777 16.70659 15.1011 11.46873 12.68679 14.91946 14.60598 15.33817 
  17.05058 18.01046 18.22686 17.53182 15.62032 14.58495 15.22095 14.43362 13.23008 14.56913 14.33484 14.60123 15.29014 15.5683 14.60936 13.25556 14.829 13.89479 11.37792 11.17933 11.9354 13.64592 14.42183 
  16.94554 17.81014 18.01787 17.24023 15.23789 14.22954 15.05274 13.91158 12.45434 13.40222 13.27768 13.80726 14.79404 15.19582 14.07538 12.10261 13.76937 12.91761 10.94322 11.02415 11.85973 13.3925 13.60927 
  16.6729 17.4095 17.49538 16.75426 14.56864 14.05183 15.05274 13.71581 11.84483 12.34582 13.21895 13.58041 14.29794 15.31998 14.37204 11.9379 13.56753 13.13476 11.51414 10.89114 11.6327 13.49387 13.60927 
  16.58203 16.80853 16.8684 16.07389 13.51696 12.89674 13.95939 12.28018 10.68122 11.52418 12.51418 12.21932 12.68563 14.51295 13.95672 10.29083 12.10423 11.75948 11.0211 9.893552 11.00206 12.75893 13.06756 
  16.49115 16.10741 15.61444 14.81034 12.17846 11.56394 12.10912 11.10557 10.0163 10.58516 10.81098 11.08508 12.25154 12.34017 11.52415 9.632006 11.14552 11.03565 10.59276 10.15957 10.82548 12.37879 12.91709 
  16.30939 15.70677 14.56947 13.25522 11.70042 11.74164 12.19322 11.30134 9.074325 9.470075 10.63479 11.19851 12.62362 13.02305 11.88013 9.412396 10.99414 11.39757 10.16442 10.18174 11.02728 11.44112 11.89386 
  16.12764 15.40629 12.89751 11.11692 10.45753 10.58655 11.09987 10.51827 9.628426 9.939585 10.45859 10.40454 11.69343 12.2781 11.52415 8.473989 9.732677 10.09467 9.865879 10.0709 10.04047 11.69454 12.07443 
  15.94589 15.40629 12.47953 9.95057 9.97949 10.40884 10.93167 10.58352 8.852684 10.52647 11.80941 10.6881 12.00349 12.02978 11.46482 8.630705 9.682219 9.841328 9.956739 9.691185 10.06339 11.3144 11.6531 
  15.76413 15.40629 12.89751 11.01972 9.692669 11.03082 11.43629 10.3225 9.406786 9.704829 11.45702 10.74481 11.94148 12.02978 11.70214 9.028081 9.63176 10.16705 10.03462 10.04873 10.95161 10.68084 11.59291 
  15.30974 15.00565 11.01657 9.756179 9.597061 9.875723 10.59525 10.58352 9.295965 9.763518 11.57448 10.97166 12.00349 11.84354 11.16816 8.863374 9.379467 9.370837 9.54138 10.00439 10.69935 10.95961 10.96092 
  14.03746 13.6034 9.971596 9.756179 8.25856 9.786869 10.67936 10.71404 8.575634 9.470075 10.86971 9.950839 10.70124 11.6573 11.10883 9.467299 10.03543 9.240564 9.411759 10.33692 10.47232 10.40207 10.93082 
  12.12904 11.80051 11.43456 11.21411 8.832203 9.342603 11.26808 9.474174 7.910712 8.589744 9.812551 9.894127 10.82526 10.91235 10.75284 8.753569 9.22809 9.515604 10.1774 10.62511 10.62367 10.70618 10.90073 
  9.947984 10.09779 10.49408 10.04777 8.545382 8.454069 9.754217 9.343663 9.074325 8.941875 9.16651 10.12098 10.26715 10.10532 9.803549 9.467299 9.076715 9.132074 9.67118 10.4256 10.87593 10.55413 10.96092 
  9.76623 10.19795 10.28509 9.658983 8.25856 9.253749 9.754217 9.213151 8.852684 9.117943 9.930013 9.327006 10.32917 9.732841 9.447562 9.357494 9.429925 9.732753 9.580319 10.11524 10.39664 10.80755 10.59978 
  9.220965 10.29811 9.658106 8.589833 8.736596 8.631775 8.913183 8.43008 6.414639 9.059254 9.812551 8.419612 9.771056 9.484524 9.388231 8.016902 8.975798 9.121225 9.917799 10.24825 10.37142 10.78221 10.65997 
  9.584475 10.09779 9.553608 8.00666 7.780524 8.454069 9.754217 8.299568 7.07956 8.531055 8.520468 8.873309 9.460996 8.863729 8.913584 8.500109 8.89036 9.732753 9.80098 10.20391 10.05575 10.80755 10.59978 
  8.948334 8.495219 7.881655 7.617878 7.398095 7.654388 9.754217 8.495337 6.580869 8.002856 8.168081 8.136051 8.840874 8.367095 8.616928 8.421751 8.975798 9.587987 10.00866 10.24825 10.548 10.57947 10.56968 
  9.130089 9.096182 7.986152 6.93751 7.684916 7.298975 7.567527 7.581754 6.137588 7.415969 7.815695 8.589748 9.398983 9.79492 10.45619 9.247689 9.177632 9.44322 9.87886 9.678016 10.6489 11.18769 11.59291 
  7.948684 8.094578 7.986152 7.229096 6.53763 7.121268 7.483423 7.908033 6.691689 7.650724 7.756964 8.136051 7.972704 8.863729 9.566224 8.863374 9.076715 9.197168 9.403126 9.691185 10.16961 10.35349 10.62987 
  8.312193 9.697145 8.299644 6.93751 5.677165 7.032414 8.492665 7.842777 5.987584 6.476949 6.656947 7.909203 8.530813 8.553333 8.438935 8.147498 8.47741 9.334645 9.61926 9.704353 10.16961 10.0481 10.47893 
  8.40307 9.096182 7.568164 6.645923 5.772772 6.588148 6.894699 7.059707 6.303818 6.770393 7.110922 7.221274 7.496816 7.932539 8.557597 8.753569 9.127173 9.262262 9.16139 9.849215 10.06339 10.40207 10.78035 
  7.948684 8.395059 6.523193 6.548728 6.346415 6.677001 7.062906 6.146124 7.412021 7.533346 6.52869 7.046774 7.165162 7.829377 8.036031 8.643764 9.329008 9.142923 9.632239 9.871383 10.29574 10.14527 10.44867 
  7.312542 7.493615 5.687217 6.159945 5.677165 6.232734 6.894699 6.407148 6.248408 6.770393 6.875998 7.455506 7.662643 7.509572 8.18011 8.225856 8.448931 9.334645 9.502439 10.04873 10.47232 10.24244 10.72016 
  5.858506 7.193133 6.523193 5.30659 5.48595 5.877321 6.053664 6.602915 5.931332 5.842463 6.560754 6.603812 7.356501 7.313563 7.903034 8.643764 8.833402 9.197168 9.48946 9.401463 10.01756 10.35349 10.72016 
  6.585524 7.794096 5.687217 5.576773 4.827242 5.211872 6.390078 6.472404 6.636279 5.987489 7.110922 6.738042 7.190674 7.561153 8.18011 8.06914 9.177632 9.334645 9.403126 9.664846 9.788432 10.02034 10.45624 
  6.403769 7.092973 5.791714 5.576773 5.203647 4.966113 5.341438 6.052947 6.248408 6.313796 6.52869 6.483004 6.846264 8.242936 8.557597 8.526228 9.127173 9.262262 9.77502 9.871383 9.895359 10.52878 10.22935 
  5.040483 5.043784 4.123137 4.91737 5.156596 5.236447 4.857026 5.410748 5.800078 5.624926 6.60885 7.512218 7.910692 7.994619 8.498266 8.918276 8.933079 8.991037 9.632239 9.937889 9.895359 10.24244 10.4638 
  5.676751 6.592171 5.060235 5.220097 5.321273 5.433054 4.833959 5.243219 5.350066 6.114386 6.769171 7.342082 7.190674 7.396093 8.854253 8.643764 9.076715 9.17547 9.454926 9.783369 10.42187 10.98495 10.69006 
  6.04026 5.991208 4.591686 4.98224 5.250697 4.351718 4.072741 6.080868 5.875081 5.788079 6.464562 6.885696 7.369257 7.530205 7.914117 7.807948 8.064461 8.567926 9.411759 10.29259 10.52277 10.38125 10.22179 
  5.949383 5.490406 4.483559 5.11198 4.615515 4.450021 5.087698 5.103611 5.650074 6.07813 6.208049 6.925966 7.407525 7.901591 7.847619 8.643764 9.278549 9.732753 9.385859 10.00439 10.57322 10.42741 10.08565 
  5.313242 4.897644 4.916066 4.65789 4.827242 5.088993 5.479841 5.689965 5.818829 5.969361 7.228384 7.455506 7.786668 7.612735 7.792204 8.199737 8.662525 9.407029 9.956739 10.04873 10.4471 10.29102 10.56968 
  5.101096 5.690727 5.791714 4.311916 5.48595 5.16272 4.32648 4.293883 6.137588 6.476949 6.159953 6.885696 7.126894 7.427042 8.169027 8.643764 8.961558 9.077829 9.80098 9.849215 9.979373 10.55413 10.87063 
  5.858506 4.702789 5.164732 5.11198 5.03897 4.818658 5.249169 5.94126 5.425068 6.350052 6.576786 6.939389 7.662643 7.901591 8.379604 8.753569 9.480384 9.132074 9.385859 9.269772 10.11916 10.63016 10.87063 ]
