 [
  4.101077 3.321872 3.985142 4.858637 4.705707 4.375045 5.16455 4.723091 5.9563 6.19901 7.005353 7.076164 8.002021 7.824626 8.163582 8.393372 9.011284 9.6873 9.518944 9.734596 9.639415 9.957741 10.77081 
  3.792182 3.575181 4.440429 4.192066 4.869679 4.884673 4.508436 4.808372 4.645716 5.990446 6.605487 7.057089 6.943957 7.762966 7.729517 8.337675 8.578413 9.310692 9.294858 9.742661 10.68542 10.4681 10.81966 
  3.649616 2.561947 4.23555 5.369676 5.127349 5.111175 4.744637 4.63781 5.230798 6.655608 7.514087 7.438596 6.993554 7.602648 7.984849 8.204003 9.036369 8.45458 9.580132 10.23369 10.16199 10.18184 10.49615 
  4.576299 3.104751 3.643678 5.103047 4.51831 5.035674 5.374506 5.639862 6.143526 6.597177 6.738776 6.84726 6.943957 8.009607 7.614618 9.030317 9.237057 9.335799 9.511295 9.710405 9.82763 10.19585 10.0838 
  4.101077 3.177125 4.417665 4.814199 4.729132 5.394301 5.426996 5.639862 5.230798 5.857724 6.525514 6.675582 7.472989 7.923283 8.481306 8.348815 8.620304 9.111567 9.341255 10.16385 10.0629 10.17484 10.40373 
  4.196121 2.670508 3.484328 4.503133 4.799405 4.903548 5.584463 6.002306 6.143526 5.478518 6.445541 6.427603 7.010086 7.972611 8.418913 8.627298 8.794848 8.727292 8.761286 9.412045 10.16199 10.04178 10.3113 
  4.291165 4.716156 3.302213 5.303019 5.619266 5.299926 5.846909 5.959665 6.509951 6.71404 6.952038 6.84726 7.472989 7.565652 7.90825 8.738691 8.864666 9.561764 9.45725 10.15512 10.24666 10.55522 10.53881 
  3.53081 3.792302 4.668072 6.199433 6.509732 5.318801 5.768175 6.579729 6.143526 6.312772 6.298923 7.362294 7.803634 7.282014 8.240181 8.60502 8.948448 9.086776 9.387653 9.807171 9.740244 10.34831 11.00282 
  4.916515 5.371806 5.851234 6.114645 6.578229 7.590342 6.414926 6.002306 5.535041 6.19901 6.685461 7.648424 8.002021 8.071268 8.828692 8.949312 8.906557 8.665312 9.144066 9.653958 10.01584 10.13982 10.8685 
  6.877892 6.402112 6.124272 6.877745 6.783721 6.53951 6.509595 6.339136 6.66699 6.772471 6.965367 8.338514 9.457719 8.287035 8.977571 9.070819 9.086541 9.285584 9.549538 10.15512 10.35443 10.00676 10.46771 
  4.916515 4.341499 3.848557 5.436333 5.057076 5.654598 5.988913 6.86844 6.66699 7.239923 7.617549 8.23993 9.991474 8.826452 9.374584 9.435337 9.161799 9.247924 9.364454 9.718469 9.988956 10.03477 10.34685 
  4.834791 3.792302 3.848557 5.391894 4.963377 5.148925 5.269528 5.149496 5.652057 6.047327 7.358894 7.845592 7.820166 8.179152 8.163582 9.070819 9.211971 9.111567 9.376054 10.14639 9.915015 10.16783 10.83187 
  4.528776 1.838209 3.894085 5.147485 4.682282 4.280669 4.744637 5.831744 5.74567 5.971486 6.952038 6.923562 7.225006 8.394918 8.112515 8.215142 8.697104 9.273031 9.318056 10.05035 9.921737 10.28297 10.61207 
  4.433732 3.358059 4.622543 5.236362 4.752556 4.544921 4.797126 5.959665 6.300565 6.104208 6.685461 7.553047 7.91936 8.287035 8.278481 8.24856 9.061456 9.185944 9.68721 10.06781 9.894849 10.0838 10.47482 
  4.291165 3.068564 3.894085 4.592009 5.244473 4.412795 5.085816 5.49062 5.535041 6.889334 6.818749 7.114315 7.324199 8.233093 8.630186 8.571602 9.011284 9.398567 9.503647 9.710405 9.79402 9.824682 10.0838 
  4.505015 3.430433 4.577014 5.860278 5.75626 5.20555 6.793604 6.387255 6.457604 7.239923 7.462356 8.289222 8.923963 10.17499 9.275331 9.151823 9.412659 10.12668 10.43676 10.39957 10.76239 10.3592 10.67313 
  3.910988 3.285685 3.211156 4.614228 5.478718 5.488677 7.503625 7.590219 8.132689 8.934437 9.841976 9.965155 10.62228 10.8223 10.11898 10.40739 10.64187 11.05494 10.97956 11.58867 11.05489 11.40465 11.45461 
  4.029793 4.528828 4.941109 5.945066 6.235742 5.488677 8.497656 8.793183 8.7085 10.27836 10.98006 11.5918 11.05899 11.41565 10.56562 10.5694 10.99307 11.55531 11.22801 11.51626 11.16177 11.90727 12.04072 
  4.916515 4.117984 4.850097 5.03639 5.0805 5.356551 6.509595 7.445863 8.970232 9.635615 11.03179 10.50737 10.37966 10.76835 10.01973 10.12387 10.39101 10.52839 11.35224 11.76968 11.41117 11.81656 11.74767 
  6.305824 5.371806 5.214147 5.6907 5.687763 5.092299 6.083582 7.253389 8.027997 8.350122 9.014282 9.028605 8.43873 9.042219 9.275331 9.921362 9.663517 9.486443 10.19966 10.76625 11.0395 11.31753 11.52788 
  7.204788 5.840127 6.670347 7.471268 7.60569 6.152361 6.888273 7.927049 8.080343 8.408554 8.134857 8.092053 8.390207 8.934336 9.771596 10.00237 10.36592 9.950925 10.26849 10.55672 11.51805 11.90727 12.33065 
  9.084441 8.275397 7.944522 8.573524 8.770145 7.092579 8.024308 8.456353 9.546043 9.40189 9.841976 9.669402 10.08852 11.03806 11.31002 11.82496 12.12193 11.75546 12.84296 12.63856 13.29943 14.44718 14.50498 
  13.33409 13.61426 13.5873 13.57607 13.49647 12.40205 11.05373 11.96901 12.4251 11.0964 10.46275 10.26091 10.91342 12.49449 12.69956 12.10847 11.69547 12.2058 13.09141 12.74717 13.01441 13.99363 13.89464 
  16.204 16.36197 17.01629 18.173 17.21777 15.78538 15.4825 16.93256 16.48429 14.13718 12.32506 13.31702 15.62267 16.59884 17.0487 16.06397 14.37803 9.913264 11.68351 12.42134 11.26866 10.54433 12.8647 
  16.30146 16.7827 18.06421 18.9436 18.26395 16.21849 16.28544 18.15071 17.49551 14.68411 13.51487 14.96126 16.66138 17.73497 18.30694 17.14392 15.19572 10.23966 9.924312 11.84209 11.37554 10.47899 10.92955 
  16.16502 16.73222 18.13408 18.5583 17.71009 16.09474 16.43143 18.25222 17.39439 14.98796 15.04163 15.41737 14.95493 16.70704 16.60832 15.90198 13.33732 9.6873 10.00844 10.17258 10.23127 10.60967 11.30808 
  15.69725 16.14319 17.40053 17.48803 16.47929 14.79541 15.55549 17.54163 16.78765 14.98796 14.56609 14.50515 13.82481 14.7061 13.84097 13.40454 12.02159 11.50527 11.72492 10.56545 10.56995 11.51355 11.68661 
  15.7947 16.49661 17.78477 17.95895 16.29467 15.41414 16.21244 18.15071 17.69776 16.14258 14.88311 13.26773 12.66025 14.43639 13.94023 13.24253 11.6453 10.202 9.878421 9.954319 11.04719 11.41554 11.60114 
  16.18451 16.96783 18.23887 18.5583 16.84853 16.09474 16.50442 18.55676 18.3045 16.62874 14.7246 12.62693 12.85435 14.92186 14.48612 14.01207 11.14359 9.699853 9.962554 9.928127 10.47758 10.53344 11.23482 
  16.34044 17.18661 18.48338 18.90079 17.27931 16.28036 16.21244 18.45524 18.70899 17.41875 15.59642 13.11985 13.24253 14.97581 14.43649 14.01207 11.74565 9.750068 9.213662 9.997971 10.58535 10.52255 11.28366 
  16.35993 17.20344 18.51831 18.98641 17.64855 16.46598 16.21244 18.15071 19.2146 17.84414 16.38898 13.61277 13.09696 15.40862 14.9097 14.55204 12.12193 9.123964 9.07447 9.928127 10.62384 10.22852 11.43019 
  16.32095 17.18661 18.48338 18.9436 17.83317 16.40411 15.70148 17.03407 18.91123 17.47952 16.70601 13.95782 13.43663 15.89553 15.47591 14.98402 12.59396 9.561764 9.503647 10.13766 10.49298 10.84925 12.44509 
  16.2235 17.08563 18.41352 18.90079 17.89471 16.34224 15.4825 16.01895 18.10225 17.7226 16.78527 14.59637 13.97038 16.59884 16.10502 15.79398 13.85767 9.323245 9.648968 10.19004 10.55456 11.99798 12.63582 
  16.10655 17.00148 18.30873 18.72955 17.89471 16.15662 15.19052 15.20685 17.29327 17.90491 16.86452 15.78225 15.2517 17.35626 16.54541 15.79398 14.15502 9.260477 9.564835 9.912 10.18508 11.29575 12.52139 
  15.97012 16.951 18.2738 18.60111 17.71009 15.84725 14.82554 14.69929 16.0798 17.47952 17.10229 16.51203 15.77106 17.62676 17.11161 15.63199 14.08068 9.536656 9.893718 10.47814 9.814186 11.31753 12.07736 
  15.85317 16.90051 18.2738 18.47268 17.52547 15.53788 14.53357 14.29324 14.86632 17.17567 17.49857 16.96813 16.29041 18.05957 17.67782 16.49595 15.49307 9.988586 9.771342 10.28607 10.06962 12.4969 12.52139 
  15.71674 16.91734 18.2738 18.38706 17.27931 15.16665 14.0956 13.9887 14.56295 17.1149 18.52891 17.88035 17.18073 18.27598 18.49567 17.08992 16.08776 10.85478 9.557186 10.01543 10.64693 13.13187 12.97914 
  15.56081 16.91734 18.16901 18.25863 16.97161 14.73353 13.73063 13.58265 14.25959 16.02104 18.37039 18.42768 17.40331 18.22188 18.74732 17.4139 16.83112 12.50603 10.56547 10.43449 11.37554 13.94827 13.3606 
  15.50234 16.85002 18.06421 18.04457 16.60237 14.36229 13.29266 13.37963 14.05734 15.35258 18.76668 18.97501 18.36782 18.38418 18.6215 17.30591 16.90545 13.00641 11.02096 10.87974 10.90094 13.35865 13.43689 
  15.32693 16.64807 17.78477 17.61646 16.04851 13.99105 13.00068 13.07509 13.04611 14.68411 18.60816 19.70478 18.88718 18.27598 17.67782 15.416 15.49307 12.60611 10.60688 11.26284 11.00101 13.3133 13.74206 
  15.13202 16.22734 16.31767 16.28932 14.38693 12.56797 11.90576 12.16148 12.84387 14.07641 17.10229 18.42768 17.99686 18.00547 17.86655 15.36201 16.31077 14.00716 11.02096 12.34893 11.98121 13.26794 13.74206 
  14.88685 15.8622 15.40755 15.61101 12.74299 11.40652 10.67505 10.52545 12.11102 13.55053 14.40757 17.78913 18.29363 18.05957 16.10502 14.82203 15.41873 13.50679 11.22801 12.63856 11.73181 12.04334 13.13172 
  14.7234 15.48754 14.49742 14.84791 11.51004 10.85345 10.81706 10.42921 10.54062 11.50542 13.77352 16.96813 16.66138 16.43654 16.67123 14.98402 14.82404 13.6569 11.35224 13.32642 12.97878 12.45154 13.39874 
  14.23306 15.01922 14.3154 14.59354 11.30455 10.57692 9.491686 9.274368 10.01716 10.80425 12.53198 14.87004 15.91944 16.05783 15.91629 14.49805 14.08068 12.95637 11.39365 12.92818 13.12129 12.81438 13.58947 
  13.66099 14.45724 13.49629 13.57607 10.61958 9.857927 8.828999 8.360116 9.179618 9.986205 11.85948 14.41393 14.65816 14.92186 14.78388 13.24253 13.48599 12.65614 11.10378 12.56615 12.58688 11.86192 12.3688 
  13.41582 14.08258 12.8592 12.30424 10.0716 9.08363 8.071643 7.590219 7.609226 8.583848 10.56621 14.04904 14.213 14.49033 13.94023 12.43249 12.22228 11.15501 10.48265 12.05931 11.87432 11.58979 11.84535 
  13.33409 13.2396 12.67717 12.21945 8.564653 7.97749 6.604265 6.483492 6.66699 8.057964 8.962551 13.80994 14.28719 14.38245 12.94769 12.10847 12.04668 11.25509 10.60688 11.62487 11.26866 11.05617 11.54009 
  13.17064 12.86494 12.58616 10.86283 7.194706 7.313807 7.929638 7.060915 7.452187 7.88267 9.47986 13.41561 14.65816 14.43639 13.59284 12.10847 11.54496 10.95486 10.14612 11.11803 10.80857 10.99083 11.41798 
  11.78133 10.52334 10.58389 10.77804 8.222166 6.484202 6.840939 6.627847 7.818611 8.350122 10.0489 12.97198 14.213 14.59821 14.08911 11.86546 11.92125 11.35516 10.77251 11.33525 11.26866 11.77121 12.10178 
  12.76202 11.83464 10.85692 11.0324 9.112633 7.203193 6.272922 7.157152 7.347494 7.765807 9.066013 11.73967 12.56321 12.81814 12.00479 10.24538 11.36936 10.42796 10.10787 11.04562 11.16177 10.7948 11.18598 
  13.0072 11.64731 11.67603 11.79551 8.907141 7.645649 6.793604 6.916559 7.347494 7.941102 8.186588 12.08472 12.80582 12.44055 11.55815 11.05542 10.03981 9.611979 9.993148 10.57418 10.93173 10.80569 11.23482 
  12.43513 10.89799 10.03781 9.421413 8.496157 8.807096 7.077612 6.53161 6.405258 7.824239 8.290051 12.67622 13.09696 12.49449 11.50852 10.44789 10.01472 9.963479 10.00844 10.37338 10.64693 10.38098 10.38951 
  11.29099 9.867689 10.94794 11.20198 8.770145 9.360165 6.698935 6.772203 6.09672 6.71404 7.824472 11.69038 12.41764 11.63142 11.55815 10.52889 9.839119 9.72496 10.25319 10.74006 10.25436 10.06279 10.44639 
  9.002718 9.305704 10.85692 11.62593 9.523617 9.526086 6.793604 6.964677 6.562297 7.648944 7.772741 11.09888 12.02945 12.3866 11.16114 9.67835 10.41609 9.938372 9.526592 10.14639 10.19278 10.59878 10.95397 
  7.449961 8.369061 8.58161 9.845359 8.907141 9.138937 7.64563 6.627847 6.562297 7.47365 7.772741 11.09888 12.61173 12.17084 10.91301 9.718852 9.839119 9.574317 9.909015 9.863617 10.30054 9.908719 10.28997 
  7.449961 7.807076 8.490597 9.760571 8.633151 8.419947 7.55096 7.253389 6.876376 7.064629 7.565818 9.965155 11.44717 11.36171 10.76413 10.28588 9.864204 9.950925 9.771342 9.774916 10.4314 9.768658 10.162 
  8.103753 8.181732 7.671484 8.573524 7.948177 7.147886 6.982943 7.397745 6.509951 7.239923 8.031396 9.472234 10.6708 10.60653 9.523463 9.313831 9.086541 9.637085 9.492047 9.791042 10.1312 10.42454 10.43928 
  6.959616 8.181732 7.398447 7.30169 6.235742 7.590342 6.6516 6.242899 6.300565 6.889334 7.203702 9.127189 10.62228 9.581635 9.176078 8.949312 8.641249 9.223132 9.557186 10.53053 10.09271 10.31564 10.69755 
  6.63272 7.24509 6.033259 6.284223 7.194706 7.147886 6.6516 7.012796 6.562297 6.388613 7.151971 8.437099 9.263625 9.797402 9.027198 8.77211 8.780885 9.086776 9.717804 10.28607 9.941903 10.44632 10.81966 
  6.469272 6.964098 5.487185 5.775488 6.715224 6.871351 6.367591 6.435373 6.248219 6.71404 6.765434 9.127189 9.506242 9.527694 8.779065 8.783249 8.690122 9.161152 9.603077 10.08527 10.33133 10.39187 10.22599 
  4.998239 6.027455 5.942247 5.860278 5.572416 6.097054 5.479485 5.170816 5.488235 6.028367 7.255433 8.437099 8.632823 9.042219 8.779065 8.77211 9.061456 9.173548 9.771342 10.04162 10.1235 10.34831 10.50326 
  4.998239 5.559134 5.760222 6.792956 6.852219 7.037272 6.604265 5.682502 6.300565 6.350692 7.203702 8.634267 7.010086 7.701305 7.997616 8.827806 8.80183 9.260477 9.702507 9.97178 10.30054 10.45721 10.46771 
  5.079963 5.46547 5.760222 7.216901 6.578229 6.53951 5.636952 5.725142 5.81588 6.293811 6.645474 8.584975 8.147591 7.417667 7.806117 8.749831 9.061456 9.586871 9.801936 9.476555 10.01584 10.74035 11.19819 
  5.243411 5.090813 5.487185 6.199433 5.619266 6.373589 5.988913 6.675966 6.562297 7.12306 7.410625 7.993469 8.050544 7.701305 7.755051 8.504766 8.829758 9.511549 9.468849 10.10274 9.988956 10.48988 11.13713 
  3.625855 3.46662 3.91685 5.191923 6.167245 6.705431 5.400751 5.980986 5.769073 5.781883 6.965367 7.438596 7.357264 7.405335 8.367846 9.151823 9.011284 9.198339 9.648968 9.766851 9.988956 10.56611 10.39662 
  6.142376 4.117984 5.032122 4.880857 5.824758 5.931133 5.663197 6.050425 6.120123 6.655608 6.912051 7.266917 7.175409 7.31901 7.921016 8.460208 8.850702 9.099172 9.468849 9.694277 10.02257 10.11181 10.57544 
  5.161687 5.559134 4.941109 5.860278 6.715224 6.262975 6.225587 6.098543 5.839283 5.971486 6.672132 6.866335 7.241538 7.923283 8.58056 8.827806 8.990338 8.987608 9.45725 9.997971 10.30824 10.39187 11.23482 
  4.671343 4.716156 4.599779 5.6907 6.03025 6.981965 6.036248 5.362699 6.248219 6.597177 7.203702 7.41952 8.196114 7.356007 8.43168 9.151823 8.564449 9.247924 9.480448 9.694277 10.17738 10.06279 10.67313 
  4.386209 4.081797 3.347742 5.775488 6.167245 5.875826 6.130917 5.341378 5.652057 5.497478 7.203702 7.438596 7.456457 7.725969 7.933783 9.516342 9.211971 9.0124 9.541889 9.936858 10.27745 10.06279 10.92955 
  3.150633 4.009423 4.850097 5.25858 5.408444 5.654598 4.823371 5.277417 5.020169 5.383716 6.565501 7.343219 8.050544 8.071268 7.997616 8.738691 8.962411 9.398567 9.733101 10.06781 10.23127 10.13282 10.21177 
  5.161687 4.154171 3.894085 5.325237 4.82283 4.790298 4.429702 6.339136 5.88609 6.889334 7.824472 7.845592 7.324199 7.31901 7.882717 8.949312 9.412659 9.099172 9.503647 9.597511 9.7268 9.747648 10.61207 
  4.338687 4.247835 4.668072 4.014314 4.120092 4.752547 4.167257 5.192136 5.394621 6.655608 7.514087 7.457671 7.654844 8.021939 8.43168 8.114888 8.885612 8.913232 9.648968 10.46068 9.948625 10.44632 10.67313 ]
