 [
  5.174197 3.020822 3.371568 3.147393 4.168931 4.791045 5.984519 4.904112 5.702381 6.098893 6.593623 7.154337 7.192795 7.872508 8.49215 8.925933 8.790486 8.807313 9.502512 9.879496 9.952839 10.41474 10.6026 
  4.891171 3.564626 4.136844 3.551538 4.859053 4.640357 4.98105 5.63612 6.016841 6.724949 7.716772 8.040378 8.017 8.033965 8.090787 9.240397 9.23373 9.252116 9.664879 9.757678 9.882983 9.914553 10.22592 
  5.36288 3.331567 2.526762 3.89187 4.346189 4.866389 4.476604 5.541667 6.354309 6.363184 6.070253 7.597358 8.070921 8.314209 8.220278 8.800147 9.001563 9.186163 8.956679 9.879496 10.01571 10.26789 10.74986 
  4.613067 2.787763 3.512369 3.126122 2.928125 3.962261 5.651837 6.551918 6.12933 5.974521 6.75466 6.938451 7.014091 7.893843 8.220278 8.443298 8.757693 9.252116 9.523505 9.757678 9.987766 10.38537 10.52898 
  4.279341 2.735972 1.329953 3.33883 3.282641 3.334395 4.660039 4.880499 5.839957 6.580835 6.633883 6.626616 7.371499 8.104026 8.356214 8.339808 8.539072 9.027575 9.271583 9.52029 9.952839 10.6497 10.70077 
  4.835551 3.331567 3.160366 3.785517 3.915705 5.312373 5.568667 5.518054 5.682727 6.565289 7.018032 7.252786 7.317888 7.893843 8.043699 7.96466 8.768624 8.895417 9.460525 9.914601 9.973795 9.924102 10.67623 
  4.938342 3.357463 2.491561 2.849602 4.244899 4.941733 4.63711 5.25831 5.761342 6.37873 7.305748 7.010413 7.532332 7.605814 7.655226 9.240397 9.059606 9.001143 9.939589 9.148726 10.20314 10.6497 10.50444 
  4.168099 2.425226 3.195566 3.168664 3.941028 4.238523 5.141556 5.70696 5.859611 6.853516 6.895567 7.0344 6.495849 7.669821 7.796489 8.275127 8.856073 9.1333 8.883202 9.540933 9.827099 10.32663 10.57806 
  5.079855 3.823581 3.019565 4.019495 4.548769 4.791045 4.384886 5.305536 5.211037 6.332091 5.748179 5.619146 7.121313 7.712492 8.83199 8.391553 9.291773 9.568295 9.774763 10.37097 9.708345 10.06735 10.23298 
  3.834373 2.192167 3.767461 3.657892 4.194253 4.288752 5.233274 5.730573 5.997187 6.37873 7.018032 6.938451 7.693476 7.744495 7.914208 8.184574 8.888866 9.252116 9.774763 9.768 9.792171 10.22969 10.38113 
  1.331431 2.425226 2.843564 3.360101 3.637157 4.539899 4.453674 5.25831 5.741688 6.316545 7.716772 7.010413 6.97835 8.174087 7.784717 8.585596 9.23373 9.12449 9.802234 10.19545 10.30302 10.38537 10.67623 
  2.888818 3.176195 4.22919 4.615917 4.983166 3.861803 4.018016 4.36101 4.759001 5.601405 5.969605 7.0344 7.693476 8.734574 8.424182 8.158702 8.659313 8.780882 9.69235 9.914601 9.973795 10.26789 10.4799 
  4.613067 3.357463 2.632362 3.466455 4.118286 4.640357 4.843474 5.329149 5.250345 6.363184 6.935827 7.794255 7.550203 7.851172 8.49215 8.800147 8.396968 9.212594 9.719821 9.706072 10.4362 9.99095 10.02839 
  5.976101 2.943135 3.582769 3.657892 4.523447 5.127053 5.818178 5.305536 5.938226 6.724949 7.264646 7.892704 7.639555 8.524392 8.967927 8.800147 9.640024 9.410206 9.802234 10.23055 10.30302 10.97276 10.99527 
  5.315709 3.150299 1.752356 2.658165 4.320867 4.941733 4.774686 5.588894 5.938226 6.332091 7.757874 7.597358 7.747396 7.616482 8.161418 8.988826 9.581982 9.291638 9.582466 9.809284 9.994752 10.47348 10.72531 
  5.740247 3.849476 3.477169 5.638356 7.71366 7.397223 6.23403 6.46696 8.191634 9.10344 10.10071 11.48609 11.95321 11.7472 11.00697 9.491969 9.814149 9.252116 10.26924 10.37097 10.26973 10.82592 10.52898 
  5.174197 3.849476 3.859807 5.21234 8.706568 8.231163 6.067689 6.46696 7.929159 8.524888 9.155355 11.19074 12.11498 11.88732 11.27884 9.051719 9.001563 9.291638 10.13188 10.30076 10.36961 10.56159 10.62715 
  6.023272 4.070158 3.406768 3.89187 6.534584 6.053653 5.34792 5.63612 5.741688 6.596382 6.714401 6.650603 7.747396 7.211109 7.466876 8.674361 8.615589 9.036385 9.523505 9.77832 10.20314 10.44411 10.55352 
  5.740247 4.217279 3.952153 3.019769 4.548769 5.173383 5.901348 5.95721 6.016841 6.724949 6.452716 7.351235 7.496592 8.664514 8.899959 8.737254 8.943521 9.194973 9.939589 10.19545 10.03666 10.32663 10.15537 
  4.835551 2.787763 3.371568 4.019495 4.73494 4.715701 5.393779 6.509439 6.466798 6.724949 6.613753 7.106363 8.71797 9.995672 9.851511 9.554862 9.814149 9.177352 9.554996 9.747356 10.10325 10.29726 10.62715 
  10.03279 11.49978 12.26328 12.199 10.87855 10.73298 10.05987 9.567939 9.504009 9.039157 9.977404 11.09229 13.30123 14.68976 13.72569 12.82529 12.19386 10.51683 9.774763 11.21351 11.86786 11.76575 11.24069 
  13.64795 14.62161 16.10197 17.00604 16.50938 14.95818 13.94494 12.81631 12.4713 11.95485 12.98482 14.77754 17.30792 18.63201 17.89775 16.66176 16.37288 14.27145 12.43944 14.86344 15.20308 15.42846 14.29338 
  13.92682 15.38825 16.35159 17.95173 18.57234 15.97973 14.83136 14.82527 14.53993 15.06566 15.29925 16.19797 18.35471 19.60876 19.33534 18.4648 18.51077 16.11554 13.07127 15.05032 15.74592 15.09483 13.98786 
  14.62397 16.09592 17.05052 17.69955 19.11523 16.72267 14.76317 14.21142 14.36262 14.58176 15.29925 16.54083 19.10241 20.46342 19.79537 18.58773 18.70512 15.93991 13.18081 15.79785 16.04749 14.69448 14.29338 
  14.90284 16.27284 17.49983 18.20392 19.33238 16.6298 15.03591 14.09981 13.83069 13.95959 15.05303 16.49185 19.17719 20.58551 19.96788 18.66969 18.51077 15.85209 13.01633 15.2372 15.74592 15.49519 14.84331 
  15.04227 16.44976 17.74945 18.26696 19.2238 16.6298 15.1041 14.04401 13.77158 14.02872 15.10228 16.49185 19.25196 20.70761 20.08288 18.71066 18.62738 15.2374 12.87897 15.98473 16.53001 15.76209 14.7211 
  15.1817 16.68565 17.8493 18.26696 18.89807 16.53694 14.96773 14.04401 13.94889 14.37437 15.15152 16.39389 18.95287 20.64656 20.14039 18.91556 18.74399 15.67647 13.39989 16.26505 16.34907 15.96227 15.39324 
  15.32113 16.86257 17.89922 18.20392 18.46376 16.3512 14.76317 14.04401 13.88979 14.51263 15.15152 16.19797 18.80333 20.70761 20.25539 18.8336 18.23867 15.32521 13.0438 15.33064 15.38403 15.62864 15.45434 
  15.32113 16.98051 18.04899 18.33001 17.8123 15.97973 14.49043 13.87659 13.88979 14.58176 15.05303 15.8551 18.35471 20.58551 20.3129 18.99751 18.39416 14.71052 13.29035 15.79785 16.04749 15.89555 15.20993 
  15.25142 16.98051 18.19876 18.51915 17.26942 15.60825 14.21768 13.76498 13.71248 14.4435 14.9053 15.70816 18.20517 20.70761 20.54291 19.24338 18.31641 14.07384 13.07127 16.17161 16.53001 16.09572 14.78221 
  15.1817 16.98051 18.34853 18.77134 16.61795 15.14391 13.80857 13.54177 13.59427 14.37437 14.65909 15.26734 17.607 20.15818 20.14039 19.07947 18.12206 13.87623 13.39989 15.33064 15.80623 16.09572 14.90441 
  15.11198 16.92154 18.4983 18.83438 16.07507 14.49384 13.33127 13.15113 13.23965 14.09785 14.36363 14.67958 16.8593 19.7919 19.79537 18.95653 18.12206 13.71814 13.94758 15.2372 15.38403 15.82882 15.20993 
  15.11198 16.86257 18.54823 18.89743 15.53218 13.84376 12.7176 12.64889 12.76681 13.61395 13.8712 14.14079 16.18636 19.73085 19.68036 18.62871 17.84997 13.79718 14.05712 15.70441 15.92686 15.29501 14.7211 
  15.11198 16.86257 18.44838 18.77134 14.9893 13.28655 12.03574 12.09085 12.11667 13.06092 13.37877 13.69997 15.73774 19.36457 19.33534 18.4648 17.88884 14.27145 14.2762 15.2372 15.32371 15.29501 14.78221 
  15.11198 16.80359 18.19876 18.5822 14.66357 12.82221 11.42207 11.58861 11.46653 12.71527 13.03407 13.45507 15.28912 18.99829 19.39284 18.54675 17.11142 14.79833 14.2762 14.86344 15.20308 15.02811 14.53779 
  15.04227 16.62667 17.94914 18.14087 14.55499 12.45073 11.49026 11.477 10.87549 12.23137 12.59088 13.30739 15.13958 18.8762 19.56535 18.4648 16.83933 15.14959 15.15252 14.48968 15.02214 14.7612 14.35448 
  14.90284 16.27284 17.8493 17.76259 14.66357 11.89352 11.69481 11.58861 10.81638 11.40182 12.07363 12.86438 14.84049 18.8762 19.50785 18.79262 17.30578 14.35927 14.38574 14.77 15.14277 14.82793 14.11007 
  14.69369 15.86003 17.74945 17.38432 14.66357 11.15058 11.35389 11.75602 10.9937 11.54008 11.99142 12.76593 14.54141 18.14363 19.27783 18.58773 17.11142 15.14959 15.15252 14.86344 15.02214 14.62775 14.11007 
  14.48454 15.38825 17.6496 17.00604 14.44641 10.87197 10.87659 11.64441 11.1119 11.05617 11.6626 12.32291 14.32573 18.69306 19.16283 18.4648 16.76159 15.06177 15.26206 14.30279 14.4793 14.02722 13.62124 
  13.99653 14.73955 17.49983 16.24948 14.0121 11.33631 10.55889 11.18215 10.81638 10.71053 11.5804 11.92911 14.11005 18.26573 18.6453 17.8911 16.31484 14.62271 14.93344 14.19748 13.99871 13.41045 13.5967 
  13.02051 14.91647 16.70105 15.24074 13.68637 11.24345 9.644014 10.50248 10.32893 10.09984 10.92276 11.33842 13.94828 17.53316 17.72524 16.47308 14.57358 12.96721 13.72851 13.74111 13.466 13.5573 13.44945 
  12.5325 15.44722 16.65113 15.42988 13.46922 10.40867 9.560844 9.610418 9.39152 10.2284 11.08717 11.92911 14.69095 17.22793 17.0927 15.15233 13.18058 11.10967 12.32956 11.8103 12.33398 12.82306 12.32053 
  10.92904 13.26524 15.40304 14.92551 12.2438 9.621063 8.063778 8.888272 8.454109 9.232008 9.40197 9.861683 14.11005 15.60055 15.42489 14.02026 12.19386 11.54441 11.64278 10.58161 10.83573 11.56016 11.70698 
  8.428986 12.01471 14.20254 13.39185 9.203021 7.258233 7.232074 7.613897 6.204323 7.271359 8.374411 8.877193 11.1444 12.23762 11.89055 12.07058 12.54212 11.78155 10.18683 9.984812 10.36961 10.41474 10.6026 
  6.259126 8.851601 8.384752 7.85364 5.914017 5.544024 5.324991 6.042168 6.354309 6.853516 6.412457 6.842502 7.246406 8.033965 8.055471 8.352745 8.943521 9.528772 9.857176 9.879496 10.66926 10.59096 10.39524 
  4.77993 5.100008 6.907219 7.001607 4.016995 4.640357 5.568667 5.588894 5.761342 6.821374 6.472846 7.302011 7.693476 8.174087 8.764023 9.051719 9.117647 8.965901 9.609938 9.949706 10.53608 10.38537 10.43757 
  4.891171 3.227985 4.967957 5.21234 4.610826 4.087835 4.660039 5.999689 6.316813 6.347637 6.976929 6.938451 7.909159 8.033965 8.628086 8.988826 9.175689 9.291638 9.513008 9.613181 10.13655 9.99095 10.6026 
  6.778006 6.718342 7.645986 7.59803 8.768624 10.26968 10.76682 11.30958 10.87549 11.05617 11.78591 12.86438 12.33066 13.63884 13.45382 14.33472 14.16729 14.35927 12.46691 11.66988 10.90232 10.41474 10.47284 
  9.466743 8.925161 11.33982 11.77299 12.49203 13.37942 13.05853 14.32303 13.47606 13.2683 14.36363 16.14899 15.81251 16.86164 16.92019 17.8911 18.51077 19.36463 18.54823 18.13387 17.25379 17.36352 16.73751 
  8.381814 7.968873 9.492903 10.15413 10.32004 10.26968 9.6856 10.71488 10.59141 10.48554 11.78591 15.1204 14.76572 15.88079 15.90067 17.68621 18.82173 19.8037 19.97224 20.18957 18.0982 18.23096 17.47075 
  6.117614 6.49766 8.200061 10.32453 10.75444 9.250423 9.644014 10.03521 8.791576 10.00341 12.07363 14.53264 14.76572 16.09097 15.8327 16.7847 17.539 18.31087 18.11007 17.76011 16.40938 15.89555 16.00427 
  6.211955 5.835614 7.738332 8.961281 9.637418 10.36234 10.8084 10.58744 10.25394 10.64625 12.44315 15.51224 14.84049 15.81073 15.69677 15.4668 16.80046 16.90586 16.02883 14.86344 14.29836 14.02722 13.98786 
  6.966689 7.159706 7.923023 9.813313 10.25798 10.77931 11.96756 12.09085 10.9937 11.26356 12.83709 15.46326 14.16397 15.3203 15.22099 14.83787 15.32812 15.76428 14.60482 14.16237 13.39941 13.05802 13.37583 
  6.872347 7.748191 7.368948 11.17657 12.2438 11.15058 11.14933 11.58861 10.87549 10.64625 12.07363 14.38569 13.13947 15.11012 14.47334 14.33472 15.32812 14.35927 13.61897 13.39005 12.73352 12.82306 12.93407 
  6.023272 6.865463 7.091911 9.046484 10.56827 10.40867 10.60047 10.20513 10.10395 9.746276 12.68936 14.09181 12.1689 15.18018 14.67724 13.89447 15.03792 13.79718 12.68668 12.26667 11.76798 11.3252 11.97694 
  7.296885 7.086145 6.814873 8.705671 11.25089 9.574734 10.35096 10.24761 9.766484 9.392716 11.41599 12.76593 11.84537 14.19933 12.77414 12.63662 13.64491 13.44148 11.83508 11.8103 11.10209 11.20772 11.31432 
  5.787417 6.718342 6.353144 8.194452 10.75444 9.296753 9.020237 9.610418 9.316526 9.746276 13.03407 13.69997 11.09048 12.23762 12.36633 11.75611 13.06449 11.7025 10.76372 11.1784 10.53608 10.41474 10.62715 
  6.872347 6.350539 6.907219 8.535265 11.18884 10.17702 9.269749 9.610418 8.829073 9.457 12.07363 12.86438 10.8748 13.07835 12.36633 11.25297 11.9617 11.26776 10.15936 10.44118 10.4362 10.6497 10.94619 
  6.211955 6.939024 7.461294 8.364859 9.637418 8.648133 9.352919 9.100668 8.304123 8.749881 12.19693 13.15972 11.41401 12.65799 12.02649 10.68693 12.07778 10.95158 10.10441 10.23055 10.16984 10.53222 10.89711 
  6.211955 6.939024 6.999565 8.535265 10.94061 9.760054 8.271704 9.01571 8.041649 10.13198 12.49239 12.9136 11.19832 12.37774 11.68665 10.62404 11.03303 10.6354 9.967059 10.26566 10.33632 10.38537 10.4164 
  6.825176 7.601069 6.722528 8.024046 9.513304 9.574734 8.895481 9.100668 8.791576 10.03555 10.79945 11.53531 11.52185 12.16756 11.27884 10.87561 11.32324 10.83301 10.04947 10.23055 10.83573 10.41474 10.72531 
  6.825176 8.557358 7.461294 7.768436 8.830681 9.018773 8.895481 8.718355 8.154138 8.20347 11.08717 11.68299 10.38951 10.76634 10.53119 10.24668 10.45261 10.04256 9.664879 9.914601 10.53608 10.22969 10.4799 
  5.36288 5.909175 6.260798 6.064372 7.775717 8.323823 7.398415 8.50596 7.966656 8.107045 10.05961 9.861683 8.771891 9.575306 10.12338 10.49826 10.80086 9.686862 9.429034 9.84439 10.23643 10.62033 10.6026 
  5.079855 6.276978 6.537836 6.916404 7.465434 7.165573 7.772682 8.038689 8.191634 8.171329 10.59394 9.861683 8.610128 8.524392 9.783544 9.869327 9.756107 9.370684 9.324066 9.737036 9.799157 10.67907 10.70077 
  4.724309 4.805765 5.522032 5.127137 6.534584 7.258233 7.939022 7.953731 8.004152 8.171329 10.71725 9.861683 8.448366 7.765831 8.764023 9.680648 9.930233 9.212594 9.397544 9.561575 9.827099 10.08645 10.33174 
  5.032684 6.57122 6.168452 5.723559 5.85196 6.563283 6.940978 8.038689 7.854166 7.657061 8.949844 9.074091 8.771891 8.174087 9.103863 10.1209 10.39457 9.370684 9.582466 9.949706 9.589591 10.24879 10.65169 
  4.891171 5.909175 6.353144 5.297543 6.348413 7.443553 7.398415 6.764314 6.65428 7.785627 8.210001 8.384949 8.664049 7.893843 8.055471 8.443298 9.117647 9.177352 10.2143 9.949706 9.875998 9.656712 10.2612 
  4.446204 5.247128 5.33734 3.232476 4.523447 6.099983 6.441956 5.848639 6.166827 7.785627 8.415513 7.794255 8.286604 7.62715 7.67877 8.546787 8.899797 9.252116 9.69235 10.12523 10.4362 10.41474 10.45168 
  4.446204 5.762053 5.983761 4.445511 5.169336 5.960993 6.109274 6.42448 5.387921 7.560635 7.798977 7.892704 7.335758 7.371125 8.220278 8.988826 8.713969 9.370684 9.747292 9.809284 10.46949 10.14374 10.39524 
  3.778753 4.511522 4.413882 4.104698 4.523447 4.615243 5.735008 5.518054 6.054338 7.239217 8.004489 7.941929 7.909159 7.872508 8.356214 9.30329 9.117647 9.168542 9.355556 9.737036 9.792171 10.50285 10.26825 
  4.112478 5.173568 5.152648 5.127137 5.231393 5.683013 5.984519 6.254564 5.505843 7.528493 7.182441 7.498909 7.639555 8.104026 8.031927 8.456234 8.83421 9.370684 9.366054 9.272581 9.862026 10.0196 10.30352 
  5.221367 5.39425 5.429686 3.721704 3.358609 4.489669 5.984519 6.46696 6.804266 6.853516 7.182441 7.106363 6.942609 7.221776 8.043699 8.40449 8.243933 9.331161 9.967059 9.84439 10.13655 10.59096 10.40935 
  5.268538 4.070158 3.952153 3.572809 4.168931 4.514784 5.279132 6.042168 5.584458 6.0678 6.855309 7.597358 7.963079 8.45433 8.102559 8.378617 8.735831 9.177352 9.513008 9.592539 10.16984 10.38537 10.62715 
  5.92893 4.658644 3.582769 4.530714 5.10728 6.331634 6.857808 6.042168 5.839957 6.036707 6.352068 6.554653 7.317888 7.552476 8.055471 8.430362 8.899797 9.607818 9.719821 9.768 10.16984 10.0005 10.55352 
  5.410051 4.217279 3.477169 4.360308 4.859053 5.868333 5.984519 6.212085 6.241819 6.42537 6.915697 7.351235 7.693476 8.033965 8.899959 9.995112 9.756107 9.48925 9.31357 9.613181 9.722316 9.924102 10.57806 
  4.668688 3.923037 2.984365 3.33883 4.422156 5.034393 5.026909 6.084647 5.682727 6.917799 6.633883 6.67459 7.246406 7.637818 8.149647 8.546787 8.943521 8.974711 9.554996 10.05502 10.06996 9.97185 10.31058 
  5.174197 3.719999 2.702763 4.275105 5.355506 4.988063 5.164485 5.801412 6.054338 5.616951 5.647532 7.058388 6.996221 7.765831 8.49215 8.197511 8.692107 9.449728 9.355556 10.09013 10.4029 10.18194 10.82348 
  4.446204 4.437962 3.582769 4.445511 4.796996 4.891504 5.485497 6.127127 6.279316 6.021161 6.73453 7.13035 7.121313 7.637818 8.196733 8.800147 9.23373 8.94828 9.502512 9.768 10.06996 10.21059 10.72531 
  4.613067 3.996598 4.136844 3.955683 4.016995 4.841275 5.141556 5.825025 6.429302 6.052254 6.392327 6.962439 7.963079 8.174087 7.949524 7.783553 8.407899 8.648725 9.450027 9.809284 9.694374 10.0196 10.35996 
  5.693076 3.745894 2.843564 4.189901 4.346189 4.841275 6.067689 6.127127 6.091834 7.014225 7.100236 6.986426 7.621685 7.86184 7.725858 8.611468 8.495347 9.071627 9.408041 9.34483 10.10325 10.356 10.42346 
  4.446204 3.124403 3.230767 4.189901 5.10728 4.988063 4.361957 5.872252 6.579288 6.853516 7.141339 7.892704 7.192795 7.232444 8.288246 8.378617 8.867004 9.291638 9.637408 9.84439 10.10325 10.16284 10.57806 
  5.598734 5.614932 5.152648 4.360308 4.610826 5.405033 5.610252 6.212085 5.663074 6.254358 6.412457 6.890476 7.460851 7.744495 8.149647 8.326873 8.713969 9.080437 9.857176 9.768 9.994752 10.19149 10.2612 ]
