 [
  4.195326 4.07006 3.396594 3.618821 3.49867 3.789522 5.518993 5.033409 4.968703 6.265061 7.418989 6.662263 7.574002 7.972659 8.21911 8.730793 9.531787 9.411896 9.607682 10.34289 10.25941 10.25972 10.57534 
  5.920022 4.757844 3.52339 2.648298 2.652308 3.360157 3.194997 5.818263 5.65792 6.524772 6.934767 7.51623 7.881959 7.641657 8.00654 8.240984 8.829933 8.904734 9.669022 9.927943 10.1773 10.13703 10.89352 
  4.426043 4.122966 3.459992 3.27453 3.522852 4.814819 4.668849 5.100717 5.520077 6.227338 7.031611 7.572523 7.881959 8.137518 8.284352 9.23152 9.479541 9.249392 9.801225 9.481262 10.09518 10.24085 10.29662 
  5.194559 5.445629 3.52339 3.618821 4.894832 5.120612 4.952281 5.067063 4.440303 6.095309 6.741078 7.108714 7.574002 7.82937 8.495303 8.457945 9.322802 9.357728 9.59041 9.686976 9.872005 10.11815 10.57534 
  5.156377 4.228779 3.087071 3.472288 4.006487 3.360157 4.867251 5.033409 6.267497 6.968748 7.176878 7.178472 6.818851 8.192472 8.284352 9.081302 9.113816 9.466064 9.478142 9.821137 10.01886 9.995461 10.14412 
  4.65676 4.493312 4.220772 2.51646 4.199942 3.711455 5.065638 5.876155 6.133673 6.835555 6.518106 7.178472 7.394636 7.82937 8.706254 8.580575 9.531787 9.682736 9.50405 9.839025 9.813264 9.702884 10.49269 
  3.918465 3.908841 3.333195 2.4835 3.90976 3.633389 4.725535 4.764177 5.772789 6.74676 6.470809 7.685108 7.881959 7.895622 8.069061 8.137219 9.009323 9.303559 9.624954 9.868665 10.12255 10.08984 10.76624 
  2.949453 2.619094 2.773828 2.615339 4.33892 3.770005 5.462324 6.049831 6.312104 6.001003 6.837922 7.291058 7.237604 7.82937 8.106573 8.486244 8.766361 9.682736 9.322695 9.812193 9.891584 10.30691 10.42007 
  2.488019 2.336962 2.878243 2.615339 3.426125 4.004204 4.838908 4.949274 5.65792 6.302783 5.63522 7.122665 7.943551 8.027612 8.21911 8.630648 8.829933 9.206309 9.624954 9.400765 10.20467 10.43747 10.82988 
  2.165015 1.893612 2.173445 2.318702 3.788851 4.875978 4.782222 5.117544 5.566024 6.435977 6.502341 7.178472 7.394636 8.137518 8.495303 9.131374 9.375048 9.357728 9.669022 9.651199 10.03844 10.33955 10.30388 
  4.610617 3.263968 2.538896 2.648298 2.869944 3.633389 5.065638 5.268987 5.520077 6.968748 7.322145 6.98315 7.224518 7.37665 8.031549 8.165519 8.512074 9.682736 9.624954 10.25397 10.03844 10.2031 10.36197 
  5.309106 3.747623 2.538896 2.4835 3.522852 4.179853 5.178977 5.991939 6.178281 6.480374 6.092429 6.745973 7.635593 8.192472 8.389828 8.410779 9.113816 9.18046 9.713089 9.898304 10.01886 10.10872 10.07876 
  4.65676 4.175873 3.333195 3.765355 4.33892 4.296953 4.215356 5.369949 5.749816 6.170754 6.983189 7.136617 6.674904 8.247424 8.284352 8.68072 9.009323 9.249392 9.889359 9.987222 10.02865 10.07096 10.67079 
  3.410887 3.505795 1.938513 2.055026 3.837215 4.631343 4.158669 5.644587 5.497103 6.114171 6.983189 7.234765 7.198346 8.082565 8.284352 8.830938 8.537502 9.357728 9.713089 9.713808 10.20467 10.50275 10.73443 
  5.025908 3.465491 3.165382 2.417581 4.269431 4.937137 5.065638 5.934047 5.955241 6.879953 6.123961 7.459937 8.128325 7.917706 7.956524 9.281592 9.009323 9.357728 9.469506 9.552814 10.09518 10.40483 10.82988 
  5.270924 2.740008 3.139279 3.765355 3.401943 4.753661 5.008968 4.831485 6.133673 6.835555 7.031611 7.797694 8.189916 8.35733 7.756458 8.307015 8.499359 9.016747 9.669022 9.758529 10.06781 10.40483 10.70261 
  3.687748 3.263968 2.225652 3.34045 3.571215 3.984687 4.895595 5.470911 5.611972 6.114171 5.982069 6.28557 7.758776 8.082565 7.894003 8.373047 9.113816 9.682736 9.391783 9.615423 9.979695 10.47011 10.8617 
  5.118195 3.102749 2.852139 3.241571 3.571215 4.875978 5.292315 5.702479 6.178281 5.906696 6.644233 6.871537 7.263776 7.972659 7.994036 8.730793 8.931648 9.574401 9.409054 9.347101 10.09518 10.21253 10.63897 
  5.423653 3.626709 3.586788 3.043813 4.616876 4.814819 5.178977 6.512967 6.133673 5.850112 6.060897 6.745973 7.329206 7.619573 8.33709 8.730793 9.009323 9.682736 10.2419 9.987222 10.03844 10.33955 10.53626 
  4.65676 3.908841 4.854755 4.791088 5.03381 5.609881 5.85901 5.934047 6.356712 6.391579 6.360448 8.079159 7.820368 8.137518 7.969028 8.931084 9.427294 9.249392 9.529959 9.927943 10.12255 10.53539 10.57534 
  4.933621 5.022377 4.791357 4.131688 5.450744 5.854516 5.178977 5.117544 5.864685 6.613567 6.7895 6.662263 7.289948 8.742002 8.442565 8.448512 9.009323 9.411896 9.845292 9.740641 10.50577 10.16534 10.52173 
  6.034569 5.551442 5.108348 5.010887 5.7287 5.976833 5.745671 6.281399 6.579752 7.457122 8.968501 11.00639 11.70063 14.1274 14.40194 11.98552 11.93512 11.57862 13.41476 13.81463 13.32515 12.23263 13.31166 
  6.416391 4.029755 7.263891 10.65242 9.967528 6.894213 6.709052 6.918211 6.222888 7.368327 8.871656 11.28786 12.07018 14.2373 14.66562 11.68508 11.72613 11.30778 13.15036 13.63284 13.02405 11.97152 13.50257 
  6.645485 8.143861 10.5606 12.98944 14.17432 13.14947 11.41262 10.73908 8.141029 9.366221 9.162189 10.89381 13.17882 12.09414 11.50136 9.98261 10.1065 10.54943 10.3741 10.40217 9.989486 10.66595 11.14806 
  5.576382 6.397946 8.595255 9.626685 13.21451 13.14947 8.635815 8.076052 6.8474 7.146339 7.418989 9.542775 11.94699 9.950968 9.497321 8.931084 9.584033 9.574401 9.50405 9.704865 9.960115 10.43747 10.44912 
  3.780035 4.493312 4.918153 5.81682 10.17599 10.38025 5.008968 5.454084 5.566024 5.09566 6.281619 7.403644 7.758776 7.88458 8.811729 8.630648 9.06157 9.303559 9.845292 10.25397 10.14992 10.50275 10.70261 
  4.933621 4.652031 2.408378 3.911888 7.11848 7.01653 4.498789 5.760371 6.267497 6.057587 6.20279 7.025004 7.635593 7.321441 8.495303 8.931084 9.113816 9.411896 9.348602 9.740641 10.53314 10.63331 10.67079 
  3.872322 4.546218 4.347569 3.985155 5.798189 5.365247 5.178977 5.201679 5.703868 6.265061 6.423512 7.51623 8.251508 8.851908 9.444584 9.131374 10.21099 10.65776 9.977495 10.01686 10.20467 10.50275 10.57534 
  5.690928 5.868881 4.918153 4.571288 6.006656 5.854516 5.462324 6.165615 5.999849 5.736944 5.761347 7.51623 9.23697 10.22573 11.07946 10.43326 11.51715 12.01197 10.2419 9.868665 10.09518 10.69859 11.14806 
  8.74551 12.30276 14.4192 15.21389 15.01416 14.77659 12.45055 11.83903 11.39741 11.18653 11.87384 13.14552 15.48651 16.37997 16.13469 14.98988 14.44294 15.09955 13.23849 11.49882 11.21745 12.68958 13.78893 
  13.5137 16.68478 16.66691 18.41154 18.3735 18.15598 16.11443 15.08653 13.85994 13.96384 14.36218 15.77815 18.56023 18.90691 18.75432 17.39067 17.52379 17.52374 15.22153 13.21789 12.9693 14.48474 14.61619 
  14.93368 17.6143 17.45362 19.2457 20.65306 19.65794 17.7115 16.79398 15.86777 15.32809 15.75542 17.11172 19.82588 20.11545 19.90695 18.27985 18.02972 17.47218 15.0012 13.51428 12.77769 14.15835 13.88438 
  14.76663 18.01267 17.566 19.80182 20.65306 19.90827 18.18122 17.36312 16.48556 16.01022 16.45204 17.7785 20.82032 21.54372 21.26916 20.14713 20.05345 19.43185 16.39813 14.72358 14.56017 16.32783 14.69391 
  14.76663 18.27824 17.45362 20.2189 20.53308 20.28376 17.99333 17.14969 16.33111 16.07843 16.76868 18.20282 21.09153 21.87333 21.47873 20.59172 20.198 19.174 16.68127 15.08716 14.67002 16.54466 14.69391 
  14.85015 18.41103 17.45362 20.35793 19.81322 20.28376 17.89939 16.93626 16.33111 16.14664 16.83201 18.1422 20.91072 21.87333 21.58352 20.59172 20.05345 18.86458 17.01159 15.63254 14.77987 16.76149 14.77163 
  14.93368 18.54382 17.566 20.49696 19.69324 20.15859 17.80544 16.86512 16.33111 16.28307 16.83201 18.08159 20.91072 21.87333 21.58352 20.5028 20.12573 19.07086 16.91721 15.63254 14.99958 16.65307 15.31568 
  15.01721 18.54382 17.566 20.63598 19.57327 19.7831 17.80544 16.79398 16.25389 16.28307 16.70536 17.96035 20.72992 21.76346 21.58352 20.32496 19.98117 19.12243 16.25657 15.08716 15.21928 16.65307 14.77163 
  15.01721 18.67661 17.67839 20.91404 19.57327 19.40762 17.7115 16.72283 16.09944 16.14664 16.64203 17.83912 20.63951 21.76346 21.47873 20.32496 19.83662 19.07086 16.87002 15.35985 14.99958 16.54466 15.31568 
  15.10074 18.67661 17.79077 21.05307 19.57327 19.03213 17.52361 16.58055 15.94499 15.942 16.64203 17.71789 20.1875 21.54372 21.05959 20.14713 19.18614 18.19416 16.02062 14.26911 15.21928 16.54466 15.16024 
  15.18427 18.8094 17.90316 21.1921 19.57327 18.53148 17.33572 16.43826 15.71332 15.87379 16.5787 17.47542 19.82588 21.43386 21.16438 19.88037 18.82476 18.34887 15.97343 13.81463 14.77987 16.11099 15.47112 
  15.26779 18.94219 18.12793 21.47015 19.69324 17.7805 17.05388 16.15369 15.55887 15.80558 16.38871 17.23295 19.55467 21.32399 21.16438 19.70254 18.96931 18.81301 15.59592 13.6032 14.77987 15.89416 15.3934 
  15.26779 18.94219 18.24032 21.60918 19.9332 17.02952 16.77204 15.94026 15.3272 15.60094 15.94541 16.74802 19.10265 21.10426 20.95481 19.34686 18.3911 18.55515 15.45436 13.54392 15.76854 16.86991 15.00479 
  15.18427 19.07498 18.3527 21.60918 20.17315 16.02822 15.83259 15.37111 14.78663 15.05524 15.18546 16.20247 18.37943 20.77465 20.64045 18.63552 18.102 18.34887 16.20938 13.90553 15.43899 16.43624 15.62656 
  15.01721 19.20776 18.46509 21.47015 20.29313 15.52756 14.32946 14.3751 14.16884 14.16848 14.67882 15.53568 17.7466 20.44505 20.22131 18.5466 17.59606 17.47218 15.64311 14.08732 15.21928 16.11099 15.47112 
  14.93368 19.07498 18.3527 21.05307 20.17315 15.90305 13.95368 14.30396 14.16884 13.82742 14.55217 15.2326 17.6562 20.22532 20.11652 18.45768 18.102 17.57532 15.83187 14.36 14.77987 15.89416 15.31568 
  14.59957 18.8094 18.12793 20.63598 19.69324 16.15338 14.42341 14.30396 14.32329 14.23669 14.42551 15.65692 17.92741 20.66479 20.11652 18.27985 18.3911 18.50358 15.73749 13.81463 13.5715 15.02683 15.782 
  14.26546 18.41103 17.67839 20.07987 19.09336 15.65273 14.6113 14.16167 13.93717 14.16848 14.42551 15.83877 18.46983 20.99439 20.32609 18.01309 18.46338 19.07086 16.5397 13.99642 14.01091 15.02683 15.70428 
  13.84782 17.74709 16.89169 19.2457 17.8936 14.4011 13.85973 13.37909 13.24215 13.41814 13.91887 14.80828 18.37943 20.55492 20.01174 17.92417 18.102 18.96772 16.58689 13.72374 14.45032 15.35208 15.31568 
  13.93134 16.55199 17.45362 18.27251 16.57385 14.27593 13.67184 13.09452 12.77881 13.21351 13.66556 14.62643 17.92741 20.11545 19.38303 17.03499 17.59606 18.76143 16.115 13.0697 14.34046 15.13524 15.00479 
  12.76195 14.82575 17.11646 17.43834 14.89418 13.0243 12.26266 11.83903 11.48662 11.89689 12.55175 13.53957 17.56579 19.34638 18.23039 15.6123 16.29509 17.4206 14.78086 11.91377 12.42185 13.08125 13.24803 
  12.42784 14.95853 16.44214 16.32612 14.41428 12.27617 11.6393 11.49168 11.44202 11.76369 13.0956 14.38397 18.19862 18.46744 18.02082 15.43447 16.43965 17.62689 15.54873 12.47691 13.10616 14.38683 13.82075 
  12.67842 14.42738 15.43067 15.49195 12.95555 9.70751 10.50591 10.33384 9.613091 10.47616 11.09908 13.59587 16.30015 16.37997 15.82033 12.73661 14.02497 15.6954 13.32663 10.93568 11.29957 12.26527 12.16622 
  11.84314 13.76344 14.64397 13.54556 11.70475 9.034764 9.655865 9.697027 9.746914 10.43176 11.68015 13.42699 13.302 13.41301 13.08349 10.58348 11.56939 13.09533 11.34359 10.13542 10.50577 10.99234 11.21169 
  9.661884 11.50603 11.00439 9.553419 7.813369 7.138847 6.142357 5.760371 5.634946 7.057544 7.757945 9.655361 8.929013 9.950968 9.919224 8.630648 9.06157 9.357728 9.624954 9.987222 9.940536 10.19366 10.57534 
  8.974604 10.1014 10.18021 8.234619 7.187968 5.304088 5.689002 6.165615 6.62436 7.057544 8.096901 7.966573 7.44698 7.818328 8.106573 8.68072 9.113816 9.411896 9.801225 9.927943 10.4784 10.24085 10.73443 
  7.180037 8.831646 8.595255 6.549487 4.964321 4.753661 3.960266 4.730523 5.864685 6.613567 7.612678 7.853987 7.574002 7.82937 8.495303 8.981156 9.218308 9.736905 9.713089 9.839025 10.1773 10.24085 10.76624 
  4.749047 5.022377 5.04495 2.615339 4.151578 5.304088 4.838908 5.285814 5.566024 6.391579 6.7895 7.011053 6.975883 7.553321 8.33709 8.486244 9.06157 8.956432 9.555866 10.22433 10.12255 9.948271 10.47816 
  4.841334 3.062445 3.243693 3.618821 4.477898 4.753661 4.413759 5.437257 6.044457 6.151893 6.313151 7.853987 7.697185 7.840412 8.495303 8.542843 9.06157 9.466064 9.713089 9.821137 10.05802 10.24085 10.39828 
  5.194559 4.029755 2.382274 3.472288 4.408409 4.550668 5.178977 5.528803 6.490536 6.702363 6.612701 6.98315 7.172174 7.652699 8.495303 8.401346 8.537502 9.411896 10.06563 9.821137 10.09518 10.2786 10.36924 
  5.232741 4.334592 2.095134 3.545555 4.477898 4.550668 5.122307 5.586695 6.312104 6.170754 6.934767 6.98315 7.38155 7.917706 7.981532 8.580575 9.009323 9.008131 9.41769 9.266604 9.568512 10.2786 10.32566 
  4.472187 4.029755 2.251756 3.406369 4.103214 3.984687 4.668849 4.713696 5.955241 6.74676 6.328917 6.71807 7.697185 7.597489 8.33709 8.68072 8.664646 9.249392 9.757157 9.957582 10.28679 10.40483 10.52173 
  3.503174 2.699703 1.729684 1.923187 4.33892 4.14082 4.470445 4.999755 5.680894 5.359718 6.58117 6.494844 7.758776 7.807286 7.919012 8.278716 8.766361 8.990898 9.977495 9.898304 9.901375 10.40483 10.67079 
  3.549318 3.465491 1.781891 3.692088 4.408409 4.631343 3.676833 5.369949 6.089065 6.019864 6.533873 7.052908 7.881959 8.027612 8.600779 8.580575 8.321358 9.189076 10.06563 10.10578 10.12255 10.37219 10.42007 
  3.595461 3.5461 3.396594 3.043813 3.329398 4.375019 4.470445 5.644587 6.133673 6.019864 6.644233 7.011053 7.224518 7.277273 7.818979 8.730793 8.562931 9.102912 9.669022 9.534926 10.28679 10.53539 10.50721 
  2.949453 2.377267 1.860202 2.846056 3.813033 3.711455 4.527132 5.470911 6.312104 5.887835 6.596936 7.741401 7.881959 8.082565 7.431352 7.976857 8.957077 9.249392 9.098158 9.749585 9.685993 10.14647 10.63897 
  2.303445 1.490566 1.938513 1.362874 2.749035 3.535806 5.292315 6.107723 5.749816 5.831251 7.128456 7.628816 7.198346 7.796245 8.031549 8.222117 8.766361 9.197693 9.713089 9.49915 10.06781 10.56803 10.39102 
  5.538199 4.029755 3.269797 3.406369 3.667943 4.875978 5.178977 5.934047 6.490536 6.001003 6.533873 7.347351 7.473153 8.247424 8.231614 9.081302 9.218308 9.137378 9.757157 10.28361 10.1773 10.33955 10.60716 
  10.00552 11.10767 12.39625 12.85042 13.09453 13.27463 13.67184 14.09053 14.40051 14.57775 14.67882 15.11137 15.39611 14.67693 14.82384 15.43447 15.64461 16.18291 16.77564 17.81402 17.74589 17.30357 16.94781 
  8.898239 9.413616 11.19459 11.31182 11.35731 11.35879 11.75264 12.24428 12.62436 12.80423 12.79386 13.48328 13.79473 13.35806 14.08551 14.68944 15.43562 16.12875 17.43629 18.63208 19.50352 18.71299 18.11362 
  7.829135 7.032824 7.390687 7.062353 6.562568 8.056227 8.182459 8.191835 9.390051 9.898993 10.85697 11.51303 12.31654 14.1274 14.61289 15.16771 16.43965 16.54391 17.62504 19.35924 19.83308 21.31499 19.27943 
  7.867318 7.614796 7.010298 7.721753 8.994682 8.545496 8.862493 9.407568 10.63907 11.00893 10.76012 12.41372 14.0411 13.46796 13.39992 13.73806 15.27888 15.96624 17.15316 18.90477 19.94293 19.79716 19.5126 
  10.00552 10.52465 11.06779 12.26428 13.09453 12.52365 13.29606 13.80595 13.78272 14.3049 13.79222 14.68705 14.96497 14.95169 14.98205 15.16771 15.86144 16.59548 18.14412 19.17745 20.49219 20.01399 18.65767 
  10.25611 10.20721 11.25798 11.89795 12.39964 12.39849 13.29606 13.59252 13.93717 14.10027 13.0956 14.27138 15.57692 15.6109 15.71555 16.23473 17.16241 17.83317 18.2385 19.17745 19.06411 19.14666 18.42451 
  8.516417 8.990365 9.482832 11.67815 12.39964 12.39849 13.85973 13.52138 14.16884 13.69099 13.22225 15.53568 15.84813 15.9405 16.34426 15.87906 17.37923 17.67846 18.00255 18.99566 18.29515 18.60457 17.72502 
  9.814613 10.78919 11.72194 12.85042 13.21451 12.64882 13.76579 13.37909 14.01439 13.69099 14.23552 15.05075 15.93853 16.48983 16.55383 15.70122 17.23468 17.47218 16.72846 17.63223 17.52618 17.84566 16.71465 
  11.17492 12.83392 13.40773 14.37973 14.53425 14.02561 14.14157 14.44624 13.24215 13.82742 14.6155 15.5963 15.33452 16.2701 15.92512 14.73951 17.16241 16.69862 15.87906 16.99597 16.20795 16.21941 16.09288 
  8.363688 10.26012 10.87759 10.28609 10.66242 11.72574 13.39001 13.73481 12.16101 12.73602 13.03227 14.44458 15.48651 14.95169 14.98205 13.23733 14.59968 15.09955 15.2656 15.45075 15.32913 15.35208 14.84935 
  7.752771 9.942682 10.5606 10.72569 11.84373 11.97038 12.14932 12.53374 11.04054 11.98568 12.84228 15.11137 14.47224 14.67693 14.40194 13.13719 14.54744 14.23286 14.25205 14.63269 14.01091 13.99515 13.53439 
  7.943682 10.84209 10.94099 11.16529 11.91322 11.7869 11.92264 12.88109 11.62045 11.27532 12.79386 14.68705 14.28747 13.13824 13.39992 12.53632 13.607 13.36617 13.76731 13.72374 12.85981 12.36319 12.38895 
  7.943682 10.68337 11.32138 11.38508 12.53862 11.72574 11.92264 13.16566 11.44202 10.69815 11.77699 13.59587 13.91792 13.02834 12.29242 11.68508 13.03229 12.17447 13.19443 13.21789 12.3671 11.93888 11.4026 
  8.669146 10.31303 11.38478 11.45835 12.12169 11.72574 11.18594 11.60746 10.01456 10.16538 10.76012 12.5263 12.93245 11.15993 10.92124 10.53341 11.56939 11.19944 11.43172 11.58774 10.88898 11.15554 11.02079 
  8.440052 9.783962 10.87759 11.01875 10.59293 10.38025 10.67592 12.41795 10.99594 9.277426 11.1475 12.86406 12.6245 11.15993 10.4466 9.43181 11.04693 10.87444 11.16732 11.14315 10.64263 11.44929 10.95715 
  7.56186 8.62002 10.7508 9.919752 9.550594 10.56373 11.18594 10.85487 9.657699 10.07658 11.68015 12.63889 10.83835 10.11583 10.13017 10.08276 9.740772 9.628569 10.99105 10.81712 10.4784 11.02498 11.17987 
  7.752771 7.985141 9.229239 8.967285 8.994682 10.13562 10.90259 11.26011 9.657699 9.721402 10.76012 11.96337 10.59198 10.28069 9.444584 9.782319 9.584033 9.628569 9.669022 9.722753 10.56051 10.60067 10.42733 
  9.318244 7.879328 8.658653 8.820752 9.272638 9.890985 9.995882 10.39173 9.568482 9.499414 9.888523 11.96337 10.03766 9.291532 9.550059 9.531956 9.740772 9.899409 9.669022 10.25397 10.36891 10.63331 10.60716 
  10.08905 7.879328 9.102442 7.648486 7.604902 9.218241 9.08917 9.002323 8.274853 8.389473 9.016923 10.1057 9.66811 8.522189 8.917206 9.181447 9.636279 9.303559 9.933427 10.07614 9.832845 10.33955 10.8617 
  8.249141 8.30258 8.278264 7.282153 8.716726 8.728971 9.08917 9.002323 7.338087 7.457122 9.743257 10.44346 8.744239 8.467237 8.864468 8.533409 8.931648 9.249392 9.357239 9.957582 9.940536 10.53539 10.79806 
  9.432791 8.038048 8.024671 6.183154 6.979502 8.423178 9.315848 8.365511 7.025831 8.07869 8.677967 8.754674 7.574002 7.972659 7.793971 8.439078 8.79179 9.520232 9.581774 9.898304 9.940536 10.53539 10.79806 
  7.943682 8.196768 7.771077 6.769287 7.674391 8.056227 7.955781 8.307619 7.204263 7.50152 8.048478 8.754674 7.697185 8.192472 8.389828 8.830938 8.868076 8.896117 9.624954 9.898304 10.28679 10.37219 10.63897 
  7.06549 8.4613 7.897874 5.450487 5.450744 6.527261 6.312366 7.207671 6.668968 6.879953 7.176878 8.135452 7.820368 8.412283 8.706254 9.081302 8.753647 8.697939 9.669022 10.07614 10.04823 10.10872 10.8617 
  7.218219 7.40317 8.088069 6.69602 5.867678 6.037992 5.85901 7.149779 6.490536 6.613567 6.7895 8.304331 7.574002 7.972659 8.54804 8.630648 9.375048 8.844419 9.977495 10.31325 10.28679 10.53539 11.11624 
  6.912761 6.821198 6.629908 5.523754 5.242277 5.242929 6.312366 5.991939 6.62436 6.480374 6.565404 7.459937 7.943551 7.741035 8.389828 8.410779 8.562931 8.930583 9.757157 10.25397 10.12255 10.60067 10.76624 
  6.760032 6.821198 5.869128 5.010887 4.686365 4.570185 5.122307 5.403603 5.999849 6.702363 7.128456 6.508796 7.512411 7.663741 8.169094 8.542843 8.931648 8.999515 9.460871 10.16506 10.1773 10.50275 10.92533 
  7.523677 5.868881 5.04495 4.351488 5.450744 5.793357 5.518993 5.818263 5.198442 6.480374 6.741078 7.066859 6.910453 7.211021 7.656425 8.222117 8.79179 9.682736 9.573138 9.957582 10.12255 10.09928 10.67079 
  5.423653 5.022377 5.552136 4.791088 4.825343 4.692502 5.122307 5.991939 6.535144 6.702363 6.612701 7.150569 7.486238 8.082565 8.600779 8.476811 8.397644 9.357728 9.495415 9.812193 10.31416 10.15591 10.23852 
  5.538199 5.921787 4.791357 3.985155 4.103214 3.574839 5.292315 6.397183 6.312104 5.81239 6.644233 7.234765 7.574002 7.741035 7.894003 8.561708 8.143356 8.723788 9.521322 9.868665 10.20467 10.63331 10.53626 
  5.423653 5.181097 3.459992 4.204955 4.33892 4.453085 4.980625 6.455075 5.910633 6.480374 7.176878 6.843634 7.303034 8.082565 8.231614 9.381738 9.166062 8.896117 9.41769 9.839025 10.25941 10.37219 10.28209 
  5.538199 5.234003 3.776983 4.644554 3.377761 3.321124 4.016953 5.470911 5.910633 5.868974 6.092429 7.234765 7.11983 7.464986 7.481368 8.830938 8.575645 9.120145 9.624954 9.275549 10.34153 10.33955 10.89352 
  5.88184 4.546218 3.840382 3.439328 3.861397 4.277436 3.30837 4.91562 5.520077 5.359718 5.808644 7.066859 7.574002 8.412283 8.284352 8.881011 9.009323 9.223542 9.607682 9.957582 9.969906 10.37219 10.3184 
  4.841334 4.07006 2.982657 3.985155 4.33892 4.316469 4.158669 4.881966 6.758183 6.114171 6.486575 6.494844 7.002055 7.972659 8.231614 9.031229 9.375048 8.956432 10.02156 10.43181 10.61526 10.60067 10.92533 
  5.118195 2.820617 2.956553 3.692088 4.199942 5.487564 5.405654 4.982928 5.749816 6.302783 6.886344 7.347351 7.473153 7.696867 7.718946 8.68072 9.009323 9.303559 9.757157 9.868665 9.969906 10.22197 10.54352 
  5.156377 4.440405 3.459992 2.549419 3.90976 4.570185 4.498789 4.393983 5.726842 5.982141 7.080033 7.011053 7.355378 7.553321 7.531384 8.68072 9.06157 9.145994 9.434962 10.16506 10.1773 10.37219 10.29662 
  5.270924 3.989451 1.599166 3.27453 3.740488 3.809038 5.292315 5.586695 5.910633 7.101941 7.176878 7.51623 7.943551 8.302378 8.653517 8.38248 8.639217 9.736905 9.669022 9.731696 9.441241 10.33955 10.79806 
  5.920022 4.334592 2.486689 1.923187 2.82158 4.043237 4.668849 5.437257 5.772789 7.013146 7.418989 6.801779 6.831937 8.082565 8.495303 8.071188 8.817219 9.171844 9.889359 9.570704 9.803474 10.53539 10.54352 
  5.690928 4.599125 2.826035 3.545555 4.408409 5.426405 4.753878 5.644587 5.749816 6.435977 7.370567 7.291058 8.005142 8.35733 8.811729 8.881011 9.009323 8.801336 9.15861 10.0465 10.36891 10.11815 10.8617 
  5.347288 3.062445 3.21759 2.879015 3.595397 3.984687 5.178977 5.528803 6.222888 6.613567 6.171258 7.347351 7.420808 7.718951 8.181598 8.439078 8.918934 8.723788 9.07225 9.570704 9.823054 10.14647 10.224 ]
