 [
  5.27268 4.724216 4.088983 4.286264 5.377452 5.830488 4.620056 5.805299 5.574162 5.767893 5.453251 6.956434 7.470005 7.661112 8.341967 8.601284 9.05998 9.279461 9.299283 9.677197 10.09983 10.61578 10.45796 
  4.664552 3.714443 3.449657 4.496181 4.508487 3.299938 4.442605 4.904454 6.400692 6.531418 6.654243 7.620674 7.970027 7.61614 8.232704 8.601284 9.188137 9.410602 9.620813 9.667765 9.840217 10.31322 10.49988 
  5.041818 3.573475 4.54317 4.66793 5.160034 4.258064 4.716847 5.421201 5.30331 5.689364 6.532108 7.586515 7.449982 8.065128 8.097454 8.601284 8.881996 9.288829 9.647339 9.592301 9.967367 10.69555 10.32021 
  5.27268 4.425128 4.617847 4.744263 4.532615 4.723439 5.477499 5.958938 6.461688 6.025918 6.838274 6.934416 7.149632 7.559925 8.478543 8.7241 8.704052 9.583895 8.883696 9.611167 10.03094 10.45623 10.78254 
  4.580715 3.663182 3.782106 4.986638 5.377452 5.224452 5.258492 5.421201 5.540306 6.993838 6.267483 7.110562 7.751846 7.706085 8.369282 8.192739 9.045741 9.213592 9.722494 10.21268 9.851775 10.45623 10.46994 
  5.49322 3.727258 4.54317 5.410391 5.160034 5.148698 5.023354 5.882118 5.709589 6.634178 7.043905 7.099553 7.339853 7.559925 8.779015 8.631989 8.917584 9.213592 9.365399 10.15408 10.32914 10.5626 10.71936 
  5.346194 3.368432 4.54317 5.410391 6.029705 5.830488 5.039486 5.181283 6.15671 6.839698 6.491396 6.956434 7.664573 7.46998 8.423913 9.092548 9.316294 9.649465 9.585446 9.724361 10.0425 10.64237 10.92996 
  5.199167 5.222694 5.738 5.904768 5.05137 5.300207 5.769507 5.651659 5.912728 6.428658 7.167283 7.723148 8.275481 9.361713 8.915591 8.576524 9.159657 9.279461 9.894908 9.822025 10.87376 11.99851 12.69898 
  4.748389 5.32239 6.335415 5.692893 5.304979 5.375961 5.988513 6.573494 6.034719 6.274518 6.735666 7.347408 8.100936 9.466842 9.134115 8.754805 9.857399 9.86491 9.965642 10.68147 12.22096 12.53033 13.64928 
  4.245368 5.32239 4.991231 4.83968 4.978985 5.072944 5.477499 5.38429 6.217705 6.377278 6.348906 6.63717 8.0573 7.526195 8.260019 8.24226 9.259335 9.326297 9.5545 9.573436 9.903791 10.58919 10.593 
  3.784266 4.126041 4.841877 5.339765 5.522397 4.422314 5.039486 5.728479 5.658804 6.582798 7.167283 6.780289 7.70821 8.380514 8.396597 8.217501 9.572606 9.611996 9.50145 9.639465 10.21449 9.937582 10.45796 
  4.287287 3.483769 3.909971 5.057263 5.377452 4.312814 4.007042 4.240065 4.829319 5.622053 6.348906 6.472034 7.490028 8.065128 8.232704 7.969898 8.775229 9.719719 9.280393 9.743895 10.47246 10.33155 11.1195 
  4.329205 3.92665 4.54317 5.057263 4.629128 5.072944 4.894299 5.421201 5.973723 5.801549 7.290661 7.244933 8.406389 8.170258 8.12751 8.7241 9.287814 8.747218 9.691547 9.958755 9.909571 10.42964 10.35016 
  5.125654 2.907083 3.858825 5.127889 5.087562 5.52747 6.134518 5.728479 5.845015 5.969826 6.961652 6.978453 7.25976 7.960001 8.157565 8.754805 9.145418 9.307563 9.523554 9.724361 10.67311 10.72214 10.9089 
  5.640246 3.53503 3.909971 4.916013 4.822152 4.88769 5.331494 4.461528 5.912728 6.171758 5.860367 6.747261 7.490028 8.2053 8.615121 9.03114 9.017262 9.471488 9.616392 10.25175 10.47246 10.82851 10.99314 
  6.595917 4.624519 2.682467 4.986638 5.522397 4.066439 5.404496 5.181283 5.845015 5.453776 6.920526 7.825623 7.029492 8.310429 8.067399 8.969732 8.988783 8.919949 9.40318 9.120658 9.701507 10.61578 11.20374 
  5.125654 4.225737 4.319139 4.61068 4.84628 4.915064 4.732979 5.052096 5.912728 6.480038 7.496292 7.654832 7.219714 7.773543 8.669752 9.03114 8.931824 9.597945 9.594288 9.535704 10.12849 9.955906 10.78254 
  5.083736 3.137757 3.628669 4.916013 5.522397 5.830488 5.404496 5.958938 6.095715 6.634178 7.043905 7.176617 8.231845 7.960001 8.56049 8.939028 9.330533 9.066771 9.634076 9.592301 9.828657 10.45623 10.82466 
  5.640246 3.547845 4.088983 4.038181 4.315462 3.710564 5.039486 5.273559 6.644674 6.891078 6.756021 7.31325 7.970027 8.240343 8.423913 8.7241 9.05998 9.508957 9.833015 9.919689 10.18582 10.05669 10.4879 
  4.496879 3.496584 4.692524 3.980932 5.015177 4.668689 4.539396 5.728479 6.400692 6.126884 7.043905 7.210775 7.751846 8.065128 8.314651 8.16798 8.654228 9.368449 9.828595 9.743895 9.811318 10.40305 10.43999 
  6.301865 7.216608 8.277014 8.941662 9.218498 9.466698 9.930627 10.56811 11.34133 12.02908 12.45734 12.85451 13.19641 13.50338 13.7521 13.60594 13.37541 13.11706 12.83241 13.16038 13.42485 13.64715 13.22547 
  10.49211 12.40079 12.98166 14.22766 14.61279 14.69375 14.96416 15.65229 16.29152 16.4024 16.61047 16.68981 16.885 17.12564 17.27039 17.04446 16.88894 16.47412 16.08978 16.43577 16.81013 17.24386 17.03973 
  11.44779 13.99592 13.8031 13.95607 14.29158 14.23922 14.38375 15.25411 15.91523 15.5904 15.5904 15.54738 15.37328 15.1989 14.98351 14.89539 14.83938 14.06124 13.31143 13.42776 14.44926 15.748 16.07103 
  13.72669 17.30285 17.23519 17.39621 18.09507 16.96695 16.45665 17.245 15.16263 12.2346 12.45734 11.87528 12.33365 12.57855 11.51056 11.88661 12.59462 11.12381 10.62889 11.48231 12.88023 13.59397 12.6358 
  14.53534 17.90794 16.89945 18.93522 18.75836 18.80017 17.53455 18.38265 16.47967 13.9084 13.40455 13.01771 14.22437 13.96579 12.69662 13.89248 14.15619 12.48761 10.0408 13.02669 13.90822 13.75352 13.77037 
  14.74577 17.90794 16.95541 19.56893 19.0071 19.31347 18.69537 18.26888 16.35424 14.3724 13.40455 12.6097 14.70813 14.65942 13.22436 14.60884 14.83938 12.69743 10.24567 14.02936 15.38377 15.41558 14.9207 
  14.78523 17.95448 17.17923 19.65946 18.92419 19.24015 19.10995 17.13123 15.53893 13.7924 13.18596 11.79368 14.58719 14.81356 13.1364 15.11029 15.13217 12.59252 10.34148 14.09621 15.82643 15.9142 14.13363 
  14.82468 17.95448 17.23519 19.65946 18.92419 19.24015 19.44161 16.78994 15.22535 13.4444 12.74879 11.54887 14.34531 14.50528 12.96049 14.46557 14.35139 11.96307 10.53309 14.02936 15.87562 16.30202 13.83091 
  14.91675 17.93121 17.3471 19.56893 18.92419 19.31347 19.60744 16.44864 14.91177 13.2124 12.31162 11.2756 13.86156 14.04286 13.04845 14.39393 13.7658 11.96307 11.20372 14.22989 15.58051 15.52639 13.28602 
  14.98251 17.95448 17.3471 19.4784 18.92419 19.31347 19.52453 16.22111 14.6609 13.0964 11.77341 11.17313 13.19641 13.96579 13.04845 14.46557 13.5706 11.43853 11.49114 14.36358 16.31828 16.57903 13.70982 
  15.07457 17.90794 17.40306 19.38787 18.92419 19.24015 19.3587 15.9367 14.15917 12.7484 11.03314 11.10481 13.03183 13.88873 12.69662 13.89248 12.78982 11.12381 11.68275 14.36358 16.02317 16.41282 13.83091 
  15.14033 17.83812 17.40306 19.11628 18.92419 19.09349 19.10995 15.70917 13.78287 12.44012 10.90976 11.00234 12.63911 13.58045 12.43275 13.5343 12.59462 10.91399 11.77855 15.16572 15.77725 15.9142 13.46765 
  15.17979 17.72176 17.29115 18.84469 19.0071 19.02016 18.94412 15.76605 13.65916 12.28598 11.03314 11.00234 13.07547 13.96579 12.60866 13.67757 12.30183 11.33362 11.39533 14.22989 15.38377 15.6926 14.37581 
  15.16664 17.58212 17.23519 18.66363 18.84127 18.8735 18.77829 15.9367 13.72015 12.13184 11.07427 11.00234 13.68016 14.197 12.5207 12.96121 12.00903 11.43853 11.58694 13.96252 15.23621 15.52639 13.64928 
  15.19294 17.41921 17.06732 18.02992 19.17292 18.50686 17.86621 16.73306 13.72015 12.28598 11.81454 11.71207 14.34531 14.27407 12.78457 13.82085 12.59462 11.43853 11.68275 13.82883 14.79355 15.13857 13.28602 
  15.24555 17.30285 16.89945 17.75833 19.33874 18.3602 17.86621 17.92759 13.84559 12.7484 12.5302 12.20169 14.28484 13.96579 13.04845 14.03575 12.59462 11.43853 11.49114 13.96252 15.08866 15.52639 13.70982 
  15.33762 17.18649 16.84349 17.57727 19.58748 18.06688 18.61246 18.83771 15.28806 13.9664 13.1131 13.01771 14.70813 13.73459 12.96049 14.60884 12.39942 11.33362 11.29953 14.43043 15.53132 16.02501 14.01254 
  15.36392 17.04685 16.67562 17.48674 19.33874 17.62691 17.53455 17.87071 16.91869 14.4884 13.47741 13.58892 15.13141 13.42631 12.78457 14.46557 11.81383 10.38945 11.68275 14.49727 15.38377 16.19122 14.13363 
  15.32446 16.88394 16.39584 17.12462 18.75836 17.18694 16.95414 18.09824 17.67129 15.0104 13.62313 13.58892 15.01047 12.57855 11.72909 12.60303 11.22825 10.28454 10.8205 13.56145 14.99029 15.47099 13.952 
  15.24555 16.65122 15.89223 16.49091 17.84634 16.45365 16.2079 16.33488 17.10684 15.4744 13.62313 13.75213 14.82906 12.06001 11.99296 12.60303 10.74025 9.424652 10.24567 13.02669 14.49844 14.41834 13.58874 
  15.12718 16.53485 14.71713 14.9519 15.85646 15.86701 15.37874 15.36787 16.85597 14.9524 13.69599 13.83373 14.76859 12.1301 12.08092 12.5314 10.62634 9.761871 9.819753 12.22456 13.95741 14.19674 13.07806 
  15.07457 16.48831 13.87778 13.46169 14.36405 14.98707 14.16475 14.56273 15.97794 14.7784 13.25882 13.83373 14.28484 12.27027 11.42862 11.33394 9.672284 9.51364 9.233167 11.63857 13.71148 14.03053 12.61474 
  14.94305 16.51158 14.04565 11.90793 11.68257 12.72414 13.06972 12.25814 13.0492 13.3864 12.09303 12.6913 12.5082 10.58821 10.52721 10.44353 8.974543 9.066771 9.695969 10.91586 13.10954 13.32806 12.21461 
  14.78523 15.98983 12.98166 10.07167 11.17526 12.64838 12.70471 10.26083 11.15834 12.7484 11.85567 11.71207 11.67911 10.51813 11.26472 10.65845 8.931824 9.672883 9.5545 10.48614 11.99165 12.68988 12.50944 
  14.09426 14.99287 11.33877 9.506664 10.30559 11.2848 11.09866 11.02903 10.97536 12.18322 11.32102 12.28329 13.13594 10.413 10.71841 10.35141 9.529887 9.33098 9.788807 10.27128 11.18906 11.94533 11.75129 
  12.32994 12.50048 10.06926 8.517909 9.943224 12.19386 12.12069 11.48995 11.82929 13.9084 12.89451 11.4464 12.0282 10.51813 10.71841 9.952261 9.586846 9.710352 9.797648 10.40801 10.87376 11.59965 10.6983 
  9.68347 10.00809 8.202337 7.387902 9.798279 12.34536 12.85071 11.87405 11.95128 13.5024 12.5302 12.03848 11.94093 9.887356 9.707741 9.583813 9.529887 9.541742 9.355954 10.25175 10.52979 10.88169 10.84572 
  7.036996 8.213566 8.052983 7.034775 7.624102 10.98179 12.6317 11.10585 11.09735 12.9224 12.02017 11.54887 11.24275 9.747185 9.680426 9.276772 9.572606 9.349715 9.642918 9.958755 10.32914 10.19412 10.78254 
  6.595917 7.216608 7.380891 5.834143 7.624102 10.75452 11.24466 9.569458 9.084495 11.25838 10.95089 10.66076 10.32638 9.361713 10.03553 9.18466 9.501409 9.715035 9.996589 9.958755 10.07117 10.45623 10.51186 
  6.66943 6.618434 6.559445 5.481016 6.46454 8.103119 8.178576 7.956247 8.291553 10.12802 9.223591 9.772642 9.235478 8.871114 9.789687 9.000437 9.487169 9.855543 9.478742 9.939222 10.3578 10.24909 10.47592 
  6.742944 5.122998 4.165701 4.986638 7.334211 8.709154 8.762593 7.34169 9.206486 9.203177 8.524446 9.396902 9.060933 7.784786 8.451228 8.527003 8.86776 9.230865 9.488187 9.479107 10.24315 10.80192 10.99314 
  5.787272 6.119955 6.559445 5.692893 5.232507 6.133505 7.083545 6.650314 7.864584 7.404878 6.8794 7.859781 7.620937 7.694841 7.811928 7.808956 8.696934 9.312246 9.492608 9.743895 10.18582 10.37646 10.2723 
  6.228352 5.521781 5.364615 4.877846 5.304979 5.300207 5.258492 5.728479 6.766665 7.045218 7.126157 7.68899 7.751846 8.310429 8.172593 8.24226 8.49052 8.712672 9.903749 9.413076 9.736184 10.34071 10.39807 
  7.184022 5.422085 6.858153 6.18727 6.319595 5.906242 6.061515 5.651659 7.193634 7.507638 6.797148 6.879371 7.219714 7.773543 7.872039 8.019419 8.775229 9.649465 9.289838 10.17362 10.61578 10.8551 11.1195 
  6.88997 6.02026 6.783476 5.975394 5.59487 5.375961 5.331494 6.189397 6.583678 7.096598 7.043905 7.210775 7.70821 8.170258 8.423913 8.785508 8.8037 8.937222 9.148161 9.900156 10.50112 10.48282 10.76148 
  6.66943 6.419043 6.858153 4.986638 6.102178 4.750814 4.474868 4.978275 6.217705 6.685558 7.41404 7.757307 8.231845 8.240343 8.314651 8.378442 9.003022 9.075407 9.412625 9.68663 10.07117 9.992554 10.6983 
  6.007812 6.02026 6.410092 4.986638 5.377452 4.750814 5.112488 5.292014 5.726517 6.149321 7.002779 7.31325 7.577301 8.100172 7.841983 8.7241 8.910467 9.715035 9.863962 9.705496 10.41513 10.48282 10.55089 
  6.595917 6.219651 6.111384 4.400764 4.918665 3.628439 4.797507 4.99673 6.034719 6.531418 6.756021 7.176617 7.19969 7.17766 7.887066 8.267021 8.931824 9.26541 9.422071 9.328181 10.32914 10.93487 10.6983 
  5.713759 4.624519 4.468493 4.83968 4.556743 3.710564 5.18549 5.199738 5.912728 6.377278 6.8794 6.846344 7.882755 8.135215 8.451228 8.539383 9.045741 9.761871 9.713652 9.99782 9.984706 10.09334 10.61406 
  5.125654 3.727258 4.24242 4.343514 4.930729 4.99719 5.550501 6.343036 6.034719 6.093229 7.455166 6.956434 7.129609 7.065228 7.60154 8.662692 9.145418 9.014951 9.450406 9.564003 9.776641 10.37646 10.55089 
  5.125654 4.624519 5.215262 5.26914 5.160034 5.754733 5.404496 5.958938 6.339696 6.428658 5.860367 7.210775 7.577301 7.784786 8.724383 8.328921 8.903349 9.196318 9.709231 10.23221 10.09983 10.45623 11.09844 
  5.125654 3.086496 4.140129 5.127889 4.629128 5.300207 5.696505 6.803953 7.254629 6.093229 7.043905 7.791465 7.389912 8.100172 8.022316 8.662692 8.462049 8.963132 9.757861 10.17362 9.967367 10.40305 11.45645 
  6.081325 3.406877 4.393816 3.980932 5.015177 5.148698 5.331494 5.421201 5.50645 5.969826 6.572819 7.077535 7.480017 7.413764 7.270929 8.631989 8.917584 8.824947 9.868382 9.763427 10.24315 10.32238 10.45796 
  3.868103 3.611921 4.216847 3.694682 4.701511 5.451716 4.749111 5.958938 6.034719 6.377278 6.471041 6.879371 7.339853 8.345471 8.451228 8.7241 9.45869 9.733769 9.65618 9.802492 9.840217 10.24909 10.76148 
  4.874144 3.522214 4.114555 4.986638 5.160034 5.148698 4.845903 4.406162 5.421808 5.767893 6.247127 7.518199 7.533665 7.188902 7.556456 8.7241 8.682699 9.127226 9.157606 9.724361 10.30048 10.11166 10.46994 
  2.442878 3.240279 4.140129 5.339765 5.739815 5.072944 4.378077 5.805299 5.455665 6.428658 6.8794 7.415724 7.029492 8.135215 8.157565 8.576524 9.07422 8.894039 9.308728 10.11502 10.12849 10.34987 10.17648 
  4.748389 4.026345 4.841877 3.809182 4.375782 4.504439 4.829771 4.922909 5.760374 6.325898 7.249536 7.415724 6.849282 7.672355 8.369282 8.662692 9.031502 9.298196 9.40318 9.413076 10.12849 9.763505 10.67724 
  5.49322 3.624736 3.858825 4.572514 4.315462 4.367564 4.281285 4.867543 5.658804 5.509869 5.860367 7.518199 8.231845 8.065128 8.505859 8.846916 9.344772 9.518324 9.598709 9.99782 10.07117 10.31322 10.52983 
  4.329205 4.225737 4.54317 4.687013 5.232507 3.245188 5.404496 5.958938 6.095715 6.025918 6.369262 6.560106 7.459993 7.559925 8.314651 8.576524 8.881996 9.715035 10.05406 9.802492 9.944248 9.946744 10.42801 
  5.199167 3.099312 3.807679 5.26914 5.232507 5.072944 5.477499 5.421201 5.489521 5.779112 7.002779 6.989462 7.449982 7.110201 7.857011 8.754805 8.611521 9.222228 9.620813 9.6206 9.672608 10.42964 10.92996 
  4.664552 4.425128 4.319139 5.057263 5.59487 5.451716 4.652319 5.882118 5.489521 6.115666 6.694954 7.347408 7.839118 7.924957 7.751817 8.22988 8.860642 9.279461 9.469296 9.724361 9.990485 10.34987 10.14653 ]
