 [
  3.078656 3.88836 4.491956 5.158798 4.605594 4.303719 5.599137 4.813884 5.556498 6.506189 6.721473 7.115777 7.931782 8.503536 8.594942 7.94486 8.76405 9.035223 9.518701 9.663804 10.02388 10.2005 10.24305 
  3.912689 3.815161 4.044457 4.63723 4.715786 4.418767 4.384975 6.139632 5.465159 6.155225 6.906198 7.659613 8.064831 8.467229 8.212279 8.345389 9.386658 9.109194 9.396628 9.622503 10.08103 10.55126 10.23349 
  3.723136 3.851761 2.957675 4.016315 4.627632 3.901052 4.003381 5.561124 6.134974 5.71652 6.647583 7.421685 7.494622 7.432473 8.462989 8.684299 8.81406 9.393137 9.551253 9.870312 10.21984 10.2005 10.52021 
  4.291795 3.302773 3.596959 4.835923 4.297054 5.051529 4.974711 4.813884 6.317652 5.848132 6.315078 7.387695 7.912775 8.231232 8.133107 8.792134 8.824062 9.343434 10.19325 9.498598 9.795253 10.28517 10.52021 
  3.495672 2.863584 3.053568 4.56272 5.222672 5.741816 4.454356 4.717466 6.530775 6.111355 5.982574 6.673911 7.285546 7.341704 7.869202 8.422415 8.954088 8.924267 9.551253 9.798034 9.836079 10.00698 10.17615 
  3.836868 3.339373 4.907491 5.357491 5.465096 4.994005 5.148163 5.898587 6.043636 6.067484 6.684528 7.115777 6.8864 7.958928 8.436599 8.437819 9.044106 9.121522 9.421043 9.849661 9.697272 9.958605 10.47243 
  4.405526 3.668765 4.523921 5.233308 5.354904 5.166577 5.113472 5.175452 5.708729 6.59393 6.684528 6.77588 7.399588 8.158617 8.357427 8.437819 8.654028 9.542244 9.702312 9.5399 10.24949 10.61871 10.57756 
  4.481348 3.229575 3.948565 4.686903 5.509173 5.425434 4.211523 4.596943 5.61739 6.506189 5.871738 6.605931 7.513629 7.92262 8.886615 8.453224 8.744046 9.035223 9.47801 10.00123 10.54603 10.34564 10.26216 
  3.306119 3.668765 4.683742 4.736577 5.11248 3.987338 4.662498 5.320079 5.495605 6.55006 6.499803 6.435982 7.285546 8.430922 8.711611 8.761324 9.064111 8.998238 9.331524 10.03396 10.21984 10.52707 10.67313 
  3.116566 3.632166 4.779634 5.158798 4.539478 4.131147 4.766569 4.669257 4.886683 5.848132 6.647583 7.183757 7.342566 7.72293 8.26506 8.46863 9.034104 9.492541 9.626782 10.09942 9.827913 9.777181 10.6349 
  3.685225 4.437347 5.962506 5.605857 5.712413 5.713054 5.286924 5.247765 5.708729 6.506189 6.906198 7.217746 7.494622 8.122311 8.027545 8.576465 9.386658 9.691351 9.209452 9.622503 10.33845 10.78734 10.85373 
  4.329705 2.900183 4.428028 4.736577 4.275015 4.361243 4.662498 5.75396 5.130252 5.365557 6.499803 6.605931 7.741713 8.358307 8.449794 8.967346 9.174132 8.961252 9.298971 9.519249 10.42741 10.46659 10.28128 
  3.571494 2.790385 4.619813 4.984942 5.487135 4.706386 4.835949 6.213917 6.165421 6.199096 6.684528 7.047798 7.456608 8.231232 8.711611 8.699704 8.534004 8.998238 9.119932 9.446972 10.14635 10.75362 10.72092 
  3.040745 3.192976 4.14035 4.63723 5.024326 5.310387 5.668518 6.436773 6.104528 6.55006 6.462858 5.756187 6.905407 7.92262 8.344232 8.918253 8.634025 9.294121 9.740076 9.674129 10.13819 10.40612 10.58711 
  5.163738 3.815161 4.459992 5.407164 5.898508 6.017832 8.035839 7.996762 7.236331 7.602951 7.718987 7.149767 7.38058 8.637353 8.185888 8.28377 8.974092 9.442839 10.00443 10.16488 10.54603 10.58498 10.52021 
  6.127517 6.350696 5.962506 6.754313 5.991556 6.753875 9.271482 9.631036 8.554214 9.013921 9.292341 8.836571 8.863821 9.574069 8.82828 9.163721 9.758578 9.207821 10.00443 9.903042 10.14635 10.75362 10.98556 
  8.97272 9.817211 9.624613 7.461055 5.991556 8.133956 9.51861 10.07675 10.84619 11.01047 10.75918 10.36382 10.73699 10.84533 10.86999 10.68563 11.67131 11.08302 10.04219 10.42672 10.51637 11.2258 11.1833 
  9.684021 11.78469 11.28128 8.25614 7.480313 7.85794 8.530096 10.22532 11.70568 11.48334 12.05 11.72138 12.0248 12.45113 11.68667 10.98019 12.57454 12.02736 10.75972 11.605 11.46528 11.59679 12.36974 
  8.413841 12.6279 12.67637 9.051226 6.922029 7.305907 7.953464 8.071047 10.27319 9.329165 9.233668 9.62848 10.56138 11.24678 10.22831 10.882 10.71494 10.6854 10.26878 10.81948 10.90187 11.93406 12.46861 
  6.076709 10.94149 11.28128 7.107684 5.712413 5.925827 6.717821 7.922477 7.923923 8.908839 9.58571 9.571916 10.03455 10.24315 10.57832 10.98019 10.71494 9.939862 10.75972 11.63773 11.22805 12.20388 13.52323 
  5.467023 8.224488 8.403911 5.332654 5.597328 6.569864 7.047326 8.219618 8.09582 8.646134 9.468363 10.42039 9.976017 10.04243 10.69498 10.882 10.76807 10.58599 11.32619 11.53954 12.05835 13.21569 14.18236 
  7.194468 9.348763 10.84531 11.43648 11.66744 11.81417 12.40178 12.97387 12.96626 13.00702 13.86888 14.09711 14.24919 14.05692 14.54506 13.87673 13.53091 12.62379 12.98783 13.53607 13.03691 14.05886 15.49729 
  4.746722 7.943419 9.363033 9.757967 9.713449 9.790052 10.42475 11.41388 11.53378 11.64096 12.57806 12.96581 13.72236 13.8562 13.96172 14.0731 14.27475 13.81665 13.5543 13.92882 13.71894 14.32868 15.95323 
  6.43236 7.287592 9.363033 9.84631 9.248213 9.790052 10.34237 12.45387 12.79436 13.05956 13.69286 13.24864 14.65895 14.99364 14.9534 15.2616 15.49677 15.25801 14.23407 15.07584 15.4452 15.83929 16.83004 
  7.854961 9.629831 10.93251 11.34814 11.3883 11.07813 11.57801 14.08815 13.31006 13.26973 14.39695 14.49307 14.30773 15.12746 14.66173 14.8586 15.01859 14.71129 14.23407 14.78553 14.74169 15.21285 15.67266 
  8.769491 10.56673 10.23496 10.46471 11.85354 11.90618 12.3194 12.23102 13.13816 12.90194 12.46072 12.51329 12.6687 14.6591 13.0867 12.79666 13.90283 12.7729 12.34584 12.9142 11.6432 12.84469 13.52323 
  9.175949 12.72159 12.2404 11.52482 12.03963 12.64222 12.81366 12.75101 13.65385 13.05956 12.46072 11.49512 13.07846 14.99364 13.0867 12.30572 14.38101 12.62379 12.98783 13.27423 10.84256 13.24942 14.28123 
  11.97035 15.90704 15.64093 15.23522 15.76153 17.15048 17.37979 17.45151 16.66912 15.87852 14.74899 13.24864 14.54187 16.2649 14.83673 12.89485 15.01859 14.06516 13.28995 13.37242 11.40598 13.28314 14.21532 
  14.12902 17.40632 16.5186 17.32058 18.10107 19.90469 20.91627 20.77351 20.31433 19.49708 17.57031 15.96661 16.50875 17.94104 16.47752 15.83991 18.04225 17.33697 14.42108 14.14684 13.06657 13.11451 13.42436 
  14.49907 17.31557 15.9897 17.26751 18.23557 19.60099 20.78025 21.43791 20.73093 19.64786 16.96235 16.01628 16.25969 17.0678 15.94509 15.65919 18.16882 17.62704 15.51764 15.39519 14.01548 14.12632 13.52323 
  14.86913 17.22482 15.9897 16.98449 17.93294 19.68776 20.98428 21.62774 20.73093 19.64786 17.24295 15.81759 15.59553 18.06579 17.17046 16.16521 18.46415 17.98962 15.3918 15.42422 14.71899 14.76713 13.58914 
  15.17752 17.15223 16.16409 16.82539 17.66393 19.81792 21.05229 21.343 20.62678 19.57247 16.82206 15.71824 15.36139 17.73313 17.63241 16.96038 18.50634 17.84459 15.10418 15.54035 15.03671 14.63222 14.14941 
  15.36254 17.125 16.40043 16.91373 17.52943 19.73115 20.98428 21.05826 20.62678 19.49708 16.3544 15.17185 16.88234 19.0222 18.04817 17.10496 18.63291 17.88084 14.3096 14.72747 14.83246 14.93096 14.28123 
  15.4859 17.18852 16.63677 17.126 17.52943 19.77453 20.98428 21.05826 20.52263 19.27092 16.3544 15.05872 16.92385 18.7727 17.95578 16.81581 17.74692 16.97438 14.94239 15.19197 14.44666 14.86831 14.21532 
  15.60925 17.29742 16.83934 17.2852 17.56305 19.77453 20.91627 20.86843 20.31433 19.12015 16.58823 15.00215 16.42573 18.60637 17.95578 16.96038 18.2532 16.97438 14.38513 14.37909 13.86721 14.63222 14.31419 
  15.67093 17.3791 16.99128 17.42671 17.6303 19.8613 20.84826 20.86843 20.21019 18.89399 17.38325 15.96661 17.08989 18.56478 18.09437 16.67123 17.8313 17.01064 14.52894 14.6694 13.57068 14.9936 14.51193 
  15.7326 17.38817 17.12633 17.53284 17.66393 19.8613 20.78025 20.6786 19.89774 18.66783 17.47678 16.11562 17.62952 19.27169 18.51013 17.03267 17.4516 16.57554 14.90644 14.64037 14.60552 16.65365 15.04136 
  15.79428 17.4154 17.19385 17.58591 17.69756 19.90469 20.78025 20.6786 19.68944 18.89399 17.94444 16.71169 17.46348 19.39644 18.60252 17.10496 18.00006 17.55452 15.40978 14.93069 14.26511 16.24647 15.28686 
  15.79428 17.4154 17.21073 17.6036 17.66393 19.90469 20.71224 20.6786 19.58529 18.44167 18.03797 16.26464 16.63328 19.27169 18.74111 17.17725 17.53597 16.64806 14.3096 13.60152 13.89686 16.18383 14.90741 
  15.79428 17.39725 17.21073 17.55053 17.59668 19.8613 20.71224 20.48877 19.37699 18.44167 18.31857 16.61234 16.96536 19.14694 18.74111 17.2134 17.07189 16.35799 14.56489 14.05974 14.62822 16.21515 15.42715 
  15.79428 17.39725 17.19385 17.55053 17.59668 19.77453 20.64423 20.39386 19.1687 18.21551 18.4121 17.0594 17.1314 19.06378 18.60252 17.39412 17.87349 16.82935 15.05025 14.72747 15.15018 16.68498 15.60251 
  15.79428 17.43355 17.19385 17.53284 17.56305 19.73115 20.64423 20.20403 18.85625 18.36628 18.6927 17.30776 17.25593 19.06378 18.51013 17.43026 17.87349 17.08316 15.0143 14.55328 14.78708 16.46572 15.95323 
  15.85595 17.46077 17.21073 17.51516 17.59668 19.81792 20.64423 20.10911 18.3355 17.91396 18.36533 17.55612 17.29744 19.68752 18.97209 17.17725 17.0297 16.53928 15.14013 14.64037 14.58283 16.12118 15.67266 
  15.85595 17.488 17.19385 17.56822 17.66393 19.90469 20.57622 19.91928 17.91891 17.6878 18.64593 18.15219 17.5465 19.0222 18.69491 16.96038 17.4094 16.86561 15.24799 14.61134 15.19557 16.49705 16.23381 
  15.7326 17.47892 17.10945 17.56822 17.69756 19.94807 20.30419 19.63454 17.50231 17.31087 18.1315 18.05284 17.50499 18.2737 18.04817 16.49051 17.07189 16.6118 14.78061 14.2049 14.78708 16.27779 16.26888 
  15.67093 17.50615 17.0588 17.62129 17.93294 20.07823 19.96414 19.15997 17.60646 17.61242 17.89767 18.3012 17.75405 18.31529 18.32535 17.28568 17.53597 16.75683 14.69072 13.69971 14.24242 16.30911 17.11061 
  15.60925 17.55152 16.99128 17.62129 18.20194 20.25177 19.82812 18.40065 17.29401 17.53703 17.71061 18.00317 18.00311 18.44003 18.23296 17.10496 17.74692 16.97438 15.21204 13.96155 14.76438 16.84159 17.21583 
  15.4859 17.5969 16.85623 17.65667 18.57183 20.07823 19.6241 17.26168 16.46082 16.93394 17.52355 17.9535 18.21066 19.0222 18.55633 15.83991 16.39685 16.03166 14.65477 13.50333 14.49205 16.02722 16.3741 
  15.17752 17.65134 16.55236 17.69205 19.07622 19.42745 19.14803 15.74305 15.21104 16.10468 17.24295 17.85415 18.21066 18.93903 18.64872 16.09292 17.4516 16.93812 15.05025 13.37242 14.40128 16.30911 16.58453 
  14.6841 17.69672 16.31602 17.69205 19.61423 19.55761 18.46794 16.02779 14.27369 14.97388 16.44793 17.70514 17.79556 18.48162 18.41774 16.16521 17.32503 16.64806 14.65477 13.53607 13.89686 15.96457 16.16367 
  14.12902 17.69672 16.58612 17.97507 19.64786 20.07823 17.92387 16.12271 14.16955 14.16292 15.27705 17.10907 17.04838 17.40046 16.98567 16.20135 17.28284 16.82935 14.60084 13.2415 14.40128 15.90193 16.16367 
  13.51225 17.61504 16.87311 18.01045 18.37007 19.47084 16.76771 15.64814 13.76845 13.58497 14.80766 16.76136 16.84083 17.52521 16.7085 14.95679 16.56561 16.10418 14.1963 13.33969 13.71894 15.77664 15.88309 
  12.64878 17.4517 17.10945 18.02814 17.93294 18.38621 16.76771 15.49957 14.16955 14.58325 15.74644 16.36398 16.46724 17.52521 16.89328 14.95679 15.97495 15.70534 13.93195 12.45598 13.62998 14.63222 14.74263 
  11.25904 17.21575 17.22762 17.90431 18.2692 17.51851 16.76771 15.64814 14.27369 15.80313 16.3544 17.15874 16.34271 17.15096 16.20035 14.61313 15.60303 14.8604 12.95007 12.03049 13.03691 14.05886 14.34715 
  9.938057 16.93762 17.21073 17.58591 18.4037 16.59845 16.43821 15.49957 14.11225 16.02929 16.91559 16.96005 16.46724 16.66635 15.18674 14.02401 15.76243 14.76099 12.11925 10.68856 13.06657 14.66595 15.00628 
  9.633214 16.1881 16.45107 16.11865 16.97114 14.85035 15.03781 14.45957 13.36736 14.89849 16.30763 15.6189 15.12724 14.92673 12.85336 11.96207 14.32788 13.36933 11.25066 10.81948 11.67286 13.31687 13.72097 
  9.785635 15.06383 15.03058 13.11499 13.52839 11.63016 11.74277 12.60244 11.47648 12.11383 13.45817 13.02238 13.25407 13.18712 12.79503 12.25663 13.31838 12.27587 11.51501 11.44135 11.5839 12.94587 13.49027 
  8.312226 12.6279 12.85075 10.19968 9.806498 9.790052 10.09524 11.33959 11.41918 11.6935 13.51684 13.13551 13.83944 13.58857 13.32004 13.18941 13.58404 12.72319 11.93043 12.48871 12.56246 12.91215 13.45732 
  6.127517 9.536142 9.624613 8.962883 10.27173 10.43409 10.09524 11.26531 11.13268 12.48162 13.45817 13.58803 13.72236 13.32093 14.19506 14.0731 14.11535 13.91605 13.40325 13.92882 13.51137 13.51923 13.91871 
  6.127517 7.287592 8.491104 8.344483 9.155166 10.25008 10.34237 11.11674 10.67429 12.63924 13.1648 13.36177 13.37114 13.18712 13.72838 14.56404 14.64667 14.46278 13.44101 14.292 13.95617 13.89023 14.01758 
  5.239559 7.662351 7.619174 8.167797 9.527355 9.698048 10.5895 10.44817 10.61699 12.42907 13.45817 13.53146 13.19553 13.58857 14.48673 13.97491 14.48727 14.31367 14.1963 14.49522 13.92652 14.19377 14.51193 
  6.43236 7.662351 9.275841 8.874539 9.806498 9.422031 11.00138 11.04245 10.55969 12.06129 13.98623 13.36177 13.137 14.32456 14.31172 14.56404 14.48727 14.06516 14.12077 14.58231 14.21972 15.18153 15.42715 
  5.239559 6.163317 8.142332 8.786197 8.96907 9.790052 10.17762 10.8196 11.53378 12.21891 13.75154 13.92742 13.42968 13.72238 13.96172 14.0731 15.17798 15.20831 14.78061 15.19197 14.3105 14.93096 15.56744 
  5.670252 6.538075 8.839876 9.84631 10.17869 10.98612 11.08376 11.26531 11.53378 13.1121 14.45562 14.04055 13.72236 14.05692 14.6034 14.56404 16.31247 16.03166 15.14013 15.27906 15.17287 15.02492 15.63758 
  6.076709 8.224488 8.839876 10.023 10.27173 10.80211 11.24851 11.19102 11.36188 12.90194 14.39695 13.92742 13.54675 14.32456 15.36175 15.15316 15.81556 15.0095 14.96037 15.42422 14.94593 14.80086 15.39208 
  6.940432 8.786626 10.23496 10.90642 11.94659 12.2742 12.23702 13.04815 12.79436 13.69005 14.63164 15.11528 15.24431 15.66272 16.06176 15.69533 15.49677 14.9598 14.79858 15.88872 15.21826 15.21285 15.60251 
  7.143661 8.224488 9.711805 10.90642 11.29525 12.2742 11.98989 12.52816 12.22137 13.53243 14.69032 15.00215 15.01017 15.72963 15.82842 14.80951 15.33738 14.56218 14.72668 15.85969 14.90055 14.93096 15.32193 
  6.737203 7.943419 8.142332 8.521169 10.64392 10.15807 10.34237 11.04245 10.50239 12.06129 13.81021 12.56986 12.61017 13.52166 13.2617 12.25663 13.95596 12.47468 12.3836 13.2415 12.35489 12.47369 12.66635 
  8.97272 10.28566 10.40935 10.6414 10.17869 9.790052 9.93049 10.8196 10.1013 10.90539 12.69541 12.62642 12.37602 13.45475 13.20337 11.91297 13.63717 11.43093 12.30807 12.78328 11.37632 11.3607 11.64469 
  7.854961 8.692936 9.53742 8.432826 10.08564 10.06607 10.50712 10.22532 9.814799 11.16809 12.22602 12.06077 11.73212 12.31731 12.50336 11.86388 13.05273 11.08302 11.43948 11.83411 11.02048 11.25952 11.90835 
  5.429112 6.444386 7.183208 8.521169 9.806498 10.06607 10.17762 10.8196 10.1013 11.95621 12.81276 12.40016 11.84919 11.51441 12.56169 11.81479 12.46828 10.03927 11.47725 11.47408 10.3088 11.66425 12.04018 
  6.889625 8.786626 7.357594 6.400942 7.480313 9.23802 9.353858 10.67103 10.67429 12.11383 12.2847 11.66482 12.37602 11.58132 12.21168 11.07838 12.25575 9.890161 11.02407 10.45945 10.48672 11.2258 11.97426 
  6.584782 7.381281 6.049699 7.549398 8.131645 8.501977 8.859601 10.2996 10.67429 11.6935 12.16735 11.26886 11.14675 10.44388 11.62834 11.56932 12.52141 9.741054 10.64643 10.75402 9.925895 11.05716 11.34808 
  6.381553 7.193902 7.880753 7.461055 8.317739 8.501977 9.10673 9.779606 10.044 11.6935 10.64184 11.26886 11.90773 10.10933 10.46165 10.882 10.9806 9.542244 10.23102 10.36126 10.66464 10.82107 11.11739 
  6.076709 6.350696 6.572857 7.019341 7.387266 8.409971 8.777225 8.368188 10.1586 10.95793 10.81786 10.47696 10.97114 9.975519 9.46996 10.98019 10.60868 9.442839 9.9289 10.16488 10.24949 10.52707 11.31513 
  6.076709 6.725454 6.485664 7.107684 6.922029 7.949945 8.777225 9.036755 9.872099 10.32744 10.28979 10.13757 10.73699 9.975519 9.178288 10.19469 10.44929 9.591946 9.815606 10.45945 9.876904 10.22469 10.85373 
  5.873481 7.193902 6.834436 6.577628 6.549839 7.397913 8.777225 9.111039 9.356405 10.0122 11.05255 10.2507 10.79553 9.574069 9.061618 9.998316 10.1305 9.542244 9.740076 9.935772 10.60533 10.4545 10.78782 
  5.924288 6.350696 6.398471 6.754313 6.828982 7.121896 8.365344 8.442472 8.15312 8.96138 9.703057 9.798175 10.21016 9.574069 9.119953 9.311003 9.492921 8.887281 9.030413 9.859986 10.42741 10.2005 10.6349 
  5.975095 7.100213 7.183208 6.66597 6.17765 6.937886 8.777225 8.145332 7.694726 9.591869 9.057648 8.666876 9.332113 8.971894 8.48938 9.605566 9.43979 9.146179 9.266418 9.903042 10.07287 10.71989 10.85373 
  6.584782 6.069627 5.439348 5.959228 6.456792 7.489918 9.353858 7.625336 7.637426 8.751217 8.9403 8.327486 9.332113 9.105711 8.711611 9.065534 9.024102 9.492541 9.3478 9.570876 10.21984 10.82107 10.77826 
  6.686396 5.059533 4.459992 5.605857 5.712413 5.65553 6.553069 5.898587 7.809324 8.698675 8.199272 8.610311 8.571137 8.503536 8.769946 9.40919 9.044106 8.554413 9.03855 9.818685 9.942225 10.28517 10.55844 
  6.330746 5.507489 4.108386 5.6942 5.509173 6.109837 7.37683 6.733913 7.694726 8.041656 8.088436 8.72344 8.863821 8.838078 8.397013 9.114628 9.386658 9.442839 9.502424 9.446972 9.729933 10.58498 10.48198 
  6.889625 5.601179 5.700927 5.870885 5.354904 5.741816 6.635445 5.75396 7.465528 6.901023 8.412237 8.214355 8.102844 9.038803 8.653276 9.065534 9.054109 8.788653 9.502424 9.725757 10.14635 10.30936 10.6349 
  6.991239 6.725454 6.224085 5.605857 6.549839 6.109837 6.223564 5.320079 6.317652 8.435971 8.9403 8.780005 8.102844 8.637353 8.555356 8.22215 9.16413 9.393137 9.095518 9.209488 9.991215 10.65244 11.31513 
  6.686396 5.32011 5.003383 4.78625 4.914133 5.741816 6.188874 6.288203 7.694726 8.96138 8.881626 7.693603 8.395528 8.971894 8.594942 8.761324 9.16413 9.158507 9.372214 9.870312 10.24949 10.58498 10.9526 
  5.012096 3.595567 4.300171 5.407164 4.2089 5.166577 5.564447 5.657542 6.287205 8.698675 8.705606 7.115777 8.395528 7.777391 8.106716 8.792134 9.280396 9.741054 9.815606 10.03396 10.27914 9.789275 10.54888 
  5.924288 5.022933 5.439348 5.605857 5.619366 6.109837 7.706335 7.179625 6.835236 8.173267 7.977602 8.044661 7.684691 7.577702 8.093521 8.3762 8.734044 8.985909 9.740076 9.601852 10.0647 10.49078 11.15034 
  6.533974 5.601179 4.939455 5.605857 4.715786 5.741816 6.223564 5.802169 6.561221 8.646134 8.29489 7.931531 8.161381 7.577702 8.146302 8.822944 9.280396 9.442839 9.233866 9.715431 10.45706 10.55126 11.05147 
  6.279938 5.694869 5.526541 6.224257 5.42102 5.224101 5.703209 5.199556 5.891406 7.866174 7.755932 7.693603 7.722705 7.904467 8.04074 8.869159 9.333527 8.961252 9.664547 9.787708 10.09736 10.11584 10.9526 
  5.721059 4.620343 4.619813 5.183635 5.712413 5.022767 5.390996 5.826273 5.952298 8.541053 8.588259 7.081787 7.57065 8.376461 8.653276 8.792134 9.004098 9.035223 9.518701 9.767058 9.778923 10.78734 10.88669 
  5.353291 5.132731 4.012493 4.78625 5.354904 4.6201 4.627808 5.802169 5.586944 7.910045 8.236217 6.605931 7.247532 7.523241 8.225474 8.918253 9.174132 9.244806 9.589018 9.756733 9.917729 10.24888 10.49154 
  6.076709 4.473946 4.044457 4.960106 5.619366 4.878958 4.87064 5.512915 5.586944 7.383599 8.162327 8.044661 7.81774 7.541394 7.882397 8.638084 8.784054 9.183165 9.046689 9.777384 10.27914 9.970699 10.28128 
  5.391202 4.583744 4.300171 4.736577 5.332865 4.131147 5.148163 5.488811 6.195867 5.67265 7.312593 7.285726 7.456608 7.686623 7.750444 7.883241 8.86407 8.961252 9.12807 10.00123 9.860574 10.2126 10.85373 
  5.050006 4.034757 4.332135 4.686903 4.825979 4.850196 4.731878 5.103138 6.165421 6.155225 6.980087 7.387695 7.532636 7.686623 7.974764 8.869159 8.944086 8.887281 9.103656 9.5399 9.721767 10.07955 10.45331 
  5.568637 4.071356 5.439348 6.489285 6.456792 5.310387 5.182853 5.00672 7.007134 7.602951 7.571207 7.795572 7.665685 8.140464 7.921983 8.345389 8.674032 9.13385 9.298971 10.09942 10.42741 10.61871 10.88669 ]
