 [
  4.683918 4.045591 4.618652 5.561572 5.212846 3.568464 4.113559 5.640616 5.955181 6.143014 6.649159 6.963277 7.960115 8.197115 7.935676 8.205081 9.326069 8.975876 9.451664 10.06968 9.96722 10.23023 10.58627 
  3.612965 3.49298 3.692818 4.345074 4.115353 4.295992 4.563782 5.94673 6.277215 6.607841 7.204141 7.354223 7.574793 7.728512 8.521566 8.362029 8.777205 9.339967 9.494729 10.10629 9.588965 10.03602 10.84082 
  2.643056 3.374078 3.972972 5.505608 5.708499 5.352501 4.901449 5.053021 6.000985 5.566407 6.885005 7.287663 7.698606 8.246715 8.521566 8.239959 9.173408 9.540408 9.451664 9.53027 9.399837 10.01013 10.26164 
  3.09568 3.207614 4.327833 5.393678 5.650979 5.297671 4.826412 5.691635 6.04679 6.126997 6.413313 6.509137 7.750907 8.246715 8.123429 8.501538 8.969859 9.161939 9.537793 10.10629 10.01172 10.3597 10.05158 
  2.869368 3.540541 4.618652 5.449643 5.363375 5.516992 5.16408 5.793673 6.04679 6.191064 6.177467 7.174128 6.81816 7.846727 6.976049 7.873746 8.835001 9.254971 9.96844 9.723959 9.800344 10.12665 10.66265 
  4.227241 2.779567 4.533278 5.337713 4.803611 3.977699 5.261209 5.106439 5.558206 6.848518 6.670599 7.239005 7.907813 8.048317 8.416374 8.571293 8.777205 9.339967 9.142725 9.627114 10.17622 10.0166 10.9299 
  4.227241 3.255175 4.514602 5.208283 5.593458 5.791142 5.126561 4.501038 5.34445 6.159031 7.154525 8.159678 7.960115 8.296314 8.574162 9.176025 8.873532 9.440187 9.666987 9.776784 10.06735 10.43653 10.97444 
  2.998689 2.94603 4.383863 5.449643 4.487385 4.386933 4.601301 5.177662 5.252841 6.223098 6.198908 6.865961 7.602307 7.694736 8.227736 8.431784 9.275182 9.390078 9.4248 9.923233 10.27278 10.22376 10.4526 
  3.128011 3.064932 4.290479 5.505608 4.54319 3.568464 5.16408 5.94673 6.23113 5.518357 7.154525 7.028154 7.327168 7.694736 8.248598 8.152765 8.526754 9.390078 9.96844 9.813396 10.07847 10.52543 10.29028 
  3.968598 4.146375 4.495925 5.393678 5.363375 4.818903 4.301152 5.017409 5.115427 5.438272 6.263229 7.125469 7.423466 7.644073 8.521566 8.891098 8.546021 9.79096 9.357639 9.697547 10.33715 10.56989 10.88536 
  3.742286 3.49298 4.7894 4.712397 4.952424 5.352501 5.261209 4.981798 5.145963 5.854711 5.534251 6.265847 7.698606 7.846727 7.935676 7.891185 8.700144 9.231712 9.371071 9.442228 9.433213 10.14608 10.75174 
  2.837038 3.754565 4.618652 4.675665 5.231448 5.242841 4.938968 4.999603 5.329182 5.726576 6.499075 7.555587 7.561036 7.745399 8.311182 8.986073 9.47873 8.545606 9.384503 10.21613 10.20841 10.34028 10.66265 
  4.033259 3.802125 4.178418 5.263382 5.064034 4.409668 4.301152 4.732515 5.1765 6.303183 6.713481 7.303882 7.750907 7.89739 8.521566 8.449223 8.854267 9.15031 9.796182 10.28936 10.0006 10.05545 10.22345 
  4.065589 3.255175 4.309156 5.006256 4.710604 3.932228 5.201598 4.999603 6.016253 6.944788 6.956061 7.10925 7.803209 7.390755 8.039984 8.891098 8.969859 8.592121 8.927812 9.723959 10.43371 10.65879 10.64356 
  4.16258 4.448724 3.56208 4.914425 5.420896 4.864374 5.499654 5.462557 5.695621 6.704112 6.906446 7.404563 7.698606 8.048317 8.081706 8.891098 9.020746 8.545606 9.263615 9.996458 10.03397 10.43653 10.65311 
  5.015328 3.825906 3.898264 4.749129 5.938582 5.242841 4.788894 5.691635 5.497133 6.191064 6.606278 7.756951 7.327168 7.745399 8.416374 8.986073 9.173408 9.010763 9.4248 10.10629 10.30497 10.56989 10.79628 
  4.227241 3.421638 3.337957 4.565468 5.305854 4.796168 5.089043 5.94673 5.405524 6.159031 6.606278 7.206566 7.258383 7.373867 8.311182 8.379468 9.071633 9.103794 9.666987 10.14291 10.20841 10.24965 10.54808 
  4.766771 3.421638 3.487372 5.024622 5.231448 4.500609 5.380432 5.409139 6.369384 6.896653 6.198908 6.460479 6.997001 7.576521 8.679356 8.571293 9.020746 9.390078 9.397936 9.662331 9.956096 10.1396 10.41441 
  4.291901 3.207614 4.365187 4.528736 4.952424 4.364198 5.261209 5.515975 5.985717 6.239115 6.456194 7.756951 7.547279 7.998717 8.311182 8.4841 8.449693 8.778184 9.4248 9.850009 10.20841 10.0425 10.66265 
  4.725345 3.944808 3.898264 5.393678 5.101236 4.887109 5.051524 5.284498 6.277215 6.239115 6.649159 6.930838 7.409709 8.147515 7.85223 8.379468 7.736873 8.60375 9.753117 9.653526 10.4659 10.43653 10.70719 
  5.181034 4.347941 4.309156 6.009291 5.76602 5.681482 6.33421 5.793673 6.04679 5.998862 6.69204 7.239005 7.506008 7.289428 8.416374 8.84361 9.12252 9.278228 9.4248 9.477446 9.811468 10.21729 10.88536 
  5.429591 4.751074 5.387016 5.561572 5.175643 5.078351 6.036155 7.069147 6.507639 7.474276 7.551453 7.141689 8.117021 8.345914 8.731952 9.413465 9.427843 9.339967 9.925376 10.10629 10.81995 11.77013 13.06785 
  5.429591 4.952641 6.240753 5.505608 5.478416 4.864374 5.678488 5.551586 5.680352 6.014879 7.303373 7.354223 7.684849 8.395514 8.165152 8.606171 9.12252 9.490298 9.839246 10.50903 11.10964 12.43694 12.84515 
  5.139607 5.456556 6.752995 5.561572 6.053624 6.229784 5.201598 5.997749 5.34445 6.126997 6.777802 6.671329 7.698606 8.147515 8.248598 8.536416 9.12252 9.540408 10.1407 10.98499 10.88433 10.88106 11.10806 
  8.163725 9.286319 10.25332 10.54244 10.65529 10.4517 10.14933 10.48742 10.24052 8.96647 12.31458 13.74753 14.39325 13.90105 13.15003 13.87733 14.26212 13.69956 14.27491 14.8316 13.78113 13.32601 13.95866 
  6.630953 8.480053 9.484955 9.087354 9.33231 9.574423 8.539824 8.905829 9.13448 8.436981 11.52073 13.0931 13.71333 12.71067 11.94032 13.02255 13.44793 12.44681 13.0691 13.73091 12.97646 14.4818 14.9831 
  4.324232 6.262822 7.606732 7.40841 7.088999 6.284614 6.751489 6.507938 6.507639 6.559706 8.494156 11.73389 11.25514 10.18109 9.415701 11.31298 12.12486 10.4925 11.00199 11.46095 11.10964 13.14819 13.64688 
  5.263886 5.658123 7.350611 6.904727 7.088999 7.436047 6.453433 6.763033 7.060658 6.800383 8.097229 10.32434 11.77815 10.67709 9.468298 9.176025 10.24204 9.540408 9.96844 9.813396 10.17622 10.61434 10.47169 
  4.89105 6.363605 7.948227 6.792798 6.743874 7.107066 6.453433 6.303863 6.830234 7.137329 7.650685 9.116158 10.52291 9.139505 9.468298 9.176025 9.936715 9.440187 9.839246 10.10629 10.24059 10.48098 10.62446 
  4.065589 5.658123 6.155379 5.393678 5.996103 6.558764 6.453433 6.660995 6.415469 7.137329 7.799533 8.663089 9.581474 8.792309 8.521566 8.653659 9.784054 9.740849 9.839246 9.653526 9.956096 10.36618 10.79628 
  4.973902 5.960473 6.923743 6.065255 4.933823 6.284614 6.691877 7.018128 6.23113 6.559706 8.246077 9.21684 8.64004 8.891508 8.942336 8.748634 9.682279 9.89118 11.17425 11.86368 10.88433 10.43653 10.75174 
  4.766771 6.162039 6.752995 6.960692 4.933823 6.339444 7.466823 7.732393 7.567592 8.485117 9.139164 10.274 11.35974 11.86748 12.25589 12.12028 12.88817 11.9457 13.8012 14.20687 12.8799 12.17021 11.90979 
  4.291901 5.053424 5.557763 5.505608 5.76602 5.900803 7.228378 6.91609 6.13896 6.944788 8.44454 9.21684 10.2091 10.72669 11.09878 10.79061 11.66688 10.59272 11.73409 11.9003 10.81995 11.14778 11.19714 
  5.512444 5.355773 4.874774 5.22665 5.478416 6.174953 5.976543 6.099787 6.277215 6.191064 8.047612 7.454905 7.285897 8.296314 7.85223 7.856308 9.12252 9.440187 9.371071 9.923233 10.33715 10.22376 10.88536 
  5.015328 4.751074 4.618652 5.024622 5.064034 5.133181 5.261209 6.048768 6.031522 6.4153 7.352989 7.303882 6.831917 7.576521 8.311182 8.796123 9.224295 9.490298 9.250182 9.776784 10.27278 10.65879 10.48124 
  5.139607 4.146375 5.643137 5.116453 4.710604 4.205051 2.800409 5.844692 6.507639 6.944788 7.352989 6.947057 6.983243 7.238764 7.893953 8.187642 8.661613 8.999134 9.796182 9.813396 10.11185 10.17197 10.52898 
  4.227241 3.944808 3.898264 4.951158 5.593458 5.078351 3.550781 5.088633 6.000985 6.944788 7.204141 6.314505 7.079542 7.880502 7.768785 8.701146 9.275182 9.390078 9.666987 9.776784 9.889344 9.977762 10.41441 
  4.683918 4.448724 4.514602 5.281748 5.231448 4.386933 4.076041 4.785933 5.634547 6.511571 7.253757 7.605927 7.010757 7.154325 7.56017 7.490095 8.237774 8.894473 9.580858 10.25274 10.4659 10.39207 10.88536 
  4.849624 3.683223 4.495925 5.042988 4.766408 4.295992 4.226115 5.070827 5.34445 6.848518 7.402605 7.756951 7.506008 7.390755 8.269459 8.34459 8.642347 8.92936 9.537793 9.776784 9.978346 10.48098 10.66265 
  4.518213 3.873467 3.935618 5.393678 5.593458 5.133181 5.79771 6.201825 6.092875 5.998862 6.391872 7.157908 7.907813 7.745399 7.685338 8.22252 8.468958 9.289857 9.580858 9.433425 9.844844 10.24318 10.4526 
  4.485883 4.045591 4.874774 6.736833 7.434124 7.271556 7.82449 7.324242 7.521507 8.581388 9.883403 9.770591 8.692342 9.5859 10.09945 9.128538 9.275182 9.339967 9.710052 10.61887 11.27057 11.28114 11.24168 
  5.22246 5.55734 7.350611 8.471741 9.102226 8.91646 8.539824 8.854811 9.272734 10.41053 12.26497 12.18696 11.30744 11.86748 12.36109 10.69564 11.36156 11.34438 11.64796 13.32817 14.47431 14.25953 14.09228 
  5.015328 5.758906 7.435985 9.031389 10.19512 9.738913 8.83788 9.211944 9.964007 10.79561 11.66958 12.2373 12.40578 12.76027 13.41301 12.92757 12.88817 12.84769 13.45668 15.93695 16.29354 16.17729 16.31932 
  5.056755 5.55734 7.862854 9.311213 9.734955 9.958233 10.20894 9.977228 9.503159 11.08442 11.71919 12.84139 13.29491 14.14905 14.51753 14.16226 14.61833 14.75188 14.96394 16.48962 18.23406 18.46121 18.29911 
  3.774616 5.55734 7.692106 9.087354 10.02256 10.61619 10.74544 10.84455 10.97788 11.4695 12.26497 12.89173 13.39951 14.04985 15.17514 15.21959 15.27986 15.65387 16.60124 17.96341 19.08303 19.41284 19.49713 
  5.139607 6.162039 6.240753 8.359812 10.1376 10.56137 10.5666 11.5078 10.51703 11.03629 12.51305 12.64003 13.0857 13.65306 14.8857 14.77378 15.43253 15.98216 17.20158 17.96341 19.68944 19.88866 20.51083 
  5.22246 6.665956 6.496874 7.632269 8.987185 9.793743 10.50699 11.15066 11.02396 12.19153 12.71151 13.04276 13.60872 13.25626 14.51753 14.86294 15.54911 16.1908 17.8565 18.7003 21.14483 20.84029 20.9716 
  5.512444 6.262822 6.496874 7.128586 8.354456 8.86163 9.493603 11.45678 11.71523 12.09526 12.76113 12.99241 13.50412 14.00025 14.62272 14.25723 14.87277 16.05171 17.80192 19.80564 21.14483 21.79193 21.61669 
  5.719575 5.053424 6.155379 7.856129 9.044706 9.026121 8.778269 10.69149 10.97788 11.90272 12.90998 13.59651 13.71333 14.04985 14.67532 14.68462 16.07468 15.91262 18.0748 20.08198 21.38739 21.69676 21.89315 
  3.709956 4.549508 6.240753 6.848763 8.239414 8.75197 8.718657 11.09965 11.02396 12.09526 13.00921 13.39514 13.50412 13.30586 14.78051 14.63713 16.27177 16.46899 18.40226 20.17409 21.87252 22.07742 21.89315 
  5.55387 5.154207 7.09449 7.128586 7.951811 8.64231 9.433992 10.38538 10.33269 11.99899 13.15806 13.74753 13.55642 14.19865 14.67532 15.04127 15.87759 15.70398 17.96565 20.2662 21.26611 21.6016 22.16962 
  5.429591 3.944808 6.326127 7.576304 7.664207 8.039178 9.970492 10.74251 10.83962 10.89188 13.74179 14.89885 13.55642 14.04985 15.04349 15.48707 15.94329 16.05171 17.8565 19.89776 20.53842 21.22095 21.52453 
  5.346739 5.154207 6.667622 7.856129 7.664207 8.971291 8.957103 11.45678 11.2083 12.19153 13.25729 14.27891 13.87023 14.34745 15.50427 15.26417 16.00899 16.12126 17.69277 19.06875 20.05329 20.93546 21.801 
  6.050985 8.076921 9.39958 10.03876 10.1376 9.629252 10.80505 11.09965 11.94566 12.2878 13.49954 14.5446 14.39325 13.95065 14.14936 14.25723 15.48341 16.46899 17.31073 18.51608 19.93201 21.41127 21.98531 
  5.678149 7.069088 7.862854 9.255248 10.59777 10.4517 11.16272 12.76112 12.8021 12.95174 14.22628 14.36747 14.7324 15.09133 15.70175 15.21959 15.61481 15.98216 16.98327 19.25297 20.53842 21.6016 21.89315 
  7.542331 8.278487 8.289722 10.43051 11.57562 12.04178 13.27433 13.3512 13.29149 13.32686 14.95303 15.78448 14.7324 14.47143 15.70175 15.39791 15.43253 16.05171 17.58361 18.97664 19.68944 20.07899 20.32652 
  9.075104 10.69728 9.570328 11.5498 12.91714 11.10967 11.52038 12.87914 12.5574 11.95086 14.10516 14.81029 13.87023 14.04985 15.10932 14.16226 13.9568 15.05254 15.34598 16.95018 17.38508 17.79507 17.83834 
  10.01358 13.51921 12.81453 12.22138 12.66852 10.94518 10.44738 10.58946 10.24052 12.19153 14.10516 14.36747 12.71959 13.50426 14.25455 13.25998 14.00769 15.15276 13.97346 14.46316 14.59559 17.22409 16.91679 
  12.80924 16.84506 16.65123 16.74004 17.76541 16.71722 16.37186 14.64937 13.78089 15.07744 16.52765 15.78448 14.58705 15.33929 16.0967 14.25723 15.43253 16.60808 15.23683 14.73949 14.59559 16.55794 16.36386 
  14.64088 18.16963 17.34546 18.73763 19.87875 20.63856 18.43689 17.1277 16.71726 17.70331 18.82901 17.82143 16.91264 18.06684 19.19051 17.22571 18.57115 19.38995 17.47446 15.75272 15.68713 17.22409 17.1011 
  15.12289 18.24123 16.99834 18.73763 20.50033 21.54348 19.9119 18.07182 17.20665 17.57827 18.70788 18.35281 16.33124 18.06684 19.12468 17.49319 18.83393 19.38995 17.52904 15.75272 14.95944 17.12892 17.74618 
  15.21929 18.16963 16.99834 18.73763 19.87875 20.48774 20.94441 17.59976 17.69605 18.70365 19.55575 18.79562 16.47659 17.075 17.47904 17.22571 19.55659 19.80723 17.25616 15.75272 14.23174 17.22409 17.46972 
  15.4121 18.16963 17.09752 18.63775 19.50581 20.78938 21.82942 17.9538 18.79719 19.95406 20.52475 19.327 17.15488 18.00485 18.20312 17.00281 19.4252 20.08541 17.69277 15.5685 13.55582 16.9386 17.56187 
  15.6049 18.20543 17.24628 18.53787 19.3815 21.39266 22.12442 19.13396 19.53128 20.45423 20.88812 19.23844 17.44558 18.19082 18.59808 17.27029 19.29381 19.73768 17.63819 16.21328 13.97425 17.22409 17.93049 
  15.7013 18.24123 17.29587 18.53787 19.25718 21.54348 21.97692 19.60602 19.65363 20.32918 20.767 19.14988 17.25179 18.25281 18.26895 17.04739 19.03102 19.3204 17.31073 16.02906 13.23396 16.74827 17.74618 
  15.7977 18.24123 17.39505 18.53787 19.50581 21.24184 21.38692 19.13396 19.16423 19.82902 20.40362 18.70706 16.62194 18.25281 18.13729 17.49319 19.62229 19.59859 16.76497 15.01583 14.07081 16.46278 17.19325 
  15.89411 18.24123 17.49422 18.53787 19.75444 20.48774 20.50191 18.30785 18.30779 19.20381 19.43463 17.46718 16.08899 17.75689 17.87399 17.22571 19.55659 19.66813 17.41989 15.47639 13.55582 16.08213 16.45601 
  15.89411 17.95484 17.49422 18.23823 19.3815 19.13035 19.02689 17.48174 17.45135 18.70365 18.58676 16.22729 15.65294 17.81888 17.21574 16.3341 18.76824 18.2772 15.34598 13.65769 13.68457 14.74852 16.36386 
  15.7013 17.16725 16.99834 17.13956 17.39247 16.5664 16.07686 15.71151 16.10551 17.32819 16.64877 14.10178 14.6355 16.33113 15.04349 15.35333 17.52 16.39944 13.8012 12.19319 11.97868 13.59273 14.27045 
  15.6049 16.95246 15.65947 15.44162 15.40343 12.79588 12.83183 14.17731 15.24907 15.95273 14.95303 13.83609 14.39325 15.71123 15.10932 14.99669 16.33747 14.8521 13.62894 14.28009 14.59559 14.08172 14.22591 
  15.5085 16.98826 14.69275 14.64258 14.16029 12.9467 13.42183 13.46921 15.49377 16.32786 15.3164 13.92466 14.8293 14.96735 15.17514 15.26417 16.40316 15.3532 14.36104 14.8316 14.95944 14.92633 15.96299 
  15.7013 17.45365 15.46111 15.54149 14.65755 15.20901 14.74935 14.53135 16.10551 17.32819 16.16427 14.36747 14.87775 15.15332 15.10932 15.75455 16.60025 15.40331 15.12767 15.47639 16.05098 15.99322 16.91679 
  15.7977 18.02644 16.25452 16.83992 16.27364 16.5664 16.37186 15.59349 16.47256 17.9534 17.37551 15.16454 15.50759 15.02934 14.51753 15.53165 17.06013 15.55364 14.01652 14.46316 13.68457 14.61516 15.25034 
  15.7013 18.24123 16.65123 17.53908 17.39247 17.62214 17.40438 16.30159 16.96196 17.9534 17.73889 14.89885 14.8293 15.15332 14.46493 16.82448 18.24267 16.67763 14.36104 12.63254 12.68678 14.92633 15.11672 
  15.5085 18.38443 16.84958 17.73884 18.13835 18.37625 17.84688 16.53762 17.0843 17.70331 17.73889 14.19034 14.78085 16.4551 16.62331 17.35945 19.03102 17.16446 15.34598 12.48609 13.6202 16.27245 16.00753 
  15.4121 18.49183 17.09752 17.93859 18.26267 18.52707 17.84688 16.53762 16.71726 17.32819 17.49664 14.63316 14.7324 16.88903 17.41321 17.31487 19.03102 17.58174 15.50971 12.59593 13.52364 16.55794 16.45601 
  15.21929 18.56342 17.29587 17.93859 18.13835 18.52707 17.55188 16.30159 16.22786 16.70298 17.13327 15.16454 15.0231 16.4551 17.34739 17.09197 18.76824 17.65128 15.67344 11.68062 14.35303 16.84343 17.00894 
  15.12289 18.59922 17.44464 17.83871 17.39247 18.07461 16.81437 15.94754 15.61612 15.45257 16.52765 15.07598 15.26535 15.09133 16.42583 16.60158 17.91418 17.72083 15.18225 11.13144 14.95944 16.36762 17.00894 
  15.02649 18.77822 17.79175 17.4392 16.39795 16.41558 15.48686 14.76738 15.00438 14.70232 15.07415 14.19034 14.97465 15.21531 15.10932 14.90753 16.86304 16.95582 13.58587 10.98499 14.71687 15.85986 16.36386 
  14.83368 19.10041 18.4364 17.13956 16.39795 15.51066 14.89685 14.41334 14.75968 15.07744 13.62066 13.74753 15.0231 15.71123 15.63592 13.02255 15.94329 16.39944 13.97346 11.3145 14.103 14.88188 15.51758 
  14.44808 19.02881 18.53557 16.74004 16.27364 15.35983 14.45435 14.17731 14.02559 14.07711 12.95959 13.0931 15.84674 16.39311 16.42583 13.68738 14.92365 15.45342 12.89684 11.42434 14.59559 14.34844 14.71585 
  13.86966 18.88562 18.58516 16.04089 15.90069 14.90737 13.86434 13.3512 13.29149 12.57661 12.81074 13.29446 16.04054 16.64107 16.22835 13.63989 13.75325 13.69956 10.95893 11.3145 14.23174 14.30398 14.80493 
  13.19485 18.67082 18.53557 15.14198 15.27912 14.15327 13.27433 12.28906 12.67975 13.57695 12.56266 13.69719 15.70139 16.02118 15.76757 13.68738 12.58285 12.84769 11.17425 10.58225 13.74894 13.9039 14.31499 
  12.42363 18.38443 18.4364 14.04331 14.40892 13.39917 12.83183 12.17104 11.2083 13.82703 12.51305 12.74071 15.07155 15.2773 14.8857 12.35772 12.73551 13.09824 10.44215 9.697547 12.78334 13.54827 14.18137 
  11.26681 18.02644 18.28763 13.24427 13.4144 13.09752 12.97933 11.66085 11.53089 13.07678 12.26497 11.88491 13.87023 13.85146 14.20195 11.88284 11.71776 11.79537 10.52828 9.923233 12.26836 13.01483 13.86958 
  9.820776 17.56104 17.9901 12.84476 12.26587 13.09752 13.27433 9.416019 11.2083 11.90272 11.47111 11.63321 12.82419 12.61147 12.93964 11.02805 12.58285 12.14614 10.09763 9.996458 12.62241 14.39289 14.62677 
  9.240808 16.95246 17.44464 12.44524 10.71281 12.04178 12.47416 10.23232 11.89957 11.75832 11.4215 12.18696 13.19031 12.21467 13.20263 11.55042 12.22664 11.79537 9.839246 9.750372 12.59022 13.77054 14.09228 
  8.99225 16.0388 16.55205 11.5498 9.447351 10.50653 10.86466 9.109905 10.2866 10.36239 10.13148 11.53253 12.61499 12.21467 12.36109 9.935832 11.20889 10.89339 9.344207 9.996458 11.07745 11.68122 11.82071 
  8.163725 14.32548 15.11962 10.7663 8.354456 8.094008 8.897491 8.39564 8.904055 9.207146 9.139164 11.3815 12.30117 11.52028 11.57214 10.12578 10.59825 10.04151 9.397936 9.635919 10.78777 11.3256 11.64255 
  6.5481 11.70512 12.81453 8.807529 6.168666 8.368159 9.255158 8.599716 8.58146 9.303416 9.288012 10.82775 11.83046 11.81788 11.67734 10.22076 10.85268 10.39228 9.330775 9.959846 10.0451 10.65879 11.24168 
  6.5481 9.286319 10.08257 7.016657 7.491644 8.64231 8.778269 8.089526 9.226649 9.832905 8.543772 9.871273 11.15053 11.71868 12.72926 11.45545 9.47873 10.04151 9.753117 9.923233 10.43371 10.96997 11.19714 
  5.88528 6.968305 7.350611 7.40841 7.779248 8.258499 7.407212 7.630356 8.95014 9.447823 9.089548 9.971954 10.99363 11.32188 11.94032 10.74313 10.64913 10.4925 9.839246 9.886621 10.78777 11.37005 11.50893 
  6.009559 6.262822 6.4115 5.729466 6.916436 7.107066 7.645657 7.477299 8.304951 8.725793 8.891084 10.17332 11.30744 11.27228 11.83512 10.31573 11.25978 10.9435 9.666987 10.06968 10.0451 10.88106 11.33076 
  7.99802 7.875354 6.070005 5.505608 5.101236 6.394274 7.407212 7.834432 8.212781 8.24444 9.486475 9.971954 11.04593 11.56988 11.46695 9.365977 10.75091 10.19184 9.882311 9.706351 10.24059 10.56989 10.88536 
  9.323661 8.177704 5.813884 4.12468 5.650979 6.120123 8.897491 8.803792 8.443205 9.207146 8.047612 10.274 10.99363 10.28029 10.36243 9.74588 10.3947 9.941291 9.196454 9.671135 10.06735 10.65879 10.9299 
  7.99802 7.371438 7.09449 4.840961 5.593458 5.955633 7.228378 7.324242 7.152828 8.100035 8.146845 10.07264 10.366 10.28029 10.41503 9.840857 10.03849 9.941291 9.537793 10.10629 10.40153 10.61434 10.88536 
  7.3352 6.262822 6.240753 5.673502 5.76602 6.503934 6.33421 6.150805 7.106743 7.955629 7.501837 8.612747 9.633777 9.437102 9.310509 9.365977 9.173408 8.92936 8.968108 9.662331 10.17622 10.52543 10.84082 
  7.542331 6.262822 6.155379 5.116453 5.363375 5.900803 5.976543 6.099787 6.599809 8.100035 7.104909 7.70661 8.901549 8.792309 9.520894 9.318489 8.912063 8.754927 9.23675 10.03307 10.43371 10.70325 10.70719 
  8.163725 6.363605 6.496874 4.932791 4.729205 5.571822 6.036155 5.793673 6.04679 6.655977 7.749917 8.411384 8.587738 8.345914 8.784548 8.588732 9.12252 9.339967 9.839246 10.10629 10.20841 10.26907 10.75174 
  8.288004 7.472221 4.7894 5.281748 4.952424 5.516992 6.393822 5.691635 6.415469 6.094964 6.606278 7.303882 7.803209 7.998717 8.206875 8.379468 8.969859 8.92936 9.839246 9.996458 10.36934 10.43653 10.62446 
  7.3352 6.162039 5.387016 4.932791 5.363375 5.407331 6.214988 6.252843 6.13896 6.559706 7.204141 7.605927 7.750907 8.147515 8.311182 8.653659 9.12252 9.540408 9.303911 9.76798 10.59465 10.61434 10.70719 
  5.719575 5.456556 5.643137 6.009291 5.535937 5.02352 6.393822 7.477299 6.23113 6.559706 7.303373 7.125469 7.574793 8.197115 8.416374 8.701146 9.275182 9.640629 9.796182 9.996458 9.833719 10.7477 11.3753 
  6.050985 4.751074 5.045521 6.457009 6.053624 5.571822 6.095766 5.462557 6.13896 6.463436 6.456194 7.028154 7.698606 7.931166 8.269459 8.34459 8.931328 9.440187 9.537793 9.759176 10.20841 10.61434 10.70719 
  6.133838 3.944808 4.7894 5.393678 5.157042 4.864374 5.261209 6.048768 6.092875 6.351233 7.204141 6.914618 7.519765 7.238764 8.29032 8.938586 8.237774 8.882845 9.666987 9.759176 10.11185 10.52543 10.4335 
  4.89105 4.549508 4.618652 5.841396 5.708499 4.409668 4.601301 6.099787 6.645894 6.303183 7.303373 7.354223 7.423466 7.914278 8.144291 8.030694 8.835001 8.987505 8.927812 9.424621 9.96722 10.24965 10.47169 
  5.181034 2.732006 3.431342 4.932791 5.305854 5.297671 4.563782 4.501038 5.741425 6.800383 6.220348 6.346944 7.093299 7.475194 8.46897 8.891098 8.815736 8.92936 9.183022 9.813396 10.20841 10.43653 10.46215 
  4.808197 2.850908 3.972972 4.657299 5.363375 4.591551 5.201598 4.554456 6.016253 6.319199 7.104909 7.303882 7.643578 8.147515 8.186013 8.048133 8.623081 8.952618 8.592009 9.556682 9.733592 10.37265 10.61491 
  3.192671 2.470421 3.972972 5.281748 4.692002 4.227787 4.338671 5.515975 5.329182 6.607841 6.263229 7.076812 7.698606 7.880502 7.893953 8.701146 9.071633 9.289857 9.710052 9.959846 9.90047 10.20434 10.55763 
  4.642492 2.827127 4.029002 4.106314 4.580392 4.06864 5.261209 5.159857 5.878839 6.126997 6.499075 7.222785 7.519765 7.931166 8.46897 8.653659 8.796471 8.824699 9.494729 9.213323 9.588965 10.03602 10.52898 
  4.518213 3.041152 4.704026 4.877693 5.881062 4.97805 4.938968 5.177662 6.23113 7.185465 6.885005 7.505246 7.574793 7.627185 7.956537 8.501538 8.835001 9.208454 9.263615 9.813396 9.53334 10.28849 10.70719 
  5.015328 2.42286 3.692818 4.859326 5.593458 4.955315 4.938968 5.337915 6.13896 5.438272 6.627718 6.914618 7.855511 7.964942 8.311182 8.748634 8.777205 8.882845 9.357639 9.459837 9.989471 10.43653 10.55763 
  4.849624 3.469199 4.309156 5.171551 5.250049 4.750697 4.413708 5.426945 5.069622 5.662508 7.104909 7.857633 7.907813 7.846727 8.521566 8.653659 8.468958 9.068908 9.438231 9.732763 10.17622 10.35323 10.39531 
  3.386653 3.255175 4.40254 4.951158 4.878017 4.796168 4.226115 5.569392 5.451328 5.390222 6.756362 7.011934 6.873188 8.147515 7.873092 8.362029 8.777205 9.640629 9.23675 9.715156 9.94497 10.06192 10.58627 
  3.225002 3.445419 4.704026 5.449643 4.971025 3.795817 4.376189 5.462557 6.461555 6.704112 6.885005 6.784864 8.378531 8.246715 8.521566 8.135326 8.584551 9.092165 9.537793 10.03307 10.20841 10.04897 10.34757 
  2.449075 2.755786 4.458571 5.449643 5.363375 4.205051 4.563782 4.857156 5.466597 6.223098 6.477635 6.525356 7.107056 7.998717 7.99826 8.466661 8.815736 9.339967 9.223318 9.706351 10.40153 10.35323 10.59582 
  3.806947 3.421638 3.879587 4.620566 5.212846 5.000785 4.376189 5.32011 5.588743 6.607841 6.799243 7.555587 7.285897 6.917895 8.165152 8.606171 8.584551 8.685153 10.1407 10.06968 10.07847 10.39207 10.84082 ]
