 [
  3.157429 4.11369 5.062631 5.228915 4.571867 4.855343 5.2216 6.434831 5.974133 6.290646 7.03592 6.711816 7.576604 7.739388 8.097882 8.334486 8.93023 9.602602 9.509404 9.754371 9.557107 10.06639 10.23606 
  3.439014 3.526733 5.251728 4.761968 5.828916 6.383797 5.45677 6.319237 6.440735 6.450955 6.904332 6.49022 8.198932 8.03642 8.574766 8.262507 8.854574 9.641228 9.316463 9.291909 10.01243 10.37211 10.20179 
  2.875843 4.11369 5.516462 5.228915 3.38679 5.581095 5.809526 5.290565 6.032458 6.79621 6.885534 7.525656 7.43299 8.147064 8.336503 8.055569 9.157198 9.563977 9.277876 9.395802 9.850781 10.28987 10.72266 
  3.490211 5.091951 5.138269 5.228915 4.933974 5.746038 5.69194 5.438802 5.94535 6.591227 7.310198 7.293506 7.393646 7.870452 7.750324 8.849591 9.308511 9.216352 9.174573 9.795132 10.15529 10.18023 10.40745 
  3.567007 3.461516 4.306245 4.793568 4.76938 4.360513 3.692991 4.905148 5.887785 6.270607 7.073517 7.141159 7.413318 8.091743 7.954065 8.15454 8.449865 8.960157 9.625168 9.958175 10.29814 10.48175 10.29605 
  4.181375 5.189777 5.516462 4.730368 4.275598 4.657412 4.359308 5.142327 6.265759 7.23596 6.641157 7.339936 7.624475 7.644069 8.002005 8.692884 8.539607 8.975924 9.316463 9.211103 9.850781 10.12541 10.13323 
  4.155776 4.733255 4.079329 3.497977 4.901055 5.861994 5.064819 5.053385 5.787045 6.631304 7.26705 7.386366 7.108406 7.870452 8.157806 8.379473 8.499722 9.061851 9.12866 8.934056 9.56658 9.97049 10.35603 
  4.437361 4.635429 5.403005 3.403177 4.76938 4.888332 3.967357 5.290565 5.83022 7.126023 8.000563 7.196558 6.911687 7.322367 8.061928 8.109553 8.778918 9.023226 9.39364 9.71361 9.291852 9.653282 10.32176 
  4.662997 5.157168 4.268426 5.014766 4.308517 5.218219 4.594478 5.409154 5.815828 6.290646 6.941929 7.07191 7.576604 7.691729 8.39607 8.849591 8.854574 8.684233 9.316463 9.795132 9.92672 9.99262 10.38174 
  4.334967 6.667585 8.253851 8.021482 7.934221 8.528985 8.59988 9.15128 9.881927 10.03937 9.510736 8.268537 8.007446 7.679813 8.634332 8.457826 8.699148 9.216352 9.39364 9.998936 10.06957 10.48175 10.62567 
  3.822994 6.585485 7.539259 6.587461 6.460507 7.195489 6.864116 7.532969 8.307144 8.55521 8.25945 7.711376 7.76809 7.810877 7.738339 8.614532 8.93023 9.216352 9.12866 9.876653 10.09814 10.02951 10.55293 
  4.488559 5.189777 5.554282 4.603969 4.835217 4.657412 5.104014 5.735276 6.557386 6.210492 6.377981 7.897097 7.576604 7.667899 8.073913 7.839633 8.778918 8.928623 9.243442 9.545869 9.557107 10.37211 10.35603 
  5.332777 3.331081 4.268426 5.455339 5.197324 4.888332 4.241723 5.972456 7.490591 6.741241 6.998323 6.739516 7.480862 7.54875 8.634332 8.457826 8.619377 8.897089 9.266397 9.557412 9.812888 9.99262 10.62567 
  5.407197 4.37456 4.230607 5.983663 5.828916 6.209862 6.385284 5.587039 6.207434 6.09026 6.904332 7.293506 7.295288 8.03642 8.693897 9.006297 9.005886 9.061851 9.470816 9.998936 9.869728 10.02213 10.31319 
  4.737417 5.091951 4.873535 5.15344 4.966893 5.581095 5.2216 5.23127 5.974133 6.330724 6.208797 6.891863 7.285451 7.925775 8.157806 8.280502 8.489751 8.565979 8.692492 9.511238 9.831835 10.20764 10.67416 
  4.514157 5.68238 4.911354 4.382771 4.143923 3.634762 4.437698 5.735276 5.700698 6.030143 6.528367 6.753366 6.901852 7.608324 7.918111 8.217521 8.739033 9.641228 9.220486 9.107211 10.15529 9.911474 10.04754 
  4.130177 4.733255 5.289547 4.667169 4.341435 5.284196 6.02616 5.853866 5.197001 6.851179 7.612233 7.432796 7.383811 7.417686 8.39607 8.614532 8.360124 8.865555 9.277876 9.835892 10.18386 10.0959 10.37317 
  3.771796 4.472386 5.024812 5.30439 5.164406 3.93166 4.908039 5.794571 5.599958 6.39084 6.923131 6.961112 6.990375 8.03642 8.336503 8.771238 9.081542 9.486727 9.625168 9.795132 9.898149 10.08114 10.60142 
  3.439014 4.015864 4.986992 5.681764 5.197324 4.855343 5.45677 5.349859 5.29774 5.348828 6.321586 7.479226 7.863832 7.334282 8.157806 8.190529 9.005886 9.061851 9.586579 9.876653 9.746574 9.80082 10.15037 
  5.704877 7.570691 8.095053 9.078129 9.618465 9.398656 10.51521 10.01823 8.423795 9.654586 10.33054 10.12574 9.970173 9.862063 10.89783 10.80842 11.57819 10.60686 9.432228 9.522781 10.041 10.10327 10.2532 
  5.258357 6.339184 6.189474 7.417684 7.934221 7.833248 9.258274 9.15128 7.607241 8.225398 8.604631 8.964988 9.012745 8.091743 10.18304 9.554769 10.59466 9.911603 9.432228 9.876653 10.01243 10.39952 10.57718 
  6.970017 7.899093 8.889043 8.851705 9.127228 8.934832 8.89915 8.515515 7.898868 9.04993 9.640179 8.964988 7.959575 10.6919 12.92306 15.11784 14.68009 14.06222 12.24915 11.9147 11.69811 13.44216 13.31707 
  7.118857 7.734892 8.650846 8.021482 8.846519 8.123138 8.300611 7.821954 7.023988 9.04993 9.467587 8.918558 8.390417 9.972709 12.38697 14.96113 14.45312 13.69686 11.55457 11.38481 11.15526 12.94876 12.80789 
  3.234225 5.60028 5.71308 4.825168 4.802299 5.18523 5.339185 5.260917 5.643132 6.030143 6.246393 6.753366 7.000211 7.54875 7.99002 8.771238 8.449865 8.865555 9.355052 9.795132 10.46957 10.64622 10.57718 
  4.386164 4.407168 4.117149 3.561176 4.571867 5.251208 4.476893 4.99409 6.499061 6.741241 6.885534 6.407122 7.43299 7.798963 7.426736 8.316491 8.140756 9.023226 9.470816 9.545869 9.613947 9.918852 10.12466 
  4.28377 3.10282 3.133848 3.940374 3.189277 3.634762 4.280918 4.579026 6.149109 6.79621 7.223903 7.339936 7.167421 7.465345 8.217372 8.692884 9.308511 8.834021 8.853186 9.488151 9.547633 10.28987 10.72266 
  4.588577 4.015864 3.360763 3.971973 4.374354 4.327525 3.457821 4.934795 5.643132 5.990066 6.923131 6.711816 7.31496 7.763218 8.39607 10.10324 10.06507 9.525352 9.702344 10.12122 10.26957 11.71526 11.01362 
  3.950987 3.135429 3.663318 3.05558 3.090521 5.053276 5.025624 4.075019 6.38241 6.270607 7.26705 7.525656 6.970703 7.981097 8.753464 8.379473 8.768947 8.889205 8.76136 9.998936 10.06957 10.64622 10.45594 
  4.232572 4.048472 4.835715 4.161572 5.828916 6.673687 6.804262 5.794571 6.557386 6.571188 6.697551 7.293506 7.528733 7.513005 7.858187 8.379473 9.005886 9.061851 9.740932 10.12122 9.765521 10.18023 10.22749 
  3.618204 4.60282 5.251728 6.511987 8.144752 7.659314 8.300611 8.053141 7.490591 7.455835 7.914268 7.989956 8.438289 8.70029 9.110857 10.80842 10.74598 9.641228 9.355052 10.0397 10.041 9.896721 10.45594 
  4.662997 4.439777 6.904066 9.304553 8.986874 8.355051 8.540026 8.284328 8.948723 9.92943 9.338144 9.754299 8.773389 10.41529 11.13609 12.92395 13.46959 11.61111 11.05292 11.50709 11.29812 10.8381 10.67416 
  3.234225 6.503385 6.58647 8.398856 9.197405 9.456634 9.557543 8.226532 8.890397 10.47912 10.84832 11.47221 11.2627 12.79416 13.69742 15.5096 15.96624 14.25218 13.86985 14.40111 14.22398 13.11323 12.63816 
  6.597918 7.324389 7.301062 8.77623 9.899172 9.746525 10.33564 8.862296 9.531976 10.14931 10.07166 11.28649 11.74141 14.73045 15.00786 18.40866 19.15887 16.34179 15.84737 16.8546 16.56465 15.80669 15.22717 
  8.532837 8.802197 7.539259 8.247907 9.057051 9.688546 10.09623 9.613655 10.93178 11.63346 11.79757 11.75079 12.17226 14.89641 15.36526 18.93881 19.19981 18.3364 17.1344 17.96489 17.5678 16.18454 16.17104 
  8.607258 9.2948 8.015654 8.474331 9.057051 9.688546 10.3955 9.844842 10.34853 11.24868 11.97016 10.86862 11.50206 14.84109 15.12699 19.73402 21.0421 18.43139 18.33562 18.39193 18.45949 17.50702 16.42846 
  7.342117 8.966398 7.539259 8.474331 8.706166 9.398656 10.51521 9.266874 10.17355 11.63346 12.01331 11.98294 11.88503 14.06658 15.78222 18.33031 20.75552 19.19124 19.19364 19.58762 19.35117 18.35718 17.62975 
  4.588577 5.271878 6.189474 8.021482 8.635989 9.514612 9.976521 9.440264 9.881927 10.47912 12.44479 13.05083 12.07651 14.95174 17.24439 18.93881 20.38706 19.28622 19.27944 19.92925 19.68555 18.92396 17.62975 
  4.181375 4.570212 6.189474 7.493158 8.425459 9.166743 8.59988 9.093483 10.46518 11.68843 12.74682 13.23655 12.45948 14.45383 17.42716 18.80627 19.97766 19.47619 19.62265 19.84384 20.01994 19.30181 18.14459 
  4.514157 4.472386 6.665869 8.021482 8.846519 9.2827 9.796959 10.13383 10.64016 11.57849 12.31534 12.86511 12.45948 15.51047 17.54901 19.82238 20.6327 19.57117 19.53685 20.27088 20.57724 19.5852 18.74523 
  4.002184 3.591951 6.348272 8.398856 8.144752 9.340677 9.916667 10.36501 11.92331 12.18315 12.44479 12.16866 12.36374 15.04486 17.42716 19.7782 19.4045 19.57117 19.53685 20.10006 20.01994 19.49073 18.91684 
  4.488559 4.146299 6.030676 7.719583 7.372807 8.992809 9.677252 9.498061 10.64016 12.07321 12.31534 12.21509 12.268 14.78577 16.81792 18.85045 20.38706 19.9511 19.45105 20.27088 20.1314 19.11288 18.65942 
  6.151397 7.242289 7.380461 8.700755 9.478111 9.050787 8.89915 9.035686 9.765277 12.40302 12.57423 11.89008 11.88503 15.04486 15.84314 18.0169 19.19981 18.43139 18.07822 18.56274 18.57095 18.26272 18.05878 
  12.77478 14.71343 14.20878 14.73874 14.17996 13.16723 12.07141 12.5035 13.43977 13.66731 12.85228 12.35438 13.32117 15.23111 14.7696 16.29313 17.47936 15.86688 15.50416 16.25675 16.11881 16.18454 15.48459 
  15.15361 16.26127 16.82833 18.76494 18.00453 16.44971 15.67482 15.86595 17.83945 18.08817 16.016 15.67267 16.67458 19.04914 18.34102 19.29224 18.50383 15.58193 14.90355 15.31728 14.11252 13.91743 13.85427 
  15.41062 16.0836 17.1642 19.26821 19.64363 18.34344 16.27193 16.88264 19.38529 19.76093 17.49241 16.89073 18.09005 20.25974 19.43764 20.6176 19.69108 16.34179 15.67577 16.08594 14.78128 14.86206 15.05556 
  15.52484 16.17243 17.34506 18.69304 20.51781 19.35344 17.21023 17.71448 19.97984 20.5973 18.33607 17.67377 18.84497 20.63223 19.62042 20.92685 20.05954 16.34179 15.93317 16.17134 14.22398 14.29528 14.02589 
  15.61051 16.24646 17.29339 18.26166 21.06418 20.36343 18.57504 18.17661 20.33657 20.95575 18.96881 18.2828 19.22243 20.81847 19.55949 21.05939 20.2233 16.43677 16.79119 17.19623 15.33859 14.01189 14.62653 
  15.66762 16.23166 17.13837 18.04597 20.9549 20.86842 19.00154 18.26904 20.57439 21.07524 19.28519 18.54381 19.22243 20.44598 19.55949 21.14775 20.30518 16.43677 16.87699 17.36704 15.33859 14.10636 14.36911 
  15.72473 16.27608 17.06086 18.04597 20.62708 21.12092 18.83094 18.91602 20.93112 21.19472 19.39064 18.71782 19.3168 20.16661 19.55949 21.19192 20.30518 16.43677 16.79119 17.36704 15.11566 13.82297 13.51105 
  15.8104 16.29088 17.03502 18.04597 20.40854 21.12092 19.00154 19.10087 20.93112 21.07524 19.28519 18.63082 19.41116 19.88725 19.37672 21.05939 20.18236 15.96186 16.87699 17.62326 15.45005 13.82297 13.85427 
  15.83896 16.30569 17.00919 18.04597 20.18999 20.99467 19.00154 19.1933 20.81221 20.83627 19.17973 18.45681 19.41116 19.60788 19.01118 20.83849 19.93672 15.67691 16.61959 17.53786 15.56151 13.82297 13.59686 
  15.83896 16.32049 16.95751 18.04597 20.18999 20.86842 18.83094 19.00844 20.6933 20.71679 18.86336 18.2828 19.41116 19.42163 18.82841 20.57342 19.73202 15.48695 16.36218 17.19623 14.78128 13.82297 14.11169 
  15.8104 16.35011 16.93167 18.18977 20.18999 20.74217 18.66034 19.00844 20.57439 20.47782 18.7579 18.10879 19.50553 19.32851 18.64564 20.6176 19.85484 15.29699 16.27638 17.11082 15.22713 13.91743 13.85427 
  15.8104 16.36491 16.90584 18.40545 20.18999 20.48968 18.23384 18.82359 20.33657 19.99989 18.33607 17.84778 19.50553 19.14226 18.21917 20.35253 19.56826 14.44215 15.76157 16.68379 14.89274 13.63404 13.4868 
  15.78185 16.45375 16.95751 18.76494 20.29926 19.98468 17.80733 18.73116 20.21766 19.52196 17.91424 17.49976 19.50553 18.76977 17.67085 19.95492 19.15887 13.96724 15.41836 16.34216 14.11252 13.63404 13.51105 
  15.69618 16.45375 16.93167 19.12442 20.08072 18.97469 17.55143 18.36146 19.74202 18.5661 17.17603 17.06474 19.0337 17.93167 16.81792 19.20388 18.46289 13.04024 14.56034 15.6589 13.55521 13.33252 13.51105 
  15.21072 16.0836 16.62164 18.54925 18.76944 17.33345 16.69843 17.62205 18.55292 16.89334 15.80509 16.36871 17.90132 16.34858 15.42482 17.78184 16.79846 11.57248 13.83126 14.89024 12.55524 13.22287 13.1231 
  14.35404 15.61654 16.13075 16.67994 16.03761 14.93472 14.65122 16.42051 16.76926 14.98162 14.32868 15.15065 16.20275 14.28787 14.11438 16.13643 14.90706 10.72273 11.97903 13.01524 11.15526 12.3183 11.78952 
  13.81666 15.53444 15.71736 15.81718 15.27269 13.54598 13.88351 15.58868 16.0558 14.14524 13.27411 14.2806 15.35346 12.96013 13.63785 15.97972 14.75574 10.33648 11.70892 12.8522 11.04098 12.42795 11.42582 
  13.51898 15.37023 15.47917 15.5296 15.16342 13.41973 13.3882 15.12654 15.81798 13.66731 12.66052 14.2806 15.16473 12.73884 13.57828 15.97972 14.68009 10.29785 11.78609 12.8522 11.32669 13.00358 11.45006 
  13.5934 15.37023 15.55857 15.81718 15.49124 14.05097 13.44805 15.12654 16.0558 14.26472 12.95773 14.62862 15.44783 13.34738 14.05481 16.37148 14.98271 10.87723 12.17197 12.44459 11.4124 12.72947 11.64404 
  14.21125 15.69864 15.89822 16.82373 17.13034 16.07096 14.82182 15.86595 17.12599 16.29593 14.85597 15.67267 16.39148 15.23111 15.54395 17.78184 16.57149 13.69686 14.21714 14.40111 12.92666 13.82297 13.05036 
  14.95372 16.37972 16.36328 17.68649 18.55089 17.96469 16.35723 16.69779 18.55292 18.20765 16.54329 16.36871 17.05204 17.00044 16.93977 19.11552 18.00895 12.46086 13.79267 14.03426 12.01239 13.19546 13.29283 
  15.03938 16.60181 16.51829 17.5427 19.09726 18.59594 16.95433 16.69779 18.67183 18.80506 16.96512 16.45571 16.95767 17.83854 17.54901 19.64567 18.58571 12.76986 13.48397 13.30057 12.64095 13.2777 13.94008 
  14.86805 16.55739 16.44078 17.18322 18.98799 18.34344 16.78373 16.23566 18.07727 18.5661 17.07058 16.54271 16.67458 18.58353 18.09732 19.82238 18.70853 13.46511 13.44538 12.72991 12.72666 14.38974 14.88395 
  14.69671 16.43894 16.18242 16.89563 18.33235 17.4597 16.01603 15.3114 17.36381 18.08817 16.64875 15.93368 16.01402 18.39728 18.09732 19.51313 18.31158 13.92861 12.59644 11.87394 11.72668 12.86653 13.51105 
  14.32548 16.20204 15.71736 16.03287 16.4747 15.69221 14.82182 13.74015 16.0558 16.65437 15.06688 14.62862 14.59854 17.27981 17.18346 17.93855 16.34452 13.00161 10.74422 11.181 11.29812 11.60561 11.95925 
  14.23981 16.52778 16.10491 14.58779 13.82907 12.93532 13.62761 13.02367 12.73987 13.39246 10.89146 12.72582 13.56053 14.84109 13.57828 12.37548 11.35122 10.0661 10.24258 10.93644 10.7267 10.81069 11.01362 
  14.1827 16.63142 16.18242 14.58779 13.82907 12.70341 13.71291 13.25485 12.62322 13.28252 10.97776 12.67939 13.41691 14.89641 13.63785 11.74865 11.12426 10.0661 9.702344 10.44731 10.66956 10.39952 10.84389 
  14.12559 16.54259 16.0274 14.43684 13.68872 12.52947 13.88351 13.37045 12.44824 13.06265 11.06406 12.67939 13.22543 14.39851 13.34002 11.35689 10.97294 10.0661 9.625168 10.16198 10.29814 10.45434 10.74691 
  14.03992 16.35011 15.76904 14.21041 13.33784 12.29756 13.62761 13.02367 11.92331 12.89774 11.1935 12.5401 12.84245 14.1219 13.34002 10.80842 10.06507 9.370852 9.209007 9.499694 10.01243 10.61881 10.48019 
  13.89108 16.0984 15.47917 13.75756 12.8466 11.94969 13.14878 12.61909 11.57336 12.84277 11.06406 12.30795 12.36374 13.624 12.98263 9.946533 9.989415 9.525352 9.625168 9.603587 10.09814 10.15282 9.953277 
  13.89108 15.61654 15.00277 13.00282 12.14483 11.54384 12.43053 12.04112 10.75681 12.12818 10.54628 11.65793 11.16696 12.18561 11.43392 9.711474 10.21638 9.718477 9.140139 9.876653 10.041 10.61881 10.31319 
  13.81666 15.37023 14.76457 12.47449 11.51324 11.25395 11.89185 11.28976 9.823602 10.8639 9.597031 9.94002 9.299973 10.13868 9.408686 8.771238 9.68679 9.409477 9.209007 9.835892 10.52671 10.53657 10.48019 
  13.81666 14.95973 14.20878 11.5688 10.46059 10.21035 10.81448 10.07603 7.315615 8.665148 7.914268 8.639977 8.055318 9.862063 10.00434 8.199526 10.06507 10.10473 9.740932 9.998936 10.241 10.53657 10.4317 
  13.74224 14.22083 13.49419 9.455503 8.495636 7.77527 7.881633 7.475173 6.907338 7.840617 7.612233 7.943526 7.672347 8.70029 8.872595 8.692884 8.854574 9.254976 9.39364 9.557412 9.727628 10.05901 10.08182 
  12.92362 12.82512 12.2238 6.964835 6.460507 5.919972 6.205722 6.030253 5.772655 6.906147 7.612233 7.07191 6.941195 7.107899 7.834218 8.849591 8.71909 9.023226 9.39364 9.441977 9.850781 10.64622 10.52868 
  11.80732 11.26521 10.23883 4.825168 5.267501 5.97795 7.283093 7.359579 5.916568 6.450955 6.453174 7.432796 7.624475 8.03642 8.097882 8.073564 8.489751 8.629047 9.316463 9.407345 9.92672 10.18023 10.45594 
  10.46776 9.376901 7.380461 6.738411 5.548208 6.963577 7.881633 8.226532 5.499219 6.79621 7.223903 7.664946 7.403482 8.368355 8.634332 8.849591 8.709119 9.023226 8.979445 9.61513 10.09814 10.12541 10.31319 
  8.979357 8.063293 6.904066 6.059138 5.267501 7.195489 6.864116 6.955002 6.499061 7.455835 7.957415 7.002661 7.720218 8.091743 8.276937 8.379473 8.854574 8.983808 9.547992 9.71361 10.26957 10.50916 11.03787 
  7.193277 7.324389 7.221663 6.210087 5.407855 7.833248 7.462655 6.839408 6.032458 6.961116 7.741676 7.711376 6.803493 7.925775 8.097882 7.803644 8.93023 9.332227 9.702344 9.835892 9.869728 10.39952 10.52868 
  7.193277 6.667585 6.507071 6.134613 6.109623 7.427402 7.702071 6.608221 5.758263 6.906147 7.569085 8.036386 7.672347 7.691729 7.858187 8.073564 9.157198 9.177726 9.432228 9.71361 9.92672 10.08852 10.67416 
  6.597918 7.652791 7.142263 4.888367 5.548208 6.905599 7.522509 6.666018 5.916568 6.631304 7.353346 7.279656 7.624475 7.925775 7.390781 8.361478 8.93023 9.139101 9.625168 9.430432 9.888675 10.31728 10.74691 
  5.928137 7.981193 7.777456 4.44597 4.76938 7.48538 7.043677 6.666018 6.265759 6.450955 7.205104 6.836464 7.069062 7.370027 7.798264 8.849591 9.535479 9.100476 9.509404 9.917414 10.29814 10.31728 10.64992 
  6.523498 7.242289 6.904066 5.228915 5.96927 7.195489 7.702071 6.26144 6.440735 7.23596 8.086859 7.943526 8.007446 7.870452 7.834218 8.15454 8.709119 8.802486 9.509404 9.795132 9.396059 10.3447 10.48019 
  6.300237 7.242289 7.301062 6.361037 7.162276 7.717292 7.881633 6.781611 6.032458 7.126023 7.612233 6.822614 7.528733 8.202387 8.025974 8.379473 8.854574 9.139101 9.209007 9.672849 9.869728 10.18023 10.98937 
  5.928137 5.764481 6.507071 6.511987 5.96927 4.954309 6.804262 7.532969 6.324085 6.410878 7.48279 7.293506 7.039554 7.739388 8.217372 8.536179 8.599435 9.139101 9.663755 10.2435 10.01243 10.04426 10.60142 
  6.374657 6.585485 6.427671 4.54077 5.618385 6.035928 6.205722 6.723814 5.671915 6.631304 8.000563 7.711376 7.383811 7.751303 8.025974 7.929606 8.689177 9.061851 9.197529 9.545869 10.09814 9.881967 10.21035 
  6.895597 6.667585 5.951277 4.47757 4.999811 6.441775 6.564846 6.319237 5.340914 7.126023 8.043711 7.572086 7.528733 7.981097 8.276937 8.536179 8.739033 8.834021 8.70397 9.061036 9.661314 10.15282 10.69841 
  7.863057 5.518179 4.381884 4.888367 6.039446 5.614083 5.809526 6.608221 6.090784 6.370801 6.998323 6.794915 6.852672 8.091743 8.455635 8.692884 8.699148 8.692116 9.25492 9.361171 9.765521 10.18023 10.57718 
  8.681677 7.734892 5.633681 5.606289 5.267501 4.987298 5.770331 6.897205 5.959742 6.611265 6.904332 7.127309 6.980539 7.536835 7.882157 8.334486 9.005886 8.849788 9.18605 9.672849 9.642367 10.00737 10.4317 
  7.267697 6.585485 5.951277 5.606289 5.337678 5.861994 7.462655 5.794571 6.032458 7.180992 7.073517 6.711816 7.246108 8.091743 8.276937 8.091558 8.854574 9.563977 8.899097 9.372714 10.041 10.48175 10.52868 
  9.128197 7.981193 6.58647 5.077966 4.933974 5.97795 6.564846 6.26144 5.427262 6.470994 7.26705 7.432796 7.76809 7.981097 8.049944 8.100555 8.679205 8.518678 9.355052 9.754371 9.841309 10.02951 10.34746 
  8.309577 7.48859 5.327366 4.319571 5.267501 5.18523 5.966306 6.666018 5.369697 6.53111 7.186306 7.210407 7.76809 7.981097 8.061928 8.457826 8.479779 8.983808 8.841707 9.545869 9.822361 10.02951 9.978985 
  10.09566 8.227494 5.792479 4.919967 5.337678 6.441775 7.223239 5.557392 5.873394 6.906147 7.439641 7.850667 7.720218 8.091743 7.690401 8.235516 8.778918 8.786719 9.140139 9.876653 10.06957 10.04426 9.859015 
  9.277037 8.063293 5.633681 4.888367 4.670623 6.325819 6.385284 5.824219 6.499061 7.071054 7.353346 7.572086 7.76809 7.715558 8.276937 8.457826 8.429923 8.94439 9.025357 9.5805 9.95529 10.23505 10.69841 
  8.086317 5.271878 4.041511 4.888367 5.478032 4.756377 5.770331 5.972456 5.528002 6.511072 7.353346 7.525656 7.815961 7.739388 8.515201 8.536179 8.609406 8.936506 9.266397 9.958175 9.595 9.904098 10.38174 
  7.044437 7.078088 5.951277 5.757239 4.933974 5.97795 6.684554 5.942809 6.032458 6.310685 6.810341 7.04421 6.803493 7.981097 8.336503 8.316491 8.599435 8.802486 9.663755 10.08046 10.32671 10.72845 10.57718 
  7.788637 7.078088 6.110075 5.530814 4.868136 5.416151 5.37838 6.030253 6.207434 6.961116 7.48279 6.864163 7.04939 8.091743 8.515201 8.298497 8.649292 8.873438 9.059792 9.280365 10.12671 9.911474 10.40745 
  8.607258 7.899093 6.904066 6.134613 4.966893 4.327525 5.61355 5.557392 5.053088 5.729563 6.020814 6.905713 7.285451 7.572579 7.99002 8.370476 8.778918 8.841904 8.543276 9.876653 10.01243 9.87459 10.02183 ]
