 [
  4.663001 4.273129 3.697189 4.6974 5.087449 5.524802 5.284567 5.872303 5.90833 6.559284 6.124462 7.048481 7.126055 7.325919 7.284214 8.025893 8.814679 8.922457 8.98413 9.672009 10.25717 10.18881 10.79576 
  4.352311 4.889002 4.518579 4.352527 4.156747 5.10354 4.919053 5.03536 5.006109 5.887036 5.690168 6.435064 6.939915 7.379675 8.551332 8.701597 8.179061 9.208774 9.299331 9.496013 10.23134 9.956051 10.30721 
  3.808604 3.999407 2.875798 4.559451 4.466981 4.471649 5.138361 5.692958 5.231665 5.887036 6.462245 6.387877 6.828231 7.70221 7.632672 8.701597 8.905482 9.258568 9.033381 9.219447 9.567478 9.851711 10.20248 
  3.264896 3.315102 3.450772 3.66278 4.342887 4.89291 4.626641 5.154923 6.077497 5.938748 6.944794 6.529436 7.126055 7.8366 8.171197 8.613462 8.742038 9.183876 9.259931 9.57144 9.444336 9.883816 10.30721 
  3.886276 3.930976 3.532911 4.352527 5.149496 4.612069 5.35767 4.616889 5.175276 6.559284 6.848284 6.812551 7.349424 8.024746 7.917774 8.349056 8.941803 8.997148 9.240231 9.307446 9.709566 10.10855 10.14609 
  4.740673 4.54685 4.600718 4.6974 4.280841 4.261018 4.261126 4.377762 5.006109 6.093882 6.317481 6.954109 6.828231 7.675333 8.519655 8.143407 8.633075 8.723279 8.97428 9.521155 9.728511 10.10052 10.07359 
  6.216451 5.573307 4.682858 4.973299 4.653121 5.10354 5.138361 5.334268 5.626386 5.731902 6.41399 6.765366 7.498336 7.944112 8.107841 8.378435 8.705716 9.046942 9.535731 9.697151 9.652731 10.19683 10.50859 
  5.362053 5.094294 5.093554 5.042274 5.832011 5.875853 6.015596 5.991866 6.246663 5.938748 6.848284 7.001295 7.014371 7.8366 7.886096 8.143407 8.651235 8.499205 9.437231 9.709723 9.851653 10.4829 10.12193 
  5.828088 5.299585 4.518579 4.559451 4.591075 4.89291 4.84595 5.573395 5.795552 5.938748 5.786678 6.435064 6.604862 7.514065 8.107841 7.996515 8.542272 8.997148 9.506181 9.420586 9.709566 10.02829 10.03332 
  4.740673 4.341559 3.286494 4.559451 3.970607 4.68228 5.211464 5.214705 5.288053 6.300727 6.993049 6.812551 6.791003 7.755966 8.266232 8.114029 8.48779 9.393816 9.646933 9.420586 10.20552 10.29845 10.63117 
  3.420241 3.520394 4.025745 4.352527 4.777215 5.173751 4.334229 5.872303 5.682775 5.835325 6.5105 6.199134 7.274968 7.809722 8.076163 8.08465 9.416752 9.491717 9.815937 9.879214 9.605369 9.723293 10.37971 
  4.663001 3.930976 3.532911 3.938679 4.839262 4.190808 3.895611 5.274487 6.190274 6.249016 6.558755 6.48225 7.647248 8.051624 8.741401 8.437192 8.614914 8.673485 9.210681 9.596581 9.880071 10.14065 10.54887 
  3.808604 4.341559 5.011414 4.973299 4.963356 3.839757 4.261126 4.198417 5.400831 6.40415 6.124462 7.520341 7.647248 7.97099 8.012808 8.554706 8.542272 9.393816 9.535731 9.332587 9.84218 9.996181 10.16221 
  5.284381 5.299585 6.161361 6.145868 5.149496 4.612069 4.919053 4.975578 5.231665 6.197305 5.883188 6.906923 7.647248 7.084017 7.82274 8.525327 9.360883 9.344865 9.466781 9.799743 10.01269 10.23697 10.33943 
  4.041621 4.204698 4.354301 4.835349 4.0947 4.89291 5.576979 6.470119 7.76916 7.645224 8.295929 8.416874 8.764091 8.616061 8.773078 8.789733 9.640228 9.109185 9.250081 9.596581 10.59288 11.12847 11.20724 
  4.740673 4.683711 5.257832 5.525096 4.839262 5.03333 5.650082 6.529901 7.712771 8.886297 8.440693 9.288735 9.242444 9.214914 9.089858 8.995382 8.851001 9.171428 9.604681 9.722294 10.77364 10.82105 10.93292 
  5.517398 5.573307 5.750666 5.525096 4.156747 5.735433 6.308008 6.470119 8.051104 9.459469 8.633713 9.288735 9.412435 9.543481 9.311604 9.876736 9.863705 9.638571 10.15395 10.03816 10.41211 10.75957 11.45413 
  5.439726 5.98389 5.093554 5.042274 5.832011 5.595012 4.992156 5.991866 7.148883 8.679452 8.778477 9.428136 8.838547 9.789906 9.576069 10.22179 10.31066 9.295914 10.1962 10.1971 10.67035 11.55885 12.00277 
  5.051363 5.299585 5.175693 5.73202 6.452478 5.946063 5.138361 4.856015 6.35944 7.438378 8.633713 9.846338 9.15745 9.789906 9.90665 10.45183 10.70174 9.638571 10.57646 10.99182 11.08353 11.83552 12.24965 
  4.196966 5.299585 6.900613 6.904589 6.080198 4.68228 5.796288 7.307062 7.994716 8.110626 9.403426 9.985739 9.667419 9.543481 10.43558 10.73937 10.53413 9.981228 10.32295 10.95209 11.0577 12.05071 12.24965 
  9.114034 10.0037 10.76871 11.27337 11.47213 11.87741 12.01096 12.34991 12.89943 13.55624 13.62183 13.61016 13.57719 13.81484 14.13809 14.18992 14.27736 13.45675 13.06928 13.21703 13.20108 13.86446 14.06017 
  12.35202 12.63346 13.40472 13.49115 13.79906 14.29784 14.22031 14.39881 15.07795 15.73003 15.88727 15.63146 15.53208 16.03266 16.18769 16.26025 16.34452 15.51269 15.01283 15.20847 15.30842 16.14937 16.2774 
  13.94357 13.46728 13.52187 14.66527 14.84217 15.33516 14.54762 14.62647 15.58628 15.64642 15.88727 15.35266 15.02211 15.1291 15.19595 15.16757 15.45061 14.97423 14.88608 14.84621 15.06049 15.30187 14.90483 
  16.52735 16.29551 15.94871 16.42645 16.76791 16.28605 14.95676 14.39881 14.56963 14.2251 13.54371 13.47075 13.83218 13.7327 14.27032 14.7075 14.50084 13.65255 14.25231 13.77334 14.50267 14.26604 15.01041 
  17.7544 18.2011 18.38696 18.99094 19.96455 19.31158 17.7389 18.07676 17.91004 16.5661 16.04351 17.23457 18.25192 17.67549 17.64225 16.66281 15.56235 13.6036 14.84382 14.21043 12.03901 13.86446 16.2774 
  17.43774 18.98288 18.97002 20.27318 22.02981 21.54703 19.75936 20.78869 20.80665 18.7399 18.23083 20.02429 21.42994 20.24554 20.40303 18.91874 16.94347 15.60371 16.59808 15.20847 13.09779 14.86243 15.36235 
  17.27941 18.93402 18.91701 20.02894 22.15497 22.49512 20.66454 21.33108 21.68441 19.74319 18.77766 19.92247 21.63836 20.36144 20.28077 19.24556 17.88308 16.403 16.4582 15.3402 13.14943 14.54854 15.22157 
  17.20025 18.88516 18.97002 19.66259 21.96722 23.06397 22.0223 21.80567 22.56217 20.53382 19.2844 20.38065 22.36781 21.46252 21.25884 19.66577 17.98748 16.99194 17.25083 16.26232 14.28574 14.73687 15.57351 
  17.12108 18.8363 18.91701 19.35729 21.59172 23.12718 22.6042 21.67007 22.73772 20.87972 19.51474 20.38065 22.47202 21.81023 21.13658 19.75915 18.16149 17.11814 17.34408 16.72338 14.53366 15.14493 15.0808 
  17.04192 18.78744 18.811 19.17411 21.34139 23.38 22.66885 21.67007 23.00105 21.42327 19.83721 20.48246 22.68043 22.21589 21.31997 19.85253 18.43989 17.24435 17.7637 16.92098 14.25475 15.27048 15.96065 
  16.96276 18.68971 18.70499 19.11305 21.02847 23.25359 22.66885 21.94126 23.35216 21.96683 20.06754 20.63519 22.83674 22.62155 21.56448 20.17936 18.54429 17.91743 17.9502 16.82218 14.47168 15.33326 15.6791 
  16.92317 18.64085 18.59898 18.99094 20.65297 22.93756 22.73351 22.00906 23.43993 22.31273 20.11361 20.58428 22.83674 22.6795 21.50335 20.13267 18.19629 18.2119 17.90358 16.75631 14.4097 15.39604 15.43274 
  16.84401 18.59199 18.49297 18.80776 20.40264 22.74794 22.92747 21.94126 23.43993 22.46098 20.25181 20.6861 22.94095 22.73745 21.38109 19.75915 18.23109 17.74916 17.62383 16.78925 14.68861 15.39604 15.53832 
  16.80443 18.54313 18.38696 18.68564 20.21489 22.74794 23.12144 21.80567 23.35216 22.46098 20.62035 20.88973 23.14937 22.96925 21.62561 19.89922 18.23109 17.45469 17.3907 16.92098 14.44069 14.86243 15.96065 
  16.76484 18.44541 18.33395 18.56352 20.1523 22.74794 23.12144 21.67007 23.26438 22.41156 20.71248 20.83882 22.99306 22.85335 21.50335 19.66577 18.6487 16.7816 17.62383 16.75631 14.37871 15.01937 16.03104 
  16.72526 18.39655 18.22794 18.50246 20.08972 22.74794 23.05679 21.60227 23.17661 22.51039 20.75855 20.6861 22.68043 22.50564 21.07545 19.47901 18.6487 17.11814 17.15758 16.42698 14.25475 15.08215 15.36235 
  16.68568 18.34768 18.12193 18.38034 20.02714 22.68474 22.92747 21.53447 23.08883 22.41156 20.43608 20.32974 22.2636 22.09998 20.58642 19.33894 18.30069 16.7816 17.06433 16.16352 14.22375 14.9566 15.11599 
  16.68568 18.29882 18.06893 18.31928 19.96455 22.62153 22.73351 21.46667 23.00105 22.36215 20.15968 20.02429 22.00308 21.98408 20.58642 19.24556 18.09189 16.15059 16.69133 15.57073 14.03781 14.98798 15.36235 
  16.60652 18.24996 18.01592 18.31928 19.96455 22.55832 22.73351 21.46667 23.00105 22.5598 20.48215 20.32974 22.10729 21.98408 20.52529 19.5257 17.84828 16.73954 16.50483 15.50486 14.31673 14.57993 14.65847 
  16.60652 18.2011 17.96291 18.25822 19.90197 22.55832 22.6042 21.46667 23.00105 22.60922 20.71248 20.32974 22.05519 21.86818 20.21964 19.01212 17.70908 16.31886 16.73795 15.40606 13.38702 14.36021 14.86963 
  16.60652 18.15224 17.8569 18.25822 19.7768 22.43191 22.34558 21.39888 22.8255 22.65863 20.71248 20.38065 22.10729 21.81023 20.28077 19.24556 17.77868 16.27679 16.36495 15.2414 13.449 14.17188 14.76405 
  16.56693 18.10338 17.75089 18.25822 19.71422 22.36871 22.21626 21.33108 22.73772 22.70805 20.52822 20.22792 22.05519 21.63637 19.97513 19.33894 17.84828 16.403 16.69133 16.03179 14.50267 14.83104 14.65847 
  16.56693 18.00566 17.64488 18.25822 19.65164 22.3055 22.21626 21.39888 22.73772 22.80688 20.39001 20.53337 22.2636 21.75228 20.03626 18.96543 17.91788 16.61333 17.2042 15.90006 14.03781 14.70549 15.0456 
  16.44819 17.81021 17.48587 18.19716 19.52647 22.17909 22.08695 21.19548 22.73772 22.75746 20.39001 20.94064 22.62833 22.15794 20.64755 19.29225 17.67428 16.44506 17.06433 16.16352 14.16177 14.48576 14.06017 
  16.32944 17.5659 17.11483 18.07505 19.33872 22.05268 22.08695 20.85649 22.38662 22.70805 20.48215 20.78791 22.68043 22.33179 20.7698 18.82536 17.70908 16.31886 16.6447 15.5378 13.69692 14.32882 14.13055 
  16.17111 17.22387 16.63778 17.83081 19.33872 21.98947 22.0223 20.6531 22.21107 22.60922 20.89675 20.99155 22.83674 22.44769 20.83093 18.91874 18.02229 16.23473 16.4582 15.66953 13.82088 14.57993 14.16575 
  15.93362 16.73526 16.37275 17.34233 19.08838 21.79985 21.89299 20.24631 22.03551 22.65863 20.80462 20.94064 22.88885 22.44769 20.83093 18.96543 18.19629 15.85612 16.13183 15.76833 13.85187 14.26604 13.59382 
  15.69613 16.44209 16.21374 16.97598 18.83805 21.67344 21.56971 19.97511 21.85996 22.85629 20.75855 20.94064 22.88885 22.44769 20.89206 19.24556 18.43989 16.02439 16.0852 15.93299 13.78989 13.95668 12.77086 
  15.49821 16.10006 15.94871 16.54856 18.21222 20.85176 20.59988 19.16153 20.54332 22.11507 20.29788 20.58428 22.57623 22.21589 20.70868 19.57239 18.37029 16.6554 17.0177 16.39405 14.03781 15.17632 14.09536 
  15.45863 15.64805 15.27921 15.70893 16.76791 18.96581 19.04815 17.73777 18.61225 20.48441 19.46867 18.95521 19.86683 19.49218 17.89674 17.93825 18.26589 16.15059 15.85208 14.64753 12.96867 14.11039 12.99032 
  15.26072 15.90462 15.63068 16.73174 18.58772 21.04138 20.8585 19.29713 20.6311 22.5598 21.40349 21.34791 22.88885 22.21589 20.40303 19.15218 17.95268 16.15059 16.22508 15.80126 13.35602 14.29743 13.4018 
  14.60215 14.30111 14.28339 14.20867 14.92241 19.39803 19.04815 15.61298 16.38507 20.03968 18.82373 16.81637 19.18686 18.16834 16.65051 17.2379 16.45626 13.99521 14.29456 13.53492 11.85824 12.14294 12.00277 
  14.49239 14.23697 13.69761 14.27389 15.96552 16.71827 15.77504 14.70235 14.93272 16.23168 16.90282 16.46787 17.31697 16.68979 15.46041 16.14523 15.50648 14.28892 14.46356 14.1707 12.19395 12.32739 12.24965 
  15.0412 15.90462 15.68368 16.73174 18.96322 20.53573 19.50074 18.41575 19.31446 21.76917 21.67989 21.14427 22.52412 21.92613 20.46416 19.43232 17.98748 16.02439 16.4582 15.70246 13.91385 14.20326 14.65847 
  12.73619 13.46728 13.28756 13.81729 17.5703 19.71406 17.41159 14.93001 16.02198 20.18792 19.83721 18.14067 20.28366 19.31832 17.77448 17.1804 15.72996 13.5057 13.66079 13.05809 11.39341 11.80478 12.49654 
  12.24226 11.67135 11.23733 11.7952 14.52122 16.11316 14.38397 12.34991 13.04466 15.98085 16.8247 15.07386 16.63701 15.95052 14.07197 15.45512 15.1154 13.212 13.40728 12.70047 10.77364 11.3744 12.1125 
  13.12036 12.12033 12.40889 13.03455 14.12002 14.64361 13.15655 12.50168 12.89943 14.3087 15.18421 14.44656 14.51214 14.30769 12.74965 14.82252 14.83605 13.65255 13.06928 13.01835 11.0577 11.3744 12.49654 
  14.82167 14.75009 14.86916 16.03507 17.65054 17.66915 16.34783 15.46121 15.65889 17.5694 18.23083 16.81637 16.72201 15.78624 13.67528 14.01739 14.44497 13.5057 13.57629 12.89915 11.57418 11.49737 12.05763 
  13.94357 14.62181 14.63485 15.83939 18.83805 18.53359 16.10235 15.15767 15.51366 18.07104 18.77766 16.67697 16.97699 15.62195 13.60916 13.72985 13.83041 12.91829 13.32278 12.70047 11.23847 11.34366 10.87806 
  12.95571 13.59556 13.69761 14.79572 16.84815 16.54538 14.71128 14.09527 14.78748 16.81693 18.23083 17.09517 17.74195 16.77193 15.26207 16.6053 16.23278 15.56164 14.67482 13.41571 11.41924 11.52811 11.3444 
  12.95571 12.50518 12.58462 13.55638 15.48409 15.07583 12.66559 12.04637 12.68157 15.47921 17.44965 15.21326 16.55202 15.45767 13.60916 15.28259 14.66845 14.23997 13.70304 12.81967 11.85824 12.23516 12.33195 
  14.4375 13.85212 14.10765 14.53481 14.68169 14.03851 12.66559 11.81871 12.60896 14.97756 15.65292 14.58596 15.61707 13.65056 12.81576 13.90237 14.72432 14.09311 13.9988 12.62099 11.88407 12.38887 11.3444 
  13.33988 13.59556 13.69761 13.94775 14.52122 13.77917 12.17462 11.3634 12.24587 14.97756 15.65292 14.02836 16.12704 13.97912 13.60916 14.30494 15.17127 14.53367 13.9988 12.50179 12.19395 12.88073 12.82573 
  13.88869 13.08244 11.82311 11.01245 11.79308 12.39607 11.27452 10.52866 12.3911 14.2251 14.94985 13.81926 15.70207 13.65056 13.01411 13.84487 13.32759 13.84836 13.8298 12.34284 11.67748 12.32739 11.72845 
  13.99846 12.44104 11.5888 12.05612 12.435 12.39607 12.09279 11.3634 11.73755 14.89396 15.34044 13.19195 13.57719 12.50058 12.81576 13.61483 13.38346 13.70151 12.81577 12.14416 11.83242 12.01997 12.0302 
  12.02273 10.96581 11.00302 11.27337 11.55237 11.09941 10.78355 9.997461 12.02802 13.55624 13.93431 12.00705 13.4072 12.66486 12.74965 13.4423 13.15998 13.01619 12.64676 12.54152 12.27142 12.91147 12.24965 
  9.992132 10.77339 10.88586 10.22971 11.31165 11.53163 10.78355 11.21163 11.66493 12.97098 13.93431 13.19195 14.00217 13.23985 12.948 13.84487 13.88628 12.86934 12.77352 12.66073 12.50384 13.21889 12.99032 
  9.992132 10.51683 11.35449 10.29494 10.66973 11.44519 11.27452 12.27402 12.53634 13.63984 15.41856 14.23746 15.53208 14.22555 13.21246 14.53498 13.43933 13.5057 13.15378 12.97862 12.99449 13.40334 13.81328 
  10.59582 10.77339 10.94444 9.968793 11.07093 11.18586 12.01096 13.33642 12.75419 15.22839 15.80916 14.37686 14.59713 14.55411 13.27858 14.24743 14.10975 13.11409 12.94252 13.01835 13.20108 13.46482 14.0053 
  10.54094 11.73549 11.5888 10.4254 9.867342 11.70452 12.33827 12.04637 12.68157 15.22839 15.96539 15.35266 14.25715 14.38983 13.08023 13.84487 13.83041 13.45675 13.02702 13.2965 13.09779 13.74149 13.64869 
  11.14464 11.67135 11.88169 11.3386 10.91045 12.39607 11.52 13.03288 11.59231 14.72674 15.18421 13.47075 14.17216 14.47197 13.41081 14.0749 13.55106 12.77144 13.06928 13.37598 13.38702 13.18815 13.67612 
  11.2544 10.70925 11.41306 11.07768 11.07093 12.30963 12.4201 12.65345 11.73755 13.38902 13.93431 12.35555 13.74718 14.30769 13.47693 14.13241 13.88628 13.65255 13.32278 13.21703 13.04614 13.55704 13.12748 
  11.03487 11.79963 11.76453 11.01245 10.74997 11.87741 12.17462 12.27402 11.66493 12.80377 13.62183 12.42525 14.51214 14.47197 13.67528 14.64999 13.71867 13.55465 13.11153 12.58126 12.86537 13.77224 13.56639 
  11.19952 10.90167 10.76871 11.72997 11.6326 11.79097 11.92914 11.28751 12.10063 12.88738 13.4656 12.70405 13.83218 13.97912 12.948 13.61483 13.43933 13.11409 12.60451 12.7402 13.35602 13.06518 13.01775 
  10.97999 11.02995 11.12018 12.05612 10.83021 11.2723 12.01096 10.8322 11.51969 10.8808 11.98134 12.35555 13.91717 13.32199 12.28683 13.26977 13.27172 12.62458 12.30875 12.34284 12.60713 12.48109 12.41425 
  9.717726 10.19612 10.18293 11.07768 10.91045 11.79097 12.01096 11.13574 10.86614 11.71687 12.05946 12.56465 13.74718 12.41843 11.42732 12.69468 12.43368 12.28193 12.013 11.66733 11.80659 12.2659 11.92047 
  9.333558 10.13198 11.17875 10.09925 9.546386 11.53163 12.25645 11.43928 11.44708 12.63655 12.99688 13.61016 13.91717 13.32199 13.27858 14.13241 13.15998 12.86934 11.59049 11.86601 12.63296 12.38887 12.13993 
  9.553082 10.26026 11.17875 10.09925 9.787103 10.58075 10.45624 10.60454 10.13996 12.38573 12.99688 11.93735 12.38726 11.7613 12.02237 13.09725 11.65152 11.54766 10.1962 10.71367 11.13518 10.94402 11.2621 
  10.3763 9.747141 10.30008 10.55585 9.626625 11.09941 10.86538 9.769806 9.486403 11.04801 10.9658 11.58885 12.21727 10.28275 11.09674 12.00457 10.75761 10.71549 9.858188 10.15737 10.0764 10.1567 10.5763 
  10.10189 8.400194 9.948616 9.773107 8.984711 9.802755 10.29258 9.466264 10.35781 11.54966 11.35639 10.82214 10.85735 9.625622 9.90665 10.22179 10.19892 10.32388 9.604681 9.709723 9.870598 10.13263 10.63117 
  10.04701 10.0037 10.59297 8.990361 9.466146 10.14853 9.883444 9.618034 9.486403 10.29554 10.73144 10.40394 10.68736 8.804207 9.90665 10.45183 9.863705 9.540668 9.604681 9.496013 9.861126 10.22091 10.37165 
  9.827488 10.38855 9.948616 8.990361 9.06495 9.629868 10.45624 9.769806 8.905462 10.9644 10.88768 10.61304 10.60237 9.461339 9.443836 10.22179 9.807836 9.736473 9.565281 9.760007 10.05058 10.18078 10.48443 
  9.333558 9.426439 9.597148 9.512192 8.743994 10.14853 10.45624 9.69392 9.341167 10.54637 10.65332 10.33424 10.34738 9.297056 9.642185 9.991754 9.196051 9.687522 10.1117 9.918951 10.33464 10.39067 10.22665 
  8.235935 9.169878 10.12435 10.22971 9.466146 10.32142 11.11086 10.07335 9.123315 10.8808 10.41897 10.54334 11.02734 9.461339 9.90665 10.33681 9.196051 9.146531 9.858188 9.918951 10.0411 10.39067 10.6586 
  9.772607 10.19612 9.597148 9.381734 10.34878 10.75364 10.9472 9.238607 9.84949 10.62997 10.34085 9.706938 9.327439 9.461339 9.840533 9.759222 9.472621 9.491717 9.299331 9.918951 10.12805 10.1246 10.47637 
  8.08059 7.420929 8.367011 8.077158 8.824233 10.23497 9.719788 8.631525 9.123315 10.04472 9.79402 9.288735 9.752415 8.642939 9.184892 10.10677 9.52849 9.491717 9.731435 9.734864 9.737983 10.42141 10.76833 
  9.114034 8.207773 9.24568 9.707878 9.305668 9.543425 10.0471 8.70741 8.68761 10.8808 10.80956 10.12514 9.922404 9.132772 9.90665 10.62435 9.696097 9.442767 9.584981 9.799743 10.25717 10.17276 10.37165 
  9.992132 9.939562 9.187102 9.64265 10.02782 10.06209 9.883444 9.238607 9.123315 10.8808 10.73144 9.124663 9.667419 8.96849 9.642185 9.991754 9.807836 9.246119 9.900439 9.998423 9.614841 10.29845 10.44415 
  8.94939 8.656755 9.069946 8.990361 9.706863 8.938317 8.983338 9.466264 9.341167 9.961114 9.481544 9.637237 9.667419 9.050632 10.43558 10.73937 9.105247 9.208774 9.731435 9.722294 9.908488 10.75957 10.46832 
  9.717726 8.849176 9.011369 8.794675 9.947581 8.765429 8.90151 8.252098 8.445826 9.877506 9.325307 9.567536 9.412435 9.214914 10.17111 10.33681 9.360883 9.785424 9.94269 9.760007 10.17969 10.4829 10.37971 
  10.54094 10.13198 9.069946 9.120819 8.583515 8.678986 8.354891 7.96466 8.905462 9.125039 9.012833 9.219035 8.838547 8.37416 9.972766 10.68186 9.250532 8.760625 9.486481 9.57144 9.643258 10.05236 10.48443 
  9.498201 8.849176 8.659901 8.338073 7.072947 8.678986 8.281788 8.024442 8.68761 9.543077 9.090951 9.124663 8.950232 8.886349 9.576069 9.934245 9.416752 8.922457 8.99398 9.918951 9.813763 10.00421 10.33943 
  9.772607 7.694651 8.601323 7.525361 7.445228 8.678986 8.983338 8.100327 8.445826 8.731163 8.934714 9.497836 8.801319 8.562305 9.184892 9.759222 9.087088 9.295914 9.358431 10.23684 9.747456 9.956051 10.43609 
  8.400578 8.271914 9.069946 8.925133 8.904472 9.111205 9.065166 7.96466 9.123315 9.626684 9.16907 10.19484 9.667419 8.427916 9.642185 10.16428 9.087088 9.022045 9.220531 9.483441 9.91796 10.39067 10.54887 
  9.168915 7.55779 7.886282 8.468531 8.262559 8.052369 8.5742 8.783296 8.614992 8.26576 8.199419 9.846338 8.987459 7.997868 10.5017 10.79688 9.584359 9.393816 9.646933 9.558868 10.15387 10.54438 10.7409 
  8.235935 7.489359 8.601323 8.990361 8.663754 6.788586 7.989376 8.024442 7.712771 8.524318 8.344183 9.124663 8.726863 8.427916 9.708301 9.991754 9.584359 9.540668 9.00383 9.799743 10.23134 10.13263 10.5763 
  9.44332 7.75879 7.804143 7.387412 8.021841 8.192789 9.065166 8.935066 8.22027 9.041431 8.295929 8.652803 8.987459 8.777328 8.583011 8.525327 8.796519 8.760625 9.604681 9.634295 10.12805 10.20486 10.43609 
  9.717726 7.147207 8.659901 8.598989 8.021841 9.024761 8.983338 8.85918 9.050697 9.961114 8.934714 9.030292 8.950232 8.886349 9.642185 10.04926 9.305014 9.059391 9.773685 9.496013 9.709566 10.17276 10.31526 
  9.44332 7.75879 7.804143 9.05559 8.824233 9.8892 9.146994 8.403869 8.760227 9.041431 8.934714 8.699989 8.801319 8.886349 8.804756 9.02476 8.542272 9.084288 9.815937 9.799743 10.15387 10.51364 10.63117 
  7.925245 8.528475 8.132699 7.80126 7.941602 10.84008 9.801616 7.96466 8.445826 9.208647 9.16907 9.171849 9.242444 8.804207 9.153214 9.436059 9.416752 9.171428 9.646933 9.483441 9.794818 10.35993 10.71346 
  6.682486 7.147207 7.886282 8.008183 8.262559 9.284093 8.354891 8.024442 8.832845 9.626684 9.16907 9.219035 9.582424 7.782845 9.972766 9.991754 9.360883 9.58962 9.731435 8.955453 10.0764 10.45216 10.63117 
  9.004272 8.785036 8.542745 8.53376 7.631368 7.701318 7.916273 8.479753 8.97808 9.041431 8.440693 9.497836 8.652407 8.454793 8.868113 9.23041 9.105247 9.393816 9.30918 9.958687 9.984268 10.20486 10.63117 
  8.235935 8.656755 9.069946 8.53376 7.817508 8.33321 8.737855 8.403869 8.760227 8.731163 7.861635 7.425969 7.907845 8.804207 8.836434 9.112896 8.687556 8.984699 8.99398 9.958687 9.832708 10.26771 10.7409 
  8.08059 8.400194 9.714304 8.338073 8.663754 8.592542 9.065166 7.785316 8.832845 8.214049 8.102909 8.133759 8.950232 8.96849 8.234553 8.143407 8.14274 9.134082 9.565281 9.958687 10.23134 10.35993 11.04265 
  8.784746 7.352498 7.722003 7.525361 7.445228 8.052369 8.656028 8.176212 8.832845 8.627741 8.681967 8.747175 8.987459 8.589183 8.89979 8.701597 8.723877 9.146531 9.38798 9.546297 10.69617 10.16473 10.41193 
  9.059153 8.207773 7.804143 7.111513 7.941602 8.263 8.354891 7.725533 7.31805 7.541801 7.81338 8.558432 7.982301 8.10538 8.456299 8.936625 8.578592 9.109185 9.378131 9.918951 10.0411 10.10052 10.15415 ]
