 [
  4.19806 3.733799 4.754317 4.610509 4.906659 4.937034 5.166763 6.467819 6.773872 6.000103 6.167504 7.276166 7.518731 7.9829 8.526511 8.529317 8.910354 9.357488 9.649323 9.979066 10.02432 10.36118 10.49651 
  4.572295 3.56706 4.018189 5.369185 4.887617 4.671911 4.874564 5.888732 5.980033 6.596238 7.134032 7.243965 7.862305 7.9829 8.071306 8.118822 9.050792 9.325172 9.683279 9.832812 9.857122 10.31586 10.64457 
  4.806192 3.995816 4.069711 4.610509 4.811446 5.170655 4.555802 5.946641 6.063093 7.102299 7.134032 7.147363 7.319403 7.94694 8.330316 8.862535 8.669695 8.940337 9.414479 9.723598 9.960628 10.90268 10.69154 
  3.683486 3.614699 4.584925 4.631082 5.230209 5.170655 6.080517 5.946641 6.391145 5.95886 6.39149 7.06686 7.697843 7.577998 8.000668 8.679832 8.818674 9.226497 9.58896 9.780197 10.15968 10.77772 10.27341 
  4.244839 2.995384 3.889386 4.651655 4.54485 4.189868 4.422985 5.268023 5.747463 6.495026 6.805001 6.809254 7.549397 7.737873 7.953575 8.365119 9.366117 8.851528 9.402847 9.764026 9.65011 10.23421 10.27341 
  4.385178 2.518988 3.915147 4.836815 5.571931 4.623706 5.41043 5.888732 6.391145 6.69745 6.753312 7.554125 7.656727 7.455017 8.118399 8.652466 9.492248 9.583696 9.600592 9.658915 9.76954 10.21788 10.42861 
  4.010942 3.51942 4.584925 4.589935 5.001873 5.047044 5.288597 5.55537 5.182652 6.165078 6.852005 7.195664 8.108999 8.450368 8.470455 8.986803 9.303052 9.422119 9.759682 9.912033 9.952665 10.1199 10.59759 
  4.759413 3.376501 4.275796 4.672229 5.097085 4.985238 5.087072 5.587297 5.714239 5.175232 5.874599 7.379553 7.656727 7.602594 7.906482 8.351437 9.019259 9.551381 9.929463 9.98516 10.06413 10.18522 10.19581 
  2.092984 2.781006 3.863626 4.610509 5.571931 5.479684 5.22768 5.268023 5.847136 5.793885 7.369054 7.292266 7.30407 7.590296 8.236131 8.529317 8.795754 9.206761 9.640834 9.936408 10.16897 10.63193 10.90292 
  3.496368 3.257402 4.275796 3.767005 4.144955 3.780132 5.41043 5.395733 5.298936 6.288808 6.89901 7.131262 7.549397 7.94694 8.442428 8.769333 9.113857 9.422119 9.623856 9.893751 10.61487 10.65276 10.26371 
  2.701117 3.114483 4.754317 4.987122 5.173256 4.912931 4.954255 5.379769 5.631178 6.545632 6.408719 6.938057 7.503398 7.88545 8.610596 8.32407 8.841594 9.583696 10.06529 9.699342 10.35476 10.42366 10.45771 
  3.496368 3.948177 4.018189 5.532927 5.230209 4.286277 4.927691 5.411697 5.33216 5.175232 5.702303 6.777053 7.518731 7.897748 7.977121 8.214604 8.646774 8.999542 9.379583 9.966878 10.08802 10.13623 10.48681 
  3.26247 4.043456 3.374172 4.816241 5.059 4.623706 4.794874 4.693331 6.063093 6.899875 6.563786 7.510482 7.150741 8.162695 8.582567 8.924668 8.749914 8.802191 9.426111 9.804453 10.27115 10.2832 10.46741 
  2.888235 3.066844 2.936241 4.137324 5.344117 5.479684 5.715015 5.012605 5.930196 6.350674 6.443178 6.69655 7.396068 7.94694 8.55454 8.769333 8.669695 8.989675 9.146942 9.887657 10.56843 10.48614 10.90292 
  2.935014 3.924357 4.867245 5.096283 4.811446 6.035936 5.349514 5.124351 6.33647 6.226943 6.35703 7.243965 6.890082 7.159863 8.189037 8.862535 9.39765 9.167292 9.112046 9.991254 10.37334 10.32403 10.51591 
  3.870604 3.185943 3.477215 5.041702 5.458024 4.382685 5.007382 4.805077 5.614566 6.288808 6.35703 6.567747 6.82875 7.393527 8.386372 8.924668 9.712976 8.910734 9.239999 9.481033 9.896932 10.13623 10.41891 
  4.525516 2.900105 4.697853 4.610509 5.135171 4.720115 3.62608 5.42766 6.063093 6.226943 6.460408 7.685055 7.738958 7.516508 8.071306 8.862535 9.366117 9.648328 9.519167 9.594231 10.33618 10.16073 9.95331 
  4.244839 3.709979 4.481882 4.932541 4.049742 3.442703 4.635493 5.044532 5.930196 6.350674 6.150274 7.641412 7.862305 7.713277 8.118399 8.365119 8.761374 9.551381 9.402847 9.820624 10.00044 10.25054 10.59759 
  4.15128 3.614699 4.584925 5.805829 5.039958 4.503196 4.635493 6.120367 6.44582 6.474404 6.581016 7.163463 6.675421 8.162695 7.977121 9.142139 8.841594 9.127821 9.742703 10.4483 10.20613 10.36118 10.49651 
  5.086869 4.490598 3.992429 4.528216 4.811446 5.10885 3.944842 5.772915 5.498281 7.152905 7.32205 7.466839 7.457399 8.054818 8.386372 8.419852 9.208454 9.029145 8.879406 9.602316 9.888969 10.36118 10.55471 
  4.244839 3.305042 4.04395 4.589935 4.811446 4.816524 3.466699 6.00455 6.029869 6.646844 7.087028 7.227865 7.442066 8.126736 7.718112 8.625099 8.910354 9.246232 9.67479 9.675085 10.24329 10.24238 10.46741 
  5.521404 6.893986 7.06934 7.22492 7.28054 8.940809 10.52745 11.50587 12.18673 12.61836 12.88778 13.29302 14.00514 14.4528 15.17511 16.02066 16.51044 16.58164 15.52806 15.00642 14.75394 14.63088 14.26567 
  5.564858 6.16738 7.012876 6.569955 6.597096 8.446362 10.04012 10.92678 11.5853 12.1123 12.35152 12.79131 13.56102 14.06098 14.76056 15.61207 16.09655 16.23496 15.14571 14.69172 14.48153 14.35237 13.97199 
  6.390474 6.390951 7.295196 6.788277 8.248751 7.581081 7.420691 6.988996 6.937898 7.254117 7.792094 8.99435 10.53482 10.71579 12.51012 12.6838 11.2896 10.55316 10.08227 10.10094 10.15172 10.54862 10.33161 
  7.042277 6.390951 7.972763 7.989046 7.679214 6.653995 7.298856 7.278539 7.976728 7.507147 9.625267 11.17651 12.50837 12.99749 15.11589 15.27157 13.19931 12.23357 11.47516 11.15137 10.27115 10.63193 11.16128 
  5.912486 4.267027 5.544812 5.478346 5.799746 5.788713 5.22768 5.507479 6.172444 6.495026 6.736083 8.383346 9.548046 8.989754 10.43241 11.13044 9.933703 9.389804 9.402847 10.13141 10.43837 10.34035 10.62108 
  4.946531 4.770061 5.827132 5.478346 6.084514 5.479684 5.349514 6.00455 6.391145 7.557754 8.967205 8.383346 7.738958 8.090776 8.358343 9.080005 9.113857 9.325172 9.903996 9.912033 10.32689 10.5278 10.69154 
  6.607742 5.328989 4.584925 4.987122 5.970606 6.035936 5.897766 5.299951 6.937898 7.001087 7.040023 7.554125 7.697843 7.873152 8.610596 8.738265 9.618378 9.48675 9.344687 9.707427 10.17826 10.71524 10.23461 
  6.738102 6.055594 5.431884 5.696668 6.141467 5.356073 6.385102 5.715007 6.117768 6.950481 6.029666 7.131262 7.4114 7.479613 7.835843 8.769333 8.956194 9.357488 9.657812 9.764026 10.42908 10.46532 10.59759 
  6.911917 6.614522 7.521051 7.17034 6.198421 5.726908 6.811521 6.641544 7.047248 7.658966 7.604076 7.510482 8.150114 8.522285 8.386372 8.8004 9.176922 8.910734 10.04831 10.33861 10.75422 10.5278 11.02036 
  7.259544 7.676484 7.521051 7.606983 7.223586 6.653995 6.689687 7.799716 8.632832 8.873511 8.9202 7.990557 9.095774 9.52914 8.750735 9.608147 10.09137 9.325172 9.87004 10.60064 11.41687 11.6108 11.98331 
  7.389905 7.005771 7.06934 7.006598 7.052725 6.221354 6.750604 6.757361 8.031404 8.468662 8.074121 7.466839 10.00032 10.60791 9.675658 10.10522 10.43822 10.23001 10.0568 10.04 12.0979 13.14546 11.51358 
  7.650626 8.570768 9.327898 9.517299 9.558683 9.311644 9.370033 10.17397 10.92919 11.70745 11.50544 11.17651 10.69928 10.46408 10.01199 9.204273 10.2175 10.32695 9.683279 11.07269 14.48153 15.8378 14.65725 
  8.432789 9.297373 10.7395 11.26387 11.55206 11.59846 11.80671 12.3745 12.95218 13.67681 14.01339 14.35212 14.69598 14.67669 14.28678 13.77339 13.13033 12.42746 12.85162 13.59028 14.0048 14.53804 14.06988 
  7.911347 8.458982 9.440826 9.844782 10.29908 10.05331 10.16195 10.92678 11.47595 12.26412 12.58655 12.87859 13.26495 13.22138 12.74701 12.31099 11.79413 11.23179 11.55163 12.33148 12.57463 13.09904 12.68792 
  7.216091 6.838093 5.996524 7.334081 6.597096 6.592189 7.664358 7.915534 9.179585 9.53139 9.296236 9.648998 9.548046 9.637017 9.983966 10.19842 10.56436 10.29464 10.78693 11.38739 12.30221 13.56323 13.41601 
  6.868463 7.900055 8.255083 9.462719 9.843451 9.806089 10.22287 11.0426 11.5853 12.06169 12.25751 12.44216 12.91953 12.99749 13.16156 13.0243 12.58244 12.20126 12.08692 13.11823 14.0048 14.9094 14.51041 
  8.519696 9.409159 11.02182 11.86426 12.46332 12.46374 12.53771 13.31439 13.84284 14.45143 14.5431 14.76655 15.23878 15.34837 15.412 15.27157 14.64793 14.25396 13.9222 15.00642 15.29877 15.79138 15.97882 
  9.692942 10.47112 12.53022 13.24995 13.68655 13.61893 13.64331 13.87565 14.53734 15.15563 15.40386 15.73355 16.02831 15.9081 15.58967 15.40777 14.372 14.60064 13.84573 13.8263 14.89015 15.65212 16.02776 
  8.172069 9.520945 10.17486 10.88181 10.58385 10.54776 10.28379 9.7107 11.25725 11.70745 12.21051 12.31123 12.54949 12.71762 12.27323 12.52846 11.88872 12.49209 12.54574 13.8263 15.29877 15.74496 15.68513 
  10.04057 10.91826 9.723146 8.42569 9.900405 10.67137 12.1113 11.96914 12.6788 12.26412 11.78747 12.35488 12.75507 12.40587 12.74701 13.0243 12.89777 13.04146 12.3928 14.29835 15.63929 15.6057 16.41934 
  9.388766 10.91826 11.64292 11.20929 11.66597 11.96929 12.59863 12.4324 14.2769 14.31059 13.15263 13.20093 13.16626 13.50125 13.93145 13.70529 12.89777 13.46156 13.00456 14.92774 15.57119 15.93063 16.66407 
  10.17093 11.19773 11.81231 12.69567 12.06464 12.89638 12.96413 13.31439 14.2769 13.32471 14.01339 13.98374 13.56102 13.6132 13.33923 13.29669 13.40626 13.36461 13.00456 15.55714 15.63929 15.3736 16.07671 
  10.64892 11.14183 11.75585 11.7551 12.17855 12.89638 11.44121 12.31659 12.56945 12.77018 12.44553 13.20093 13.26495 12.71762 12.09556 12.65273 12.42478 12.42746 12.01045 15.24244 14.89015 14.44521 15.04882 
  12.62024 16.98349 17.65816 16.85274 17.46744 15.7866 15.90725 15.18525 13.32197 12.26412 11.0824 11.08922 11.60383 11.72264 11.41339 12.37313 12.80317 11.58726 10.4473 13.1969 12.64273 13.42397 14.90198 
  14.33444 18.25636 17.86328 19.90125 19.46909 17.64459 18.62398 17.33673 14.79777 13.53597 12.72756 12.48581 13.8571 14.73266 13.93145 14.72678 14.92386 13.46156 10.23507 10.39954 11.62118 13.37755 14.55935 
  15.02012 18.37207 17.45304 20.59409 19.13548 18.26392 19.75595 17.14965 14.9714 13.88807 13.28506 13.38512 14.99205 15.85213 15.29356 16.63355 16.78637 15.34351 10.93987 10.01563 12.50652 13.42397 14.90198 
  15.53438 18.37207 18.0684 20.31696 18.46827 19.19292 20.09554 16.30776 15.40546 13.67681 12.95399 13.52326 15.0414 16.07602 15.64889 16.97405 17.33823 15.64066 10.71046 10.83667 13.39187 14.21311 14.02094 
  15.79151 18.48779 18.27351 20.03982 18.57947 19.39936 19.86914 15.74651 14.9714 13.53597 12.95399 13.43117 15.0414 15.2924 15.58967 16.76975 17.33823 15.49209 11.16928 11.07269 13.59618 14.12027 14.11883 
  15.96293 18.48779 18.27351 19.76268 18.69067 19.0897 19.18996 15.18525 14.2769 13.25428 13.02021 13.29302 14.69598 15.01253 15.35278 16.76975 17.13128 15.69019 11.16928 11.38739 13.39187 13.74891 13.72725 
  16.04864 18.25636 18.27351 19.34697 18.69067 18.88326 18.73717 14.43691 13.66922 12.9726 12.82157 12.83495 14.3999 14.84461 15.05667 16.49735 16.99332 15.83876 10.38788 10.91534 13.05135 13.51681 13.82515 
  16.04864 18.14064 18.17096 19.06984 18.57947 18.67681 18.28439 13.68856 13.14834 12.82078 12.63355 12.66038 14.59728 14.67669 14.40523 15.81636 16.57943 15.69019 10.26903 11.07269 12.71083 13.0062 13.36903 
  15.96293 18.02493 18.0684 18.7927 18.46827 18.47037 17.8316 13.12731 12.78815 12.56775 12.49254 12.52945 14.69598 14.50877 13.813 15.61207 16.37248 15.49209 10.16716 10.35079 12.0979 13.14546 13.46298 
  15.96293 17.90921 17.96584 18.65413 18.24586 18.1607 17.49201 13.12731 12.6788 12.51715 12.30452 12.35488 14.74532 14.56474 13.45767 15.20347 16.16553 15.64066 9.937953 10.16798 11.34876 12.11064 12.59397 
  15.96293 17.7935 17.86328 18.37699 18.24586 18.26392 17.49201 13.50148 12.84283 12.56775 12.16351 12.44216 14.84401 14.90058 12.92467 14.86297 15.5447 15.09589 9.691769 10.4483 11.14439 11.96485 12.3591 
  15.87722 17.56207 17.65816 18.09986 18.13466 18.47037 17.8316 14.24982 13.06153 12.61836 12.16351 12.57309 15.09074 14.78864 12.56934 14.59058 15.61368 15.34351 9.742703 9.788282 10.34547 11.77741 12.99324 
  15.62009 17.21492 17.35048 17.68415 18.13466 18.57359 18.05799 15.37234 13.40878 12.71957 12.25751 12.74766 14.99205 14.11696 11.9179 13.97768 14.99284 14.79874 9.988888 10.36298 10.27115 12.02733 13.46298 
  15.44867 16.86777 17.04281 17.40701 18.46827 17.64459 17.6052 16.68193 14.2769 13.18386 12.72756 13.38512 15.09074 13.3893 11.27325 13.22859 14.50997 14.35301 9.86155 9.796368 10.33618 12.04816 13.67831 
  15.27725 16.75206 16.63257 17.40701 18.91308 17.2317 18.28439 17.99153 15.92633 13.95849 13.81476 14.58236 15.14009 12.5497 11.32931 13.36479 14.372 13.75871 9.810616 9.796368 10.68919 12.58966 13.82515 
  15.10583 16.75206 16.3249 17.26844 19.02428 17.2317 17.49201 18.55279 17.57577 14.52185 14.47688 15.7796 15.23878 12.29799 11.49748 13.77339 14.64793 14.05586 10.45579 10.04 10.4105 13.19188 13.8741 
  15.02012 16.52063 15.8121 16.85274 18.69067 16.92204 16.47324 19.0205 18.35708 14.80353 14.34446 15.6875 14.30121 10.64387 10.04002 12.24886 13.47524 13.85776 10.65104 10.46048 10.28973 12.96454 13.58041 
  14.76299 16.86777 15.50443 16.43703 17.91225 17.02526 16.58643 17.33673 17.92302 16.35278 15.66871 14.90469 11.19267 9.744895 10.06805 11.96926 13.26829 13.51109 10.68499 10.83667 10.53127 12.65214 14.02094 
  14.59157 16.52063 15.40187 16.15989 18.02346 16.92204 16.69963 17.33673 18.5307 17.40909 16.52947 15.64146 11.68606 10.71579 10.5165 12.00032 12.99236 13.51109 10.00587 10.28985 10.19684 12.86041 13.36903 
  14.16302 16.40491 14.78652 15.60562 16.57782 15.88982 15.45446 15.65296 17.40214 16.7753 16.06598 14.67445 10.61705 9.277427 9.703687 10.35376 12.8347 13.65966 11.01634 10.60064 10.51269 11.98568 12.96976 
  14.16302 16.52063 14.88908 15.74418 16.24421 15.99304 15.68086 15.55942 16.79446 17.19782 16.52947 14.58236 9.876971 9.169549 8.890875 10.13629 12.86623 13.70919 11.16928 10.75799 10.57771 11.73576 13.50995 
  14.42015 16.52063 14.78652 15.18991 16.02181 15.58015 15.45446 15.37234 16.70764 17.40909 16.99296 14.58236 10.94598 9.888731 8.610596 10.7887 13.06135 13.85776 11.47516 10.91534 10.81925 12.04816 13.62936 
  14.67728 16.52063 14.27372 14.3585 15.46579 14.65115 14.54889 14.43691 15.14502 16.35278 16.46326 14.21398 10.53482 9.637017 8.750735 11.16151 12.86623 13.75871 11.16928 10.58236 10.33618 13.0062 13.8741 
  14.59157 15.59491 12.53022 11.59136 13.24174 12.46374 13.30372 13.12731 13.49559 15.719 15.99977 13.47721 10.53482 9.52914 9.283267 10.6023 12.04639 12.58904 10.8634 10.31423 10.54056 12.33974 12.75838 
  13.22021 13.97489 10.68303 9.790201 9.273915 9.373449 12.1113 11.91123 13.32197 15.85984 16.6619 14.39817 10.61705 9.241467 9.143126 11.84499 12.29865 12.75062 10.93987 10.33861 10.29902 10.54862 11.06733 
  10.12748 10.97416 9.949001 8.152788 8.761333 9.744284 10.89296 11.15841 12.51478 14.45143 14.74173 13.98374 11.15156 9.5651 8.890875 11.62752 12.36171 12.81525 11.93398 10.21063 10.19684 10.44449 10.85595 
  8.780417 8.514875 9.440826 8.371109 8.476564 9.435255 10.83204 11.7375 11.63997 13.53597 14.21203 13.38512 11.93275 9.744895 9.339323 11.00617 11.95179 12.00736 11.16928 10.52142 10.05617 10.86103 10.94989 
  8.650057 9.24148 9.949001 8.043627 8.134843 8.817197 10.04012 10.11606 10.54647 13.32471 14.01339 12.35488 11.97387 9.493181 8.946931 9.732416 10.81662 11.00558 10.30298 9.553802 10.04025 10.63193 10.62108 
  8.432789 8.123626 7.746907 7.006598 7.793121 8.013721 9.248199 9.826517 10.60114 12.77018 13.48369 11.39473 11.02821 8.378449 8.259677 8.924668 10.15443 9.906852 9.437743 9.489119 10.71706 11.17343 11.23174 
  7.172637 6.726307 6.278844 5.150863 6.255374 6.344965 7.968943 9.015797 8.359455 10.74594 11.31743 9.998143 9.424699 8.198654 8.236131 9.35961 9.27152 9.285702 9.495903 9.948596 10.4105 10.6111 10.59759 
  7.650626 7.452913 6.78702 5.860409 7.109678 6.344965 7.420691 7.799716 7.211274 8.772299 9.01421 8.776134 8.890196 7.934642 8.638623 8.831467 8.337356 9.583696 9.887018 10.04 10.35476 10.29137 10.85595 
  6.042846 5.887917 6.561164 5.587507 5.40107 4.768319 5.775932 6.699453 6.609846 7.456542 7.32205 7.002459 7.90342 8.054818 8.386372 8.955736 8.337356 9.583696 9.657812 10.1436 10.40121 10.16073 10.59759 
  6.651196 6.16738 5.65774 4.877961 4.087827 4.671911 5.654099 5.523443 6.937898 6.899875 6.39149 7.260066 6.890082 7.897748 8.722707 8.433535 8.566555 8.910734 9.484271 9.610401 10.04025 10.07091 10.94989 
  6.95537 6.16738 4.481882 5.150863 5.059 4.912931 4.821437 5.715007 6.33647 6.453783 6.184733 7.195664 7.457399 7.614892 8.470455 8.460901 8.280055 8.900867 9.298159 9.303152 10.18755 10.26687 10.762 
  6.21666 3.662339 4.641389 5.532927 5.514977 5.788713 6.446019 6.178276 6.013257 6.798663 7.275045 7.466839 7.656727 7.848556 7.930028 7.831476 8.222755 8.969939 9.717236 9.747855 10.13579 10.56945 10.80897 
  5.869032 4.993632 5.036636 5.96957 6.597096 6.035936 5.654099 5.715007 5.747463 6.798663 7.32205 7.815985 7.821189 7.873152 8.094852 8.214604 8.853054 9.216629 9.507535 9.650828 10.30831 10.73607 10.99687 
  4.478736 4.155241 4.275796 4.610509 5.078043 4.912931 4.104223 4.916822 5.182652 6.596238 6.89901 7.379553 7.738958 8.234613 8.498484 8.351437 8.864514 9.48675 9.929463 10.07657 9.96859 10.42366 10.59759 
  5.434497 3.900537 5.036636 4.877961 5.059 5.417879 4.60893 5.299951 4.999918 5.814507 6.288112 6.970258 7.104743 7.319738 8.283223 8.986803 8.325895 8.72325 9.895507 10.02172 10.3176 10.40284 10.44801 
  5.130323 3.876718 4.754317 4.816241 5.287163 4.768319 5.41043 6.00455 5.631178 6.371295 6.219193 7.466839 8.561271 7.5657 6.823351 8.32407 8.715534 9.48675 9.937953 10.3447 9.944704 9.932109 10.21521 
  5.608311 3.876718 4.430361 3.972738 4.525807 5.232461 5.532265 5.888732 6.391145 6.545632 6.946014 7.466839 8.355693 9.313386 9.759743 9.266408 9.39765 9.389804 9.228367 10.02172 10.24329 10.22605 10.46741 
  5.521404 4.434705 3.760583 4.178471 4.297296 5.10885 5.654099 6.757361 8.031404 7.86139 7.839098 8.29606 9.383583 10.71579 11.52551 9.701349 9.082324 9.551381 9.542432 9.948596 10.33618 10.16073 10.13761 
  5.869032 4.881847 4.923708 4.877961 5.514977 5.788713 5.288597 5.315915 6.063093 6.596238 6.89901 6.66435 7.534064 8.162695 8.526511 8.187239 8.509254 9.454434 9.228367 9.930314 10.30831 10.69441 11.25522 
  5.608311 5.105418 4.810781 5.205444 4.811446 6.28316 4.662056 5.888732 5.896972 6.061969 7.275045 7.292266 7.90342 8.270573 9.059043 8.986803 9.176922 9.147556 9.228367 9.723598 10.0721 10.34035 10.78549 
  6.042846 5.273096 4.559164 3.869872 3.954529 5.170655 6.080517 6.294093 6.500495 7.001087 5.874599 6.471145 7.780074 10.78771 11.9179 10.91297 9.460715 9.648328 10.25205 10.30204 10.49411 10.67358 10.28311 
  5.434497 5.273096 5.770668 4.178471 5.287163 4.961136 4.954255 6.178276 6.281795 6.596238 6.184733 7.597769 7.90342 8.450368 8.946931 8.738265 9.14539 9.48675 9.649323 10.30204 10.44766 10.5278 10.56441 
  6.694649 6.446844 5.827132 4.569362 5.344117 5.603296 4.927691 5.188205 6.029869 6.391917 7.275045 7.903271 7.396068 7.725575 8.071306 8.707198 9.050792 9.971483 9.632344 9.529546 9.944704 9.817801 10.57411 
  7.607173 6.16738 5.827132 6.187892 5.135171 3.828337 4.901128 5.507479 5.730851 6.061969 6.35703 6.261839 7.503398 7.82396 7.812297 8.365119 8.646774 8.93047 9.77666 9.715513 10.41979 10.6111 11.53706 
  5.521404 4.490598 4.095471 5.041702 5.571931 5.850519 6.080517 5.315915 5.780687 6.185699 7.040023 7.260066 8.602386 8.630163 8.974959 8.611416 9.807573 10.81169 10.3709 10.08266 10.01636 10.1444 10.94989 
  5.869032 6.949878 7.633979 7.006598 6.767957 4.985238 4.848001 5.946641 6.609846 7.001087 7.933107 8.907064 10.24701 10.71579 10.88086 9.763483 10.0283 9.874537 9.751192 10.20454 10.09598 10.3077 10.64457 
  5.564858 5.384882 6.448236 5.96957 5.913653 5.170655 5.836849 6.178276 5.847136 6.453783 6.770542 7.990557 7.862305 9.313386 9.339323 8.924668 9.681443 9.745275 9.810616 10.22892 10.38263 11.09012 11.06733 
  5.608311 4.714169 4.559164 4.932541 5.514977 5.047044 5.654099 5.888732 6.44582 6.453783 7.275045 7.772341 7.90342 8.126736 7.906482 8.050406 8.646774 8.693647 10.12471 10.52142 9.96859 10.75689 10.92641 
  5.477951 3.852898 4.018189 3.561273 4.373466 4.720115 4.741747 5.299951 5.548118 6.950481 7.32205 7.379553 7.697843 7.88545 8.094852 8.625099 8.956194 9.680643 9.87004 9.924221 10.14375 10.5278 10.66805 
  4.712634 4.658276 3.477215 4.36363 5.40107 4.768319 4.635493 5.772915 6.937898 6.748056 6.805001 7.728698 7.580062 7.577998 8.498484 8.707198 8.669695 9.068615 9.657812 10.06438 10.62416 10.50697 10.28311 
  4.899752 5.832024 4.867245 4.631082 5.628885 4.479094 4.263604 5.395733 6.117768 6.082591 6.852005 7.195664 7.488065 8.162695 8.024214 8.58405 9.019259 8.960072 9.484271 9.820624 10.33618 10.25871 10.59759 ]
