 [
  4.190702 3.909413 4.951431 5.153542 4.760802 5.092974 5.434989 6.014005 5.436705 6.863507 7.177365 7.456867 8.026805 8.408781 8.513745 8.436489 8.513225 9.461965 9.963364 9.707509 10.08636 10.52332 10.46325 
  3.934394 3.173926 4.704039 5.361547 5.28907 5.005876 5.089497 5.943523 6.247305 6.532094 6.524026 6.952847 7.437713 7.857406 7.594381 8.503499 8.897254 9.348118 9.654222 9.071258 9.614238 10.04781 10.45376 
  4.37378 2.871078 4.951431 5.725555 6.000201 4.251023 4.916751 5.755571 6.247305 6.366387 6.850696 7.25526 7.904923 7.510243 8.289012 8.599227 9.158729 9.19136 9.5566 9.874311 10.30395 10.31745 10.20697 
  4.813167 3.995941 4.178331 5.101541 5.126526 5.092974 4.225768 6.060993 5.993993 7.084449 7.13381 6.826842 7.295518 8.061619 8.697618 8.723673 9.022401 9.259941 9.882011 9.422293 9.69732 10.0324 10.52969 
  4.739936 3.520037 4.765887 4.555528 5.106208 4.396187 5.676833 5.262198 5.487368 6.532094 6.937808 7.230058 7.742415 7.796142 8.575036 8.838699 8.81755 9.689659 9.914552 10.22775 10.1457 10.24041 10.47274 
  4.556858 5.077539 5.322519 5.543551 5.248434 3.960695 5.227694 5.403162 6.627274 6.421623 6.654694 7.53247 7.742415 7.285608 8.002988 8.953725 8.969712 9.083589 9.57287 10.00054 10.38307 10.34056 10.57715 
  5.655324 4.515108 4.332951 5.361547 5.817339 4.773613 5.124046 5.920029 5.993993 7.001596 7.678258 7.356063 7.864296 8.204568 8.738479 9.126265 9.067843 9.093386 9.174811 9.773328 10.03888 10.50302 11.06072 
  5.655324 5.63997 4.889583 6.219566 6.342038 4.744581 4.951301 6.765812 6.500618 7.139685 7.220922 6.726038 7.173637 7.898248 8.8202 8.704527 8.962466 9.608339 9.800658 9.61975 10.02965 10.56394 11.50632 
  6.02148 5.120803 5.883481 6.452323 5.979883 5.818794 6.367816 7.747732 6.120649 7.222538 7.917816 8.847429 9.424574 8.956896 8.758909 8.379052 8.976958 9.083589 9.442705 9.729448 10.22482 10.33286 10.79336 
  6.02148 4.904483 5.662683 5.673554 5.959565 5.731696 6.838877 8.109491 7.46631 7.388245 7.917816 9.262551 9.06009 9.139057 8.901921 9.126265 9.340499 9.608339 9.5566 10.35398 10.20504 10.2173 10.67453 
  6.63978 6.179002 5.600835 5.387547 4.842074 5.063941 6.666607 8.264532 7.46631 7.788114 7.917816 9.203248 8.999343 9.442659 8.901921 9.24129 10.02214 9.380646 9.308758 9.82382 9.918873 9.893726 10.46325 
  5.728556 4.168996 3.683547 5.413548 5.451614 5.122007 5.676833 6.295933 6.703268 6.449241 7.286255 7.658475 7.965864 8.347517 8.8202 9.068751 9.295056 9.510756 10.01218 10.10152 10.03888 10.12485 10.26392 
  4.923014 4.558372 5.322519 5.855558 6.061155 6.113536 5.849579 5.967017 6.703268 6.863507 7.351589 8.162495 8.189313 8.061619 8.901921 8.838699 8.861025 8.897438 9.253603 9.345504 10.26439 10.33286 10.79336 
  5.582093 3.520037 5.075127 5.231544 5.797021 5.644598 5.365891 6.272439 5.208724 6.145445 6.611138 7.053651 8.108059 8.449624 8.799769 8.627945 8.976958 8.721086 9.300879 9.477142 9.845022 10.44209 10.64483 
  4.739936 4.731428 5.631759 5.907559 6.398215 6.467226 4.951301 6.225451 5.386043 5.620708 6.785362 7.406465 7.53928 8.265832 8.370733 8.292897 8.868271 9.103184 9.040864 9.104167 9.568081 10.48271 11.06072 
  4.813167 4.817955 5.415291 6.335945 6.061155 5.760729 5.711382 6.131475 6.601943 6.532094 7.482257 7.230058 7.458026 8.041198 9.027617 8.379052 8.810304 9.112981 9.686764 9.652659 10.64023 10.66547 10.64483 
  4.37378 3.952677 4.920507 5.881558 5.959565 5.557499 5.538636 5.661596 5.33538 6.394005 6.763584 7.860083 8.634858 8.55173 8.146 8.723673 8.687124 8.799464 9.277241 10.15202 10.06658 9.970766 10.51071 
  3.678085 3.390245 4.394799 5.153542 4.943664 5.063941 4.813104 6.295933 6.829924 5.703561 6.676472 6.726038 7.762729 7.939091 8.16643 8.608799 9.204171 9.575811 9.703034 10.30349 10.22482 10.767 10.35884 
  4.849782 3.044134 4.425723 5.231544 5.228116 4.889745 4.744006 5.708584 5.867336 6.504477 7.329811 7.25526 7.762729 7.448979 7.859975 8.522644 8.832042 9.640867 9.930822 10.27825 10.26439 10.60455 10.70424 
  3.861163 3.779621 4.580343 5.283545 5.106208 4.94781 4.813104 5.826054 6.095318 6.007357 7.591146 7.305661 7.518967 8.327096 8.125569 8.666236 9.022401 8.96602 9.08814 9.798573 10.06658 10.38117 10.73395 
  4.447011 3.520037 4.085559 5.725555 5.350024 5.063941 5.193145 6.389909 6.500618 6.614947 7.482257 6.700838 6.909561 7.551085 8.472885 8.426916 8.774075 9.510756 9.475246 9.674599 10.16548 10.28663 10.24494 
  9.808569 8.424967 10.29945 10.99107 10.77999 12.95154 13.99173 13.43637 13.48342 13.73341 15.18708 15.7266 15.19558 16.87886 16.9464 17.15312 16.57655 13.88028 13.22707 13.32751 13.04586 12.73676 13.16989 
  13.51837 13.18641 14.05302 13.5514 13.78249 15.98127 17.01022 16.37913 16.57334 16.06441 18.40274 19.41323 18.17319 19.44918 20.12363 20.57002 19.95473 18.37265 18.08916 18.81358 18.30154 17.96251 18.01311 
  12.97736 11.56932 13.53782 13.37683 13.02706 13.40572 12.92574 13.43637 13.90098 13.97878 16.56522 18.14412 15.98529 16.87886 19.21585 20.14291 20.70543 20.00624 19.18313 19.7817 19.64342 19.14432 18.85912 
  12.28177 12.64738 12.50743 12.56218 12.18441 12.12626 11.54758 12.29557 12.42103 12.34662 15.18708 17.02431 16.79563 17.32866 18.45937 19.35987 19.95473 18.91718 18.33227 19.02872 18.74883 18.25797 18.15411 
  14.21396 14.71367 12.58103 13.66777 12.74617 12.00837 11.54758 11.05525 11.5119 12.4266 15.27895 16.20312 16.22839 17.00737 19.06456 19.07513 18.35947 17.55585 16.26588 17.09246 16.6242 16.58374 16.39159 
  12.20448 12.73722 12.43383 12.56218 11.79117 10.88835 11.08819 10.90021 11.92101 13.11999 15.0952 16.50174 16.63356 16.75034 17.17335 17.08194 16.9519 14.8332 14.6857 14.83349 14.61138 15.00799 14.69957 
  12.82278 12.19819 11.03544 11.45659 10.77999 10.29886 10.16942 10.12501 10.87552 12.22666 15.18708 16.65104 16.47149 16.36479 15.56376 14.76254 14.79362 12.92735 12.37621 13.32751 13.15768 14.51557 14.62907 
  16.50973 16.95963 17.62431 16.87003 14.73781 12.95154 12.92574 13.07077 13.90098 15.45099 18.77024 19.18927 19.46973 18.8066 19.74539 18.29209 16.01352 11.97442 11.64689 13.21994 12.93404 14.41709 14.62907 
  17.01496 18.34931 19.18163 18.6261 16.11771 14.36116 14.19637 14.32475 14.8196 16.43246 20.14839 20.60769 21.09039 20.41305 21.48531 19.78698 17.98412 14.56094 13.59173 14.61835 14.05227 15.30344 15.33408 
  17.05105 18.56284 19.50949 19.65908 16.17078 14.69349 14.50334 14.32475 14.56907 16.18709 20.14839 20.53303 21.09039 20.34879 21.71225 19.64461 17.89028 13.60801 13.34862 14.51078 14.05227 15.50041 15.68658 
  17.05105 18.56284 19.91931 19.96898 16.22385 14.56887 14.40102 14.21371 14.48555 16.18709 20.14839 20.23442 20.3611 19.57769 20.72882 18.50565 17.04574 14.15254 12.86242 14.61835 14.16409 15.5989 15.75708 
  17.01496 18.53911 20.1652 20.17558 16.17078 14.65195 14.45218 14.49132 14.98662 16.55514 19.68901 19.7865 20.11799 19.2564 20.27493 17.86498 15.91968 13.47188 12.74086 14.72592 13.7168 14.90951 15.40458 
  17.01496 18.51538 20.24716 20.17558 16.11771 14.73503 14.60566 14.71342 15.40418 17.16856 20.33214 20.01046 20.03696 19.44918 20.27493 17.58024 16.57655 12.92735 12.25465 13.75779 13.15768 15.10648 15.33408 
  17.033 18.53911 20.1652 20.17558 16.06463 14.94274 14.8103 14.93551 15.73822 18.02735 20.8834 20.53303 20.60419 19.77047 20.57752 17.72261 16.48271 12.51895 12.49776 13.54265 12.32163 14.02315 14.69957 
  17.05105 18.56284 20.1652 20.17558 16.01156 14.73503 14.65682 14.87999 15.73822 18.88614 20.60777 20.60769 20.76626 19.83473 20.72882 18.07853 16.85806 11.83829 12.74086 14.18807 12.71039 14.71254 15.33408 
  17.01496 18.63401 20.00127 20.07228 16.11771 14.85966 14.75914 15.10208 16.07227 19.62224 20.24026 20.15976 20.3611 19.57769 20.57752 18.07853 16.9519 11.10461 12.25465 13.75779 12.53923 15.30344 16.39159 
  16.92474 18.61029 19.67341 19.96898 16.17078 14.77658 14.65682 15.21313 16.74036 20.11298 19.78088 19.9358 20.11799 19.44918 20.42623 17.79379 16.57655 11.10461 12.98397 14.18807 12.71039 14.81102 16.8851 
  16.81648 18.51538 19.26359 19.45249 16.43614 14.9012 14.91263 15.60179 17.65898 20.23566 19.13775 19.56253 19.8749 19.38492 20.42623 18.07853 16.76422 11.13714 12.98397 14.61835 13.49315 15.89435 17.59011 
  16.69017 18.44421 19.09966 18.6261 16.59536 14.98428 15.01495 15.76837 17.90952 19.49956 17.75961 18.74134 19.22663 18.35679 19.51845 17.36668 15.732 11.42989 12.61931 13.65022 12.59857 14.61406 16.8851 
  16.54582 18.42048 19.18163 18.3162 16.48922 15.02582 15.01495 15.93494 17.65898 17.6593 16.19771 17.54689 18.41629 17.13589 18.76196 17.08194 15.45048 11.05582 11.52534 12.65136 11.84688 14.51557 16.25059 
  16.31125 18.37303 19.18163 18.5228 15.79927 14.61041 14.91263 16.37913 16.82387 15.45099 14.59054 15.90451 16.87666 15.63615 17.40029 16.08534 14.43007 10.07999 10.61419 11.11136 11.17432 12.93983 14.41757 
  16.14885 17.9697 18.44395 18.3162 15.32161 14.23654 14.8103 16.87884 16.3228 14.10146 13.413 14.65914 15.92455 14.11814 15.7523 14.76254 13.20312 10.04746 10.12607 12.29792 12.18316 12.69615 14.20962 
  16.18494 17.56637 18.19806 17.79971 14.73781 13.69651 14.75914 16.60122 14.73609 12.50657 11.78687 13.05795 14.7096 12.66084 13.86687 12.74959 11.06732 9.338321 9.403309 12.17169 11.8271 12.00572 13.73432 
  16.36538 17.13931 17.62431 17.07662 16.01156 13.4888 14.24753 14.60237 12.64831 11.14701 11.05792 11.27886 12.70493 11.56788 11.47867 11.02419 10.52201 10.16131 9.324516 12.17169 12.22273 12.49308 13.08077 
  16.34734 17.44774 15.5752 15.42385 15.26854 13.4888 13.72966 13.38085 11.28462 10.62718 10.83363 10.68583 11.97597 11.26427 11.35297 10.79414 11.06732 11.41363 10.35386 11.99497 12.02491 11.80265 13.05106 
  16.20299 17.92225 15.00981 13.97767 13.25176 12.421 12.98316 12.29557 10.92097 10.2673 9.431796 9.855583 11.79372 11.6286 11.10158 10.6216 11.20365 11.70216 10.45148 12.95431 12.59857 11.92449 12.10045 
  15.91428 17.8748 15.08341 13.08588 11.11705 12.30311 13.21285 12.45061 10.33004 9.707485 10.44112 10.38931 12.09746 12.47868 10.78735 10.04647 11.83984 12.24669 10.64673 13.0048 13.04586 11.9448 12.15987 
  15.29598 17.63754 15.65716 12.50399 12.29676 13.36418 14.60566 13.22581 11.73918 11.46691 12.12331 11.51607 12.2797 13.45021 11.66721 10.27653 12.79414 13.33575 10.79316 12.75234 13.15768 11.68081 11.8628 
  13.82752 16.06125 14.27382 11.22383 10.72382 12.00837 13.78709 13.01909 10.3755 10.18733 11.05792 9.97419 11.67223 12.90373 10.91304 10.10399 11.97617 12.24669 9.865741 11.74251 11.7282 10.58424 11.38749 
  10.42687 13.00673 11.84504 9.419968 8.420573 9.296743 12.12181 12.08885 9.966396 9.107682 9.880383 9.321855 10.82176 12.66084 10.47311 9.356317 10.24935 10.94197 9.371792 11.49005 11.33257 10.70608 11.17955 
  7.25808 8.963999 8.385862 7.034214 7.353218 8.294622 10.39912 11.88213 11.64827 9.427577 9.880383 9.262551 9.728312 11.02139 10.91304 9.98896 10.38568 10.63296 9.784388 10.65693 10.7787 10.32515 11.12013 
  7.644518 8.784321 9.048258 7.674294 8.98234 9.296743 10.16942 11.52037 11.33008 10.5872 9.936456 9.559068 10.15354 11.02139 11.85575 10.27653 10.93099 11.3811 9.540329 10.78316 10.60067 10.70608 11.12013 
  8.803831 8.784321 9.784252 7.848862 8.364397 9.532537 9.997153 11.62373 11.37554 9.827446 9.487869 8.669519 9.606816 10.1713 11.35297 10.85166 9.885811 10.37274 10.04472 9.874311 10.30395 10.48271 10.79336 
  10.04043 8.784321 9.269056 8.372564 8.13969 8.235674 9.882307 11.00357 11.01189 9.707485 9.656089 8.906733 9.363827 9.989143 11.54152 9.931447 10.2948 10.07999 9.426947 9.950049 10.5611 10.88884 10.64483 
  9.112981 8.963999 9.637053 8.721699 9.094693 7.940933 9.250652 10.59013 12.37557 11.90677 9.824308 9.203248 9.181584 10.89995 11.16443 9.758907 10.43112 10.30768 9.316637 10.07628 10.12592 10.26352 10.91219 
  9.344844 8.694483 8.385862 7.557916 8.195868 7.469347 8.848689 10.38341 11.8301 11.82679 9.375723 9.321855 9.30308 10.41419 11.10158 9.356317 9.113286 9.103184 9.419067 9.924803 10.71935 10.70608 10.76365 
  9.344844 9.772546 8.827459 7.907051 7.521748 8.412519 8.848689 9.969972 11.05734 11.02705 9.600016 8.728823 9.424574 10.65707 10.66165 9.816421 9.52227 9.559547 9.768117 10.253 10.36329 10.40148 10.00764 
  10.65873 10.94045 9.269056 8.256186 8.252044 8.176725 8.102188 8.367891 10.69369 11.30696 10.16075 8.847429 9.424574 10.29275 10.5988 9.528855 9.749483 9.884825 9.768117 9.975295 9.96503 10.25582 10.45376 
  10.89059 10.40142 10.07865 7.557916 6.847628 7.646192 7.527956 7.541012 10.3755 11.46691 9.712162 8.491611 9.242332 10.29275 10.53596 9.183777 9.52227 9.429437 9.768117 9.849066 10.03888 10.50302 10.61512 
  11.27703 10.1319 8.533062 7.616105 8.13969 7.70514 7.470532 7.592692 9.193642 11.30696 10.2729 8.847429 9.181584 10.23203 9.844633 8.666236 9.204171 9.478229 9.316637 9.874311 9.669626 10.48271 10.5202 
  9.112981 8.335128 9.269056 8.256186 7.690277 6.644071 7.355686 8.161172 8.466344 9.107682 10.0486 8.906733 8.391869 9.746262 9.530396 8.953725 9.295056 9.640867 9.605411 9.798573 10.28417 9.847502 10.15002 
  8.958406 9.053837 9.121857 7.266971 7.240864 6.820915 8.446727 7.799412 7.966327 9.467565 10.38504 8.847429 9.181584 9.624821 9.530396 9.126265 8.687124 9.380646 9.58914 9.586841 9.826559 10.60455 10.73395 
  10.19501 9.143676 8.75386 7.092403 6.000201 6.349329 7.987341 7.696052 7.329941 9.587524 9.824308 8.728823 8.695605 9.381939 9.153311 8.312043 9.022401 9.494493 9.930822 9.798573 10.1457 10.56394 10.73395 
  9.267556 8.784321 8.901058 7.32516 7.634101 6.585122 7.413109 6.972532 7.648134 8.7478 9.263576 8.313701 8.209626 9.442659 9.341854 8.608799 8.861025 9.132575 9.419067 9.751389 9.918873 10.36087 10.88248 
  10.19501 8.87416 8.017865 6.743268 6.566745 5.731696 7.183416 7.385972 6.829924 8.627839 9.487869 9.262551 8.270373 9.806982 10.34741 8.647091 9.158729 9.279536 9.58914 10.22775 10.38307 10.20189 10.42528 
  9.576706 8.87416 7.649868 7.616105 7.409394 6.29038 7.642802 7.075892 7.69359 8.907747 9.824308 8.788126 8.999343 9.381939 9.656091 8.436489 8.672633 9.494493 9.751846 9.66363 9.872716 10.225 10.60563 
  10.27229 8.514805 7.502669 6.743268 7.521748 6.29038 6.436914 6.671836 7.057205 9.187655 10.0486 8.373004 8.452616 10.35347 10.66165 8.896212 8.846533 9.917353 9.914552 9.874311 10.1457 10.68578 10.88248 
  9.267556 8.424967 7.870667 6.801457 7.634101 7.410398 7.815072 8.109491 7.875415 8.547865 9.431796 8.491611 8.634858 9.260498 9.718939 8.781186 8.890008 9.608339 9.292999 9.773328 10.48198 10.42179 10.41579 
  8.649256 7.796097 7.723467 6.510512 6.735274 7.35145 7.929918 7.385972 7.875415 9.107682 10.38504 9.262551 8.634858 9.928423 9.844633 8.723673 8.976958 9.39691 9.882011 9.874311 9.503461 10.17107 10.73395 
  8.340106 7.975774 6.03068 6.089563 6.510568 7.056708 8.159611 7.437652 7.420854 9.547538 10.49719 8.550914 8.938595 9.5641 8.718048 8.111014 8.926237 9.259941 9.426947 9.597811 10.24461 10.66547 10.76365 
  7.953668 7.796097 7.208271 7.266971 7.465571 6.644071 7.757648 7.541012 7.148117 9.467565 10.60933 9.025339 8.391869 9.199778 9.404701 9.183777 9.476828 9.338321 9.475246 10.32874 10.66001 10.38117 10.37782 
  8.803831 7.885935 8.165064 7.150592 7.521748 6.879864 7.527956 6.648342 7.375398 8.787786 10.32897 8.906733 8.452616 9.199778 9.341854 8.47478 9.249614 9.380646 9.458976 9.685569 9.983493 10.36087 10.67453 
  8.108243 7.526581 8.091465 7.150592 7.521748 6.879864 7.240839 6.920852 6.920836 9.427577 9.768235 8.728823 8.391869 8.592573 9.153311 8.953725 9.067843 9.559547 9.670493 9.257745 10.06658 10.42179 10.73395 
  8.340106 7.885935 7.134672 6.801457 7.97116 6.879864 7.355686 7.230932 6.019324 9.147669 9.431796 7.935686 8.391869 8.714014 9.153311 9.356317 8.716108 8.956223 8.938434 9.499082 10.02042 10.40148 10.79336 
  7.721806 7.796097 7.281871 7.732484 8.13969 7.174605 7.872495 7.024212 7.375398 8.347931 9.319649 9.025339 7.925237 8.774734 9.656091 8.896212 9.204171 9.429437 9.096019 9.531991 9.475767 10.54363 10.82307 
  6.794355 7.346904 6.398677 6.976025 7.240864 6.408277 6.666607 7.644372 6.829924 8.068022 9.543942 8.728823 7.864296 8.306675 9.216159 9.183777 9.613155 9.15217 9.816929 9.63072 9.798865 10.10944 10.76365 ]
