 [
  3.20752 5.411422 6.778301 6.177778 6.180684 5.628718 6.849717 6.524383 6.741776 7.077116 7.565662 7.667924 7.332932 7.949966 8.158276 9.059632 9.23411 9.339909 9.223749 10.00165 10.32188 10.59933 11.34505 
  4.896876 4.189228 5.343771 5.222603 5.652148 6.037661 5.668781 6.049587 6.368905 7.127911 7.156877 7.349723 7.674175 8.187958 8.026011 8.203374 9.127726 9.541632 9.748623 9.782319 10.34553 10.25752 10.7484 
  4.648441 4.515146 5.478227 5.700191 5.77651 4.640441 5.174826 5.373291 5.921461 6.518372 7.178392 7.300769 7.241934 7.856839 7.748252 8.651604 8.832941 9.155653 9.352001 9.667023 10.34553 10.66899 10.96822 
  5.095624 5.900299 5.791956 5.31812 5.963052 5.253855 5.598217 6.071403 6.01095 5.553267 6.683547 7.912694 7.469429 8.251713 8.555074 9.059632 9.411417 9.483996 9.177945 10.16051 10.10278 10.61674 10.96822 
  6.13905 5.248462 3.999213 4.745015 5.185793 5.322011 5.068979 5.48237 7.020877 6.823142 6.726577 7.153906 7.514928 8.043094 8.343449 8.579886 8.868316 9.260942 9.086336 9.471019 10.20364 10.70382 10.6856 
  6.387485 4.270707 4.133669 5.795708 6.242865 5.253855 4.892566 6.027771 6.488224 6.645359 7.328997 7.643447 7.44668 8.136221 8.436034 8.472312 9.127726 9.714537 9.44361 9.793849 10.32188 10.40774 10.32199 
  6.533701 5.126243 5.836775 6.585429 6.842262 6.39053 5.633499 6.16508 6.398735 6.645359 6.575972 7.86374 8.27684 8.358529 8.711136 8.812966 9.068769 9.116169 9.425289 9.75926 10.13366 10.1557 10.7484 
  5.741554 4.555886 5.881594 5.795708 6.056323 5.969503 5.739347 6.005955 6.41365 6.950129 6.834152 7.104952 7.765173 8.156916 8.330221 8.364737 8.832941 9.116169 9.748623 10.00165 10.41647 10.44258 10.65013 
  6.387485 4.637365 5.298952 5.795708 5.558877 5.59464 5.739347 6.308801 6.085524 7.102514 6.705062 7.055998 7.355681 8.074136 8.462487 8.597816 9.068769 9.339909 9.615822 9.874557 10.46377 10.42516 10.717 
  4.797503 4.229968 3.013205 5.365879 5.589968 4.947148 5.174826 6.093219 5.906546 6.112012 7.199907 7.521062 7.082687 7.981009 8.290542 8.526099 8.443826 9.368726 9.642383 9.517138 10.17484 10.13534 10.11801 
  6.089363 5.207723 4.223306 4.362945 5.030342 3.856635 3.904655 4.696994 6.44348 6.797744 6.188702 6.346164 7.44668 7.587806 8.555074 8.203374 8.691444 9.685719 9.242071 9.851498 10.36917 10.31861 10.7484 
  5.344059 4.392927 4.626674 5.079326 5.74542 4.776755 4.222198 5.15513 6.741776 6.873937 7.006272 8.204338 7.332932 7.73267 7.959877 8.024082 9.127726 8.971396 9.642383 9.863027 10.02556 10.25752 10.59691 
  5.393745 4.555886 4.268125 5.079326 5.279064 5.219776 5.421804 5.198762 5.921461 5.908832 6.403852 7.129429 7.310183 7.536068 8.652945 8.615746 9.23411 8.945074 9.801743 9.839968 10.16969 9.965641 10.48162 
  6.13905 5.574381 5.836775 5.891226 5.496696 4.367813 5.245391 5.329659 5.936376 6.696154 6.984757 7.545539 7.983157 7.81545 8.462487 9.405746 8.962646 9.541632 9.881423 10.0652 9.907169 10.96507 11.12523 
  4.946563 4.352187 5.388589 5.652431 5.589968 6.003582 5.245391 5.220579 5.787228 7.102514 7.372027 7.080475 6.468449 7.639543 8.769327 8.526099 8.844732 8.721335 9.562702 10.28761 9.865989 10.30503 10.7484 
  5.344059 4.881804 5.119678 4.506221 5.434516 4.844912 5.068979 5.875059 5.891631 6.061217 6.683547 7.447631 7.492179 8.198305 8.769327 8.185445 8.974438 8.971396 9.54438 10.47824 10.36917 10.18964 10.39294 
  5.294372 4.026268 4.805948 5.843467 6.118504 4.470048 4.610306 5.220579 6.115354 7.000924 7.285967 7.570016 6.900691 7.701628 8.422808 8.597816 9.198648 9.063524 9.242071 9.655494 10.25093 10.63416 10.67673 
  4.698129 4.148488 5.209315 5.222603 6.242865 5.765032 4.963131 6.071403 6.428565 6.950129 7.156877 7.349723 8.041894 7.856839 7.840838 7.86272 9.068769 9.089847 9.642383 10.31938 10.41647 10.52966 10.84261 
  5.791241 4.555886 5.478227 5.891226 6.180684 5.424247 4.081068 5.613266 6.607542 7.469491 7.828266 7.104952 7.92442 8.022399 8.039237 8.167516 8.373077 9.368726 9.668942 9.586315 10.05645 10.35933 10.56144 
  4.101885 3.292952 3.416572 4.410703 5.558877 5.969503 5.915759 5.787795 6.473309 8.051059 7.436572 7.521062 8.10063 7.877534 7.840838 7.988224 9.127726 9.656901 9.881423 9.724671 10.10278 10.00637 10.67673 
  5.791241 4.107748 3.999213 4.792773 5.77651 5.833189 5.104261 5.722347 6.682117 7.251402 7.415057 7.765832 7.765173 7.908576 8.594753 8.974329 9.068769 9.570449 10.14702 10.16051 10.34553 10.36612 10.90542 
  4.797503 3.74109 3.999213 3.216733 4.253083 5.424247 5.809912 5.984138 5.891631 7.178706 7.762615 8.262667 8.687996 8.999425 10.04954 10.04853 11.43272 12.2793 12.24527 12.92477 12.21373 10.75607 10.96822 
  4.896876 4.352187 4.268125 4.888291 4.999251 4.333734 4.998414 6.23694 6.175013 6.238999 7.049302 7.790309 8.10063 8.518753 8.943901 9.702415 10.90079 11.90467 11.79375 12.63881 11.83536 10.61674 10.717 
  10.33533 10.91942 10.20209 10.253 10.0105 9.636923 9.322844 8.895784 11.13763 13.57596 12.88338 11.82072 13.38692 12.25731 11.50432 13.85578 13.27671 11.81822 10.7579 12.89299 11.83536 11.78365 12.00449 
  11.7975 12.1742 10.93576 10.7212 10.18176 9.495775 9.254146 8.752064 11.27718 14.88449 13.86815 11.93738 14.44418 13.37888 11.6207 14.59745 13.96076 12.65393 11.74063 14.6568 12.97048 12.32357 12.60114 
  14.86805 15.26933 15.01171 13.68646 12.66498 11.11897 10.14722 11.05161 12.53314 14.73909 13.8025 12.57899 14.44418 13.69933 13.48282 14.30078 14.35272 14.34526 13.31179 14.37068 12.56846 12.53257 13.32339 
  15.3798 16.52411 16.23449 14.85697 14.29191 12.88332 12.00206 13.13556 13.44022 16.12032 14.98421 13.74557 15.56741 14.34023 14.87941 16.42076 15.6266 15.88143 14.97145 14.72833 14.16699 13.20177 13.92003 
  15.67224 16.90195 16.67461 15.48123 13.77814 13.44791 13.03253 13.99789 14.3473 16.4838 15.57507 15.20378 16.81445 15.91989 16.59982 17.46378 18.37035 17.41759 14.8841 15.58669 16.08705 17.49847 17.28402 
  15.67224 17.08173 16.91367 15.79337 13.35 12.67159 12.89514 13.13556 14.41708 16.71361 16.21464 15.14545 17.31327 16.28445 16.04324 17.57967 18.8603 17.74676 16.80582 17.30342 17.13435 17.79824 18.53664 
  15.67224 17.0327 16.95352 15.94943 13.9494 13.37733 13.16993 13.35115 14.6264 16.4111 15.96898 14.97047 16.87681 16.12821 16.48851 17.6183 18.37035 17.52731 16.89317 17.44647 17.13435 17.79824 19.05243 
  15.59913 16.85291 16.83398 16.02747 14.63443 13.94192 13.23863 14.06975 14.69618 17.09663 16.54218 15.32044 16.93916 15.76365 16.71114 17.73419 18.76231 17.96622 16.89317 18.37637 18.61803 18.79747 19.34716 
  15.74535 16.60776 16.79414 15.94943 14.89131 13.7302 13.23863 13.85417 14.41708 17.09663 17.0335 15.0288 16.87681 15.97197 16.19166 17.77282 19.64423 19.06347 18.02873 18.30483 18.70531 18.89739 19.34716 
  16.03847 16.60776 17.03321 16.1055 14.5488 13.23619 13.58212 13.71045 14.55663 16.63701 16.95161 15.37877 16.37799 15.45117 16.15456 17.6183 19.84021 19.94128 18.46548 18.4479 18.61803 17.79824 18.46296 
  16.40487 16.90195 17.67071 17.1475 14.80568 13.58905 14.2691 13.99789 14.69618 17.32644 17.68859 16.1473 17.18857 16.33652 15.75228 17.11611 18.76231 18.73429 16.45642 16.73117 16.78525 17.09877 17.28402 
  16.60028 17.11441 18.18869 18.03343 15.83322 13.58905 14.40649 14.28533 15.39393 17.55626 18.67123 16.74504 17.74974 17.11772 16.63693 17.42515 18.66432 17.63704 16.36907 16.8027 15.99977 16.69908 17.21033 
  16.82013 17.29419 18.54729 18.78307 17.20327 14.22422 14.95608 15.00394 15.60326 17.32644 18.67123 17.25739 17.93679 17.11772 17.04509 17.77282 17.97838 16.10088 14.97145 16.44506 15.38884 15.79977 16.17876 
  16.99111 17.42494 18.70666 18.98751 17.74124 14.71823 14.74998 15.29138 15.8199 17.86267 18.58935 17.68435 18.56032 17.951 17.34193 17.50241 15.43062 14.78417 14.44735 15.30057 14.69064 15.79977 15.58929 
  17.13767 17.50666 18.78635 19.05566 18.1255 15.0711 14.74998 15.29138 16.04019 18.2457 18.99878 18.1967 19.12149 18.15932 17.63878 15.9572 14.94066 14.12581 13.57384 14.6568 13.99244 15.30016 15.88403 
  17.23538 17.58838 18.8262 19.26011 18.47133 15.40185 15.13974 15.5733 16.40735 18.55211 19.4901 18.79445 19.30854 18.26348 18.38089 15.14135 13.66678 12.56747 13.22444 14.51374 14.07971 14.70062 16.17876 
  17.28424 17.63741 18.78635 19.669 18.89402 15.79875 15.50706 15.96798 16.92136 19.08834 19.98142 19.73376 19.30854 17.951 17.82431 13.75689 13.45401 12.04876 12.64367 15.58669 15.30157 14.30093 16.4735 
  17.28424 17.62107 18.70666 20.28234 19.23986 16.2618 15.87439 16.30628 17.36195 19.54797 20.39085 20.4169 19.3709 18.10724 18.04694 14.79523 13.76477 10.6367 12.16559 15.44363 15.03974 14.30093 17.28402 
  17.23538 17.58838 18.54729 20.55494 19.163 16.92331 16.28763 16.64457 17.9494 19.93099 20.7184 20.75846 18.31091 18.31556 18.30668 15.33912 14.35272 11.53004 12.24527 14.29915 13.81789 13.90123 16.62086 
  17.1621 17.53935 18.4676 20.28234 18.77874 17.18791 16.65495 16.98287 18.46342 20.39061 20.80029 20.3315 17.50033 17.79476 17.82431 15.64816 13.27671 10.8096 11.68751 12.13044 12.0009 14.00116 16.25245 
  17.03997 17.44129 18.4676 19.46456 19.0093 17.05561 16.83861 17.32117 19.05087 20.77363 20.80029 19.47758 16.6274 17.53436 17.86141 15.72542 12.6384 11.27069 13.22444 12.82945 12.0009 12.70216 14.99982 
  16.86898 17.37591 18.34806 19.53271 19.47041 17.32021 17.02228 17.71585 19.85861 21.23326 20.96406 19.05062 16.31564 17.1698 17.97273 15.91858 11.92917 12.01994 14.1853 13.68732 12.73399 12.80208 15.51561 
  16.64914 17.26151 18.22853 19.87345 19.62412 17.58481 17.25185 18.11053 20.2992 21.30986 21.12783 18.87984 16.06623 17.06564 18.12115 16.11172 11.75187 12.53866 14.8841 14.58527 13.73061 14.00116 16.25245 
  16.33159 17.26151 17.59102 19.46456 19.54727 17.18791 16.88453 17.82861 20.15234 20.77363 20.80029 18.11131 15.38397 16.33652 17.34193 15.33912 11.18449 12.22166 14.5347 14.22762 13.38151 14.00116 16.32613 
  16.1606 17.27785 17.19258 19.12381 19.27828 16.79101 16.05805 17.03925 19.34459 19.47136 19.81765 16.57426 14.03303 15.03453 15.81047 14.00411 11.5391 11.67413 12.77647 12.7659 12.09549 11.95782 14.70509 
  16.13618 17.11441 16.7543 18.44233 19.04773 17.18791 16.05805 16.64457 18.61028 18.70532 18.91689 17.08661 14.1505 15.03453 15.34494 14.05356 13.20578 13.02856 12.67023 12.95654 14.25426 12.58482 15.07351 
  16.03847 16.83657 16.31601 18.10158 18.77874 16.52641 15.3234 16.19351 17.9494 17.17324 18.09803 16.74504 13.32819 14.60727 14.76303 13.16355 12.10648 12.22166 11.44847 11.74917 13.20696 12.58482 14.92614 
  15.89191 16.80388 16.35585 17.55639 18.31763 17.25406 15.9203 16.81372 18.02283 17.78607 17.44293 17.42818 15.20776 14.8209 16.04324 15.24023 13.76477 13.35773 11.36878 14.44221 14.60336 12.60223 15.07351 
  15.89191 16.44046 16.31601 17.2838 19.04773 18.24631 16.70087 18.05415 19.34459 17.93928 17.77048 18.1967 16.06623 15.86781 17.23062 16.49803 13.86276 13.35773 11.58127 13.9415 13.90516 13.00193 14.61088 
  16.11175 16.52411 16.15297 16.46601 17.97179 17.18791 15.69073 15.96798 16.70107 16.19302 15.70637 16.23269 15.09028 14.07318 15.81047 15.14135 13.52494 14.23554 11.82031 13.71909 13.73061 12.70216 13.5432 
  15.67224 16.10585 15.74538 16.26157 18.01022 18.24631 16.93044 18.11053 18.68371 16.33841 15.90332 17.42818 16.44034 15.50325 17.97273 17.54103 14.74468 14.56472 13.31179 13.81441 13.38151 11.8359 13.73162 
  15.98961 16.67314 15.98993 16.46601 17.89494 17.98171 16.65495 17.09564 17.58224 15.97493 14.65596 15.89112 15.38397 13.53911 15.98505 16.26624 14.25473 14.67444 14.09795 14.15609 13.08872 11.88815 13.19778 
  15.74535 16.44046 15.82689 15.8714 17.35698 17.58481 16.60904 17.26479 17.50881 15.32066 14.98421 15.37877 15.38397 13.75274 15.69409 15.45502 13.5604 15.00362 14.0106 14.01303 12.42657 11.05216 12.56973 
  15.08737 15.43663 15.25626 15.09106 16.0901 16.72486 15.64481 16.19351 16.11362 14.30292 13.34294 15.0288 15.03155 13.4857 16.15456 16.18899 13.76477 13.46746 13.13709 12.79768 11.62253 10.63416 11.91029 
  15.16048 15.68759 15.4193 16.26157 17.5491 17.78326 16.65495 16.81372 15.96676 14.08483 13.21164 14.67883 14.97281 14.18 17.04509 17.00022 14.5487 13.46746 12.96239 12.4164 11.66983 10.70382 11.84748 
  15.30669 16.3568 16.07145 17.55639 19.58569 19.23856 17.84875 18.84351 17.14166 14.81179 13.99945 14.15387 14.91407 14.66067 17.26772 17.34789 14.5487 13.79664 13.22444 13.11541 11.66983 10.63416 13.19778 
  15.30669 16.27315 15.98993 17.2838 18.62504 18.31246 17.84875 18.33606 15.67303 14.23022 13.40859 14.73715 15.75447 13.91296 15.11218 14.39967 12.24833 13.46746 12.61711 12.60704 11.81171 11.38307 13.35479 
  14.94115 15.18568 14.19652 14.38877 16.00447 16.92331 16.83861 17.26479 15.53348 14.08483 13.60554 14.03721 15.4427 13.4857 14.18112 13.90522 11.96464 12.62511 12.24527 12.00335 11.74077 10.84316 13.66881 
  12.89412 13.01072 12.72918 12.1258 13.26437 14.92996 14.68129 14.78836 13.09134 11.17699 10.7169 11.00412 12.50587 11.40279 12.20261 11.97688 9.659646 10.46379 9.934543 10.66888 10.22729 10.14212 11.81608 
  11.72439 11.25403 12.32158 10.79923 11.29493 13.30676 12.34555 11.98579 9.951447 8.850715 9.009982 9.604227 9.921465 10.54826 12.08623 11.72965 9.943337 9.300426 9.242071 9.938103 10.25093 10.31861 10.65013 
  9.531141 10.25021 9.957537 9.472664 9.068594 11.54241 11.45248 10.90788 9.463018 7.905666 8.813029 9.545898 9.745255 10.44144 12.08623 12.17466 10.72349 9.570449 9.562702 9.906329 10.04101 10.33218 10.717 
  8.507625 9.330033 9.468424 8.92643 10.43864 9.989792 10.07852 9.54253 8.97459 9.286891 9.338236 9.89587 9.862728 10.70848 12.02804 11.92743 11.0781 9.208298 9.43445 10.19229 10.79484 10.47741 10.77981 
  8.800058 9.915598 10.85424 9.316597 9.154222 10.69553 11.10899 8.895784 8.346611 8.923411 8.681727 9.720884 10.15641 11.02893 12.37719 12.42188 11.5391 9.599267 9.44361 10.35115 10.77119 10.65158 10.96822 
  11.35885 9.58099 8.734754 8.302163 8.726082 11.61299 11.72727 9.398809 7.997734 8.269147 9.141283 9.545898 9.745255 10.33463 11.21336 11.18576 10.82987 9.483996 9.452771 9.839968 9.953497 9.93849 10.36633 
  11.65128 10.50116 10.03905 7.677896 9.068594 10.83668 10.21592 9.398809 7.579081 7.251402 8.747378 9.254255 9.040416 9.480097 9.642197 10.09797 10.4398 9.772172 9.881423 9.413371 9.999825 10.13534 10.6856 
  11.13952 11.08673 9.468424 7.677896 8.982965 9.425201 10.00982 8.823924 8.416387 7.832971 8.616076 9.604227 9.451571 9.640322 9.584005 10.3452 10.29795 9.685719 9.54438 9.874557 10.27458 10.16249 10.84261 
  10.40844 9.246381 9.305386 7.833963 7.784172 9.707497 10.21592 9.326948 7.858183 7.905666 8.944331 8.437653 8.746733 9.266465 8.88571 9.652969 9.446878 9.339909 9.668942 10.4147 10.46377 10.73866 10.90542 
  10.48155 9.413685 8.97931 6.975596 6.756634 8.719463 10.21592 9.54253 7.648857 7.324098 9.075632 9.02094 7.92442 8.946017 9.700388 9.999084 9.76603 9.076686 9.196266 10.03342 10.10792 10.35933 10.52597 
  8.434517 7.907948 8.653234 7.833963 7.441659 8.507743 9.185448 9.398809 7.927958 8.123755 9.075632 8.146009 8.218103 8.518753 9.700388 9.801304 9.446878 9.274103 9.461932 9.701612 10.44012 10.80832 10.47275 
  8.873166 9.58099 9.386905 7.053629 7.784172 8.860611 8.635864 9.686252 8.765265 8.123755 9.009982 9.02094 8.394313 8.999425 9.816771 9.949638 9.801492 9.455179 9.907983 10.00165 10.32188 10.28467 10.717 
  8.873166 7.9916 8.571716 8.302163 8.212313 8.225448 9.528937 10.47672 10.02122 7.978363 8.747378 8.729297 8.10063 8.946017 8.943901 9.010187 9.659646 9.426361 9.961102 10.47824 10.25093 10.39033 10.93682 
  7.264784 8.409861 8.897791 8.22413 8.126684 7.660857 9.185448 10.18928 10.23055 7.687578 8.550426 8.146009 7.651426 9.106241 9.525814 9.405746 9.269571 9.368726 9.589262 9.874557 10.48742 10.59933 10.81121 
  7.922759 7.824296 8.571716 7.677896 6.92789 7.872579 9.048052 10.26114 10.43987 8.196451 8.484775 8.495981 8.80547 9.693729 9.933153 10.29575 10.04972 9.234619 9.695502 9.969875 10.13366 10.30503 10.41067 
  7.264784 8.326208 8.490197 7.131663 7.441659 7.51971 8.42977 9.326948 10.02122 8.196451 8.287822 9.195927 8.218103 8.732386 10.22411 9.455191 8.974438 8.550241 8.976405 9.13666 10.11307 10.42516 10.3752 
  7.630325 7.322384 8.734754 7.52183 6.328493 7.943152 8.910656 8.464621 9.114141 7.614882 7.631313 8.845954 8.687996 9.106241 9.991344 9.55408 9.553262 9.599267 9.03137 9.938103 10.22729 10.37291 10.59691 
  7.191676 8.577165 7.348933 6.273296 6.756634 8.790037 8.979354 8.608342 9.114141 8.559931 8.681727 9.02094 8.394313 9.266465 9.234858 9.257411 9.045186 9.455179 9.695502 10.03342 10.17999 10.52966 10.6856 
  7.337893 7.15508 7.267414 6.585429 6.414121 7.307988 7.193207 8.39276 9.811895 9.1415 8.419124 8.612639 8.27684 8.465345 8.88571 9.306856 9.163187 9.050364 9.801743 10.12874 10.17484 10.86057 11.15663 
  7.045459 6.653168 7.430452 6.273296 5.714329 7.731431 7.948884 7.530432 8.625713 8.341843 8.419124 8.670968 8.45305 8.839201 9.467623 9.801304 9.375956 9.800989 9.615822 10.03342 9.850546 10.42516 10.55257 
  7.484109 7.406036 7.511971 6.81953 6.499749 8.225448 8.154978 7.674153 8.97459 8.705323 9.929094 9.02094 8.45305 8.411937 8.88571 9.158522 9.021604 9.656901 10.06734 10.09697 10.22729 10.47741 10.87401 
  6.899242 7.824296 9.142348 7.75593 7.099146 8.225448 7.330603 7.386711 7.718632 8.196451 8.813029 8.904283 8.570523 8.785793 8.827518 9.504636 8.561739 9.973895 9.775183 10.00165 10.08219 10.47741 11.09383 
  6.13905 7.15508 8.32716 6.975596 7.356031 7.378562 7.399301 6.308801 8.06751 7.905666 8.15652 8.55431 8.159367 8.187958 9.293049 9.109076 9.375956 9.858624 9.828302 9.805379 10.46377 10.42516 10.17122 
  8.800058 7.322384 7.430452 6.429363 7.013518 6.95512 6.162737 5.940507 7.579081 8.051059 7.696964 8.379324 8.159367 8.358529 8.475714 9.059632 9.127726 9.089847 9.287875 9.906329 10.29823 10.31861 10.42841 
  8.142083 8.075253 8.571716 6.585429 7.356031 6.95512 7.124508 6.739965 7.160428 7.324098 8.15652 8.204338 8.27684 8.411937 8.224409 8.777108 8.797567 9.714537 9.801743 9.863027 10.16455 10.45999 11.21944 
  8.142083 8.075253 7.756527 6.741496 7.441659 7.307988 6.643623 6.16508 6.682117 7.178706 7.565662 8.262667 7.92442 8.358529 8.10537 8.72332 8.809359 9.455179 9.961102 10.35115 10.39282 10.42516 10.6856 
  8.2883 6.820472 5.612682 6.429363 7.527287 6.95512 6.437529 5.984138 7.090653 7.542186 7.631313 7.398677 7.628676 7.753365 7.801158 9.257411 9.340494 9.313586 9.498576 9.77079 9.974087 10.44258 10.42841 
  7.84965 7.824296 6.696782 7.053629 6.585377 6.602251 6.643623 5.918691 7.160428 6.772346 6.877182 7.912694 7.560428 7.856839 8.330221 8.938471 9.021604 8.497596 9.642383 9.563256 9.958644 10.44258 10.717 
  7.557217 8.075253 7.675009 6.741496 6.756634 5.935425 6.300133 5.940507 6.562798 6.848539 7.436572 7.790309 7.833422 7.660238 7.854064 8.866754 8.832941 8.997719 9.489415 9.528667 10.16455 10.33218 10.49936 ]
