 [
  4.072788 4.768718 3.869588 3.553848 3.886072 4.185346 5.373778 5.53247 6.082739 7.212043 7.321638 7.470711 7.31826 8.171617 8.788802 8.85669 8.890725 9.186435 9.781146 9.494085 10.40224 10.05593 10.39563 
  3.828194 4.484129 4.568846 4.254577 4.900379 5.208081 4.65788 5.406269 5.375389 6.526279 6.7106 7.259038 7.247867 7.517965 7.690851 7.972468 8.829906 9.114775 9.959826 9.741248 9.947207 9.708714 10.04195 
  5.115733 4.484129 5.378513 3.776807 4.568779 4.682893 4.449077 5.280068 5.434335 6.232381 6.099562 6.874177 7.582232 8.13479 8.449749 8.491687 9.07667 9.130834 9.291748 9.269655 9.947207 10.292 10.10626 
  6.265388 6.379095 7.057412 7.113242 7.248704 7.37732 7.793708 9.14395 9.657267 9.951968 10.09554 12.25918 13.22225 12.00156 9.297382 8.281528 8.946508 9.275396 9.715672 9.632705 10.18884 10.36386 10.83168 
  7.778091 8.177704 8.952448 9.082063 9.020106 8.96442 9.278781 11.27477 11.59056 12.49106 12.69889 15.5149 16.26295 14.4901 11.02655 8.675655 9.894824 10.00872 10.37924 10.07967 9.883148 10.33033 10.42778 
  4.787753 6.284431 5.80841 6.289084 6.791568 7.048954 7.051171 7.255269 7.387743 9.368222 9.213045 11.15347 11.7622 9.423713 8.856613 8.826518 9.54153 9.481119 9.792059 10.06324 10.24786 10.2006 10.0741 
  4.957087 5.337795 5.599331 5.69386 6.27729 6.44695 6.655152 6.226577 7.303686 8.317478 8.507051 8.632442 8.439424 8.94497 8.687086 9.188587 9.188236 9.098715 9.642922 9.997526 9.960019 9.930546 10.70462 
  4.844197 2.25485 3.685573 4.222725 3.964095 4.848742 4.687709 5.564021 6.259577 5.816025 6.415616 7.047364 7.775811 7.3946 7.957736 8.182629 8.81809 8.793591 8.875193 9.764248 10.32051 10.18131 10.44386 
  5.055224 3.5355 3.28074 3.426443 4.744332 5.401572 6.030017 5.090766 5.404861 6.011957 6.879162 6.662503 7.12468 7.006881 8.314127 8.917035 8.747197 9.469999 9.657472 9.849673 10.01767 10.96573 11.31168 
  5.418273 4.104677 3.64877 3.585699 4.432237 5.208081 5.373778 5.879524 6.082739 7.089585 7.237357 6.816448 7.036689 7.447471 7.802053 8.615311 8.927915 9.130834 9.317782 9.626103 10.19792 10.4501 10.87403 
  4.260936 3.86752 4.274422 3.936064 3.886072 4.489403 6.089675 6.258127 6.58378 7.500233 7.712808 8.057472 7.617428 7.905684 8.788802 9.158415 9.020886 9.098715 9.333735 9.540292 10.17068 10.84772 10.71168 
  4.881827 5.71645 6.282169 5.922792 6.105864 5.899119 6.358137 7.88483 10.66594 10.14655 10.09554 10.8881 9.733249 9.018622 9.433003 8.886863 8.841722 9.253156 9.519248 10.03367 10.33413 10.4501 10.64109 
  4.994716 6.000441 5.157695 5.922792 6.84871 6.665861 7.001669 9.192378 11.00217 9.951968 9.963164 11.55153 9.792059 10.60216 10.55188 9.520485 8.534519 9.303197 9.770234 10.16509 10.65651 11.34197 11.80259 
  5.115733 6.2371 5.562528 6.243298 7.248704 7.37732 7.744205 9.14395 10.41377 10.61355 9.698417 10.84387 10.43897 10.16024 9.873773 10.39549 10.48985 9.748004 9.719309 10.42135 11.13965 12.28257 13.43033 
  5.478782 6.75775 6.583652 6.701163 7.020136 7.705686 7.942215 9.337662 10.07755 9.446054 10.00729 10.49004 10.64481 11.04407 11.19608 10.90842 10.89892 10.50732 10.29536 10.42135 11.70332 13.31724 14.03003 
  6.265388 6.947077 7.617309 7.159028 7.877266 8.362417 7.793708 8.901812 10.83406 10.88596 10.71328 10.93233 11.90923 11.7806 11.87419 11.54204 11.70021 12.00311 11.88914 11.95892 12.58908 14.25784 14.80106 
  6.567928 7.136404 7.057412 8.028973 8.162976 8.5266 8.486742 9.434517 10.4558 11.97562 11.33103 11.5073 12.32387 12.66443 12.5523 12.51965 12.90003 12.75101 12.89574 12.98397 13.3138 14.44596 15.14374 
  6.507421 7.751718 6.196032 6.380657 8.105834 8.252962 8.932264 8.756529 10.53986 11.54754 12.30177 12.96684 12.80761 13.0049 13.34145 13.28029 12.83337 13.1665 13.06351 13.75276 14.11904 15.10438 15.5721 
  8.020124 8.556358 6.626721 7.387961 8.620112 9.019148 8.536244 9.773511 11.84273 11.89779 13.25284 14.33012 13.84422 13.2394 13.77426 14.42126 13.63324 13.4989 13.39904 14.35071 14.68271 15.85686 16.08612 
  8.141141 8.035709 7.229688 7.204815 7.820124 8.30769 9.031269 10.20936 11.42245 12.05346 12.65477 14.33012 13.84422 13.59116 13.38954 14.12546 14.43312 13.9144 13.73457 14.69239 14.92428 16.04498 15.82911 
  7.233519 8.035709 8.00493 8.166332 8.905823 10.00425 10.86286 10.9842 12.17896 12.80675 13.09601 13.65768 13.6369 14.02109 14.59178 14.16772 14.63309 14.49609 14.65729 15.03407 15.56847 15.66874 16.00045 
  7.899108 8.603691 8.306413 9.219422 9.705811 9.675879 10.12032 11.03263 11.59056 12.36479 13.09601 13.40912 14.46618 14.25559 14.39942 13.95642 14.89971 14.91159 15.07671 15.37576 15.72952 16.51529 16.68582 
  7.899108 7.988377 8.00493 9.310995 9.99152 10.60625 10.96186 12.29175 13.00485 13.24871 13.35739 13.65768 14.12064 14.56826 14.63987 15.13965 15.3663 14.49609 14.74117 15.46118 15.72952 16.79747 16.68582 
  7.657075 8.272367 8.995517 9.814648 10.62008 11.86498 11.7044 13.30873 13.73201 13.88009 14.35063 14.77842 14.6735 15.11544 14.54369 14.80159 15.43296 15.07779 14.40564 15.29034 15.3269 16.32717 16.85716 
  7.657075 9.313667 9.555414 10.86774 11.1915 12.19335 12.19942 14.24401 14.58036 14.00636 14.82112 14.81044 15.43367 15.31086 15.26503 14.75933 14.96637 14.49609 14.57341 15.20492 15.40742 16.13904 16.85716 
  10.19842 10.5443 10.28759 10.6388 12.44863 13.58477 12.99252 13.21188 13.55022 14.82715 14.24608 14.49023 14.6735 14.4901 13.87043 14.20997 13.49993 12.91721 12.64409 13.41108 13.55537 14.54002 15.74344 
  11.10604 11.34894 11.14897 11.60213 12.96124 12.95954 12.69445 13.30873 13.55022 13.88009 13.09601 13.01107 13.08404 12.4803 12.38277 11.99463 11.90018 11.58761 11.38584 11.70266 11.94489 12.941 13.08765 
  15.31563 15.99714 16.84555 17.40927 16.54955 16.53227 15.67518 12.87288 12.88366 12.36479 11.94877 11.8169 11.35053 11.7806 11.63685 10.87825 11.23362 10.09182 9.959826 9.984384 10.81756 11.34197 11.29756 
  16.05159 17.13548 17.98487 18.65365 17.98487 17.6041 16.5694 14.24401 12.47316 12.36479 13.51422 13.23221 11.14469 13.04398 12.90864 11.81359 11.06627 9.347677 8.979331 9.757676 10.59748 10.62735 11.01521 
  15.99902 17.23034 18.0988 19.48324 18.08739 18.14001 16.5694 13.90391 12.59924 12.05346 12.52239 12.52455 11.40934 13.04398 12.62011 11.87394 10.75017 9.447759 9.337374 9.77739 11.05913 11.05979 10.83168 
  15.99902 17.3252 18.21274 20.0363 18.49749 18.49728 16.5694 13.64883 12.64127 12.01454 12.91952 13.56162 11.97833 13.27849 12.86055 12.41704 10.73157 9.486679 9.675659 9.820103 10.11619 10.80939 11.0858 
  15.94645 17.3252 18.32667 20.0363 18.60001 18.5866 16.47004 13.39376 12.59924 12.13129 13.40967 13.91385 12.11655 13.31757 12.86055 12.68868 11.17784 9.369918 9.792059 9.77739 10.21608 10.48363 11.26932 
  15.94645 17.23034 18.32667 19.89804 18.60001 18.5866 16.37068 13.47878 12.55721 11.89779 13.14829 13.75375 11.97833 13.2394 12.6682 12.47739 11.15924 9.4978 9.621098 9.718249 10.73703 10.73753 11.10697 
  15.84131 17.13548 18.32667 19.75977 18.60001 18.5866 16.37068 13.64883 12.64127 11.97562 13.20057 13.65768 11.58577 12.84856 12.45058 12.51965 10.93611 9.098715 9.196287 9.711678 10.28419 10.48842 10.9305 
  15.84131 16.94575 18.21274 19.62151 18.39496 18.31864 16.17196 13.64883 12.51518 11.81996 13.05189 13.49758 11.67399 12.66443 12.14543 12.47739 11.15924 9.342117 9.58836 10.16509 10.29327 10.62735 10.99403 
  15.78874 16.85089 18.0988 19.48324 18.39496 18.31864 16.17196 13.73386 12.55721 12.24804 13.5665 13.94587 12.39297 13.59116 13.14909 13.28029 11.70021 9.203115 9.719309 10.50677 10.73703 10.68005 11.11403 
  15.73617 16.75603 17.87094 19.48324 18.39496 18.40796 16.5694 13.81888 12.55721 12.49106 13.88015 14.20204 12.18565 13.63025 13.14909 13.66062 12.23346 8.745413 9.497422 9.421475 10.26149 10.96573 11.88826 
  15.68361 16.85089 17.75701 19.48324 18.60001 18.40796 16.96683 14.15898 12.64127 12.42792 13.7756 13.65768 11.43875 12.51713 12.41667 13.11126 11.96684 9.575641 9.399211 9.701821 9.960019 10.57944 12.23094 
  15.5259 16.75603 17.64308 18.93018 18.70253 18.31864 17.46361 13.81888 12.94425 12.86989 14.19381 13.84981 11.58577 12.62761 12.21324 12.44722 11.50025 9.4978 9.482873 9.843102 10.64289 10.87167 12.14527 
  15.47333 16.66117 17.30128 18.79192 18.70253 18.14001 17.86104 14.9242 13.67141 13.5644 14.76884 14.10598 11.82101 12.96582 12.62011 12.23601 10.91752 8.793591 9.048758 9.540292 10.60202 10.71837 11.54558 
  15.5259 16.56631 17.18735 18.79192 18.90758 17.87205 18.05976 16.11455 14.27737 14.38519 15.2916 13.94587 11.61518 12.84856 12.86055 12.08514 11.04768 9.358797 9.537435 9.5997 10.27057 10.65609 11.63125 
  15.36819 16.28172 16.84555 18.65365 18.80506 17.6041 18.6559 17.55996 15.36811 15.64794 16.18029 14.33012 12.87672 14.25559 15.45739 15.05514 14.2998 10.34112 9.461048 10.07638 10.81756 10.84772 11.4105 
  15.36819 16.18686 16.61769 18.23886 18.70253 17.42546 18.95398 18.49523 16.03467 16.34245 16.38939 13.97789 12.46208 14.02109 15.64975 15.13965 14.36646 10.34112 9.435585 9.925242 10.53846 10.25847 11.12815 
  15.15792 15.80742 15.82017 17.13274 17.98487 17.06819 18.25847 18.66528 16.45885 16.15304 15.7098 12.7457 10.90945 12.4803 14.54369 14.0832 13.63324 10.09182 9.435585 9.823389 10.73703 10.43572 11.10697 
  15.05278 15.71256 15.25051 15.33529 16.54955 16.53227 17.16554 17.73001 16.27706 15.64794 14.92567 11.8169 9.586224 10.60216 12.76437 12.51965 12.70006 9.842525 8.970653 9.787247 10.57024 10.15238 11.45991 
  14.42196 14.66908 13.7694 13.53784 14.70413 14.83522 14.97967 16.2846 15.24692 14.00636 13.5665 10.13621 8.292398 8.908144 10.61969 10.45583 10.91752 9.342117 9.17893 9.879244 10.33413 10.35428 10.8458 
  13.73857 12.96158 12.63008 11.3256 11.70578 11.81026 12.24893 14.24401 13.97439 12.24804 11.6399 8.986271 8.292398 8.466228 9.500814 10.03342 9.597313 9.050537 9.222322 9.751105 10.40224 10.43093 10.41974 
  12.73976 11.06495 9.813828 9.173635 10.22009 10.00425 10.36783 13.0666 13.30783 12.36479 12.25765 9.738155 8.527639 8.871317 9.704247 9.58083 9.54153 9.464439 9.686572 10.07967 10.01767 10.2006 10.6058 
  10.98502 9.644991 8.823241 8.807343 8.105834 8.581327 8.83326 11.80748 12.76246 12.24804 11.50753 9.693927 8.792285 8.282096 9.500814 9.369622 9.764663 9.191995 9.317782 10.07967 10.31597 10.24883 10.53227 
  9.411812 7.089072 8.349482 8.074759 9.020106 9.511697 8.981767 11.8559 13.12604 12.36479 11.4634 10.35736 8.674664 7.976178 9.229571 8.977381 9.597313 9.553401 9.537435 9.734677 9.953613 10.17167 10.86697 
  7.475551 7.420395 8.00493 8.303692 9.705811 9.675879 8.585747 11.17792 12.59924 12.36479 11.86052 10.31313 8.380613 8.760839 9.060045 8.917035 9.820446 9.4978 9.792059 9.977812 10.2524 10.96573 10.85992 
  6.628437 7.562391 8.478689 7.66268 9.13439 9.347514 8.734255 10.30622 11.8007 11.66429 11.4634 10.8881 9.056931 9.460539 9.331287 8.541137 9.336991 10.09182 10.04371 9.783961 10.10257 10.63693 10.55639 
  7.415043 8.3197 7.358894 6.518017 8.162976 9.456969 8.140224 9.5798 10.58189 10.84705 11.33103 10.75541 9.527412 9.423713 9.127855 8.615311 8.605412 9.208675 9.639284 9.441278 10.30235 10.79981 11.06462 
  6.023355 6.047772 7.272757 7.250601 8.162976 8.74551 8.04122 7.400552 9.447124 10.76921 10.80153 10.31313 9.115742 9.791976 9.127855 9.158415 9.20683 9.392158 9.541073 9.500687 10.10711 10.66567 10.87403 
  6.20488 6.473759 6.066824 6.884309 7.648698 7.432048 7.991718 8.562818 10.1616 9.523888 10.27204 10.44581 9.174551 9.055449 8.788802 9.128242 8.965103 9.358797 9.606547 9.96467 10.0497 10.59381 11.18462 
  6.083863 7.231068 7.100481 6.105938 7.248704 7.924596 8.140224 9.192378 9.993492 9.835219 10.00729 10.04776 8.321803 8.94497 9.060045 8.947207 8.806274 9.381038 9.58836 9.872673 10.30235 10.498 10.38759 
  5.539289 7.089072 7.445033 5.464927 6.448716 8.034052 8.288733 8.223824 8.522505 8.589893 8.860048 8.7209 8.145372 8.613533 7.568529 8.615311 8.853537 9.314317 9.613822 9.783961 10.07533 10.59381 10.33132 
  5.781322 6.095104 5.980686 5.210116 7.820124 7.815141 6.952167 7.787974 8.438448 8.239645 8.727674 8.632442 8.557044 8.724012 8.124539 8.442238 8.29821 9.114775 9.744772 9.520489 10.25694 10.17167 10.70462 
  6.446912 6.379095 5.765341 5.050859 7.020136 7.869868 6.704654 6.447429 7.639912 8.045063 7.624558 8.411301 8.292398 8.613533 8.551465 8.392788 8.90932 9.403278 9.784784 9.892386 10.22062 10.56028 10.83874 
  5.357765 4.389266 6.66979 6.838523 6.334432 8.636055 8.338235 7.109986 7.303686 7.383484 7.132006 7.470711 8.262993 7.817566 7.946616 8.429875 8.357287 9.269836 9.482873 9.639305 10.05611 10.66567 10.9305 
  5.17624 5.290463 6.2391 5.968578 6.791568 8.198235 7.001669 8.369106 7.345714 6.354839 6.436687 7.740114 8.145372 8.429401 8.381938 8.293889 9.522936 9.842525 9.239678 9.668965 9.985642 10.19096 10.21075 
  4.204492 4.53156 5.80841 5.602286 5.99158 5.73327 6.556147 7.836402 6.524834 6.869162 6.773811 7.720871 7.723017 7.553212 8.102299 8.886863 8.927915 9.814725 9.50106 9.645906 9.889554 10.2006 10.30721 
  4.975901 5.905777 5.679203 5.831219 6.734426 6.337495 6.149333 7.400552 7.42977 7.334501 7.492185 7.836329 7.793409 7.606083 8.19126 8.479324 8.90932 9.603441 9.28307 9.52709 9.998454 9.71836 10.75403 
  5.055224 5.243032 5.047286 5.464927 4.549273 5.318647 6.506644 7.88483 7.303686 7.01611 7.44806 8.145929 8.262993 7.923307 8.213501 8.886863 8.310025 9.280956 9.187609 9.780676 10.15705 9.969126 10.5162 
  4.900642 6.75775 5.937617 4.159023 5.13445 5.954402 5.970359 7.206841 6.937455 7.733732 7.492185 8.101701 8.64526 7.88806 8.269102 8.417513 8.593596 8.103045 9.522885 9.816817 10.28873 10.37345 10.6058 
  4.900642 6.000441 5.231301 3.808658 4.100636 6.063857 6.605649 7.981685 7.261658 8.006146 7.44806 7.58617 7.019091 7.429847 7.913255 8.578223 9.002292 9.5256 9.384661 9.23665 10.14343 10.18131 10.5162 
  4.053973 5.100738 5.636134 4.8279 4.295696 4.765818 6.26865 6.699832 6.318523 6.673229 7.174146 7.836329 8.351208 7.852813 8.068938 8.491687 8.097347 9.130834 9.239678 9.659108 10.08441 10.26805 10.22683 
  4.731308 4.626423 5.937617 4.987157 4.744332 6.063857 5.791385 6.447429 6.672199 5.962974 6.837022 7.182065 8.557044 7.958555 7.802053 8.578223 8.569965 9.280956 9.53016 9.269655 9.870337 10.07522 10.61992 
  4.844197 4.768718 5.525725 5.602286 4.139648 5.069874 5.403607 6.826033 6.849036 7.383484 7.110935 7.278281 8.004587 7.711824 8.068938 8.565861 8.16824 8.552702 9.326461 9.5931 9.915177 10.48842 10.59874 
  5.17624 5.858445 6.583652 6.014365 4.490755 5.346289 4.896513 5.753323 6.259577 6.452805 6.204913 7.682385 7.617428 7.183117 8.16902 8.826518 8.927915 9.050537 9.792059 10.33593 9.972831 10.37824 10.73286 
  3.959898 4.436697 5.084088 4.413834 3.964095 5.125157 5.463265 5.879524 6.701672 7.928314 6.963443 7.124336 7.951793 8.13479 7.790933 7.82412 8.68812 9.197555 9.650197 10.03367 9.665348 9.641201 10.22683 
  3.790565 4.152109 4.900074 4.318279 4.60779 5.069874 4.807025 6.226577 6.28905 6.967128 7.237357 7.182065 7.582232 7.376976 8.280222 8.24444 8.81809 9.018419 9.048758 9.682107 10.00486 10.19096 10.19467 
  4.674863 4.958443 4.789664 4.668644 3.983601 4.489403 6.000188 6.952234 5.611172 6.697721 7.089865 6.970392 7.863802 8.282096 7.679731 8.826518 8.90932 9.034478 8.953297 9.494085 10.21154 10.25847 10.50012 
  4.712493 4.911012 5.120892 4.318279 4.198166 5.37393 6.000188 6.352778 6.023794 6.379331 6.68953 6.604774 7.529437 8.760839 8.381938 8.705828 8.853537 8.649057 8.771053 9.74782 10.16613 10.48363 10.69756 
  5.236749 4.484129 4.311225 4.413834 4.27619 4.26827 5.552752 6.857583 6.554307 7.212043 6.879162 7.489954 7.335858 7.570836 8.080058 8.133179 8.747197 9.130834 9.204966 10.03038 10.31143 10.52195 10.64109 ]
