 [
  5.181272 4.331227 4.739793 4.522642 5.588208 5.222979 4.647963 6.450135 6.713054 6.321525 6.560732 6.789378 7.275351 7.764808 7.655736 8.340367 8.565989 9.307497 9.856454 10.0736 10.02679 10.29338 10.73463 
  5.335515 3.963656 4.262454 5.374659 4.877065 4.800346 4.3095 5.381721 5.738103 5.968486 6.127175 6.533278 7.29242 7.776115 7.919267 8.340367 8.707924 9.466734 9.537953 10.22781 10.09512 9.811152 10.38427 
  5.790293 4.404741 4.840286 5.575134 5.588208 5.253166 5.099247 6.337501 5.438334 7.224388 7.179554 6.789378 7.428975 7.821346 7.820443 8.49061 8.648785 9.432558 9.537953 10.28712 9.882532 10.26324 10.65677 
  6.765575 5.01736 4.488562 6.087304 6.026491 5.955039 5.042837 5.998424 6.512648 6.839511 7.124356 7.447267 7.736224 8.10383 8.248679 8.094515 8.707924 8.910528 9.757523 10.14477 10.20042 10.53193 11.11757 
  4.988468 3.792122 4.664424 5.424778 5.659323 5.434294 5.212068 5.700706 6.012892 6.674564 6.669122 7.244667 7.548461 8.51008 8.133385 8.82378 8.908998 8.638321 9.782255 10.08546 10.21212 10.13264 10.30641 
  5.142711 4.50276 5.016148 5.424778 5.848961 4.951286 5.353094 5.828299 5.488295 5.894162 6.148853 7.330034 8.09368 8.053049 7.985149 8.781015 9.218067 8.97858 9.633858 9.760343 10.14192 10.66305 10.48808 
  5.451197 4.233208 4.463439 4.898532 5.44598 5.19279 5.014631 5.254128 5.863007 5.819838 6.343954 6.9032 7.7958 8.51008 8.6562 8.258416 8.778891 9.103342 9.65859 10.22781 10.39933 10.55816 10.4232 
  6.131641 5.06637 5.758417 5.931457 6.411056 6.090887 5.296684 5.360456 5.813046 5.726933 6.474021 7.088161 7.053448 7.810038 7.820443 7.821345 8.968137 8.933212 9.135493 9.874847 10.57483 10.27328 10.77169 
  4.988468 4.331227 5.066394 5.750549 6.103404 5.555047 5.127452 5.254128 6.187757 6.321525 7.731537 7.929843 8.09368 7.27858 7.968678 8.531586 8.908998 9.603436 9.881187 9.729115 10.28232 10.16277 10.83345 
  6.180406 4.919341 5.066394 5.600193 5.949578 6.29466 6.047873 6.619087 6.612851 6.395849 7.234753 7.748877 7.7958 8.10383 7.968678 8.108173 8.83803 9.705963 9.321244 9.458467 9.950864 10.47949 11.06816 
  6.472991 6.006993 4.915655 5.625253 5.635618 5.19279 5.43771 5.636909 5.588218 6.581659 6.257243 6.817834 7.190003 7.549963 8.051032 8.504269 9.04651 9.092 9.568913 10.02615 9.8142 10.26324 10.53998 
  5.936585 5.458296 4.362947 5.775609 5.872665 5.826738 5.296684 6.506452 6.713054 5.912743 6.08382 7.315806 8.272408 8.306955 7.853384 8.681828 8.920825 9.239446 9.584392 9.229459 9.958456 10.41393 11.20404 
  6.619283 5.615067 6.082078 5.675371 6.103404 5.585235 5.494121 4.977675 6.412585 5.503961 7.037645 7.386945 7.736224 8.154612 8.885997 8.781015 8.400399 8.831135 9.290285 9.520925 9.799016 10.50571 10.73463 
  6.034113 5.771837 6.89123 6.866544 7.026359 6.022963 5.807949 6.168549 6.112815 5.522542 7.102678 7.567911 7.7958 8.865549 9.115793 9.294188 9.518293 9.637612 9.290285 9.718705 10.20042 10.4926 10.44915 
  5.887821 5.536681 6.243908 6.165228 6.103404 5.705986 6.167834 7.069624 7.314272 6.488754 7.102678 7.28735 8.212832 8.10383 8.977916 9.037601 9.689852 9.603436 9.683324 9.448058 10.02679 9.841291 10.44915 
  5.065589 4.527265 5.839332 6.00938 4.687427 4.800346 5.155658 6.281183 6.112815 6.674564 7.34515 6.789378 7.736224 7.94573 8.518322 9.379716 9.475404 9.466734 9.930654 9.990563 10.45783 10.47949 11.01875 
  4.448617 5.301525 6.001163 6.710696 6.103404 6.090887 7.667357 9.772852 10.62097 9.863539 9.939468 9.075961 9.046897 8.10383 8.794078 10.70541 11.87721 9.945192 9.683324 10.10919 10.45783 10.4926 10.78404 
  4.988468 3.939151 4.664424 6.00938 6.180317 5.887115 6.227815 8.139652 9.218128 8.269052 8.890701 8.171131 8.391561 8.256174 9.069834 10.53435 11.61988 9.603436 9.568913 9.943115 10.16532 10.76794 10.8211 
  6.424226 5.928607 5.434756 5.650312 5.872665 5.49467 4.958221 4.850081 6.963561 7.004458 7.179554 6.832061 7.258281 8.256174 8.6562 10.10671 11.36254 9.945192 9.806989 9.531334 10.09512 10.39384 10.33236 
  5.839057 4.747808 5.091517 5.3496 4.35556 3.955082 5.183863 5.700706 5.96293 6.655983 7.455546 7.330034 7.104656 7.629116 8.215738 8.681828 9.689852 9.364207 9.856454 9.931252 10.31742 10.3637 10.37129 
  6.668047 5.06637 5.016148 5.931457 6.180317 5.524858 5.353094 5.190331 5.438334 5.596866 7.124356 7.688555 8.212832 8.662424 9.207712 9.336951 9.346736 9.80849 10.22745 10.00243 9.859756 10.76794 11.01875 
  6.180406 4.478255 4.061469 5.374659 5.949578 5.434294 5.550531 5.33919 6.612851 6.581659 7.62114 8.533063 9.583081 9.830392 9.805182 9.508009 9.475404 10.08189 11.04364 11.60828 10.63333 11.76439 12.22934 
  6.619283 5.301525 4.061469 4.171811 5.517094 5.404106 5.578736 5.190331 5.463314 6.674564 6.907578 7.567911 7.667947 8.10383 8.977916 9.379716 9.303846 8.740398 9.336723 10.06174 10.18872 10.67616 10.74698 
  7.253216 4.60078 4.036345 5.931457 5.493389 5.04185 4.647963 5.955893 6.012892 6.061391 5.997108 7.28735 8.153256 7.934422 7.803972 8.272075 8.660612 9.50091 9.445078 9.510515 9.958456 10.79416 11.69816 
  6.765575 4.576274 4.337823 5.853532 6.641795 6.226736 5.747968 6.281183 6.462546 6.784529 7.179554 7.507589 8.391561 8.002268 8.034561 8.176465 8.246637 8.899186 9.321244 10.1685 10.52803 10.99083 11.67346 
  6.570518 5.144755 5.839332 7.334087 7.718575 6.498433 6.587701 7.182259 6.462546 6.04281 6.365632 6.945884 7.914952 8.662424 9.207712 8.781015 8.767063 9.637612 9.90592 10.08546 10.08753 10.47949 10.99404 
  7.838386 7.888239 8.347704 8.502946 9.333747 9.215403 9.70671 9.434949 9.017723 8.92884 9.442683 8.834673 10.41715 11.25227 11.18396 12.28769 12.13455 12.13243 10.74684 10.9514 11.11304 11.00394 11.74757 
  6.034113 5.615067 7.214891 5.775609 7.026359 6.973902 7.427434 8.364922 8.466606 7.444317 8.28352 7.929843 8.868169 8.763987 9.34559 10.40606 10.33319 10.28695 9.65859 9.907528 10.14192 10.37375 11.20404 
  6.277934 7.026001 8.185874 8.97049 9.487573 9.962568 10.42648 10.50498 10.62097 11.67796 12.36819 12.27303 12.0257 11.35383 10.81629 11.34687 11.9201 11.6198 11.36517 11.73777 11.76813 11.82995 13.0395 
  7.887149 9.455944 11.09882 11.9316 12.25644 12.54369 13.24558 13.37716 13.04411 14.50979 15.23622 14.86688 14.58747 13.94367 13.02233 13.91273 14.49347 13.73869 13.50393 13.80976 13.69728 13.50722 13.64257 
  10.27659 11.18042 11.98889 11.9316 12.48718 12.88331 13.42553 13.53869 12.87554 14.1908 14.58217 14.26366 13.69383 12.57258 10.81629 12.1594 12.735 11.51727 10.84577 10.58367 11.46405 11.58083 11.69816 
  7.789621 8.672091 8.914111 7.022391 7.487837 7.58522 8.687034 8.815459 8.767216 10.13845 10.49145 10.58401 11.19164 12.62336 13.57384 12.6298 12.60633 11.58562 10.89524 10.91582 11.10134 11.69883 12.31581 
  6.277934 6.163763 5.677501 6.399 7.026359 7.381448 8.207186 9.20968 9.518738 10.41336 11.42982 12.15238 12.50231 13.02961 13.8496 13.39956 13.33545 11.8932 12.13189 12.12627 12.46964 12.83046 13.34103 
  6.131641 4.674294 5.35384 5.750549 5.683027 6.226736 6.947587 8.477556 9.168027 10.19343 10.32586 11.48884 11.96612 12.16633 12.97637 12.88639 12.52055 11.44892 11.5383 11.41403 11.59275 12.39979 13.34103 
  5.027029 5.458296 5.758417 6.165228 6.026491 6.905978 7.547396 8.308604 7.965591 9.038804 10.71224 11.30788 11.37036 11.86164 12.70062 11.98834 11.40543 10.79958 11.19203 11.60828 11.44065 11.80372 13.0395 
  6.277934 6.71246 8.104959 8.425022 8.333879 7.788993 7.727339 8.364922 8.316301 8.214069 9.277088 9.377571 9.880961 10.74445 11.09204 11.09029 10.76209 10.492 10.32638 10.82092 11.21834 11.80372 12.67765 
  4.487178 4.380237 6.324823 5.550075 6.564882 6.226736 6.407758 7.351211 7.514678 7.884175 9.001098 10.04111 10.29799 10.74445 11.00012 11.00476 11.5341 11.58562 11.3899 11.40217 11.05454 12.09217 12.49673 
  6.570518 6.71246 7.781298 8.425022 7.718575 6.430509 8.207186 9.153362 8.667012 9.093786 9.829071 10.34272 10.00011 10.79523 11.55164 11.17582 11.31965 11.27804 11.41463 11.30727 12.03119 12.06595 12.37612 
  5.065589 5.850222 7.376721 7.489935 7.026359 6.566357 7.427434 8.646507 8.717113 9.313716 9.387486 10.46337 10.05969 10.38898 11.00012 10.8337 10.76209 10.52618 10.96944 11.05816 11.56935 12.09217 12.31581 
  3.176112 3.498065 5.091517 5.931457 7.334011 7.245599 7.967262 9.547584 9.568839 11.12813 12.97537 13.41915 13.39595 13.48664 13.8496 13.10021 13.42123 13.56781 12.75021 13.48601 13.52191 14.12246 14.18534 
  4.679982 4.919341 6.324823 8.113326 8.026227 7.653145 8.926957 9.378632 10.97168 11.89788 13.80335 14.56527 14.17044 13.89289 14.26323 14.16932 14.27902 14.20971 13.69236 14.00401 14.48648 14.67617 14.90903 
  8.472319 8.750477 10.53242 11.15236 11.33348 12.0003 12.46583 12.75767 12.72523 12.72262 12.64418 12.7556 12.97892 12.67414 13.20617 12.45875 12.39189 11.72232 11.95876 12.12627 12.29426 13.01503 13.22042 
  11.59322 15.13646 16.15642 15.79773 17.03222 17.95736 16.70755 17.41559 17.42699 16.26427 14.18973 14.44462 15.82644 14.50226 13.29809 14.49308 15.0251 14.0213 11.2415 10.40574 11.21834 11.92172 11.4511 
  12.86214 17.41649 17.46203 18.76492 19.48233 21.56612 20.43712 20.32327 20.96701 19.77324 17.98324 17.67312 19.54228 18.30934 16.70097 18.37824 18.85282 17.6011 14.88576 12.51477 10.73863 12.64589 12.09346 
  12.25774 17.37972 17.1584 18.62135 18.76522 21.91535 21.63058 21.29249 21.97844 21.52772 19.55296 18.2038 19.85193 19.26111 17.60383 19.34953 20.0224 18.44895 15.26262 13.03277 11.15984 12.39979 12.14287 
  12.16476 17.15907 16.82441 18.14277 18.22739 21.10047 22.07813 22.42325 21.97844 22.16571 19.02972 18.64603 20.16158 19.57837 18.14555 19.67329 20.4477 18.63736 15.70229 13.61551 11.85582 12.9535 12.61735 
  12.07177 16.97519 16.61187 17.90348 18.04812 20.63482 22.67486 22.90787 21.30415 22.16571 19.02972 19.17671 20.16158 20.10713 18.23584 19.99705 20.4477 18.91998 16.26758 14.26301 14.3988 13.99941 12.97919 
  11.9323 16.82809 16.49042 17.80776 17.9286 20.51841 22.82405 23.0694 21.6413 22.8037 19.68377 19.26516 20.16158 20.10713 18.41641 20.42874 20.4477 18.91998 16.26758 14.58676 15.88951 14.86074 13.70288 
  11.88581 16.79132 16.42969 17.75991 17.86884 20.16918 22.82405 22.90787 22.65273 23.60119 19.42215 19.44205 20.16158 20.42439 18.95813 20.64458 20.66035 19.10839 16.33039 15.1695 16.7664 15.41446 14.90903 
  11.88581 16.79132 16.39933 17.71205 17.74932 19.93635 22.52568 22.90787 22.98988 23.76069 19.68377 19.61895 20.16158 20.63589 19.31928 20.86042 21.19198 19.48521 16.70725 15.4285 17.11715 15.72208 15.39148 
  11.9323 16.79132 16.42969 17.66419 17.68956 19.81994 22.3765 22.90787 23.32702 23.76069 20.20701 19.88429 20.239 20.74164 19.59014 20.86042 20.97933 19.20259 16.3932 15.49325 16.85408 15.96817 15.75333 
  12.07177 16.82809 16.42969 17.66419 17.68956 19.70353 22.3765 22.90787 23.49559 23.76069 20.59945 19.97273 20.16158 20.63589 19.77071 20.86042 20.97933 19.20259 16.51882 15.4285 16.41564 15.90665 15.87394 
  12.11827 16.86487 16.42969 17.61633 17.6298 19.70353 22.22731 22.90787 23.49559 23.60119 20.73026 19.97273 20.16158 20.74164 19.861 20.96834 21.08565 19.391 16.3932 15.10475 15.9772 15.84512 16.11517 
  12.30423 16.90164 16.39933 17.61633 17.6298 19.58712 22.22731 22.90787 23.49559 23.4417 21.12269 19.97273 20.08417 20.74164 19.95128 20.96834 21.08565 19.57941 16.3932 14.71626 15.18799 15.5375 15.75333 
  12.39722 16.90164 16.36896 17.61633 17.6298 19.47071 22.07813 22.90787 23.49559 23.2822 21.38431 19.88429 20.00676 20.84739 19.95128 20.7525 20.97933 19.48521 16.20477 14.52201 14.48648 15.16836 15.5121 
  12.53669 16.93842 16.3386 17.61633 17.6298 19.47071 22.07813 22.90787 23.49559 23.1227 21.64593 19.88429 19.85193 20.84739 19.95128 20.64458 21.08565 19.67362 16.26758 14.52201 14.92493 14.73769 15.15025 
  12.72266 16.93842 16.24751 17.66419 17.6298 19.23788 21.92895 23.0694 23.49559 23.1227 21.77674 19.88429 19.61969 21.16465 19.77071 20.53666 21.19198 19.57941 16.01634 14.45726 15.10031 14.2455 14.54718 
  12.90863 16.93842 16.12606 17.66419 17.6298 19.00506 21.77977 23.23094 23.32702 22.8037 21.77674 19.44205 19.31004 21.16465 19.40956 20.42874 21.08565 19.10839 15.51386 14.19826 15.36337 13.69179 13.22042 
  13.0481 16.86487 15.91352 17.66419 17.57005 18.77224 21.77977 23.23094 23.15845 22.8037 21.64593 18.99982 19.61969 20.84739 19.31928 20.32081 20.97933 18.91998 15.32543 14.00401 15.27568 13.56874 13.22042 
  13.18758 16.82809 15.7617 17.66419 17.51029 18.77224 21.63058 23.39248 22.8213 22.8037 21.51512 18.73448 19.77452 20.53014 19.59014 20.21289 20.66035 19.01418 16.01634 13.93926 14.66186 13.81484 13.82349 
  13.28056 16.79132 15.67061 17.61633 17.51029 18.88865 21.4814 23.55401 22.48416 22.8037 21.2535 18.91138 19.69711 20.53014 19.49985 19.99705 20.4477 18.54315 15.137 13.35651 14.3988 12.89198 12.91888 
  13.42004 16.75455 15.60989 17.56847 17.45053 19.00506 21.4814 23.55401 22.31559 22.9632 20.86107 19.26516 19.77452 20.53014 19.40956 19.88913 20.4477 18.44895 15.38824 13.42126 14.66186 13.01503 13.8838 
  13.51302 16.75455 15.57952 17.52062 17.39077 19.23788 21.33222 23.55401 21.80987 22.9632 20.46864 19.5305 19.61969 20.63589 19.1387 19.78121 20.4477 18.44895 15.57667 13.29177 14.57417 13.26112 13.58226 
  13.69899 16.71777 15.57952 17.4249 17.45053 19.3543 21.33222 23.39248 21.47272 22.9632 20.86107 19.79584 19.46486 20.63589 18.95813 19.56537 20.12872 18.35474 14.88576 12.83852 14.3988 13.26112 13.94411 
  13.88496 16.681 15.67061 17.28133 17.45053 19.3543 21.4814 23.0694 21.6413 22.8037 21.38431 19.7074 19.46486 20.63589 18.68727 19.34953 20.23505 17.97792 14.82295 12.77377 14.3988 13.50722 13.40134 
  14.11742 16.60745 15.73134 17.04204 17.51029 19.23788 21.4814 22.74633 21.80987 22.8037 21.77674 19.26516 19.69711 20.53014 18.77756 19.2416 20.0224 17.78951 14.88576 12.64427 14.31111 13.63027 13.64257 
  14.25689 16.5339 15.73134 16.65917 17.45053 19.12147 21.63058 22.10018 21.6413 22.48471 21.90755 19.61895 19.92935 20.63589 18.77756 18.80992 19.5971 17.6011 15.07419 12.38527 14.48648 13.99941 12.55704 
  14.44286 16.42357 15.82243 16.46774 17.27125 19.00506 21.4814 21.61557 20.96701 22.00621 22.43079 19.5305 19.92935 20.53014 18.68727 18.59408 19.27812 17.69531 15.32543 12.45002 14.13573 13.99941 12.79827 
  14.58234 16.2397 16.00461 16.46774 17.21149 19.00506 21.4814 20.96942 20.29272 21.52772 22.16917 20.06118 20.239 20.53014 18.68727 18.27032 18.74649 17.22428 14.57171 11.73777 13.96035 13.75331 12.01934 
  14.67532 16.05583 16.12606 16.37202 17.15173 19.12147 21.4814 20.32327 19.61843 20.73022 21.77674 20.59186 20.16158 20.42439 18.05527 17.94655 18.00221 16.65905 14.38328 10.72602 12.64502 12.76893 11.71051 
  14.67532 15.76163 16.12606 16.22845 17.33101 19.47071 21.33222 19.1925 18.607 19.61374 21.51512 20.68031 20.16158 20.10713 17.78441 17.83863 17.68324 16.37643 14.63452 10.97513 11.59275 11.97417 11.16698 
  14.62883 15.50421 16.12606 16.18059 17.68956 19.81994 20.88467 17.57713 17.76413 18.81625 20.86107 20.59186 19.92935 19.68412 17.1524 17.51487 17.47058 16.47064 14.82295 10.77347 11.59275 12.21522 10.96934 
  14.58234 15.24678 16.0957 16.08488 17.98836 19.47071 19.69121 16.93098 16.41556 17.54026 19.81458 20.32652 19.31004 19.04961 16.79126 17.29903 17.15161 16.28223 15.01138 11.02257 11.01944 11.51528 11.58698 
  14.58234 15.17323 16.06533 16.18059 18.34691 19.23788 18.49774 16.44637 15.90984 16.74277 18.89891 19.88429 19.0778 18.8381 17.06211 17.08318 16.93896 15.43438 14.32047 10.50064 10.57483 10.83349 11.36463 
  14.58234 15.09968 16.12606 16.41988 18.82498 19.00506 17.30428 15.96175 15.74127 15.94528 17.85243 19.35361 18.84556 18.8381 16.70097 16.43566 16.61998 14.20971 13.50393 10.63112 11.04284 11.68572 11.40169 
  14.58234 15.09968 16.12606 16.80275 18.76522 18.65582 15.81245 15.15407 15.06698 15.14779 16.54432 18.91138 18.5359 18.6266 16.61068 16.43566 16.83263 14.96335 14.5089 10.8565 10.90244 11.59394 11.6611 
  14.72181 15.24678 16.12606 17.13775 17.86884 17.72453 14.17144 14.18484 14.22412 14.50979 15.62865 18.11535 17.9166 18.30934 16.88154 16.21982 16.72631 15.15176 14.57171 11.20051 10.77373 11.50216 11.71051 
  14.81479 15.83518 16.21715 17.37704 17.86884 16.32759 13.87308 13.70023 13.38126 13.7123 14.84379 17.49623 17.45212 17.46333 15.7981 15.78813 16.40733 14.58653 13.81798 10.48878 10.28232 11.37105 11.20404 
  14.81479 15.9455 16.18678 16.94632 17.39077 15.04706 13.1856 12.25081 12.02381 12.55767 14.02414 16.96555 16.2135 15.98279 14.44381 14.81684 15.4504 13.49946 12.25555 10.31084 10.65673 11.05638 11.06816 
  14.67532 15.90873 15.54916 15.74987 15.71752 13.76633 12.64577 11.2371 11.22219 12.28276 13.41696 15.10816 14.28959 14.19758 13.11425 13.14297 13.72146 12.09826 11.26623 9.697886 10.00401 11.05638 11.43875 
  13.55951 14.62937 12.95987 13.64593 13.71778 14.58142 14.46981 12.64503 12.17412 13.60234 14.02414 15.63884 15.36196 15.34828 14.35352 13.99826 14.19324 12.09826 11.83509 10.28712 10.45783 11.46283 10.6957 
  12.62968 13.45359 11.58431 10.60689 10.02596 10.43804 11.08627 10.27971 10.01975 10.85322 11.92661 13.05721 12.74061 11.9632 11.22992 11.17582 12.09166 12.23496 11.88456 11.41403 12.11888 12.64589 12.2664 
  10.08153 11.10204 10.37059 9.282185 8.564617 7.924842 9.166882 9.378632 9.218128 9.808557 11.76101 12.63496 12.0257 12.72492 11.50568 11.34687 11.79143 10.69706 10.82104 10.9514 11.35875 11.25305 11.50051 
  7.545801 8.436935 7.457637 7.957479 8.410791 8.807857 8.627052 8.928094 8.566809 9.038804 12.80978 12.57464 11.96612 12.57258 11.5976 10.8337 11.57699 10.45783 10.74684 11.23609 11.38215 11.4235 11.56228 
  5.296954 7.182772 7.862213 6.944468 8.256966 9.079554 9.526767 8.364922 7.965591 9.038804 11.87141 12.45399 11.42994 11.86164 12.3789 11.51793 12.349 11.24387 11.3899 11.28354 11.33535 11.41039 11.4264 
  6.521754 7.496313 6.082078 6.632771 8.180053 8.06069 9.526767 8.984411 8.115896 9.588627 12.2026 12.03174 11.66824 11.9632 11.73547 11.21858 12.00588 11.27804 10.87051 11.25982 10.92584 11.26616 11.73522 
  6.22917 6.320534 6.405739 6.476924 8.026227 7.924842 8.747015 8.702825 8.366404 9.368698 11.81621 11.73013 10.89375 12.36945 11.64355 10.66264 10.97653 10.97046 11.11784 11.01071 11.32364 11.12194 11.30287 
  5.741529 6.71246 6.972145 6.243152 8.333879 8.875781 8.627052 7.57648 8.065794 9.863539 11.76101 11.66981 10.71503 12.31867 11.18396 10.91923 11.79143 10.52618 10.64791 10.73788 10.86734 10.80727 10.99404 
  5.741529 5.458296 5.066394 7.022391 8.180053 8.400311 8.747015 8.928094 7.965591 9.588627 11.70581 10.40305 10.59587 11.86164 11.41376 10.70541 11.40543 10.42365 10.49951 10.10919 10.31742 10.15273 10.73463 
  6.911867 7.104386 7.538552 6.399 7.641663 8.53616 10.6664 10.16707 7.965591 9.808557 11.09863 10.10144 9.821385 11.50617 9.989019 10.14947 10.93365 9.398383 9.881187 10.06174 10.20042 10.78105 10.74698 
  5.741529 6.477304 7.862213 6.944468 8.487704 7.924842 9.226862 9.772852 7.765185 8.873857 10.98824 10.70466 10.47672 10.54133 9.391549 9.42248 9.904299 9.603436 9.537953 10.14477 10.31742 10.54504 10.77169 
  5.887821 4.772313 6.648484 7.645782 8.180053 8.943706 9.586748 9.547584 8.015693 9.313716 11.26423 10.22208 9.702233 10.13508 9.621346 9.12313 9.689852 9.466734 9.19741 9.708295 9.723092 10.55816 10.77169 
  6.326698 7.104386 7.781298 6.476924 8.333879 8.332387 10.48646 9.322314 7.965591 8.763892 10.10506 9.980792 9.106473 9.576486 8.977916 8.909308 9.73274 9.432558 9.553433 9.677067 9.943272 10.38379 10.48808 
  6.375462 7.574698 7.781298 7.489935 8.718443 9.622948 11.86602 10.39234 9.568839 10.02849 11.92661 10.46337 9.583081 10.3382 9.161753 8.781015 9.81852 9.911017 9.930654 9.6042 9.958456 10.40389 10.90757 
  6.716811 7.574698 7.943128 7.022391 8.180053 9.487099 10.90633 10.22339 9.318332 10.35838 11.92661 9.679182 9.523505 10.94758 9.851142 9.636302 10.20452 9.705963 9.683324 9.895666 10.34082 10.38379 10.74698 
  5.528318 6.869231 7.943128 6.165228 6.949446 9.758797 11.98598 11.29342 9.969651 11.12813 12.42339 10.34272 9.761809 11.60773 10.40265 10.36329 10.80498 9.569261 10.07905 9.931252 10.04957 10.4926 11.22875 
  6.765575 7.574698 7.700382 6.243152 8.180053 10.23427 12.28589 11.12447 9.61894 10.52333 11.65061 10.34272 10.05969 11.7093 10.1269 9.593537 10.03297 10.18442 10.17798 10.02615 10.41103 10.50571 10.95698 
  5.839057 7.104386 7.376721 7.022391 7.026359 9.351251 11.02629 11.2371 9.61894 9.863539 11.04343 9.920469 9.166049 11.25227 10.77033 10.235 10.16164 9.637612 10.07905 9.990563 10.66843 10.78105 10.74698 
  6.277934 7.261157 7.133976 7.723707 7.56475 9.419175 10.96631 11.40605 9.468636 10.35838 11.09863 9.679182 8.808593 10.43977 9.989019 9.550773 9.646962 9.603436 9.383162 10.0736 10.25892 10.21301 10.85816 
  5.741529 6.55569 6.243908 7.178239 7.641663 9.82672 10.60642 10.22339 8.867418 9.313716 10.38105 9.377571 8.808593 9.474923 9.621346 9.636302 9.689852 9.50091 9.881187 9.718705 9.87494 10.33356 10.74698 
  5.936585 6.71246 7.376721 6.476924 7.487837 9.555023 11.26621 9.660218 8.566809 9.973503 11.42982 9.437894 8.510713 9.982736 10.03498 9.12313 9.475404 9.023948 10.00485 9.966839 10.23552 10.79416 10.59189 
  5.936585 6.006993 6.324823 6.866544 5.949578 9.419175 10.84635 10.16707 8.115896 9.863539 10.54665 8.774351 8.272408 9.576486 9.575386 9.508009 9.432514 9.26213 9.732789 10.09732 10.07234 10.62371 10.65677 
  6.619283 4.919341 6.567569 6.476924 6.872533 9.351251 11.20623 10.56129 8.316301 9.588627 9.939468 9.256927 8.331985 8.51008 9.253671 9.080366 9.089399 9.273472 9.274806 9.833209 10.29402 10.85971 10.89522 
  6.472991 7.026001 6.243908 5.853532 6.25723 9.011629 10.24654 9.716536 7.514678 8.818874 9.497882 8.955317 8.451137 8.053049 8.610241 8.695487 9.132289 9.432558 9.65859 9.919391 10.07234 10.41393 10.6438 
  6.277934 6.71246 7.376721 5.853532 6.487969 9.011629 9.946633 8.984411 7.26417 8.818874 9.277088 8.472741 7.650877 8.611643 9.115793 9.294188 9.561183 9.318839 9.90592 10.04987 9.928087 10.24314 10.44915 
  6.180406 6.477304 6.567569 6.476924 7.103272 8.468235 8.986938 8.815459 7.514678 8.70891 8.504313 7.386945 8.212832 7.911807 8.472363 9.294188 9.303846 9.012606 9.135493 9.781161 10.29402 10.70238 10.75933 
  5.985349 6.398919 6.162993 6.476924 7.026359 8.332387 8.567072 7.9707 7.26417 8.873857 8.559511 7.628233 7.914952 7.821346 8.298091 8.781015 9.00362 9.569261 9.506995 9.6042 10.21212 10.51882 10.60487 
  6.668047 7.182772 7.619467 5.775609 5.848961 7.653145 7.907281 7.125942 6.813257 8.433998 7.841934 7.929843 7.207073 8.611643 8.840037 9.294188 9.260957 9.432558 10.17798 10.03801 10.27062 10.44015 11.01875 
  6.034113 5.928607 7.538552 6.243152 5.611913 6.702206 7.907281 6.562769 6.863358 7.884175 8.228321 7.386945 7.7958 8.306955 8.564281 8.781015 8.991793 9.364207 9.19741 9.919391 10.32912 10.0824 10.83345 
  5.887821 5.37991 6.810315 6.476924 5.730437 6.498433 8.027244 6.95699 7.364373 7.884175 8.173123 7.258895 8.689441 8.357737 8.248679 8.82378 9.175178 9.228104 9.445078 9.8228 10.45783 10.42704 11.12992 
  5.181272 5.850222 6.486654 6.399 5.872665 6.905978 7.547396 7.013307 6.387604 7.829193 7.565942 6.803606 7.736224 8.256174 8.70216 8.558903 8.83803 8.944554 9.321244 10.06174 9.988826 10.19291 10.61784 
  5.528318 6.163763 6.001163 6.243152 6.718708 7.653145 7.067548 7.182259 6.562749 7.554281 8.062727 7.809199 7.736224 7.7535 8.215738 8.217441 8.613301 9.671788 9.568913 9.531334 10.13022 10.58438 10.85816 
  5.528318 7.026001 5.596586 4.94865 5.949578 6.77013 6.947587 6.562769 6.462546 7.389335 6.734155 7.088161 7.446044 7.923114 8.426404 8.952073 8.908998 9.671788 9.732789 9.770752 10.07234 10.44015 10.98169 
  5.790293 6.320534 5.35384 5.775609 5.611913 6.566357 7.667357 6.562769 6.462546 7.169405 7.565942 7.628233 7.599669 8.256174 8.331033 8.517927 9.175178 9.569261 10.20272 11.80252 12.73271 13.38417 13.58226 
  5.887821 6.085378 6.324823 6.243152 5.303751 6.090887 6.767644 5.955893 6.813257 8.324034 8.062727 8.110809 8.212832 8.51008 8.794078 8.909308 10.03297 9.774315 10.62318 13.22702 13.96035 14.55312 14.7281 
  6.180406 6.242148 6.162993 6.165228 5.517094 6.430509 6.767644 6.619087 6.112815 6.839511 7.455546 6.575962 7.087587 7.94573 7.886325 8.738252 9.04651 8.842477 9.336723 9.801981 9.806608 10.46638 11.15463 
  5.489758 5.536681 6.405739 5.299481 6.180317 5.766362 6.287796 6.393817 6.137796 5.615447 7.124356 7.187756 6.643783 7.312502 7.75456 8.66817 9.00362 9.352865 9.609124 9.874847 10.07234 10.4926 10.78404 
  5.985349 6.869231 6.648484 5.249362 6.25723 5.826738 6.647682 6.562769 6.562749 6.839511 7.786736 7.358489 7.855376 7.696962 7.688678 8.994837 8.885342 9.705963 10.47478 10.13291 9.609206 10.46638 10.93228 
  5.936585 5.693452 5.272925 6.399 6.487969 6.498433 6.827624 5.33919 6.91346 7.059441 6.625766 6.476367 7.855376 8.713205 8.610241 8.994837 9.04651 9.466734 9.553433 9.531334 9.958456 10.53193 10.83345 
  4.757103 4.943846 4.965902 5.525015 5.949578 6.430509 6.587701 6.844356 6.813257 7.389335 7.234753 7.447267 6.98517 7.617808 8.564281 9.336951 9.175178 9.569261 9.980119 9.6042 9.74587 10.3637 10.66975 
  5.887821 5.615067 6.243908 6.476924 5.754142 6.634281 6.407758 5.977158 7.26417 7.609264 6.712477 7.628233 7.667947 8.306955 8.794078 8.354026 8.979964 8.899186 9.321244 10.14477 10.59823 10.57127 10.93228 
  5.528318 5.458296 4.991025 5.499956 5.280046 5.766362 6.407758 6.168549 5.937949 5.801257 7.102678 7.507589 7.633808 7.685654 8.518322 8.463293 9.089399 9.228104 9.104534 9.966839 10.31742 10.20296 10.6438 
  6.034113 5.693452 6.7294 6.710696 6.180317 6.498433 6.287796 5.998424 6.237719 7.059441 7.289951 7.628233 7.104656 7.99096 8.26515 8.258416 9.04651 9.398383 9.506995 9.541743 10.28232 10.53193 10.79639 
  5.258393 4.478255 6.567569 5.775609 5.754142 5.253166 5.183863 7.125942 7.013663 7.224388 7.565942 8.110809 7.914952 7.855268 8.149856 8.681828 8.991793 9.398383 9.352202 9.458467 10.41103 10.54504 10.57891 
  5.258393 5.06637 6.001163 4.547701 5.39857 5.64561 5.987892 5.466784 5.563237 6.358687 6.322276 7.28735 7.531391 7.877884 8.314562 8.613536 8.873514 9.603436 9.782255 9.8228 10.28232 10.59749 10.94463 
  4.60286 3.890141 4.764916 5.374659 5.777846 4.709782 5.867929 5.828299 4.963698 7.224388 6.864222 7.358489 7.548461 7.696962 8.518322 8.599877 8.802547 9.194077 9.383162 9.919391 10.15362 10.58438 10.33236 
  4.757103 4.747808 3.584129 5.324541 4.85336 4.28715 5.183863 5.105269 4.863775 6.154296 6.820867 7.330034 6.746199 7.504732 8.26515 8.952073 9.00362 9.273472 9.553433 9.801981 9.981234 10.42704 10.70868 
  3.870206 4.723303 4.890532 6.243152 5.872665 6.430509 6.467739 5.232862 5.788064 6.395849 6.192209 7.447267 7.104656 7.391656 8.472363 9.12313 9.04651 9.160051 9.881187 9.801981 10.55143 10.44015 10.41022 
  4.294374 5.144755 5.141764 5.324541 5.517094 4.468278 5.099247 5.232862 6.612851 6.949476 6.799189 7.628233 7.7958 7.810038 7.75456 8.681828 9.518293 9.671788 9.65859 10.38202 10.30572 10.3637 10.34534 
  4.525739 4.60078 5.016148 5.474896 5.540799 5.102226 5.212068 5.67944 6.212738 6.117134 6.820867 7.03125 7.275351 7.301195 7.326324 8.640853 9.218067 9.250788 9.683324 10.13291 9.65476 9.891523 10.56594 
  4.949907 4.355732 3.835361 5.550075 5.44598 6.090887 5.353094 6.675404 5.788064 6.839511 6.994289 7.507589 7.5826 7.583886 7.820443 8.909308 9.218067 9.182735 9.584392 10.37015 10.11852 10.45327 10.17665 
  4.834225 3.816627 4.362947 5.474896 5.351161 5.132414 5.212068 6.393817 6.562749 6.117134 6.604088 7.244667 8.034104 8.357737 8.518322 8.82378 8.849858 9.114684 9.522474 10.04987 9.836978 10.1025 9.904146 
  5.60544 5.536681 5.758417 5.931457 5.374866 4.800346 3.942832 5.828299 6.91346 5.48538 6.495699 7.929843 7.7958 7.527348 8.01809 8.435976 8.50685 9.092 9.212889 9.895666 9.973641 10.45327 10.91992 
  6.716811 6.163763 5.272925 6.087304 6.25723 6.498433 5.127452 5.998424 5.738103 6.079972 6.907578 6.746695 7.497252 7.640424 8.472363 8.244758 8.897169 9.352865 9.757523 10.13291 10.14192 10.3637 11.00639 
  6.326698 5.458296 4.79004 6.399 6.180317 6.634281 5.691557 6.731721 6.162777 6.395849 6.560732 6.803606 6.968101 7.640424 8.610241 8.476952 8.684268 9.911017 9.367682 9.593791 10.0116 10.37375 11.2411 
  6.521754 4.992855 4.337823 5.424778 5.777846 5.826738 5.353094 5.700706 5.838026 6.22862 7.102678 7.447267 7.241211 8.053049 8.182796 8.190124 8.767063 8.649663 8.593719 9.895666 10.53973 10.17282 10.72165 
  5.644001 5.301525 4.71467 5.675371 6.026491 4.709782 5.465915 5.381721 5.013659 6.154296 7.124356 7.201983 7.548461 7.335118 8.248679 8.49061 8.849858 9.182735 9.732789 10.04987 10.03438 9.770967 9.930099 
  5.566879 4.894836 5.19201 5.324541 5.39857 5.19279 5.381299 5.211597 5.713122 6.302944 5.736974 6.917428 7.00224 7.617808 8.380445 8.866544 8.897169 9.603436 9.65859 10.32271 10.79713 10.06231 10.4751 
  5.296954 4.208703 4.79004 4.898532 5.39857 4.860722 4.281295 4.80755 5.138564 5.894162 6.625766 6.590189 7.01931 7.414271 7.573383 7.95793 8.459538 9.637612 10.05432 9.760343 10.18872 10.18287 10.43617 
  6.521754 4.943846 5.066394 5.625253 6.487969 5.955039 6.407758 5.573112 6.437566 6.358687 7.289951 7.567911 7.514322 8.10383 8.166327 8.244758 8.826202 9.364207 9.757523 9.562563 10.16532 10.41393 10.59189 
  5.692765 4.796817 5.35384 5.650312 5.949578 5.253166 5.183863 5.615643 6.763155 6.525916 6.820867 7.628233 7.548461 8.002268 8.067502 8.162807 8.861686 9.114684 9.243848 9.718705 9.90531 10.16277 10.65677 
  4.911346 4.306722 5.19201 5.650312 5.327456 5.102226 5.606941 6.168549 6.162777 6.005648 7.015967 6.803606 6.865685 7.79873 8.166327 8.354026 8.495023 9.330181 9.65859 10.21595 9.882532 10.40389 10.63082 
  5.692765 5.536681 6.001163 5.853532 5.825256 5.955039 4.760784 6.062221 6.763155 6.544497 6.625766 6.760922 7.241211 8.459299 8.610241 8.422318 8.648785 8.831135 9.782255 10.39388 9.867348 10.47949 11.00639 ]
