 [
  4.045671 4.116751 5.081166 5.707378 5.208418 5.543136 5.444402 5.586822 5.568673 6.478644 7.276932 7.377836 7.646328 7.984503 8.098413 8.411386 9.165363 9.544035 9.624293 9.65881 10.23345 10.31748 10.64263 
  4.282229 3.939388 5.02796 5.388592 5.131598 4.310986 4.828614 5.246185 5.188616 5.769062 6.361796 7.423742 7.688097 7.937848 8.379883 8.761983 9.019095 9.152956 9.468289 9.512835 9.849705 9.877663 10.57832 
  5.886762 4.987144 5.415077 5.768694 5.734562 4.971737 5.509559 6.463359 6.395293 6.3212 6.576274 6.978494 7.604559 7.673273 8.464298 8.451752 8.649008 9.161929 9.624293 10.13862 10.27456 10.45133 10.47113 
  5.919808 4.382795 5.605815 5.799353 5.902215 5.265404 5.595889 6.463359 6.32245 6.635159 7.132144 7.222674 7.203832 6.941801 8.187971 8.196099 8.786721 8.991436 9.459251 9.781735 10.15125 10.30791 10.65692 
  5.44064 3.791585 4.620046 5.594785 5.45168 5.720512 5.422409 5.842299 6.395293 6.752544 7.566507 6.856403 7.231468 7.253066 8.162383 8.384475 9.067851 9.593493 9.73511 10.03071 9.912528 10.26011 10.94119 
  4.696204 4.294114 4.7974 5.891326 6.136929 5.50766 4.058879 5.586822 6.024742 5.788781 6.433289 7.065701 7.480196 7.828906 8.422091 9.150862 9.311632 8.946569 9.08871 9.82015 10.15125 10.23143 10.53544 
  5.49021 4.901541 5.251587 6.136591 6.472234 6.359068 5.725385 6.049319 7.050877 6.08457 6.629894 6.786637 7.162377 7.673273 8.548714 9.021235 9.311632 9.296741 9.31465 10.03071 9.962786 9.839418 10.81142 
  4.13438 4.530598 4.549105 5.450449 5.935745 5.387765 5.466394 6.132127 5.625682 6.222604 5.843475 6.385483 6.720196 7.393135 8.506506 8.276832 8.817324 9.395658 9.679702 9.922815 10.35676 10.26011 10.81142 
  3.21772 3.49598 4.7974 5.223637 5.633971 5.167515 5.334439 6.007915 6.062747 5.414115 6.504782 7.030818 6.899832 8.124469 8.239148 8.384475 8.802023 9.108089 9.73511 10.13862 9.987914 10.19318 10.49257 
  4.725774 4.412355 5.081166 5.553546 5.734562 5.265404 5.595889 6.380551 5.54967 5.177485 6.558401 7.331929 7.896943 7.688836 8.379883 8.465207 8.5725 8.776076 9.624293 9.922815 9.793165 10.30791 10.71408 
  4.370938 3.880267 4.779665 5.594785 5.969276 5.472185 5.509559 6.628975 6.32245 6.674287 6.915864 7.607369 8.064018 7.642147 7.919295 8.805192 8.495994 8.740184 9.332726 9.612712 9.962786 10.65638 10.90875 
  4.696204 3.348178 5.152107 4.976205 4.990763 4.873847 5.202485 5.925107 6.358871 6.556901 6.272431 6.123861 7.079469 8.31109 8.328707 7.684795 8.633707 8.928623 9.414063 9.459054 10.35676 10.3366 10.29964 
  4.607495 3.850706 4.921547 5.182398 5.667501 5.069626 4.564704 5.650691 6.08175 7.143829 7.132144 6.908728 7.093287 7.891159 8.328707 8.22301 8.878531 9.346199 9.368876 9.774053 10.23345 10.53335 10.64977 
  5.539778 3.732464 4.868341 5.099921 6.103398 5.543136 5.092523 6.007915 6.431714 6.360639 6.897991 7.331929 8.189326 7.937848 8.759751 8.632357 9.067851 8.955544 9.377913 9.886848 10.19235 10.45133 11.03853 
  5.589347 4.205432 4.531369 4.893727 5.701032 4.922792 5.202485 5.437793 6.395293 6.400078 6.862245 7.423742 7.938712 8.357745 8.717544 8.848401 9.409145 9.494576 9.624293 10.06668 10.27456 10.65638 10.81142 
  4.903192 3.673343 4.779665 5.058682 5.438877 5.045154 5.94121 5.522953 4.960582 6.163446 7.083882 7.118025 7.980481 7.517641 8.422091 8.718775 9.116608 9.197823 9.513477 9.720272 10.15125 10.57436 10.81142 
  6.184176 4.294114 5.06343 5.574165 5.157205 3.870485 4.806621 5.883703 6.249607 5.729623 7.132144 6.769196 7.397286 7.502078 8.303118 8.761983 8.77142 9.445117 9.341763 9.850882 9.855988 10.61537 10.77897 
  5.771101 4.05763 4.495898 4.728773 5.387664 5.314348 4.300796 4.948128 5.68269 6.380358 7.132144 7.013376 7.535468 7.844469 8.200766 8.492118 9.409145 9.179876 9.624293 9.994748 10.35676 10.57436 10.29249 
  6.878143 5.10128 5.224339 5.574165 5.221221 6.252643 5.466394 5.842299 6.32245 5.709904 6.915864 7.561462 7.36965 8.217779 8.506506 8.718775 8.955037 8.991436 9.450214 9.922815 9.994197 10.53335 11.00608 
  5.258887 4.146311 5.251587 5.553546 4.837123 5.020681 4.608689 4.607491 6.249607 6.242324 6.987357 7.790996 7.272923 7.502078 8.422091 8.632357 8.970339 9.179876 9.513477 9.958782 9.937656 10.10713 10.47113 
  6.068515 5.158349 5.251587 5.799353 5.285238 6.465495 5.76855 4.650071 6.795928 7.026443 7.228669 7.974623 7.604559 8.077814 8.844167 9.410114 9.701682 9.692411 10.17838 10.03071 10.27456 11.18949 11.94697 
  4.075241 3.170815 4.265338 5.553546 5.131598 5.094098 5.092523 5.842299 6.905192 7.026443 7.325194 7.88281 8.565248 9.850714 11.08117 12.21868 12.72457 12.46211 12.67174 12.22469 12.61731 14.01912 14.60742 
  5.506732 4.146311 4.33628 5.860669 6.23752 5.436709 5.509559 5.77843 5.15061 6.674287 6.987357 7.469649 7.563105 8.31109 8.928582 9.323697 9.847951 9.989164 9.790518 9.712589 10.35676 11.18949 11.62253 
  4.16395 3.702904 4.903812 5.038063 5.464484 5.50766 5.400417 5.75714 6.176764 6.752544 7.132144 8.02053 7.507832 8.684332 9.477282 9.23728 9.652925 9.247281 10.28919 10.42635 10.76777 11.18949 11.13586 
  4.844053 3.584662 4.939283 5.512307 5.387664 5.143043 5.048538 5.565532 6.062747 5.769062 6.451162 7.423742 7.438741 8.124469 8.759751 8.478662 9.019095 9.197823 9.323688 10.13862 10.11356 10.45133 10.74653 
  5.853716 4.412355 4.744194 5.615404 5.969276 5.412237 5.356432 5.224895 6.395293 6.262043 7.083882 7.205233 7.590741 7.751089 8.422091 8.545939 8.756119 9.188849 9.624293 9.628078 10.56226 10.45133 10.61404 
  6.432021 4.234993 5.52407 6.381855 5.935745 5.216459 5.68222 6.256339 6.32245 7.417729 7.035619 7.790996 7.855174 7.268629 8.290324 8.303742 8.863229 9.197823 9.679702 9.643443 10.93217 10.39396 11.13586 
  5.870239 3.614222 4.726459 5.450449 5.734562 5.649561 5.1585 5.79972 5.41665 6.183166 6.862245 7.222674 7.438741 8.077814 8.422091 8.115368 8.14406 8.794024 8.93507 9.922815 10.15125 10.3366 10.59975 
  5.655439 4.587666 5.224339 5.799353 6.069868 5.387765 6.113871 6.670379 7.160141 7.300344 7.228669 7.240116 7.855174 8.217779 8.548714 9.107654 8.740817 9.045277 9.323688 9.651127 9.97535 10.23143 10.97364 
  5.11018 5.10128 5.469574 7.148307 6.438704 6.146216 7.063503 8.781982 8.799103 8.865484 9.931372 8.70913 9.567705 8.264435 8.506506 8.805192 9.701682 9.346199 9.956742 10.24652 10.27456 10.49234 10.84386 
  4.962332 4.787405 5.306084 6.013959 5.801623 5.472185 4.938576 5.522953 5.625682 6.301481 7.711295 7.100584 7.107105 8.124469 7.701796 8.411386 8.511295 8.91965 9.790518 9.958782 10.43896 10.53335 10.39253 
  4.075241 2.638726 4.761929 5.450449 5.195615 5.265404 5.552724 5.139736 6.100753 7.104701 6.862245 6.57734 7.314377 8.31109 8.200766 8.632357 9.360389 9.13501 9.459251 9.704906 10.13241 10.57436 10.97364 
  4.607495 3.821146 5.306084 5.326734 5.105992 4.89832 4.894591 5.352634 5.986736 6.163446 6.66564 7.240116 7.938712 7.502078 7.906501 8.505573 8.924435 8.856836 9.287537 9.674175 10.01933 10.53335 10.81142 
  4.282229 5.186882 5.333333 5.594785 4.90114 5.543136 5.68222 5.693271 5.68269 5.867658 6.540528 6.873845 7.980481 7.828906 8.464298 8.632357 9.409145 9.642952 9.901335 9.781735 10.31566 10.69739 11.52519 
  4.489217 4.987144 5.169843 4.83187 5.5285 4.800431 5.07053 5.501663 5.54967 7.026443 7.663033 7.699183 8.189326 7.984503 8.844167 8.632357 9.067851 9.296741 10.40001 10.42635 10.64446 11.14849 12.43364 
  4.400507 4.815939 5.045695 5.921985 5.969276 6.217167 4.806621 4.479752 5.587676 7.3786 7.373457 6.559898 7.604559 7.346445 8.354295 8.317198 9.116608 9.045277 9.624293 10.13862 9.994197 10.30791 10.81142 
  4.607495 4.730337 6.069036 5.615404 5.400467 5.216459 5.76855 6.380551 5.720696 6.400078 7.518245 8.938663 10.31955 11.57696 12.47402 12.52114 12.23701 11.47293 11.06491 10.60618 11.67199 11.84564 12.27142 
  6.630298 6.556521 5.278836 6.259223 5.835154 5.720512 5.811715 6.504763 6.395293 6.674287 7.228669 8.984571 10.15247 11.48365 12.3474 12.39152 12.13949 11.42347 11.12031 10.75005 11.67199 11.59958 12.33631 
  9.820595 10.6358 12.04628 12.46097 12.11871 11.38464 11.54305 11.14201 9.600372 8.395942 11.08967 11.83079 12.03208 12.55672 12.26299 10.92242 12.18825 11.91806 12.67174 13.44755 13.43933 13.69105 13.47186 
  10.44351 11.24901 12.6624 12.78557 12.11871 11.03287 11.26729 11.0592 9.709637 10.07847 12.77886 13.2556 12.65862 13.53648 13.31818 13.25569 15.5809 15.18234 16.55031 16.65248 16.88091 17.17834 17.08162 
  6.630298 9.102779 10.19792 9.44766 9.288797 8.913294 9.696575 10.76937 10.54733 10.50888 11.37925 12.65711 11.94854 13.02327 12.55844 14.16973 16.22798 15.82961 16.84546 17.60488 18.13984 18.30433 18.83489 
  7.432764 8.489571 9.889863 9.864228 10.03265 8.345688 10.30089 11.0178 10.8387 10.6654 12.3445 13.02436 11.48908 12.88331 12.68506 13.86062 15.01611 15.82961 17.30097 18.19098 19.119 19.07845 19.29627 
  9.612957 9.715988 10.81404 11.0003 10.03265 9.303522 10.73254 10.64516 10.25596 10.62627 11.37925 12.19804 11.57262 12.69668 12.47402 13.08286 15.21114 16.0554 17.4688 18.63055 19.4687 19.35994 19.38855 
  7.328945 7.954693 8.412389 8.221338 8.618187 9.161621 9.869236 10.43814 10.36522 10.1176 10.99315 12.15213 11.78147 12.97662 13.14935 13.60136 14.96735 15.82961 17.1811 18.9236 19.8184 19.07845 20.21904 
  7.74422 8.182966 8.439637 8.558577 9.557041 9.126146 11.12941 12.38071 11.3455 11.21319 12.63408 13.11617 13.37932 13.3032 13.4448 14.16973 14.77233 16.6575 17.80444 18.55729 19.18894 19.57107 20.49587 
  8.367132 9.256082 9.427773 9.864228 9.724694 9.906604 10.34405 11.26588 10.21954 10.00021 11.62056 12.47348 12.32446 13.76976 13.57142 13.47174 13.94347 15.38018 16.96533 17.67814 18.97912 19.71181 20.68043 
  9.301501 10.17589 10.50598 9.701931 9.657633 10.6811 11.68093 11.63749 10.80228 11.21319 12.10319 12.84073 13.27224 13.53648 13.31818 13.90383 14.23601 15.4791 17.87636 18.63055 18.62942 19.64144 20.21904 
  9.820595 9.562686 10.19792 9.864228 11.24952 11.38464 12.09456 12.38071 12.25774 12.05962 13.43957 13.53444 13.80764 13.48982 14.26488 13.86062 15.67334 16.20592 17.90033 18.3375 18.55948 19.35994 19.66538 
  9.40532 9.409384 9.735833 10.51341 11.24952 11.20876 12.23244 12.75231 12.8659 12.67127 13.30227 14.23156 14.5572 14.37124 14.26488 14.44892 16.0431 16.35645 17.03726 18.19098 19.32882 19.92294 20.03449 
  8.782408 8.796175 8.811653 9.701931 10.03265 10.15344 10.99153 12.25684 12.05502 13.16059 13.9888 14.23156 14.12888 14.14048 14.45786 14.54199 15.85822 15.67908 17.85238 18.85033 19.60858 19.85256 20.31132 
  6.415498 7.754954 8.811653 10.35112 11.42336 11.9123 12.5082 12.25684 12.8659 12.54894 14.1261 14.37099 13.91472 14.0251 14.36137 14.91425 16.41286 16.88329 17.32495 19.07012 19.67852 20.13406 20.49587 
  6.118084 7.441079 8.167154 10.35112 12.11871 12.61585 13.33547 13.12392 13.3727 12.54894 13.43957 13.95271 13.80764 14.37124 14.45786 14.82118 15.67334 16.58224 17.56469 18.41076 19.53864 19.43032 19.48083 
  6.960758 8.336268 8.412389 9.539635 9.221736 10.50521 11.12941 10.18972 10.3288 10.27411 13.16496 13.39502 12.74216 14.37124 14.36137 13.94703 15.21114 15.75434 17.10918 17.97119 18.55948 18.58583 18.65033 
  10.75496 14.62166 15.28091 13.75935 13.16174 11.9123 11.68093 11.76136 11.54822 12.05962 13.43957 13.95271 13.37932 14.71737 14.1684 13.25569 14.82109 15.08343 16.10704 16.50595 16.81097 16.4746 16.3434 
  11.58551 17.3811 18.05345 16.84299 17.85538 15.07826 14.85215 14.73423 14.38631 16.21884 18.38257 17.99599 16.59171 18.4095 17.64186 16.21717 18.26167 17.18435 13.94613 13.33965 14.13804 14.47022 13.24475 
  9.093863 17.84101 18.36151 18.14136 19.59376 16.30946 15.8173 16.0968 15.50127 17.31981 20.44215 19.80849 17.87667 19.21716 18.7032 17.42702 19.74072 18.46382 14.66643 13.69932 14.87786 15.45444 13.08253 
  9.820595 17.84101 18.20748 19.27744 20.63679 17.54067 17.05821 17.33549 16.61623 17.44214 20.71676 19.94792 18.94746 20.48633 19.66805 18.45074 20.57268 18.84014 15.44215 14.05899 15.41217 15.98199 14.15319 
  10.9626 17.6877 17.74539 19.76432 20.81063 18.59598 18.29913 18.32645 16.71759 17.80913 20.44215 19.94792 19.05454 21.1786 19.86102 19.19526 20.85 19.21645 16.55031 13.95109 15.41217 15.70049 14.86697 
  11.17024 17.5344 17.59136 19.43973 20.11528 19.12364 18.85064 18.57419 16.31215 17.93146 20.44215 20.08734 19.05454 21.1786 19.57157 19.47446 20.85 19.14119 16.60572 13.87915 15.12446 15.20838 14.54253 
  11.06642 17.5344 17.59136 19.11514 19.7676 19.47541 19.1264 18.82193 15.80535 18.42078 20.57945 20.36619 19.16162 20.94784 19.3786 19.56752 21.03488 19.51751 16.82149 13.62739 14.75455 14.67526 14.63986 
  11.17024 17.5344 17.59136 18.95284 19.59376 19.82719 19.40216 18.9458 15.39991 18.54311 20.57945 20.64503 19.2687 20.94784 19.57157 19.66059 21.03488 19.66803 16.89341 13.37562 14.59015 15.08535 14.86697 
  11.4817 17.3811 17.43733 18.95284 19.41992 20.17896 19.54004 18.9458 15.19719 18.54311 20.57945 21.0633 19.2687 20.71708 19.66805 19.84672 21.03488 19.81856 16.89341 13.55545 14.59015 15.16737 14.80208 
  11.68933 17.3811 17.2833 18.79054 19.07225 20.53073 19.67792 18.82193 15.70399 18.66544 20.71676 21.34215 19.16162 20.48633 19.76454 19.93979 20.85 19.81856 16.86944 13.62739 14.96006 15.45444 14.80208 
  12.10461 17.3811 17.12927 18.79054 18.89841 20.70662 19.67792 18.57419 16.41351 18.78777 21.12867 21.621 19.37578 20.48633 19.86102 19.84672 20.75756 20.19487 16.94136 13.77125 15.12446 15.53645 14.80208 
  12.20843 17.2278 16.97524 18.79054 18.89841 20.88251 19.54004 17.95484 16.81895 19.03243 21.54059 21.76042 19.48286 20.48633 19.86102 19.75366 20.85 20.27014 16.70162 13.12385 15.16556 15.77086 14.47764 
  12.41606 17.07449 16.66718 18.79054 18.89841 21.05839 19.26428 17.33549 17.02167 19.15476 21.8152 21.89985 19.48286 20.37095 19.66805 19.66059 20.94244 19.96909 16.60572 13.05192 14.75455 15.24939 13.89364 
  12.51988 16.92119 16.20509 18.62825 18.89841 21.05839 18.57488 16.71614 17.12303 18.9101 21.8152 21.621 19.58994 20.48633 19.47508 19.66059 20.66512 19.36698 16.27327 12.22469 13.89144 14.3882 13.60164 
  12.72752 16.61459 15.743 18.30365 19.41992 20.88251 17.60973 17.08775 17.22439 18.05379 20.99137 20.92388 19.69702 20.83246 18.79968 19.1022 20.01804 18.99066 16.05164 11.32552 13.60373 14.34719 13.21231 
  13.14279 16.15468 15.43494 17.49217 19.7676 20.17896 18.16125 17.58323 17.02167 17.93146 20.44215 20.78446 19.48286 20.48633 18.41374 18.63687 19.83315 18.23803 15.05429 11.43342 13.19272 13.9371 12.82297 
  13.76571 15.23487 15.43494 16.68069 19.07225 19.12364 18.02337 16.84001 16.31215 17.31981 19.89293 20.08734 19.48286 19.90943 18.0278 18.07848 19.27851 18.31329 14.99888 11.61325 13.80923 14.59324 12.75808 
  13.03898 15.08157 14.97285 17.00528 18.02922 18.24421 16.5067 15.47745 15.09583 15.85185 18.65718 19.2508 18.7333 18.87102 16.00162 16.68249 17.70703 16.80803 14.27858 10.71408 12.82281 13.56802 11.81719 
  12.00079 13.54854 14.66479 15.8692 17.5077 16.83712 15.26578 14.11488 14.58903 15.11787 18.38257 18.97195 19.05454 18.06337 15.90513 16.31023 16.87506 15.90487 13.72449 10.21055 12.2885 13.28096 11.46031 
  11.17024 12.93533 13.43255 15.70691 16.63851 15.25414 14.16275 13.37166 13.77814 14.26156 17.83335 18.69311 18.7333 17.37109 15.03677 16.03104 16.59774 15.28126 13.33664 10.71408 12.1241 12.74784 11.55764 
  6.398975 7.697886 8.811653 11.64949 12.11871 8.700441 6.372861 6.421955 7.779305 7.495986 11.47577 12.56529 12.78392 11.20372 8.759751 9.755785 10.238 9.890246 9.845926 10.71408 11.30208 10.69739 11.36297 
  5.655439 5.985838 6.559505 7.73081 7.310497 5.472185 4.872599 5.629401 6.431714 7.065572 8.242183 8.663223 8.022249 7.642147 7.906501 8.39793 8.480692 8.937596 9.38695 9.843199 10.48006 10.29835 10.81142 
  5.969377 5.186882 6.041788 6.903042 5.554107 5.216459 5.07053 5.203605 5.644685 6.281762 7.083882 7.240116 8.231095 8.171124 8.124001 8.438296 8.832625 9.346199 9.956742 9.804784 10.11356 10.49234 11.00608 
  4.932762 3.643783 5.224339 6.535146 5.835154 4.751486 6.200201 6.504763 6.32245 6.713416 7.035619 6.82152 7.604559 8.217779 8.633128 8.519029 8.955037 8.901703 9.568886 9.994748 9.874834 10.07845 10.54259 
  5.936331 4.673268 4.886077 5.983301 5.285238 4.971737 4.454742 5.501663 6.08175 6.281762 6.933737 6.664547 7.203832 7.797779 7.906501 8.545939 9.262877 8.97349 9.332726 9.674175 10.00676 10.04976 10.81142 
  6.448545 7.669352 7.976416 7.608177 7.008722 5.685037 5.68222 5.416503 5.644685 6.202885 6.987357 7.423742 7.771635 7.688836 7.93209 8.718775 9.116608 9.494576 9.568886 10.21055 10.27456 10.39396 10.8763 
  8.678589 10.17589 10.04389 9.202396 8.282882 6.713822 6.847678 7.125823 6.723085 6.909058 6.951611 7.286022 8.105788 7.766653 8.633128 8.805192 9.360389 9.247281 9.432138 9.612712 10.19235 10.40353 10.52115 
  5.870239 7.869091 8.657623 6.381855 6.438704 5.578611 5.68222 5.925107 6.157762 6.830801 7.228669 7.423742 7.563105 7.937848 8.187971 8.505573 9.019095 9.009383 9.395988 9.405274 9.799447 10.86142 10.69979 
  5.051041 4.205432 5.551319 5.079301 5.56691 4.89832 5.114515 6.049319 5.435653 6.183166 7.083882 6.891286 7.980481 7.828906 7.919295 8.236465 8.970339 9.346199 9.224274 9.922815 10.15125 10.57436 10.69979 
  8.886226 8.949477 7.622189 10.02652 11.42336 11.73642 11.8188 11.0592 12.46046 13.89457 13.43957 12.24395 12.07385 11.57696 11.50325 11.13846 10.96934 11.47293 12.78256 12.90805 12.94611 12.29674 12.75808 
  10.9626 10.7891 9.735833 11.97408 13.16174 13.31939 13.1976 12.25684 14.08223 15.85185 15.63646 14.37099 14.12888 13.67645 13.48701 13.03965 13.3584 13.79749 15.05429 15.40703 15.48211 14.8393 15.32836 
  7.225126 6.499453 8.003664 8.282655 9.221736 8.452114 9.30809 10.35533 12.05502 14.38389 15.91107 15.0681 14.87844 14.48662 14.74731 14.82118 14.52855 14.98451 17.56469 17.53162 17.51038 17.17834 16.71251 
  5.457163 6.727726 6.722995 7.516203 8.484065 9.4809 10.38722 11.26588 11.44686 13.52758 15.63646 14.92868 14.34304 13.90972 14.65083 14.72812 15.11362 15.60382 18.1161 18.04445 18.20978 18.09321 17.1739 
  5.969377 6.841862 6.886485 8.006732 8.517595 10.15344 10.99153 11.51362 10.58375 11.81496 15.22454 14.23156 13.70056 13.7231 13.97543 14.35586 14.5773 15.38018 17.01328 17.53162 18.0699 17.88209 17.91212 
  5.705009 5.500758 6.178029 7.853442 8.785839 10.50521 10.68937 10.81078 10.00101 10.78278 13.9888 13.39502 13.16516 13.7231 13.36038 13.94703 14.52855 15.38018 17.08521 17.3851 17.93002 18.09321 18.09667 
  5.655439 4.95861 6.287023 7.792126 8.852901 9.587326 10.21456 11.14201 10.8387 10.86104 12.63408 12.70301 12.78392 13.48982 13.31818 14.03345 14.86984 15.03397 17.58867 17.60488 17.99996 17.88209 18.28123 
  6.068515 5.10128 6.722995 8.006732 9.624103 9.126146 9.955566 11.0592 10.8387 10.62627 12.48929 12.93255 12.951 14.25586 13.74025 14.44892 15.30358 15.4791 16.89341 17.3851 17.93002 18.02283 18.3735 
  5.539778 5.10128 6.096284 8.03739 9.322328 9.622801 10.47355 10.81078 11.24414 11.69263 12.7306 12.93255 13.70056 14.0251 14.1684 13.86062 15.01611 15.67908 17.34892 17.45836 17.79014 18.58583 19.01944 
  6.101561 6.185577 7.077223 8.834499 9.355858 9.161621 10.51671 10.68657 10.65659 11.44797 12.53755 12.79483 12.90923 13.44317 13.65584 13.94703 15.21114 15.08343 17.10918 17.82467 18.13984 18.58583 19.48083 
  5.671963 5.329553 7.104471 8.711867 8.953492 9.338998 9.782906 10.39674 10.14669 11.25232 13.30227 13.2556 12.57508 14.0251 13.78246 14.07666 15.39602 15.4791 17.06123 17.75141 18.55948 18.72658 19.5731 
  5.391071 5.044212 5.496822 7.945416 8.316412 8.629491 9.696575 10.18972 9.928165 10.78278 13.16496 13.39502 12.951 14.25586 14.1684 14.44892 14.82109 15.38018 17.1811 18.04445 18.69936 18.6562 19.11172 
  4.991901 5.814633 7.43145 8.589235 9.691164 8.913294 10.7757 11.14201 9.418266 11.36971 12.48929 12.33576 12.82569 13.44317 13.78246 13.94703 15.30358 15.60382 17.70854 17.89793 18.48954 18.58583 19.48083 
  5.473686 5.614895 6.47776 8.374629 9.322328 9.977554 9.912401 9.69287 10.00101 11.09581 12.3445 12.79483 12.408 14.0251 13.78246 14.07666 15.11362 15.52855 16.60572 17.89793 18.34966 18.79695 19.204 
  5.473686 5.957304 6.396016 8.006732 8.852901 8.345688 9.39442 10.31393 10.36522 11.33058 12.48929 12.74892 11.94854 13.58313 13.69804 13.86062 14.28477 15.60382 16.91739 18.04445 18.90918 19.07845 19.38855 
  4.16395 5.700497 5.878298 7.976074 9.858816 9.516375 9.912401 9.858486 10.58375 10.62627 12.87539 12.38167 12.19916 13.39651 13.27597 14.44892 15.39602 15.67908 17.49277 17.31183 17.99996 19.35994 18.65033 
  5.688486 6.585055 6.777492 8.160023 10.20649 9.268047 11.12941 10.52095 10.14669 11.05668 11.76535 11.37172 11.99031 13.90972 13.65584 14.16973 15.30358 15.28126 17.44482 17.31183 18.4196 18.72658 17.54301 
  5.886762 7.184272 7.622189 8.190681 9.590572 9.977554 11.12941 10.89359 9.928165 10.1176 12.63408 12.10623 11.90677 14.0251 13.69804 14.26279 15.06487 14.93505 16.67764 17.3851 18.34966 17.10797 16.62024 
  5.539778 5.985838 6.01454 8.957131 9.825285 9.977554 10.21456 10.68657 10.94006 11.44797 13.16496 12.42757 12.86746 13.62979 13.87894 13.73099 15.48846 14.53938 16.38409 16.35943 16.39133 16.26348 15.9743 
  4.932762 5.158349 6.123533 8.129364 9.825285 8.984244 10.51671 10.89359 10.47449 11.5703 13.16496 13.07027 12.61685 15.52503 14.65083 12.69398 13.60218 13.74804 15.49756 15.55355 15.48211 14.59324 14.15319 
  5.11018 5.158349 6.123533 8.957131 10.38033 8.984244 10.51671 11.14201 10.69301 11.44797 12.68234 12.42757 11.82323 14.48662 13.48701 11.65697 11.99323 12.95669 14.27858 14.45462 13.89144 13.486 12.69319 
  5.08061 4.559132 5.098901 8.435945 9.858816 9.01972 10.60304 10.64516 9.600372 11.25232 12.92365 11.83079 10.23601 12.13682 11.16559 11.3113 12.18825 11.91806 13.00419 12.58435 12.3296 11.27151 11.10342 
  4.548356 4.787405 5.769305 8.006732 9.322328 8.629491 9.30809 7.829691 8.362046 10.6654 11.42751 8.755037 8.314633 10.41058 9.730527 9.626159 9.896708 10.23646 10.95409 10.31845 10.15125 10.53335 10.66406 
  5.556302 5.529292 5.098901 7.301597 8.18229 6.252643 7.71098 6.711783 6.5774 9.76544 10.31747 7.515556 7.424923 8.917608 8.928582 8.451752 9.311632 9.494576 9.568886 9.922815 9.749189 10.29835 10.84386 
  5.671963 5.92877 6.123533 6.351197 6.136929 5.649561 6.718183 6.794591 6.157762 7.691628 8.145658 8.066437 7.896943 8.404401 8.290324 8.384475 8.970339 9.296741 9.901335 9.850882 9.786882 10.57436 11.20075 
  3.306429 3.200375 4.229868 5.532927 5.029172 4.310986 4.718652 5.267475 6.176764 6.104289 7.325194 7.17035 7.855174 7.984503 8.187971 8.848401 9.21412 9.197823 9.679702 9.922815 10.15125 10.30791 10.52115 
  5.126703 2.963891 4.034779 5.079301 5.477287 5.436709 4.586697 4.884258 6.176764 7.104701 6.880118 6.926169 7.729866 7.735526 8.379883 8.848401 8.909133 8.865809 9.624293 9.497469 9.881117 10.26011 10.56403 
  5.308456 3.49598 5.251587 5.12054 5.902215 5.649561 5.811715 6.007915 5.853716 5.926816 6.540528 7.469649 7.771635 8.357745 8.844167 9.064445 9.360389 9.346199 9.73511 10.03071 10.31566 10.86142 11.07097 
  5.903285 4.530598 4.744194 5.646062 5.336451 5.685037 5.466394 5.586822 5.872719 6.635159 6.236685 6.681989 7.424923 8.357745 8.3415 8.303742 8.450089 9.346199 9.251387 9.651127 9.893681 10.53335 10.59261 
  5.903285 4.644734 5.06343 5.83001 5.541303 5.96884 5.246469 5.395214 6.024742 7.026443 7.132144 6.734313 7.300559 7.486514 8.422091 8.978027 8.633707 9.045277 9.901335 10.35442 10.31566 10.57436 10.34966 
  6.382452 5.671963 5.387829 6.044617 5.41327 4.89832 5.639054 6.256339 6.213186 6.222604 6.844372 7.515556 7.52165 8.217779 9.012998 8.632357 7.991045 8.62353 9.513477 9.922815 10.11356 10.53335 10.59261 
  6.002423 4.530598 4.708723 6.013959 5.438877 5.578611 6.243366 5.544242 4.998588 6.86993 7.566507 6.926169 7.896943 8.217779 7.944884 8.632357 8.970339 9.090143 9.242349 9.735639 10.52116 10.57436 10.71408 
  5.60587 4.95861 5.85105 6.228565 6.472234 5.897889 5.092523 5.011997 6.358871 6.752544 6.915864 7.423742 7.411105 7.470951 7.561061 8.411386 9.506658 9.791328 9.296575 9.958782 10.00048 10.25055 11.00608 
  5.787623 4.730337 4.974753 5.646062 5.935745 5.240932 5.400417 5.842299 6.176764 6.06485 6.594148 6.961052 7.272923 7.579894 8.506506 8.236465 8.740817 9.74187 9.513477 10.13862 9.962786 10.26967 10.59261 
  5.457163 4.673268 5.224339 5.594785 5.969276 5.045154 5.725385 6.173532 5.720696 5.394396 6.469036 7.17035 7.507832 7.564331 7.880913 7.967358 8.970339 9.445117 9.956742 10.06668 10.35676 10.57436 10.97364 
  5.506732 5.700497 5.987291 6.044617 5.935745 5.791463 5.725385 5.883703 6.043745 6.439516 6.451162 7.515556 7.590741 8.497711 8.239148 8.632357 8.46539 9.197823 9.350801 9.359177 10.31566 10.65638 10.59975 
  4.814483 5.614895 6.259774 6.044617 5.969276 6.217167 5.356432 6.670379 6.468135 6.948187 6.933737 8.112343 7.896943 8.497711 8.506506 8.718775 9.409145 9.544035 9.12486 9.727955 9.962786 10.25055 10.25677 
  6.283314 6.556521 6.722995 6.289881 4.90114 5.363293 6.372861 6.421955 6.358871 6.281762 6.200938 6.926169 7.328196 7.097434 8.226354 8.632357 9.311632 9.346199 9.170048 9.958782 10.31566 10.42265 10.6069 
  5.721531 5.557826 6.287023 6.167249 5.400467 5.755988 5.356432 6.546167 6.686664 6.400078 5.932841 6.769196 8.147557 8.217779 8.886374 9.021235 8.924435 9.494576 9.624293 9.958782 9.969068 10.31748 11.00608 
  5.291933 6.071441 7.077223 5.450449 5.667501 6.03979 6.070705 6.504763 6.832349 6.830801 7.035619 7.331929 7.604559 8.124469 7.804149 8.142278 8.66431 9.090143 9.31465 9.628078 10.00676 10.3366 10.81142 
  3.335999 5.186882 5.905546 4.295767 5.182812 5.791463 5.94121 6.835995 6.431714 7.026443 7.325194 7.377836 7.771635 7.579894 8.008854 8.142278 8.541898 9.445117 9.679702 10.42635 10.48006 10.98445 10.59975 
  5.473686 5.44369 6.287023 5.264875 4.7475 6.713822 7.883641 7.539863 5.68269 6.909058 6.772879 7.74509 8.314633 8.264435 8.548714 8.532484 9.165363 8.865809 9.468289 10.03071 9.969068 10.45133 10.74653 
  5.655439 6.984533 6.586754 6.535146 5.969276 7.068575 7.71098 7.291439 6.468135 7.143829 7.180407 8.341877 8.231095 7.922285 8.111207 8.589149 9.262877 9.840788 9.73511 9.82015 10.15125 10.90243 10.97364 
  5.572824 7.212806 6.913733 6.320539 5.801623 6.607396 7.063503 6.670379 7.12372 7.456858 6.486908 7.653276 8.105788 8.637677 8.464298 8.978027 9.165363 9.296741 9.790518 10.21055 10.13241 10.53335 10.56403 
  5.473686 6.585055 6.368767 6.596462 5.349254 6.820248 7.969971 7.664075 6.941613 7.339472 7.325194 8.29597 8.690555 7.937848 8.548714 8.848401 9.019095 9.090143 9.956742 10.10265 10.35676 10.57436 10.59975 
  4.755343 6.984533 6.913733 5.707378 5.336451 5.33882 6.977173 7.539863 6.941613 7.3786 7.228669 7.74509 7.604559 7.875595 8.886374 8.589149 9.750439 9.494576 9.504439 9.843199 10.35676 10.61537 10.61404 
  5.572824 7.155738 7.267961 5.264875 5.701032 6.642871 7.020338 6.628975 7.160141 6.830801 7.228669 7.74509 7.938712 8.684332 8.590921 8.263376 8.863229 9.045277 9.568886 9.612712 9.849705 10.13581 10.30678 
  5.688486 7.127203 7.267961 6.259223 6.371642 6.784773 8.272127 8.078115 6.650242 6.86993 7.373457 7.607369 8.272864 8.031158 8.675336 8.761983 8.66431 9.346199 9.377913 9.789418 10.09471 10.32704 11.10342 
  3.749974 6.898931 7.186216 6.044617 6.807539 7.49428 8.876438 7.457055 6.868771 6.556901 7.759557 6.978494 7.563105 8.777643 8.548714 8.478662 8.450089 8.883757 9.568886 9.620395 10.27456 10.94344 10.8763 ]
