 [
  5.380173 5.770545 7.630513 7.199871 5.951811 4.179565 4.201314 5.160606 5.715667 6.780269 7.1997 7.6427 7.37441 7.271469 8.58366 9.16854 9.177757 9.730207 9.292672 10.09431 10.47564 11.00203 10.95618 
  5.315513 6.164462 7.108562 7.749498 7.358833 6.521741 5.929483 5.99846 6.311943 5.842818 6.787267 7.421136 6.774979 7.915482 7.978452 9.009968 8.99117 9.583649 9.756793 9.716338 9.977675 10.63897 11.08111 
  6.018289 6.051914 7.273389 6.543206 6.304568 5.082367 5.435721 6.855119 6.521883 6.411187 6.83386 6.904164 7.214561 7.652619 7.792547 8.291709 8.883967 9.437091 9.711217 9.716338 10.35983 10.75999 10.83125 
  5.444832 7.201992 8.289818 6.239426 6.108592 6.047432 5.823678 6.324292 5.980679 6.575715 6.430052 6.94978 7.875274 7.692049 8.446304 8.970325 9.226552 9.316433 9.603275 9.926031 9.964647 10.47083 10.6942 
  6.579916 7.179134 8.042579 7.309796 6.799079 5.487072 6.03529 5.975186 6.621403 6.930051 6.994003 7.487931 7.534258 7.928625 8.040421 8.518044 8.374757 9.018053 9.443776 9.876692 10.30193 10.8205 10.89372 
  5.380173 6.164462 7.905223 7.566289 6.461349 5.985169 6.105827 6.207923 6.969721 7.079833 7.611096 8.107008 8.393029 8.478524 8.446304 8.811753 8.857167 8.742626 9.309462 9.938366 10.04282 10.57846 11.01865 
  5.250854 6.670927 7.630513 7.96935 7.39615 5.891776 5.47099 5.905365 5.008969 6.321445 6.895985 7.79747 7.274504 8.157996 8.58366 8.434658 8.843767 9.681355 9.665641 9.926031 10.09493 10.5101 11.01865 
  5.832788 6.445831 6.971207 7.529647 7.172248 6.016301 5.541527 5.882092 5.848173 6.575715 7.353974 7.591111 7.274504 8.020627 8.257309 8.637169 9.177757 9.224624 9.393408 9.827352 9.730138 10.57846 11.14357 
  5.865118 7.476289 7.603042 7.712857 8.105171 7.133865 6.070559 5.626081 6.720922 6.515886 7.148276 7.6427 7.969411 7.981198 7.72025 8.589519 8.173752 8.983625 9.468961 9.790347 10.35983 10.35304 11.01865 
  5.541821 7.704871 8.207405 6.650243 6.226177 6.215679 5.929483 7.268301 6.571643 6.6505 6.994003 6.797729 6.455282 8.249576 8.67523 8.541869 9.031371 9.730207 9.939097 10.1463 10.30193 10.75999 10.83125 
  5.089205 6.670927 7.218447 6.943377 7.284199 5.673859 6.925661 7.268301 6.770682 7.229615 6.554301 6.843344 7.214561 8.066417 8.354734 8.184498 8.455158 8.93772 9.893521 10.09431 10.35983 10.51795 11.2685 
  4.60426 7.522006 7.575571 7.163229 7.433466 6.215679 5.788409 6.324292 6.046931 7.179688 6.994003 7.238676 7.734068 8.295365 8.019764 9.049611 9.226552 9.827912 9.569696 9.296952 10.06887 10.88101 11.20604 
  4.765908 5.883092 7.163505 6.723526 6.724445 4.335221 5.858946 6.463934 6.201521 6.730341 6.69408 7.223471 7.494296 7.876053 8.354734 8.518044 9.226552 9.388238 9.847945 10.25026 9.899506 10.63897 11.01865 
  5.574151 7.59058 8.234876 7.273154 6.422153 4.428614 6.03529 6.901028 6.422364 7.12976 7.1997 7.69429 7.394391 7.626333 8.721015 8.458483 8.843767 9.730207 9.620065 9.741008 10.13402 10.42372 11.20604 
  5.574151 7.704871 7.877752 6.543206 6.500544 6.215679 5.964752 5.416617 5.715667 6.515886 7.251125 7.0106 7.922342 7.954911 8.812586 9.16854 9.031371 9.681355 9.847945 9.679334 9.847393 10.12531 11.01865 
  6.196989 6.670927 7.081091 6.79681 6.761762 5.269154 6.03529 6.855119 6.422364 6.780269 6.678549 7.487931 7.674125 7.534331 8.09206 8.970325 9.275348 8.765578 9.477355 10.30224 10.53354 10.16457 10.66374 
  6.426745 6.558379 7.026149 6.306932 6.761762 5.736121 6.070559 6.717391 6.223606 6.067174 6.994003 7.591111 8.110617 7.639476 8.185013 7.970075 8.95097 9.259052 9.544513 9.990348 10.35983 10.47083 11.14357 
  4.895227 5.095258 5.600749 5.294334 5.677445 4.615401 4.166046 5.81227 6.378196 6.03726 7.1997 7.849059 7.875274 7.692049 8.446304 8.930682 9.421734 9.681355 9.665641 9.580654 9.730138 10.17243 10.43532 
  8.111628 7.476289 7.108562 7.566289 7.918587 7.964605 7.821799 7.589664 8.810831 10.02555 10.18232 9.70629 9.287333 10.21853 10.09457 10.95247 12.44704 11.83088 9.984674 10.30224 10.70724 11.30458 10.80841 
  8.0861 6.896022 6.727788 7.199871 7.433466 6.91525 6.925661 6.80921 7.865396 9.276636 9.668073 9.70629 9.099058 9.440107 9.407791 10.31818 12.00789 11.53776 9.893521 10.09431 10.70724 11.30458 10.5876 
  8.520084 6.277009 7.30086 8.042633 7.39615 8.226944 7.508151 7.406028 7.964916 7.579106 8.485311 8.674495 8.957852 8.570104 8.185013 8.811753 9.226552 9.167243 10.03025 10.1463 10.35983 10.51795 10.70181 
  10.50047 9.533519 9.443603 10.64421 11.27711 11.76852 11.18232 11.03285 11.14954 11.07402 11.72505 13.36916 13.42937 13.10328 12.33804 11.9039 12.49584 11.97743 11.71657 12.38154 13.02332 13.36193 13.70461 
  8.979597 10.1321 10.40509 11.41122 11.88422 12.73589 12.29274 11.07875 12.94348 13.13393 13.94272 14.40946 14.86245 14.13638 14.16944 13.80676 13.9597 13.58957 14.35998 14.72074 15.39729 15.78234 16.32811 
  7.55 9.076357 10.13038 10.49764 11.88422 12.13128 11.89923 12.3183 12.44329 12.17242 13.11351 14.13224 14.86245 14.73063 15.26127 15.56611 14.54524 14.56663 15.76186 16.3322 16.20792 16.81102 17.45247 
  8.877483 9.670668 9.773255 10.57092 11.58066 11.37501 11.18232 12.41012 12.59257 13.13393 12.59926 12.90485 14.3531 15.91912 15.88517 16.63239 16.32147 15.68975 15.83888 16.77282 16.78694 17.53714 18.45189 
  8.545612 9.487803 9.965552 11.26712 12.03599 12.49405 12.80117 12.56194 13.77877 13.07111 13.5249 14.50187 14.3531 14.73063 15.65121 16.3125 16.60628 16.75909 16.609 16.8451 17.07645 17.83969 18.82668 
  8.800898 10.98062 10.81093 11.84355 10.75467 11.88944 12.63169 13.01741 13.01941 12.57184 13.5249 14.40946 14.60778 14.39106 15.65121 16.04593 16.84362 17.24516 17.14809 17.56792 17.91938 18.83211 19.13603 
  9.474693 10.41494 10.67565 11.69944 10.86662 11.1564 12.208 13.09332 13.17128 12.97126 13.60847 14.03983 13.71179 14.30617 15.33926 15.67274 16.65375 17.24516 17.34063 17.92933 18.18756 19.50439 19.50725 
  8.954069 9.487803 9.498545 11.26712 11.88422 11.50618 12.208 12.13466 13.32315 13.07111 13.94272 13.93665 13.47644 15.15509 15.88517 16.25919 16.79616 17.29376 17.49465 18.18232 18.4021 19.5561 20.0022 
  8.92854 9.967823 10.40509 11.41122 10.56809 11.88944 12.12327 13.01741 13.55096 13.7621 14.69478 14.50187 14.43799 15.49466 15.80719 16.20588 16.89109 17.00212 17.37913 18.29074 18.72391 19.40096 19.94033 
  8.749841 10.1321 10.54037 11.69944 12.18777 12.73589 12.97065 13.92835 13.62689 13.63646 14.19341 14.96391 15.11713 15.15509 16.11914 16.25919 17.0335 17.39098 17.7642 18.6883 18.72391 19.34925 20.49716 
  9.005126 9.442086 10.67565 11.55533 12.18777 12.49405 12.71643 13.54879 13.62689 13.13393 13.94272 14.50187 14.43799 14.05149 14.4034 15.35286 16.51135 17.19655 17.57166 18.54373 18.45573 19.50439 20.74464 
  7.779757 8.916349 9.580957 11.26712 11.42889 12.49405 13.14013 13.47288 12.94348 13.88773 14.36053 14.68668 14.01353 13.88171 14.55938 15.24623 16.1316 17.19655 17.53316 18.32689 19.20663 19.71124 20.6209 
  8.800898 8.459188 10.18532 11.26712 11.27711 12.37313 13.3096 13.62471 13.09535 13.32238 14.61122 14.59428 14.01353 14.73063 14.79334 15.35286 15.9892 17.05073 17.64868 18.76058 19.20663 19.65953 20.6209 
  9.132769 10.27352 9.333718 11.55533 11.73244 12.73589 13.56382 12.78968 12.24425 13.02119 14.19341 14.96391 15.03224 14.56085 15.26127 15.88599 16.46388 17.5854 17.49465 18.869 19.68935 19.40096 20.6209 
  10.04457 10.8392 10.67565 10.461 10.82931 11.68107 12.54696 12.63785 13.17128 13.3852 14.36053 15.05631 14.43799 15.32488 16.50908 16.95227 16.74869 18.16868 17.41764 18.65216 19.26027 19.5561 20.6209 
  7.422358 9.830674 10.94621 11.84355 11.58066 12.73589 12.71643 13.70062 14.31031 14.20181 15.1126 14.31705 14.09842 15.49466 16.19712 17.00558 17.27084 18.65475 17.53316 18.21846 19.26027 19.96981 20.6209 
  8.545612 8.687769 10.15785 11.41122 12.6431 12.01036 12.80117 13.39697 13.62689 14.20181 14.94547 14.96391 15.62648 16.00401 16.977 17.11221 17.41324 18.07147 17.87971 18.72444 19.52844 20.17666 20.6209 
  8.009514 7.979168 8.839239 10.53428 12.49132 12.37313 11.85442 13.62471 13.93064 14.20181 15.53041 14.8715 15.37181 15.23998 16.74304 16.63239 17.36577 18.21729 17.61017 18.39917 19.153 19.71124 20.49716 
  9.107241 10.1321 10.81093 11.69944 12.79488 12.73589 13.3096 13.92835 14.76592 14.57871 14.94547 15.05631 15.11713 16.42847 17.05499 16.79233 16.98603 17.5368 17.37913 18.43531 19.3139 19.50439 20.12594 
  9.930593 10.55636 10.81093 11.26712 12.79488 12.37313 13.05539 13.92835 13.77877 13.69928 14.19341 15.61076 16.05095 16.42847 16.66505 16.73901 16.89109 16.46745 16.53199 17.92933 17.97301 18.88382 19.44538 
  9.474693 10.69778 11.08149 11.01062 12.33955 11.76852 12.88591 12.78968 12.79161 13.25956 14.69478 15.79558 15.79627 14.90041 15.88517 15.72605 15.51451 15.78696 15.45381 16.17625 16.61323 17.11357 17.82725 
  14.37562 17.34453 17.30441 17.17552 16.43753 13.70326 12.71643 12.78968 13.09535 13.13393 15.27972 15.42595 14.52288 13.74434 14.71536 13.0139 13.9597 13.63843 12.90155 13.05731 14.23926 14.99571 14.95389 
  16.08524 18.90016 18.65722 20.34588 18.5624 16.36353 15.17384 15.29477 15.29747 15.96068 17.70304 17.64374 15.96605 16.51337 17.36694 15.45948 16.03666 14.95745 12.26348 11.28991 14.70247 15.35877 14.0794 
  16.31319 18.61732 18.92778 20.34588 18.25885 17.45183 16.1907 16.05388 15.82901 16.27476 18.20442 18.29059 16.73008 17.36229 18.22481 16.3125 16.70122 15.73836 13.35731 10.66612 14.47087 15.29826 14.82897 
  16.31319 18.61732 18.65722 19.91356 18.71418 17.93551 16.36018 15.97797 16.05682 16.52603 18.37154 19.02985 17.06965 17.70186 18.38078 16.89895 17.1759 16.0786 13.58519 10.92603 14.76037 15.41928 14.95389 
  16.31319 18.47589 18.52194 19.76945 19.32129 18.4192 16.44492 15.5225 15.90495 16.77729 18.62223 19.30708 17.40922 18.46589 18.84871 17.16552 17.79299 16.27303 12.94712 11.54982 15.5131 15.29826 14.32925 
  16.31319 18.33447 18.52194 19.33713 20.08017 18.78197 16.6144 15.29477 15.67714 16.77729 18.78935 19.39948 17.74879 18.72057 19.08267 16.73901 17.93539 16.66188 12.62809 11.28991 14.93408 15.23775 14.32925 
  16.31319 18.19305 18.52194 19.19302 20.5355 19.14473 16.6144 15.75024 15.75308 16.58884 18.28798 19.30708 18.08836 18.55078 19.00468 16.73901 17.88792 16.41885 13.40289 11.54982 15.80261 15.41928 14.26679 
  16.19922 18.05163 18.38666 19.19302 20.83906 19.26565 16.69913 16.50935 16.13275 16.65166 17.87016 19.67671 18.51282 18.63567 18.61475 16.84564 17.93539 16.66188 14.26883 12.43352 15.39729 15.35877 14.01693 
  16.08524 18.05163 18.25138 19.04892 20.83906 19.26565 17.12283 16.58527 16.05682 16.71448 18.03729 19.86152 18.68261 18.89035 18.77072 16.57907 17.98286 16.37024 14.08653 12.27757 15.10779 15.11673 13.76707 
  15.85729 18.05163 17.98082 18.90481 20.5355 19.38657 17.46178 16.35753 15.90495 16.58884 18.20442 19.76912 19.02217 19.14503 18.45877 16.6857 18.26767 17.05073 14.81575 11.9137 14.47087 15.17724 14.01693 
  15.74332 18.05163 17.71026 18.7607 20.23195 19.26565 17.2923 15.97797 15.60121 16.08631 17.87016 19.39948 19.10707 19.22992 17.83487 16.25919 17.88792 16.37024 13.9498 11.96568 13.83394 15.17724 13.95447 
  15.51537 18.05163 17.30441 18.7607 19.47306 18.78197 16.78387 15.14294 14.84186 15.58378 17.20166 19.21467 19.02217 18.80546 16.66505 15.45948 17.36577 15.98139 14.08653 11.96568 13.60234 14.75367 14.39172 
  15.28742 18.05163 17.03385 18.61659 18.10707 17.81459 16.02123 13.62471 13.47503 14.64153 16.36604 19.02985 18.42793 18.21121 14.55938 14.3399 16.41641 15.05516 13.22058 10.77008 12.4443 14.26958 14.26679 
  14.37562 17.20311 16.08689 17.17552 15.52686 14.91248 13.64855 11.62966 11.59738 12.42206 14.52766 17.45892 16.39051 15.0702 12.33804 11.74533 13.86211 13.73613 12.58251 11.34189 11.45997 12.03071 12.58025 
  12.09612 14.37471 12.97543 13.57283 11.27711 8.57673 7.328923 7.406028 8.014675 8.82729 11.21081 12.64691 10.27577 9.623266 9.362006 9.287468 9.812097 10.70726 10.34928 10.66612 10.41774 10.45513 10.89372 
  7.830814 11.40488 11.48734 11.69944 8.142488 9.101408 10.86867 12.41012 13.17128 13.07111 13.31921 12.59532 8.769578 10.03537 11.8344 12.37962 12.10548 11.68432 12.76482 13.47317 12.15479 11.4256 12.64272 
  5.992761 8.687769 9.38866 10.31443 6.724445 6.652911 8.449097 10.02285 10.80122 10.37504 11.31365 11.04762 8.157685 8.753262 9.590932 10.15961 9.66571 9.876765 10.62274 11.18594 10.59144 10.63897 11.20604 
  4.992216 7.430573 7.987637 8.812113 6.108592 4.739925 5.788409 6.763301 6.870202 7.179688 8.896707 8.519726 8.251823 8.157996 8.298621 8.696731 9.226552 9.17872 9.893521 9.990348 10.35983 10.51795 11.14357 
  4.63659 5.26408 6.124018 7.053303 6.500544 5.767252 4.554002 5.044238 5.494824 6.291531 6.647487 6.782524 7.514277 7.744621 8.267637 8.649081 8.669563 9.144291 9.561302 10.1463 10.53354 10.63897 11.39343 
  4.57193 5.095258 4.996979 4.416748 5.991006 4.926712 4.130777 5.742449 6.024847 6.530844 6.631956 7.591111 7.781137 7.981198 7.947468 8.613344 9.080167 9.437091 9.544513 9.321622 9.873449 10.69948 10.95618 
  4.992216 4.194876 5.479995 5.395594 5.481469 5.891776 5.612065 6.370839 7.716117 6.830196 6.585363 7.16265 8.110617 7.508045 8.308949 8.541869 9.177757 10.02332 10.21255 10.40621 10.59144 10.48654 10.89372 
  7.601058 7.064844 7.108562 7.199871 7.545417 7.74599 7.95622 8.966937 8.96011 8.377944 8.022491 7.900649 8.251823 8.066417 8.537875 8.851397 8.97777 9.109862 10.03025 10.09431 10.24403 10.47083 10.6942 
  12.77997 14.51613 15.68104 15.30212 16.89286 16.36353 16.86861 17.19256 17.42365 16.90293 15.69753 14.31705 13.28817 13.4696 13.20795 12.41926 12.10548 12.12399 11.89887 13.47317 15.39729 16.26642 14.51664 
  13.46382 15.22323 16.08689 15.01391 16.74108 16.12169 16.1907 16.35753 17.57552 17.02856 15.7811 13.83347 13.38231 13.83592 13.57423 13.44997 14.20368 15.44598 16.95556 16.98966 18.13392 18.26326 19.32164 
  9.702643 11.82914 12.29902 11.26712 10.79199 10.45683 11.94404 11.95103 12.49305 13.57365 13.26778 13.05962 13.57058 13.88171 13.52845 14.07333 15.27717 15.78696 17.37913 18.57987 19.42117 19.65953 20.93025 
  8.009514 9.990681 9.993023 9.508307 10.08297 9.013962 10.86867 11.49194 12.09497 12.97126 13.5249 13.52393 13.33524 13.56118 13.29952 13.72748 15.32464 16.02999 17.22511 18.76058 20.33298 20.64208 21.67268 
  7.243658 8.893492 10.10291 9.801442 10.6054 9.40747 10.46541 10.94103 11.54762 12.52191 12.85639 12.49214 11.78197 12.92012 13.39109 13.64819 14.49645 14.81089 16.06991 17.56792 20.9766 21.52121 22.6626 
  6.630974 8.824918 8.811768 9.105247 9.784432 9.888425 9.748498 11.12466 11.54762 12.47198 13.11351 12.80167 13.05282 12.78275 13.0706 13.68783 14.20368 14.56663 15.9929 16.95352 19.47481 20.95236 22.72447 
  6.299103 8.093458 8.866711 8.482336 8.851509 8.314391 9.838112 10.75739 11.05002 11.72308 12.34214 13.1628 12.62921 12.46223 12.7501 13.37069 14.39886 15.54368 15.91589 16.59211 18.34846 20.07323 21.11586 
  6.911788 8.230607 7.630513 7.493006 8.776875 10.10704 10.77906 10.89512 10.90074 11.17387 12.29072 13.1628 13.05282 12.37065 12.84167 13.52926 14.35006 15.59254 16.49348 16.43616 17.91938 19.19411 20.31155 
  7.9074 8.710627 8.509586 9.141889 8.47834 9.2763 9.748498 9.976936 10.55242 11.32366 12.44499 12.95644 12.77041 12.18749 12.1549 13.48962 14.44765 15.73836 16.76303 16.73668 18.83118 20.07323 20.6209 
  7.601058 9.076357 9.471073 8.848754 9.112728 8.57673 9.434849 11.58375 11.09978 12.07257 12.29072 12.75008 11.97025 12.27907 13.11638 13.68783 14.10609 15.34827 15.87738 17.20651 18.67028 20.28009 20.68277 
  6.962844 8.43633 8.234876 7.419722 7.955904 7.920882 9.345236 10.8033 11.49786 10.77446 12.23929 12.23419 12.15852 12.69118 13.16217 13.17247 13.86211 15.49483 15.68485 17.09809 18.4021 20.28009 20.99212 
  7.422358 7.544864 8.207405 8.042633 7.769319 10.54427 9.793304 10.52785 10.40314 10.62467 12.0336 11.97624 12.58214 12.37065 12.65853 12.69676 14.05729 15.49483 15.64634 16.59211 17.75847 19.81467 20.37342 
  7.601058 7.453432 8.454644 9.288456 9.000777 10.01959 10.15176 11.49194 10.7017 11.07402 12.39357 12.07942 12.44093 12.50802 12.79589 12.77604 14.25247 15.54368 15.64634 17.0258 17.59756 19.81467 20.43529 
  6.707559 7.933452 7.82281 8.225842 9.971017 10.19449 10.06215 10.94103 10.7017 12.07257 11.87932 11.76988 12.58214 12.50802 13.52845 13.37069 14.39886 15.54368 15.18036 17.13423 18.02665 19.96981 20.80651 
  7.881871 8.893492 8.949123 8.592261 10.00833 10.01959 10.91348 10.43603 10.65194 11.82293 12.44499 12.85326 13.2411 12.87433 12.65853 13.37069 14.83802 15.29942 15.13478 17.67634 18.61664 19.81467 20.12594 
  6.937316 8.687769 9.443603 8.555619 9.187362 10.89406 11.18232 10.06876 11.14954 11.52337 12.13645 12.1826 12.34679 12.78275 12.61275 13.68783 15.0332 15.34827 15.31708 17.96547 18.77755 19.86638 20.74464 
  6.52886 8.870634 8.729355 8.445694 10.12029 10.4131 10.3758 11.17057 11.79641 12.17242 12.70211 13.05962 12.15852 12.46223 12.93324 12.81569 15.65692 15.59254 16.37797 17.35107 18.29483 19.45267 20.37342 
  7.524472 9.099215 8.482115 9.508307 9.709799 9.757256 10.59983 11.17057 11.34858 11.67315 12.08502 12.95644 12.58214 12.18749 12.61275 13.05354 15.22838 15.93278 15.80037 16.70053 18.29483 18.98725 20.0022 
  9.930593 12.53625 11.89318 9.288456 10.26955 11.11267 11.85442 12.18057 12.14473 11.773 11.93075 12.69849 13.71179 13.24065 13.52845 13.64819 14.88681 15.05516 15.22593 16.88124 18.08028 18.62526 18.82668 
  9.588669 12.39482 12.16374 10.24114 10.79199 11.50618 11.89923 11.44603 11.24906 11.37358 11.57078 12.07942 13.75885 13.33223 12.61275 12.65712 14.30127 13.9804 13.9498 15.29255 16.72904 17.11357 16.95275 
  9.588669 10.8392 10.81093 8.665545 9.075411 10.4131 11.27193 9.976936 11.29882 11.37358 9.359526 9.551521 11.45249 11.59222 10.82713 10.71461 11.8615 11.00038 10.34928 11.44586 12.2706 12.03071 12.143 
  8.009514 9.122073 9.004066 7.346438 8.590291 10.15076 11.22713 10.16057 10.30362 9.875764 8.793858 8.416547 8.722509 8.615893 8.629445 8.970325 10.44644 10.02332 9.460566 10.45819 10.53354 10.48654 11.01865 
  6.86073 7.339141 8.399702 8.152559 8.329073 10.4131 11.63039 10.98694 10.30362 9.476345 7.611096 8.003828 8.816647 8.661683 8.7668 9.049611 9.860891 9.583649 9.711217 9.990348 9.951619 10.47869 10.70943 
  6.937316 6.783474 7.328331 7.822782 7.545417 9.40747 10.64464 10.48194 10.55242 9.176781 7.713944 8.261777 8.628372 8.203786 8.721015 8.930682 9.031371 9.041006 9.711217 10.1463 10.10796 10.94152 10.80841 
  5.444832 7.361999 7.218447 6.906736 6.500544 9.2763 10.24137 9.793301 10.30362 8.727435 7.611096 7.6427 7.714087 8.753262 8.133372 8.375096 8.870567 9.201672 9.418592 10.09431 10.18613 10.30592 10.70943 
  4.927557 8.093458 8.234876 7.896066 7.209565 8.751622 9.524463 9.563755 9.059629 8.228162 6.942578 7.436341 7.875274 8.020627 8.446304 8.589519 8.803566 9.339385 9.594881 9.839687 10.10796 10.63897 10.53431 
  4.830568 7.11056 6.647285 6.340686 6.53786 7.833436 8.538711 8.232391 8.213715 7.179688 6.942578 6.539243 7.674125 7.968055 7.999108 8.891039 9.275348 9.388238 9.48575 9.876692 10.18613 10.57846 10.89372 
  4.992216 5.489175 6.285023 5.4631 5.520665 8.533007 9.390042 6.901028 5.759835 6.485972 7.302549 7.436341 7.875274 8.295365 8.308949 9.247826 9.080167 9.876765 9.847945 9.938366 10.0819 10.57846 10.89372 
  3.796018 3.463316 4.312705 5.56436 5.951811 6.652911 7.015275 5.99846 6.521883 6.780269 7.045427 6.873754 7.781137 7.600047 8.102388 8.637169 9.031371 8.719674 9.756793 9.889027 9.873449 10.49439 10.78557 
  4.830568 4.870162 5.761755 6.475699 6.836396 7.396204 6.612012 5.695902 6.422364 6.291531 7.456822 7.69429 7.174599 8.341155 8.081732 8.387009 8.562361 9.155767 9.149962 9.827352 10.12099 10.63897 11.14357 
  5.865118 5.432901 4.795722 6.870094 6.575177 6.047432 6.612012 6.301018 6.378196 7.079833 7.559671 7.253881 7.828205 8.112206 8.354734 8.811753 9.226552 8.604913 9.756793 10.09431 10.47564 10.69948 11.39343 
  4.66892 5.939366 5.399492 4.585515 4.736761 5.238023 5.717871 5.765723 5.870257 6.680414 6.911516 7.117035 8.157685 8.661683 8.123045 8.772111 8.816966 9.109862 9.603275 9.938366 10.30193 10.18028 10.64852 
  4.345623 4.870162 5.399492 5.395594 5.834226 4.926712 4.659808 5.090785 5.62733 6.780269 6.864923 7.849059 7.875274 8.066417 8.904156 9.009968 9.00457 9.259052 9.34304 10.25026 10.35983 10.57846 10.66374 
  4.216304 4.138602 5.278738 5.800633 5.873421 4.179565 5.435721 6.161376 6.422364 6.261616 6.802798 7.253881 6.774979 7.784051 8.721015 8.930682 9.812097 9.437091 9.620065 9.839687 10.47564 10.43157 10.67136 
  4.216304 4.701341 5.641001 4.653021 3.992053 4.179565 5.224109 5.18388 6.069016 6.730341 6.83386 7.117035 7.274504 7.600047 8.081732 8.19641 9.47053 9.534796 9.984674 10.30224 10.04282 11.06254 10.83125 
  4.151644 4.645067 5.198236 5.125567 5.285494 5.238023 5.612065 5.835544 6.24569 6.880124 7.045427 7.360316 6.914846 7.836623 8.09206 8.732468 9.177757 9.681355 9.893521 9.839687 9.352317 10.29807 10.7475 
  4.151644 5.883092 5.641001 5.260581 5.363884 5.424809 5.612065 6.068281 6.621403 7.279542 6.461114 6.797729 7.554239 7.678906 8.112717 8.553782 9.031371 9.388238 9.259093 10.09431 10.09493 10.21169 10.89372 
  4.377952 4.98271 4.876225 4.956801 5.677445 4.459745 4.554002 6.045007 6.069016 6.246659 6.942578 7.16265 8.204754 8.203786 8.205669 8.601431 8.723165 9.437091 10.34928 9.926031 10.30193 10.50224 11.01865 
  4.959887 5.376627 4.75547 5.631867 5.63825 4.833319 6.000021 6.671483 6.969721 6.880124 6.864923 7.79747 8.016479 8.020627 8.537875 8.811753 9.47053 9.339385 9.552907 10.04233 10.53354 10.75999 10.71704 
  5.67114 6.108188 6.607034 6.374439 6.500544 5.611596 7.060081 6.763301 6.671163 6.780269 7.508247 9.190392 10.22871 9.898005 9.590932 10.04068 11.8615 12.07514 13.81307 14.66876 14.35506 14.14856 15.26622 
  6.733088 7.201992 6.943736 6.943377 6.53786 6.215679 7.239309 6.671483 6.201521 6.39623 7.66252 8.313367 9.710951 9.165369 9.270436 9.525326 11.08078 11.34235 13.03828 13.6811 13.71814 13.30142 14.26679 
  8.494555 6.445831 5.278738 6.138166 6.226177 5.954039 7.104888 6.394113 6.521883 6.880124 6.709612 7.345111 7.594201 8.844841 8.195341 8.506132 8.897368 9.583649 9.603275 9.506645 9.834364 10.26666 10.57999 
  7.013902 6.164462 5.439744 6.340686 5.755836 6.696634 7.687379 6.184649 6.024847 6.930051 6.942578 7.223471 7.828205 8.341155 8.58366 8.625257 9.324143 9.339385 9.711217 9.926031 10.35983 10.75999 11.2685 
  8.826427 7.064844 6.687537 5.496854 5.834226 6.171956 7.37373 6.763301 6.289858 7.079833 7.1997 7.6427 7.654144 8.203786 8.308949 8.518044 9.017971 8.88034 9.376618 10.25026 9.912534 10.69948 10.7475 
  8.520084 7.613438 6.526531 6.613601 5.677445 6.434295 7.418537 8.002846 7.616598 7.479252 7.096851 6.904164 8.204754 8.341155 8.446304 9.049611 8.924169 9.282004 9.510934 10.30224 10.24403 10.44727 10.67136 
  8.366913 7.293425 6.727788 6.79681 6.575177 6.215679 6.925661 7.268301 6.422364 6.216745 6.740674 7.74588 8.251823 8.203786 8.629445 8.811753 9.177757 9.583649 9.284277 9.901361 10.18613 10.43157 10.50385 
  8.826427 7.384857 5.399492 7.016662 6.147787 6.078563 7.463344 7.176483 6.135268 6.680414 7.1997 7.6427 7.969411 8.020627 8.812586 8.930682 8.776766 9.293481 9.802369 10.04233 10.59144 10.50224 10.48101 
  8.060571 8.002026 6.365526 5.429347 6.461349 6.784081 7.015275 7.176483 6.40028 6.620586 6.616425 7.69429 8.487166 8.98221 8.7668 9.44604 9.56812 9.583649 9.351435 9.148933 9.834364 10.03893 10.75511 
  8.698784 8.893492 7.850281 6.27318 5.520665 6.434295 6.656819 6.671483 6.521883 6.336401 5.948587 7.314701 7.274504 7.82348 8.49209 8.851397 8.99117 9.2361 9.665641 9.704003 10.30193 10.69948 10.95618 
  7.703172 8.939208 8.262347 6.543206 5.050323 6.346848 7.015275 6.301018 5.958594 7.079833 7.456822 7.056215 7.434352 8.249576 8.400519 8.891039 9.324143 9.213148 9.665641 9.790347 9.847393 10.75999 10.70943 
  7.754229 7.407715 6.727788 6.760169 7.209565 6.171956 6.282171 5.253701 6.422364 6.780269 6.880454 7.74588 7.828205 7.179467 8.49209 8.696731 8.937569 9.388238 9.368224 9.990348 10.35983 10.94152 11.14357 
  8.469027 7.887735 7.30086 7.163229 6.985663 7.002696 6.701626 5.346796 6.521883 5.857775 7.611096 7.436341 7.414371 7.468616 8.49209 8.811753 9.519324 9.327909 9.711217 10.09431 10.24403 10.31378 10.48862 
  9.132769 8.32204 7.245918 6.374439 5.755836 5.798383 5.647334 5.37007 6.334027 5.842818 6.83386 7.117035 7.514277 8.157996 7.647954 8.601431 9.275348 9.327909 9.284277 9.990348 10.0819 10.40016 10.41248 
  7.422358 7.819161 6.48628 5.631867 5.363884 6.740357 6.836047 5.835544 6.113184 5.723162 6.492176 7.223471 8.110617 8.341155 8.071404 8.506132 8.790166 8.685246 9.191936 9.778012 10.13402 10.17243 10.78557 
  8.520084 8.002026 7.245918 5.733127 6.649811 6.434295 6.387978 6.533755 6.720922 6.560758 6.53877 7.13224 7.514277 8.341155 8.58366 8.811753 9.714506 9.583649 9.665641 9.617659 10.12099 10.63897 10.83125 
  8.571141 8.344897 6.043515 6.340686 6.649811 6.215679 6.567205 7.130573 6.770682 7.529179 6.994003 7.74588 8.063548 7.731478 7.999108 8.732468 8.897368 9.583649 9.61167 9.370961 9.899506 10.57846 10.62567 
  7.9074 7.887735 6.888794 7.199871 6.873713 5.642727 6.000021 6.44066 5.759835 6.456058 7.66252 7.952239 7.828205 7.560618 8.354734 8.267884 9.177757 9.339385 9.802369 9.938366 10.35983 10.57846 10.60283 
  8.23927 9.144931 7.5481 6.576959 6.649811 6.565464 7.687379 7.681482 6.378196 7.229615 7.302549 8.055418 8.298892 8.203786 7.875171 8.49422 8.414957 9.098387 9.410197 9.815017 10.1731 10.14101 10.34396 
  9.360719 8.504904 7.383273 6.686885 7.582734 7.177588 7.060081 7.543755 6.770682 6.680414 6.476645 7.360316 7.875274 8.432734 8.061076 8.811753 8.763365 9.224624 9.208725 9.704003 10.30193 10.28236 10.89372 
  9.588669 9.990681 8.482115 7.602931 8.366389 7.221312 6.746433 6.992846 6.671163 6.530844 7.559671 7.900649 7.714087 8.295365 9.270436 8.970325 8.937569 9.388238 9.082805 9.852022 10.53354 10.8205 10.83125 
  9.132769 9.259222 8.179934 5.76688 6.649811 6.390572 7.060081 7.451937 6.069016 6.680414 6.802798 6.767319 8.157685 8.295365 7.647954 8.553782 8.575761 8.926245 9.544513 10.09431 10.01676 10.57846 10.83125 
  10.27252 9.373512 8.482115 6.441946 7.508101 7.002696 5.75314 6.946937 6.870202 6.590672 6.864923 6.964984 7.294485 7.941768 8.195341 9.089254 9.226552 9.583649 9.847945 9.990348 10.41774 10.25095 10.68659 
  9.132769 8.504904 6.848542 7.676215 7.060297 5.860645 6.925661 6.717391 6.671163 6.276573 6.663018 7.117035 7.354428 7.770908 8.277966 8.327446 8.816966 9.2361 9.984674 10.04233 10.06887 10.57846 10.46578 
  6.52886 8.230607 8.042579 8.152559 7.246882 7.527374 8.180255 6.901028 5.715667 6.680414 7.559671 7.436341 7.014751 7.718335 8.030092 8.891039 9.372938 9.485943 9.756793 9.990348 10.30193 10.46298 10.95618 
  9.132769 9.419228 7.218447 6.650243 7.358833 7.396204 6.567205 6.625574 5.958594 5.88769 6.83386 7.74588 7.154618 7.455473 7.72025 8.851397 9.226552 9.247576 9.756793 9.901361 10.0819 10.69948 10.89372 
  7.830814 8.43633 6.647285 7.456364 6.649811 6.259402 7.463344 6.992846 6.969721 6.620586 7.1997 7.487931 7.674125 7.586904 8.123045 8.577606 8.642762 9.534796 9.939097 10.40621 10.53354 11.00203 10.95618 
  8.315856 7.00857 5.802007 6.943377 6.985663 5.642727 6.567205 6.717391 5.605245 6.575715 6.600894 6.98019 8.016479 8.478524 8.400519 8.49422 8.790166 9.534796 10.1214 10.40621 10.35983 10.69948 11.08111 
  8.979597 7.887735 6.888794 6.475699 6.422153 7.265035 7.015275 6.717391 6.671163 6.411187 6.367928 6.463218 7.674125 8.066417 8.721015 9.16854 9.080167 9.485943 9.756793 10.35423 9.964647 10.01537 10.65613 ]
