 [
  4.39573 3.218192 4.977481 5.408245 5.447794 4.492737 5.599198 5.915962 5.185939 6.808359 6.616733 7.512173 8.049219 8.050488 8.415084 8.802427 9.048184 9.349656 9.474619 9.821939 9.966369 10.66751 10.63671 
  4.980049 3.442233 4.04617 4.969303 4.220134 4.263654 4.217135 5.412112 5.907292 7.197474 7.7942 7.326895 7.20093 7.979534 8.398662 9.437031 9.210522 9.400796 9.542105 10.03026 10.16643 10.35431 10.62672 
  4.39573 3.307809 4.304867 5.04246 5.213954 5.14726 5.115476 5.664037 5.887796 6.346103 6.710126 6.990026 6.843927 8.470274 9.074 9.096236 9.636042 9.965356 9.66583 9.871935 9.609741 10.5448 10.43688 
  4.639196 2.814919 4.07204 5.261931 4.921654 4.72182 4.908166 6.109751 6.180237 5.814311 6.850217 7.936362 7.263017 7.979534 8.365818 8.527167 9.742422 9.772458 9.770761 10.17439 9.827197 9.936975 10.4069 
  5.296555 4.069546 4.615304 4.969303 4.395514 5.441796 5.484026 6.297975 6.433685 6.331331 6.955285 7.276364 8.000968 8.400508 8.678123 8.79184 8.915363 9.528645 9.733316 10.10232 10.49703 10.76569 10.96574 
  4.103571 4.383203 4.511825 5.005881 5.360105 5.278165 5.13851 5.102049 5.829308 6.109751 6.499991 7.411112 7.588976 8.260976 8.497191 8.262494 8.944879 9.426366 10.03288 10.01359 9.679327 10.61843 10.90884 
  5.345248 3.97993 4.460086 3.981683 4.804734 5.343617 5.023338 6.070993 6.141245 6.360875 6.640081 7.360582 8.000968 7.731194 8.415084 8.590689 9.423282 9.272947 9.249664 9.830272 10.22654 10.36266 10.61673 
  4.712236 3.531849 4.382476 5.481402 5.243185 4.558189 4.723891 5.896584 6.601431 6.597227 6.861891 7.360582 8.24222 7.837626 8.562879 8.685971 9.529661 9.772458 9.632087 10.21042 10.12294 10.34597 10.55678 
  5.320902 3.263 4.874002 4.530361 4.600124 5.081808 5.34582 5.198944 5.341907 6.198383 6.429945 7.594673 7.952718 7.997272 8.398662 9.028077 9.210522 9.926777 9.429627 9.8886 10.40687 10.04548 10.62672 
  4.61485 4.248778 4.434216 5.04246 4.746274 4.427284 5.507061 5.799689 5.478379 6.360875 6.861891 7.594673 7.807967 6.986173 7.561157 8.717731 8.797299 8.799906 9.770761 10.42661 10.55714 10.22076 10.68667 
  4.420077 3.576657 4.460086 5.115617 5.506255 5.14726 4.954235 5.43149 6.433685 6.198383 6.453294 6.838434 7.263017 7.926318 9.008021 8.580102 9.048184 9.695298 9.770761 9.521961 9.966369 10.30423 10.76661 
  5.466981 3.352617 4.692914 5.810609 5.564714 4.165475 4.792994 4.869503 5.848804 6.759719 7.001981 7.54586 7.604498 8.191209 7.922433 8.230734 8.575931 9.426366 9.677078 9.938597 9.905481 10.76569 10.85195 
  4.833969 3.576657 4.589435 5.444824 5.038574 4.950903 5.13851 5.702795 5.829308 6.449507 6.780171 7.741111 7.807967 8.068227 8.152337 8.738905 9.15149 9.272947 9.238417 9.496964 9.827197 10.49571 10.90884 
  5.320902 4.248778 5.184439 5.261931 4.249364 5.638153 6.277707 5.567142 5.517372 6.419963 6.990307 7.692298 7.952718 8.03275 8.612144 8.675384 8.753026 9.170668 9.770761 10.01359 10.06205 10.14564 10.12714 
  3.908798 4.20397 4.330737 5.29851 4.804734 5.572701 5.599198 5.799689 6.043765 6.905637 7.037004 6.467878 7.231974 7.624763 8.744102 8.65421 8.841574 9.54143 9.41838 9.98026 10.09684 10.21242 10.55678 
  5.126129 4.607244 5.417266 5.847188 5.243185 6.121611 7.366683 6.54894 6.601431 6.538139 7.060352 7.192147 7.511367 8.400508 8.431505 8.959918 9.316902 9.196238 9.350894 9.896933 9.896783 10.47117 10.51681 
  4.833969 5.63783 4.692914 7.43941 6.669746 5.965415 7.450451 7.678281 7.440159 7.246113 6.698452 7.394269 7.263017 8.103704 8.942041 8.516581 8.959637 9.554214 9.440876 10.06629 10.3167 10.76569 10.48684 
  4.833969 5.682638 5.7947 6.881059 6.766229 7.48276 7.282916 6.925386 6.414189 6.808359 6.675104 7.208991 8.000968 8.400508 8.234446 8.959918 8.767784 9.618139 9.553352 10.31852 10.64731 10.32093 10.79505 
  4.809623 6.602185 6.351898 6.881059 6.959193 7.936477 8.204357 7.552798 7.496075 6.567683 6.733475 7.343739 7.856217 8.050488 8.744102 9.096236 8.266014 9.413581 9.02471 10.13835 10.22654 10.34597 10.8235 
  4.61485 5.866547 5.417266 6.322708 6.283819 6.9383 6.612777 6.925386 6.433685 6.198383 6.815194 6.72053 7.604498 7.979534 8.678123 8.146038 9.195764 9.336871 9.808208 11.25536 10.40687 10.37935 11.27866 
  7.384202 6.510231 7.55916 7.43941 6.669746 7.75499 7.199149 6.674422 7.328329 7.635228 7.622412 8.278051 8.483472 7.713455 7.906012 8.89176 9.582851 9.618139 9.995435 11.21933 11.15824 10.7166 11.76226 
  11.56723 11.10797 10.06655 9.393638 8.020494 8.480937 7.953055 6.360716 7.048753 7.294752 7.393362 8.278051 9.014226 8.609807 8.316553 9.437031 10.59346 10.38973 10.66945 11.32743 10.64731 10.91295 12.35966 
  15.40167 15.06203 14.0598 14.60491 13.71293 13.29033 12.39273 10.25067 9.117616 8.364818 9.053977 9.449557 9.49673 8.609807 9.601837 9.914143 10.11475 10.11967 10.03288 10.78694 10.70741 10.46282 11.47779 
  16.18599 16.34939 17.03152 17.02443 15.54609 15.7404 14.31938 12.63483 11.29831 9.969916 10.71459 11.45088 11.81275 11.47023 12.43896 12.57234 10.3807 9.656719 11.19369 11.61569 10.9178 11.60017 12.41655 
  16.36028 16.71721 17.96385 17.86196 16.31795 16.64783 14.98952 13.57595 12.13704 10.89406 11.91711 12.2807 12.68125 13.00509 14.02247 14.20815 11.9764 10.89127 11.56815 11.75982 11.09813 11.96832 13.15618 
  16.62172 16.80917 18.22956 18.14113 16.89684 17.1923 15.57589 13.82692 12.91985 11.81821 12.31795 12.42714 12.97076 13.84228 15.34206 15.57133 12.98701 11.46996 13.92722 13.9578 11.8495 12.04195 12.95705 
  16.84119 16.90112 18.1983 18.51455 17.95814 17.80009 16.41356 14.07788 13.31126 12.15869 12.26068 12.18307 12.7295 14.19111 15.60598 15.98028 13.89124 12.78167 14.52634 14.60639 13.02164 12.26284 13.21308 
  17.06066 16.99308 18.21393 19.07526 18.78347 18.31371 17.01877 14.14062 12.97577 11.81821 12.547 12.47595 13.16376 15.58644 16.59567 16.59371 14.47633 13.09031 13.88977 14.64242 14.01345 12.72916 13.4691 
  17.26325 17.26894 18.44838 19.48022 19.5074 18.93004 17.77529 14.99678 13.59083 12.45052 12.48973 12.37832 13.93576 17.05153 17.69016 17.54793 15.00823 13.24463 14.70354 15.18844 14.4427 13.74044 14.40787 
  17.3983 17.45285 18.57342 19.85403 20.11703 19.49501 18.45615 15.73063 14.01372 12.98556 12.48973 12.2807 14.16764 17.30253 18.44932 18.47821 16.01884 14.01622 14.70354 15.2567 14.29962 13.932 15.12601 
  17.4996 17.45285 18.5109 20.19669 20.68855 20.21406 19.28831 16.58679 15.14141 14.09036 13.4632 12.76883 14.01306 17.36528 19.14522 19.29904 17.14668 14.65151 16.4164 16.07573 14.37116 14.31512 15.65264 
  17.56713 17.48815 18.43275 20.16554 20.84096 20.88176 20.42308 17.68757 15.28238 14.50466 14.20761 13.25695 14.86329 17.74177 19.08196 19.40849 17.34571 14.79427 16.94798 16.96302 14.65733 14.44283 15.9399 
  17.63465 17.56582 18.37023 19.94749 20.72666 20.83039 20.72569 18.1768 15.5643 14.91896 14.43666 13.59864 14.7087 17.36528 18.89217 19.40849 17.4784 15.55563 16.77078 16.96302 15.08659 14.12356 15.55689 
  17.66842 17.59406 18.30771 19.79173 20.57425 20.72767 20.72569 18.54373 15.70526 14.78086 14.83235 14.17296 15.01788 18.74576 19.58806 19.79154 18.00915 15.55563 16.94798 17.23603 15.58739 14.63439 15.07813 
  17.6853 17.66466 18.32334 19.66713 20.57425 20.52223 20.57438 18.91065 16.26911 15.05707 14.63451 13.92025 15.17246 19.49875 21.04312 20.99543 18.67259 15.07978 17.2433 18.53283 17.73367 14.57053 15.65264 
  17.66842 17.71409 18.30771 19.57368 20.53615 20.47087 20.80134 19.5222 16.83296 15.19516 15.12912 14.36249 14.786 19.3105 20.66354 20.6671 18.14184 15.27012 17.71581 18.94235 18.23446 15.20907 15.65264 
  17.63465 17.75645 18.29208 19.51138 20.53615 20.47087 21.02829 20.01143 17.11488 15.47137 14.93128 14.17296 14.47682 19.24775 20.85333 20.94071 18.40721 15.84115 17.65675 18.80584 18.52063 14.25127 14.743 
  17.63465 17.76351 18.27645 19.41792 20.45994 20.31678 20.87699 20.37836 17.67873 16.16187 15.32697 14.48885 15.17246 19.37325 20.28396 20.22932 18.20818 15.31771 17.36143 18.46458 18.09138 14.63439 16.03565 
  17.61777 17.77763 18.22956 19.26217 20.42184 20.31678 20.95264 20.74528 17.81969 16.29997 15.62374 14.6152 15.40435 19.12226 20.09417 20.39349 18.00915 15.12736 17.30236 18.19157 17.80521 15.27293 14.5515 
  17.60089 17.77763 18.21393 19.23102 20.38374 20.41951 21.1796 21.35682 17.96065 16.57617 15.82158 14.67838 15.63623 19.12226 20.28396 20.50293 17.54475 14.84185 17.65675 17.91856 16.80361 15.97532 15.12601 
  17.61777 17.77057 18.21393 19.16872 20.42184 20.47087 21.1796 21.72375 18.5245 16.85237 15.9205 14.6152 15.71352 19.436 20.15743 20.39349 18.27453 15.50805 17.18423 17.98681 17.59058 15.20907 15.07813 
  17.60089 17.80587 18.18267 19.10641 20.38374 20.47087 20.95264 21.84606 19.65219 17.26667 16.31619 14.99427 16.0227 19.8125 20.09417 20.06515 18.40721 14.88944 17.2433 17.57729 17.01824 14.7621 15.12601 
  17.56713 17.86236 18.15141 18.88836 20.19323 20.21406 20.42308 21.47913 20.49796 17.26667 16.61296 15.62605 16.48646 19.8125 20.15743 20.6671 18.67259 15.17495 18.24739 18.53283 17.01824 16.10302 16.17928 
  17.51648 17.86942 18.12015 18.70145 20.07893 20.05998 20.04483 21.84606 21.4847 17.81907 16.81081 16.13147 17.1821 20.75373 20.47375 20.55765 18.34087 14.55634 18.12926 18.66934 17.16132 16.99698 16.70592 
  17.44895 17.86942 18.02637 18.5457 20.15513 20.05998 19.89352 21.47913 22.18951 19.06198 17.10758 16.25782 17.02752 20.50274 19.84112 20.50293 18.27453 15.22254 17.95207 18.60108 16.73207 16.99698 16.37078 
  17.34766 17.89766 17.99511 18.4834 20.15513 19.9059 19.51527 20.9899 22.47143 20.30488 17.40434 16.63689 17.64587 20.37724 19.71459 20.72182 19.46871 16.22183 17.12517 17.91856 17.08978 17.12468 16.89742 
  17.22948 17.87648 17.85443 18.26534 20.04082 19.59773 18.98571 20.13374 21.76662 21.13349 17.89896 16.82642 17.87775 20.87923 19.71459 20.77654 19.66774 16.88803 16.53453 17.91856 17.59058 17.63551 17.42406 
  17.09442 17.82705 17.71376 18.14113 19.85032 19.2382 18.3805 19.15527 21.06181 21.68589 18.59142 16.8896 17.87775 20.56549 18.95543 20.28404 19.53506 17.17355 15.76669 17.37253 17.16132 16.61385 17.1368 
  16.9256 17.81999 17.58872 18.23419 19.77411 18.93004 18.07789 18.54373 20.07508 21.68589 20.17418 17.64773 18.80527 20.87923 19.5248 20.50293 20.19849 17.12596 15.5895 16.82651 17.37595 16.80541 16.32291 
  16.73989 17.80587 17.40299 18.29649 19.4693 18.36507 17.39703 17.80988 18.80642 21.27159 20.6688 17.77409 18.80527 21.00473 19.20848 20.11987 19.99946 17.36389 15.47137 15.93922 16.30281 17.25239 16.61016 
  16.53457 17.78469 17.21726 18.45225 19.12638 17.64601 16.64051 17.19834 17.67873 20.02868 20.37203 17.64773 18.10963 20.69098 19.39827 20.1746 20.06581 17.55423 15.47137 16.34874 16.01664 16.86927 16.61016 
  16.36028 17.68585 17.12439 18.5457 18.44055 16.3756 15.65965 16.21987 16.83296 19.06198 19.67957 17.26867 16.95022 19.93799 18.63911 19.35376 19.33603 17.3163 15.17605 15.59796 15.15813 15.78376 16.17928 
  16.09884 17.45285 16.93866 17.21055 16.41443 14.83297 14.31938 14.07788 14.4366 16.99047 17.60219 15.7524 15.86811 18.05552 17.05753 18.47821 18.67259 15.9839 12.80385 13.27318 13.59268 13.61273 15.17388 
  16.01169 17.77057 16.56719 15.44244 13.327 13.0181 13.31417 12.50935 11.74563 13.26176 14.63451 13.64746 13.01901 13.77252 12.37298 14.88974 16.4169 15.88873 11.75537 13.20112 13.1118 13.02369 13.38376 
  16.01169 17.77057 16.38146 15.25632 12.94108 12.65513 13.06287 12.32113 12.02521 12.40188 14.63451 13.92025 13.11551 13.98181 12.10906 14.34447 15.48694 14.74668 10.78179 12.37237 12.51071 12.53282 12.72947 
  15.92455 17.6223 16.19573 15.0702 12.84459 12.47364 12.9791 12.44661 12.19295 12.11005 14.43666 13.92025 12.68125 13.42368 11.58122 12.57234 12.82744 11.89434 10.59456 10.9671 11.63912 12.14012 11.56313 
  15.75026 17.3609 15.91713 15.0702 12.65163 12.11067 12.64403 12.57209 12.24887 11.76957 14.3794 13.59864 12.58475 13.70275 12.37298 11.95891 12.56149 11.9715 11.23114 10.82297 11.18829 12.33647 11.70537 
  15.66311 17.08503 15.63853 14.88409 12.2657 11.47547 11.97389 11.8192 12.02521 11.91549 14.09309 13.40339 12.5365 13.35392 12.04308 11.89075 12.34873 11.35422 10.51967 10.24645 11.09813 11.52654 11.05108 
  15.57596 16.80917 15.4528 14.60491 11.97626 10.93101 11.47128 12.00742 12.08112 11.38046 14.09309 13.25695 12.29525 13.14462 11.77916 11.61811 11.9764 11.19991 10.33245 10.35455 11.12818 11.87014 11.364 
  15.48882 16.62526 15.26706 14.41879 11.97626 11.11249 12.05766 12.69757 12.30478 10.99134 14.32214 13.79389 12.92251 13.63298 12.24102 11.95891 12.45511 11.46996 11.34347 10.39058 11.27846 11.74743 11.25021 
  15.40167 16.44135 15.08133 14.13962 11.59033 10.65878 11.97389 12.57209 11.74563 10.79679 14.3794 13.79389 12.44 12.86555 11.84514 11.61811 12.13597 11.7786 11.60559 10.17439 10.88774 11.1093 10.79505 
  15.22738 16.16548 14.70987 13.76739 11.59033 10.47729 11.38752 11.56823 11.07465 11.08862 13.17688 12.96408 11.71625 12.30742 11.18535 10.86837 11.71045 10.50547 9.95799 9.855269 11.21835 12.2383 11.33555 
  15.14023 15.98157 14.52413 13.48821 11.39736 10.56803 11.30375 11.12905 10.79507 11.52638 13.69225 13.30577 12.054 12.02836 11.11937 10.25494 11.01898 10.77553 9.883099 10.42661 11.00796 11.69834 11.22176 
  15.05308 15.98157 14.24553 13.30209 11.10792 10.47729 10.71738 10.56437 10.96282 11.72093 13.63498 13.15933 11.71625 11.60976 10.52555 9.845984 11.07217 10.50547 10.10777 10.46265 11.06807 11.72288 11.22176 
  14.87879 15.88962 14.0598 13.11598 10.91495 10.2958 10.63361 10.43889 10.79507 11.67229 13.52046 12.96408 11.5715 11.40046 10.45957 9.573348 10.43389 9.888197 9.733316 9.788608 10.40687 10.79023 10.61673 
  14.61735 15.70571 13.68834 12.55762 10.81847 9.6606 10.38231 10.37615 10.18001 11.76957 13.86404 13.25695 11.71625 11.74929 11.11937 9.982301 10.9126 10.42831 10.59456 10.13835 10.43692 11.37927 10.90884 
  14.5302 15.5218 13.5026 12.65068 11.2044 9.842087 10.63361 10.12519 9.788599 10.74815 13.06236 12.2807 10.99249 11.1214 10.52555 9.300713 10.64665 10.54405 9.95799 10.21042 10.97791 11.50199 11.10798 
  14.26877 15.33789 13.5026 12.74374 11.10792 9.751343 10.80115 10.43889 9.956345 10.69951 13.29141 12.52476 10.94424 11.33069 10.98741 9.777824 11.07217 11.43138 10.25755 9.780275 11.21835 12.38556 11.364 
  13.83303 14.5103 13.31687 12.09233 10.72199 9.38837 9.71217 10.12519 10.01226 10.0672 12.60426 12.23188 11.13724 10.84233 10.59153 9.641507 10.96579 10.85269 10.18266 9.880268 10.61725 11.52654 11.07953 
  13.22301 13.03902 13.03827 11.99928 9.371243 8.208707 8.45566 9.372293 9.900429 9.434884 11.97437 11.30444 9.737982 9.795835 9.469878 8.959918 10.00837 10.31257 10.18266 10.01359 10.76752 11.01112 10.79505 
  13.31016 13.59075 12.29534 13.39515 12.94108 12.47364 12.39273 12.44661 12.08112 11.72093 13.97856 13.92025 13.50151 13.21438 13.69257 13.4584 14.26357 14.13196 12.69151 12.69666 12.63093 13.17095 12.92861 
  13.22301 13.95857 11.83101 13.76739 12.94108 11.7477 11.63882 11.88194 11.57789 11.38046 14.63451 13.79389 12.826 12.79579 13.36267 12.84497 14.05081 14.28628 12.31706 12.48047 12.33038 13.46547 13.07084 
  12.61299 12.6712 10.71661 12.46457 9.853653 9.11614 8.623194 7.552798 7.999311 10.0672 13.97856 12.62239 8.965976 10.98186 11.77916 10.18678 12.93382 14.09338 10.81924 10.9671 11.60906 12.43464 11.93295 
  11.04435 10.74015 10.06655 12.27845 10.81847 8.934653 8.12059 8.933104 8.72621 9.580802 13.80677 12.62239 8.821224 11.67953 12.50494 10.05046 12.88063 13.12889 10.63201 10.78694 10.9178 11.42836 11.364 
  7.994226 8.441281 8.766422 11.62704 10.43254 8.390194 8.036822 8.682139 8.111142 9.386245 12.77605 11.98782 7.952718 11.47023 12.50494 10.59573 12.88063 13.32179 10.74435 10.42661 10.82763 11.6738 11.07953 
  6.077006 7.613688 8.487823 10.69646 9.27476 8.57168 7.617986 7.866504 7.831566 9.872638 11.85984 11.35326 8.628223 11.60976 12.70288 10.3231 11.71045 12.82025 10.44478 9.788608 9.931576 11.1093 11.02263 
  6.077006 6.970005 9.416487 10.78951 9.757171 9.11614 8.371892 7.427316 7.719735 8.656654 11.97437 11.84138 8.386971 11.60976 12.57092 10.18678 11.49769 12.28014 9.575849 10.31852 10.01856 11.37927 11.07953 
  7.297055 8.257372 7.373427 9.951988 9.178278 8.208707 7.701753 7.11361 7.831566 8.267539 10.88638 10.32819 8.772974 10.0749 10.39359 10.05046 11.17855 11.93292 10.36989 10.13835 10.49703 10.7166 10.99419 
  5.902713 7.797598 8.766422 10.04505 8.695868 7.48276 6.696544 6.109751 7.048753 8.17026 11.05817 10.18175 8.531722 9.656301 10.26163 9.777824 10.85941 10.73695 9.770761 10.57074 10.40687 10.59388 10.76661 
  5.028742 6.510231 6.723363 9.114462 8.116977 6.756814 6.277707 6.737163 7.048753 8.024343 10.71459 9.986498 8.483472 9.237704 9.865755 9.709665 10.54027 11.35422 9.95799 10.13835 9.888084 10.21242 10.85195 
  5.199169 5.866547 5.887567 7.532468 7.152157 6.9383 6.696544 6.297975 6.936922 6.954277 8.481352 8.326864 7.464801 8.74934 9.469878 9.437031 10.48708 10.62121 9.587096 10.17439 9.853292 10.41274 10.59675 
  5.98986 5.324173 6.073299 7.718585 8.020494 6.9383 6.864079 6.737163 7.104668 7.197474 8.88219 7.741111 8.049219 9.30747 10.39359 8.781253 9.316902 9.849617 9.654582 10.06629 10.14903 10.15399 10.54679 
  8.081373 7.061959 6.073299 6.694942 6.090855 7.029044 7.199149 7.239092 6.992837 7.683867 8.939452 7.789924 6.766318 8.050488 8.513614 8.177799 9.316902 9.772458 9.770761 10.24645 9.914179 10.29589 10.90884 
  8.952837 7.981507 6.537631 6.788001 6.283819 7.029044 5.645267 6.486198 6.082757 6.954277 7.736938 7.427956 7.904468 8.068227 9.13998 8.89176 9.263712 9.400796 9.440876 10.06629 10.28665 10.36266 10.49683 
  7.384202 7.521733 7.55916 6.103237 5.593945 5.867236 5.184579 5.567142 5.985276 6.124523 8.137775 7.887549 7.807967 8.260976 8.612144 8.685971 9.15149 9.811038 9.883099 10.03026 10.19648 10.5448 10.47685 
  8.081373 8.165417 8.116358 7.43941 6.573265 6.39384 5.414923 5.625279 6.160741 6.808359 7.908725 7.838737 7.526889 8.015011 8.744102 8.569515 9.529661 9.400796 9.519609 10.03026 10.09684 10.44613 10.90884 
  10.26003 9.636693 7.001962 6.601883 6.573265 5.14726 5.391889 5.741552 6.545516 6.759719 7.965988 7.887549 7.387192 8.260976 9.13998 8.823601 9.018668 9.068389 9.013462 9.846937 10.07075 10.29589 10.17709 
  10.34718 8.441281 5.7947 6.322708 6.283819 5.212713 5.576164 6.297975 5.400395 6.744947 7.622412 7.091086 7.511367 8.609807 8.037385 8.484819 9.263712 9.811038 9.995435 10.24645 10.08814 10.37935 10.49683 
  7.90708 7.981507 6.073299 5.737452 6.283819 6.303097 5.775103 6.032236 5.809812 6.597227 7.107049 7.478486 7.495845 8.191209 8.678123 8.167212 9.370091 9.965356 9.643334 9.688616 10.52709 10.88841 10.71665 
  7.819934 6.970005 4.770523 6.974117 7.731049 6.9383 5.775103 5.838447 5.731828 6.905637 7.679675 7.643486 7.744195 8.03275 8.744102 8.813014 8.797299 9.451936 9.317151 9.963594 10.25659 10.52025 11.44934 
  6.599885 6.234366 6.073299 6.601883 6.573265 6.484584 6.612777 5.95472 6.024269 7.44067 7.164311 7.54586 7.856217 7.447376 8.464349 8.89176 8.930121 9.618139 9.845653 9.513629 10.28665 10.74114 10.99419 
  6.164153 5.593021 5.701834 5.335088 5.944705 6.121611 5.775103 6.297975 6.825092 6.419963 6.698452 6.855278 7.495845 8.121443 8.398662 8.89176 9.166248 9.528645 10.10777 10.31852 10.10554 10.7166 11.10798 
  5.150476 5.279365 6.444764 5.810609 5.857015 5.965415 4.792994 5.722174 6.121749 6.346103 7.107049 7.15846 7.682107 8.191209 8.168758 8.65421 9.018668 9.503076 10.10777 10.17439 10.14903 10.52025 10.17709 
  5.272208 4.9209 5.598355 5.115617 5.097034 3.936392 5.253682 6.051615 6.769176 6.242699 6.768497 7.343739 7.588976 7.748932 8.234446 8.959918 9.018668 9.733878 9.920544 10.31852 9.801102 10.40439 10.56677 
  5.554128 5.413789 5.520745 6.066658 5.944705 5.343617 4.885132 4.908261 6.043765 6.905637 6.780171 6.686843 7.138843 7.90858 7.774639 8.198973 8.620205 9.426366 9.530857 9.721947 10.28665 10.52025 10.25703 
  5.150476 5.010516 5.339657 4.896146 5.886245 4.394558 4.862098 5.082671 5.517372 6.419963 7.393362 7.789924 7.061233 7.90858 8.18518 8.294255 9.033426 8.991679 9.384637 10.01359 10.06205 10.56934 10.74662 
  7.035616 5.866547 5.365527 6.322708 5.710865 5.769058 5.691336 5.760931 6.489601 6.021119 7.001981 7.478486 7.759717 7.642501 8.119493 9.164395 8.64972 9.336871 9.95799 9.996925 10.34676 10.64297 10.8235 
  5.466981 4.652051 5.980433 6.694942 6.061625 6.030867 5.576164 5.586522 5.67334 6.183611 7.107049 6.804748 7.138843 8.470274 8.876061 8.590689 9.107216 9.388011 9.620839 10.35455 10.16643 10.44613 10.99419 
  6.077006 5.682638 5.675964 5.700873 5.944705 6.030867 6.612777 6.423457 5.653844 6.139295 7.001981 7.310051 7.713151 8.400508 8.070229 8.959918 9.092459 9.209023 9.305902 10.06629 10.3167 10.35431 10.96574 
  4.200957 3.845506 5.02922 5.225352 6.283819 5.049082 5.046373 6.109751 6.489601 6.242699 6.3599 7.360582 7.480323 7.837626 8.447927 9.164395 9.476472 9.656719 9.883099 9.688616 9.818499 10.45447 10.20707 ]
