 [
  5.685556 4.293239 4.135372 3.935747 4.502711 5.498829 5.432778 5.568149 5.912737 6.311613 6.534678 7.131129 6.745531 7.97971 8.589684 8.466535 8.655096 8.923277 9.764797 9.897574 10.14934 10.79027 10.54922 
  4.376803 3.850432 4.557804 4.27285 4.967434 5.239245 5.310815 6.069974 6.422864 6.604438 7.085282 7.106171 7.177717 7.687394 8.142923 8.728841 9.065893 9.30661 9.764797 9.872334 10.39947 10.68386 10.64897 
  3.674691 3.943654 4.839425 4.778503 5.122342 3.863451 3.847256 5.104926 6.361031 6.577817 7.132476 6.931462 7.054235 7.624755 7.731904 8.166756 9.124578 9.594111 9.929427 9.783991 10.14934 10.25479 10.7598 
  4.786369 3.617376 4.219859 5.163764 5.365768 4.979661 5.371797 5.085625 6.666948 6.471336 7.242597 7.081212 7.239458 8.063229 8.44672 8.528989 8.405684 9.178833 9.89415 10.23318 10.19284 10.36206 10.39405 
  5.312954 4.083488 4.332507 5.476788 6.366382 5.594128 5.463269 6.031372 6.376489 7.003745 6.471753 7.106171 8.042089 8.188506 8.625424 8.841258 9.344648 9.114944 9.917667 10.13736 10.18196 10.02493 10.85955 
  4.844879 4.293239 4.10721 5.091527 4.812527 4.20091 5.310815 5.973469 6.314655 5.992168 7.179671 6.706836 7.579033 8.292905 8.714777 8.828767 9.227278 9.114944 9.200352 10.04902 9.703464 10.30076 10.88172 
  4.757114 3.920349 3.769265 5.091527 5.719843 4.694119 4.426581 6.545364 6.299197 6.73754 7.804496 7.106171 7.270329 8.063229 8.357368 8.279173 8.713781 9.642028 9.576649 9.998538 10.11671 10.66854 10.71547 
  4.259785 3.59407 4.050886 4.537716 4.989564 4.434535 4.304618 5.664654 5.974571 6.12527 6.849309 7.255921 6.961624 8.230266 8.732647 9.18049 9.153921 9.226749 9.56489 9.657787 10.25809 10.30076 10.2943 
  4.932643 4.316544 4.64229 4.65811 4.790397 4.486452 3.63382 4.950518 6.005488 6.205132 7.543755 7.43063 7.301199 8.543461 8.85774 8.666387 9.168592 9.322583 9.776556 9.342278 9.931839 10.22414 10.57138 
  4.757114 3.477542 4.10721 4.971134 5.476417 4.694119 4.091183 6.723635 6.727969 6.631059 7.085282 7.929797 7.640774 8.251145 8.107183 8.566461 8.831152 9.082999 9.517853 9.708269 9.953589 10.72984 10.98245 
  3.674691 3.757209 4.64229 5.187842 4.414193 4.304743 4.822962 4.911916 6.345572 7.083606 7.038087 7.87988 7.640774 8.292905 8.553943 8.641405 9.153921 9.867521 10.18055 10.14998 10.56647 10.62257 10.67113 
  5.855946 4.931962 4.360669 4.778503 5.166602 5.135412 5.585232 5.58745 6.605927 6.364854 6.581873 7.056254 7.36294 7.833552 8.196534 8.916203 9.315306 9.466333 9.400259 10.0995 10.11671 10.54595 10.80413 
  5.16668 4.130099 3.093375 5.019291 4.392063 4.434535 4.579035 5.819061 6.345572 6.178511 6.55041 7.056254 7.239458 7.666515 7.874867 8.40408 9.523322 9.626056 9.905909 9.796612 10.11671 10.28544 10.60463 
  5.855946 4.834003 4.839425 4.730346 4.724008 4.330702 4.335109 5.79976 5.541737 5.725964 6.786383 7.829964 7.548162 7.562116 7.946349 8.166756 8.992537 8.731609 9.447296 10.27477 10.00796 10.5153 10.63788 
  5.600362 4.712739 4.191697 5.672913 6.054177 5.00562 5.158361 5.780459 6.221905 6.923883 7.038087 6.557086 7.856867 7.875311 8.285887 8.86624 8.684439 9.130916 9.517853 9.998538 10.48297 10.76005 11.04221 
  5.515167 5.519713 4.670452 5.356394 4.790397 4.486452 4.3656 5.413741 7.155116 7.521447 7.60894 7.006337 8.042089 8.376424 8.410979 8.982274 9.051222 9.79173 9.800076 10.31637 10.81697 10.94136 11.28127 
  6.281919 5.617672 4.473318 5.019291 5.321509 5.213287 6.026865 6.545364 6.391947 6.418095 7.305523 7.705172 8.196442 8.543461 8.750517 8.853748 9.344648 9.753834 10.12997 10.04902 10.30159 11.03201 11.40079 
  5.685556 4.269933 3.938238 5.04337 5.210861 4.642202 5.158361 5.819061 6.544906 6.790781 6.880772 7.181046 7.115976 8.272025 9.210808 8.741332 8.948523 9.30661 10.18055 10.02378 9.964464 11.96876 12.11796 
  4.72786 3.920349 4.867587 4.947055 4.856786 4.019201 5.554741 5.60675 6.26828 7.208703 6.975161 8.333896 9.191051 9.246703 9.210808 9.709065 10.17846 9.594111 10.20584 11.02353 11.02572 11.15288 11.75938 
  5.855946 5.225838 4.867587 4.995213 5.741973 4.746036 5.371797 5.857663 7.399199 7.271252 7.804496 8.573193 8.922586 9.176379 9.613045 9.576921 10.47625 10.85282 11.34386 11.81388 12.15297 12.30115 12.02832 
  5.342208 4.619517 4.895749 4.85074 5.564936 5.394996 5.188852 6.723635 7.399199 7.521447 7.869681 8.39372 9.191051 9.738973 9.009689 9.775137 10.47625 10.28438 10.61047 11.93867 12.27822 12.84507 12.14784 
  5.685556 4.736045 6.460752 7.339979 7.302995 6.287533 5.963775 6.901906 8.619618 8.83497 8.521535 8.932137 9.258166 9.668649 10.75272 10.36978 11.01227 11.08019 11.87494 12.72902 13.23847 12.63355 12.32714 
  4.844879 5.421755 8.025757 9.595422 9.644527 7.882363 6.65777 7.733839 9.96208 10.21104 9.890427 10.36792 10.53337 10.86416 11.42311 11.22872 11.90564 12.10338 12.96238 13.81055 14.15697 13.84225 13.40289 
  5.429973 3.827126 6.043418 6.751603 7.224944 7.39698 7.982669 8.803466 9.35187 9.585556 10.54228 10.72686 11.54011 12.76291 12.29463 11.36086 12.38211 12.78551 14.07875 15.47444 15.36773 14.84636 14.56829 
  9.945289 10.31968 10.84276 11.85086 11.2836 12.32015 12.96681 11.77465 13.68436 15.08985 15.56155 15.2735 13.6207 13.81778 15.24436 14.53232 14.40708 15.13489 15.09447 16.06576 16.65508 16.01861 14.8097 
  10.71204 10.61356 10.73843 13.02762 12.76657 13.0829 13.66081 12.78486 13.98946 14.9022 15.04007 14.79491 14.15763 14.80232 14.90917 14.40017 15.6578 15.20722 15.7293 16.52568 17.25414 16.83563 15.94446 
  10.79724 9.731932 8.756091 11.16442 11.90801 12.73619 12.90372 11.47753 12.3419 14.40181 14.9097 13.17966 15.76841 16.13848 15.11028 16.31626 15.89603 15.7376 16.80851 16.26287 15.84766 16.19622 16.15914 
  11.05282 9.438055 9.382092 10.9683 10.89334 11.14136 11.32646 11.41811 12.46394 13.83887 13.80155 13.5386 16.03687 15.64621 14.50693 15.12696 14.76443 14.72505 13.95178 14.5593 14.28222 14.2653 14.62805 
  14.88658 14.92373 14.59877 15.08693 14.4837 12.94421 12.52518 13.67621 14.46966 14.58946 13.60599 14.79491 14.62744 13.8881 13.30022 13.54124 13.39459 12.63392 12.25428 12.77061 11.65197 12.63355 13.5523 
  16.24969 16.29515 16.99844 18.02882 16.31268 14.73597 14.61936 16.49104 17.77528 17.15275 16.03464 14.85473 14.42609 13.18486 15.44548 15.58947 13.57327 11.57284 10.81279 11.06512 10.98397 11.81767 13.46265 
  16.33489 16.78495 17.83311 18.74401 16.08954 15.31129 15.35238 17.84993 18.60169 17.84038 16.67168 13.89755 13.68781 13.60681 15.84772 16.25019 14.16885 11.9518 11.06568 11.23151 10.90047 12.60333 14.2097 
  16.35382 17.07882 18.14611 18.84618 15.57641 15.50307 16.02901 18.52937 18.71975 17.95499 16.14081 12.88054 11.87569 12.83324 15.24436 15.85375 14.16885 11.49705 10.50931 11.3979 11.61022 13.5703 14.2097 
  16.39168 17.17678 18.25045 18.7951 15.26421 15.59896 16.70564 18.62643 18.60169 17.95499 15.82229 12.70106 12.21127 12.34097 14.30581 15.06089 13.99017 10.66334 10.71163 10.81554 11.56847 13.29834 14.29935 
  16.42954 17.27474 18.32511 18.89727 15.49836 15.79073 17.04395 18.82056 18.71975 17.95499 15.43118 12.52159 11.60722 12.69259 14.30581 14.66446 13.69238 11.08019 10.33229 10.85714 12.23647 13.5703 14.12006 
  16.48633 17.42979 18.49934 19.10161 15.73251 16.03045 17.21311 19.11175 19.07392 18.41341 16.14081 13.00018 12.54684 13.11454 15.04325 15.12696 13.15636 11.38336 10.33229 11.93867 13.28022 13.78182 14.03041 
  16.63777 17.58484 18.72334 19.51029 16.08954 16.46194 17.04395 19.40294 19.54615 19.10105 17.30872 14.07702 12.74819 13.25518 15.57956 15.52339 13.51371 11.53494 10.91394 13.43617 14.57447 14.63322 14.7177 
  16.846 17.83681 18.94734 19.97006 16.80359 16.70166 17.04395 19.79119 20.60867 19.78868 18.47662 14.55561 12.54684 13.39583 16.11588 15.9859 14.10929 11.57284 10.81279 14.68409 15.49298 15.23711 15.30041 
  17.09209 18.05 19.22112 20.42983 17.65152 17.08521 16.98757 19.69413 21.55314 20.59092 19.96304 15.69227 14.02339 14.31005 16.78627 16.58054 14.9431 11.98969 11.24271 15.67155 16.26439 16.1607 15.88312 
  17.28139 18.16629 19.42023 20.8896 18.23168 17.37287 16.98757 18.91762 21.67119 21.50777 20.70625 17.43137 15.16436 15.08361 17.38963 17.4396 15.95559 12.44444 11.92552 16.59138 17.01973 16.40936 15.72978 
  17.43283 18.2632 19.54467 21.19611 18.54408 17.42081 16.93118 18.23818 21.31702 22.1954 21.55564 19.81292 16.1711 16.06815 17.99601 18.30009 16.90852 12.67182 13.18999 16.59138 17.176 16.30279 15.42309 
  17.50855 18.34073 19.64423 21.24719 18.45482 17.1811 16.48009 17.84993 20.2545 22.31001 22.19268 20.95606 17.31207 16.70107 18.4155 18.89582 17.68656 12.78551 13.8883 16.16432 17.176 15.94756 15.69911 
  17.52748 18.41825 19.694 21.19611 18.0978 16.84549 15.85985 17.17048 18.8378 21.73698 22.29885 21.14658 18.47482 17.72418 19.0747 19.55774 18.14845 13.46763 15.15796 15.86866 16.60299 15.55681 16.03647 
  17.50855 18.4764 19.79356 21.19611 17.91928 16.55783 15.74708 16.78223 17.77528 20.59092 22.5112 21.52763 19.63756 18.26183 19.7339 20.41823 18.91825 14.14976 15.79278 16.23002 16.36858 15.16606 16.64985 
  17.48962 18.4764 19.81845 21.09394 17.51763 16.31811 15.46515 16.49104 17.30305 19.21565 22.19268 21.71815 20.43312 18.9787 19.97361 20.55061 18.71297 14.72505 15.85627 16.45998 16.00394 14.44661 15.88312 
  17.37604 18.49578 19.76867 20.8896 16.9821 15.9825 15.23961 16.19985 16.71276 18.29881 21.44946 21.71815 20.73911 19.81505 20.3931 20.94776 19.38014 15.01435 16.80851 17.21556 16.49881 14.81083 15.11639 
  17.28139 18.45702 19.694 20.58308 16.53582 15.6469 14.95768 15.90866 16.35859 17.72578 20.60008 21.81342 20.8615 20.6514 20.87252 21.41111 19.68806 15.52062 17.18941 17.54407 16.62904 15.34367 15.6071 
  17.16781 18.45702 19.56956 20.1744 16.26805 15.11952 14.56298 15.32629 15.88636 17.15275 19.85687 21.71815 20.9227 21.06957 20.93245 21.41111 19.63674 15.40008 16.87199 17.37982 16.47276 15.13054 15.05506 
  17.0353 18.45702 19.47 19.91897 16.08954 14.73597 14.33744 14.93803 15.41413 16.80893 18.68896 21.33711 20.9227 21.18905 21.0523 21.54349 19.7907 15.40008 17.06244 17.54407 16.49881 14.44661 14.32923 
  16.94065 18.39887 19.49489 19.8168 15.82177 14.44831 14.22466 14.84097 15.29607 16.46511 18.05193 21.33711 20.9227 21.24879 21.0523 21.4773 19.68806 15.08668 16.68154 17.18271 15.74348 13.93291 14.77904 
  16.86493 18.34073 19.51978 19.76572 15.77714 14.40036 14.16828 14.64684 15.05995 16.1213 17.52106 21.05132 20.9227 21.30853 21.11223 21.4773 19.89334 15.64116 15.98323 16.42713 15.74348 14.66874 14.14994 
  16.78921 18.2632 19.44511 19.61246 16.13416 14.78391 14.11189 14.45272 15.17801 16.1213 16.9902 20.76554 20.9227 21.12931 21.0523 21.34491 19.7907 15.71349 16.1102 16.68994 16.26439 14.53726 15.39242 
  16.71349 18.14691 19.246 19.20378 16.08954 14.8798 14.22466 14.06446 14.46966 15.43366 16.5655 20.67027 21.04509 21.18905 21.23208 21.41111 20.0473 15.66527 16.42761 16.9856 17.07182 15.3792 15.2084 
  16.63777 18.03062 19.09667 18.84618 16.08954 14.73597 13.94274 13.77328 14.23355 15.20445 16.45933 20.57501 21.16749 21.12931 21.11223 21.4773 20.20127 16.0269 16.17368 16.88705 17.176 15.80547 15.76045 
  16.52419 17.85619 18.87267 18.4375 16.00028 14.59214 13.59772 13.43852 14.05048 15.08985 16.14081 20.0987 20.8615 21.00983 20.93245 21.14634 20.14994 16.09922 15.98323 16.82134 17.38437 15.91204 15.79111 
  16.41061 17.72052 18.64867 18.02882 16.04491 14.40036 13.28226 13.43852 13.98946 14.9022 15.82229 19.81292 20.9227 20.83061 20.69274 21.01396 19.99598 16.12333 15.60233 16.72279 17.38437 15.80547 15.72978 
  16.33489 17.58484 18.49934 17.73463 15.91103 14.05366 13.0299 13.20082 13.74538 14.652 15.69192 19.52713 20.80031 20.71114 20.51295 20.683 19.84202 15.68938 15.28492 16.52568 17.01973 15.84099 15.94446 
  16.1645 17.44917 18.32511 17.44044 15.77714 13.63762 12.65136 12.9037 13.37925 14.40181 15.30081 19.24135 20.8615 20.6514 20.3931 20.41823 19.68806 15.7376 15.03099 16.45998 17.20205 15.20158 15.05506 
  15.99411 17.29412 18.14611 17.24431 15.57641 13.22158 12.33591 12.60658 13.01313 14.15161 14.97488 18.76504 20.49432 20.53192 20.15339 20.15346 19.5341 15.66527 14.39616 16.03291 16.68113 14.53726 14.44876 
  15.82372 17.17678 17.93745 16.95013 15.26421 12.94421 12.08355 12.36889 12.83006 13.96397 14.64896 18.28873 20.31073 20.23322 19.85376 19.69012 19.17485 15.68938 13.31695 15.05847 16.08207 14.77531 14.90171 
  15.73852 17.17678 17.62444 16.85206 14.87395 12.87487 11.83118 12.19062 12.58598 13.65122 14.32303 17.71716 19.82115 19.69557 19.43427 19.16059 18.61033 15.37597 13.08883 15.01687 15.70173 14.5977 14.77904 
  15.65333 17.07882 17.31144 16.754 14.4837 12.73619 11.51573 12.01235 12.3419 13.40103 13.80155 17.33611 19.51517 19.39688 19.01477 18.63105 18.19977 14.60451 12.55775 14.5177 15.53473 14.66874 14.44876 
  15.48294 16.98087 17.10278 16.45981 14.17149 12.59751 11.45264 11.71523 12.03679 13.15084 13.47562 16.57402 19.08679 19.03844 18.47543 18.03533 17.63524 15.03846 12.70949 14.64249 15.57648 14.35596 14.12006 
  15.22736 16.88291 16.78978 16.26369 13.93734 12.38949 11.20028 11.18042 11.42658 12.4628 12.82377 15.81192 18.65841 18.62027 17.93608 17.37341 17.32732 14.52872 12.50718 14.72569 15.49298 13.87247 13.73159 
  15.05697 16.68699 16.58111 16.16562 13.70319 12.18147 11.01101 11.00214 11.24352 12.08751 12.62821 15.45298 18.16883 18.20209 17.45667 17.04305 17.12203 14.49082 12.2037 14.72569 15.40948 13.90269 13.52242 
  14.97177 16.49107 16.37244 16.06756 13.39098 11.90411 10.82174 10.76445 11.12148 11.96241 12.36747 15.09403 17.61806 17.72418 17.12147 16.71269 16.96807 14.60451 12.4566 14.35131 14.74147 13.32856 13.16383 
  14.80138 16.29515 16.16377 15.87144 13.07878 11.62675 10.56938 10.58618 10.75535 11.58712 12.10673 14.25649 16.97649 17.40431 16.51811 16.25019 16.7894 14.41503 12.15312 14.06013 13.98997 12.63355 12.92478 
  14.63099 16.09924 15.95511 15.67531 12.84462 11.28004 10.38011 10.46733 10.51127 11.27437 11.45487 13.59843 16.70803 17.05269 16.04884 16.05197 16.72984 14.91792 12.07726 13.47777 13.94822 11.93854 12.14784 
  14.37541 15.90332 15.74644 15.47919 12.61047 11.00268 10.06465 10.34848 10.14514 10.83653 11.12895 13.35913 16.77515 17.05269 15.91476 15.85375 16.67028 14.84559 12.25428 13.26978 14.36572 12.30115 12.26737 
  14.11983 15.60944 15.43344 15.185 12.37632 10.58664 9.812291 10.11079 10.14514 10.96163 11.06376 13.59843 17.04361 17.54496 16.317 15.58947 16.55117 14.49082 11.69791 13.18659 14.32397 12.51268 12.50643 
  13.86424 15.31557 14.91177 14.69468 11.82996 10.10126 9.055206 9.397703 9.595954 10.58634 10.60747 13.41895 17.11073 17.54496 16.18292 15.12696 16.01514 13.69501 11.04039 12.18825 13.15497 11.87811 11.96855 
  13.69385 15.02169 14.28577 13.91018 11.4397 9.546534 7.856488 8.209229 8.375535 9.397909 9.890427 12.22247 15.83552 15.85718 14.10469 13.21088 14.16885 13.35395 11.34386 12.68742 13.11322 12.45224 12.47655 
  13.43827 14.82578 14.18144 14.00824 11.36165 9.269172 7.982669 8.506348 8.619618 9.397909 9.43413 11.8037 15.63418 16.13848 14.64101 13.47516 14.70487 13.31605 10.81279 11.85547 12.61222 11.75724 11.90879 
  13.35307 14.43394 13.86844 13.02762 10.50309 8.021044 6.973222 7.020754 6.221905 7.458898 7.47857 10.78669 14.35897 14.80232 12.96502 11.42694 12.44166 11.9518 10.38287 11.35631 12.94622 11.06223 11.7295 
  13.0123 14.14007 13.24243 13.02762 10.19089 8.367746 6.847041 6.545364 6.26828 7.896739 7.739311 10.84651 13.68781 14.59134 12.89798 11.55908 12.73945 12.21707 10.20584 11.56429 12.94622 11.39462 11.46056 
  13.26788 12.37681 12.40777 11.85086 8.473762 7.188958 6.468498 5.876965 6.483885 7.396349 7.60894 10.66704 13.28512 13.81778 12.7639 10.96443 11.78653 11.98969 10.55989 11.89707 12.52872 11.06223 11.31115 
  12.50113 13.16048 12.72077 12.04699 9.410375 7.050278 5.774504 6.901906 6.727969 7.208703 8.130423 10.0688 13.6207 13.95843 12.22759 11.22872 12.6799 12.63392 10.50931 11.64749 12.69572 11.57593 11.37091 
  13.0123 11.59314 12.09477 11.36055 7.927403 6.148852 5.402287 6.664211 6.78899 7.208703 7.60894 10.36792 13.15089 13.46616 11.35607 10.50193 11.54829 11.26967 10.76221 11.89707 11.98597 11.36441 11.46056 
  12.84191 11.49519 10.9471 10.67411 8.551812 6.426214 6.531589 6.367093 6.605927 7.959288 7.934867 10.72686 13.28512 13.25518 11.22199 10.03942 11.48874 11.61073 10.15526 11.64749 12.31997 11.48528 11.87891 
  12.41593 11.49519 10.32109 9.301233 7.224944 5.80215 5.711413 6.248245 6.666948 7.521447 7.60894 11.08581 13.41935 12.97389 10.68568 9.775137 10.95271 11.23177 10.07939 11.4811 11.77722 11.27375 11.49044 
  11.81957 10.80947 9.382092 8.908983 6.834688 6.842256 5.774504 6.723635 7.643283 8.960068 8.782276 10.72686 12.68108 12.83324 10.5516 9.841209 10.41669 10.0191 10.35758 11.27311 10.98397 11.06223 11.43068 
  10.88243 10.12377 8.13009 7.928356 7.068841 6.495554 5.585232 5.452343 7.216136 8.772422 9.108203 11.02598 13.15089 12.76291 10.8868 9.246562 10.23802 9.737862 10.07939 10.85714 11.81897 11.21332 11.5502 
  10.20087 9.438055 8.651758 8.124481 6.912739 5.524788 5.585232 5.683955 6.314655 8.709873 8.651905 10.36792 12.47973 11.8487 10.28344 9.51085 9.999786 9.867521 10.25642 11.27311 11.61022 10.94136 11.10197 
  8.49698 6.989092 5.52175 6.359352 6.756637 5.472871 7.414855 7.614991 7.887367 9.397909 8.195608 11.44475 12.68108 11.98935 9.411926 9.51085 9.880671 10.28438 10.28171 10.60755 11.02572 10.76005 11.16174 
  7.815423 6.695216 7.191088 8.026419 7.615199 7.32764 6.973222 6.96133 8.009409 9.022617 8.521535 10.66704 11.54011 11.63773 9.948242 9.576921 10.47625 10.39806 10.0541 10.39957 11.06747 10.69919 11.5502 
  6.367114 6.499299 8.025757 9.497359 8.239608 6.980937 6.973222 8.328075 8.131451 8.397129 7.869681 10.36792 11.67434 10.93448 9.277847 8.982274 9.880671 10.13279 9.529612 10.14998 11.23447 11.03201 10.98245 
  6.537503 6.40134 7.191088 7.438042 6.756637 6.703575 7.099402 6.842483 8.436556 8.647325 7.258328 9.650028 11.13741 10.58286 9.344887 9.576921 9.642438 9.753834 10.15526 10.19158 9.997089 10.25479 10.85955 
  5.600362 5.225838 5.939085 8.222544 7.927403 6.564895 8.045759 7.852686 8.07043 8.33458 7.674126 10.0688 11.20453 11.42675 9.613045 8.916203 9.58288 9.79173 9.811834 10.08688 10.69172 10.72984 10.74872 
  5.941141 5.715631 5.834751 7.634168 7.537148 7.188958 7.604126 6.367093 7.277157 7.834191 7.674126 9.11161 10.19779 10.44221 9.478966 8.741332 9.300634 9.705917 9.600167 9.75875 10.01884 10.79027 11.07209 
  4.435313 5.519713 5.730418 6.849666 6.600535 5.524788 6.405408 6.069974 7.338179 6.950503 7.022356 9.051786 9.929325 10.16092 8.94265 8.916203 9.109907 9.867521 9.788316 10.13736 10.31247 10.49998 10.8263 
  3.557672 5.421755 6.356419 6.065164 5.976126 6.079512 5.402287 6.129398 7.155116 7.146154 6.566142 8.154423 8.989702 9.317027 8.87561 9.18049 9.463764 9.354527 9.670723 10.56596 10.33422 10.65322 10.8928 
  4.523077 5.029921 5.417417 6.359352 6.834688 5.87149 5.774504 6.367093 6.911032 7.271252 7.60894 8.453544 8.989702 8.334664 8.518202 8.828767 9.25662 9.51425 9.917667 10.31637 10.22546 9.749094 10.24996 
  5.400718 4.526295 4.811263 6.359352 6.912739 6.148852 6.594679 5.876965 6.036405 6.205132 6.990892 8.104506 8.443405 8.418182 7.821256 8.116793 8.801809 9.338555 9.952946 9.619926 10.21459 10.16284 10.5603 
  5.770751 4.316544 5.52175 5.139685 4.325674 6.010171 6.153046 5.259333 6.17553 7.146154 7.47857 8.513368 8.721239 7.95883 7.803385 8.653896 9.271292 10.057 10.15526 10.14998 10.22546 10.14752 10.18346 
  4.669351 3.617376 4.783101 5.967101 5.365768 5.291162 5.900684 5.703256 5.572653 6.09865 6.943698 7.854922 8.536016 8.543461 8.94265 8.766314 9.197935 9.829626 10.15526 10.06164 9.975339 10.76005 10.41621 
  5.342208 4.736045 6.147752 6.751603 6.600535 5.524788 5.554741 6.48594 6.422864 5.859066 6.739188 7.954756 8.989702 8.334664 8.375238 8.828767 9.463764 9.829626 9.835353 9.859714 10.60822 10.63789 10.67113 
  5.16668 4.130099 5.000082 5.380473 5.144472 5.732809 6.594679 6.248245 5.850904 5.619482 7.47857 8.274071 7.856867 8.000589 8.250146 8.129284 9.13925 9.829626 9.89415 9.73351 10.16021 10.34673 10.87063 
  4.581586 4.712739 5.20875 4.537716 5.741973 5.524788 5.066888 6.069974 6.036405 5.379898 6.880772 7.954756 7.980349 8.459942 9.076729 8.441553 9.021879 9.705917 10.33229 10.27477 10.32334 10.5153 10.8263 
  4.259785 3.244486 4.895749 4.971134 5.25512 5.291162 5.371797 5.934867 6.129155 6.072029 6.644799 7.73013 6.807272 7.207162 8.089312 8.916203 9.13925 9.626056 9.858871 9.973297 10.05146 10.37738 10.51596 
  4.493822 4.712739 4.64229 5.091527 4.989564 4.771995 5.524251 5.99277 5.433528 7.003745 7.804496 7.43063 8.289053 7.499477 8.553943 8.891221 9.58288 9.905417 10.07939 9.771371 10.48297 10.62257 11.16174 
  4.610841 4.596211 4.50148 4.032062 4.657619 5.420954 6.089956 4.834712 5.835446 6.817401 7.038087 7.031295 7.671644 8.188506 8.500332 8.466535 8.948523 8.763554 9.529612 9.771371 10.44122 10.28544 10.4938 ]
