 [
  4.168063 3.807709 3.917624 4.67162 5.474743 5.060958 4.993862 6.045422 6.609623 6.373138 7.073191 7.056549 8.185694 7.594478 8.325449 8.801035 8.934246 9.626124 10.13184 10.27841 9.978832 10.42936 10.31407 
  4.197107 3.807709 3.726691 4.773758 4.336061 3.803477 3.968136 5.662092 6.444145 6.501827 6.53848 7.056549 7.055798 7.572309 8.720251 8.992783 9.040689 9.485473 9.552524 9.690436 10.36245 10.75625 10.82477 
  5.41201 3.896694 4.29949 4.773758 4.39396 4.534571 5.381359 5.786363 7.286823 6.69486 5.980808 6.436664 7.678769 8.060034 7.98421 8.732553 8.815976 9.192551 9.258642 9.586357 10.16151 10.68807 10.99471 
  4.080929 4.359416 4.22789 4.705666 4.702755 5.031714 5.221801 5.118405 5.881521 6.566172 6.833792 6.892089 7.800324 8.237388 8.652981 8.883213 9.444386 9.302524 9.920788 10.11297 9.933163 10.18169 10.85876 
  4.836088 4.670608 4.15629 4.620551 4.972951 4.91474 5.644317 5.864032 5.782235 6.762815 6.612837 7.671269 7.937075 8.082203 8.451169 8.718858 9.158957 9.031821 9.284197 10.00268 10.40822 10.82443 10.89275 
  4.632776 4.003477 4.442689 4.637574 5.185248 3.803477 4.720335 5.475685 6.344859 6.389225 6.749156 7.145104 8.106968 8.964906 8.854793 8.814732 9.380782 9.091037 9.794154 10.16812 9.87836 10.41388 10.72281 
  4.603731 4.234838 4.394956 4.552459 5.06945 5.615901 5.312977 6.875182 6.609623 5.777953 6.588051 7.208357 7.937075 9.328665 9.325686 9.073481 9.040689 8.811874 9.475859 10.00268 9.969698 10.38292 10.56777 
  5.155579 4.234838 4.688815 4.33116 4.625557 4.710033 4.811511 5.196074 4.656987 6.115761 7.312591 7.107152 8.185694 8.819402 9.123875 9.542489 9.147131 8.845713 9.667521 9.875467 9.814423 10.38292 10.79079 
  4.952267 4.963491 4.22789 4.756735 5.931455 4.856252 4.743129 5.755295 6.046999 6.24445 6.736764 6.917391 8.185694 8.382892 8.518439 9.073481 9.218093 9.226389 9.709732 10.16812 10.35332 10.48354 10.72281 
  4.865133 3.433973 4.442689 4.467344 4.644856 4.21289 4.993862 6.356582 5.848426 6.212277 6.179091 7.983849 7.678769 7.705325 8.07401 9.073481 9.241747 9.457342 9.751944 9.93329 10.08844 10.35196 10.53958 
  4.865133 3.807709 3.655091 4.705666 5.931455 6.227956 5.426947 5.553354 7.030962 7.034631 6.526088 7.421206 7.997852 8.31014 8.397289 9.140482 9.6352 9.851167 9.709732 10.44385 10.95739 10.6199 10.85876 
  5.242712 3.825506 4.275623 4.926965 4.857153 4.037427 5.03945 5.227142 7.286823 6.966677 6.773942 7.107152 8.421873 8.31014 8.922063 9.341486 8.697707 8.803415 9.539746 10.33356 10.40822 10.24361 10.65234 
  5.213668 4.306026 3.846024 4.875896 4.278162 4.563815 4.788717 5.941702 6.675814 6.69486 7.372441 7.733785 8.185694 7.572309 7.98421 8.705161 8.80415 9.167172 8.939206 9.72513 9.841825 10.18169 11.06268 
  5.750606 4.359416 4.347223 4.467344 4.278162 3.540284 5.199008 5.69316 5.550566 6.180105 6.749156 6.72763 7.709158 7.927017 8.787522 8.814732 8.496649 9.626124 9.878577 9.956418 10.11584 10.37518 10.34226 
  5.835255 4.670608 3.917624 4.926965 5.455443 4.943984 5.335771 4.947532 6.146286 5.970986 6.48891 6.879439 7.861103 7.616647 8.518439 8.444932 8.886938 9.344821 9.27142 9.736694 10.14324 10.51763 10.66643 
  4.923222 3.807709 3.320958 4.909942 4.722055 4.154402 5.535632 5.879566 5.881521 6.437483 6.228662 7.043898 7.587603 8.015695 8.23565 8.869516 9.253573 9.738646 9.709732 9.967983 10.36245 10.33648 10.65234 
  5.496659 4.555183 4.788011 4.875896 5.243147 5.090202 5.358565 5.662092 5.616757 6.517913 7.432291 6.866788 7.967463 8.14871 8.307489 10.0785 9.253573 9.569863 9.878577 9.944854 10.40822 10.37518 10.89275 
  5.665957 4.110259 4.180157 4.739712 4.239563 5.119446 5.176213 5.81743 6.245572 5.938814 6.203877 7.056549 8.500599 8.237388 8.415249 8.486021 8.721361 9.372952 9.475859 9.262553 10.15238 10.33648 10.44092 
  5.213668 4.252635 2.962959 3.837492 4.625557 5.177934 5.221801 5.910634 4.954846 6.662688 7.252741 7.296175 7.876297 6.818552 8.19973 8.732553 9.253573 9.485473 9.667521 10.27841 10.08844 10.6199 10.34226 
  4.865133 4.021274 4.418823 4.229022 4.471159 4.856252 5.085038 5.941702 6.675814 6.421397 6.526088 6.424013 8.343146 8.126541 8.652981 9.140482 9.6352 9.682384 9.296974 9.72513 10.59128 10.29778 10.72281 
  5.665957 4.57298 4.688815 4.926965 5.06945 4.534571 3.968136 6.252862 7.030962 5.761867 6.426946 6.828836 7.815519 8.237388 8.415249 10.0115 10.27124 9.006442 9.751944 10.60929 10.63704 10.00367 10.72281 
  12.60717 13.35948 13.41807 13.42113 15.52239 15.40878 15.53468 16.62486 16.58312 14.71344 13.53698 13.79782 16.53069 16.45834 15.2455 16.10861 16.18645 13.73728 12.66452 13.86298 13.88631 12.18799 11.98034 
  15.31593 15.8978 16.59235 16.1035 17.69177 17.55097 16.62153 17.55835 17.69185 15.12116 13.89608 14.04788 17.63286 17.54962 16.99453 17.38164 17.26772 14.79299 13.88865 16.06886 15.48806 12.86977 13.4078 
  16.10442 16.48357 17.68999 17.22115 19.17608 19.17263 18.46918 18.18066 17.93431 15.44091 14.43473 14.98562 18.10522 18.3378 18.91589 19.09161 17.71418 13.62417 14.85951 16.67548 15.94571 13.89244 14.25748 
  16.66398 17.06933 18.09582 17.89174 20.0895 20.08314 19.01261 19.21786 19.32848 16.30364 14.71513 15.66919 19.28081 19.40746 19.97537 20.01375 18.4591 14.67988 16.34694 17.43947 16.22029 14.88072 15.0052 
  17.06366 17.41682 18.21178 18.45057 20.46909 20.49701 19.12129 20.56073 20.60142 16.97466 15.79003 16.29975 19.23182 19.40746 20.02835 20.1395 19.071 14.64218 16.78359 18.63634 17.46972 15.11719 15.68301 
  17.35676 17.60987 18.17313 19.0094 21.14836 21.03504 19.39663 21.687 21.51065 18.07705 16.77145 17.24558 19.91759 19.91415 19.81645 19.72034 17.92702 14.56677 16.98512 18.82532 18.50373 16.19821 15.15449 
  17.54328 17.71283 18.13448 19.49509 21.18832 21.07643 19.33866 21.55704 21.14696 18.26877 16.91165 17.60027 20.26047 20.36454 20.34619 20.09758 18.4857 14.98151 16.95153 18.00641 17.5128 15.72526 15.64236 
  17.67651 17.73857 18.1538 19.56999 21.00851 20.82811 19.54156 21.47041 21.02573 18.41256 17.379 17.7185 20.30945 20.64603 20.29322 20.1395 18.40589 15.01922 16.4477 18.47886 18.76223 16.4009 17.63449 
  17.75645 17.80292 18.26975 19.74476 21.28821 21.07643 19.94737 21.94691 21.26819 18.3167 17.09859 17.67909 20.70131 20.92752 19.76348 19.38502 18.24627 14.94381 16.64923 18.51035 18.93456 16.97519 17.22793 
  17.75645 17.8544 18.34706 19.8696 21.30819 20.95227 20.04882 21.94691 21.20757 18.17291 17.05186 17.67909 20.55436 20.64603 19.60456 19.17544 17.8206 14.26514 17.0523 18.69934 18.20214 16.70494 16.74006 
  17.70316 17.8544 18.40503 19.90705 21.30819 20.91088 20.16476 21.90359 21.08634 17.93326 17.05186 17.67909 20.94623 20.92752 19.97537 19.63651 18.08664 14.75529 16.81718 18.1324 18.24522 16.06308 16.69941 
  17.64986 17.88014 18.40503 19.96947 21.34815 20.91088 20.0923 21.86027 21.02573 18.07705 17.05186 17.7185 21.19114 21.09642 20.39917 20.22333 18.64533 14.98151 16.51488 18.60485 18.63297 15.96174 15.39842 
  17.59657 17.8544 18.38571 20.00692 21.22828 20.70395 20.10679 21.73032 20.96511 17.98119 16.86492 17.63968 20.7503 20.58973 20.29322 20.01375 18.56552 15.32085 17.18665 19.0458 17.7713 15.62392 16.13023 
  17.51664 17.81579 18.38571 20.0194 21.12838 20.5384 20.13578 21.687 20.9045 17.78947 16.77145 17.7185 20.4564 20.36454 20.02835 19.80417 18.4857 14.71758 16.24617 18.0694 17.55589 15.99552 16.33351 
  17.4367 17.73857 18.34706 19.99443 20.96856 20.45563 20.25172 21.73032 20.9045 17.64568 16.63125 17.52145 20.21148 20.30824 19.86943 19.88801 18.83156 15.32085 16.17899 17.78593 17.16813 15.21854 16.45547 
  17.33012 17.73857 18.34706 19.98195 20.90862 20.37285 20.17925 21.60036 20.78326 17.3581 16.44431 17.40322 20.55436 20.47713 19.76348 19.80417 18.67193 14.64218 15.77593 17.75444 17.21122 15.69148 16.17088 
  17.25018 17.73857 18.3084 19.91953 20.82871 20.33146 20.13578 21.60036 20.66203 17.11845 16.30411 17.28499 20.60335 20.19564 19.49861 19.55268 18.72514 14.60447 15.87669 17.72294 18.0298 16.06308 16.45547 
  17.11695 17.68709 18.19245 19.85711 20.76877 20.24869 20.0923 21.77363 20.60142 17.07052 16.21064 17.16676 20.1625 19.85785 19.55158 19.63651 18.69854 14.56677 15.84311 17.06151 17.38355 16.09686 16.6181 
  17.01037 17.68709 18.05717 19.81966 20.90862 20.2073 20.03432 21.90359 20.41957 17.02259 16.11717 17.12735 20.01555 19.91415 19.49861 19.59459 18.77835 14.60447 16.31335 17.43947 17.72822 15.89417 16.13023 
  16.90379 17.597 17.90257 19.60744 20.88864 20.00037 19.90389 21.81695 19.81341 17.07052 16.0237 16.9303 20.11352 19.74525 19.55158 19.63651 18.85817 14.71758 16.31335 18.22689 17.5128 15.82661 16.41482 
  16.7972 17.51978 17.80594 19.43267 20.86866 19.83482 19.81693 21.42709 19.08602 16.83088 15.64982 16.57561 19.42776 19.12597 18.96887 19.21735 18.61873 13.9258 15.30569 17.31349 17.68514 15.75904 17.26859 
  16.69062 17.37821 17.70931 19.34528 20.82871 19.66927 19.86041 21.2105 18.78294 16.54329 15.32268 16.37857 19.08488 18.84448 18.59805 18.7982 18.59212 13.77499 15.91028 18.1324 18.58989 15.99552 17.59384 
  16.55739 17.27525 17.53538 19.30783 20.80873 19.50373 19.86041 20.99391 18.29801 16.064 14.9488 16.14211 19.13386 18.73188 17.96236 18.04371 17.55456 13.13402 15.84311 18.22689 18.0298 14.84694 15.88629 
  16.39752 17.18516 17.4001 19.24541 20.66888 19.21402 20.06331 21.03723 18.11616 15.82435 14.76187 15.90565 19.08488 18.50669 17.69749 18.12755 17.55456 12.9455 15.74234 18.19539 17.2543 15.35366 16.45547 
  16.18435 17.12081 17.28415 19.2579 20.60894 18.80015 20.06331 20.69068 18.05554 15.63263 14.71513 15.39332 18.1542 17.83111 17.69749 17.83414 16.9497 12.60794 16.68282 18.69934 17.34047 15.31988 15.9676 
  16.07777 17.12081 17.08833 19.24541 20.38918 18.46905 20.01983 20.38745 17.3507 15.39298 14.62166 15.78742 18.10522 17.47687 17.0618 17.58264 17.39493 11.98907 15.70875 17.91192 17.68514 15.01585 14.97121 
  15.99312 17.06933 17.08833 19.23293 20.12946 17.95901 19.90389 19.95427 16.92426 15.05321 14.07563 15.23568 18.10522 17.47687 16.92726 17.38164 17.0133 11.48272 14.90172 17.156 16.34954 15.11719 16.13023 
  15.90847 17.0822 17.18752 19.42018 20.0895 17.95901 19.62852 19.21786 16.49783 14.57753 13.71653 14.48549 16.92432 16.45834 16.32183 17.31464 17.33133 11.90468 14.60624 16.51004 15.67112 14.0288 15.11383 
  15.90847 17.06933 17.18752 19.38273 19.86115 17.75499 19.41113 18.69926 15.90082 14.0339 13.11803 13.98536 16.53069 15.87633 15.78366 16.97963 17.20412 11.3702 15.07057 16.78578 14.8016 14.13107 15.07317 
  15.82383 16.97171 17.18752 19.28286 19.63279 17.65298 19.33866 18.28439 15.3891 13.35435 12.57938 13.54775 16.05833 15.29431 15.9182 17.31464 17.42153 11.34207 14.69066 16.3446 14.06937 13.51746 14.7333 
  15.65453 16.87408 16.98913 19.12116 19.29026 17.55097 19.01261 17.66206 14.7068 12.87868 12.10058 12.79757 15.27107 14.63955 15.64912 16.84563 16.75889 11.14516 13.7198 15.4071 13.88631 13.89244 14.66533 
  15.48523 16.77645 16.98913 19.12116 19.0619 17.55097 18.79523 16.8323 14.10979 12.33504 11.68163 12.10989 14.87744 14.49404 15.2455 16.71162 16.50447 10.04808 14.39519 15.84828 14.34395 13.44929 14.12153 
  15.40058 16.77645 16.98913 18.89763 18.71937 17.65298 18.57787 16.31371 13.85393 12.19914 11.44223 11.98486 14.32635 13.76652 15.11096 16.57762 16.50447 10.35751 12.74895 14.24901 14.29819 13.31293 14.15552 
  15.31593 16.67882 16.98913 18.6741 18.37683 17.44896 18.25181 15.58766 13.59807 11.72346 10.96343 11.98486 14.32635 13.62102 14.64006 16.17562 15.80482 9.991817 12.11578 13.36665 14.1609 13.4152 13.81565 
  15.23128 16.67882 17.08833 18.56234 18.0343 17.55097 17.92575 14.86162 13.25692 11.6555 10.84373 12.10989 14.71998 13.98478 14.64006 16.37662 15.99563 9.879296 11.65145 13.97327 14.84736 12.86977 14.05356 
  15.14664 16.48357 17.08833 18.33881 17.46341 17.44896 17.38233 14.44674 12.65991 11.31573 10.84373 11.7348 14.09017 13.62102 14.64006 16.24262 15.67761 9.597994 10.89165 14.19386 15.12195 12.01755 12.52413 
  14.97734 16.28831 16.88993 17.77998 16.89252 17.04092 16.40416 14.03186 12.0629 10.56824 10.30508 11.54725 14.24763 13.40277 13.69827 15.84061 15.35959 9.597994 10.7228 13.4218 14.48125 12.01755 12.79603 
  14.89269 16.19068 16.98913 17.77998 16.77835 17.24494 16.29548 13.61698 12.0629 10.7721 10.06569 11.17215 13.53909 12.82075 13.36192 15.4386 15.04157 9.569863 11.06049 13.47695 14.61854 12.18799 12.42217 
  14.72339 16.09306 16.88993 17.55645 16.54999 17.34695 16.29548 13.51326 12.14819 10.84006 10.24523 11.3597 13.69654 13.18451 13.90009 15.90761 15.35959 9.851167 10.80723 13.20121 14.25243 11.74483 12.96597 
  14.55409 15.8978 16.79074 17.33292 16.32163 17.14293 15.96942 13.09838 11.72175 10.36438 9.527037 10.547 12.83055 12.52974 13.29465 15.3716 14.72355 9.513603 10.42732 12.4843 13.24561 11.26759 12.49015 
  14.38479 15.50729 16.39395 16.88586 16.20746 16.93892 15.53468 12.57978 11.12474 9.8887 9.167936 9.921839 12.04329 11.58397 11.61289 13.29456 12.561 9.597994 10.3429 12.26371 12.97102 11.16532 11.60648 
  14.13085 15.21441 15.69958 16.21527 15.29403 16.12284 14.77388 11.02398 9.845436 8.86939 7.67169 8.046364 10.39003 9.837927 9.392957 11.28452 10.84368 9.014902 10.21627 11.87768 12.97102 11.16532 11.43654 
  13.96155 15.11678 15.69958 16.21527 15.40821 15.7148 14.44782 11.33514 10.35716 9.073252 8.748988 9.109133 11.25602 10.9292 9.931122 12.82555 12.05217 9.260226 9.962999 10.77474 11.87268 10.55172 10.6171 
  13.62295 14.53101 14.60842 15.43291 14.26643 15.20476 13.68703 9.571903 8.395555 7.510309 7.49214 7.858817 9.36659 9.692424 9.258416 11.55253 11.0345 9.116415 10.00521 10.60929 11.50656 10.72216 11.06268 
  13.62295 14.33576 13.61646 14.53878 14.03808 14.08266 13.1436 9.779343 8.310268 7.170538 6.588051 7.733785 8.500599 8.528395 8.415249 11.28452 10.78008 9.597994 10.08963 10.60929 11.96421 10.82443 11.26661 
  12.86111 13.26185 12.7237 13.86819 11.8687 12.85855 12.49149 9.053303 6.742005 7.238492 7.252741 7.233659 8.658052 9.183161 9.392957 11.82053 11.54333 9.710515 9.962999 11.71224 12.87949 11.60848 12.38818 
  12.60717 11.40692 11.83093 12.19171 10.15603 11.94047 11.94806 8.845862 7.457397 7.646217 6.893642 7.233659 8.421873 8.455643 8.518439 10.41351 10.01683 9.541733 9.836366 10.94018 12.28456 11.06305 11.74243 
  12.43787 10.6259 10.64058 11.52112 10.72692 11.63444 12.81754 9.779343 8.651417 7.918033 6.637622 6.993295 9.13041 9.401417 8.720251 9.810494 9.123477 9.099497 9.629189 10.71959 11.55233 10.79034 11.60648 
  12.35322 11.3093 10.54138 11.63288 10.49857 10.92038 12.49149 10.6091 7.627972 7.985987 7.312591 7.483722 8.894231 9.328665 8.922063 9.743493 9.253573 9.20947 9.424749 10.88503 11.14045 11.06305 11.47053 
  12.18392 11.69981 10.2438 10.06817 9.813499 9.594257 11.83938 11.1277 7.627972 8.053941 7.79139 8.609007 9.13041 9.110409 8.652981 9.743493 9.953221 9.569863 9.878577 10.77474 11.91844 10.68807 10.79079 
  11.50673 11.40692 9.64862 8.950518 9.927678 10.92038 12.27412 11.54258 8.395555 8.393711 7.192891 7.921332 9.838947 9.765176 8.585711 10.68151 9.826013 9.569863 9.143645 10.22326 11.87268 11.19941 10.69462 
  10.74489 10.52827 9.152639 8.391691 9.585144 10.81837 11.62201 11.95746 8.821991 7.578263 6.711978 7.483722 9.838947 9.910679 8.518439 10.74851 9.507991 8.913388 9.32253 10.38871 11.27774 10.65399 10.79079 
  9.221211 8.575718 7.466306 7.385803 8.900078 10.20631 11.62201 12.99466 11.3806 7.578263 7.67169 8.10888 9.524042 9.619672 7.966251 10.0785 9.953221 9.133334 9.794154 10.38871 11.4608 10.82443 11.13066 
  6.766393 6.135025 7.565501 8.503456 8.215011 7.860103 11.07858 13.61698 11.46589 8.189849 7.49214 7.921332 9.917674 9.983431 7.463372 9.743493 10.01683 8.854172 9.641966 9.956418 11.09468 10.85852 10.96072 
  6.343148 7.20893 8.160678 7.721099 7.301588 9.28823 10.9699 14.03186 12.31876 9.277113 7.79139 7.796301 8.421873 8.455643 7.535212 9.140482 9.317178 9.541733 9.962999 10.71959 10.8201 10.6199 11.06268 
  4.981311 6.623163 7.565501 7.385803 8.329188 10.00229 10.75253 12.89094 11.72175 8.801435 7.79139 7.145104 9.13041 9.255913 7.571132 9.408487 9.380782 9.048739 9.709732 10.11297 10.54551 10.72216 10.7568 
  5.010356 5.549258 5.978364 7.274037 7.644122 9.39024 10.75253 12.78722 11.80704 8.529619 8.330039 7.796301 9.287863 9.54692 8.451169 8.937998 9.317178 9.513603 9.794154 10.499 10.54551 10.6199 10.55368 
  5.327362 7.20893 6.672737 5.821088 7.872478 9.186221 10.75253 12.37234 12.0629 9.616883 8.330039 7.733785 8.815505 8.819402 8.585711 9.274485 9.698804 9.401082 9.590856 10.05782 10.59128 10.45258 10.96072 
  4.777999 6.33028 5.978364 6.938742 7.644122 8.06412 9.883043 10.19422 10.18658 7.238492 8.090639 8.671522 8.264421 8.601147 8.433209 8.349058 9.317178 9.738646 9.962999 10.11297 9.896627 10.72216 10.89275 
  6.343148 6.037397 6.375148 7.94463 8.443366 7.452066 8.035393 8.223542 8.736704 8.053941 7.67169 7.35869 8.343146 8.892154 8.854793 8.1984 8.674053 9.879296 9.878577 10.05782 10.45398 10.79034 10.96072 
  5.919904 5.256375 5.779972 6.268149 7.301588 6.431974 7.165911 7.082622 7.96912 7.374401 6.662407 7.296175 8.028241 8.126541 8.585711 9.006479 9.6352 9.429212 9.348084 9.794517 10.49975 10.79034 11.06268 
  4.545642 6.135025 5.482384 6.603445 6.844877 6.94202 7.491967 7.186342 6.860388 6.131847 7.013341 7.608754 7.739547 8.31014 8.451169 8.910605 9.087996 9.319443 10.00521 9.493841 9.777887 10.12751 10.69462 
  5.327362 4.963491 4.204023 5.709322 6.616521 6.329966 5.970373 6.771462 7.96912 7.646217 7.67169 7.983849 7.663575 8.060034 9.056604 9.207483 9.444386 9.344821 9.794154 10.11297 10.24371 10.321 10.56777 
  4.429464 5.061119 5.58158 4.824827 6.273988 6.533984 5.535632 5.662092 7.883833 7.034631 6.364983 7.671269 7.344492 7.860509 9.325686 9.006479 9.147131 9.654254 9.641966 9.794517 10.26198 10.38292 10.56777 
  3.383858 4.39501 5.680776 5.709322 5.204548 5.411883 5.644317 4.994134 6.080094 6.308794 6.893642 7.796301 7.390075 7.794002 8.325449 8.691465 9.135303 9.626124 9.751944 9.863903 10.49975 10.321 10.57482 
  3.96475 4.270432 5.184795 5.821088 5.817277 5.717911 5.535632 4.9786 6.860388 7.510309 7.073191 7.296175 7.861103 7.638817 7.301733 8.937998 9.380782 9.654254 10.08963 9.991112 10.59128 10.82443 10.30702 
  5.0394 3.718724 3.249358 4.143907 5.703099 5.513893 5.644317 5.304812 6.576528 5.858384 6.773942 7.208357 7.678769 8.104372 8.325449 8.129918 8.603091 9.226389 9.437527 9.748259 9.869226 10.22039 10.51139 
  5.327362 4.537386 4.15629 5.597557 5.416844 5.119446 4.993862 5.926168 6.775101 6.437483 7.73154 7.671269 8.106968 7.971356 7.876451 8.41754 8.946073 9.513603 9.437527 10.27841 10.34419 10.48354 10.53958 
  5.581308 4.768236 4.132423 4.790781 4.876453 5.411883 4.743129 5.553354 5.484375 6.389225 7.312591 6.449315 7.390075 8.31014 8.451169 8.732553 9.253573 9.457342 9.629189 9.944854 9.924029 10.55172 10.57482 
  4.894177 3.789912 4.490423 4.875896 5.455443 5.324152 5.03945 5.211608 6.775101 7.034631 6.439339 6.651726 7.177353 7.594478 8.652981 9.207483 9.507991 9.569863 9.143645 9.852339 10.40822 10.22813 10.27179 
  5.581308 4.57298 4.887207 4.909942 5.146648 5.177934 4.720335 5.584422 5.749139 6.16402 6.612837 7.183056 7.420464 7.660986 8.37933 8.896909 8.969727 8.88801 8.849764 9.944854 10.04277 10.39066 10.82477 
  5.665957 4.670608 4.371089 5.262261 5.817277 4.739277 4.583571 6.252862 6.609623 5.66535 6.340197 7.296175 7.678769 8.31014 8.28953 8.650376 8.697707 9.401082 9.488636 9.459148 9.978832 9.988193 10.50435 ]
