 [
  5.372627 5.325515 4.764393 5.383293 4.40438 4.761125 5.058107 5.532044 5.968777 6.77963 7.630333 7.677754 7.589588 8.648396 8.836589 9.345175 9.943229 9.385606 9.875526 10.18637 10.08357 10.3141 10.67031 
  4.422836 5.325515 5.32638 5.531047 5.325746 4.959844 4.377071 5.139539 5.928721 6.69547 6.837981 6.524031 7.611275 7.668048 8.954738 8.930773 9.029085 9.425584 9.683138 10.15959 10.34834 9.975113 10.64623 
  3.546106 5.381385 4.505013 4.999134 4.856371 4.420462 4.940687 5.113372 6.609678 7.095229 6.795539 6.744956 7.437779 7.689245 7.938361 8.24025 8.959548 9.7672 9.430678 9.919935 9.729541 10.2463 10.21291 
  2.08489 4.040498 4.634703 5.45717 5.186671 3.966246 4.799783 5.322708 5.327876 5.959071 6.710653 7.235903 8.08839 8.648396 8.600289 8.580541 8.855243 9.285661 9.747268 10.1328 10.33328 10.40902 10.67833 
  4.130593 4.990293 4.461784 4.703626 4.508686 3.852692 4.823267 5.767548 6.289227 6.52715 6.307448 6.916788 7.741397 7.540869 7.665522 8.366283 8.916087 9.445573 9.578927 10.1328 10.01985 10.68765 10.79597 
  6.030174 6.051828 5.4993 5.619699 5.430051 5.527614 5.786111 6.604893 6.329284 6.127391 6.965309 8.043442 7.611275 8.282749 8.353077 8.693971 8.959548 9.405595 8.716391 9.133415 9.878234 10.348 10.52587 
  5.884052 7.001623 5.32638 4.866155 5.806396 4.647571 5.175527 5.819881 6.48951 6.77963 6.371112 6.401294 8.153451 7.985997 8.777514 8.479713 9.08993 9.325639 9.525019 9.856506 10.11189 10.51619 10.39747 
  5.884052 7.616197 6.104517 5.043459 5.618224 4.761125 4.964171 6.395556 6.008833 6.84275 7.368514 6.597672 7.242596 8.176766 8.541215 9.167574 9.271111 9.415589 9.255476 9.75502 9.906556 10.29376 10.81949 
  5.226505 6.442921 5.153461 4.851379 4.978061 5.016621 5.316431 6.160053 6.409397 7.417025 7.135079 6.695862 8.348635 8.09198 8.320336 8.812371 9.322812 9.325639 9.37677 9.831135 10.24293 10.23274 10.38142 
  6.103235 5.716607 5.32638 5.309416 4.752065 5.186952 5.880047 6.846745 6.569622 6.001151 6.371112 6.671315 7.741397 6.926167 8.254855 8.404093 9.011701 9.536759 9.498064 10.29352 10.48386 10.88056 11.21946 
  5.737931 5.604866 4.677933 5.043459 4.925908 5.470837 4.917203 5.92455 6.04889 5.832831 6.583325 7.014977 8.023329 8.49169 8.17846 8.630954 9.020392 9.475556 9.444156 9.805763 10.28811 10.62335 10.93713 
  7.358721 7.057494 4.505013 5.471946 5.09975 4.988233 4.823267 4.930202 4.086131 5.832831 6.859202 6.3522 6.982351 7.307706 7.927447 8.152025 8.577095 9.613573 9.915607 9.856506 10.05525 10.53762 11.05477 
  9.376765 9.183828 3.337809 5.412844 5.994569 5.272118 4.588428 5.348875 4.8472 6.064271 6.583325 6.794051 7.546214 7.880014 8.482141 8.812371 8.768321 9.12575 9.578927 9.958699 10.10481 10.34122 10.77244 
  10.94636 10.67308 5.36961 4.984358 4.317459 4.874679 5.645207 5.21804 5.728439 6.990029 7.368514 7.113166 7.654649 8.09198 7.894707 8.567937 9.107314 9.165728 9.525019 10.23994 10.43868 10.40902 10.53389 
  11.91801 11.53528 6.183165 5.634475 4.76945 4.959844 5.880047 5.270374 6.249171 6.44299 6.837981 7.039524 7.329344 7.795228 7.992929 8.265456 9.116006 9.335633 9.349815 9.843821 10.14022 10.45189 10.9136 
  12.14223 11.8488 5.845138 6.193647 5.71231 5.951834 5.363399 6.766128 6.04889 6.127391 7.368514 7.407734 7.611275 7.498476 7.992929 8.164629 8.976933 9.145739 9.322862 9.856506 9.842831 10.40902 10.53389 
  11.46955 11.06499 6.812344 6.353411 4.960676 4.988233 5.762627 5.689046 5.648327 6.88483 6.922867 7.014977 8.001642 8.387219 8.33125 8.812371 9.072545 9.715991 9.779332 10.05245 10.19776 11.05203 10.67833 
  10.34842 9.889263 6.497754 6.593057 4.943292 5.328895 5.880047 6.927363 6.649734 6.59027 6.01035 8.28387 8.370321 7.985997 8.047497 8.076406 9.426214 10.38171 9.691154 10.34709 10.42362 10.88056 10.46969 
  9.82522 9.654119 5.888368 6.193647 6.088655 5.669557 5.574755 7.249833 7.384788 7.258601 6.689432 8.644513 8.712096 8.439455 8.134806 8.35368 9.99493 10.86819 9.7633 10.10602 10.22787 11.545 11.14887 
  8.853569 9.262211 6.183165 6.75282 5.71231 5.527614 5.880047 7.97539 7.711478 7.179389 7.326072 9.425905 9.566533 8.219159 7.763744 9.345175 10.40854 10.38171 9.875526 10.01227 10.27305 11.4164 11.26651 
  7.807176 9.183828 7.756114 5.954002 4.76945 5.328895 6.316569 7.894773 7.793151 7.575449 7.433969 10.44773 10.02223 8.59616 8.600289 9.108374 10.77045 10.45852 9.228521 9.869192 10.52903 11.20206 10.89007 
  8.405114 9.183828 7.756114 7.152229 7.594037 6.422297 7.538833 9.829593 11.63176 13.1203 15.68126 17.15623 16.01498 13.29733 12.20385 14.02201 14.90657 14.24495 11.33102 13.1186 12.06491 11.22349 11.19593 
  9.077796 10.90822 10.74472 8.190693 9.758024 10.37418 10.41988 10.797 12.53016 14.30848 15.41944 17.2067 16.50439 13.97638 14.74406 15.38362 15.26848 14.83776 12.23854 13.57455 14.52097 14.15271 14.15443 
  9.077796 10.20279 10.27283 8.989511 10.6048 10.37418 10.50719 9.58774 11.71343 13.27872 11.95034 12.49137 12.87036 12.14815 12.79459 14.02201 13.76914 13.224 10.83836 12.99701 13.6408 13.15251 13.68982 
  9.600992 8.713539 7.048286 7.072348 10.98115 11.59739 11.20562 11.03886 12.20347 12.24896 11.68852 12.37115 12.35769 11.67804 11.79032 12.12759 11.70108 9.741595 9.498064 11.78115 11.79387 12.03797 13.05458 
  12.51595 11.61366 9.014473 8.51022 10.69889 11.50329 11.29293 10.15206 11.55009 12.64502 12.40853 11.70998 11.78807 11.10345 11.79032 12.4236 12.21809 10.53533 9.390247 10.96315 11.02593 12.35947 13.00753 
  15.95409 15.37598 13.73332 14.34159 15.68546 16.20792 15.39624 15.79529 15.96041 16.05114 14.96126 14.89565 14.97797 14.13309 14.27146 15.67962 14.75146 11.81556 10.22022 11.231 11.61318 11.97367 13.21927 
  16.87039 17.7688 16.99014 15.97857 17.69306 18.16974 17.42079 17.47619 18.07556 17.91341 16.16039 16.3992 16.34126 15.37594 16.00211 17.15522 16.30354 13.4216 10.56492 12.08512 11.77882 12.80958 14.34449 
  16.25306 17.4139 16.73022 15.69958 17.47311 17.83626 17.2501 17.15133 18.00358 17.64572 15.74672 15.43662 15.90622 15.55041 16.35938 16.80178 15.52699 13.28986 10.86429 11.60599 11.62824 12.38091 13.31338 
  16.33642 17.7688 16.09274 16.28714 17.80883 18.41546 17.93286 17.80105 18.72339 18.077 16.32126 16.17209 16.66753 16.45182 16.92079 17.68538 16.22757 13.4216 11.17544 12.93622 12.11009 13.04535 13.98548 
  16.36226 17.68326 16.17139 16.23805 18.08667 18.74893 18.4937 18.25585 19.11928 18.22571 16.57406 16.47491 16.85786 16.80075 17.53325 19.05495 17.93682 14.24495 10.94208 13.36177 12.79891 13.78597 14.5768 
  16.32781 17.57066 16.27536 16.28013 18.13298 18.67873 18.37178 18.3858 19.26324 18.22571 16.62002 16.14686 16.45001 16.30643 17.02287 18.96659 18.12674 14.40962 11.69403 12.78424 12.5693 14.11937 14.78798 
  16.32781 17.64904 16.0141 16.13987 18.02879 18.67873 18.37178 18.35331 19.26324 17.94315 16.32126 15.94499 15.98779 15.9575 17.48221 19.01077 17.82287 13.38867 10.78651 11.75075 12.99025 15.25293 15.02029 
  16.25306 17.57066 16.0141 16.06974 18.02879 18.59097 18.20109 18.02845 18.83136 17.66059 16.32126 16.12163 15.98779 16.01565 17.04839 18.96659 17.93682 13.78387 11.27916 11.65956 12.6841 14.31941 14.26002 
  16.25306 17.57066 16.0141 16.04169 17.95933 18.67873 18.1767 18.19088 18.75938 17.31854 15.74672 15.49673 15.85184 16.21919 17.2015 18.83405 17.55699 13.4216 10.96801 12.02432 12.22489 13.48591 14.45009 
  16.25306 17.64904 16.0141 15.9435 17.76252 18.50321 18.20109 18.45077 19.11928 17.72007 16.16039 15.84405 15.87903 15.87026 16.33386 17.99464 17.02522 12.96053 10.56492 10.56137 11.6433 14.51945 14.91469 
  16.25306 17.57066 16.0141 15.92948 17.72779 18.3628 18.07917 18.22337 18.93933 17.51187 16.0225 15.71788 15.66152 15.81211 16.51249 17.90628 16.91127 13.02639 10.43666 11.72036 12.6841 14.58613 14.38673 
  16.25306 17.57066 16.09274 15.97156 17.84356 18.43301 18.1767 18.32083 19.01131 17.33341 15.97653 15.79358 15.66152 15.89934 16.7932 18.34807 17.02522 13.09226 10.53286 11.43189 13.14332 14.68615 14.38673 
  16.32781 17.57066 16.21038 16.04169 17.95933 18.53832 18.32301 18.51574 18.90334 17.31854 15.95355 16.02069 15.68871 15.81211 16.84423 18.34807 16.64539 12.53248 10.54087 10.94975 12.60757 13.48591 13.57218 
  16.35364 17.64904 16.34034 16.18195 18.08667 18.66117 18.39616 18.74314 19.08329 17.48213 15.88461 15.71788 15.43367 15.4341 16.28282 17.95046 16.41749 12.79586 10.96801 11.11047 12.30143 15.25293 14.70351 
  16.45699 17.75169 16.43131 16.30117 18.20244 18.81914 18.59124 18.97054 19.37121 17.43751 15.55035 15.49673 15.74309 15.89934 15.15758 17.02268 16.26556 12.22523 10.56492 12.2067 12.95198 14.55279 13.87989 
  16.48283 17.71747 16.62625 16.28013 18.19086 18.80159 18.54247 18.90557 19.22725 17.36315 15.68126 15.64217 14.92101 14.6032 14.86221 17.11104 16.11362 12.92759 10.86429 10.89618 11.56801 14.01935 13.96436 
  16.50867 17.74313 16.66524 16.22402 18.13298 18.69628 18.37178 18.77563 19.26324 17.72007 15.88461 15.61694 14.40834 14.34203 15.39388 16.40416 15.92371 12.76292 11.17544 11.12386 11.55295 13.95267 14.02772 
  16.5345 17.7859 16.63925 16.21 18.09825 18.62607 18.37178 18.74314 19.26324 17.86879 15.86162 15.55683 14.63619 14.34203 15.68925 16.35998 14.90657 13.02639 10.63093 10.60155 11.40237 12.95961 13.5016 
  16.54312 17.79446 16.69123 16.18195 18.05194 18.46811 18.10355 18.41828 19.15527 18.10674 16.04548 15.49673 14.52227 13.92415 15.8074 16.5367 15.16508 13.19106 10.58897 10.46762 11.32709 12.61668 13.28986 
  16.55173 17.80301 16.74322 16.15389 17.97091 18.2926 17.90848 18.19088 18.97532 18.19597 15.68126 15.55683 14.63619 14.08085 16.02763 16.7576 15.99967 12.79586 10.11601 10.64172 10.92053 12.78814 13.5016 
  16.56034 17.82012 16.73022 16.08376 17.90144 18.11708 17.61587 17.80105 18.83136 18.22571 15.74672 15.2563 14.35138 14.18532 15.92555 16.27162 15.80976 12.50688 10.3565 11.43189 11.68847 12.38091 13.59571 
  16.59479 17.87144 16.69123 16.09078 17.90144 18.01178 17.44518 17.63862 18.57943 18.25546 16.11442 15.49673 14.63619 14.23756 15.57111 16.49252 16.11362 12.71171 10.605 11.44528 12.00468 12.72384 13.75317 
  16.57757 17.91421 16.61325 16.05571 17.80883 17.83626 17.2501 17.18382 17.96759 17.97289 16.34424 15.49673 15.20582 14.65544 16.00211 16.5367 15.92371 12.76292 11.01987 12.81464 13.48773 12.95961 14.0066 
  16.61201 17.96553 16.53528 16.00662 17.69306 17.7134 17.05503 16.92393 17.10382 17.34828 16.57406 15.89452 15.54759 15.1724 16.10419 16.21242 15.77177 12.40446 10.89022 11.96353 13.4112 13.35255 13.85877 
  16.64647 17.99119 16.50929 15.85935 17.37902 17.43113 16.6185 16.35961 16.20543 16.76405 16.87282 16.09639 15.98779 14.96885 15.95107 16.09402 15.57869 12.27644 10.94208 12.14591 13.37293 13.65261 14.5768 
  16.6723 18.04252 16.4703 15.69958 17.00267 17.05476 16.09468 15.87591 15.30703 16.13036 17.10264 16.3235 16.50439 15.25963 16.3849 16.58088 15.96169 12.76292 10.76058 12.60186 13.6408 13.55259 14.45009 
  16.71536 18.14516 16.43131 15.69958 16.53224 16.58429 15.74546 15.63405 14.81699 15.65508 17.19456 16.3992 17.04818 15.57948 16.02763 15.97562 15.63039 12.6349 10.70872 12.81464 13.4112 13.00248 14.11219 
  16.71536 18.17938 16.40532 15.53982 15.96772 16.11383 15.30894 15.31158 14.4903 14.94217 16.87282 16.52537 16.91224 15.6958 16.10419 15.79802 15.96169 13.19106 11.12359 12.57146 12.72237 12.76671 13.59571 
  16.69814 18.18793 16.36633 15.30017 15.59138 15.73746 14.87241 15.06973 14.24529 13.99163 16.50511 16.55061 17.37446 15.89934 15.92555 15.73882 15.68209 12.66051 11.12359 12.78424 13.526 13.45257 13.33691 
  16.6723 18.17082 16.34034 15.14041 15.30912 15.45518 14.6105 14.82788 14.00027 13.04108 15.74672 16.2478 17.34727 16.04473 16.35938 16.15322 15.73379 12.40446 10.50079 13.27058 13.60254 14.15271 13.83765 
  16.62063 18.15372 16.30135 14.90077 14.93277 14.89063 14.17398 14.58603 13.75525 12.64502 14.89581 15.81881 17.18413 15.9575 15.63018 15.73882 15.73379 12.45567 10.63093 13.30098 13.48773 14.01935 13.68982 
  16.54312 18.03396 16.17139 14.42147 14.46234 14.32607 13.65015 14.0217 13.34689 12.40739 14.11035 15.2563 16.28688 14.99793 14.86221 14.79161 15.32018 13.75094 9.835445 12.51067 12.79891 13.95267 13.36044 
  16.32781 17.70892 15.77815 13.62266 13.61557 13.29105 12.95171 13.29615 12.53016 12.01133 12.60489 13.87383 14.86404 13.50627 14.62591 14.79161 15.06167 12.02039 9.403725 10.84261 11.68847 13.45257 12.56051 
  16.02884 17.25713 15.38492 12.42443 12.29836 11.59739 11.72945 12.08688 11.95845 11.61527 11.88489 12.91212 12.30073 10.21545 13.03089 13.0156 14.18275 12.046 9.867511 10.66851 10.84524 11.4807 10.86655 
  15.87935 17.25713 15.46356 12.1049 11.45158 11.22102 11.11832 11.84503 11.79511 11.21921 11.49216 12.07062 11.61718 9.170747 9.722709 11.83159 13.82084 12.30204 9.511541 10.19977 10.64949 11.09489 10.66228 
  15.72987 17.10037 15.30627 11.78537 10.98115 10.93874 10.6818 11.20009 11.30507 10.82314 10.51034 11.83019 11.90199 8.961806 9.48641 11.59479 13.20042 11.89237 9.723219 10.19977 10.55914 11.26636 10.70186 
  15.58038 16.78684 14.99168 11.30608 10.69889 10.28009 9.721446 10.15206 10.24333 9.714176 10.96852 12.67169 12.47162 9.693099 8.836589 11.06199 12.68341 11.30347 9.63504 10.4944 10.36339 10.77339 10.38945 
  15.4309 16.39494 14.75574 10.66703 10.22846 9.433259 9.721446 11.03886 11.06005 9.951813 9.921247 12.37115 12.52858 9.431923 9.131962 11.00279 13.45893 12.09721 9.430678 10.25334 10.42362 10.60192 10.46167 
  15.28141 15.84626 14.28385 10.50727 10.13437 9.245073 9.896055 10.87762 10.57002 10.34787 11.09943 12.55148 12.64251 9.014042 8.482141 9.345175 12.26979 11.22666 9.819413 9.945307 10.14022 10.66622 10.63821 
  15.28141 14.98407 13.41873 10.3475 8.723074 9.997814 9.808751 10.23268 10.65169 11.13999 10.90307 12.61158 12.64251 9.014042 9.131962 9.759578 12.58 11.58512 9.7633 9.869192 10.19776 10.348 10.55796 
  15.35616 14.12187 11.13795 9.149275 8.064469 9.056889 8.673792 9.829593 10.07998 9.951813 10.64125 12.49137 12.12984 8.59616 9.013813 9.285975 12.06299 11.4571 9.875526 10.3203 10.28811 10.05647 10.70186 
  14.98244 13.49482 10.19418 8.829747 7.499951 7.833685 7.538833 8.942801 9.426602 10.11024 10.77216 11.52966 11.67414 8.282749 8.836589 8.643558 10.97726 10.81698 10.14006 10.53458 9.920718 10.62335 10.74891 
  14.3845 13.18129 10.82336 8.350456 7.029519 7.551408 8.149965 9.345888 9.263257 9.47654 9.39761 10.62805 9.908308 8.387219 8.363991 8.989973 11.13236 10.97061 9.867511 10.03905 10.39351 10.40902 10.28513 
  13.63708 12.78938 11.05931 6.992465 6.74726 6.89276 7.364224 8.620331 8.691549 8.367571 9.39761 10.50783 9.737421 9.118512 9.013813 9.404376 10.82215 10.43292 9.739251 10.02566 10.13314 10.64479 10.4376 
  12.66543 12.16233 10.90201 6.672938 7.594037 7.6455 7.975356 8.942801 8.446531 8.446782 8.939427 10.68816 10.53489 9.431923 9.013813 9.049173 10.46024 10.15127 9.939656 10.33369 9.920718 10.73052 10.54191 
  11.09584 10.90822 9.879595 6.75282 7.029519 7.739593 7.538833 8.459095 8.528204 8.446782 8.546699 10.08708 9.566533 8.752866 8.320336 8.812371 10.35684 9.844013 9.795364 10.69529 10.27305 10.43045 10.47772 
  8.853569 8.870302 7.598819 6.75282 7.311778 6.704575 7.888051 8.29786 8.283186 8.525994 8.546699 9.365799 9.566533 9.014042 8.836589 8.681367 9.374514 9.895223 9.82743 10.40066 10.33328 10.43045 10.81949 
  8.479856 9.105447 7.677466 6.033884 5.256208 6.51639 7.975356 8.378478 7.548133 8.367571 8.677608 10.02698 10.76274 9.170747 9.131962 8.930773 8.976933 9.12575 9.667106 10.28012 9.991524 10.3819 10.74891 
  7.508206 7.694578 7.913408 6.273529 4.699913 6.610482 7.451529 8.781565 8.446531 8.129934 9.135791 9.966869 10.02223 8.752866 8.600289 8.812371 9.426214 9.690387 9.93164 9.805763 9.984444 10.32766 10.72538 
  6.687721 8.556776 6.890991 5.954002 6.559087 6.140019 7.538833 8.459095 7.956496 8.763631 9.266701 9.906763 9.737421 8.59616 8.541215 8.753171 9.477916 9.225694 9.627025 10.34709 10.54409 10.36834 10.89007 
  7.582948 8.400013 6.340459 6.033884 6.559087 6.140019 6.753092 7.249833 7.46646 8.050722 8.088516 9.425905 9.224758 8.70063 8.541215 8.930773 9.219409 9.005816 9.282431 9.780392 10.22787 10.19207 11.14887 
  6.760782 7.616197 6.655049 6.433293 5.430051 6.798667 6.927701 6.421723 6.81308 7.258601 7.826697 8.824835 8.939946 8.70063 8.482141 8.114216 8.96824 9.485551 9.586944 10.44083 10.21282 10.2802 10.79597 
  6.468539 7.001623 6.890991 5.954002 5.412666 6.51639 6.753092 6.552559 7.874823 7.258601 7.433969 7.923227 8.484246 8.049586 8.363991 8.693971 8.863935 9.145739 9.336339 9.526675 10.16146 10.2463 11.00771 
  5.299566 7.448586 7.284229 6.672938 5.71231 6.234112 6.229265 7.249833 7.629806 6.73755 6.837981 7.383186 8.370321 7.943604 8.123892 8.517524 9.046469 9.115755 9.899575 9.374446 10.09065 10.34122 10.93713 
  5.518748 5.716607 6.104517 5.954002 5.34313 6.045927 6.141961 7.249833 7.711478 7.258601 7.499424 8.103549 8.541208 8.387219 8.33125 8.812371 9.219409 9.315644 10.00379 9.881878 10.01985 10.25986 10.86655 
  6.835525 6.889883 5.715448 5.132112 5.806396 6.422297 5.967351 6.474058 7.303115 8.129934 8.219425 7.702302 8.283573 7.646852 7.883793 7.887355 8.620555 9.485551 10.32443 9.678905 10.34834 10.66622 10.4055 
  2.96162 5.548996 5.36961 5.043459 5.238824 6.234112 6.927701 7.088598 7.303115 6.71651 6.774317 8.70462 9.167796 8.543925 8.33125 8.681367 9.477916 9.536759 9.578927 9.818449 10.54409 10.43045 10.52587 
  6.614661 6.945753 6.340459 5.132112 5.71231 6.51639 6.229265 6.604893 6.649734 7.258601 7.433969 8.824835 8.769058 8.049586 8.659365 8.492317 8.559711 9.562365 9.811397 9.704276 10.34834 10.43045 10.86655 
  6.176296 7.280975 6.890991 5.427619 5.430051 5.61278 5.011139 5.296541 6.529566 7.496237 7.326072 7.284997 8.427283 8.197963 7.861966 8.643558 8.733553 9.690387 10.108 9.869192 10.27305 10.2802 10.86655 
  6.468539 7.448586 5.196691 4.68885 5.012829 4.363685 5.034623 5.270374 5.407989 7.258601 7.177522 7.53047 8.045015 7.434886 8.112978 8.441903 8.994316 9.818409 9.819413 10.06584 10.1827 10.19207 10.63018 
  6.760782 6.666402 5.239921 5.442395 5.430051 6.422297 6.403874 6.526392 6.81308 6.77963 7.892152 8.404084 7.849833 7.625655 8.423065 8.753171 9.219409 8.845903 9.551972 10.28012 9.864073 10.02257 10.89007 
  6.176296 6.051828 5.36961 5.087786 5.256208 6.328205 5.527787 5.898383 6.569622 6.40091 7.198744 7.383186 8.261887 8.113176 8.718439 8.753171 9.219409 9.415589 9.723219 9.552047 10.10481 10.53762 10.16477 
  5.957113 6.21944 6.104517 5.058235 4.595607 4.619182 5.433851 5.453543 5.728439 6.69547 7.564878 7.383186 8.348635 8.387219 8.342164 8.668764 8.820474 9.185716 9.322862 9.501304 10.15438 10.60192 10.96066 ]
