 [
  5.588541 6.973383 7.224865 5.522431 6.000242 6.162579 6.248924 7.067253 6.753353 7.088068 6.405769 7.377982 8.569005 8.782074 8.875478 9.164437 9.243093 9.249354 8.99173 9.76281 10.05461 11.012 10.62526 
  5.624577 7.076062 6.040968 6.266448 6.173791 6.707069 6.579651 7.037595 7.349157 6.963177 7.328186 7.011815 8.280395 8.861334 8.457494 8.839928 9.586504 8.967677 8.958062 9.817677 9.840778 10.62763 10.61248 
  5.732686 5.946597 5.557563 6.806787 5.851485 5.620169 6.519519 6.948618 7.271443 7.79801 7.174449 7.710862 7.913072 8.26405 8.124454 8.000021 9.384498 9.38565 9.547247 9.543344 10.1768 10.35989 10.48462 
  5.552505 5.125168 6.814417 6.514453 6.719231 5.643752 6.399255 7.245207 6.05393 6.421981 6.959219 7.977165 8.070496 8.347624 8.711239 8.381797 9.243093 9.149405 9.564081 9.685997 10.08516 10.18537 10.44626 
  5.011962 5.330525 5.622017 5.664148 6.669645 6.398409 6.339123 6.800323 6.546116 7.441928 7.143703 7.877302 8.018022 8.055115 8.679521 8.229087 9.182491 9.412909 9.597749 10.05926 10.30246 10.20282 10.61887 
  5.047998 6.511329 6.298784 5.664148 6.62006 5.808833 5.767868 7.274866 6.960589 7.613058 7.235944 7.677574 7.991784 8.577453 8.912846 9.221704 9.222893 9.331131 9.025398 9.72989 10.11571 10.47333 10.25447 
  4.831781 6.716686 6.492146 6.585312 6.905411 6.044663 6.188792 6.948618 7.400966 7.317036 7.912382 7.377982 8.018022 8.514772 8.108595 9.405995 9.795334 9.710793 9.496745 9.543344 9.52512 10.41225 10.28644 
  5.516469 6.357311 7.156457 6.549883 6.496097 6.398409 6.068528 6.118169 6.546116 7.421113 7.635657 7.844014 7.860597 8.493878 8.536789 8.782661 9.000687 9.449254 9.739552 9.69697 9.891691 10.49951 10.59969 
  6.500614 6.254633 6.882825 6.372736 6.446511 5.879582 6.519519 6.08851 6.960589 6.713394 7.266691 7.844014 8.332869 8.410305 9.137049 9.049905 8.879482 9.131231 9.800753 9.72989 10.28312 10.50937 10.54855 
  5.804758 6.562669 8.045762 6.479024 5.950656 5.455088 7.274673 7.007936 6.856971 6.526057 7.635657 7.943877 7.965547 8.180475 8.409917 9.049905 9.243093 8.894986 9.547247 9.960329 10.39911 10.55864 10.65723 
  5.516469 6.049275 6.492146 5.805866 6.223376 6.587073 7.860726 9.612139 10.22187 10.52607 11.43634 10.79022 9.618027 9.178374 8.838111 9.627145 9.690919 9.403822 9.631416 9.312904 9.52512 10.33371 10.52937 
  6.093047 7.896013 8.729842 7.550968 7.178601 7.839746 10.25377 12.04137 12.2404 12.42184 14.08338 13.18134 11.47377 10.76357 9.361252 11.4332 11.64 10.92124 10.13736 9.850596 10.03425 10.51922 10.66362 
  3.966913 5.279186 6.23433 6.266448 7.315196 6.374826 7.470024 8.146886 8.023909 7.659296 9.380521 9.108955 9.201432 8.326731 8.600225 8.878105 9.020887 9.847456 9.513579 9.817677 10.30246 10.70648 10.89011 
  5.264215 7.452057 7.908946 6.992832 6.814348 6.351243 6.369189 7.393501 6.779257 6.921546 8.312096 8.077029 9.618027 9.535044 8.806393 9.258562 10.2478 9.122145 9.479912 10.07394 10.14625 10.33371 10.63166 
  5.372324 7.674035 7.430089 7.054847 7.315196 6.256911 6.883972 6.948618 7.799627 6.983993 8.004624 8.842651 8.595242 8.702814 8.987579 9.145349 9.546103 9.769363 10.22916 9.949356 9.708405 10.40352 10.83544 
  6.16512 8.11799 7.977354 6.806787 7.679449 7.150291 7.274673 8.609597 7.504584 8.121678 8.709234 9.407846 8.542768 8.821704 9.137049 9.258562 8.293665 9.176663 9.446244 9.554317 9.952786 10.49951 10.66362 
  6.129084 7.896013 7.703722 6.930817 6.950943 6.657823 6.639783 8.146886 8.24819 7.659296 8.250602 8.509772 8.542768 8.861334 8.568507 9.332278 9.656114 9.294785 9.882354 9.905463 9.789865 9.941033 10.54215 
  6.424819 8.265976 7.703722 6.231018 7.451791 8.184474 8.983994 9.920613 9.369598 8.306631 8.035371 8.409908 8.883852 8.61924 8.203749 9.183526 9.795334 9.554606 9.749752 9.916436 10.31212 10.44715 10.5869 
  6.57641 8.561946 7.224865 6.620741 7.770513 8.479956 8.544455 9.265105 9.055604 9.000205 8.960966 9.146317 9.99675 9.495414 9.211783 9.369137 9.864944 9.194836 9.719151 10.0152 9.830596 10.3948 10.56773 
  6.424819 8.339969 8.661434 6.806787 7.770513 7.051797 7.763051 8.648157 8.517328 7.400297 8.457501 9.108955 9.655899 9.535044 9.622823 9.442853 10.07377 10.53077 9.759953 10.22081 10.08516 10.0981 10.56133 
  6.237192 7.178741 7.977354 7.488953 7.13307 6.657823 6.218859 8.609597 8.158478 7.844249 8.415545 8.476484 8.936327 9.336894 9.39862 9.183526 9.864944 9.652223 9.614582 9.927409 10.22513 10.53893 10.59969 
  5.264215 6.922044 7.566905 6.930817 6.421718 7.150291 7.079322 9.149427 8.562184 8.722775 9.464432 9.78146 9.883133 10.60505 9.435987 9.258562 10.2826 10.27697 9.851753 10.22081 10.5151 10.69662 11.08537 
  6.057011 6.665347 6.951233 7.116862 6.099413 7.298031 7.860726 8.995191 8.293047 7.890487 9.548343 9.968266 10.03462 10.56542 9.473353 9.811436 10.31741 10.25745 9.580914 9.444584 9.871325 10.15919 10.5869 
  6.879591 6.151954 7.703722 6.992832 6.570475 7.101044 8.104915 8.416801 8.337903 7.566819 8.919011 9.594653 9.201432 9.297264 9.286518 9.848294 9.969358 9.906027 9.681917 9.773783 10.61176 10.63749 10.71829 
  5.732686 7.076062 6.882825 7.054847 7.178601 6.904057 7.421186 7.992649 8.876179 7.462743 8.667278 9.594653 9.466538 9.178374 8.875478 9.590286 9.690919 9.80841 9.708952 10.3383 10.13607 10.80503 10.89792 
  5.372324 7.600042 7.566905 7.302907 6.905411 6.805563 7.470024 7.452819 8.427615 7.982964 8.709234 9.22104 9.049944 8.742444 9.062314 9.405995 9.283495 9.15849 8.621386 9.675023 10.02406 10.87402 11.16347 
  5.300251 7.076062 8.387802 7.116862 6.471304 6.805563 7.079322 8.069767 8.651897 8.537823 9.842031 9.930905 9.504411 8.980225 9.211783 9.51657 10.03897 9.906027 9.446244 9.79573 10.04443 10.55864 11.15566 
  5.840794 7.076062 7.293273 5.416142 6.173791 6.516325 7.12816 7.334183 8.203334 8.722775 8.667278 9.445208 9.542283 9.218004 8.631944 9.332278 9.081489 9.094886 9.362075 10.19143 10.29279 10.70648 11.1088 
  5.912867 6.305972 7.430089 7.178877 7.497323 7.642759 8.64213 7.684175 8.651897 9.878733 9.212699 9.744099 9.921005 9.614305 9.734924 9.664003 10.2478 9.421995 9.770152 10.118 10.18647 10.20282 10.69486 
  6.652205 7.23008 7.293273 6.514453 6.62006 7.495018 9.130507 10.96171 14.05073 13.94588 12.14958 11.31328 11.58738 10.92209 9.39862 10.14316 9.899749 9.312959 9.21057 10.05926 10.40878 10.43843 10.73391 
  6.349023 5.997936 6.78219 7.240892 8.134766 9.366398 11.42588 12.27273 13.2721 12.51431 12.65304 13.2187 12.76142 11.23913 9.884394 9.51657 10.00416 9.964597 9.912954 10.05926 10.13607 10.36862 10.82763 
  5.768722 6.922044 7.224865 7.178877 8.453487 9.563385 9.911911 11.81002 11.92641 11.95945 12.61109 12.91981 12.34483 10.20875 10.3328 9.369137 9.795334 9.92555 9.665084 10.25018 10.25413 10.29008 10.85106 
  5.912867 7.822021 7.840538 6.337306 6.996475 8.676943 8.983994 9.380783 9.728449 11.26588 13.74389 15.6387 15.32811 12.58655 10.78121 9.590286 10.49143 10.12078 9.790552 10.02988 9.952786 10.42097 10.59969 
  5.264215 6.40865 7.566905 7.799028 7.861576 9.858866 9.863073 9.843494 10.22187 11.12717 13.65997 15.429 14.8134 12.19025 11.15488 10.25374 10.63065 10.49173 9.923154 10.10332 10.13607 10.59807 10.98384 
  4.723673 5.381865 6.524374 6.443594 7.087538 7.544265 7.421186 8.879513 8.60704 9.601303 11.35243 12.80773 11.43589 10.12949 9.847026 9.848294 10.2826 10.60887 11.10826 12.29882 13.22276 13.59958 12.77204 
  7.334363 7.52605 7.703722 6.337306 7.042006 7.642759 8.056077 9.650698 10.04244 10.66478 12.10762 12.20995 11.73887 12.86396 13.62112 13.75527 14.44131 14.99948 15.26389 16.9015 18.11699 18.57449 17.4841 
  7.258568 6.357311 6.298784 6.053871 5.306046 5.195674 6.12866 8.185446 8.876179 9.462588 11.5622 12.0605 11.0193 10.48616 10.74384 10.51174 11.15273 11.56551 11.83549 13.5908 14.8187 15.43814 14.15794 
  6.424819 5.895257 6.749963 6.12473 6.496097 7.347278 7.12816 9.457902 10.0873 11.49707 13.87968 14.5902 13.59461 11.75432 11.15488 9.73772 9.586504 10.45268 11.10826 10.91108 10.60209 10.55864 11.24157 
  5.40836 3.944364 4.945249 4.955561 5.182082 5.525837 5.166548 7.491378 7.979052 8.07544 10.59723 11.5748 11.43589 10.0106 9.137049 8.973549 9.243093 9.984119 10.62696 10.48517 10.31212 10.63749 10.84325 
  6.273228 6.203293 7.498497 7.550968 6.496097 6.115413 5.407076 6.503735 7.375062 6.817471 7.850888 9.407846 10.22398 10.24838 10.14596 9.885153 10.10858 10.06221 10.00476 11.16075 11.946 12.08548 11.37434 
  8.243908 10.18978 10.64527 9.535452 9.045399 8.381461 9.423533 10.34477 11.88155 11.08093 11.10069 11.42536 13.78397 14.66 15.5479 15.82675 15.52639 14.65056 12.77051 14.88278 16.30825 15.97889 15.91341 
  7.561749 9.005901 8.729842 6.053871 6.372133 7.445772 10.25377 11.96426 12.19555 11.31212 11.5622 11.53744 13.481 14.93642 15.61672 15.33748 15.41217 14.65056 12.8744 13.83305 16.20185 15.65444 15.45145 
  6.349023 7.452057 7.361681 7.985074 7.542854 7.347278 9.228183 9.612139 10.17701 9.416349 9.883986 11.61217 14.22516 13.77545 12.7243 13.6447 13.7979 12.90596 10.83097 12.78331 13.43555 13.27513 13.78836 
  5.40836 7.970006 7.977354 7.364923 6.768816 6.445575 7.811889 8.224005 8.293047 8.6303 9.716164 11.61217 13.44312 12.86396 11.97696 12.39152 12.3709 11.6436 10.36176 11.89507 11.73321 10.90359 11.43682 
  8.395498 9.449857 9.961187 9.225376 9.36412 9.218657 9.27702 8.686716 9.324742 9.555065 10.38745 11.20119 12.15547 13.65656 14.10281 13.34983 13.58907 12.90596 11.10826 11.97582 12.58438 11.43579 12.58725 
  8.395498 10.11579 10.30323 8.233134 8.772208 8.529202 8.593292 8.416801 9.728449 9.323874 9.128788 10.37924 11.58738 12.34877 13.58375 12.83382 12.68414 11.66313 10.20876 10.72015 11.01772 10.17664 10.78858 
  6.652205 8.783924 8.250986 6.089301 6.372133 8.87393 8.690968 9.03375 9.459311 9.971209 10.38745 10.49133 9.466538 10.05023 11.34171 9.51657 10.2826 9.476513 9.749752 10.36767 10.84374 10.80503 10.52297 
  5.984939 6.716686 6.105422 6.620741 7.451791 7.347278 7.470024 7.761293 9.055604 9.231397 9.925941 10.08035 9.845261 9.059484 9.361252 9.664003 10.87429 9.730316 9.614582 10.02988 10.5151 10.80503 10.56773 
  6.201156 7.304072 6.951233 7.488953 7.816044 9.366398 9.423533 8.995191 9.549024 11.08093 10.09376 10.86494 10.29973 8.940594 10.81857 10.84347 10.80468 10.94076 9.810953 10.25018 10.5441 11.06128 11.17128 
  6.879591 7.970006 6.524374 6.682756 7.816044 8.08598 8.495617 8.956631 9.235029 10.71102 9.967896 11.05175 10.22398 9.416154 13.39691 13.86585 13.1018 12.09181 11.10826 10.94045 10.76641 10.68677 11.1869 
  7.485954 8.043998 6.653282 7.116862 6.950943 7.101044 8.153752 7.91553 8.517328 10.29488 9.842031 10.2298 10.03462 8.535666 12.53747 12.94439 13.58907 12.20811 10.09656 10.48517 11.24004 10.87402 11.20252 
  7.864931 8.265976 7.430089 6.620741 6.85988 6.805563 7.5677 8.571038 7.530489 9.924971 9.338565 9.51993 10.52696 8.26405 10.2207 10.40117 13.1018 12.32442 9.665084 10.61734 10.95973 10.93316 11.40558 
  10.21459 9.375864 6.588828 7.240892 6.814348 7.396525 8.446779 7.491378 6.90878 9.092682 8.37359 9.295762 9.958878 8.347624 9.959127 10.51174 11.43117 11.50694 9.923154 10.76421 11.01772 10.54879 11.01508 
  11.95788 10.41176 7.77213 8.109104 6.85988 6.756316 8.20259 7.761293 9.459311 10.8035 9.254654 9.482569 9.921005 9.019855 10.40753 10.88033 11.95324 12.32442 11.00437 10.80827 11.35602 10.77547 11.21033 
  13.47379 11.9656 9.550739 8.357164 7.633917 6.953303 8.739805 9.226546 9.414454 10.38735 10.17767 10.45396 10.18611 10.05023 11.30435 12.13351 13.7631 14.53426 12.8744 12.13732 12.47798 11.97733 11.66332 
  14.68651 13.29747 11.12412 8.66724 8.908803 8.676943 9.423533 8.725275 9.59388 10.71102 10.72309 11.01438 11.17079 11.23913 13.28481 14.42883 14.95529 16.39517 15.05611 14.96353 14.8187 14.78924 14.43512 
  15.21708 14.18538 12.90273 11.76799 10.32028 9.415645 9.618884 8.493919 9.324742 10.94221 11.43634 11.27591 12.30696 11.91284 13.47165 14.42883 16.95413 18.37239 16.19891 15.60952 16.09546 16.08704 15.91341 
  15.21708 14.77732 14.06567 13.0083 10.7756 10.79456 10.98634 10.61468 10.17701 11.68202 11.5622 12.0605 12.91291 11.79395 13.62112 14.56862 16.61147 19.30284 17.54949 16.65925 16.41465 16.95224 17.11453 
  15.06549 15.81322 14.74975 13.13233 11.00326 10.54832 10.64448 9.959172 11.25356 12.42184 12.27544 12.73301 13.63248 12.07136 14.79095 16.03643 16.89702 18.02347 16.61447 15.77102 16.52104 16.41149 16.65256 
  15.21708 16.33117 15.43383 13.87651 11.27645 10.69606 10.59564 10.15197 11.56756 12.23688 11.64611 13.44287 14.15163 12.34877 14.30925 15.40737 17.46811 18.37239 16.40669 16.5785 16.41465 16.95224 16.46777 
  15.44447 16.70113 16.14881 14.55867 11.73176 11.58251 11.96309 10.80748 11.8367 13.48532 12.56913 13.89121 14.88693 13.5773 15.06621 15.54716 16.66858 18.02347 17.13393 16.65925 16.30825 16.73594 16.65256 
  15.74765 17.07701 16.9372 15.27358 12.41474 12.07497 12.30496 11.84858 12.46468 14.94375 14.55867 13.25607 15.25458 14.38358 16.16723 16.17622 17.01124 18.02347 15.88724 16.98225 16.52104 16.41149 15.72863 
  15.97503 17.40278 17.51536 15.80976 13.21332 12.56744 12.50031 12.38841 13.36943 15.63459 15.37346 14.24071 15.25458 14.27301 16.30486 17.15476 16.89702 17.20932 15.47167 15.36727 15.56348 15.32999 14.34272 
  16.17732 17.62831 17.9884 16.16721 13.82977 12.96142 12.89101 13.14486 13.85607 15.78811 15.78086 15.2892 15.91636 14.77057 16.92418 17.78382 16.72569 15.69733 14.74444 13.99454 14.07393 14.24848 13.3264 
  16.36122 17.8789 18.30376 16.4353 14.32293 13.24009 13.4643 13.05031 14.24539 16.32543 16.32405 16.05809 17.01932 15.65511 17.19943 18.27309 17.46811 15.58102 13.49775 13.10631 12.79717 13.38328 12.67964 
  16.49914 18.07937 18.56656 16.61402 14.69281 13.51876 13.60763 13.7122 14.53737 16.70923 17.07094 16.26779 17.97521 16.65023 17.95639 18.34299 17.63944 15.2321 12.14717 12.54107 12.47798 12.40993 12.21768 
  16.54511 18.15455 18.67168 16.70338 14.69281 13.61165 13.60763 13.7122 14.53737 16.78599 17.34254 16.54739 18.4164 17.25835 17.95639 18.0634 17.35389 14.76687 11.62771 12.13732 12.37159 11.97733 10.94478 
  16.52672 18.15455 18.67168 16.61402 14.69281 13.70454 13.53596 13.61765 14.34272 16.78599 17.41044 16.61729 18.04874 17.03722 17.26825 17.71392 16.83991 13.95272 11.41993 12.21807 12.26519 11.55406 10.8042 
  16.53592 18.22973 18.7768 16.70338 14.44623 13.79743 13.60763 13.61765 14.44004 16.86275 17.47834 17.17649 17.90168 17.20307 16.92418 17.43434 16.49725 12.67334 11.31604 11.71884 11.946 12.30178 10.87449 
  16.55431 18.27985 18.82936 16.79275 14.32293 13.79743 13.75095 13.90132 14.73203 17.16979 17.74993 17.80558 17.53403 17.14779 16.71774 16.87518 15.92615 11.7217 10.35156 10.52923 10.95006 11.76103 11.04632 
  16.55431 18.27985 18.88192 16.88211 14.56952 13.89032 13.96593 14.18499 15.21868 17.70711 18.02153 17.59588 16.28401 16.70551 15.89197 16.4558 15.46928 10.88219 10.11696 10.60266 10.60209 11.37666 12.12528 
  16.50833 18.20467 18.88192 16.97147 14.93939 14.16899 13.96593 13.99587 15.51066 17.93739 17.95363 16.54739 14.59281 15.98682 14.58451 15.82675 14.95529 10.04269 9.892554 10.32361 10.47644 10.91345 12.95682 
  16.43477 18.10443 18.72424 16.79275 14.8161 14.0761 14.03759 14.3741 16.38662 17.47683 16.93514 15.0795 13.63248 15.32341 13.62112 14.70842 13.93712 10.06221 9.933354 10.17675 10.5151 11.00215 12.03289 
  16.30605 17.95408 18.61912 16.88211 14.8161 13.89032 14.10925 14.65777 16.38662 16.63247 15.57716 13.89121 13.36738 14.71528 12.64957 13.2024 12.51012 9.86698 9.446244 9.806703 10.11571 10.72619 12.12528 
  16.12215 17.77867 18.514 17.1502 14.93939 13.98321 14.18092 15.036 16.48395 15.86487 15.30556 13.18134 13.32951 14.16244 11.86486 12.53895 12.23168 9.45834 9.902754 9.576263 10.5731 10.58821 12.03289 
  16.14974 17.72855 18.56656 17.50765 15.18597 14.35477 14.3959 15.6979 17.06792 16.24867 15.91666 12.73301 13.25376 14.21773 11.75275 12.57581 12.12727 9.906027 9.681917 9.773783 11.10471 11.11056 11.00727 
  16.25088 17.80373 18.72424 18.04383 15.67913 14.63345 14.75421 15.98157 17.55457 17.01627 16.25615 13.36815 13.481 14.05188 12.42536 12.90753 12.51012 9.730316 9.64825 9.960329 10.75675 10.73604 11.21033 
  16.33363 17.85384 18.7768 18.75873 16.17229 15.0979 15.11251 16.17068 18.3332 17.70711 17.20674 14.03101 14.29869 14.77057 12.8364 13.2024 12.71895 10.12078 9.597749 10.73484 11.8396 11.5245 11.38215 
  16.36122 17.90396 18.72424 19.563 16.91204 15.65524 15.47082 16.35979 18.43053 18.01415 17.88573 15.4989 14.88693 15.15756 12.8364 13.49726 12.75375 10.08174 9.530413 11.33699 11.62681 12.19363 11.58521 
  16.37041 17.95408 18.514 20.09917 17.77507 16.21258 16.04411 16.64347 18.52786 18.09091 17.81783 16.54739 15.47517 15.82097 13.13534 13.75527 12.85817 10.27697 9.395742 12.54107 12.79717 12.30178 12.49486 
  16.3888 17.95408 18.2512 20.18854 18.39152 16.67704 16.40242 16.92714 18.81984 18.09091 17.61414 17.52599 16.13695 16.48438 14.44688 14.84821 13.7979 10.04269 10.14756 11.89507 11.8396 12.40993 12.58725 
  16.37041 17.8789 17.9884 19.65236 19.00798 16.95571 16.54574 17.21081 19.0145 17.93739 17.27464 17.80558 16.43107 16.7608 15.47909 15.54716 14.49841 10.68696 10.02516 10.9992 11.36569 11.58363 11.60083 
  16.35202 17.80373 17.77816 19.38427 19.74772 17.42016 16.76073 17.49448 19.0145 17.86063 16.73145 17.73568 16.87226 16.48438 16.16723 16.24612 14.72685 11.19457 9.719151 11.97582 11.73321 12.51808 12.58725 
  16.33363 17.77867 17.67304 19.47363 20.24088 18.07039 16.97571 17.68359 19.20916 18.01415 16.32405 17.73568 17.09285 16.31852 16.64892 16.66549 14.89818 11.7217 10.63716 12.13732 11.33669 11.74132 13.69597 
  16.32444 17.80373 17.51536 19.47363 20.36417 18.53485 17.11903 17.77815 19.30649 18.16767 16.25615 17.80558 17.23991 15.93153 16.64892 16.31601 14.95529 13.02226 10.94317 12.94481 11.52042 12.30178 11.75571 
  16.32444 17.80373 17.4628 19.47363 20.24088 18.72063 17.26236 17.77815 19.30649 18.32119 16.32405 17.66578 17.23991 15.93153 16.71774 16.87518 16.04037 14.06903 10.52496 11.70415 10.98873 11.97733 11.75571 
  16.31524 17.77867 17.41024 19.38427 20.24088 18.81352 17.33402 17.77815 19.30649 18.32119 16.59565 18.01528 17.4605 16.15267 17.13062 17.15476 16.44014 14.30164 10.77997 11.89507 11.3077 12.40993 12.49486 
  16.27846 17.77867 17.35768 19.29491 20.24088 18.81352 17.40568 17.87271 19.40382 18.32119 16.79935 18.29488 17.82815 16.81608 17.81876 17.29455 16.95413 15.2321 11.00437 12.29882 11.73321 12.51808 12.49486 
  16.26927 17.70349 17.35768 19.29491 19.9943 18.53485 17.11903 17.77815 19.40382 17.93739 16.25615 17.94538 17.23991 15.98682 17.26825 16.5956 15.92615 14.18533 10.41276 11.80696 11.35602 12.84253 12.12528 
  16.28766 17.65337 17.4628 19.29491 19.9943 18.16328 17.11903 17.87271 18.81984 17.63035 15.84876 17.31629 16.5046 15.48926 16.58011 15.96654 15.12662 13.13857 9.974154 10.92576 10.66009 12.95068 12.03289 
  16.31524 17.67843 17.4628 19.29491 19.9943 17.9775 17.19069 18.15638 18.91717 16.93951 15.50926 16.96679 15.98989 15.37869 16.5113 15.54716 14.61263 12.78965 10.03536 10.9992 11.2497 12.40993 11.63988 
  16.3888 17.70349 17.51536 19.29491 19.9943 17.79172 17.26236 18.34549 19.0145 16.17191 15.23767 16.40759 15.47517 15.32341 16.71774 15.75685 14.84107 12.90596 10.11696 10.36767 10.80508 12.40993 11.75571 
  16.46236 17.77867 17.4628 19.11618 19.74772 17.60594 17.33402 18.34549 18.62519 15.71135 14.83027 15.9882 15.03399 15.21284 16.78655 16.03643 15.35506 13.02226 10.25976 10.6614 10.89207 12.30178 12.12528 
  16.48075 17.72855 16.98976 18.49064 19.00798 16.76993 16.54574 17.96726 17.84655 14.94375 13.81178 15.0096 14.37222 14.66 15.96079 15.82675 15.75482 13.25488 10.13736 10.61734 10.65042 11.66247 11.50711 
  16.52672 17.70349 17.04232 17.59701 17.89836 16.76993 17.11903 18.25093 17.35991 14.55995 14.08338 14.7999 13.8575 13.88602 15.20383 15.33748 15.5835 13.37119 10.35156 10.57329 10.9404 11.39637 11.6477 
  16.52672 17.80373 16.83208 17.23956 17.52849 16.86282 17.33402 18.15638 16.67861 14.4832 14.21918 14.73 14.00456 13.77545 14.99739 14.42883 14.84107 13.13857 10.20876 10.54391 11.52042 11.68219 11.14785 
  16.55431 17.60325 16.25393 16.16721 16.54217 16.11969 16.83239 17.58904 14.92669 13.56208 13.49215 14.45041 14.00456 14.3283 15.20383 13.93956 14.32709 11.9755 9.759953 10.23549 11.17237 11.14998 10.84325 
  16.46236 16.87654 15.57065 14.55867 15.55584 14.81923 15.47082 15.6979 13.66141 12.42184 12.86282 13.55496 12.83717 13.37915 14.17163 13.16554 14.04154 11.23361 10.01496 10.47048 11.09505 10.79518 10.51658 
  16.34283 15.66523 14.13408 14.12457 13.95306 14.63345 15.75747 15.13056 12.37497 10.94221 10.84896 12.95717 11.85249 11.47691 12.46273 11.17519 12.44051 11.15552 9.759953 10.04457 10.61176 10.01957 10.37594 
  16.0302 14.33337 11.53457 13.50442 12.59687 15.19079 15.61414 13.7122 12.01612 11.26588 10.97483 12.35939 11.43589 9.614305 10.70647 10.9909 12.54493 11.01886 9.902754 10.61734 10.95973 10.44715 10.75734 
  15.52026 13.88941 10.78208 11.64396 11.41304 14.35477 14.53922 11.46299 11.74698 11.1734 9.967896 11.64953 11.32228 9.138744 9.772291 10.47489 11.88363 10.74553 10.04556 10.69078 10.64076 10.66706 10.8823 
  14.76231 13.37146 10.9189 10.58971 10.9122 11.63175 11.52356 11.27019 10.98443 10.38735 9.883986 10.67813 10.67845 10.0106 9.062314 10.36431 11.04831 10.2184 10.48416 11.04325 10.67942 11.00215 10.89792 
  13.70117 12.26158 9.208698 9.225376 9.045399 11.681 11.91426 10.22909 10.49101 9.601303 9.632254 11.05175 11.43589 10.28801 10.03386 10.91718 11.84883 11.35075 11.10826 11.57197 10.93073 10.85431 10.91354 
  12.64004 11.74363 10.57686 9.287391 8.54455 10.8438 11.47472 10.61468 10.35644 10.52607 10.05181 11.31328 11.66313 10.24838 9.772291 11.02776 11.70961 11.25314 11.31604 11.97582 11.37536 11.32738 11.45244 
  11.12413 10.78172 9.824371 8.977316 8.772208 10.74531 10.74215 10.499 10.04244 9.462588 11.31047 12.02314 11.24653 10.36727 10.4449 11.17519 11.36156 10.62839 11.52382 12.29882 11.41402 11.06128 11.4993 
  11.35152 11.29967 10.30323 9.287391 9.546246 10.00661 9.130507 9.380783 9.95273 9.462588 10.3455 11.12647 10.71632 9.891714 10.2207 11.4332 11.29195 10.4722 11.41993 12.13732 11.41402 11.12041 11.38215 
  12.48845 11.66963 10.37164 10.27963 9.864967 8.972424 8.739805 8.686716 9.728449 9.462588 10.97483 11.53744 11.28441 9.653934 10.40753 10.69604 11.50078 10.62839 11.52382 12.21807 11.39469 11.1007 11.13223 
  13.09481 12.92751 11.32935 9.969557 8.681145 10.00661 8.935156 8.609597 8.74161 8.815252 9.800075 11.27591 10.52696 9.852084 10.29543 10.65918 11.04831 10.4722 11.31604 11.57197 10.96939 10.75576 10.75734 
  11.73049 12.48355 11.60298 8.9153 7.952639 8.676943 8.64213 8.031208 9.190173 9.046444 9.800075 11.83633 11.28441 10.48616 9.809659 10.69604 11.18753 11.03838 11.21215 12.05657 11.00806 11.05142 11.14785 
  10.063 10.0418 10.16641 8.54321 8.225829 6.904057 7.421186 8.918072 10.31158 9.092682 10.30354 11.46272 10.94356 10.20875 9.772291 10.9909 11.60519 11.78027 12.56273 13.02556 12.79717 13.38328 14.15794 
  10.29038 8.857916 8.729842 9.473436 8.134766 7.741253 7.616538 8.532479 10.31158 9.647541 9.716164 10.97702 10.60271 9.852084 9.884394 10.58546 11.91844 11.42885 12.04328 12.46032 12.0524 12.08548 13.04922 
  10.74516 10.26377 9.14029 8.481194 8.453487 7.101044 7.714213 8.416801 9.279885 9.647541 10.26158 11.53744 10.67845 9.376524 9.174416 9.885153 10.49143 10.60887 11.31604 11.61603 10.84374 10.54879 10.51658 
  9.68402 8.931909 8.387802 8.357164 7.952639 8.08598 7.811889 9.072309 9.997587 11.63579 13.70193 14.5902 13.93103 13.06211 11.75275 12.28094 12.44051 10.92124 11.00437 11.43979 10.9404 11.32738 11.0307 
  8.319703 8.783924 7.224865 6.930817 7.360728 7.741253 7.909564 9.57358 10.04244 11.1734 13.15651 13.96111 13.25376 13.02248 13.58375 15.68695 15.41217 13.6038 13.70553 14.31754 13.75474 12.08548 11.31186 
  9.83561 8.487953 7.635314 7.674998 6.814348 6.63424 6.639783 7.992649 8.427615 9.323874 10.09376 11.35064 10.60271 10.4069 10.81857 13.31297 13.24102 11.52646 11.41993 12.21807 11.73321 11.00215 10.56773 
  10.063 10.18978 9.208698 7.799028 7.907107 8.08598 7.909564 6.8893 8.113621 7.982964 9.338565 11.20119 10.22398 8.980225 8.727098 9.922011 10.76987 10.25745 10.30056 11.102 10.75675 11.13027 11.06975 
  7.410159 8.783924 9.14029 7.488953 7.315196 7.741253 7.518862 7.334183 7.979052 7.462743 9.254654 10.37924 10.11037 9.574675 9.772291 10.14316 10.63065 10.72601 10.20876 10.85233 10.5441 10.22027 10.57412 
  8.926065 8.413961 6.717736 7.364923 6.814348 6.707069 7.079322 7.645615 7.934196 7.659296 9.128788 10.2298 9.731644 9.336894 9.174416 9.590286 10.17819 10.27697 10.13736 10.86702 10.16662 10.82475 10.65723 
  9.987202 9.005901 8.661434 6.930817 6.950943 7.987487 7.5677 8.108327 7.116016 7.275406 8.709234 10.11771 9.580155 8.243156 8.987579 9.51657 10.63065 9.74984 10.23936 10.80827 10.41845 10.73604 10.39512 
  9.077657 9.597842 9.345514 7.054847 6.694438 7.101044 7.470024 7.185889 7.375062 7.751772 8.960966 9.78146 9.277177 8.577453 8.473352 9.369137 10.35221 9.80841 10.03536 10.73484 10.43778 10.70648 11.06975 
  8.319703 8.783924 8.250986 6.620741 7.542854 8.184474 7.5677 6.859641 7.271443 7.705534 8.751189 9.968266 9.352921 8.640134 8.473352 8.248176 8.77848 9.176663 10.16796 10.61734 10.69875 10.8346 10.93697 
  7.789135 8.561946 6.882825 6.930817 7.315196 7.839746 6.549585 7.91553 7.934196 8.167916 8.625323 10.30452 8.974199 8.742444 8.806393 9.030815 9.243093 9.213009 10.09656 10.45579 9.983334 10.60792 10.9604 
  8.395498 8.413961 6.073195 7.364923 6.669645 7.593513 6.248924 7.684175 7.323253 6.921546 8.960966 9.295762 8.385344 8.243156 8.457494 8.419974 9.424899 9.303872 9.479912 10.118 10.33145 10.38607 10.7261 
  7.789135 7.52605 7.019641 6.868802 6.570475 7.051797 6.248924 7.215548 8.382759 7.358667 7.973877 8.54306 8.411581 8.431198 9.024947 9.442853 9.830138 9.094886 9.729352 9.993249 10.12589 10.62763 10.5933 
  6.879591 7.600042 7.703722 7.550968 6.744024 6.492742 5.858066 6.948618 6.209357 6.442796 7.697152 8.609636 8.726429 8.55656 8.727098 8.706306 8.919884 9.231181 10.30056 10.51454 10.10552 10.48206 10.94478 
  7.258568 8.043998 6.556601 7.178877 6.07462 5.31359 5.316878 6.503735 6.856971 6.77584 8.004624 8.676212 8.096733 8.577453 8.394057 8.553596 9.243093 9.515559 9.564081 10.08863 10.34112 10.41225 10.85887 
  8.69868 8.709931 4.751887 4.353261 6.000242 6.469158 6.278991 6.770665 7.530489 7.751772 7.666405 8.642924 8.359106 8.61924 7.823132 8.01911 8.839082 9.35839 9.800753 10.39705 10.32179 10.51922 11.07756 
  8.471294 8.339969 6.717736 5.912154 6.814348 6.09183 6.883972 5.762262 5.872598 6.73421 7.451174 8.210181 8.306631 8.493878 7.934145 9.145349 9.182491 9.267527 9.739552 9.894489 10.40878 10.49078 10.29922 
  6.728 6.203293 5.91206 6.089301 6.85988 5.973915 5.166548 6.800323 6.416594 6.276274 7.38968 8.509772 7.729411 8.076008 8.552649 8.878105 9.243093 9.2857 10.18836 10.08863 10.32179 11.13027 10.81201 
  6.955387 7.970006 6.78219 5.451572 6.996475 5.148508 4.926019 5.940216 6.597925 6.859101 7.420427 7.610998 7.676936 7.846179 8.409917 8.763573 8.79868 9.476513 9.547247 9.718917 9.912056 10.72619 10.89792 
  6.424819 7.178741 6.717736 5.628719 7.588386 6.09183 6.008396 7.067253 7.219635 6.359535 7.451174 7.877302 7.808123 7.867072 8.695379 8.80175 9.101689 9.730316 9.912954 9.718917 10.12589 10.44715 10.56133 
  7.637545 7.600042 5.783152 5.735007 6.644853 6.044663 4.715557 5.673286 7.47868 7.254591 7.727899 8.043741 7.54575 7.762605 8.18789 9.068994 9.656114 9.730316 9.780353 9.773783 10.13607 10.34244 10.4974 
  6.500614 7.23008 6.169876 6.992832 6.297754 5.596586 6.339123 7.245207 7.400966 6.609318 6.805483 6.978527 7.257139 7.846179 7.950005 8.64904 9.525902 9.535083 9.631416 9.861569 10.24446 10.08938 10.63166 
  6.424819 7.23008 6.814417 7.178877 7.542854 5.690918 5.617538 5.55465 7.141921 6.671763 7.205197 8.443196 7.519512 8.013327 8.156172 8.362708 9.182491 9.103972 9.496745 10.13269 10.24446 10.58821 10.68705 
  5.660613 6.665347 6.363238 6.868802 7.40626 6.657823 7.176998 7.684175 8.24819 6.38035 7.60491 8.609636 7.965547 8.243156 9.099682 9.068994 9.4451 9.496037 9.698751 9.817677 10.09534 10.43843 10.71829 
  7.334363 8.265976 6.459919 6.868802 6.62006 6.707069 5.67767 6.533393 7.620202 6.942362 8.15836 8.54306 8.018022 8.076008 8.536789 8.343619 9.041087 8.976764 9.564081 9.916436 9.769501 10.63749 10.79639 
  6.879591 7.822021 6.137649 6.514453 7.451791 6.56349 5.557406 6.236804 7.038302 6.276274 7.912382 8.509772 7.755648 8.055115 8.076877 8.687218 9.202692 9.231181 9.719151 10.14738 10.06479 10.27263 10.73391 
  7.940726 8.11799 5.944287 6.620741 7.907107 5.926748 5.828 6.147828 6.934685 6.671763 7.666405 7.810726 7.283377 8.782074 8.108595 8.916283 9.344097 9.376563 10.09656 10.44111 10.02406 10.46461 10.68705 
  8.168113 7.748028 4.880795 6.443594 7.224133 5.407921 5.737802 7.491378 6.701544 6.234643 7.512669 8.443196 7.703174 7.365627 8.01344 8.229087 8.414868 9.403822 9.923154 10.23549 10.2058 10.82475 10.75734 
  4.6516 6.40865 5.91206 4.955561 6.248169 5.266423 6.609717 6.444417 6.649734 7.379482 7.973877 8.143605 7.388326 8.201369 8.52093 8.324531 8.576473 9.085799 9.739552 9.938383 10.0037 10.67691 10.58051 
  5.372324 6.305972 5.976514 5.983013 5.876278 5.620169 6.12866 6.296123 6.235262 6.73421 7.543416 8.310045 8.647717 8.980225 8.790534 9.145349 9.323896 8.994936 9.780353 10.17675 9.973151 10.32499 10.38872 
  6.57641 7.378065 6.556601 4.955561 6.148998 6.02108 5.437142 6.385099 7.219635 6.900731 7.912382 8.210181 8.175445 7.908859 8.647802 8.820839 9.323896 9.57413 9.513579 10.32361 10.24446 10.49078 10.77296 
  6.879591 7.600042 6.717736 5.805866 5.8019 6.707069 6.459387 7.491378 6.805161 7.088068 7.973877 8.110317 7.781885 7.825285 8.473352 8.534507 8.596674 9.376563 9.943555 9.883516 10.49577 10.84446 10.79639 ]
