 [
  5.22485 5.825785 6.335361 5.088724 5.176796 4.367134 5.451589 5.936995 6.114812 6.782094 6.366277 6.78456 7.775622 8.005076 7.89854 8.620345 9.328261 9.319534 9.616364 10.21401 10.27435 10.4337 10.83813 
  4.416648 5.462442 6.801118 6.254675 4.547718 4.317358 5.521074 5.723739 5.990341 6.205681 6.162383 6.498051 7.918831 8.079716 8.230759 8.687686 9.285057 9.860737 10.31024 10.42436 10.11098 10.49083 10.49649 
  5.211154 5.013607 4.917838 5.592203 5.386008 4.840008 4.891023 6.002232 5.876698 6.853775 7.424273 7.005953 7.775622 7.75965 8.692763 8.94189 9.285057 8.789777 9.450684 10.10884 10.432 10.83363 10.83813 
  4.447023 4.970861 6.558115 5.6717 5.744657 5.439056 5.063505 4.618433 4.834975 5.951828 6.876824 6.628283 7.775622 7.893118 8.799306 9.266558 9.069037 8.809056 9.518905 9.851402 10.1563 10.13239 10.25334 
  5.909639 5.31283 5.829103 4.823735 4.496071 4.864896 4.783222 5.904376 6.588358 6.01041 6.792601 7.569391 6.920455 7.282979 8.728277 8.876956 9.414669 9.527689 9.470176 10.00367 10.02035 10.23811 10.55343 
  4.690027 4.131433 5.626599 5.221219 4.702661 4.740455 5.521074 4.618433 6.148637 5.854193 6.08824 6.901768 7.281229 7.864518 8.242624 8.324045 8.861007 9.652582 9.706594 9.542382 9.975038 9.937207 10.29625 
  5.22485 5.120473 4.796336 4.876733 5.35612 6.117068 5.085065 5.871758 6.148637 6.531213 7.04527 7.648678 7.847226 7.740583 8.373138 8.377917 8.333973 9.486058 9.353226 10.21401 10.3269 10.83363 10.95201 
  3.596509 4.821249 5.970855 5.565704 5.47567 5.608559 5.365348 6.100087 6.047163 6.567054 7.171604 7.188277 7.294591 7.578515 8.799306 8.94189 9.069037 9.069326 9.52865 9.80156 9.994458 10.49083 10.83813 
  3.900264 5.526562 5.282344 5.43321 5.804432 5.913664 5.486331 5.372848 5.365307 6.889615 5.939953 6.99293 8.026237 7.654782 8.361274 8.701155 8.861007 9.021128 9.255767 9.791592 9.981511 10.4337 10.55343 
  5.142675 5.141846 6.011355 5.486207 5.266458 6.320471 5.868501 6.002232 6.028222 6.361897 7.003159 7.569391 7.561831 7.816851 8.171434 9.13669 9.285057 8.731939 9.002375 9.313109 9.916775 10.25438 10.0388 
  4.507774 5.227338 5.950604 5.777695 5.625107 5.811963 5.590559 5.425482 5.687294 6.817935 7.929611 7.529748 7.468297 8.005076 8.728277 9.071757 9.155445 9.319534 9.666352 9.632097 10.27435 10.49083 10.47503 
  4.355897 4.367873 5.403846 5.141722 5.445783 5.879764 4.524499 4.951779 5.800937 6.420479 7.129493 7.031999 7.847226 7.473647 8.361274 8.909423 9.025834 9.319534 9.988294 9.711844 10.0333 10.6051 10.46788 
  4.568525 4.249653 5.120341 5.009227 4.4186 4.29247 5.365348 5.267581 6.216286 6.889615 6.961047 7.609035 7.254505 8.117035 8.550708 8.84449 8.881277 9.777475 9.479921 9.821497 9.968564 10.4337 10.38922 
  5.115284 5.163219 6.699867 5.115223 5.266458 3.620492 4.58918 6.393653 6.825131 6.381425 7.213716 7.371174 7.811424 8.415591 8.230759 8.779556 8.861007 9.050047 9.78708 10.42436 10.05919 10.05106 10.55343 
  5.457678 5.441069 6.051856 5.088724 4.676837 4.765344 5.020384 6.002232 6.028222 6.674574 6.106776 7.609035 8.384259 8.378271 8.728277 8.539536 9.112242 9.610951 9.867565 10.05626 10.16925 9.84775 10.12462 
  5.265937 5.569308 6.315111 4.982728 5.326233 4.616015 5.660045 5.904376 6.148637 6.925455 7.087381 7.767609 8.062039 7.750117 7.779891 8.499131 9.241853 9.185001 9.616364 9.921181 10.3269 10.00227 10.32486 
  6.073988 5.077726 6.720117 4.929731 5.146908 6.015366 4.977264 5.285125 5.876698 6.264262 7.213716 7.767609 7.883029 7.502247 8.408652 8.36445 9.457872 9.777475 9.4117 9.43273 10.02035 10.6051 10.61037 
  5.608332 6.466978 6.558115 5.221219 4.651013 5.269553 5.521074 5.936995 6.38541 6.997135 7.255827 6.53712 7.708812 8.49023 8.621736 9.03929 9.155445 9.569321 9.827323 9.532413 9.949143 10.3113 10.55343 
  6.868343 5.718919 5.626599 4.402689 4.728484 4.914672 5.343788 5.723739 5.02438 5.776085 6.588707 7.490105 7.254505 8.266313 8.408652 8.377917 8.516408 9.127164 9.450684 10.16143 10.04625 9.84775 10.26049 
  5.978117 6.060889 6.841619 4.982728 4.651013 4.441798 4.804782 5.741283 5.51683 6.283789 6.755529 7.279438 7.187695 7.883585 8.373138 9.169157 9.501077 8.96329 9.626109 10.05626 10.2218 10.54796 10.83813 
  6.539644 5.270084 5.68735 7.473625 8.739232 9.303722 9.585965 9.394556 8.854614 8.25154 8.940286 8.798337 9.315117 8.975383 8.870334 9.03929 10.66758 11.23456 10.63218 10.00367 10.04625 10.37657 10.72425 
  5.307025 7.044051 6.659366 9.58158 10.96111 11.34107 11.53396 11.1965 10.67815 9.936028 10.91953 10.30479 10.96202 10.31888 10.18435 10.01329 12.35253 12.8998 12.48334 11.31831 10.3269 10.49083 10.49649 
  4.841905 5.120473 5.808852 6.996644 7.836778 6.049267 6.38964 6.165324 6.89278 7.104656 7.508496 8.243329 9.279315 9.983008 10.64603 11.0847 11.22923 11.35945 12.04067 13.00105 13.53246 14.54723 15.84886 
  5.882247 4.970861 6.132857 5.645201 5.744657 5.439056 6.563354 7.013405 6.89278 7.104656 8.098057 8.917267 9.923755 10.58012 11.28528 11.70156 11.57486 11.73413 12.40286 13.63208 14.16306 15.11855 16.58908 
  5.252242 4.155077 4.593833 3.905044 4.937696 4.889784 5.451589 6.491509 6.723657 7.104656 7.255827 6.693398 7.682088 8.266313 9.047903 9.266558 9.155445 9.444427 9.988294 9.951086 10.79985 11.69061 11.57835 
  4.811529 4.131433 4.463379 4.664742 4.496071 5.167851 5.764273 5.355303 6.216286 6.029937 7.34005 7.926182 8.133644 8.639507 9.332014 9.234091 9.587484 9.735845 10.22975 10.89763 11.6932 12.71899 12.71715 
  3.869889 4.735757 5.6671 6.122181 6.043531 6.049267 6.667582 6.654602 6.250111 7.570578 8.055945 8.084756 8.670677 9.16198 9.864723 10.17563 10.27875 10.56846 11.11509 11.94934 12.84931 13.9759 14.02678 
  5.084908 4.543399 4.506864 4.249567 5.266458 5.778062 5.521074 6.100087 5.895639 6.746254 6.106776 7.175253 8.169446 8.564869 8.586222 8.909423 9.069037 9.444427 9.538397 10.73987 11.11515 12.14767 12.88797 
  5.197459 4.522026 3.985049 3.751922 5.296346 4.715567 5.833758 6.230561 6.757482 6.440006 6.570171 7.450461 7.918831 7.78825 7.768026 7.866127 9.025834 9.610951 9.509159 9.711844 10.27435 10.06733 10.55343 
  3.171252 2.901949 1.810819 3.637081 4.057068 5.439056 5.521074 5.904376 6.656007 6.817935 6.514564 7.490105 7.294591 7.530848 7.613781 9.104223 8.98263 8.587345 9.314241 9.921181 10.2218 10.15679 10.78119 
  4.234395 3.091101 3.245811 3.981604 4.848034 5.608559 5.937986 5.021957 6.520709 6.746254 7.213716 6.641305 7.321315 7.568982 7.756161 9.006824 9.069037 9.527689 9.548142 10.05626 10.2218 10.31944 10.89507 
  4.507774 5.31283 6.051856 4.664742 5.386008 5.133951 5.660045 5.839139 7.028079 7.319696 7.466384 8.520833 10.24597 10.28156 9.189959 8.36445 9.457872 9.175362 11.11509 11.63383 11.0626 12.26193 12.48939 
  6.868343 7.327467 6.841619 5.380212 6.999929 7.303588 6.737067 5.839139 6.283936 6.567054 8.098057 9.472275 10.21017 11.51311 12.59929 13.2451 13.21661 11.31782 12.84553 15.10448 16.26507 16.77539 16.1905 
  7.131655 7.327467 5.849353 5.512706 6.999929 7.201886 6.598096 6.524127 7.231028 7.678098 8.898174 10.82015 10.99782 9.945688 10.85911 12.99528 14.6522 13.19122 14.21378 16.26136 16.89567 17.97015 17.78483 
  5.293329 4.842623 4.419895 6.678658 7.836778 7.032383 8.196259 8.742186 9.361984 9.613466 10.54052 10.89944 10.7114 10.76672 10.575 10.72756 12.05011 12.85817 15.92215 16.74744 16.52782 17.63237 18.11743 
  6.999999 6.189127 6.011355 6.970146 8.016102 9.303722 9.134311 9.459793 9.835531 10.43779 11.08797 10.97872 10.42499 10.5428 10.85911 11.05223 12.22292 13.19122 14.99527 16.81284 18.22389 18.73016 18.69948 
  6.183554 5.526562 6.29486 7.049643 7.537903 8.863015 8.925855 10.02312 10.37673 10.11523 11.63542 11.73195 11.03362 11.02795 11.53388 11.79897 12.95739 13.73242 15.3224 18.18622 18.92707 19.32127 19.36468 
  4.993782 5.612054 7.003622 8.631318 7.92644 8.252804 9.620708 10.23647 10.4772 9.613466 11.5512 12.40589 12.2509 12.11022 12.3507 12.87037 13.34622 13.85732 15.37692 17.66303 18.53641 19.65905 19.78043 
  6.999999 6.103635 6.639116 7.632618 7.627565 8.456207 9.551223 9.688123 10.4772 11.35665 11.71964 12.28695 11.71387 11.66238 11.99556 12.7405 13.64865 14.19036 16.03119 17.46683 18.84894 19.65905 19.94673 
  6.347903 7.857118 8.047715 7.871108 8.924388 9.64328 10.83311 10.55648 10.97958 11.04707 11.29853 11.89052 12.2509 12.29681 12.88341 12.31843 14.38312 14.52341 16.14024 17.72843 19.16146 20.08127 20.44563 
  4.811529 5.419696 5.849353 6.943646 8.554076 9.64328 10.01546 9.655504 11.6829 11.35665 11.76175 12.86579 12.8442 12.63269 12.77687 12.87037 14.93114 14.8898 16.68546 18.64402 19.94276 20.5035 20.86138 
  4.87228 5.334204 7.165624 7.871108 8.195427 9.473501 10.48269 10.12979 11.98432 11.66623 12.42935 12.40589 12.2867 12.2595 13.19653 13.86965 14.79167 15.53097 17.17616 18.90561 20.48968 21.34795 22.94014 
  5.024158 5.270084 7.875347 8.82137 8.924388 9.473501 9.551223 10.23647 11.18052 11.15026 12.18287 13.01909 11.78547 12.63269 13.89054 14.74402 16.39559 16.81333 17.77591 20.0174 20.64594 22.9524 23.02329 
  6.799864 7.086797 6.983371 8.441265 8.924388 10.66195 11.65077 11.30318 11.38147 11.76942 12.09865 13.3257 12.52027 13.46603 14.72336 16.36786 16.53506 17.40871 18.21209 20.80219 21.8179 22.44573 22.27493 
  9.238153 10.32882 10.97797 10.53184 11.14626 12.02018 11.88438 11.83653 11.88385 11.25346 13.90824 15.62522 14.6258 16.01332 17.36061 15.7433 17.09294 17.36291 18.15756 20.21359 21.03659 21.43239 21.44343 
  11.47631 14.21293 14.25297 13.19258 13.36813 12.52952 12.00119 11.51652 11.58242 11.66623 13.41527 16.08513 15.43562 15.21729 16.38899 14.74402 16.04691 15.98896 16.84903 18.97101 19.23959 19.23682 19.28153 
  14.24109 17.92048 18.04506 18.51404 19.10798 17.96243 16.43989 15.9967 16.00332 16.61948 18.96109 20.37758 19.64669 20.15265 19.85906 18.74115 18.06923 16.95072 14.77718 14.84155 14.95131 15.11855 15.0517 
  15.03102 18.27358 17.18322 19.84441 19.47829 19.66022 16.67351 16.63673 16.60617 17.54821 19.94702 21.60399 21.10436 21.26708 20.83068 19.49061 18.69685 17.08812 14.73693 13.42174 12.37636 12.2048 14.88088 
  15.03102 17.92048 17.18322 19.46431 19.8486 19.99978 17.25755 16.31671 16.70664 17.34183 19.33081 21.91059 21.42829 21.26708 20.41428 18.61624 17.51135 16.44694 14.49548 13.15881 11.7983 11.17642 13.45738 
  15.03102 17.39083 17.35559 18.89415 20.21891 19.66022 17.14074 16.42338 16.70664 17.23864 18.83785 21.60399 21.75222 21.90391 20.83068 19.24079 16.95347 15.75997 13.97232 12.68554 11.32535 11.06215 13.22962 
  15.16268 16.86118 17.01085 18.13394 20.21891 18.98111 17.25755 16.53006 16.50569 17.03225 18.71461 22.0639 22.56204 22.69993 21.6635 20.73971 18.90606 16.85913 13.08698 11.79158 11.64065 11.80488 12.03387 
  15.03102 16.33153 16.83849 17.94389 19.47829 18.13221 16.79032 15.9967 15.90284 16.3099 17.72869 20.99078 22.07615 22.22231 20.83068 20.11516 18.34818 16.90492 13.65038 12.37002 11.11515 11.00502 11.40753 
  14.5044 16.15498 16.14902 17.75384 18.18219 17.96243 15.62224 14.71665 14.8981 15.07159 16.37304 19.45777 21.42829 21.58549 20.27547 19.74043 18.55738 17.27131 14.01256 12.68554 10.8524 11.11929 10.95201 
  13.45115 15.27223 15.28718 16.42347 17.44157 15.75531 14.22054 13.00991 12.8886 13.00773 13.785 16.39173 18.18901 18.40139 17.22181 16.8675 15.6285 14.31526 12.20164 11.31831 10.90495 11.23355 11.12283 
  13.3195 15.09568 14.5977 15.0931 15.77516 13.88775 12.118 12.04987 11.78337 12.18219 12.92231 15.16532 17.86508 17.92378 16.11139 16.36786 14.72194 13.19122 11.63824 11.47607 11.01005 11.23355 11.06589 
  8.711529 10.85847 10.2885 10.7219 10.40564 7.744296 7.43192 6.295798 6.419234 7.212176 7.845388 10.2255 14.78777 14.42127 11.32079 12.09117 9.414669 9.527689 9.867565 9.80156 10.27435 10.26251 10.78119 
  5.950726 7.327467 6.88212 7.871108 5.953869 4.591127 4.934143 5.618472 6.283936 6.925455 6.421885 6.927814 8.563271 8.303633 8.444166 8.122022 8.678572 9.040407 9.94805 10.05626 10.16925 9.986003 10.61037 
  6.183554 6.61659 5.64685 6.466667 5.983757 5.574658 6.493868 5.871758 6.080987 6.166627 6.458956 6.979907 8.527469 9.087341 7.803621 7.852658 9.155445 9.146443 9.626109 10.05626 10.11746 10.4337 10.35346 
  5.882247 5.31283 4.917838 5.19472 4.788259 4.964448 5.521074 6.067469 5.592592 6.817935 7.129493 6.99293 7.811424 8.676827 8.83482 8.84449 8.759654 9.236272 10.02854 9.951086 9.813197 9.94534 10.33916 
  5.197459 3.540335 3.376265 4.096446 3.979597 4.889784 5.343788 5.741283 6.114812 6.420479 5.791667 7.529748 6.960541 8.154355 8.01719 8.499131 9.069037 9.486058 9.606617 10.00367 10.10451 10.20558 10.36776 
  5.717898 3.256608 2.550057 4.134726 4.651013 5.303454 4.998824 4.91669 6.283936 5.619868 7.04527 7.886539 8.420062 8.415591 8.550708 8.445259 9.241853 9.088605 10.06878 10.37177 10.5371 10.77649 10.89507 
  5.197459 3.44576 3.680656 3.483959 3.876302 4.914672 5.521074 6.067469 5.687294 5.209799 6.876824 8.243329 8.384259 8.079716 8.052785 8.43179 9.241853 9.236272 9.827323 10.6347 10.6422 10.49083 10.72425 
  6.087684 7.150917 7.530611 8.441265 9.294701 9.813059 10.5995 11.62319 12.78812 13.93647 14.27796 13.6323 13.16813 12.55805 12.1021 11.31196 10.79719 10.65173 11.07485 12.21227 13.32226 14.60436 14.59618 
  8.711529 9.622621 9.943764 10.7219 11.51657 12.6993 13.16927 14.07662 15.09904 16.41309 16.61953 15.77852 15.11169 14.58047 14.16815 13.49492 12.78457 12.85817 13.32844 14.52603 16.21252 17.51811 17.72789 
  8.974841 9.446071 9.254292 9.011423 11.14626 12.35974 12.58523 12.58323 12.58717 14.76201 15.51036 14.24551 14.46384 14.89888 15.00096 13.99456 15.07061 14.7524 15.59501 17.59763 19.08333 19.65905 19.61413 
  6.539644 7.150917 7.530611 8.82137 9.109545 9.982837 9.898649 10.44981 10.67815 12.59496 15.88008 14.85871 14.78777 15.05809 14.72336 14.86893 15.6285 16.21795 16.90355 18.90561 19.7865 21.34795 21.19398 
  6.868343 7.504017 7.530611 8.82137 8.739232 9.982837 9.481737 9.916452 10.4772 11.76942 14.77092 13.7856 13.16813 13.94365 14.02934 13.99456 14.93114 15.57677 16.63094 18.90561 19.39585 20.58794 20.27933 
  5.22485 5.141846 6.740367 7.871108 9.294701 9.64328 10.24907 10.87649 10.67815 10.58115 11.88809 12.55919 12.3583 12.82922 12.91892 12.7405 14.51273 15.21039 16.08571 19.29801 19.55211 20.33461 20.86138 
  6.690298 6.039515 4.755836 7.34113 8.524189 9.982837 10.13227 9.394556 9.970829 10.33027 11.76175 12.12838 11.82127 12.67001 12.88341 12.8379 13.21661 15.16459 16.24928 19.16721 19.7865 20.58794 20.94453 
  6.402687 5.120473 6.072106 6.705156 8.739232 9.13422 9.412252 10.34314 9.564933 10.65283 12.09865 12.0491 12.17929 12.82922 12.81238 12.87037 14.12389 15.30198 16.14024 19.10181 20.0209 20.75683 21.44343 
  6.005509 4.735757 5.403846 7.155638 8.924388 9.303722 9.273281 9.394556 9.361984 10.07939 10.91953 11.4148 11.71387 12.11022 12.77687 12.48077 14.38312 14.66081 15.92215 18.57862 20.0209 21.01017 22.02548 
  5.443983 3.563979 5.140592 7.420627 8.374752 8.761312 9.134311 9.459793 10.03848 9.936028 11.04586 11.09765 12.3225 11.92362 12.49275 12.02623 13.60545 13.94058 16.03119 17.27064 18.45828 20.75683 21.52658 
  5.498765 4.928115 5.829103 7.261633 8.016102 7.744296 9.064825 9.916452 9.801706 10.25859 11.17219 11.33551 11.82127 12.44609 13.47413 12.5457 14.58247 15.39358 17.12164 17.59763 18.61454 21.2635 21.60973 
  5.909639 5.334204 5.991105 7.526623 8.524189 9.13422 9.724936 9.622886 9.361984 10.68867 12.42935 12.36624 13.00616 13.62524 14.02934 13.2451 14.6522 15.34778 16.7945 17.85923 19.08333 20.58794 20.86138 
  5.690506 5.03498 6.416362 7.208635 7.866665 8.693512 8.960597 9.068371 8.753139 11.35665 11.84598 12.12838 12.68223 12.98842 13.89054 12.87037 15.69823 15.48518 16.41285 17.59763 19.0052 20.25016 20.52878 
  5.978117 5.804412 5.869603 6.519664 6.790717 8.964716 10.36588 9.818597 9.361984 10.25859 11.25642 11.96981 12.3583 13.14762 12.91892 12.99528 15.41929 15.89736 16.63094 18.44782 19.31772 19.74349 19.69728 
  8.448216 9.26952 8.392451 7.288133 7.328691 8.964716 9.412252 9.427175 9.429634 10.83203 12.18287 12.55919 12.8442 14.10286 13.75174 14.24438 15.00088 15.98896 17.06712 17.92463 18.61454 19.32127 19.78043 
  10.55472 11.74122 11.15034 8.441265 7.059704 9.13422 10.48269 9.785978 10.30908 11.56304 12.55259 13.17239 14.6258 14.42127 14.30695 14.4942 14.86141 15.07299 16.3038 17.66303 18.30202 19.23682 19.19838 
  6.868343 8.739869 8.909555 7.526623 7.328691 9.982837 10.83311 9.916452 10.4772 11.97581 14.03148 15.31862 15.11169 13.94365 14.30695 13.2451 14.51273 13.98221 14.61621 16.68204 16.89567 17.63237 16.98766 
  7.65828 8.033668 8.737187 8.06116 7.508016 8.727412 9.516479 9.10099 9.632583 11.76942 15.14064 15.47192 13.00616 13.14762 13.05772 12.09117 12.13651 12.02555 12.88577 14.68379 15.10896 15.74701 15.0517 
  6.868343 7.327467 8.392451 7.182137 7.448241 9.168119 10.01546 9.492412 9.90318 11.35665 13.53851 12.40589 11.28424 11.99826 12.1021 10.17563 10.62438 10.6101 11.11509 12.47519 13.21716 13.51884 12.54633 
  7.131655 6.55247 7.185874 6.599161 8.554076 9.64328 9.898649 8.709568 8.381068 10.93955 13.04555 11.01837 10.03116 9.572495 9.438556 8.43179 8.759654 9.486058 9.499413 10.52953 10.9575 10.94789 10.72425 
  7.65828 7.504017 6.234109 5.751196 7.268916 8.761312 8.578428 7.991961 7.433976 10.68867 12.92231 9.868709 9.243512 9.012702 8.763792 8.84449 8.729248 9.236272 9.827323 10.2666 10.79985 10.66223 10.66731 
  5.827464 6.659335 7.185874 4.638243 7.029817 8.354506 8.752142 7.306972 7.197203 10.29443 12.18287 9.194771 8.491666 7.893118 8.621736 9.104223 9.846708 9.527689 9.706594 10.2666 10.69475 10.31944 10.49649 
  5.334416 7.086797 7.702979 5.751196 6.402181 7.913798 8.231001 7.894105 6.723657 8.430741 9.487735 7.110138 7.601916 7.854985 7.768026 8.876956 9.241853 9.069326 9.706594 9.951086 10.2218 10.18931 10.32486 
  5.265937 6.082262 6.25436 5.141722 4.788259 6.998483 8.265744 7.209116 6.791306 6.225208 7.213716 7.240369 7.883029 7.816851 8.763792 8.701155 8.486002 8.577705 9.158308 9.74175 9.936196 10.22998 10.55343 
  5.553549 5.697546 4.289441 3.215997 4.758371 5.710261 6.876038 7.796249 6.453059 6.029937 6.329206 7.371174 7.847226 7.492714 8.313814 9.266558 8.435326 9.107884 9.867565 10.10884 9.968564 10.09986 10.31055 
  5.183763 3.847706 3.376265 4.058165 4.728484 6.693377 6.38964 5.671105 5.289546 6.01041 7.382162 7.331531 6.947179 8.154355 8.728277 8.310576 9.069037 9.236272 9.746838 9.911213 10.48455 10.31944 10.89507 
  5.156371 4.013214 3.941564 3.751922 4.573542 6.82898 6.667582 6.197943 6.622183 7.140496 7.845388 8.084756 7.954633 7.626182 8.325679 8.909423 8.79006 9.361165 9.392209 9.542382 9.87146 10.24624 10.83813 
  4.447023 3.776775 3.81111 4.364408 5.057246 6.184869 5.799015 6.100087 6.047163 6.029937 6.644315 7.609035 8.062039 7.67385 9.012389 8.779556 9.025834 9.011488 9.746838 9.901244 10.16925 10.37657 10.19613 
  5.84116 4.391517 1.984758 3.330838 5.176796 5.472957 5.020384 5.68865 6.182461 6.674574 7.003159 7.018976 6.973903 7.597582 8.444166 8.526068 8.901547 9.652582 9.626109 9.522446 10.05272 10.37657 10.25334 
  6.361599 3.800419 4.028533 4.211287 5.057246 5.439056 5.365348 5.127224 5.781997 6.889615 7.087381 7.136184 7.160971 7.967757 8.052785 8.94189 9.328261 9.001848 9.606617 9.49254 10.2218 10.71936 10.83813 
  6.361599 4.367873 3.550203 2.029304 4.108715 4.29247 5.085065 5.723739 6.453059 6.710414 6.681386 7.331531 7.748898 7.778717 8.301949 8.606877 8.688707 8.674102 9.746838 9.562319 10.2218 10.66223 10.39637 
  5.512461 4.036858 2.941419 3.177716 3.592241 4.491575 6.042214 6.426272 6.080987 5.912775 6.014097 7.569391 7.361401 7.826385 7.981595 8.404854 8.344109 9.098245 9.353226 9.701877 9.80025 10.37657 10.61037 
  4.295146 3.516691 3.419749 3.713642 4.392776 4.790232 5.214426 5.425482 5.611533 5.87372 5.661916 7.2013 7.918831 8.266313 8.692763 9.13669 8.729248 9.652582 9.746838 9.86137 10.432 10.12426 10.46788 
  3.839513 4.249653 4.463379 3.943324 4.237833 4.466686 4.804782 5.723739 6.250111 6.638734 7.087381 7.371174 8.133644 7.967757 8.195164 8.36445 8.98263 9.402796 9.827323 10.10884 10.3269 10.08359 10.45358 
  5.731594 4.391517 4.37641 4.479249 4.625189 4.889784 5.972729 5.969613 6.96043 7.032976 6.699922 7.110138 7.441573 8.079716 8.218894 8.974357 8.536678 9.107884 9.706594 10.00367 10.37945 10.28691 10.43213 
  4.477399 3.965926 4.958339 3.905044 4.470247 5.269553 4.934143 5.162313 5.819878 6.440006 6.918935 7.410818 7.454935 7.854985 8.01719 8.876956 8.820465 9.040407 9.94805 10.00367 10.2218 10.31944 11.00895 
  5.238546 3.398472 2.637026 3.062875 4.937696 5.540758 4.955704 5.425482 5.93352 6.166627 6.736994 7.410818 7.321315 7.816851 8.550708 8.812023 8.617761 9.175362 9.440938 10.2666 10.16277 10.05106 10.41782 
  5.964422 4.415161 3.854595 3.062875 4.818147 5.67636 5.903243 6.067469 5.93352 6.108046 6.421885 7.371174 7.454935 8.191674 8.870334 8.812023 8.871141 9.527689 9.548142 9.941117 9.981511 10.22184 10.61037 
  5.882247 4.714384 4.202472 4.058165 4.470247 4.93956 5.300667 5.839139 5.819878 6.459533 5.606308 7.529748 8.205249 7.540381 8.408652 8.94189 9.069037 9.444427 9.606617 9.951086 10.432 10.6051 10.49649 
  4.295146 4.296941 3.680656 3.5988 4.470247 5.506857 5.72953 5.49566 6.31776 6.782094 5.977025 7.175253 7.682088 8.228993 8.135839 8.229768 8.445461 9.194641 9.78708 9.731782 10.37945 9.986003 10.38922 
  4.750778 4.735757 4.593833 4.585245 4.625189 4.367134 4.761662 5.092135 6.791306 7.176336 6.5331 7.569391 7.361401 8.154355 8.550708 9.006824 8.921818 9.444427 10.10902 9.881308 9.929723 10.09986 10.37492 
  4.781154 4.013214 3.898079 4.440969 3.30818 3.371611 4.071734 4.776333 5.194843 5.717504 6.551635 7.253392 7.918831 7.854985 8.325679 8.270172 8.779924 9.194641 10.02854 10.16143 10.2218 10.66223 10.83813 
  5.800073 4.036858 2.897934 3.790202 4.21201 4.790232 4.761662 4.951779 5.668354 7.391377 7.087381 7.084092 7.69545 8.079716 8.586222 8.13549 8.779924 9.021128 9.867565 10.2666 10.14983 10.4337 10.36061 
  5.827464 3.87135 3.724141 4.532247 5.146908 5.439056 5.555817 5.871758 5.93352 6.710414 6.918935 6.628283 7.883029 7.874052 8.621736 8.974357 9.285057 9.021128 9.867565 9.951086 10.2218 10.66223 10.21759 
  5.58094 5.6548 4.695085 3.866763 3.850478 4.864896 5.085065 4.951779 5.649414 6.961295 6.792601 7.331531 7.454935 8.154355 8.254489 8.714622 8.496138 9.943999 9.706594 9.671971 9.754934 9.798955 10.32486 
  5.115284 5.868531 5.727851 4.95623 3.075767 4.267582 6.007471 5.80652 6.028222 6.342371 6.551635 7.807252 8.026237 8.340952 8.290084 8.418323 8.496138 9.194641 9.489667 10.2666 10.7473 10.54796 10.72425 ]
