 [
  5.477277 4.8255 5.635518 5.588984 5.622834 5.170948 6.139291 6.228495 5.593585 6.266889 7.103702 7.672344 7.80969 7.871644 8.612853 8.461349 9.574492 9.397425 9.427477 10.14179 10.04587 10.38388 10.46798 
  5.917862 4.578988 4.731067 5.436413 4.705802 4.518764 5.394765 6.106425 6.667913 7.277348 6.782034 6.580624 8.023166 7.97455 8.174138 8.703455 9.090127 9.841313 9.403708 9.456022 10.04587 10.19274 10.05251 
  5.93622 4.85289 4.731067 6.072128 5.989197 3.830446 4.710526 5.03964 5.638568 6.763178 6.489338 7.940823 7.80969 7.871644 8.223948 8.661549 8.226905 9.214831 9.682321 9.965109 9.805816 9.911171 10.26741 
  5.165196 4.606378 4.818896 5.639842 5.756057 4.851822 5.27127 6.381082 6.213731 7.169101 8.118767 7.026646 7.98047 8.026003 7.788113 7.940001 9.413037 9.704732 9.888287 9.526978 9.559464 10.18513 10.58028 
  3.25785 5.345913 5.635518 5.182127 4.2056 5.483108 4.408587 5.198066 5.173746 6.519624 6.981894 7.627597 8.023166 7.747998 8.612853 8.526518 8.532567 9.123222 9.427477 10.03739 10.01275 10.50917 10.63228 
  4.591666 4.85289 6.531168 6.122985 5.056637 4.829618 5.54367 6.594703 6.355663 7.006732 7.469125 7.314372 7.596214 8.489079 8.199042 8.247225 8.801549 9.602297 9.785303 10.07755 10.01275 10.23841 10.63228 
  5.550708 4.715939 5.66186 5.944985 5.589529 5.136263 6.064839 6.533669 5.833494 7.358532 7.22551 7.58285 7.474671 8.283267 8.418401 8.871082 8.654832 9.329134 9.45917 9.567525 9.825524 10.4152 10.5038 
  5.550708 5.784156 6.399454 5.258412 4.676378 6.003376 6.027612 5.514917 6.100186 6.438439 6.860086 7.269625 7.380053 7.97455 8.467013 8.871082 8.899361 9.738877 9.90545 9.788423 10.18 10.40737 10.44649 
  5.734285 3.608397 5.135007 4.851554 5.223166 5.899322 5.841481 5.831768 6.895004 6.247828 6.430799 7.158801 8.108556 8.180362 8.111876 8.661549 8.850455 9.465715 9.372014 9.965109 10.08611 9.979661 10.85758 
  4.754991 3.734996 4.818896 4.206041 3.88194 5.34437 5.431991 5.118853 6.667913 6.419378 7.103702 7.269625 7.89508 7.455743 8.149233 8.228605 8.801549 9.568151 9.665156 9.415477 9.569317 9.880731 10.33904 
  3.829486 5.647205 5.95163 5.232984 4.52926 4.807414 4.667392 5.4093 5.083781 6.381256 6.840573 6.894491 6.544262 7.500706 8.18659 8.661549 9.009399 9.157576 9.276934 9.63848 10.03917 10.20035 10.10265 
  5.036693 6.27718 6.162371 5.792413 5.922586 6.072744 6.25097 5.805364 5.908465 6.492562 7.063099 7.940823 7.766995 8.180362 7.974899 8.470659 8.752644 9.43157 9.596501 9.860703 10.2873 10.65013 10.52829 
  4.482783 6.27718 7.268762 4.164376 5.023331 5.760584 5.618123 5.59413 5.788511 6.600809 7.22551 7.627597 8.065861 7.79296 8.71008 8.745362 9.009399 9.054516 9.596501 9.60807 10.13306 10.44653 10.54562 
  4.564445 4.36799 6.294084 4.698983 4.705802 5.275002 6.027612 6.533669 6.128572 5.790359 6.684469 7.359118 7.411592 8.128908 8.149233 8.703455 8.76487 9.294989 9.956942 9.577662 10.08611 10.35256 10.89224 
  4.700549 5.072011 6.162371 5.84327 5.65614 6.488958 5.54367 6.320046 6.100186 6.266889 6.723495 7.314372 7.638909 7.444503 8.161685 8.954897 9.009399 9.602297 9.750976 9.941015 10.36778 10.82241 10.63228 
  5.403846 4.85289 6.346769 5.588984 5.256471 5.03221 4.38702 5.171661 6.38405 7.223225 7.672138 7.493358 7.53775 7.343338 7.862827 8.577735 9.776312 9.43157 9.665156 9.739845 9.776254 10.29929 10.46798 
  4.945536 4.688549 5.214036 5.080412 5.056637 4.674191 5.249703 6.533669 7.264028 6.600809 6.82106 7.269625 7.596214 7.568149 8.369787 8.661549 9.090127 9.180478 9.142237 9.131654 9.401797 10.07859 10.31039 
  5.018335 5.921107 6.504825 4.978697 5.722752 5.483108 6.399876 6.167459 7.264028 6.844363 6.645443 6.16764 7.52198 8.077456 8.418401 9.122524 8.838228 9.329134 10.11142 9.60807 10.10623 10.36039 10.59762 
  5.256985 5.017231 6.45214 6.250128 5.489612 4.851822 5.314404 6.136942 6.639527 6.28595 7.509728 6.960568 7.427362 8.026003 8.56424 8.703455 9.453402 9.602297 9.90545 9.884797 10.2873 10.46219 10.18145 
  5.899504 5.838937 6.794594 5.48727 5.456306 5.934007 5.357539 5.198066 5.968442 5.656931 6.157616 6.448469 7.80969 7.736757 9.147598 8.284464 8.569246 9.272086 9.10262 9.66889 10.0029 10.1623 10.85758 
  5.642497 5.208962 5.266721 3.997714 5.089942 4.874026 4.710526 6.014873 6.611141 6.573747 6.450312 7.269625 7.50621 8.077456 8.099423 8.396181 8.593699 9.10032 9.716648 9.932984 10.09952 10.52484 10.7016 
  5.991292 5.510254 5.503805 5.436413 6.422172 5.899322 6.176517 5.984355 6.611141 7.14204 7.672138 8.925247 9.944446 10.54719 10.94629 11.21787 11.55232 11.44614 11.88822 12.79536 13.5636 14.2986 14.55097 
  4.972756 5.701986 6.162371 6.478986 6.82184 6.072744 6.586007 6.99143 7.689823 8.116256 8.930819 10.26764 11.56686 12.19369 12.59914 12.85224 13.16687 13.05097 13.56623 14.47664 15.34542 16.18256 16.37266 
  5.660854 4.88028 5.319406 4.456035 5.223166 6.03806 7.107176 8.303679 7.831755 7.84564 7.712741 8.880501 10.15792 10.80446 10.70322 10.46354 10.82577 11.00225 11.75914 12.9482 13.30905 13.59211 14.55097 
  3.802265 5.044621 4.731067 5.080412 5.556223 6.523643 7.293307 7.662813 8.65496 9.144594 9.945884 10.58087 11.26799 11.6277 11.82133 12.18173 12.48069 12.60708 13.30807 14.47664 14.83633 15.59382 17.0156 
  7.607855 8.561587 9.261686 8.755815 9.415167 9.751294 10.23825 12.00222 13.46727 14.50921 15.48861 16.26592 16.75223 16.87488 16.64915 16.25516 15.95334 15.36318 14.21162 14.17095 13.5636 15.12283 16.05118 
  6.266658 7.098886 7.953671 6.275557 8.38721 9.298401 8.633454 10.2771 11.57207 12.64452 13.6776 14.76951 15.35208 15.02638 14.44644 13.89991 14.39814 14.68414 15.37332 15.24086 14.32724 15.35832 14.87245 
  4.782211 4.241391 4.818896 5.156698 6.655312 7.494808 7.144402 8.05954 9.899835 11.10888 12.91507 13.91442 14.88536 14.45761 13.62002 12.72652 13.28796 13.66559 14.72793 14.78233 13.69087 14.0631 13.26508 
  5.789358 3.819396 4.335835 4.206041 4.440989 5.65653 6.213744 6.86936 8.484642 9.252841 10.39251 10.75986 12.9758 15.45296 15.48983 14.27179 14.17597 12.74366 12.92084 14.01811 14.58178 13.82761 13.47939 
  4.809432 3.988194 3.413626 3.872717 4.794073 5.240317 5.506444 5.752555 5.773517 6.266889 6.941292 7.85133 8.065861 10.28993 10.36293 8.479969 9.211219 9.465715 9.939777 10.42289 10.45496 10.52484 10.56295 
  6.505308 5.565035 4.20409 3.622724 4.264447 5.517793 5.206569 5.488513 6.270504 6.247828 6.196642 7.538104 7.80969 8.283267 8.418401 8.577735 8.777097 9.169026 9.372014 10.38273 9.914211 10.67362 10.56295 
  5.991292 4.935061 3.194053 3.66439 4.923414 4.807414 5.206569 5.984355 6.043413 6.076277 6.782034 7.208359 6.954273 7.534427 8.321174 8.661549 9.453402 9.272086 9.324473 9.957078 9.874794 10.82241 10.90957 
  4.836653 3.650597 3.54537 3.456062 4.323295 4.651988 5.27127 5.646938 6.043413 6.546686 6.450312 6.679739 7.89508 7.804201 8.174138 8.535828 8.899361 9.568151 10.16291 9.780392 10.15317 10.28407 10.59762 
  5.183554 2.722206 3.281882 4.826126 4.95672 4.629784 4.861496 5.699747 5.878476 5.256646 7.347318 7.158801 7.596214 8.128908 8.174138 8.517208 8.715964 9.329134 9.596501 9.812516 9.924065 10.50134 10.71893 
  4.646108 2.891005 2.667077 3.831052 4.588108 5.448424 4.796795 5.514917 5.158752 6.381256 6.313721 7.269625 7.017351 7.871644 8.321174 8.829176 9.009399 9.943749 9.579338 10.06951 10.09952 10.10903 10.37486 
  4.292238 2.891005 2.667077 3.081072 4.087905 5.65653 5.692575 5.984355 6.028419 5.980971 6.489338 7.672344 7.380053 7.97455 8.612853 8.829176 9.090127 9.272086 9.596501 9.83661 10.08611 10.02532 10.52829 
  4.482783 1.878215 2.447503 3.456062 4.676378 3.763834 4.796795 5.892803 6.355663 6.28595 6.157616 9.327966 10.07253 7.923097 8.272561 8.954897 9.735949 9.773023 10.28305 10.96123 10.68968 10.47002 10.82291 
  5.45892 2.848805 2.008357 1.956103 4.087905 3.808242 5.506444 5.984355 5.908465 6.573747 7.022497 7.985569 8.535507 7.871644 7.426992 8.293774 9.291946 8.88275 9.522557 10.0133 10.6025 10.50917 10.17428 
  4.455563 2.764406 2.359674 2.414423 3.764245 4.89623 5.729802 5.862286 6.355663 6.736116 6.313721 6.811894 7.681604 7.923097 8.321174 8.265844 9.372674 9.363279 9.554251 10.21408 10.08611 10.47785 10.66694 
  4.510004 3.270801 2.842735 3.539393 4.176177 5.101579 4.473289 5.514917 5.683551 5.866604 6.430799 6.66322 7.411592 7.923097 7.676041 8.619641 8.984946 9.397425 10.05992 9.997233 9.894503 10.60315 10.80558 
  5.45892 3.819396 4.20409 3.2894 3.88194 5.136263 4.775228 6.228495 6.0718 5.218524 5.61125 7.208359 8.023166 8.386173 8.321174 8.507898 9.170855 8.814043 9.939777 10.07755 9.776254 10.07098 10.43933 
  4.836653 3.228601 3.062309 3.039407 4.676378 5.587162 6.399876 6.014873 6.412436 6.898486 6.762521 7.538104 7.98047 7.923097 8.369787 8.871082 9.413037 9.841313 9.630829 9.941015 9.993044 10.20796 10.14563 
  8.253087 9.356012 9.567667 9.107116 7.787706 7.286701 7.553891 8.456265 9.449779 8.901041 9.25564 10.58087 12.54885 13.63437 14.10615 13.60656 12.92469 10.76324 10.00843 10.35061 10.06599 10.17752 10.73626 
  9.414505 12.37483 12.1685 11.03928 11.87919 11.32107 10.12251 9.737997 9.421392 9.009287 10.79854 12.32598 14.41865 15.87953 16.18542 15.26347 15.06466 13.77876 9.991269 10.14983 10.46167 11.01818 11.22152 
  11.60829 15.8703 16.60522 16.13315 18.28566 18.47228 16.3727 15.5603 15.13951 15.38671 15.96519 17.76233 20.17483 20.0031 19.08372 17.9906 17.17529 15.47635 11.75914 10.80838 10.63603 11.01818 11.44682 
  13.41494 17.30026 16.75821 18.41661 18.94274 20.21648 17.4144 16.53068 16.47729 16.70297 17.49025 19.47252 22.19727 21.8516 20.8227 20.84169 19.95244 17.7398 12.14637 11.41976 11.27269 11.8259 12.72929 
  13.93113 17.61803 16.60522 18.76791 19.43554 20.3909 16.48844 16.53068 16.58878 16.70297 17.96683 19.68629 22.66399 22.70475 21.5183 20.22188 19.17484 17.28711 12.53361 11.5726 10.89087 11.47266 12.60797 
  14.31827 17.77691 16.75821 18.76791 19.43554 20.21648 16.48844 16.42286 16.70026 16.81266 18.06215 19.47252 22.81956 23.27352 21.75016 19.60208 18.73049 17.06076 12.14637 11.11407 10.79698 11.2766 12.83645 
  14.57636 17.9358 16.9112 18.76791 19.27127 19.69322 16.48844 16.31504 16.58878 16.70297 17.7762 19.36563 22.81956 23.41571 21.75016 20.4698 19.28592 17.06076 12.27545 10.52729 10.89087 11.35491 12.83645 
  14.9635 18.09468 16.9112 18.59226 18.94274 19.16996 16.25695 15.88376 16.25433 16.26422 16.82304 18.61743 21.10826 22.27818 20.59084 20.96565 20.50787 18.30566 11.88822 10.10967 11.65451 12.29689 13.26508 
  14.9635 18.09468 17.06419 18.76791 18.6142 18.6467 16.3727 15.99158 16.25433 16.26422 17.10899 18.93809 21.57498 23.27352 21.63423 21.58545 20.95221 18.41883 12.79176 11.11407 10.89087 11.20612 13.80087 
  15.09255 18.09468 16.9112 18.94357 18.28566 18.29786 16.14121 15.88376 16.03137 16.15453 17.01367 18.51054 21.57498 23.27352 21.75016 21.70941 21.17438 18.64518 13.04992 10.96123 11.14542 11.94365 13.47939 
  15.22159 17.9358 17.06419 18.59226 18.28566 17.7746 15.90972 15.5603 15.69692 15.60609 16.34645 17.97611 21.10826 22.56256 21.1705 21.33753 20.84112 18.07932 12.14637 10.49517 11.14542 11.94365 12.72929 
  15.47969 17.45914 17.37017 18.24096 18.28566 17.25134 15.79398 15.12902 14.91654 14.94796 15.48861 16.80035 20.01925 21.8516 21.1705 21.46149 20.73004 17.40028 11.67332 10.59957 10.74333 11.47266 13.26508 
  15.47969 17.14137 17.67615 18.06531 18.12139 16.55367 15.21526 14.58991 14.35913 14.39952 14.63076 15.73149 19.55254 21.28283 20.8227 21.08961 20.39678 17.17394 11.60467 10.59154 11.39996 11.94365 12.83645 
  15.35064 16.66472 17.82914 17.88966 17.79286 15.85599 14.75228 14.26645 14.24765 14.18015 14.82139 15.6246 18.6191 20.42968 19.66338 20.09792 19.50809 16.04221 11.26139 10.65579 10.77686 11.21396 12.34801 
  14.9635 15.8703 17.67615 17.36271 17.30005 15.15831 13.59484 13.83517 13.35579 13.74139 14.05886 14.98328 18.15239 20.1453 19.31559 19.2302 18.50832 14.79731 12.53361 12.03114 12.29087 12.0614 13.05076 
  14.57636 15.39364 16.75821 16.83575 16.31444 13.93737 12.66888 12.64915 12.57541 12.86389 13.58228 15.09017 19.08582 20.71407 20.01118 19.85 19.17484 15.70269 10.71215 9.689163 10.54885 11.35491 12.62531 
  12.89876 15.71141 16.45223 16.6601 15.16456 13.23969 12.78463 12.21787 12.35245 12.64452 13.48696 14.98328 18.93025 20.28749 18.96779 18.23852 17.61963 15.02366 12.92084 13.40673 14.07269 14.76959 15.30108 
  11.22116 13.32814 14.76934 15.2549 12.70054 10.44897 10.23825 9.646444 9.676869 9.739948 10.71733 12.19175 17.37452 18.2968 16.76508 15.88327 15.509 14.11828 13.179 13.71242 14.32724 15.12283 15.51539 
  9.414505 11.5804 12.32149 12.26883 9.250898 7.35607 7.404986 7.082982 7.207254 6.952609 7.672138 9.327966 11.56686 13.84018 13.47418 12.51698 12.48069 9.875459 9.836795 9.658753 10.03917 10.61881 11.03088 
  7.019323 9.038242 8.190754 8.755815 5.456306 5.829953 6.027612 6.106425 6.809845 6.228766 6.941292 7.85133 8.492812 9.05506 8.661467 8.787269 8.826002 9.363279 9.647993 9.618207 10.42143 10.47785 10.59762 
  6.266658 4.935061 6.425797 7.623274 5.023331 4.074688 4.990898 5.805364 5.908465 6.492562 7.428523 7.761837 7.596214 8.128908 8.418401 8.745362 9.413037 9.294989 9.974105 10.41485 10.54214 10.5405 10.37486 
  4.292238 4.85289 4.160176 5.105841 4.264447 4.997526 4.753661 4.141895 5.113769 6.266889 6.547877 6.993608 7.53775 8.180362 8.18659 8.745362 9.170855 9.397425 9.596501 9.476295 10.08611 10.62664 10.9269 
  5.220269 5.181572 4.248005 4.289372 4.923414 4.585376 4.365453 5.435704 5.878476 6.546686 7.347318 6.944049 8.151251 7.923097 8.807306 8.517208 8.715964 8.951456 9.364091 9.729709 10.05929 10.16991 10.26024 
  5.073408 3.608397 3.984517 4.081045 3.764245 4.674191 4.688959 5.620534 6.156959 6.362195 6.860086 7.269625 7.50621 7.18597 7.451897 8.661549 9.211219 8.562119 9.836795 9.997233 10.42143 10.46219 10.64961 
  5.660854 3.566198 3.325797 5.029555 5.389694 4.829618 5.990386 6.411599 6.242118 6.763178 7.347318 7.026646 7.316975 7.815441 8.037161 8.619641 8.984946 9.157576 9.785303 9.788423 10.05258 10.39171 10.43217 
  6.89082 4.283591 3.808858 3.497727 3.940787 4.962841 4.322319 4.907619 6.156959 6.925547 7.347318 6.349353 7.681604 7.97455 8.321174 9.038711 9.049764 9.146124 9.991269 9.924953 10.03246 10.4152 10.54562 
  5.422204 3.650597 2.754906 4.206041 4.058482 4.407745 5.249703 6.442116 6.028419 6.898486 6.508851 6.861453 7.364284 8.437626 9.098986 9.541593 9.453402 9.123222 9.596501 9.997233 10.0794 10.67362 10.26024 
  6.321731 3.3974 3.369711 3.497727 2.940383 3.541796 4.106648 5.953838 6.213731 6.247828 7.103702 7.493358 8.065861 8.180362 8.369787 8.829176 8.887135 9.807168 10.0256 10.05345 10.11964 10.55616 10.64961 
  7.865948 9.038242 9.261686 10.51232 10.72931 11.14665 11.74293 12.32569 12.79838 13.30264 13.48696 14.34196 14.88536 15.02638 15.14203 15.01555 15.28683 14.57097 13.43715 13.25389 11.78178 12.29689 13.47939 
  10.96306 11.73929 11.09757 12.62013 12.53627 12.36759 12.78463 13.61953 14.13617 14.28983 14.44013 16.37281 16.9078 17.15926 17.11288 17.24684 18.61941 18.41883 18.98749 19.36766 17.50906 17.59552 19.05161 
  9.285459 9.038242 9.261686 9.809719 10.89358 10.27455 10.354 10.60056 11.23762 11.21857 13.1057 15.51772 14.72979 15.59515 17.80847 17.74268 21.0633 20.79546 19.89104 20.43757 18.90906 18.773 19.48024 
  7.349762 7.564519 7.505845 9.458418 10.07224 9.229033 10.23825 10.2771 11.23762 10.88951 12.72443 14.8764 14.1075 15.87953 17.11288 17.3708 20.17461 20.79546 19.11657 19.67335 18.01815 17.36003 17.44424 
  6.229942 7.564519 6.873622 7.597845 9.250898 9.05561 10.12251 10.16928 10.34576 10.45076 13.48696 15.73149 14.72979 16.59049 18.2722 17.3708 20.06352 18.64518 17.43856 16.61646 15.98178 15.94706 16.05118 
  6.7256 7.75625 9.108696 9.458418 9.743704 10.62339 11.04846 11.57094 10.45725 11.32826 14.15418 16.37281 15.04094 16.30611 17.80847 16.25516 17.50854 17.51345 15.63147 15.85224 15.34542 15.12283 15.51539 
  8.382133 10.15044 10.17963 8.755815 9.579435 10.97223 11.85867 10.2771 10.68021 10.9992 14.24949 16.26592 14.1075 14.742 15.48983 15.01555 16.84203 16.38173 14.3407 14.3238 14.07269 14.0631 14.33666 
  7.607855 8.561587 7.980013 7.394416 8.62035 10.44897 11.62718 10.2771 9.899835 10.67013 13.01038 14.98328 13.01849 13.73727 14.6783 13.89991 14.50923 14.79731 13.179 13.40673 12.67269 13.12112 12.83645 
  6.193227 6.824984 8.006355 7.852131 9.415167 10.44897 10.58548 10.70838 9.676869 9.902318 12.91507 14.12819 12.33537 12.96548 14.10615 12.93605 13.77233 13.25584 11.63899 11.5726 10.89087 11.3001 11.18686 
  7.478808 6.824984 8.649725 7.87756 9.08663 10.27455 10.70123 9.463341 8.427869 9.306964 12.01662 12.95244 10.79835 11.21608 13.13388 12.09791 12.88433 11.54858 10.55767 10.96123 10.44155 10.4152 10.94423 
  7.349762 8.402702 7.295104 6.809558 8.62035 9.402454 10.01083 9.737997 7.292414 10.23138 12.05722 12.46022 10.84104 10.34138 12.79359 12.0141 10.82577 10.14862 10.2144 10.4791 10.75674 10.80675 10.56295 
  6.358447 8.084932 8.190754 7.292702 7.887624 8.604712 10.04805 9.524375 8.34271 9.090471 11.8136 11.87852 9.474799 9.672495 11.43242 10.96643 10.26068 9.568151 9.562174 10.10967 10.50861 10.62664 11.03088 
  5.807715 7.235837 7.374132 7.165558 7.121592 9.576874 10.58548 7.69333 8.030459 8.657487 11.48878 11.4758 9.133239 9.672495 10.50877 10.1702 9.937767 9.807168 9.546328 9.989202 10.3879 10.93204 10.61495 
  4.999977 5.893717 6.583853 5.766984 6.721923 8.570026 8.37287 7.876435 7.207254 8.87398 10.67673 10.75986 8.791677 8.69489 10.36293 10.25401 9.493765 9.841313 9.785303 10.25423 10.36778 10.8694 10.66694 
  5.972935 6.742813 7.45316 4.539366 6.888452 8.396605 8.48455 7.8154 7.774982 8.35981 10.2301 9.775432 8.151251 7.78172 9.293438 9.248244 9.211219 9.10032 9.562174 10.14179 10.10623 10.36822 10.49663 
  5.348773 6.961935 6.95265 4.622697 6.522089 8.812819 8.856812 7.784883 7.264028 7.899763 9.945884 9.14898 8.279336 7.152248 8.661467 9.038711 9.130491 9.283538 9.682321 9.709436 9.953628 10.50917 10.77092 
  3.965589 4.989841 4.29192 4.4977 5.423 7.772284 7.66557 5.92332 6.838232 8.576302 10.2301 8.433035 7.937775 7.680554 8.71008 9.038711 9.33231 9.260635 9.205624 9.932984 10.09282 10.50134 10.71893 
  3.339512 4.241391 5.767231 4.724411 5.356389 6.939857 8.112286 7.296604 6.809845 8.062133 9.336844 7.806583 7.127739 7.871644 9.098986 9.122524 9.493765 9.670588 9.443324 9.628344 10.16659 10.17752 10.66694 
  5.513992 6.33196 7.084363 4.902411 4.823497 6.974541 7.218854 6.228495 6.270504 7.629148 7.915754 7.806583 7.937775 7.923097 8.024709 8.787269 9.090127 8.768238 9.05508 9.618207 10.09282 10.38388 10.71893 
  5.201912 6.058058 6.610195 5.309269 5.456306 5.760584 5.915934 5.752555 6.270504 6.28595 7.509728 7.58285 7.427362 7.410781 7.862827 8.182055 8.471435 9.088869 9.348244 9.739845 10.12635 10.27645 10.5038 
  5.642497 6.414131 6.478482 4.800697 5.756057 6.315536 6.809365 5.862286 5.938453 6.654932 6.37226 6.977088 7.490441 7.545668 7.900185 8.321703 8.948267 9.020163 9.269011 9.989202 9.69742 9.86551 10.87491 
  4.047252 5.236352 6.373112 5.232984 4.990026 6.419589 7.218854 6.228495 6.639527 6.62787 6.703982 7.19184 7.490441 7.826682 7.788113 8.200675 9.211219 9.534006 10.05992 9.981171 9.766399 10.14708 10.66694 
  5.660854 4.715939 5.451119 5.182127 5.88928 6.801118 6.213744 5.831768 5.473631 6.925547 7.793946 7.538104 7.638909 7.871644 8.037161 8.377562 9.170855 9.636442 9.630829 9.780392 10.15988 10.36822 10.46798 
  5.403846 4.935061 5.609175 4.622697 5.356389 6.593012 6.846591 6.289529 5.458637 6.62787 7.469125 6.977088 8.065861 7.815441 7.949994 8.91299 9.65522 9.636442 9.403708 9.949046 9.874794 10.22318 10.26741 
  4.863873 4.36799 5.372091 4.648126 5.456306 6.211482 6.548781 5.892803 6.469209 6.979671 7.590933 7.026646 7.766995 7.97455 8.369787 8.45204 9.291946 9.636442 9.733812 10.06148 10.41472 10.39954 10.40351 
  5.073408 5.373303 4.924266 5.283841 5.289777 4.674191 5.580896 5.862286 6.0718 6.898486 7.672138 7.208359 7.301205 7.511946 8.211495 8.368252 9.33231 9.43157 9.379937 9.577662 10.34095 10.50917 10.80558 
  3.856706 5.619815 5.846259 4.800697 4.856802 5.517793 5.804255 5.805364 6.412436 7.060855 7.022497 7.538104 7.553519 8.386173 8.661467 8.787269 9.776312 9.499861 9.630829 9.739845 9.825524 10.61098 10.7016 
  5.403846 5.263743 5.424777 5.741556 5.855974 5.621846 6.511555 6.503151 6.469209 6.681993 7.38792 6.745817 8.065861 7.680554 7.700946 8.43342 9.534129 9.397425 9.419554 9.760118 9.943773 10.04054 10.54562 
  5.734285 5.510254 6.162371 6.275557 5.789363 5.413739 5.580896 5.752555 6.128572 5.618808 6.469825 7.403864 7.301205 7.871644 8.223948 8.498589 8.813776 9.363279 9.395783 9.770255 9.993044 10.54833 10.33904 
  7.2029 5.674596 5.925287 5.716127 4.95672 5.621846 6.474328 6.075907 6.043413 6.400317 7.144305 7.538104 8.450117 8.437626 8.807306 8.91299 9.33231 9.294989 9.871122 9.780392 10.27389 10.29929 10.17428 
  5.587423 4.88028 5.55649 5.894128 5.522917 4.074688 5.767028 6.04539 5.863482 5.980971 6.981894 7.224878 7.395823 7.759238 8.56424 8.619641 8.55702 9.111771 9.31655 10.14179 9.963482 10.26885 10.84024 
  6.156512 4.283591 4.897924 5.894128 5.18986 5.34437 6.176517 6.289529 6.013425 6.492562 7.022497 7.58285 7.80969 7.815441 8.418401 8.703455 8.862681 9.909604 9.613666 9.900859 9.924065 10.47785 10.59762 
  5.2937 4.41019 4.976952 5.105841 6.055809 4.918433 5.0556 5.752555 6.838232 6.546686 6.941292 7.403864 7.89508 8.128908 8.467013 8.219295 8.691511 9.602297 9.490864 9.689163 9.904357 10.4387 10.5038 
  4.999977 4.241391 5.05598 5.309269 4.382142 4.363338 4.818362 5.59413 5.623574 7.14204 7.38792 6.844933 6.922733 7.534427 8.612853 8.479969 9.33231 9.534006 9.956942 10.05345 10.32083 10.27645 10.63228 
  4.482783 4.85289 6.188713 3.872717 3.587703 4.563172 3.977246 6.04539 6.043413 6.736116 7.103702 7.125762 7.395823 7.601871 8.369787 8.275154 9.090127 9.294989 9.699484 10.00526 10.05258 10.63447 10.51096 
  5.495635 6.167619 6.425797 4.039379 4.411566 4.651988 6.399876 6.075907 6.013425 6.28595 6.840573 7.448611 7.332744 8.231814 8.661467 8.061028 9.170855 8.940004 9.340321 9.719572 9.98319 10.5405 10.84024 ]
