 [
  3.82265 5.312287 7.108858 7.516164 8.680038 9.647462 8.815972 8.566343 8.652633 9.292197 10.16141 10.12939 10.96081 10.95691 10.4157 10.35666 10.44248 10.13377 11.14886 10.99693 11.02364 11.11076 11.43266 
  2.959615 4.023521 5.51366 5.662521 6.054157 5.807177 4.439197 5.273336 5.824143 6.804847 7.046339 7.207603 7.324636 7.437482 8.16241 8.771309 8.769457 9.679996 9.792685 9.822827 10.22801 10.44188 10.93264 
  4.308107 4.184617 4.710728 5.778203 5.476035 4.822287 4.211768 5.542856 6.791677 6.252236 6.167814 6.953192 7.476255 7.904619 8.720393 8.87359 8.711587 9.306771 9.865992 9.961011 9.897388 10.41925 11.20538 
  5.171142 3.604672 5.3042 5.864965 6.194781 5.679506 5.491057 6.062644 6.214862 5.994907 6.845973 6.325644 7.526794 8.108274 8.659846 8.87359 8.97779 9.498487 9.902644 10.05967 10.17783 10.749 11.11447 
  3.930529 3.926864 5.44384 6.067409 5.944782 5.7707 5.690058 6.158902 6.136718 6.171821 6.876799 7.928895 7.709659 8.41132 8.33548 9.129291 9.334414 9.130754 9.368354 9.486862 9.768854 10.35137 10.96294 
  6.088117 4.377932 4.885279 5.720362 6.116656 5.168823 5.405771 6.158902 6.791677 7.006524 7.000101 7.734734 7.011289 7.616093 8.129959 9.436132 9.286237 9.334563 9.368354 9.822827 10.15446 10.30046 10.81142 
  5.872358 4.281274 5.548571 6.269853 6.007282 5.314732 5.832201 6.687563 6.507901 6.939298 6.676434 8.123056 7.877822 8.108274 8.33548 8.606051 9.23806 9.63462 9.939298 10.20766 10.36917 10.7892 11.34175 
  6.99699 4.506808 4.745638 6.298773 5.632284 5.077629 4.950912 5.985639 5.921823 6.58998 6.799735 7.207603 7.933877 7.918358 8.538754 8.275537 9.38259 9.334563 9.565749 10.13366 9.967498 10.56812 10.90233 
  5.980237 3.636892 5.37402 7.151032 7.33132 6.737187 6.888054 6.024141 5.902287 6.139655 6.676434 7.343289 7.132584 7.464961 7.827087 8.35181 8.97779 9.679996 9.939298 10.109 10.382 10.44753 10.58194 
  5.926298 5.666698 6.593206 7.516164 7.078435 6.584015 8.316142 7.400204 6.17579 7.006524 7.127701 7.605293 7.567226 8.290101 8.19486 9.02701 9.23806 9.543864 9.616925 10.38031 10.22801 10.0855 10.99325 
  5.818419 5.666698 6.936974 7.698729 6.82555 7.503049 7.673502 7.141062 5.902287 6.043157 6.984688 7.734734 7.989931 7.904619 8.720393 9.02701 9.189883 9.770751 9.829338 10.08433 9.874019 10.58822 10.41504 
  5.117202 3.70133 5.723121 6.183091 5.976032 5.880132 5.746915 5.850879 6.039039 6.638229 7.193652 7.411132 7.375175 7.932097 8.19486 8.606051 9.141706 9.770751 9.975951 10.33098 10.36917 10.44753 10.70711 
  6.411755 5.183411 5.68821 5.980647 6.31978 5.606551 6.031201 5.562107 6.117182 6.059239 6.645608 7.734734 7.933877 7.616093 8.357114 8.87359 9.000937 9.140018 9.865992 10.42964 10.17783 10.54802 11.26599 
  5.494781 5.086753 5.37402 6.154171 6.65696 6.737187 5.292057 6.428421 6.605581 6.622146 7.325552 7.605293 8.102039 8.229491 7.967707 8.618764 9.23806 9.63462 10.0126 9.822827 10.10772 10.28914 11.05386 
  4.847504 4.345713 4.187077 5.257633 5.679159 5.369448 4.723484 5.523604 5.433424 5.785828 6.522306 6.919271 7.263988 8.35071 7.81627 8.97587 9.286237 8.964003 9.419531 9.664726 10.30501 10.48773 10.51935 
  4.685685 4.313494 5.269289 5.980647 6.31978 5.861893 5.4342 5.677616 6.667613 7.140975 7.193652 7.394171 7.653605 7.918358 8.478207 8.669612 8.850475 9.21413 9.382976 9.714132 9.932443 10.70881 10.9781 
  5.494781 3.797987 4.955099 5.720362 5.866658 6.047912 5.292057 6.428421 5.999967 6.22007 6.845973 7.605293 8.045985 7.987055 8.659846 8.555203 8.885198 9.075171 9.756031 9.852471 10.06098 10.13641 10.6028 
  4.577806 3.830206 5.129649 5.402236 6.007282 5.606551 5.974344 5.889381 5.570176 6.461316 6.969275 7.864175 6.970857 7.643572 7.978523 8.389946 9.189883 9.260451 9.719378 9.862352 10.20234 10.23823 10.72797 
  6.411755 5.473383 5.68821 6.327694 6.007282 5.7707 5.718486 5.292587 6.058575 6.638229 7.391502 7.411132 7.577334 7.987055 8.086692 8.453506 9.430767 9.543864 9.902644 9.961011 10.20234 10.58822 10.84173 
  4.523866 4.410151 5.129649 5.026269 5.476035 5.971325 5.889058 6.493207 6.507901 7.140975 6.830561 7.258485 7.25388 8.41132 8.5993 8.822449 8.607421 9.223395 9.594993 10.01034 9.897388 10.36834 10.82657 
  8.577124 10.35221 11.9216 12.26287 10.70312 9.570875 10.38687 10.57469 11.44407 13.25851 13.39297 13.81845 14.77251 14.47224 15.13832 14.75472 15.11563 14.17235 14.70628 14.97283 14.76647 14.05857 14.20739 
  9.864641 10.98295 13.03884 15.18391 14.41209 13.93629 14.1713 14.33225 13.73924 15.20806 15.37147 15.81425 16.23752 16.17098 16.80077 16.54976 16.67179 15.82732 16.36588 16.796 16.80423 15.91696 15.9805 
  13.14196 11.79391 13.9842 15.64033 15.17075 16.26732 15.79643 16.48061 15.31724 15.68504 16.45617 15.63062 16.4629 17.36364 17.84133 17.78226 17.22076 16.81233 16.69781 17.12157 16.96725 16.08094 16.7404 
  14.23321 12.51476 11.9216 12.71928 14.2435 14.3958 14.24271 14.46182 13.80128 15.27528 15.86067 14.98342 15.78675 15.5026 15.38051 14.90814 14.82657 14.94377 15.14884 15.49374 15.74459 15.2064 14.96729 
  12.20558 12.60486 12.86696 10.89363 11.88325 11.25577 12.02917 12.45347 13.30502 14.46858 14.51412 14.72454 15.44867 13.74493 12.95865 12.76025 14.3448 14.98915 14.70628 14.19147 13.21777 14.76913 14.20739 
  13.08343 16.92995 17.07811 15.18391 16.09799 15.9152 16.50009 15.95271 15.79948 15.78748 14.71197 15.17758 14.0438 12.8964 11.74772 12.04428 14.24845 14.71688 14.15444 12.47681 14.03288 16.46355 14.46069 
  13.02491 18.04698 17.91464 17.46598 17.81132 18.16877 18.06377 18.59217 18.8858 17.11919 16.69438 17.1222 14.26802 13.01762 12.41373 12.96481 15.26016 15.0799 13.23811 12.47681 13.70683 15.26106 12.94089 
  13.43457 18.22841 17.84745 18.56138 18.46632 18.873 18.22014 19.03209 19.36804 16.40211 16.33707 15.93315 14.26802 12.65396 11.62663 12.81139 14.87475 15.17066 13.34807 13.54034 13.62532 14.11322 13.38417 
  13.84424 18.34937 17.84745 19.27429 19.02775 19.36597 18.06377 18.68016 18.78935 16.60699 16.45617 15.30702 14.6604 12.83579 12.17155 11.99314 13.67033 14.26311 12.39508 9.77342 11.66527 13.02005 12.23574 
  13.90276 18.40985 17.84745 19.73768 19.35526 19.71809 18.84561 18.85612 18.30712 17.01675 16.69438 15.69534 13.09088 12.71457 11.62663 11.99314 13.76668 14.80764 13.05484 10.65162 12.32116 13.12937 12.32665 
  14.01291 18.40985 17.80265 20.05849 19.58919 19.92936 19.70563 19.38401 17.82488 17.63138 17.52808 16.52768 13.09088 12.10848 12.05045 12.35113 13.28491 14.53537 13.20145 11.04626 12.32116 13.348 12.09937 
  14.09552 18.40985 17.75785 20.308 19.77633 19.99979 20.09655 19.82392 18.69291 17.9387 17.88539 16.88439 13.25904 12.47214 12.59537 12.55569 12.85132 14.58075 12.90823 11.51489 11.74227 13.18403 12.32665 
  14.1506 18.43001 17.73545 20.45059 19.8699 20.07021 19.94018 20.08787 20.04317 18.34846 18.36179 17.47892 13.81959 12.77518 13.0192 13.22051 13.18856 14.76226 13.60464 11.41623 11.83209 13.348 12.61454 
  14.26075 18.47033 17.78025 20.52188 19.91669 20.21106 19.62745 20.26383 20.62186 19.47529 19.07639 18.07344 14.54829 13.32067 13.8063 14.03875 13.67033 15.17066 14.37436 11.76153 11.99512 13.83993 13.06754 
  14.23321 18.47033 17.75785 20.59317 19.96347 20.21106 19.31471 19.55998 20.52541 20.90944 19.791 18.78687 15.89944 14.1692 14.65395 14.90814 14.48933 15.60843 14.52188 11.58888 11.7551 14.22254 13.44749 
  14.09552 18.36953 17.69066 20.62881 20.01026 20.07021 18.92379 19.12007 20.62186 21.72895 21.10111 19.97592 17.25175 15.07833 15.5016 15.75744 15.11563 16.21038 14.6694 11.7122 11.80643 14.2772 13.38417 
  13.90276 18.22841 17.60106 20.66446 20.05704 19.92936 18.45469 18.59217 19.36804 21.52407 22.53032 21.64058 18.82945 15.91541 16.28049 16.46173 16.3581 16.48399 14.59564 11.41623 11.47278 13.56664 12.53878 
  13.78572 18.12761 17.48907 20.66446 20.05704 19.64767 17.98559 18.15227 18.50001 20.39724 23.00672 23.18635 20.74523 16.93769 16.9742 17.34208 17.29918 17.25011 14.11779 12.00818 11.7936 13.18403 12.35696 
  13.78572 18.06713 17.42188 20.73575 20.05704 19.22512 17.67285 17.71235 17.92132 18.86065 22.05391 23.18635 21.87216 18.38591 18.01476 18.48655 18.3187 17.41427 14.22775 12.40282 11.6396 12.09555 11.43266 
  13.95784 18.06713 17.33593 20.80704 19.91669 18.873 17.36011 17.44841 17.53553 17.9387 20.3865 22.47292 21.42139 20.0897 19.05532 19.54298 19.33821 17.63316 14.63252 12.87144 11.9136 11.71369 11.25084 
  14.1506 18.04698 17.16405 20.80704 19.68276 18.45046 17.20375 17.27245 17.24619 17.52894 19.43369 21.64058 20.97062 21.11198 20.18259 20.42334 19.88718 18.07094 14.70628 12.87144 11.60111 11.55291 10.69668 
  14.3709 18.00666 17.16405 20.77139 19.26168 18.09834 16.96919 17.09648 16.95685 17.11919 19.07639 20.92716 20.85792 20.77122 21.04972 20.77549 20.12245 18.34455 14.59564 13.41011 11.81926 11.51272 10.71754 
  14.64628 17.9865 17.48907 20.66446 18.70025 17.74622 16.81283 16.92052 16.57106 16.91431 18.59999 20.68935 20.63254 20.68603 21.48329 20.86352 20.20087 18.28983 14.6694 13.93102 12.15814 11.6333 11.06901 
  14.89411 17.96634 17.93704 20.52188 18.13882 17.46453 16.65646 16.83253 16.18527 16.70943 17.76628 19.97592 20.29446 20.60084 21.57 20.77549 19.9656 18.454 14.81692 14.25659 12.23965 12.45731 11.52358 
  15.16949 17.84538 18.36261 20.23671 17.71775 17.25326 16.42191 16.56859 15.79948 16.29967 17.05168 19.5003 20.40715 20.51565 21.48329 20.68745 20.04402 18.56344 14.78004 14.51704 12.23965 13.94925 12.00845 
  15.33471 17.64378 18.497 19.70203 17.71775 16.97156 16.10917 16.12868 15.41369 15.78748 16.69438 18.66796 20.40715 20.34527 21.57 20.68745 19.88718 18.454 15.00132 14.51704 11.83209 14.33186 12.66 
  15.44486 17.42203 18.4746 19.1317 17.85811 16.68987 15.87462 15.60079 15.12434 15.48016 16.21797 18.19234 20.40715 20.43046 21.39657 20.68745 19.80875 18.61817 14.70628 14.3217 11.83209 14.22254 13.38417 
  15.52748 17.20027 18.65379 18.98912 17.90489 16.26732 15.56188 15.16088 14.835 15.27528 15.74157 17.59782 20.29446 20.43046 21.22315 20.51138 19.57348 18.61817 15.44388 15.16817 13.54381 13.83993 13.89077 
  15.61009 17.11016 18.83298 18.98912 17.76453 15.77435 15.17096 14.72097 14.54566 14.93916 15.50337 17.0033 19.84369 20.34527 20.96301 20.33531 19.33821 18.39928 15.62828 15.36351 11.99512 13.18403 12.61454 
  15.63763 17.02006 18.83298 18.81089 17.53061 15.39142 14.88535 14.26747 14.4216 14.46858 15.30552 16.52768 19.16753 20.34527 20.78958 20.24727 19.25978 18.12566 14.89068 14.77749 11.6781 12.25633 13.19419 
  15.63763 17.02006 18.81058 18.81089 17.10953 15.08508 14.52832 13.74918 14.2355 13.998 14.77792 15.93315 18.71676 20.0897 20.44273 19.71906 18.86766 17.74261 14.8538 14.64726 11.25462 11.6735 12.56909 
  15.52748 17.02006 18.65379 18.63267 16.68806 14.70215 13.81428 13.36047 13.67721 13.59464 14.25032 15.2423 17.92791 19.49338 19.66231 18.92673 18.3187 17.19538 14.52188 14.3217 11.02364 11.83428 13.57414 
  15.30718 17.02006 18.25062 18.47009 16.09799 14.31922 13.17164 12.84219 12.93283 13.05684 13.52487 14.46566 17.36444 18.81186 19.31546 18.39852 17.84815 16.92177 13.7146 13.80079 10.62582 12.15585 13.76412 
  14.97673 17.20027 17.46667 18.37881 15.08645 13.8597 12.6004 12.25912 12.25048 12.25013 12.66751 13.55957 16.80098 18.13034 18.2749 17.25405 16.67179 15.88205 12.83492 12.89611 10.93381 12.19604 13.57414 
  14.50859 17.30107 16.56246 18.28753 15.00216 12.63432 11.31513 10.96341 11.25797 10.97284 11.15066 12.20044 14.77251 16.17098 16.62735 15.58137 15.88755 15.7726 12.94488 12.6248 10.57449 12.83917 14.71399 
  14.01291 17.32123 16.21869 18.01368 16.09799 10.48991 9.815634 9.797268 10.26546 9.493875 9.831657 11.10019 13.25904 16.08579 16.28049 14.857 15.01928 14.71688 13.20145 13.14966 10.65149 12.51761 13.82744 
  13.55162 16.83985 15.96087 16.55316 15.50793 10.48991 10.10125 10.89862 10.51359 9.426649 10.22736 11.48852 14.0438 16.51174 16.10707 14.80586 15.21198 14.98915 13.45803 13.60545 10.30501 12.11565 13.13087 
  11.44477 14.04656 13.55449 15.36648 13.90632 9.494289 8.815972 8.242415 9.024824 8.888844 9.831657 10.45299 13.53931 15.74503 16.28049 14.70358 13.91121 13.03792 12.87157 13.01943 11.9136 12.41712 12.87757 
  8.460077 10.26211 11.06218 13.08441 11.96754 9.87722 9.530016 9.084627 8.962791 8.956069 9.897608 10.97075 13.37115 16.0006 16.10707 15.31726 15.33858 14.39924 14.37436 14.12636 13.21777 12.61809 12.75092 
  9.454976 9.811576 10.8903 11.16747 10.70312 9.724048 10.02985 9.343769 10.51359 10.43503 9.831657 10.84131 13.20299 15.44199 16.28049 15.6694 15.41701 14.71688 15.18572 14.77749 14.03288 12.33673 12.40241 
  9.630547 11.25327 11.40595 11.16747 12.22043 11.02601 10.74389 9.991625 10.1414 10.23336 10.75496 10.58243 12.86666 14.89651 15.25942 15.49333 15.33858 14.53537 15.44388 15.16817 14.27741 12.87937 12.19028 
  10.74249 11.79391 11.14812 11.25876 12.47331 13.24701 12.6004 9.538126 11.5061 11.51064 10.82091 11.68268 12.97877 15.19955 15.38051 15.01042 14.63386 14.49 15.2226 14.64726 13.70683 13.23868 14.33404 
  7.289608 9.631364 10.8903 10.07208 11.0403 11.17918 11.88636 9.926839 9.955301 10.30058 9.304056 10.51771 12.41823 13.5631 13.62466 13.37393 12.80314 12.26651 13.09149 12.5508 11.54978 11.21125 11.44782 
  8.167459 8.640197 9.171461 8.794123 8.089973 8.958186 10.52968 9.732483 8.342473 7.746006 8.051003 8.123056 11.40925 12.83579 13.62466 12.09542 12.65861 11.2682 11.99189 11.46556 11.0878 10.70881 10.96294 
  7.933366 8.279773 8.741753 8.428991 6.909845 7.656221 9.958443 8.7607 7.846219 8.283812 7.721253 8.899701 12.02585 12.35092 11.56608 10.6635 11.26149 10.72368 11.18551 11.34223 12.97324 12.79897 14.33404 
  9.045312 9.000622 9.08552 9.06797 8.005679 8.958186 9.315804 8.371986 7.101836 7.746006 7.985053 9.093863 10.90476 10.77508 10.35515 10.4078 9.816182 10.2699 10.81898 11.61355 13.05475 13.12937 14.58734 
  7.933366 8.910515 8.65581 8.155143 7.921384 7.88598 8.744568 8.17763 7.349964 6.737621 7.259602 8.058336 9.78367 9.805331 9.446951 9.078151 9.816182 9.770751 10.70902 12.30416 11.17763 10.88968 11.72056 
  7.465178 8.189667 8.14016 7.424881 6.101032 6.507429 6.531032 6.88192 7.163868 6.091406 7.127701 8.187777 8.942855 8.41132 8.841486 8.720461 9.768005 9.543864 9.302556 9.615319 10.44617 10.46763 10.52978 
  7.816319 7.1985 6.936974 6.877184 5.538535 5.296494 5.889058 5.773873 5.745999 6.804847 6.537719 8.252497 8.382312 7.313828 8.000157 8.491643 9.058807 8.88989 9.682724 10.23232 10.25367 10.10247 10.14383 
  5.332961 5.247849 6.421323 6.968467 6.31978 5.788939 5.4342 5.33109 6.019503 6.236153 7.193652 8.123056 7.213448 7.574875 8.281396 8.466218 9.623474 9.343827 10.04926 9.635082 10.04929 10.80929 11.0084 
  6.587326 6.477652 6.107132 5.575759 6.022907 5.369448 5.746915 5.985639 5.804607 6.22007 6.352767 7.411132 7.821768 8.168882 8.075875 7.957734 8.908345 9.028851 9.682724 10.18299 10.02592 10.90978 10.88718 
  6.587326 5.937016 5.967492 6.501217 6.085407 5.934848 5.519485 6.389919 6.195326 6.670395 6.691846 7.190642 7.536902 8.290101 8.086692 8.924729 9.09353 9.498487 9.382976 9.887017 10.39483 10.39097 10.82657 
  4.739625 4.764562 5.3042 5.60468 5.882283 5.679506 5.093056 5.831627 6.853709 7.006524 6.907624 6.936231 7.506578 7.657311 8.659846 9.333852 8.630569 9.589242 9.902644 9.733895 10.18951 10.7691 11.40236 
  5.710539 5.408944 4.221987 5.488998 5.319786 4.804049 5.178342 6.158902 6.332078 6.22007 6.075337 6.563095 7.132584 7.959576 8.184044 8.758596 8.97779 9.543864 10.04926 9.961011 10.20234 10.52792 10.59237 
  4.847504 5.21563 5.862761 6.09633 5.897908 5.369448 4.382339 5.19633 5.35528 6.027073 7.193652 7.241525 7.653605 7.671051 8.216495 8.822449 8.966215 9.195602 9.668102 10.01034 10.36917 10.50783 10.17513 
  4.092348 5.344506 6.107132 5.980647 6.31978 5.278255 5.377342 6.024141 5.765535 5.64108 7.193652 7.173681 7.365067 7.231392 7.848721 8.529778 8.537977 9.112226 9.214825 10.109 10.70282 10.50783 10.35245 
  6.938467 6.838076 7.538567 7.424881 6.572665 5.825416 6.959458 6.40917 7.039804 6.348734 7.061751 7.540573 7.877822 8.229491 8.720393 8.580627 8.746309 8.769458 9.616925 9.783302 10.33067 10.62841 11.15992 
  7.289608 7.1985 6.851032 6.587979 6.272905 5.971325 7.173672 6.817134 6.729645 7.409878 6.738084 7.105839 7.59755 8.047664 8.659846 8.707748 9.286237 8.825042 9.543817 10.03501 10.26651 10.44753 10.6028 
  7.699272 7.468819 8.312043 8.06386 7.078435 7.196704 7.316481 7.076277 7.536059 7.746006 7.523402 7.088878 7.54701 7.89088 7.98934 8.618764 9.141706 9.816129 9.624237 9.229948 9.441676 10.17601 10.72797 
  8.167459 7.739137 8.054217 8.155143 8.089973 8.192325 7.030863 7.400204 6.605581 7.006524 7.523402 7.309367 8.326257 8.471929 7.664834 8.453506 9.527121 9.362355 9.975951 9.887017 10.15446 10.7289 10.85688 
  7.933366 7.829243 7.022916 7.698729 8.005679 6.813773 6.959458 6.88192 6.351614 7.409878 7.787203 7.734734 7.821768 8.047664 8.324663 9.384992 9.334414 9.362355 9.536506 9.615319 10.09603 10.38531 10.88718 
  6.088117 8.189667 8.226101 7.424881 7.499909 7.809393 7.887715 6.216656 6.791677 7.409878 8.116954 7.540573 8.382312 8.290101 8.720393 8.529778 8.352793 9.130754 9.829338 10.109 10.30501 10.2552 10.90233 
  7.816319 7.919349 7.538567 7.333598 7.584204 7.656221 7.816311 6.493207 7.101836 7.140975 7.127701 7.394171 7.223556 7.657311 8.902033 8.97587 9.38259 9.362355 9.558438 9.69437 9.745484 10.37965 11.12962 
  8.694171 9.000622 8.65581 8.794123 7.584204 7.656221 7.173672 7.076277 7.411995 7.07375 7.193652 7.054956 7.765714 8.290101 9.144218 8.97587 8.850475 9.362355 9.33911 9.54615 10.3435 10.46763 10.79056 
  9.806117 9.811576 9.601171 8.794123 7.078435 7.043532 7.887715 8.566343 7.598091 7.342652 7.391502 7.190642 7.445931 7.739747 8.720393 8.97587 8.862049 9.725374 9.829338 10.08433 9.733799 10.30611 10.90233 
  9.454976 9.000622 8.65581 7.242315 6.572665 6.124498 7.387885 7.659346 7.163868 7.813232 7.919103 7.475852 7.765714 7.918358 8.086692 8.440794 8.491681 8.982531 9.448774 9.279355 10.16614 10.7691 10.56108 
  8.5186 8.279773 7.538567 7.424881 8.005679 7.579635 7.602098 7.141062 7.101836 7.006524 7.787203 7.928895 8.102039 8.532537 9.204765 9.129291 9.430767 9.407733 9.302556 9.486862 10.31784 10.34571 10.50892 
  8.5186 8.730303 8.312043 8.428991 7.752794 7.503049 6.602437 6.687563 7.287932 7.54433 6.815148 7.411132 7.877822 8.047664 8.538754 8.97587 9.38259 9.047379 9.375665 9.605438 10.10772 10.38531 10.84173 
  8.460077 8.730303 7.624508 6.968467 6.99414 6.966946 7.316481 7.853703 7.101836 7.006524 7.061751 6.834467 7.765714 7.987055 8.841486 8.580627 8.966215 9.45311 9.682724 9.77342 10.43333 10.60832 10.63409 
  7.640748 7.829243 8.14016 7.881295 6.272905 6.660601 6.745245 6.817134 6.791677 7.07375 7.655303 7.292407 6.950641 8.047664 8.357114 9.02701 9.478944 9.278979 9.521884 9.862352 10.17783 10.66861 10.75926 
  9.572023 9.090727 8.483927 7.242315 7.752794 7.732807 7.173672 6.557992 7.101836 6.075323 6.42983 7.021035 7.30442 7.918358 8.780939 8.402658 8.688439 9.45311 10.12257 9.783302 10.22801 10.32308 10.58194 
  9.279406 8.640197 8.226101 6.877184 7.837089 8.115738 7.530694 7.205848 7.287932 6.670395 7.391502 7.411132 7.334743 7.107738 8.417661 9.078151 9.03566 9.186338 9.514573 9.654844 10.00255 10.62841 10.7384 
  8.752695 8.820409 8.65581 7.424881 7.33132 5.788939 6.17401 7.076277 6.91574 7.342652 7.523402 7.173681 7.233664 7.987055 8.173227 9.129291 9.070381 9.45311 9.792685 9.536269 10.06098 10.2552 11.05386 
  7.582225 7.558925 8.913636 7.424881 6.82555 6.890359 6.459628 7.141062 7.536059 6.670395 6.876799 7.864175 7.989931 8.047664 8.780939 8.771309 9.189883 9.204866 9.939298 9.862352 10.65149 10.39662 10.54021 ]
