 [
  4.45556 5.22934 5.359138 5.312451 5.711684 5.141349 4.188366 5.104998 6.40207 6.26872 6.829982 7.424505 7.980941 7.535321 8.253694 9.07154 9.410783 9.207067 9.542003 9.89845 10.27057 10.51866 10.36856 
  5.473189 5.821622 5.506217 5.97626 6.058387 6.131095 5.569056 6.173224 6.736266 6.603208 6.829982 7.349384 7.715328 7.297029 8.547621 8.20684 8.922335 9.501093 9.752943 10.22081 10.25075 10.68928 10.51618 
  5.399247 6.157914 5.432677 6.105843 6.235943 6.463886 4.871659 5.912919 6.513469 6.786273 6.516819 6.894015 6.897598 7.731562 8.301136 9.396001 9.139319 8.968702 9.551591 10.23232 10.16156 10.35172 10.85892 
  4.702534 4.241948 4.344325 4.997045 5.54243 5.091054 5.13616 5.875732 6.327805 6.639821 6.290646 6.702896 6.975842 7.745579 8.087644 7.999727 8.651218 8.901663 9.204473 9.973282 9.931781 10.46811 10.73571 
  5.621071 4.205378 4.991705 5.652304 5.339325 4.386922 4.563076 5.838136 6.699133 6.456755 7.38865 6.932239 7.199395 7.367115 8.517301 9.07154 8.883604 9.589301 9.657061 9.806348 9.802306 9.682148 10.3283 
  4.839742 4.278518 5.432677 5.417586 5.940017 5.65568 4.739409 4.992208 5.586608 6.203115 6.899574 6.970463 7.322349 8.377114 8.486981 8.955661 9.515192 8.804827 9.246473 9.593397 10.08228 10.35172 10.56769 
  4.867183 5.737549 5.201667 5.846678 5.102369 5.608139 5.397258 6.136038 6.327805 6.566595 7.021843 6.855791 7.980941 8.115054 7.636938 7.905585 8.331689 9.035743 9.344473 10.15173 9.996519 10.04934 10.92613 
  5.004391 5.653477 5.13168 5.652304 5.880831 4.915021 5.354309 5.856934 5.57272 6.350727 6.621207 7.027799 6.875243 7.605407 8.384161 8.677551 9.118438 8.730338 9.162474 9.634095 10.14174 10.45547 10.88133 
  5.621071 3.839677 5.061693 5.587512 5.288549 5.091054 5.26841 6.359157 6.086587 6.493368 6.812584 7.574746 7.299994 8.377114 8.972096 9.187419 9.348138 9.184721 9.743355 9.817861 10.13183 10.41756 10.6237 
  5.086716 4.607649 5.506217 5.846678 5.356251 4.965316 5.092076 5.31178 5.697715 6.301522 7.0626 7.027799 7.143507 8.115054 8.699219 8.862958 9.348138 9.169823 9.810472 9.973282 9.873517 10.33013 10.72451 
  5.621071 5.569404 5.254157 5.97626 5.72861 3.808528 4.695326 5.480966 6.662 6.859499 6.812584 7.311824 7.288816 8.082296 8.324858 8.564581 9.285492 9.373682 9.628296 9.735841 9.996519 10.52498 10.78052 
  4.290911 4.424798 5.800375 5.911469 5.821646 5.465514 5.654954 5.744143 5.253289 6.529981 7.0626 6.894015 7.639438 7.951266 8.547621 8.839782 8.972264 9.530496 9.386474 10.02509 10.45887 10.15733 10.43566 
  4.236028 4.644218 5.506217 5.97626 5.305474 5.065907 5.569056 6.061665 5.781044 6.071904 6.308043 7.236703 7.41177 8.049539 8.241833 8.862958 8.9417 9.246271 9.561179 9.552698 9.731094 10.42388 10.74691 
  4.729976 5.821622 5.324144 5.911469 5.745535 5.798305 5.092076 5.950106 6.40207 6.26872 6.290646 7.462065 7.020552 7.745579 8.426342 8.839782 9.160201 9.706911 9.820061 10.19778 10.11201 10.63873 10.36856 
  4.647651 5.448761 5.432677 6.494591 6.413499 4.688693 4.408783 5.462168 5.947704 6.252318 7.021843 7.612306 7.829162 7.815665 8.277415 8.955661 9.201964 9.028294 9.414474 10.2611 10.31021 10.41756 10.28804 
  5.54713 6.32606 4.921719 6.624173 5.999202 5.465514 5.26841 5.706547 5.864374 5.973496 6.395033 6.894015 7.942996 7.984024 8.941776 9.094716 9.03491 9.510894 9.743355 9.484868 10.43905 10.84094 10.41553 
  4.373236 5.821622 6.168074 5.522721 5.508579 5.798305 6.256245 6.842582 7.44179 7.774825 8.407558 8.438632 8.739836 8.901236 9.335933 9.627759 9.891066 10.10875 10.79101 11.67571 12.41779 13.12803 13.74724 
  4.45556 6.578279 6.315153 6.94813 7.301278 7.937674 9.606293 12.3009 12.98701 12.58351 13.99135 14.31024 14.50692 14.35012 14.4616 14.72049 14.6894 14.48232 15.07027 16.1202 16.8265 17.63424 18.59238 
  5.916837 5.737549 6.535772 6.624173 6.235943 6.749135 7.84537 10.07781 10.82088 11.07 12.11638 13.0265 13.21825 13.78227 14.36229 15.29732 15.82218 14.55286 13.48536 13.4535 13.82857 14.56183 15.53784 
  3.851847 4.717359 4.431809 4.594027 5.880831 5.392825 5.354309 6.470717 5.378284 6.334325 6.708197 7.612306 7.639438 8.246084 8.6689 9.164243 9.640484 9.432487 10.50082 10.37623 10.12192 10.56922 10.79172 
  5.473189 6.157914 5.579757 5.522721 5.999202 5.317382 4.981868 5.255385 6.699133 6.420142 6.760391 7.161583 7.042908 7.507287 7.791127 8.357468 8.972264 8.737787 9.896766 9.979038 10.15165 10.62609 10.6685 
  6.360485 8.00752 9.256741 9.215825 9.609504 9.36392 9.735142 10.15218 9.632627 9.751929 10.52689 10.88005 11.1683 11.12875 11.03384 11.52817 12.22396 12.50722 12.37592 11.85349 11.27152 11.18217 11.41899 
  8.800549 10.10934 11.16877 9.863738 10.8524 10.07704 10.76593 10.96867 10.37528 10.74048 11.30126 11.48101 11.92719 11.71839 11.57959 12.22088 13.02356 13.21261 12.93064 12.65349 11.88874 11.69424 11.95665 
  7.247781 8.091593 8.594883 6.753756 7.064537 6.89176 7.287029 5.78174 6.884797 7.225629 7.470163 7.236703 7.210572 7.68951 8.57794 9.256947 9.306374 9.334478 9.288473 9.60018 10.13183 10.42388 10.78052 
  6.13866 5.905695 5.28915 5.911469 6.531869 6.463886 7.372928 7.214447 7.107594 7.262242 7.470163 7.574746 8.360388 8.147811 8.759858 8.432781 8.602805 9.12513 9.676237 9.75619 10.09219 10.51866 10.82532 
  5.695013 6.410133 6.168074 5.505198 6.235943 6.654053 7.931269 7.474753 7.478922 8.543699 9.018904 8.288391 7.639438 8.639174 8.941776 8.978837 8.83519 9.432487 9.204473 9.892694 10.28048 10.80934 10.97094 
  5.621071 6.830498 7.12409 4.944477 5.821646 7.034385 7.716522 6.916955 6.179273 7.408694 7.918483 7.724987 7.829162 7.815665 8.638579 9.094716 9.076674 9.81472 9.705002 9.89845 10.53815 10.34093 10.41553 
  5.399247 4.827069 5.359138 6.041052 6.176758 5.845846 6.213295 6.284784 5.73938 7.005951 7.714701 6.951351 6.808177 7.717545 7.826709 8.747079 9.389901 9.530496 9.820061 9.927232 9.970624 10.07093 10.42224 
  5.621071 5.653477 4.239345 6.170634 6.76861 5.091054 5.440207 5.950106 6.699133 6.896112 7.0626 7.085135 7.980941 7.885751 7.708102 8.602238 8.777094 8.998498 9.98306 9.921475 9.795832 9.800944 10.09344 
  4.208587 4.607649 4.991705 5.049613 6.531869 5.24194 5.26841 6.061665 5.73938 6.203115 6.760391 7.311824 7.244105 6.988652 7.660659 8.545752 8.883604 9.154925 9.695414 9.505218 9.718147 10.18973 10.72451 
  4.483002 4.168808 4.904222 5.505198 5.660908 4.889874 5.00391 5.987292 5.753268 6.055502 7.0626 7.349384 7.07644 7.409167 8.301136 8.932485 8.815825 9.080437 8.588473 9.674793 9.983571 10.44915 10.43566 
  5.54713 3.510546 4.729254 5.435109 5.271624 4.839579 4.607159 5.349377 5.808821 5.891489 6.429829 7.236703 7.715328 7.577373 8.075784 8.677551 9.410783 9.540297 9.358473 9.722275 10.3003 10.44283 10.44237 
  4.97695 3.583686 5.201667 4.997045 5.288549 5.417973 5.26841 5.875732 5.961593 6.186713 6.812584 5.938416 7.487659 7.451219 8.486981 8.338639 9.055792 9.285475 9.470473 9.464519 9.666357 9.962938 10.54529 
  4.62021 3.144845 4.414312 5.137225 5.457803 6.606511 5.783802 5.537361 5.836598 6.383529 6.621207 7.046911 7.087618 7.605407 8.146948 8.79343 9.222847 9.628504 9.358473 9.938745 9.588672 10.41756 10.85892 
  5.473189 4.680789 5.009202 5.347496 5.254698 5.216792 5.569056 5.556159 6.550601 7.335468 7.347894 7.912788 7.753273 8.082296 7.886013 8.545752 8.993146 9.028294 9.733767 10.0769 10.34986 10.45547 10.34172 
  5.621071 5.00992 4.921719 6.300217 5.407027 5.560597 5.9556 6.359157 6.439203 6.252318 5.786105 6.339768 7.22175 7.507287 8.218112 9.164243 9.59872 9.403085 9.302473 9.812104 9.957676 10.46179 10.22764 
  5.990778 3.949387 4.449306 5.470154 4.933115 6.036013 5.311359 5.725345 6.179273 6.071904 6.829982 6.836679 7.210572 7.918509 8.426342 8.723903 9.181083 9.393284 9.685825 9.715492 9.86057 10.29773 10.89253 
  5.842896 4.424798 5.149177 5.587512 5.821646 5.560597 5.00391 5.631353 6.290672 5.333844 6.134064 7.104247 7.715328 8.082296 8.135087 8.770254 8.912652 8.968702 9.428473 9.674793 10.13183 10.60713 10.47592 
  5.141599 6.157914 6.903471 4.734207 5.999202 6.368803 5.526106 5.631353 6.216406 6.104706 6.708197 7.499625 8.05683 7.759596 7.992759 8.770254 9.160201 9.69711 9.400474 9.512 9.899412 10.00614 10.4625 
  5.768954 5.30248 6.97701 6.170634 6.591055 5.988471 4.937785 6.284784 5.947704 6.088305 7.0626 7.462065 8.05683 7.984024 8.699219 8.075041 9.201964 9.154925 9.752943 10.05387 9.938255 10.37332 10.74691 
  5.399247 8.59603 8.374264 7.077712 7.182908 6.226179 5.91265 6.359157 6.14214 6.932725 6.047074 6.932239 7.753273 8.180569 8.729539 8.188011 8.631853 9.246271 9.551591 10.60903 10.45887 10.79039 10.75811 
  7.913253 11.37044 10.65399 7.272086 7.064537 6.606511 4.937785 5.744143 5.82271 5.448653 6.482023 6.874903 7.791217 7.918509 8.135087 9.210594 9.160201 9.5795 9.944707 9.904206 10.03272 10.58817 10.78052 
  11.46244 15.15372 14.77222 11.74269 11.56262 9.316379 8.146016 6.991328 6.587734 6.317924 6.656003 7.311824 7.715328 8.246084 9.032736 9.07154 8.689949 9.334478 9.551591 10.11719 10.13183 10.26533 10.6461 
  13.97644 17.67468 17.22982 16.46524 15.90858 14.01655 11.59105 10.41249 8.88997 8.140955 8.978148 9.002036 9.346951 9.228811 10.79128 10.36938 10.35047 9.657907 9.484473 10.17476 10.36968 10.7967 11.06055 
  14.71585 18.22642 17.1518 18.6414 17.14619 15.83168 11.92109 10.63561 10.15249 9.349186 10.24159 10.27909 11.20624 10.40808 12.27694 11.64405 11.62426 10.95535 10.357 10.10568 10.33995 11.08106 11.531 
  14.74239 18.29133 17.1518 19.58755 18.38379 17.36756 13.07626 11.46826 10.89514 9.64209 9.83403 10.76737 11.32008 10.67014 13.86578 13.18227 11.24839 10.46158 9.98306 10.14597 10.90484 12.1039 12.16731 
  14.78662 18.22642 17.03477 19.77678 19.05019 19.46194 15.22157 13.30008 11.86062 10.81371 10.73067 11.40589 11.58569 11.48908 14.6602 13.85524 12.15733 10.88481 10.71176 10.42228 11.88874 13.53769 13.00994 
  14.80431 18.16151 16.95675 19.3037 19.24059 20.2997 16.70679 14.46579 12.18245 11.62037 11.21975 11.74393 12.15486 12.17336 14.95811 14.72049 12.15733 11.66075 11.50422 11.32015 12.32961 13.84493 13.85257 
  14.822 18.19396 16.95675 19.01986 19.33579 20.16007 18.02698 15.96455 13.63066 12.85869 11.58655 11.9693 12.47217 12.07872 15.65322 15.20118 12.15733 11.80182 11.74195 11.85349 12.77048 14.25459 14.16856 
  14.8397 18.22642 16.99576 18.83063 19.24059 20.02045 20.00727 17.9629 15.07888 13.68425 12.51112 12.19584 12.33652 12.04596 15.65322 15.68187 11.75753 11.44913 11.97969 11.67571 12.85866 14.25459 14.37922 
  14.85739 18.25887 17.03477 18.54678 19.14539 20.02045 21.16243 19.12861 16.20527 14.5098 13.30058 12.72444 12.47217 12.07872 15.95113 16.06643 11.95743 11.30805 12.21743 12.12016 12.15326 14.15217 14.58988 
  14.8397 18.25887 17.03477 18.35755 19.14539 20.02045 20.83238 19.12861 17.00984 14.92257 13.49794 13.0265 12.54 12.07872 15.85183 15.87415 11.89079 11.37859 12.85139 13.27572 12.15326 13.74252 14.90586 
  14.822 18.25887 17.03477 18.16832 19.05019 19.88082 20.66736 19.46167 17.8144 15.19776 13.59662 13.10201 12.2687 12.0132 15.85183 15.10504 12.15733 11.9429 13.16837 13.63128 12.50596 13.53769 14.80053 
  14.83085 18.22642 16.99576 17.97909 18.85979 19.7412 20.66736 20.12779 18.61897 15.47294 14.18872 13.10201 12.40435 12.17336 15.15671 15.0089 12.09069 12.15452 13.24762 13.54239 12.59414 12.92321 14.58988 
  14.88392 18.16151 16.83973 17.78986 18.66939 19.60157 20.83238 20.96043 19.42353 15.88572 14.68213 14.15921 13.69302 13.68763 16.34834 16.06643 13.02356 12.71884 13.5646 13.98684 13.82857 13.74252 13.85257 
  14.91931 18.03169 16.64468 17.69524 18.47899 19.46194 20.83238 21.12696 19.58445 16.57368 15.37291 14.91435 14.4391 14.82333 16.84485 16.73939 13.49 12.85991 13.96083 14.3424 14.62214 14.357 14.48455 
  14.97238 17.86942 16.44963 17.50601 18.09819 19.60157 20.66736 19.79473 19.74536 16.98645 16.06369 15.6695 15.253 16.14831 17.93718 17.31623 13.8898 13.63585 14.91177 15.05352 14.62214 14.45941 14.58988 
  15.00777 17.70714 16.21557 17.22216 17.71739 19.7412 20.50234 19.46167 20.87175 17.812 16.5571 16.34913 15.7956 17.28401 18.53299 17.70078 14.55614 14.34124 15.70423 15.49797 15.06301 14.357 13.53658 
  15.08738 17.57732 16.05953 16.8437 17.43179 19.60157 20.17229 19.6282 21.03266 18.63756 17.1492 16.65118 15.99907 17.75722 18.53299 17.60464 14.15634 14.34124 15.54574 15.40908 15.06301 14.25459 13.2206 
  15.15814 17.41505 15.82548 16.37062 17.24139 19.60157 19.84224 18.96208 19.74536 19.46311 17.54393 16.7267 16.20255 17.9465 18.23509 17.41236 13.75653 14.48232 15.38725 15.32019 14.97484 14.357 13.53658 
  15.20237 17.18786 15.63043 15.99216 17.14619 19.32232 19.18214 18.46249 19.58445 19.73829 17.93866 16.57567 16.54167 18.04114 18.03648 16.93167 13.22347 14.12962 15.14951 14.96463 14.62214 13.74252 12.79928 
  15.17584 16.86331 15.47439 15.89755 17.14619 19.04307 18.35703 17.62985 18.13623 19.73829 17.93866 16.65118 16.47384 17.85186 17.44067 15.77801 12.8903 14.90556 14.4363 14.3424 14.18127 13.53769 13.11527 
  15.18468 16.60367 15.43538 15.99216 17.14619 18.34494 17.36688 16.7972 17.33166 19.05033 18.33339 16.65118 16.54167 17.75722 16.94415 15.20118 12.8903 13.77693 12.77215 13.00905 14.44579 13.6401 13.00994 
  15.21122 16.4414 15.20132 15.99216 17.14619 17.50719 16.37674 16.29761 16.36619 17.812 18.33339 16.65118 16.40602 17.66257 16.54695 14.81662 12.8903 11.51967 11.50422 11.94238 13.7404 12.41114 13.00994 
  15.23776 16.47385 15.08429 15.89755 16.86059 16.80906 15.38659 15.46496 15.23979 16.57368 17.93866 16.50015 16.13472 17.47329 16.24904 13.85524 12.82366 10.44197 11.58346 11.67571 12.50596 11.387 13.43126 
  15.20237 16.24667 14.69868 15.42447 16.19418 15.4128 14.0664 14.13273 13.95249 15.33535 17.24788 15.44296 15.11734 16.62152 15.65322 13.08613 12.02406 10.46158 10.51041 10.49135 11.71239 11.03051 12.69395 
  15.27314 16.27913 14.40452 14.28908 14.19498 12.48067 11.42602 12.13437 11.86062 13.13388 14.8795 13.70613 14.03215 14.72868 13.07136 10.32303 10.70546 10.38317 10.79101 10.28413 10.8652 10.67664 11.10535 
  15.25545 16.1626 14.47806 13.81601 13.33818 11.50329 10.59413 10.63561 11.21697 13.40906 14.18872 13.47958 14.30345 14.06619 11.94343 9.975396 10.74722 10.46158 10.20359 10.22081 10.46878 10.14653 10.6013 
  14.91046 15.49001 14.40452 13.68642 12.92388 10.98033 10.20758 10.18937 10.89514 12.30833 13.89267 13.0265 13.76085 13.4037 11.33703 10.09128 10.49664 9.608902 10.58712 10.27837 10.73636 10.6956 10.89253 
  14.34615 15.65816 14.47806 12.97372 12.4504 10.40983 10.07874 10.115 10.52381 12.17073 13.30058 12.57341 13.55737 13.4037 10.94288 9.51188 9.26461 9.314877 10.15565 10.52014 10.49851 10.55026 10.53409 
  12.71944 15.57409 15.20132 11.93706 11.14832 8.983587 8.704357 8.515976 8.964235 11.07 12.11638 10.76737 11.92719 11.71839 9.851368 9.002012 9.36902 9.657907 9.77212 10.34745 10.41923 10.37332 10.44237 
  13.68068 15.82631 14.62514 12.32581 11.68099 9.268837 9.005003 8.850655 9.149899 10.74048 11.83109 11.18053 12.11692 11.88217 10.00297 9.094716 9.097555 9.072988 9.858413 9.96177 10.21111 10.61977 10.3954 
  14.19827 15.82631 13.66912 12.26102 11.68099 9.316379 9.1768 9.11096 9.149899 10.5208 11.42353 10.69225 11.5098 11.29254 9.032736 8.886133 8.951383 9.110231 9.92553 9.973282 10.39941 10.60081 10.46921 
  14.12432 15.57409 14.03682 12.45539 11.14832 8.983587 8.53256 8.701908 8.444376 10.04483 11.05672 10.84249 11.58569 11.39081 9.335933 8.770254 8.893287 9.491292 9.896766 9.539132 10.18138 10.5313 10.93733 
  13.53279 15.74223 14.85023 11.35394 10.4381 9.126212 8.403711 8.404416 8.778571 10.11806 12.07563 11.85662 12.23075 12.268 10.5184 9.07154 9.452547 9.324677 10.10771 10.14597 9.776411 10.48075 10.83652 
  13.97644 16.40895 14.40452 10.57644 9.550319 8.12784 8.188965 7.735059 8.035914 10.08145 11.70882 11.33077 11.69952 12.07872 10.5184 9.442352 9.201964 8.946356 10.41453 10.43379 10.23093 10.44915 10.49605 
  13.97644 15.82631 13.0808 9.021451 5.999202 6.89176 8.146016 7.697872 7.887383 10.41096 12.11638 11.9693 12.54 12.07872 10.30616 8.489266 8.902969 9.207067 10.02141 9.783322 10.3003 10.63241 10.72451 
  13.16309 14.73336 11.61001 8.50312 7.064537 6.27372 6.385093 6.43353 7.887383 10.04483 12.07563 11.18053 11.92719 11.62011 10.45776 8.602238 9.03491 9.314877 9.50365 9.715492 10.40932 10.44915 10.84772 
  11.83214 13.22004 10.13922 7.790417 6.946166 6.178637 7.287029 6.65665 7.107594 9.751929 11.34201 10.24152 10.21968 10.4736 9.821048 9.23377 9.348138 9.216868 9.733767 9.674793 10.02281 10.27613 10.52289 
  9.98361 11.20229 8.374264 7.336877 7.478834 5.893388 6.728688 6.470717 6.773398 8.983055 10.93445 9.978602 10.02996 9.949477 9.002416 8.886133 9.076674 9.102783 9.743355 9.840886 10.13183 10.24373 10.30817 
  7.099898 8.259739 7.197629 5.400064 6.176758 5.893388 6.728688 6.43353 6.044922 7.921277 9.874786 8.851795 9.612564 9.425356 9.214654 8.489266 9.097555 9.550097 9.246473 9.858155 10.05254 10.24373 10.85892 
  7.395663 7.419009 6.241613 5.452631 5.474729 6.368803 6.642789 6.470717 6.513469 7.48192 9.222685 8.476192 9.157228 9.818447 9.093375 8.978837 9.870184 9.844123 9.762531 10.34169 9.96415 10.43652 10.38869 
  6.878074 8.175665 7.271169 5.522721 5.237772 5.988471 6.127397 6.54509 6.253539 7.225629 9.181929 8.663994 9.157228 9.228811 8.820498 8.376296 8.844872 9.373682 10.08853 9.829373 9.925307 10.41756 11.06055 
  6.508368 6.746425 7.344708 6.041052 5.000817 5.703222 6.041498 6.470717 5.850486 7.555147 8.489071 8.21327 7.905051 8.147811 8.729539 9.303298 9.201964 9.785317 10.07894 10.45106 10.50842 10.23293 10.79172 
  4.949508 6.32606 7.12409 5.911469 5.762461 5.065907 4.981868 6.136038 7.144727 7.225629 7.592432 7.574746 8.018886 8.180569 8.486981 8.413953 8.951383 9.256072 9.358473 9.840886 10.09219 10.44915 10.6237 
  5.086716 4.863639 5.800375 5.781887 5.940017 5.065907 5.224327 6.136038 6.587734 6.786273 7.184869 7.424505 7.563549 7.521304 7.755545 7.47253 8.554391 9.169823 9.302473 9.349207 9.899412 10.37964 10.52289 
  6.286543 4.97335 6.315153 5.119703 5.102369 4.51266 5.00391 5.875732 6.550601 6.367128 6.899574 7.649866 7.942996 8.278842 8.486981 8.955661 8.993146 9.216868 9.246473 9.505218 9.802306 10.31933 10.6797 
  6.508368 5.485331 6.241613 5.347496 4.679234 4.764136 3.857741 6.247598 5.975481 6.676434 7.0626 6.511776 7.042908 7.951266 8.324858 8.112698 8.922335 9.23647 9.246473 9.369556 9.776411 10.17893 10.88133 
  5.842896 5.737549 5.800375 4.401278 5.762461 6.416345 6.084448 6.768209 6.327805 6.529981 6.981087 6.989575 7.942996 8.540902 8.396022 8.583409 8.9417 9.422687 9.232473 9.75619 10.27057 10.47443 11.22857 
  6.212602 5.989769 5.653296 4.611549 6.058387 6.463886 5.440207 6.024478 6.439203 6.383529 6.981087 6.951351 7.232927 8.147811 9.002416 9.372826 8.883604 9.072988 9.484473 10.09992 10.16156 10.6956 10.98214 
  5.251365 6.746425 6.315153 6.624173 6.709425 6.083554 6.342144 5.706547 5.836598 7.189016 7.225625 7.724987 7.791217 8.737448 8.229972 8.658723 8.467247 9.117681 9.666649 9.735841 10.0129 10.73983 10.98214 
  6.064719 6.746425 6.756392 6.105843 5.593206 5.465514 5.526106 5.950106 6.550601 7.152403 7.0626 6.683784 7.277638 7.829682 8.396022 8.639894 9.139319 9.510894 9.372473 9.403471 10.00299 10.39228 10.56769 
  6.064719 5.737549 5.34164 5.277406 5.999202 4.361774 4.937785 5.612555 6.14214 7.225629 7.347894 7.142471 7.389415 8.344357 8.57794 8.282154 8.902969 9.481491 9.442473 9.708709 9.957676 10.49339 10.69091 
  4.894625 5.37562 6.241613 5.911469 6.058387 5.750763 5.224327 4.672635 6.128252 7.372081 7.673944 7.199143 6.696401 7.507287 8.396022 8.79343 8.602805 9.35408 9.484473 10.03085 10.0129 10.97996 11.16136 
  3.495107 5.653477 5.009202 5.846678 6.058387 5.267087 5.246368 5.217789 6.327805 6.367128 7.144112 7.236703 7.715328 8.049539 7.980898 8.45161 8.951383 9.35408 9.414474 10.13446 9.815253 10.03854 10.57889 
  4.729976 5.569404 5.18417 5.259883 5.102369 4.839579 4.959826 5.687748 5.73938 6.420142 6.516819 6.836679 7.400592 7.871734 8.790178 9.280122 8.709314 8.946356 9.513238 10.49135 10.26066 10.55658 10.38198 
  4.592768 5.905695 5.026699 4.997045 5.940017 5.216792 4.981868 5.950106 6.364937 5.77668 6.899574 7.574746 7.389415 7.885751 8.456661 8.79343 9.285492 9.765716 9.800884 9.800591 10.16156 10.25453 10.29475 ]
