 [
  4.099503 3.536579 3.896533 4.422722 5.184586 4.786479 4.811684 5.983502 5.768166 6.122696 5.645557 6.89605 7.088317 8.136338 8.427402 8.970802 8.969279 9.021258 9.564701 9.89302 10.02616 10.11027 10.22385 
  3.670176 3.352413 4.036339 4.405011 3.406047 4.573675 5.570721 5.734248 5.86457 6.428985 6.619064 7.031722 7.050297 7.502203 7.72899 8.564363 8.812561 9.481637 9.66595 10.09707 10.29565 10.36836 10.50277 
  4.068836 3.413802 4.241453 5.020785 4.866797 5.303644 4.927144 5.547307 5.72752 6.341055 6.379677 7.57436 7.430495 8.211802 8.098255 8.879047 8.823283 9.229862 9.564701 10.01668 9.602842 9.960073 10.76387 
  4.344832 2.758992 3.337309 5.440366 4.843611 4.807759 4.657736 5.383661 5.64623 5.760392 6.3318 7.465832 7.571496 7.65531 8.761391 8.787292 9.255105 9.733412 9.15608 9.615008 9.964912 10.52137 10.65393 
  5.095453 3.861447 4.34401 4.810994 4.519 4.906936 5.138514 5.221528 4.508161 6.035743 7.039575 6.649375 7.373465 7.604274 8.39704 9.177253 8.989696 9.404168 9.164849 9.759089 9.762154 10.74238 11.07994 
  4.160835 3.331951 3.912067 3.855967 3.707471 3.573496 5.138514 6.045815 6.422159 6.15168 6.3318 6.550705 7.354455 7.578756 8.059385 8.672597 8.372961 9.229862 9.506845 9.622212 10.35078 10.55537 10.55774 
  4.781475 3.759979 4.241453 5.020785 5.282786 4.906936 4.34984 6.170443 5.808811 5.528518 6.14029 7.031722 7.183366 8.060873 8.700665 8.514931 9.255105 8.693658 9.593629 9.737476 10.2589 10.31735 10.26584 
  4.375498 3.759979 3.818863 4.174767 5.184586 4.906936 5.311397 5.444461 5.920329 6.824667 7.581588 7.981339 7.896309 7.757381 8.457765 8.81023 9.214272 8.752458 9.564701 9.967218 10.15478 10.30035 10.25884 
  4.624486 3.372876 3.896533 4.245611 5.380987 5.10529 5.743604 5.403928 4.955259 5.94879 6.904072 7.872811 7.92879 7.808416 8.039949 8.399587 8.969279 9.346066 9.44546 9.998135 9.841808 10.16435 10.36382 
  4.03817 2.840843 4.036339 4.706099 4.565373 5.204467 5.484279 5.734248 5.64623 6.253126 7.141202 7.275909 7.896309 8.249535 8.245227 8.901986 8.705342 9.46227 9.680414 9.843554 9.805602 10.31735 10.53025 
  3.946172 3.086397 3.958669 6.069738 4.988184 5.501998 6.002928 7.229772 5.625907 6.253126 7.310581 7.899943 8.870746 8.702324 8.427402 9.085497 8.908031 9.191128 9.853984 9.89302 9.769395 10.36836 10.64019 
  4.938464 3.025008 4.138896 4.810994 3.939337 4.062945 5.570721 6.232756 5.524294 6.166173 6.768569 7.221645 7.896309 8.249535 8.579215 8.741413 8.394405 9.071659 9.723806 10.01668 10.17316 10.03217 10.72264 
  4.130169 3.759979 4.446567 3.57259 4.774052 4.552394 4.965631 5.262061 5.260099 6.516914 6.971824 7.628624 7.297426 7.514962 8.488128 8.947864 9.071361 9.404168 9.35777 9.973402 10.3814 10.11628 10.33582 
  3.884839 3.045471 4.020805 3.873678 3.591539 4.233189 5.657162 5.609621 5.64623 5.731408 6.555228 7.140249 7.088317 7.821176 7.88447 8.649658 9.050944 9.191128 9.366539 9.665437 10.17928 10.26635 10.41281 
  2.780856 2.799917 4.446567 5.020785 5.380987 4.275749 5.570721 5.921188 5.260099 5.687932 6.870196 6.612374 7.202376 7.208748 7.69012 8.218331 9.030528 9.307332 9.608093 9.766293 10.15478 9.966081 10.51651 
  4.702981 2.840843 4.138896 4.298744 4.240761 4.807759 4.446058 5.484994 5.768166 6.253126 7.24283 6.945385 7.468514 8.136338 8.39704 8.481975 8.630288 9.481637 9.66595 9.766293 10.17316 9.990112 10.24484 
  4.545991 2.718066 4.138896 4.157055 4.217575 4.126786 4.600005 5.921188 6.81247 9.726336 10.39328 9.3922 10.00759 10.13616 9.854442 9.177253 9.112192 9.520371 9.564701 9.880653 10.33853 10.65737 10.64019 
  4.160835 3.331951 4.138896 4.5467 5.773788 5.997882 4.638492 6.48201 7.704612 11.88061 12.47459 10.42321 11.56669 11.60772 11.09931 9.429581 9.336769 9.229862 9.752735 10.43096 10.24053 10.24935 10.88755 
  2.50486 2.247421 3.787795 5.12568 4.889984 4.467273 5.052073 5.609621 6.310641 8.319467 8.530109 7.113117 7.863828 8.438197 8.098255 8.333675 8.866171 8.886858 9.825055 10.51134 9.964912 10.30035 10.30083 
  3.455513 2.738529 3.042163 5.230576 4.750865 6.097059 6.608017 6.357383 6.645194 8.143608 7.784842 7.601492 7.993752 8.287268 8.457765 9.314886 9.112192 9.59784 9.738271 10.09088 10.08128 10.57237 11.71209 
  2.964853 2.881769 3.927601 5.440366 4.426254 5.501998 4.426814 4.79593 6.031847 7.528102 7.717091 7.845679 9.650294 10.8908 10.91713 8.970802 9.765508 9.849615 10.40362 10.37531 10.16703 10.36836 10.8051 
  4.344832 3.861447 4.241453 4.810994 5.282786 5.10529 3.964971 4.836463 6.81247 8.319467 7.378333 8.496845 11.66413 12.77638 13.17359 9.957176 10.82714 10.17886 11.35825 11.35778 10.80467 10.69138 10.62645 
  3.946172 2.779454 3.616921 4.458144 5.184586 4.701357 5.311397 5.484994 6.087605 6.736737 6.52331 7.194513 8.091196 8.249535 9.156103 8.764353 8.823283 9.384801 9.340231 9.837371 10.12416 10.45336 10.55774 
  3.946172 3.759979 4.138896 4.91589 4.774052 5.303644 4.753953 4.998596 6.199123 5.7459 6.347759 6.686377 6.289903 7.19599 8.488128 8.416064 8.812561 9.268597 9.709342 9.629416 10.25278 10.16435 10.41281 
  4.2835 3.331951 4.138896 4.298744 5.380987 5.10529 5.916486 6.544323 6.143364 7.616031 7.208954 7.737152 7.993752 9.494704 10.09734 8.465497 8.969279 9.088459 9.969697 10.62515 10.74889 10.43636 11.0662 
  3.700842 3.413802 3.880999 4.157055 4.797238 4.488553 4.330597 4.714863 5.625907 6.253126 6.666942 6.760379 7.733902 8.362732 8.488128 7.526268 9.050944 8.836458 9.278848 9.800271 10.08741 9.942048 10.02089 
  4.191501 3.454728 3.741193 4.810994 4.988184 5.700352 5.484279 5.983502 6.310641 6.692773 6.619064 6.415034 6.860198 7.909944 8.214865 8.317198 8.69462 9.346066 9.955233 9.780701 9.921464 9.990112 10.62645 
  4.03817 3.10686 3.787795 5.335471 4.750865 4.807759 4.73471 5.444461 5.625907 6.956561 5.837067 6.79738 7.240396 8.17407 8.185712 8.416064 8.20141 8.576057 9.521309 9.607804 9.971037 10.62337 10.34282 
  4.007504 3.557042 3.710125 4.91589 4.542186 4.467273 3.926484 5.484994 5.86457 5.528518 7.276706 7.438701 6.974258 7.833934 8.059385 8.350153 8.908031 9.249229 9.781663 9.658233 9.870774 10.05019 10.48903 
  4.191501 3.413802 3.756727 4.91589 5.282786 5.006113 5.138514 5.858875 5.86457 6.428985 6.395637 6.785047 7.571496 7.985408 7.971927 8.695536 9.377602 8.962459 9.593629 9.886836 9.762154 10.11628 10.48903 
  5.252442 3.962916 4.138896 4.210189 4.37988 3.445814 5.484279 5.160728 5.280422 6.428985 6.870196 6.89605 6.936238 7.349096 8.214865 9.223131 9.132608 9.307332 9.35777 9.766293 9.89974 10.10427 10.37781 
  4.467497 3.65851 4.138896 4.582121 4.634933 3.7863 4.330597 5.039129 5.097518 5.876329 6.491391 6.637042 8.026234 7.985408 8.039949 8.037077 8.823283 9.080059 9.331462 9.91157 10.03229 10.45336 10.46154 
  5.566421 3.759979 3.492649 3.696567 4.988184 3.935263 4.811684 5.609621 4.995905 5.61547 6.14029 6.674043 6.556041 7.412891 8.761391 8.879047 8.834005 9.105259 9.680414 9.665437 10.00166 10.41936 10.15386 
  4.624486 3.372876 3.244105 4.652966 4.519 4.637516 5.138514 5.858875 5.625907 5.992267 6.443514 7.031722 7.539015 7.387373 8.27559 8.856108 8.791118 9.520371 9.781663 9.899203 9.89974 9.779831 9.999895 
  5.487926 3.65851 3.104299 4.263322 4.866797 4.148067 3.73405 4.187932 6.199123 5.919806 5.693435 7.140249 6.61307 7.298061 8.27559 8.366631 8.426571 9.021258 9.270079 9.651029 9.776636 10.38536 10.48903 
  4.85997 3.759979 3.446047 4.91589 5.086385 4.254469 4.215136 5.039129 5.280422 5.325627 6.603105 6.686377 7.164357 7.731863 8.039949 8.432542 8.726786 9.046459 9.35777 9.715864 10.07516 10.21535 10.4478 
  4.85997 4.571727 4.036339 4.56441 5.479187 5.402821 4.311354 5.302595 6.81247 6.824667 6.83632 6.89605 7.316435 7.055642 7.592945 8.580841 8.769673 9.012858 8.945621 9.825005 10.18541 10.38536 10.8051 
  4.467497 3.557042 4.138896 3.891389 5.184586 4.275749 3.73405 4.775663 5.86457 6.07922 6.060495 7.113117 7.539015 7.387373 8.020514 9.085497 8.928448 9.152393 9.44546 9.85592 9.69698 10.21535 10.4198 
  4.545991 3.65851 3.399445 4.245611 4.240761 3.76502 4.523032 5.464727 5.72752 6.38502 6.802445 6.242362 7.316435 7.731863 8.27559 8.833169 9.234689 8.987659 9.419153 10.02905 9.935946 10.41936 10.68142 
  3.976838 3.065934 3.383911 4.3873 4.310321 4.807759 4.523032 4.228465 5.808811 5.977775 6.315841 7.031722 7.316435 7.706346 7.874753 8.564363 9.071361 9.307332 9.489306 10.2702 9.971037 10.14031 10.37781 
  4.545991 3.557042 3.725659 4.56441 5.184586 4.906936 4.118919 4.613531 5.625907 5.673439 6.937948 7.384437 7.069307 8.211802 8.609577 8.649658 9.010112 8.710458 9.26131 9.326847 10.06903 10.03217 10.20985 
  4.85997 4.165853 3.725659 4.706099 4.889984 4.594955 4.23438 5.059395 5.239777 5.905314 6.603105 7.221645 7.92879 7.985408 8.214865 8.60378 8.928448 9.423535 9.462999 9.535764 10.08741 9.984104 10.48903 
  8.549212 9.036341 10.18976 10.99982 12.54962 12.54356 12.22671 13.02493 12.94594 12.11136 11.6337 11.46119 10.91706 10.02296 11.06894 12.14635 13.4799 12.78905 11.35825 9.961035 10.15478 12.34047 12.20682 
  10.98254 12.08039 13.26647 13.83199 15.00464 16.01475 15.42504 16.29906 16.67494 14.64963 14.05124 13.9058 13.73473 12.2869 13.17359 14.34898 16.1186 14.46398 13.30773 10.94568 10.86044 14.32222 14.15245 
  13.57286 16.2406 16.13807 16.66416 17.45965 18.81129 18.10063 17.46003 17.87355 15.80339 14.26146 14.01209 14.45944 14.26483 15.02577 15.29297 16.64634 16.01928 14.76984 12.182 12.19905 14.62711 14.3081 
  14.66724 18.17778 17.38902 19.12277 20.07504 21.7735 20.37819 21.32995 21.33619 18.80317 17.30967 16.98814 17.56534 17.16731 17.95028 17.81026 19.54891 18.65131 16.71932 12.59411 13.42611 16.53264 16.40939 
  14.5148 18.23313 17.24816 19.40203 20.65624 21.7735 20.24016 21.58794 20.93665 19.1493 17.625 17.20071 18.08299 17.31616 18.04776 17.91515 19.54891 18.77095 17.10922 12.96042 13.87231 16.83752 16.72069 
  14.56053 18.28848 17.27633 19.55434 20.71437 21.84239 20.24016 21.58794 20.93665 19.03392 17.625 17.20071 18.18652 17.39058 18.24273 18.12492 19.81278 19.12986 17.49912 13.23516 14.15119 17.14241 17.10982 
  14.62151 18.28848 17.23407 19.6305 20.71437 21.7735 20.24016 21.58794 20.67029 18.68779 17.30967 16.98814 17.97946 17.24173 18.24273 17.91515 19.68085 18.89059 17.40164 13.09779 14.26274 17.06619 16.87634 
  14.66724 18.2608 17.2059 19.65589 20.59813 21.49795 20.24016 21.32995 20.40394 18.34167 16.99433 16.56299 17.56534 16.94404 18.04776 17.91515 19.41698 18.53167 17.01175 13.14358 14.15119 17.14241 16.95417 
  14.71297 18.23313 17.16364 19.70666 20.71437 21.56684 20.17114 21.32995 20.13758 17.99554 16.78411 16.35041 17.46181 16.94404 17.75531 18.02004 19.28504 18.17276 16.52438 13.46411 14.20696 17.14241 16.95417 
  14.75871 18.15011 17.16364 19.73205 20.8306 21.49795 20.10212 21.45895 20.0044 17.76479 16.46878 16.13784 17.46181 16.86962 17.26789 17.81026 19.02117 17.69421 16.03701 13.41832 14.09541 16.91375 16.79852 
  14.86542 18.09476 17.17772 19.70666 20.94684 21.36017 20.10212 21.45895 19.60487 17.53403 16.15345 15.92527 17.35828 17.01847 17.17041 17.60049 18.7573 17.09602 15.64711 13.18937 13.59344 16.30398 16.17591 
  14.95688 18.01174 17.29041 19.65589 21.06308 21.29128 20.10212 21.45895 19.20533 17.1879 15.83812 15.81898 17.15122 16.94404 17.07293 17.39071 18.09763 16.37819 14.86732 12.54832 12.81258 15.38932 15.24201 
  15.04835 17.95639 17.44536 19.57973 21.06308 21.08462 20.10212 21.32995 18.67262 16.84178 15.52279 15.50012 16.63357 16.57193 16.48803 16.76139 17.17408 15.18181 13.7951 11.7241 11.69707 14.01734 14.23028 
  15.15506 17.87337 17.60031 19.42741 21.1212 20.87795 20.10212 21.20095 18.1399 16.2649 15.10235 14.96868 16.11592 16.34866 15.70816 15.92229 15.85473 14.22471 13.21026 11.63252 11.75285 13.86489 14.3081 
  15.24652 17.76267 17.713 19.24971 21.1212 20.6024 20.03311 20.81396 17.60719 15.68802 14.57679 14.33095 15.7018 16.05097 15.02577 15.08319 14.66732 13.62652 13.11279 11.58673 11.69707 13.86489 14.3081 
  15.32274 17.67965 17.75526 18.99584 21.06308 20.32684 19.96409 20.42697 17.20765 15.11114 14.05124 13.48066 14.87356 15.1579 14.53836 14.34898 14.40345 13.50688 12.91784 11.76989 11.69707 13.63623 13.91897 
  15.38372 17.54128 17.76935 18.79275 21.00496 20.05129 19.75704 19.91098 17.07448 14.64963 13.52569 12.94922 13.83826 14.33926 13.75849 13.82454 14.00764 13.62652 13.11279 11.63252 11.6413 13.1789 13.52985 
  15.42945 17.4029 17.81161 18.76736 20.94684 19.70684 19.619 19.52399 16.9413 14.3035 13.10525 12.41778 13.21708 14.33926 13.27107 13.40499 13.87571 13.50688 12.91784 11.08305 11.13932 13.10268 13.21855 
  15.45994 17.29221 17.93838 18.91968 20.94684 19.43129 19.41195 19.137 16.67494 14.07275 12.5797 12.09892 13.21708 13.96714 13.36855 13.19522 13.74377 13.50688 13.21026 10.62515 10.86044 12.64535 12.90724 
  15.47519 17.15384 18.05107 19.04661 20.88873 19.08685 19.34294 18.75001 16.14223 13.95738 12.15926 11.99263 13.21708 13.96714 13.56352 13.30011 13.61184 13.14796 12.91784 11.22041 11.4182 12.95024 12.51812 
  15.45994 16.98779 18.05107 19.09739 20.71437 18.81129 19.13589 18.23402 15.60951 13.61125 11.84392 11.67377 12.69943 14.11599 13.75849 13.40499 13.4799 12.78905 12.62542 10.76252 10.80467 13.33135 12.98507 
  15.39896 16.79408 17.95247 19.072 20.36564 18.81129 18.92883 17.84702 14.94362 13.49587 12.36948 12.20521 13.52767 15.00906 15.02577 14.87342 15.19506 14.46398 13.69763 10.62515 11.25087 14.47466 13.76332 
  15.12457 16.90477 17.62848 19.32586 19.31949 18.94907 19.2049 17.20204 14.94362 13.61125 12.68481 12.41778 13.6312 15.30675 15.02577 14.87342 14.93119 14.58362 13.89258 10.80831 11.4182 14.47466 13.76332 
  14.75871 16.90477 17.36085 18.81813 18.38957 17.91574 18.51473 16.17006 13.34548 11.74871 10.90141 10.50461 11.59917 14.04156 13.75849 13.61477 13.34797 12.78905 12.62542 10.14653 10.41203 13.10268 12.59594 
  14.78919 16.54501 17.74117 18.58965 18.33145 18.53574 18.51473 15.26708 13.61184 11.99598 11.00304 10.50461 11.14443 12.70196 11.37257 10.87473 10.78631 11.28279 11.18468 10.02905 10.07516 12.95024 12.51812 
  14.78919 16.84942 17.4031 18.99584 17.63401 17.50241 16.3062 13.46112 11.3847 10.42977 9.072122 8.171263 8.74082 10.96627 11.31184 11.08118 11.50088 11.59267 10.96772 9.751884 10.06903 11.98345 11.57467 
  14.57577 16.84942 17.75526 18.48811 17.75025 17.50241 16.03013 13.02493 11.21742 10.29788 9.275376 9.609255 10.16999 12.36237 12.10127 11.37939 11.33755 11.03102 10.56273 9.886836 10.32015 11.72843 11.24485 
  13.96534 16.6557 17.06108 17.71312 16.87045 16.01475 14.3013 11.46709 9.76769 9.11083 8.089725 8.27979 8.968189 11.53226 11.03858 10.41595 10.19425 10.08202 10.20112 9.651029 10.02616 10.82738 11.12117 
  14.83493 16.2406 17.89612 18.1327 17.06684 17.20488 14.04198 11.9656 9.990725 9.462548 8.801116 8.442582 8.156158 9.947494 10.24915 9.429581 9.867588 9.578473 9.637022 9.91157 10.00779 11.25241 11.07994 
  14.4363 16.54501 17.54397 17.81801 16.77224 16.90734 13.86909 12.02791 10.10224 9.374619 8.021973 7.791416 8.578414 10.96627 11.31184 10.39301 9.540931 9.636576 10.09987 10.06615 10.3814 10.79338 10.76387 
  13.65136 14.92151 16.65085 16.97885 15.49564 15.32051 12.74536 10.71933 9.154343 8.275501 7.47996 7.57436 8.253602 10.55121 11.03858 10.04893 9.867588 9.810881 9.955233 9.973402 9.921464 10.77638 10.39181 
  12.78792 15.22592 13.57414 14.25157 12.64782 11.9485 9.806349 9.535371 7.871889 7.923784 9.512506 10.82347 12.90649 12.8508 11.55474 10.37008 8.876893 10.19823 10.59165 10.16508 9.805602 9.912008 10.32882 
  13.57286 15.83473 14.3946 15.51031 13.23703 12.54356 11.01653 9.535371 7.983406 7.70396 8.191352 9.446463 11.97472 11.79638 10.58314 9.773664 9.153025 9.559106 10.34576 10.28256 10.19766 10.70838 10.58522 
  14.04383 16.03767 14.3946 15.61521 13.33523 13.03944 11.7945 9.223804 8.652513 8.187572 7.784842 8.008471 9.325482 9.004183 8.852478 9.727787 9.704259 10.66304 11.08344 10.22073 10.91622 10.82738 10.64019 
  14.12232 15.9362 14.59971 15.61521 13.92443 13.73368 11.96738 11.15552 9.26586 8.583255 8.055849 7.655756 9.357964 9.41924 8.761391 8.970802 9.173441 9.268597 9.651485 10.09088 10.63252 9.978096 10.53025 
  13.0234 15.42885 14.18949 14.14668 12.64782 12.94027 12.05382 10.96858 8.875547 7.747925 7.750967 7.927075 8.643377 8.740056 9.641904 9.934237 9.357185 9.752779 9.622558 10.57936 10.31403 9.803864 10.34982 
  12.70942 15.83473 14.29204 13.41241 12.94242 13.43615 13.78265 11.21783 9.26586 9.374619 8.563985 7.303041 8.383527 8.664592 9.186466 10.11775 8.908031 9.054859 9.579165 10.02905 10.21603 10.33436 10.72264 
  12.39544 15.53032 14.08693 14.04178 12.45142 13.03944 14.90639 12.52642 9.544654 8.495325 8.733364 7.411569 9.098114 9.268311 9.307916 10.18657 9.357185 9.423535 9.796127 10.20218 10.08128 10.60637 10.95626 
  12.08147 15.02298 13.36903 13.41241 11.17482 12.04768 13.78265 12.27716 10.65983 8.143608 7.988097 8.252658 9.130595 8.438197 9.611541 10.37008 9.336769 9.012858 9.752735 9.967218 9.943189 10.35136 10.4268 
  11.6105 14.3127 12.54857 12.15367 9.89821 10.06414 12.48603 12.15254 11.1059 8.231537 8.970494 8.686769 8.903227 8.400465 10.67423 11.51702 9.377602 9.307332 9.66595 9.967218 9.928705 10.47036 10.73639 
  10.43308 13.09508 11.42045 10.89492 8.719804 9.667429 10.49788 11.71634 11.66349 8.407396 9.139874 7.954207 9.26052 9.079648 9.672266 10.96649 9.724675 9.830248 10.14327 9.899203 10.15478 10.0562 10.47528 
  8.941685 11.26865 9.574419 8.062749 8.130601 9.96496 10.58432 10.53239 10.88287 8.451361 9.139874 7.520096 8.383527 7.872211 8.700665 10.57653 9.704259 9.365434 9.767199 9.818821 10.13028 10.06221 10.62645 
  7.999751 8.934872 7.318164 7.748063 7.541398 9.766605 10.58432 9.909252 12.0538 9.682372 9.207624 8.144131 8.610895 7.872211 8.670302 9.314886 9.336769 9.481637 9.796127 10.2702 9.863533 10.31735 10.61271 
  5.958893 6.702565 7.933506 7.223587 5.97019 8.378129 9.374142 10.15851 11.77501 9.682372 8.631737 7.872811 7.539015 8.060873 8.913203 9.86542 9.173441 9.113659 9.521309 10.16508 9.928705 10.13431 10.91504 
  6.194376 5.890817 6.497707 7.223587 6.06839 8.97319 9.374142 9.535371 11.21742 9.242725 8.699489 7.818547 8.253602 8.325 9.459728 10.09481 9.214272 9.326699 9.182387 9.56458 10.06291 10.11628 10.20985 
  7.764267 5.180537 5.061909 6.384424 6.853994 9.171545 8.769052 8.10216 10.21376 9.19876 7.683215 7.628624 7.92879 8.287268 8.27559 9.567214 9.071361 9.038058 9.66595 9.89302 10.03229 10.30035 10.66768 
  8.470718 5.68788 6.600265 6.384424 6.853994 7.783068 7.645314 7.042831 9.042825 8.671184 7.039575 6.883717 7.571496 8.589127 8.059385 7.905255 9.091776 9.080059 9.462999 10.02905 9.827326 10.16435 10.95626 
  7.764267 7.818718 6.395151 6.804005 5.675588 6.692121 7.991079 7.416712 7.81613 7.13242 8.055849 7.140249 7.863828 8.249535 8.305952 7.789911 8.85545 9.307332 9.694879 9.954852 9.964912 10.30035 10.65393 
  7.764267 8.123123 6.497707 6.489319 5.773788 6.493767 6.348693 6.108129 6.923988 7.572066 7.310581 6.846715 7.468514 7.412891 7.816447 8.531408 8.887615 8.760858 9.637022 9.723068 9.754911 10.23235 10.64019 
  8.549212 9.137808 6.600265 7.118691 5.773788 5.204467 6.867342 5.983502 6.700953 6.604843 6.14029 6.945385 7.539015 7.451168 7.981645 8.764353 8.619566 9.849615 9.564701 9.694252 9.74767 10.48736 10.46154 
  9.491147 8.021655 5.677251 5.755052 5.577388 4.906936 5.657162 5.484994 5.920329 6.604843 7.310581 6.69871 6.65109 7.985408 8.39704 8.234809 8.64101 8.996058 9.535772 9.787905 9.501463 9.893984 10.02089 
  8.549212 7.311376 5.677251 6.069738 5.380987 4.233189 5.052073 5.241795 5.321067 6.122696 5.773231 6.649375 7.66894 7.757381 8.579215 8.718474 8.834005 8.828058 9.313924 9.593396 10.16703 10.69138 10.79136 
  7.842762 7.514313 6.805379 6.489319 5.380987 5.204467 5.830045 5.484994 6.199123 6.604843 7.0057 7.492964 8.416008 7.872211 8.030232 7.789911 8.74823 9.365434 9.349001 9.923936 10.02004 10.70838 10.65393 
  8.784697 8.731935 6.395151 5.335471 5.184586 4.658796 5.570721 5.363394 6.700953 6.956561 6.044536 7.330173 7.506534 7.947676 7.660967 8.333675 9.050944 9.038058 9.462999 9.485335 9.964912 10.28335 10.4408 
  7.999751 6.499628 5.267023 5.545261 4.797238 5.006113 4.465301 4.654064 6.143364 6.516914 6.666942 6.723378 7.278416 7.361855 7.826165 8.481975 8.769673 9.191128 9.077158 9.818821 10.12416 10.06221 10.32183 
  7.607278 5.68788 4.754238 4.440433 5.184586 4.254469 5.138514 5.796561 6.254882 5.325627 6.427555 6.69871 7.506534 7.909944 8.059385 8.30072 9.030528 9.210495 9.419153 9.91157 10.05678 10.26635 10.76387 
  8.470718 6.296691 4.959352 4.316455 4.988184 4.467273 4.888657 5.484994 5.605585 5.94879 5.757271 6.809714 7.863828 8.287268 7.971927 8.718474 9.091776 8.870058 9.506845 10.39386 10.3079 10.35136 10.64019 
  6.351366 4.165853 3.259639 5.12568 4.704492 5.006113 5.052073 5.302595 5.788488 7.088455 7.310581 7.764284 7.603978 7.693586 7.592945 8.30072 8.866171 9.171761 9.564701 9.607804 9.89974 10.48736 10.7089 ]
