 [
  4.809048 5.729911 6.33795 6.679536 5.578965 6.150743 6.699052 7.375658 7.83257 7.298848 7.561149 7.476763 7.90635 8.735155 8.689464 8.281517 8.796572 9.330959 9.323328 9.610156 10.29132 10.55526 10.60349 
  4.422091 4.461043 7.178826 6.155391 4.950096 6.766551 6.658985 7.515467 7.373003 7.460552 7.390065 8.097479 7.513112 7.688155 8.541972 8.393029 8.897941 9.620664 9.647705 9.731815 10.19191 10.13065 10.22841 
  5.196005 5.405579 7.034106 7.131264 5.781102 6.482753 6.426354 7.340706 8.438362 8.349923 8.341297 8.145686 7.73782 8.050765 8.927524 8.899354 9.158605 9.450607 10.26436 9.985272 10.30565 10.31404 10.52694 
  4.5672 4.656465 6.1034 6.362661 5.8934 5.560502 5.816573 7.620323 7.999685 7.622256 8.005966 7.773627 8.243411 8.458702 8.144785 8.716413 8.912422 9.30788 10.05239 10.30437 9.983922 10.4916 10.73631 
  4.131873 5.567745 6.259767 7.018332 5.938565 6.076963 7.500402 7.760131 8.584589 9.522276 9.347347 9.109841 9.147731 8.345387 8.757481 9.652617 9.697256 9.677349 9.554469 9.924443 10.47762 10.87352 10.58052 
  3.962579 6.378577 7.685348 6.086301 5.713723 6.445863 8.18155 9.822306 9.873337 12.02869 11.64689 9.495503 9.894777 9.117339 9.607696 10.27488 9.926996 9.847406 10.41853 10.76555 10.93621 11.1536 10.38916 
  4.833233 5.112447 6.961746 6.453673 5.28699 6.187633 6.362167 8.354317 8.313026 9.522276 9.682696 8.29031 8.518639 8.978363 8.102229 8.660658 8.99931 9.847406 10.26436 9.833199 9.823208 10.24802 10.6699 
  5.267093 5.307868 5.986125 8.260582 6.70636 6.445863 6.394261 8.494125 8.18769 8.915887 9.107811 9.254465 9.029776 9.013107 8.995541 9.046732 9.336237 9.762378 9.763329 10.50729 10.23917 10.36538 10.72894 
  6.120152 6.216411 7.974788 8.091185 6.119222 7.227723 8.261685 7.550418 7.728123 8.592479 8.724554 8.675972 8.479321 8.978363 8.343378 8.136552 8.825535 9.330959 9.535978 10.34126 10.34864 10.61891 10.53459 
  5.099266 5.973161 6.889386 6.9054 6.074058 7.014874 7.420268 7.585371 7.49834 8.430775 8.724554 8.483141 8.479321 8.526691 8.961532 9.325111 9.158605 9.146324 9.471258 10.23058 9.955561 10.38006 10.69204 
  5.267093 5.729911 7.468267 6.961866 5.421748 6.553703 7.179862 7.200897 7.707233 8.471201 8.62874 8.531348 8.557957 8.908875 8.173155 8.805624 9.664436 9.365579 9.582206 10.35971 10.44896 10.73349 10.25138 
  5.906888 5.973161 7.974788 8.429979 5.8934 6.731077 7.86101 7.864987 8.083242 8.592479 8.341297 9.061634 9.029776 9.013107 8.541972 8.504541 9.028273 9.284801 9.57296 10.01569 10.30565 10.59345 10.17483 
  4.349536 5.014737 7.178826 6.792468 6.616031 7.298673 7.259997 7.340706 7.999685 8.471201 8.245483 8.483141 9.108413 8.908875 8.655455 8.705263 9.303417 9.592321 9.600698 9.843337 10.34864 10.42407 10.45805 
  5.622534 6.216411 7.757708 6.679536 6.661195 7.72437 7.820943 7.096041 8.709925 8.471201 8.724554 9.688334 8.518639 8.839387 8.689464 8.727565 9.303417 9.342499 9.975306 9.762231 10.04064 10.28469 10.16717 
  5.075081 5.892077 5.986125 6.453673 5.938565 6.372083 7.460335 8.144605 8.939709 8.188219 8.580833 9.495503 8.71523 8.874131 8.471046 8.705263 8.376615 9.146324 9.609943 9.88389 9.671947 10.12331 10.41978 
  3.648177 4.819315 7.034106 7.131264 6.435373 6.802026 6.658985 8.039748 8.1668 8.066941 8.29339 8.820595 8.131058 8.526691 8.258266 8.381878 8.666241 9.393922 9.34182 10.26747 10.00283 10.39473 10.58052 
  4.954157 5.047307 8.264229 7.526525 5.826021 6.90845 6.618917 8.179557 8.313026 7.061801 8.29339 7.665677 7.793996 8.164082 8.655455 8.482239 9.042754 9.123245 9.295591 9.863613 10.22027 10.25535 10.50398 
  5.480358 4.754175 7.830068 7.018332 5.534046 6.076963 6.297979 8.633934 7.999685 7.298848 7.800666 7.746639 7.597377 8.118755 7.747597 8.816774 9.158605 9.204023 9.545223 9.975135 10.07846 10.73349 10.74369 
  6.049064 6.135327 7.540627 5.499034 5.174692 5.966292 6.618917 7.550418 6.328533 7.081555 7.355848 7.638689 7.878262 7.960113 8.723472 9.406988 9.434697 8.961689 9.286345 9.873752 10.40597 10.4916 10.42743 
  5.338181 5.810995 6.220675 5.982666 5.399288 4.822701 5.591916 6.602896 6.349422 6.646968 7.013681 7.827602 8.282729 8.978363 8.723472 9.079482 8.941385 9.563978 9.975306 10.15679 10.27699 10.63164 10.86176 
  5.026711 4.721605 5.047926 4.911767 5.354369 5.523612 6.265886 6.467056 6.76721 7.703108 7.390065 7.746639 8.102969 9.430035 10.93403 10.68426 12.65105 12.99346 11.45914 10.82089 11.16551 10.34338 10.3815 
  4.760678 4.949596 5.008835 5.844485 6.209551 5.966292 6.13751 6.657232 7.540118 8.673331 8.868276 10.31503 10.83842 12.00109 12.94054 13.56888 15.27816 15.59689 13.86447 12.81636 13.12005 12.03201 11.83645 
  5.40927 5.307868 6.889386 8.091185 7.654812 7.440572 7.05966 7.305754 7.581897 8.269072 8.916183 11.71306 13.39881 13.67455 13.40825 12.09366 12.84797 12.625 10.55342 10.02583 10.47762 11.3191 12.99003 
  5.622534 4.330763 7.468267 7.470059 6.932182 6.553703 6.859323 6.6844 6.558317 6.390167 8.532926 10.74891 12.25387 12.14007 12.66847 11.76583 11.86337 10.52763 9.397293 10.10144 10.34864 10.75895 11.83645 
  5.338181 5.405579 6.455225 5.119038 4.837797 5.892512 5.046321 5.624847 6.090181 6.232136 7.218982 7.287849 7.878262 8.186745 8.927524 8.839077 8.88346 9.393922 9.628434 9.843337 10.16354 11.01356 10.77321 
  4.494645 3.321088 4.227003 4.497226 5.219611 5.339162 4.917946 4.972815 5.647529 6.686476 7.116332 6.990985 7.147963 7.982776 8.961532 8.997606 9.303417 9.705692 9.994576 9.46822 10.18245 10.13799 10.48867 
  4.809048 3.71193 4.227003 4.462681 5.30945 5.044042 4.564915 5.135823 6.579206 6.567953 6.705731 7.368813 7.709731 7.370871 8.513602 8.448786 9.631617 9.705692 9.705517 10.0461 10.173 10.3067 10.69942 
  5.267093 4.037632 4.031545 4.739042 4.455984 5.265382 5.142603 6.059536 6.850768 6.785246 7.253199 7.260862 8.131058 8.390713 8.893515 8.850228 9.173085 9.007848 9.369556 9.88389 10.14464 10.42407 10.95032 
  4.663939 3.516509 4.578827 5.153583 5.107313 4.453801 5.784479 5.760687 6.243408 6.567953 6.260913 6.424245 7.456935 7.529513 8.329193 8.5826 8.984829 9.030928 9.545223 9.660848 9.917746 10.45341 10.94294 
  5.622534 4.493614 3.953362 4.911767 5.197152 6.261413 6.658985 6.276879 6.892547 6.824754 6.329347 7.881577 8.440002 9.013107 8.584528 9.128608 12.42131 13.07744 12.16313 10.85779 12.26654 14.92925 15.77787 
  5.196005 4.754175 4.266094 5.291763 5.489127 7.050349 6.939457 6.276879 6.294483 6.034596 6.876814 7.719652 8.074881 8.141418 8.357564 9.161359 11.23979 11.51963 10.82321 9.964996 10.89322 12.95873 13.85522 
  5.977976 5.079877 5.12611 4.18632 5.444208 6.802026 6.859323 6.816424 6.412091 6.567953 6.637297 7.476763 7.934439 8.050765 8.201526 8.850228 9.144123 9.054007 9.045959 9.600018 10.33431 10.86079 10.75845 
  5.002526 4.623895 4.305186 5.257218 6.390209 7.65342 7.70074 6.781472 5.868855 6.390167 6.911031 7.422788 7.934439 7.982776 7.875264 8.225761 8.825535 9.342499 9.406539 10.0461 9.983922 10.22601 10.55756 
  4.228612 4.167912 5.947034 5.844485 7.158004 7.085824 6.169604 6.059536 6.192332 7.081555 6.739947 6.883035 7.007521 8.36805 8.300822 8.638355 9.992636 10.15918 10.95811 11.72481 10.43463 10.40206 10.89128 
  4.446276 5.210157 6.220675 5.429944 6.932182 6.553703 6.362167 6.602896 5.868855 6.291398 6.876814 7.368813 7.793996 8.232071 8.329193 8.694112 10.97723 11.15118 11.80601 13.02086 11.03653 10.96264 11.45212 
  4.397906 3.907351 6.455225 6.362661 6.209551 5.671172 6.779188 6.113872 6.277458 7.200078 6.705731 7.449776 7.37267 7.914786 8.272452 9.144983 8.99931 8.93861 9.314083 10.02583 10.33431 10.24068 10.19014 
  4.663939 3.939921 5.751575 4.842677 5.062394 4.343131 5.110509 5.652015 6.311508 6.60746 6.945248 7.287849 7.20414 7.86946 8.102229 9.456114 9.401877 9.007848 9.332574 10.10144 10.02174 9.98394 10.64038 
  4.591384 5.729911 6.025217 5.464489 5.466667 5.855622 6.265886 5.978031 5.834805 6.646968 6.842598 6.93701 7.035609 7.756145 7.790153 8.415332 8.796572 9.088626 9.582206 9.58988 10.26754 10.37272 11.18646 
  4.929972 4.005061 4.930652 5.464489 6.29988 6.695602 7.019593 5.054318 5.238926 6.627214 7.013681 7.233874 6.445752 7.302882 8.215711 8.882978 9.21653 9.620664 9.956035 9.964996 10.20136 10.27736 10.72156 
  4.857418 5.729911 5.517026 4.946312 4.905176 5.191602 5.912854 5.869359 5.494303 6.15312 6.055613 6.37027 7.428847 7.07625 7.818523 8.5826 8.695203 8.869371 9.036714 9.397252 9.927199 10.13799 10.11359 
  6.759947 7.027242 5.36066 6.362661 5.354369 4.12179 5.656104 5.353167 5.732654 6.528445 6.260913 6.856047 7.485023 7.86946 8.116414 8.761019 9.11516 9.31942 9.686246 10.28592 10.25808 10.63164 10.85439 
  8.821507 8.567822 5.790667 6.736002 6.390209 6.150743 5.303072 5.652015 5.834805 7.200078 7.184765 7.368813 8.074881 8.277397 8.073858 8.393029 8.593834 8.627038 9.258609 10.10144 10.29132 10.75895 10.6699 
  13.51333 14.48689 14.63192 14.34452 13.12423 11.35826 10.42533 8.843647 7.414782 7.905238 8.29339 9.399088 10.01273 8.700412 8.655455 9.030356 9.533156 8.892451 9.462013 10.02583 9.738124 10.10864 10.57287 
  14.22422 15.78423 16.65831 16.21568 15.10122 13.03193 12.69276 10.34659 8.1668 10.12867 9.538975 10.94174 11.54614 10.15966 9.539678 9.81637 11.10851 10.24421 9.859681 10.96847 10.44896 10.27736 11.09053 
  14.85277 16.44543 17.12881 17.65503 16.6828 14.37086 13.16535 11.53861 9.873337 11.30102 11.21572 12.33976 12.5291 11.47993 11.51218 11.11018 12.42131 11.0378 10.90029 13.49803 12.88727 11.86652 11.74031 
  15.35955 16.85232 17.24643 17.5111 18.00079 15.70979 14.11055 12.77471 10.96204 12.31167 12.26968 13.54495 13.88947 13.3943 13.80795 12.74931 13.60871 12.14317 11.76747 14.65686 14.36152 13.39662 13.37456 
  15.91702 17.15749 17.83455 17.79897 19.18698 17.55083 15.05575 13.83422 12.05074 13.0929 13.0841 14.35373 14.62546 14.93567 15.2735 14.06062 14.75646 13.07744 11.99872 14.86136 14.82707 14.05346 14.23975 
  16.37312 17.36094 18.12861 18.08684 19.84598 19.2245 16.94614 15.07032 13.35718 14.17708 13.85061 14.86772 15.11612 16.05667 16.33935 15.0441 15.17382 12.76672 12.09507 15.47485 15.52539 14.92925 15.29721 
  16.77855 17.56439 18.42266 18.1588 19.97778 21.06554 19.6242 16.65959 14.66362 14.79661 14.89944 15.63869 15.60678 17.17766 17.67167 16.35541 15.59118 13.91726 13.21796 16.15652 16.22372 15.87803 15.97013 
  17.03194 17.71697 18.71672 18.08684 19.84598 21.56764 20.5694 18.07227 15.97006 15.10638 15.52565 16.06701 15.97477 18.01841 18.2046 17.33889 16.00854 14.33717 13.38809 16.42919 16.76686 16.46189 16.06626 
  17.23466 17.92042 19.01078 17.87093 19.97778 21.06554 21.35706 19.66154 17.2765 15.72591 16.04749 16.581 16.09744 18.43879 18.87076 17.83063 16.21722 14.08522 13.59226 16.70185 16.99964 16.68083 15.39334 
  17.38669 18.073 19.30484 17.727 19.84598 21.06554 21.67213 20.72105 17.92972 16.50033 16.67371 17.00931 16.46543 18.85916 19.40369 18.32237 16.53024 14.42115 13.59226 16.36102 16.53408 15.80504 15.00881 
  17.43737 18.17473 19.42246 17.727 19.84598 21.06554 21.042 21.78057 19.4539 17.58451 17.40429 17.5233 16.71076 19.41966 19.67015 18.6502 17.05195 15.68088 13.35407 15.33852 16.30131 15.95101 15.00881 
  17.48805 18.22559 19.30484 18.01487 19.71418 21.06554 20.5694 22.31032 21.84904 18.82357 18.13487 17.95162 17.44675 19.55978 19.40369 19.46976 17.46931 15.76486 13.49017 15.47485 16.45649 16.3889 16.1624 
  17.48805 18.17473 19.01078 18.1588 19.45058 20.89817 19.93926 21.78057 22.50226 20.52728 18.96982 18.55126 18.91873 20.40053 20.20308 20.61716 18.1997 16.0168 13.32004 15.88385 16.22372 16.09697 17.41212 
  17.38669 18.17473 18.83435 18.01487 19.45058 20.7308 19.78173 20.72105 22.72 22.07611 19.90914 19.15091 20.26805 21.10115 21.00247 21.27281 19.03442 16.9406 13.21796 15.88385 16.84445 16.53487 17.60438 
  17.28533 18.17473 18.5991 17.65503 19.45058 20.39607 19.46667 20.01471 21.6313 22.23099 20.43098 19.49357 20.63604 21.3814 21.1357 21.1089 19.2431 17.61246 12.29923 14.79319 16.30131 16.24294 17.31598 
  17.18398 18.22559 18.48148 17.36716 19.31878 20.06133 18.679 19.13178 20.5426 21.92122 20.95283 19.66489 21.00404 21.80178 21.40217 20.61716 19.7648 18.11635 12.29923 12.61186 15.60298 15.36715 16.83532 
  16.87991 18.22559 18.24623 16.86339 18.79159 18.88977 17.73381 17.7191 19.23616 21.30169 20.95283 19.4079 20.75871 21.66165 21.00247 19.63368 20.07783 18.28431 12.46937 12.74819 14.5167 15.00224 16.93145 
  16.47448 18.53076 18.24623 16.21568 16.28741 16.37926 16.31601 15.42349 17.05876 19.4431 19.38729 18.29427 18.79607 20.12028 19.27046 17.33889 19.03442 16.85662 12.5034 12.74819 13.5856 14.41838 15.39334 
  16.11973 18.98852 18.65791 16.14371 15.49661 14.20349 15.05575 13.83422 13.57492 18.35892 18.34361 17.86595 17.32409 17.73816 17.67167 16.02758 18.51272 16.68866 12.26521 12.81636 13.97356 13.76153 13.95135 
  15.76498 18.83593 18.18742 15.78387 14.70582 13.03193 14.58315 14.01081 12.26848 17.42962 17.82176 17.26631 16.83343 16.47704 16.47259 15.20801 17.99101 16.35273 12.29923 12.81636 14.05115 13.4696 12.12484 
  15.51159 18.37818 17.5993 15.496 13.78323 12.36246 14.42562 13.65763 11.17978 16.96497 17.19555 16.75232 16.09744 15.49617 14.74057 14.22453 16.84327 14.92504 12.09507 12.03841 12.88727 12.6668 11.74031 
  15.30887 17.61525 17.24643 14.77633 12.99243 11.69299 12.85029 12.95129 10.7443 15.88079 16.3606 15.89568 15.11612 14.65542 14.07441 12.25757 14.96514 13.49735 10.70759 11.18984 12.34413 12.2289 11.54805 
  15.0048 17.00491 17.12881 14.12862 12.72884 11.19089 12.37769 12.77471 10.30882 15.26126 15.94312 15.81002 15.11612 14.51529 14.07441 10.94626 13.50437 12.71003 11.05446 11.07915 12.49931 12.2289 11.01673 
  14.70073 16.85232 16.71713 13.76878 12.59704 11.02352 12.22016 11.89178 9.655597 14.48685 15.63002 15.29604 14.62546 14.37517 14.20764 12.09366 15.69552 15.26097 12.36729 11.20828 11.76741 11.30637 10.79535 
  14.34598 16.44543 16.18782 13.62484 11.67445 11.02352 12.06262 11.71519 9.655597 13.24779 14.79507 14.52506 14.01214 13.3943 13.27502 10.45501 14.96514 13.74929 12.33326 11.33742 11.36614 11.66282 11.06839 
  14.01095 15.62206 15.21081 13.17312 10.45501 10.59783 11.14655 10.97573 8.960598 12.47337 14.37759 14.26807 13.19751 12.93918 12.87252 10.062 13.81739 13.07744 12.94574 11.81705 11.73875 11.67555 10.99459 
  14.22422 15.78423 15.42789 12.83432 10.81632 10.24308 10.82601 11.11553 8.87704 12.62825 14.6907 14.26807 13.19751 12.97392 13.14179 9.521615 13.27463 12.93677 13.42212 12.54369 12.09702 11.91744 10.78797 
  14.44734 16.24198 15.71733 13.06018 10.99698 10.38498 11.74756 11.53861 9.002377 12.62825 15.21254 14.4394 13.27615 12.97392 13.00855 10.22575 13.71305 13.58133 14.23877 13.49803 12.34413 12.08294 10.79535 
  14.2953 15.62206 14.92136 12.89079 10.04853 10.66877 11.54722 11.18544 8.145911 12.35209 14.89944 15.3817 13.39881 12.41802 13.00855 9.194109 12.84797 12.99346 13.69434 13.42986 11.99671 12.01928 11.24549 
  14.08204 15.21664 15.06609 12.94725 9.642046 10.10118 10.82601 10.73106 8.501031 12.14996 14.6907 14.4394 12.25387 12.31379 12.66847 9.668992 12.68387 12.2282 12.97977 12.74819 11.95371 12.08294 11.45212 
  13.65551 14.97339 14.92136 12.60846 9.77754 9.817381 10.7058 10.76601 8.292137 12.06911 13.99434 13.73779 11.82137 11.89686 12.09032 9.275986 12.35567 12.2282 12.43534 12.35202 11.89639 12.00655 11.00197 
  13.15789 14.73014 14.4872 11.705 9.280731 10.10118 10.3452 9.927162 7.749012 11.22017 13.13201 13.44854 12.9616 11.75788 12.19235 9.439738 12.35567 11.77472 10.93884 12.24134 12.11135 11.57371 10.89866 
  12.94463 13.67606 13.25708 11.19681 9.687211 10.31403 10.14486 9.193168 7.101441 11.4223 13.0841 13.06288 12.45046 11.54942 10.76399 9.325111 10.51775 10.75438 11.13154 12.01997 11.75308 11.65009 10.86914 
  12.94463 14.24364 14.05304 11.76147 8.377443 10.13665 10.98628 10.03202 7.289446 12.93802 14.37759 13.59316 12.33251 12.10532 11.78424 9.210485 11.73209 11.40626 11.28571 12.40736 12.08269 12.15592 11.50377 
  9.887831 10.35165 10.00087 8.599378 7.880634 8.540289 9.022968 9.577641 7.14322 11.01804 12.94038 12.24335 10.99569 10.40287 10.21985 9.341487 11.14133 10.89609 10.97738 12.35202 11.4378 10.96264 11.06839 
  9.603477 10.67599 10.79683 10.23689 8.738758 8.504814 9.864386 10.34659 7.456561 10.08824 12.60503 13.30392 12.05728 10.61133 10.96804 9.325111 11.07569 10.52763 11.11227 11.42965 11.2085 10.83533 10.58052 
  10.17218 10.5949 10.07323 8.881707 8.422607 9.462633 10.7058 9.193168 7.017883 11.01804 13.51526 12.91825 11.62478 11.02826 10.86601 9.505239 10.22238 10.55598 10.41853 10.87623 10.57794 10.46614 10.51163 
  11.3096 10.51382 10.07323 8.486445 8.603265 9.604532 9.183238 8.459173 6.474759 10.85633 12.70084 12.5808 11.58546 10.57659 10.72998 9.161359 10.0911 10.13083 10.03312 11.22673 11.29449 10.88625 10.28199 
  10.52763 10.43274 10.94156 10.01103 7.83547 8.895037 8.622293 8.039748 6.349422 10.61378 12.65294 12.87005 11.19228 10.64607 11.13808 8.694112 10.35365 10.641 10.64978 11.02381 10.62093 10.79714 10.89128 
  10.74089 10.1084 11.44808 10.63215 8.151621 9.072411 9.383575 7.760131 6.412091 9.198869 12.03014 12.48438 10.7991 10.33338 10.96804 9.161359 10.22238 10.641 10.16801 11.33742 11.29449 10.63164 10.59583 
  11.45177 10.43274 10.94156 11.02741 8.738758 9.178835 9.223306 7.830035 6.558317 9.68398 11.40735 11.47202 10.56319 9.916451 10.08382 9.603491 9.992636 10.01746 10.78467 11.1345 10.86456 10.55526 10.71418 
  10.6698 10.27057 11.66516 9.615764 7.203168 8.575764 9.14317 8.843647 6.704542 10.04781 11.64689 11.13457 10.32728 9.777475 10.76399 9.292361 10.4193 9.932435 10.28364 11.28207 10.70692 10.80987 10.58818 
  9.887831 9.78407 11.66516 9.898093 8.332278 9.285259 9.423643 8.56403 6.226382 10.41165 11.59898 11.52023 10.83842 9.707987 11.03606 8.816774 10.45212 9.904092 9.975306 10.37815 10.8359 11.1536 10.97984 
  10.6698 9.946237 9.566711 8.373514 7.383826 8.717663 8.542158 7.41061 6.725432 9.805258 11.6948 11.80947 10.99569 9.707987 10.32188 10.01287 10.32084 10.10249 10.86175 11.17139 11.23716 10.94991 10.90604 
  8.608242 9.054321 9.349631 7.921786 6.887017 7.121299 8.141483 7.340706 5.868855 10.45207 11.88642 11.9541 11.07432 9.777475 10.04981 9.554365 9.959816 9.960777 10.66905 10.3966 10.53495 10.66983 10.61087 
  10.31436 10.02732 8.91547 7.695923 7.338661 8.469339 7.901078 7.165946 6.090181 9.400998 11.93433 11.56844 10.56319 8.978363 9.50567 9.439738 10.18956 9.450607 10.22582 10.50729 10.63526 10.69529 10.86176 
  10.59871 9.135405 9.277271 8.881707 6.70636 7.972693 7.460335 6.711568 5.988031 9.522276 11.45526 10.74891 9.698186 8.804644 9.573687 9.325111 10.18956 9.904092 10.36072 10.28592 9.993376 10.60618 11.1348 
  10.52763 8.324574 9.421991 8.712309 6.70636 8.185541 7.620605 7.89994 6.495648 9.441424 11.93433 11.18277 9.422958 8.735155 9.471661 9.325111 10.51775 9.762378 10.66905 10.17523 10.99354 10.72075 11.00197 
  10.1011 9.540821 8.91547 8.034719 7.158004 8.788612 8.462023 8.109653 7.101441 9.724406 11.64689 10.31503 9.61955 9.047852 9.471661 9.275986 10.51775 10.30089 10.05239 10.61797 10.80723 10.73349 11.14218 
  9.10586 9.946237 9.349631 8.14765 6.254715 7.866269 7.500402 7.165946 7.14322 9.198869 10.88037 10.41145 9.934095 10.33338 10.32188 8.899354 10.0911 10.24421 10.55342 10.63642 10.69259 10.97537 10.84701 
  10.38545 9.135405 9.711432 8.260582 6.164387 6.482753 6.105417 6.385551 6.124232 9.441424 11.16782 10.26683 10.28796 9.221571 9.403644 9.161359 9.861356 9.904092 10.09093 10.50729 10.73558 11.48459 11.06101 
  9.532389 8.648906 7.468267 7.639457 6.254715 6.589178 6.658985 6.276879 5.85183 8.592479 10.44921 10.74891 9.776822 9.951195 9.539678 9.341487 9.992636 10.04581 9.840411 10.65486 10.72125 11.11541 11.06839 
  9.816742 8.567822 6.1034 6.397207 6.435373 6.9794 7.099728 6.956233 5.596453 8.592479 10.25758 10.31503 9.894777 9.256315 8.499416 9.374237 9.631617 9.227102 9.917494 10.3966 10.63526 10.87352 11.40784 
  8.110624 7.432658 7.902428 7.357127 6.661195 6.9794 6.939457 7.061089 5.681579 7.101309 8.724554 9.543711 9.029776 9.291059 9.675713 10.14388 9.861356 9.284801 9.859681 10.41505 10.0501 10.60618 11.07577 
  10.6698 8.892155 8.553669 7.357127 6.209551 6.003182 6.041229 6.521392 7.184999 7.703108 8.341297 9.302672 8.636594 8.413376 8.825498 9.488864 9.336237 9.535636 9.57296 10.10144 10.69259 10.45341 10.50398 
  10.03001 7.919157 7.323546 6.397207 6.209551 6.695602 6.458448 6.304048 6.277458 6.982785 8.437112 9.061634 8.400684 9.534267 8.859507 9.030356 9.533156 9.422264 9.666975 10.45194 10.34864 10.92445 10.8839 
  8.466065 8.405657 8.119509 6.62307 5.578965 6.872976 7.340133 7.445562 6.277458 7.081555 8.341297 8.531348 9.029776 10.02068 9.641704 8.94848 9.434697 9.238642 9.619188 10.19368 10.4203 10.31404 10.81011 
  8.181712 8.486739 8.119509 6.155391 5.444208 6.553703 5.944948 6.005199 6.260433 7.905238 9.011997 9.881166 9.029776 8.978363 8.689464 9.144983 9.401877 9.250181 9.686246 9.752092 9.983922 10.09397 10.74369 ]
