 [
  4.19314 4.997171 6.594121 6.485082 6.159347 5.593159 5.893924 7.28472 6.97607 6.298729 6.824318 7.803276 8.219999 8.456985 8.178995 8.406428 8.849292 8.962308 9.611212 9.932267 10.1213 10.64461 10.53305 
  2.816487 3.280262 5.758807 6.902883 4.858044 5.219159 5.079858 7.118937 7.229909 7.194765 7.53948 8.105057 8.08572 8.616316 7.875799 8.406428 8.943472 8.927871 9.237669 9.248238 9.667156 9.921328 10.56082 
  4.432557 5.235631 7.208458 6.368165 5.567736 5.334236 5.351213 6.704479 7.229909 6.913154 6.943511 7.778128 8.169644 8.456985 8.360912 8.611429 8.943472 9.065617 9.569707 10.1673 10.22228 10.37329 10.65859 
  5.150811 5.617166 6.594121 6.329193 5.886268 6.127275 6.633861 6.870262 6.891458 6.017118 6.800479 7.551792 7.750023 8.297654 8.199208 8.496117 8.378391 8.686816 9.185788 9.998039 10.08724 10.06712 10.27615 
  5.390228 6.141777 7.642698 5.393864 4.694268 5.16162 5.816394 5.875651 5.959797 5.965916 6.96735 6.621301 7.56539 7.205242 7.875799 8.842054 9.069045 9.065617 9.331055 9.840186 10.48512 10.51624 10.35947 
  5.210665 6.189469 7.787445 6.693983 5.131002 5.56439 5.855159 6.787371 6.637619 6.759547 6.728963 7.27516 8.621216 8.280585 7.956651 8.534554 8.551055 9.568027 9.445192 9.19562 9.962351 10.0817 10.18589 
  4.851539 5.331015 6.594121 4.965171 4.42131 4.183466 5.661333 5.756308 5.634442 5.5563 6.03764 7.853573 7.716453 7.546621 7.896012 8.86768 9.351585 9.999752 10.02194 9.840186 9.860168 10.05983 10.48444 
  3.594595 3.757181 5.433963 5.822556 4.721564 5.363005 5.855159 5.219265 6.447829 6.682745 7.086544 7.250011 7.582174 7.819724 8.199208 9.381597 9.442677 9.255017 10.02194 10.2971 10.17807 10.38787 10.21366 
  5.090956 4.424868 5.805213 5.237975 4.830748 5.621928 6.048984 6.538696 6.891458 7.28601 6.633608 8.742843 9.343405 10.28929 9.44207 9.713767 10.63664 9.675958 9.939133 10.06995 10.17807 10.54833 10.62331 
  4.851539 4.520252 6.918965 7.251051 6.887557 6.742739 7.149642 6.174008 7.314522 7.924728 7.563319 9.699522 11.02851 11.80294 10.32341 10.51098 11.29331 10.43148 10.60163 10.26465 10.58368 10.51624 10.59553 
  3.235468 4.2341 6.22287 6.173305 5.513144 5.16162 5.234918 5.696637 5.580216 6.145123 6.252188 7.451199 8.08572 8.616316 7.815159 8.829242 9.382978 9.151708 9.113154 9.656024 10.1213 10.48415 10.60942 
  3.774158 3.566413 4.413023 4.536478 5.131002 5.132851 5.273683 5.338608 5.14641 6.708345 6.895834 6.94823 7.699668 8.178171 7.633242 8.598617 9.382978 8.738471 9.517826 9.748105 10.15536 10.04525 10.17895 
  4.19314 3.566413 5.665994 4.809282 5.886268 6.024697 5.893924 6.074556 6.447829 6.785149 7.038867 7.048824 7.380756 8.263516 7.75452 8.162991 9.273102 9.32389 9.341431 9.840186 10.3537 10.54833 10.90556 
  7.658539 7.321908 8.076938 8.156288 6.523452 7.665935 7.665422 8.445201 8.75294 9.65839 8.641284 8.583396 8.203215 7.939207 9.0014 9.846635 11.05452 11.15102 9.434816 10.42691 10.45226 10.51624 10.5261 
  7.279276 6.332545 7.063712 6.693983 5.21289 6.024697 5.971454 6.094446 6.583393 8.289709 7.81208 8.105057 8.136075 7.461276 8.300274 8.842054 10.27845 10.57539 9.600836 9.840186 10.41941 10.23479 10.23449 
  4.372703 4.47256 5.34115 5.939473 4.612381 5.93839 6.204044 6.034775 6.122474 6.375532 6.919673 7.652386 7.313616 8.024551 8.686636 8.739554 8.817898 9.186144 9.663093 9.998039 10.15536 10.19834 10.47056 
  5.509937 6.141777 6.73334 8.434822 7.524742 7.563357 8.353129 7.533394 6.068248 7.28601 8.724204 10.17786 10.30632 9.572302 8.938447 9.315163 9.741166 9.496072 10.13236 10.58916 9.905582 10.366 10.62331 
  5.689501 6.713069 8.149311 7.599219 6.887557 8.281399 8.696983 7.782069 6.312264 9.65839 10.05093 10.89537 11.26924 9.731633 9.253212 9.979503 10.27845 10.3955 10.76725 11.46531 11.10935 10.99761 10.76443 
  6.168336 7.169698 8.076938 7.599219 6.432425 9.40975 8.954874 8.279418 7.56836 9.384654 9.636329 10.81565 10.86803 9.97063 9.253212 10.04594 10.93513 11.04309 11.0709 12.08187 11.4379 10.61252 10.72915 
  8.227433 10.51831 10.97187 8.78299 7.524742 8.794286 8.439093 7.699177 9.176004 11.02707 10.96305 12.09122 11.91119 11.24528 10.44932 10.97601 11.47241 11.69068 11.761 12.17922 12.095 11.7999 11.78759 
  6.963224 10.59442 12.70883 10.4542 7.06961 7.973667 8.353129 7.367611 8.668327 10.38835 10.63137 11.85205 12.47289 11.48427 11.77133 11.90609 11.8306 12.15838 12.17506 12.40637 12.35783 12.44173 12.95188 
  5.569792 9.757263 13.28781 11.9165 7.06961 9.204596 9.298727 8.445201 9.599069 10.93583 11.29474 11.93177 12.15192 11.8826 11.83428 12.23826 12.90516 13.30965 13.1412 13.47723 13.47489 13.40448 12.95188 
  3.834013 8.235167 11.47848 10.73273 7.433715 8.589131 9.298727 8.196527 10.10675 10.66209 10.96305 12.80873 13.35557 12.59959 12.58971 13.1019 13.56184 13.45356 13.75285 13.63948 13.67202 13.37239 14.01032 
  7.279276 8.235167 10.8995 9.54896 7.615768 8.076244 9.212764 9.191224 10.02213 11.20956 11.21182 12.41011 13.27533 12.20126 12.08609 12.37113 12.90516 12.55413 12.42349 12.73087 13.57346 12.85892 13.05772 
  13.34748 14.47576 14.6629 15.64902 16.26327 15.9747 15.40213 15.73965 16.3681 15.4981 14.36279 14.56264 14.88019 13.39625 13.4081 13.23477 13.56184 12.59011 12.39589 12.99047 13.08064 13.37239 13.83392 
  16.1278 17.0756 17.47121 17.65573 19.31285 19.1546 18.29927 18.61278 19.84381 18.87418 16.76748 17.03406 17.92944 16.34387 15.86326 16.35717 16.54673 14.82526 12.03704 14.88394 16.07087 15.13567 14.9982 
  16.33047 17.23495 18.14935 17.51239 19.77338 20.55303 18.70874 19.42765 21.07568 19.99938 17.59669 17.91102 19.49643 17.37952 16.88204 17.80615 17.02432 15.05566 12.92037 14.78496 16.39318 15.8291 15.77541 
  16.33047 17.28048 18.04762 17.44073 19.69662 21.38453 19.52767 19.87213 21.60362 20.78703 18.01129 18.07047 19.84308 18.33551 17.71699 19.46808 18.7361 15.3848 13.47463 15.87365 17.10228 16.3625 15.57302 
  16.38837 17.34877 18.11544 17.33322 19.50473 21.53572 20.48309 20.46477 22.04358 21.4059 18.17713 18.30964 20.05107 19.29556 18.21797 20.04336 19.65783 15.18731 13.03078 16.418 17.61799 17.05593 16.12237 
  16.50418 17.43983 18.25107 17.22572 19.31285 21.27115 20.82431 20.83517 22.39554 21.6872 18.40308 18.41514 20.46705 19.948 18.51855 20.74649 20.64539 15.35188 13.28915 16.66543 18.19816 17.85603 16.6428 
  16.56208 17.48536 18.28497 17.18989 19.19771 21.04437 21.02904 21.20557 22.57152 21.6872 18.53866 18.35184 20.67504 20.24456 18.58535 21.38569 21.1721 15.25314 13.59055 17.01183 18.26262 17.58933 16.67171 
  16.56208 17.48536 18.31888 17.15405 19.08258 20.93099 21.30202 21.50188 22.65951 21.46216 18.99057 18.47845 20.36305 20.03697 18.58535 21.51353 20.97458 15.54937 13.93833 16.96235 18.19816 17.48265 16.38258 
  16.53313 17.50812 18.25107 17.15405 19.0442 20.8554 21.43851 21.65004 22.65951 21.46216 19.39729 18.62616 19.87774 20.06662 18.61875 21.44961 20.84291 15.41771 14.30929 17.30875 18.45601 17.58933 15.48628 
  16.47523 17.46259 18.14935 17.04655 18.96745 20.74201 21.50675 21.50188 22.7475 21.9685 19.71363 18.79497 19.84308 20.2149 18.68554 21.32177 20.71123 14.85817 13.72966 16.7644 17.81138 16.73588 14.25729 
  16.47523 17.48536 18.11544 17.01072 18.92907 20.70422 21.43851 21.50188 22.92348 22.08102 19.93959 18.85827 19.87774 20.33353 18.78574 21.06609 20.44788 14.52903 13.31233 16.31903 17.55352 16.8959 15.16824 
  16.44628 17.48536 18.04762 16.93905 18.96745 20.74201 21.37026 21.50188 23.01147 22.30606 20.30112 18.97433 19.94707 20.36319 18.78574 21.00217 20.38204 15.25314 13.91514 16.51697 18.00477 17.37597 16.35367 
  16.38837 17.48536 17.9459 16.86738 18.92907 20.66642 21.16553 21.35373 22.92348 22.41858 20.34631 18.90047 19.77375 20.30387 18.71894 20.81041 20.18453 14.98983 13.77603 16.46749 17.74691 16.78922 15.77541 
  16.30152 17.48536 17.87809 16.75988 18.89069 20.66642 20.9608 21.20557 22.83549 22.41858 20.07516 18.74221 19.66975 20.30387 18.65214 20.81041 20.18453 14.6936 13.11359 15.92314 17.48906 16.84256 15.94889 
  16.15676 17.46259 17.74246 16.68821 18.77556 20.62862 20.75607 20.98333 22.7475 22.36232 19.66844 18.64726 19.80841 20.36319 18.68554 20.87433 20.31621 14.85817 13.19641 15.87365 17.03782 16.30916 15.83324 
  15.98304 17.41706 17.53902 16.61654 18.46854 20.62862 20.55133 20.90925 22.65951 22.36232 19.39729 18.63671 19.49643 20.30387 18.65214 21.00217 20.51372 14.52903 12.56151 15.7252 16.7155 16.0958 15.31281 
  15.83828 17.37153 17.40339 16.61654 18.16152 20.55303 20.48309 20.83517 22.39554 22.2498 19.62325 18.58395 19.4271 20.15559 18.51855 20.81041 20.31621 14.46321 12.00943 15.08188 16.13533 15.61574 15.60193 
  15.66457 17.32601 17.4373 16.79571 18.04638 20.32626 20.48309 20.68701 22.21956 22.36232 19.3521 18.5523 19.25377 19.88869 18.35156 20.74649 20.31621 14.19989 12.11985 14.98291 16.07087 16.0958 16.35367 
  15.51981 17.23495 17.64074 17.04655 18.12314 20.09949 20.21011 20.61293 22.30755 22.41858 19.57806 18.5734 19.39243 19.77006 17.95078 19.72376 19.13113 12.91391 10.68444 13.73683 16.13533 16.6292 16.96084 
  15.3461 17.09836 17.87809 17.22572 18.08476 20.0239 20.07362 20.53885 21.77961 22.2498 19.26172 18.40459 19.3231 19.68109 17.14922 18.50928 17.88021 12.08643 10.90527 14.2901 16.45765 16.57586 16.2091 
  15.14344 16.98454 17.9459 17.15405 17.93125 20.21287 20.00538 20.24253 21.33965 22.02476 19.57806 18.39404 19.2191 19.44384 16.84864 16.62291 15.65127 12.87793 11.92662 14.33959 16.39318 16.0958 14.22201 
  14.99868 16.87072 17.70856 16.75988 17.58585 20.40185 19.93713 20.09437 20.8997 22.02476 19.8944 18.43624 19.53109 19.7404 17.28282 17.67831 16.90492 13.20172 11.95423 14.98291 16.52211 16.25582 15.16824 
  14.91182 16.77966 17.30167 16.22236 17.43234 20.0239 19.39118 19.57581 20.45975 21.79972 20.43669 18.77386 19.91241 20.30387 18.08437 19.59592 19.19696 13.77736 11.73339 14.68599 16.84443 16.84256 16.38258 
  14.91182 16.6886 16.99651 15.72069 17.35559 19.41917 18.84523 19.27949 19.9318 21.57468 20.43669 18.77386 19.73908 20.2149 18.15117 19.65984 19.39448 14.52903 11.67819 13.93153 16.26426 15.98912 15.13933 
  14.82497 16.52925 16.65744 15.39818 17.35559 19.19239 18.70874 18.83502 19.31587 21.18085 20.75303 18.77386 19.77375 20.2149 18.21797 19.78768 19.59199 15.58228 12.06464 12.17922 14.2634 14.49559 14.53955 
  14.79601 16.39267 16.38618 15.32855 17.39396 19.19239 18.504 18.1683 18.69993 20.78703 21.02418 18.86882 19.73908 20.2149 18.11777 19.65984 19.59199 16.17473 13.28915 13.05538 14.97499 15.08233 15.37063 
  14.76706 16.25608 16.18274 15.43401 17.35559 19.1546 18.09454 17.4275 18.17199 20.05564 20.9338 18.77386 19.46176 20.06662 17.6502 18.76496 18.67026 15.81268 14.19336 14.19113 15.4907 15.2957 15.9778 
  14.73811 16.07397 16.18274 16.00736 17.43234 19.19239 17.20736 16.98302 17.46806 19.21174 20.48189 18.94267 19.25377 19.77006 17.5166 18.63712 18.53859 16.07599 14.47159 13.25008 14.39482 14.54893 15.68867 
  14.48527 15.54123 16.18274 15.25891 17.26456 18.12883 16.43369 16.07122 16.53732 18.14421 19.93959 18.73166 18.17017 18.70243 16.61869 17.74223 17.55102 15.18731 13.84559 13.60703 14.36197 14.49559 14.36314 
  13.85316 15.0085 15.38664 14.77148 16.3543 17.41078 15.31617 15.07652 15.52197 17.04927 19.48768 18.43624 17.92944 18.49484 16.49279 17.22081 17.02432 15.28606 14.65707 13.63948 14.32911 14.36722 15.03348 
  14.106 15.46513 16.038 15.11965 16.99148 17.71852 15.74599 14.99363 15.60658 16.77553 19.44249 18.63671 18.49114 19.02865 16.68165 17.48655 17.41935 15.45063 14.14699 12.99047 13.86915 14.27095 15.48628 
  14.16922 15.54123 15.45901 14.91074 15.89916 16.59016 15.05828 14.24761 14.84507 15.86308 17.92837 17.8313 17.68871 18.01684 16.05212 16.62291 16.30794 14.0292 12.69953 12.89312 12.88351 14.01422 15.65976 
  13.15785 14.17134 14.9524 13.72697 16.08122 15.9747 13.94075 13.08712 13.82971 14.95062 17.76253 17.35295 16.80603 17.14052 14.6042 15.69283 15.53187 13.66943 12.78235 12.43882 12.65353 13.11565 14.18673 
  14.16922 15.54123 15.53138 14.91074 15.99019 16.38501 14.62846 13.91604 14.50661 15.77183 17.92837 17.67185 17.92944 17.85751 15.17078 16.42361 16.12885 14.66069 14.10062 14.19113 14.09913 14.33513 15.68867 
  11.83043 12.80146 14.37341 13.37881 14.80685 13.92315 11.96359 10.93195 11.46055 12.66949 15.77244 15.04098 15.60238 15.70654 12.3379 14.29772 13.97972 12.84195 12.58912 12.08187 11.93072 12.69847 14.36314 
  14.106 15.46513 15.02477 14.14478 14.53377 15.15408 13.42497 12.25821 13.49126 15.04187 16.76748 15.83821 16.32457 15.70654 13.53401 15.02849 14.81549 13.34563 13.11359 13.50968 12.8178 14.01422 16.06454 
  13.78995 14.85629 14.15629 13.72697 13.53248 14.43604 12.73726 12.17532 12.89897 14.40315 15.85536 14.80181 15.36165 14.51156 12.46381 14.29772 13.86033 12.87793 12.58912 14.93342 14.36197 13.17984 14.92764 
  14.16922 15.16071 14.6629 13.03064 13.53248 14.74377 13.08112 12.00953 13.0682 14.85938 15.85536 14.80181 15.84311 14.83022 12.27495 14.29772 13.62153 11.6547 11.20892 14.68599 13.93486 12.47382 14.25729 
  13.66353 14.17134 13.14307 11.84687 11.98503 13.61542 12.82323 10.68327 11.799 14.58564 14.77739 13.44652 14.39873 13.39625 10.88999 12.96904 12.30818 11.47482 10.87767 12.53617 12.1607 12.05663 13.69279 
  12.96822 12.72535 11.26136 10.24529 9.982452 11.56387 10.58818 9.439898 10.19136 11.30081 12.28978 11.77233 13.43581 12.83859 11.07884 11.77322 12.12909 11.36689 11.59537 12.47127 12.095 11.86409 12.74019 
  11.83043 10.89884 10.17576 8.086654 8.79911 9.717482 9.642581 9.274116 10.61442 12.30451 12.04102 11.53316 12.79387 12.91825 11.77133 12.504 12.96486 12.30229 12.56151 12.34147 13.08064 12.82683 13.19885 
  10.88227 10.74663 10.24814 9.409692 8.708084 9.40975 10.33029 9.771464 9.852907 11.30081 12.04102 11.85205 13.0346 13.55558 13.34515 13.43407 13.97972 13.12977 13.26596 12.60107 13.67202 13.59703 13.8692 
  8.669907 9.909472 10.82712 8.01702 8.708084 10.02521 10.33029 10.35171 9.683681 13.21696 14.03111 13.0479 14.23825 14.4319 14.22649 13.43407 14.21851 13.12977 13.75285 13.83418 14.00057 14.0784 14.22201 
  7.974591 8.844005 11.84035 10.10603 8.435005 9.614904 9.814508 10.26881 10.78365 12.94322 13.78235 13.28707 14.39873 14.59123 14.22649 13.69981 14.21851 13.81334 13.8224 14.15868 14.39482 14.30304 14.57483 
  7.089645 7.930747 11.55085 10.6631 9.254242 10.12779 9.900471 10.02014 10.69904 12.57824 13.61651 13.44652 15.04068 14.75056 14.16353 13.63338 14.33791 13.81334 14.30929 14.38908 14.36197 14.01422 14.53955 
  8.227433 8.082956 11.11662 10.6631 9.527321 10.43552 9.556618 9.937247 10.27597 12.76073 13.28483 13.36679 14.07776 13.87424 13.91172 13.96555 14.21851 13.77736 14.2861 14.24062 13.96771 14.01422 14.36314 
  7.911381 9.072319 11.76797 10.59346 9.254242 10.12779 9.212764 10.51749 11.1221 11.93953 13.28483 12.80873 13.91727 13.87424 13.34515 13.1019 13.62153 14.10115 14.51795 13.76928 14.06628 14.04631 14.53955 
  8.669907 8.691795 11.26136 9.618593 8.79911 9.204596 9.986435 9.605681 11.1221 11.75703 12.62146 11.21426 13.75679 14.35223 13.53401 13.03547 13.56184 13.59747 13.59055 13.37988 13.37633 13.50075 14.25729 
  8.606696 8.311271 10.10339 9.200791 9.163216 8.589131 9.298727 9.191224 10.78365 12.12202 12.95314 11.61288 13.51606 14.11324 13.47105 13.43407 13.44244 12.30229 13.66011 14.2901 13.70488 13.66121 13.90448 
  8.733117 8.539585 8.221684 7.877753 9.163216 9.40975 9.814508 10.02014 10.61442 12.03077 12.87022 11.77233 13.5963 13.87424 12.84152 13.56694 13.32304 12.91391 13.45144 13.47723 13.01493 13.05147 13.16357 
  9.744484 8.61569 8.149311 7.80812 8.343979 10.94841 11.018 9.854356 10.78365 11.75703 12.04102 11.53316 13.43581 13.79457 12.08609 13.16834 13.26335 12.94988 12.80995 12.89312 12.62067 12.31337 12.3521 
  8.859538 7.017488 6.918965 7.459952 8.708084 10.84583 10.15836 9.025441 9.514456 11.4833 11.29474 10.97509 12.55314 13.07758 11.83428 13.36764 13.20365 12.48218 12.36829 12.04942 11.96358 12.15291 12.21097 
  10.37659 8.159061 9.669149 8.78299 9.709373 10.74326 9.986435 9.854356 9.429843 12.03077 11.5435 11.05482 12.07168 12.51993 11.51951 12.57043 11.94999 11.76264 11.87141 11.59511 11.40505 11.70363 11.964 
  9.491642 6.332545 9.379656 9.409692 10.52861 11.35872 9.728544 9.439898 10.27597 11.84828 11.37766 12.09122 12.39265 11.16561 10.57522 11.64035 11.47241 11.43884 11.15371 10.97856 10.97794 10.93343 11.08196 
  7.72175 7.550222 8.58355 7.668853 7.797821 9.307173 9.040837 9.439898 9.34523 10.57084 10.71429 10.97509 9.905108 9.492637 9.567976 9.713767 9.800864 10.50343 10.29799 11.10836 10.78081 10.14731 10.87028 
  6.467608 6.560859 8.511177 8.295555 7.979873 10.12779 9.556618 9.605681 10.36058 10.93583 10.46553 10.33731 10.46681 9.651968 8.749589 10.31167 9.62177 10.07171 10.24278 10.84876 10.28799 10.13273 10.72915 
  6.048627 6.636964 8.58355 9.270425 8.79911 10.12779 8.954874 7.947852 9.768294 10.66209 10.13385 9.540075 9.423649 8.934978 8.749589 9.913069 9.116135 9.461636 9.773509 10.49181 10.3537 10.28582 10.51222 
  6.963224 6.094085 7.425578 7.80812 7.433715 9.614904 9.212764 7.367611 8.75294 10.02337 9.636329 9.619799 8.46073 8.377319 8.812542 9.846635 9.442677 8.996744 9.414064 10.49181 10.38655 10.35143 10.32475 
  6.288045 7.626328 7.787445 7.251051 6.523452 7.46078 8.009275 7.450503 8.076037 9.4759 9.802169 9.141459 9.343405 7.990413 8.875494 9.381597 9.62177 9.272235 9.517826 10.06995 10.41941 10.51624 10.79971 
  7.152855 7.093593 7.063712 7.04215 6.250373 6.332429 6.461934 6.372913 7.229909 9.110918 9.221726 8.264503 8.46073 8.007483 8.583257 8.624242 8.990561 9.082835 9.497074 10.32955 10.13265 10.58042 10.72915 
  7.78496 6.941383 6.991339 6.095361 5.131002 5.621928 5.428743 5.736418 6.97607 8.563446 8.641284 8.344227 8.300242 8.775647 8.686636 8.982992 9.194618 8.755689 9.216917 9.656024 10.18942 10.51624 10.87028 
  7.974591 6.713069 7.353205 6.368165 5.704215 6.127275 6.290007 6.213789 5.742894 8.015973 8.475443 7.90387 8.169644 8.297654 8.421552 9.11586 9.382978 9.358326 9.37256 9.379782 10.16672 10.29311 10.27615 
  6.647172 5.426398 7.063712 6.485082 5.795241 6.127275 5.351213 5.418169 5.959797 7.015557 7.467964 7.501495 8.018581 7.71731 8.421552 8.380803 9.037652 9.532049 9.258421 9.945421 10.09859 10.58042 10.61636 
  7.84817 4.997171 5.480369 5.471808 5.21289 4.758851 3.994437 5.378388 5.065071 6.529139 7.134222 7.627237 7.649314 7.973344 8.219421 8.265491 9.382978 9.496072 9.600836 9.919112 9.905582 10.24937 10.28309 
  6.836803 4.997171 5.990839 4.57545 4.803452 4.931467 4.963563 5.418169 5.688668 5.991517 6.800479 7.778128 7.615744 7.478345 7.976864 8.419241 8.990561 9.272235 9.559331 9.300855 10.18942 10.11086 10.37335 
  8.922749 6.865279 6.408496 6.017417 5.513144 5.075313 6.461934 5.83587 5.824232 6.759547 8.060841 7.752979 8.380486 8.536651 9.379117 9.580898 9.304495 9.675958 10.02194 9.563943 9.462791 10.00881 10.76443 
  9.112379 8.006851 5.990839 4.536478 4.967227 5.478082 7.149642 5.994994 5.634442 6.913154 7.895 8.344227 8.219999 7.768517 8.360912 8.726742 8.833595 9.711935 10.02194 9.932267 9.950996 10.58042 10.90556 
  7.468908 7.169698 5.526775 3.990869 3.95728 4.499928 5.312448 5.239155 4.902394 6.170724 6.96735 6.545856 7.280046 8.21231 8.138569 8.982992 9.053349 9.427199 9.801113 9.669179 10.16672 9.957777 10.56776 
  8.985958 7.093593 4.645055 5.082087 4.721564 5.53562 5.816394 5.457951 5.905571 6.273129 6.514414 7.224863 7.363971 7.71731 8.057716 8.611429 8.959168 9.117271 9.528202 10.0375 10.17807 10.03796 10.42196 
  8.859538 7.474117 5.480369 4.18573 4.994523 5.247928 5.506273 6.193899 6.610506 6.221926 7.205738 7.300308 7.145768 7.444207 8.875494 8.534554 9.351585 9.604003 9.745905 9.879649 9.950996 10.28582 10.42196 
  7.974591 5.807934 5.062712 5.276947 5.349369 5.305467 4.963563 5.676746 6.230926 6.887552 7.181899 7.199715 7.515035 8.178171 8.421552 8.688304 8.864988 8.996744 9.663093 9.734951 9.962351 10.34414 10.69387 
  8.227433 5.378706 3.94896 4.653394 4.585085 5.247928 4.110732 5.099922 6.55628 6.426734 6.562092 6.495559 7.179338 8.024551 7.330045 8.239865 9.021955 8.755689 9.486697 9.919112 10.38655 10.41997 10.18589 
  7.72175 5.044863 4.645055 4.887227 4.776156 5.104082 3.723082 5.517622 5.607329 6.682745 6.58593 6.94823 7.649314 7.700241 7.956651 8.162991 8.896381 8.394107 8.999017 9.603407 10.00776 10.24937 10.62331 
  6.228191 4.997171 4.088179 4.731339 4.939931 4.931467 4.692207 5.796089 5.471765 6.682745 6.419059 6.545856 7.397541 7.393001 8.623683 8.662679 9.562073 9.32389 9.434816 10.06995 9.882875 10.14002 10.72915 
  5.869064 4.043333 4.923493 4.497506 4.639677 5.075313 4.692207 5.119812 6.1767 6.631542 6.77664 7.27516 7.196122 7.734379 8.360912 8.649866 9.194618 9.604003 9.445192 9.919112 10.06453 10.27853 10.45667 ]
