 [
  5.547629 6.311089 5.162806 5.169334 4.655113 6.766285 6.822365 7.326686 6.909311 6.562369 8.270977 8.661831 8.84713 8.633654 8.627748 9.043468 9.068158 9.315374 9.780184 9.824663 9.924384 10.19831 10.71531 
  4.520823 6.185052 6.200485 5.912478 5.182816 7.326337 7.621347 7.452703 7.111787 6.915959 8.16795 8.17667 7.441459 7.748427 8.742897 8.696953 9.198003 8.816085 9.353607 10.15979 10.11454 10.69197 10.58787 
  4.807666 5.176043 6.10358 6.468534 5.563936 5.907538 7.202832 5.595771 5.725771 6.251317 7.057353 7.907137 7.906279 8.051126 8.512599 8.812458 9.068158 9.190552 9.279078 10.15979 10.1938 10.58358 10.68345 
  5.209247 5.302796 5.725385 4.748386 5.992696 8.371769 8.610563 7.746741 6.706834 5.89879 7.011515 7.172176 7.525776 7.808967 8.262924 8.29762 8.983987 9.137056 9.374901 10.06476 10.16178 10.4481 10.71531 
  4.291348 4.373267 4.801148 5.356422 4.823135 7.214327 7.697441 7.326686 5.836655 6.76318 7.395248 7.468357 7.610093 7.546628 7.680291 8.870211 8.694062 9.047898 9.513309 9.938051 10.12976 10.55649 10.45403 
  3.402133 5.617887 6.620409 4.888702 5.421016 5.907538 7.697441 7.20067 6.504358 6.064685 6.942756 7.285007 7.660683 8.212229 8.328883 8.639905 9.068158 9.101393 10.04226 10.19147 10.38592 10.20527 10.65159 
  3.660292 5.007037 6.652711 5.19272 5.135176 5.255136 5.366688 5.064125 5.559445 6.479422 7.343735 7.200384 7.906279 8.994875 8.800471 9.216725 9.13308 9.625519 10.15458 9.837262 10.12976 10.17743 10.93834 
  4.606875 4.457769 5.363727 5.912478 5.230456 4.459169 5.302967 4.902319 5.581622 6.500158 6.919837 7.228591 8.238344 8.071305 8.152994 8.497286 9.522614 10.40167 10.04226 10.38153 10.57805 11.09841 11.35252 
  4.43477 3.485988 4.198386 4.748386 4.751125 4.459169 5.462269 5.642001 5.614887 6.724985 6.908377 7.907137 7.79559 8.633654 9.030769 9.447736 10.30168 10.04345 10.30434 11.04675 10.44996 11.26099 11.16136 
  3.602923 5.007037 7.008032 6.283182 6.278536 5.982212 6.099476 6.486577 6.220891 6.043948 9.661839 11.14154 9.89867 10.92139 12.31251 11.70008 12.57397 12.1928 10.71618 12.25049 11.34655 11.07132 12.21275 
  4.750298 4.457769 7.363353 6.32952 6.516736 5.870201 5.366688 6.486577 5.925363 6.839569 9.095192 10.87201 8.570409 9.657113 10.758 10.19852 10.75614 10.28227 9.929943 10.53992 10.54603 10.66487 11.19322 
  4.147926 3.274732 4.479675 4.444368 3.935019 4.531529 4.347156 4.740513 5.481826 6.272053 7.652816 9.093084 7.850935 8.754061 9.548939 9.332231 8.899815 9.446405 9.780184 10.34986 10.22582 10.66487 10.93834 
  4.061873 3.401486 4.760964 5.262878 4.5591 4.820972 4.761341 5.36462 6.382873 5.359633 6.633345 7.799324 8.072311 8.212229 8.742897 9.274478 9.717381 9.252963 10.04226 10.31818 10.44996 10.52939 10.55601 
  5.237931 3.021224 3.836728 4.304052 4.535097 4.531529 4.72948 5.526426 6.220891 5.670685 7.240708 8.392298 7.677547 7.889687 7.878167 8.812458 8.909167 8.931992 9.705305 10.19147 10.41794 10.52939 10.68345 
  4.233979 4.16201 4.479675 4.865316 3.791 4.893332 5.462269 5.31839 6.180396 6.168369 6.690643 7.454253 7.559503 8.111666 8.627748 8.870211 9.262925 9.625519 9.513309 9.862459 9.962416 10.4752 10.77903 
  4.606875 2.936721 4.439491 4.350824 4.487091 3.554661 4.060413 4.671168 5.648152 6.437948 6.747941 6.805476 6.935556 7.687887 8.685323 8.696953 9.457692 9.226215 9.204551 9.723874 10.32188 10.08697 10.33286 
  3.660292 2.59871 3.434886 3.859718 4.127044 4.820972 5.462269 5.249045 6.585349 6.68679 6.988595 7.172176 7.593229 7.708067 8.339876 8.582857 8.796939 9.446405 9.780184 10.00141 10.10694 10.50229 10.52415 
  3.947135 3.316983 3.917096 5.07579 4.943151 4.422989 4.315296 5.202815 5.725771 5.878054 6.862538 8.33839 8.238344 9.59691 9.261066 10.31402 9.912149 10.46138 10.15458 10.25482 10.70613 10.71906 10.90648 
  4.262663 3.063475 3.75636 4.304052 4.5591 4.025005 4.793201 5.13347 5.470737 5.77437 6.633345 7.411942 7.778727 8.693857 8.455025 8.812458 9.13308 9.625519 9.967382 9.837262 9.642949 10.33749 12.53135 
  3.746345 3.401486 3.836728 4.678228 5.01516 3.663202 4.092273 5.896267 6.036247 6.520895 7.114652 7.799324 7.745 8.453043 8.284911 9.043468 9.13308 9.446405 9.705305 10.25482 10.54603 10.52939 12.34019 
  6.972239 5.586379 5.926306 5.86614 6.421456 6.243569 6.40385 6.150533 6.585349 7.450686 7.549789 8.122764 8.625753 8.754061 9.030769 9.158973 9.39277 9.446405 9.470722 9.76167 9.954809 10.66487 11.83043 
  14.46872 15.43581 15.46205 15.83941 16.64788 16.39665 15.83417 14.1436 14.41575 14.82324 16.74432 18.2599 18.35709 19.16218 18.06446 18.64998 18.57533 16.55122 12.02657 13.8977 14.22843 12.50742 14.28367 
  16.01018 17.03339 17.82683 17.73596 18.98941 18.74784 16.82697 16.18763 16.65984 17.42125 19.94519 21.98214 21.83453 22.46629 20.87241 22.27764 22.08114 17.97325 14.4227 15.86283 16.46915 15.51529 16.58953 
  16.524 17.32386 18.27022 18.11527 19.72114 18.87846 17.02553 16.43291 16.65984 17.32846 19.55721 22.23885 21.97363 22.46629 20.60067 22.17094 21.99563 17.80154 14.81187 15.11479 16.30317 15.88482 16.90016 
  16.90937 17.75957 19.00921 18.62101 20.45287 18.74784 17.22409 16.59644 16.92913 17.42125 19.26622 22.3672 22.25182 22.58867 20.5101 22.27764 22.08114 17.97325 15.20104 15.95634 17.13307 16.7717 17.52143 
  17.16628 18.05003 19.15701 19.00032 20.30652 18.61721 16.82697 16.6782 17.0189 17.42125 19.07223 22.62391 22.94731 23.07816 21.05357 22.27764 21.91013 17.71568 15.6875 16.04984 17.21606 16.69779 15.96826 
  17.29473 18.19527 19.45261 19.12676 19.72114 18.35597 16.42985 16.43291 16.92913 17.23568 18.58725 22.49556 23.3646 23.32291 21.41589 22.49103 22.08114 18.40252 15.59021 15.39531 16.30317 15.73701 16.58953 
  17.16628 18.3405 19.45261 19.2532 19.2821 17.44162 16.23129 16.02411 16.65984 16.86453 18.19926 22.23885 23.6428 23.56766 21.32531 22.81112 22.59419 19.26106 16.855 16.04984 16.80111 16.03263 17.52143 
  17.03782 18.48574 19.30481 19.12676 18.40403 16.39665 15.53633 15.45178 16.12126 16.49339 17.71428 21.72544 23.6428 23.56766 21.05357 22.49103 22.7652 19.34691 15.6875 15.76933 16.96709 16.62389 17.67674 
  16.65246 18.48574 19.00921 18.62101 17.37961 15.87417 14.64281 14.79769 15.40315 15.7511 16.84131 20.57026 23.5037 23.20054 20.60067 21.85086 22.59419 19.26106 16.17396 16.42386 17.38204 16.62389 17.44377 
  16.01018 18.3405 18.71362 17.98883 16.35519 15.35168 13.84858 13.81655 14.50552 14.73045 15.67736 19.15837 22.80821 22.58867 19.15141 19.93033 21.14056 18.57423 14.81187 15.2083 17.05008 16.32826 16.8225 
  15.3679 17.9048 18.41802 17.23021 15.03808 14.8292 12.85578 12.75365 13.33859 13.43145 14.4164 17.23308 21.55633 21.60967 17.70214 17.36963 19.4304 18.0591 14.27295 14.27325 15.3073 15.21966 15.81295 
  14.98254 17.32386 18.71362 16.47159 13.86732 13.39236 12.16082 11.609 12.17166 12.4108 13.01021 15.43613 19.46987 19.77406 16.61519 14.01019 17.3133 17.20056 13.63647 13.92938 14.89235 14.99794 15.11402 
  14.72563 17.17863 18.41802 15.83941 12.8429 11.95553 10.39876 10.72913 11.45355 11.85408 12.34054 14.48376 19.05258 19.65168 16.97751 14.87647 17.72025 17.80154 14.4227 13.4859 13.74812 13.53708 14.57042 
  14.08335 16.45246 16.34884 14.19573 12.11117 11.30242 10.20853 10.26707 11.08032 11.57572 12.08297 14.48376 19.33077 19.77406 17.4304 15.68501 18.91736 18.57423 14.61729 12.789 13.20376 12.37194 13.23228 
  13.05571 13.83823 14.13187 12.93136 10.2803 10.61198 8.610563 8.88089 9.298532 10.16252 11.25876 13.72906 15.71423 15.49685 13.06098 12.73963 14.97609 14.22275 11.27777 12.88403 13.23578 12.39904 12.21275 
  11.00043 12.24065 12.35829 9.897545 8.041216 7.9984 7.088692 6.486577 7.395254 8.176387 9.301246 10.76419 11.50365 12.18566 10.00953 9.79425 12.31428 11.77487 9.705305 9.812065 10.83422 11.04422 10.2946 
  7.808422 8.737292 9.947504 7.626984 5.563936 5.834021 5.143665 5.295275 6.01407 6.168369 6.908377 6.988826 7.850935 8.453043 8.240938 8.554334 8.796939 9.297543 9.321667 9.969728 10.25784 10.4481 10.65159 
  7.096117 8.83182 9.495277 6.422196 5.278096 5.327497 4.856922 5.850037 6.585349 6.23058 6.507288 6.932411 8.072311 8.152025 8.152994 8.812458 9.068158 9.244047 10.00482 10.03308 10.54603 11.23389 11.22508 
  5.857327 5.007037 7.13724 5.356422 5.135176 4.893332 6.003895 6.402565 6.301882 5.712159 7.240708 7.355526 7.188508 8.272432 8.455025 8.696953 9.198003 9.50611 9.705305 10.03308 10.44996 10.52939 10.08416 
  5.123194 4.373267 4.72078 5.30965 5.325736 4.712431 4.920642 6.192538 6.342377 5.89879 6.702103 7.36963 6.716332 8.091486 8.065049 8.497286 8.983987 9.377786 9.780184 9.711276 9.76465 10.4752 10.31373 
  4.893719 3.654994 4.23857 5.356422 3.983025 3.880284 5.58971 5.387735 6.220891 6.209843 6.644804 6.734957 7.255961 8.392839 8.39745 8.658921 9.13308 9.446405 9.247138 9.786867 10.02327 10.30966 10.87461 
  5.950236 4.16201 3.917096 4.37421 3.598975 3.952645 5.207386 5.572656 5.747948 5.83658 6.80524 6.974722 7.441459 7.324649 8.512599 8.554334 9.587537 9.446405 9.855063 9.969728 10.22582 10.33053 10.30098 
  5.09451 3.401486 3.434886 4.888702 4.391078 5.038054 5.52599 5.688231 6.01407 6.76318 6.725022 6.847787 7.306551 8.111666 8.273918 8.478271 9.012044 9.038982 9.012907 9.131739 9.817895 10.21919 10.14793 
  7.560664 8.327674 8.946146 8.785434 8.184136 8.521116 9.257359 10.77114 11.63308 12.03965 12.49508 13.40562 14.04948 14.77441 15.42153 16.08928 17.24838 17.02885 15.20104 13.99273 12.72345 12.10098 12.18089 
  8.427817 9.304457 10.14132 9.526842 8.898737 9.305189 9.751966 11.52724 12.26143 12.78194 13.16475 14.16032 14.71361 15.61726 16.25288 17.04954 18.74634 18.83179 17.82792 17.07839 16.8841 16.10654 16.66719 
  10.35816 10.20737 10.73251 11.667 11.52579 11.30242 12.2601 12.26309 11.81261 12.22523 13.78291 14.53766 14.49224 15.85808 16.1623 17.58302 21.56809 22.43766 20.55209 19.88354 19.45678 18.54546 19.46288 
  10.2297 9.771669 10.58471 11.79343 11.37944 11.30242 11.56514 11.69076 11.72284 12.03965 14.12542 15.56449 14.87965 15.13563 15.24881 16.83615 19.85794 21.23571 19.19001 19.32251 18.4609 18.24984 18.76396 
  9.330517 8.10711 8.752335 9.851208 10.23266 10.05193 10.70314 10.81314 9.662989 10.77363 13.93142 14.53766 14.43689 15.67747 15.7094 17.47632 19.08837 19.69033 18.99542 18.85498 17.87998 17.8803 18.29801 
  8.272968 8.012583 9.430674 10.12924 10.89962 9.977252 11.16802 11.93604 11.2423 11.0028 14.90139 15.82119 14.60293 16.34757 15.7094 17.04954 19.08837 19.43277 18.70355 17.91994 17.79699 17.73249 17.83206 
  8.923334 8.768802 8.849239 10.63895 10.85198 10.64931 11.7637 11.85428 11.72284 10.96461 14.12542 14.53766 15.15784 17.08182 16.1623 16.72945 18.83185 18.83179 18.31438 17.63942 17.29905 17.21514 17.67674 
  9.587427 9.626435 10.10901 11.667 11.2331 11.43304 11.86298 11.93604 11.72284 11.66851 14.70739 15.05107 15.15784 18.06081 16.70577 16.62276 18.83185 18.23081 17.73063 16.89138 16.63513 16.69779 17.21079 
  8.861394 8.548238 9.01075 11.28769 12.40386 12.08615 11.96226 11.69076 11.54332 12.13244 15.48336 16.0779 16.27062 19.03981 16.25288 16.72945 19.4304 17.88739 16.95229 16.89138 16.55214 16.40217 16.90016 
  8.489758 8.674274 9.527579 10.73163 11.52579 11.04118 10.96946 12.18132 11.54332 11.11739 15.38637 15.94955 15.57514 18.06081 16.34345 16.72945 18.57533 17.71568 16.95229 16.23685 15.88822 15.73701 16.20124 
  9.587427 9.335966 10.14132 11.91987 11.96482 11.43304 11.56514 11.93604 11.81261 11.85408 15.48336 15.56449 15.01874 17.57132 16.1623 16.30267 17.37822 16.49151 15.88208 15.2083 15.05833 15.07185 15.73529 
  7.994241 8.579746 7.589466 11.91987 11.52579 11.95553 12.65722 11.77252 11.36379 11.7613 15.48336 15.56449 14.87965 16.83707 15.4791 16.40936 17.11853 15.71536 15.39562 14.83428 14.56039 14.99794 15.26934 
  8.272968 8.579746 9.8829 11.41412 11.37944 10.20127 12.06154 11.93604 10.83735 10.85002 14.4164 15.30778 14.87965 16.7147 15.07608 15.74276 17.11853 15.83476 14.71458 14.36675 13.7161 13.88934 14.15623 
  9.202062 9.916903 12.21049 12.04631 11.37944 11.30242 11.96226 10.81314 10.63487 11.7613 14.4164 13.94469 13.60673 15.61726 14.55791 14.99198 16.20962 15.71536 13.97343 13.61261 13.58801 13.18483 13.4553 
  9.202062 9.916903 10.73251 10.68529 11.2331 10.05193 10.58899 10.14105 9.703484 11.15558 13.83443 13.51344 13.16398 15.37645 13.29128 14.12569 15.17086 13.86452 12.96256 12.50391 12.3392 11.88421 12.18089 
  8.706545 9.4812 10.43691 10.40726 10.42322 9.715895 9.904154 9.426961 9.743979 10.08613 13.16475 12.81265 12.27847 14.71421 12.13979 13.49041 13.67765 12.90925 11.72705 11.96539 11.50665 11.1797 11.4481 
  7.498724 8.611256 9.043051 8.87811 8.755816 10.42529 10.39876 10.05704 8.731598 9.665984 11.36178 11.57279 10.89487 12.7877 11.50647 12.68188 12.83366 11.89428 10.67874 10.82501 10.67411 10.66487 10.71531 
  7.034178 7.224854 7.169542 7.534307 8.755816 9.566547 10.43681 9.258939 7.921692 9.856958 12.08297 11.41107 10.28608 11.58363 10.81558 12.39312 12.24935 11.59576 9.742744 9.969728 9.924384 10.37229 10.81089 
  6.72448 7.445418 7.49256 7.765998 8.469976 10.23861 10.77923 8.586851 8.164664 9.47501 11.61935 10.92591 9.843326 11.04179 10.47013 11.58458 11.2106 10.8196 9.967382 10.44489 10.09172 10.50229 10.49229 
  6.910299 6.594671 8.235504 8.275716 9.089296 10.27595 10.36071 8.12479 8.772093 9.856958 11.51632 10.87201 8.84713 10.19895 10.58528 11.75784 10.82106 10.40167 9.577191 9.969728 9.886353 10.17743 10.24358 
  6.259933 7.130326 8.073995 7.395294 8.517616 10.57464 9.866107 8.418829 8.853084 9.895153 12.186 10.76419 9.455916 10.49996 10.93073 12.10435 11.40536 11.05842 9.523956 10.03308 10.28986 9.975621 10.3775 
  6.631571 6.815235 8.397014 7.302618 6.993136 10.42529 10.17048 7.704736 7.435749 8.940283 11.61935 10.38685 8.625753 11.28261 11.85192 11.81559 10.95091 10.40167 10.2669 10.25482 10.3539 10.421 10.68345 
  6.817389 6.27958 7.008032 6.468534 6.564376 8.297094 7.925721 7.536714 6.504358 7.259712 9.661839 9.470431 9.455916 11.52342 12.60038 12.39312 10.43153 9.804631 9.817624 10.44489 10.28986 10.35141 10.81089 
  5.857327 6.468635 7.912485 6.607548 6.135616 6.990306 7.849627 6.906631 6.504358 8.44375 8.631571 9.632152 10.0647 9.958131 10.9883 11.75784 9.912149 9.446405 9.817624 10.31818 10.83422 10.4752 10.37113 
  6.848359 6.878253 6.943429 7.25628 5.706856 6.654274 8.230095 7.536714 6.544853 8.252776 7.961896 7.907137 7.906279 8.212229 7.636319 8.25008 8.544424 9.154888 9.449429 9.900255 9.817895 10.36533 10.2117 
  6.693511 6.531653 7.363353 6.7929 5.182816 6.990306 8.001815 7.158665 6.342377 8.329166 8.064923 8.554017 8.293688 8.111666 8.076042 8.649413 8.91852 9.744927 8.949026 9.345916 10.07651 10.40709 10.42852 
  5.609569 5.838452 6.297391 6.236844 5.945056 7.961063 7.887674 6.948637 6.058424 9.207646 8.940651 8.985271 8.736442 8.152025 8.455025 8.870211 9.030748 9.92404 10.19202 10.03308 10.0689 10.31662 10.39026 
  5.981206 6.248071 6.911127 5.912478 5.754496 7.214327 7.202832 6.906631 6.261386 8.672919 8.837625 8.392298 8.183 8.392839 7.88916 8.126476 8.628595 9.359954 9.332314 9.875058 10.54603 10.50229 10.61973 
  7.250966 6.531653 6.749617 5.86614 4.943151 6.952969 6.822365 7.284681 6.169308 9.093061 8.734598 8.554017 8.293688 8.57345 8.800471 8.145493 8.88111 9.744927 9.438782 9.434106 10.32188 10.22615 10.40301 
  9.171092 6.405616 6.297391 5.541774 5.111173 6.243569 6.517991 6.990643 5.625975 8.329166 8.064923 7.961043 8.459721 8.392839 8.570174 8.316635 9.327847 9.342122 9.630425 9.67348 9.970022 10.03129 10.46678 
  8.923334 7.035799 6.006674 6.09783 5.611576 7.625032 7.278926 6.864626 6.544853 8.749309 8.580057 7.623499 8.016967 8.010766 8.455025 8.088445 9.522614 9.50611 9.619779 10.19147 10.22582 10.4481 10.87461 
  7.715513 7.760509 7.104938 6.514872 5.135176 8.110411 7.316973 6.780615 6.706834 7.221517 7.395248 7.799324 7.778727 8.693857 8.570174 8.639905 8.694062 9.446405 9.892503 10.31818 9.977628 10.82745 10.81089 
  8.241999 7.00429 5.564648 5.169334 5.325736 7.550358 7.393066 7.032648 6.463863 7.832634 7.961896 8.122764 8.127656 8.513247 8.251931 8.383191 8.890463 9.446405 10.00482 9.862459 9.810288 10.50229 10.32649 
  7.777452 6.909762 7.169542 5.40276 5.706856 7.513021 7.278926 6.36056 6.949806 7.909023 8.322491 8.01495 8.127656 7.687887 7.966111 8.870211 9.049454 9.270795 9.817624 10.03308 10.12976 10.4481 10.2946 
  7.405815 6.563162 6.491202 5.30965 5.468656 6.990306 6.003895 5.110354 5.792302 7.909023 8.477031 8.230577 7.761864 8.212229 7.955118 8.649413 8.637948 9.021151 9.967382 10.34986 10.44996 10.4481 10.2946 
  7.374846 6.027506 6.361995 6.236844 5.992696 6.46759 7.621347 6.82262 6.301882 7.832634 7.652816 7.69151 8.127656 8.272432 8.054056 8.639905 8.600538 8.825001 9.630425 10.12811 10.38592 10.63777 10.81089 
  8.799455 6.248071 7.363353 6.607548 4.751125 6.131559 7.393066 6.444571 5.980804 7.985413 7.601302 7.482461 7.906279 8.030946 7.691284 8.696953 9.652459 9.386702 9.502663 9.849861 10.25784 10.19135 10.68345 
  8.582666 6.311089 5.403911 5.449098 3.646981 4.314448 6.28971 7.20067 5.903186 6.877764 7.652816 7.637603 7.850935 8.071305 8.120014 8.985716 8.469604 9.137056 9.534604 10.09644 10.44996 10.80035 10.49229 
  7.932301 6.185052 6.038976 5.262878 4.319069 6.019548 6.251663 5.803807 6.169308 6.915959 7.103192 7.228591 7.610093 8.111666 8.685323 8.430731 9.262925 9.625519 9.855063 9.534895 10.51401 10.4481 10.71531 
  7.994241 7.445418 6.555806 5.588112 5.325736 5.870201 6.327756 5.618886 6.301882 6.954154 7.240708 8.284484 7.79559 7.869507 8.39745 8.754705 8.712767 9.50611 9.742744 9.938051 9.901565 9.996498 10.35199 
  7.281936 6.594671 7.750976 6.56121 5.325736 6.691611 6.898458 6.192538 6.180396 6.915959 7.18341 6.734957 7.593229 7.909866 8.043063 8.985716 9.587537 9.685223 9.555898 9.547494 9.886353 10.12872 10.26909 
  7.281936 5.775434 6.426599 5.86614 5.278096 6.094222 6.40385 6.486577 6.261386 7.183322 7.160491 7.595292 7.778727 6.860511 7.85618 8.696953 8.507014 8.878496 9.161963 9.459303 10.00045 10.15656 10.61973 ]
