 [
  4.706036 3.644777 3.358954 4.62628 4.292452 4.820742 4.93861 5.205454 6.296596 6.734547 6.628016 6.900765 7.411453 8.336415 8.257083 8.953396 9.50304 9.149288 9.621767 9.579845 10.01188 10.01287 10.57894 
  5.210746 4.22473 2.494589 3.643342 3.936056 4.777916 4.624218 4.861111 6.296596 6.633065 7.387445 7.347894 8.401361 8.280602 8.106472 8.900839 9.50304 9.455587 10.04438 10.2831 10.28221 10.46116 10.5396 
  4.706036 4.34072 2.865031 2.005112 4.241538 5.505946 4.058311 5.761701 5.727276 6.430101 7.387445 7.542297 7.266796 7.765923 9.066643 9.005954 9.385197 9.777266 9.6909 10.2107 10.34806 10.28733 10.39536 
  4.874272 4.166734 3.173733 4.167575 4.801589 5.420295 5.158685 4.993551 5.727276 6.247433 6.374873 7.309013 6.44707 7.804162 8.257083 8.415797 8.999242 9.532162 9.789249 9.699581 10.28221 10.56201 10.63794 
  4.672388 3.296805 2.247628 4.233105 4.394279 4.863567 5.001488 5.25843 4.968182 5.963284 6.12173 6.492517 7.0257 8.224788 8.641436 8.199554 9.444118 9.063141 9.471978 9.917282 10.54562 10.36052 10.59861 
  4.605093 3.180815 3.297214 3.83993 4.292452 5.206169 5.001488 5.39087 5.808607 6.876622 6.515508 6.706361 7.073919 7.55561 8.960341 9.005954 8.802357 9.302437 9.575678 9.764892 9.889199 10.56201 11.09836 
  4.739683 3.528786 3.297214 4.102046 4.292452 3.835761 4.435582 4.569744 5.808607 7.280361 7.162429 7.15349 7.483782 7.287939 8.303425 8.415797 8.986937 9.503447 9.702422 9.949938 9.80741 9.912234 10.50682 
  5.278041 3.644777 2.55633 4.233105 5.10707 4.56379 5.944665 6.471467 6.752793 6.450397 6.712397 6.881325 7.363234 8.503857 8.694586 9.373857 8.863884 9.245007 9.506544 9.862857 10.01188 10.15925 10.75991 
  5.109804 3.528786 3.791137 3.512283 5.056157 5.46312 4.970049 5.496822 6.133933 6.49099 6.740524 7.581178 7.893644 7.593849 8.465621 8.848281 9.183821 9.777266 9.1724 9.656041 10.04255 10.49775 10.57238 
  4.706036 4.514706 3.852877 3.446754 4.801589 5.591596 6.070422 6.079556 6.567701 6.957807 7.331192 7.289573 7.58022 8.280602 8.465621 8.698575 9.208431 9.197147 9.789249 10.57273 10.21635 10.25988 10.55927 
  4.941567 4.282724 2.741551 4.102046 4.445193 4.306839 5.504516 6.368219 5.94416 6.430101 7.021794 7.503417 7.748987 7.345297 8.303425 8.953396 8.519336 8.919563 9.4835 9.721352 9.889199 9.985424 10.45437 
  4.504151 3.992748 2.926772 2.463816 4.037884 3.535985 4.592778 5.708725 6.703254 5.963284 6.515508 7.658939 7.435563 7.517371 8.419279 8.249456 8.642388 9.139716 9.4835 9.819317 10.28221 9.912234 10.4347 
  3.326494 3.23881 2.988512 3.577813 3.732402 4.863567 4.718535 5.39087 6.079712 6.572176 6.571762 7.600618 8.107591 7.2497 8.641436 8.315992 9.267353 9.654714 9.667855 9.666926 10.21635 10.69052 10.51993 
  4.806978 3.818763 3.050252 2.725933 3.732402 4.992043 4.498461 5.894141 5.835718 6.206841 6.459254 7.522857 7.266796 7.287939 8.511963 8.449065 8.839273 9.379012 9.495023 9.656041 10.07322 10.62626 10.92914 
  3.595672 2.252891 2.124147 3.315696 4.496107 5.334645 5.661712 6.238484 6.052602 6.430101 6.881159 7.250692 7.459672 8.392229 8.233912 8.953396 8.986937 9.715989 9.853033 9.993478 10.15501 10.43371 10.55927 
  4.874272 2.948834 2.494589 3.83993 4.190625 4.777916 6.213832 6.106044 6.025491 6.673657 6.937413 7.736701 7.483782 7.211461 8.303425 8.665307 9.50304 9.321581 9.345234 9.851972 10.09367 10.11351 10.65761 
  3.360141 2.310886 1.691965 3.315696 4.852502 5.248994 5.693151 5.788189 5.456171 7.160771 6.853032 7.67838 8.283853 8.16743 8.535133 8.698575 9.679806 9.593437 8.988045 10.06588 10.05278 10.31478 10.70351 
  4.302267 3.644777 3.544175 5.805805 6.63448 5.977023 6.007544 6.626338 6.079712 5.882098 6.234238 7.270132 7.676658 7.307058 8.454036 8.900839 8.691609 9.024854 9.725467 10.2107 10.15501 10.42456 10.92914 
  4.167678 5.210649 5.519866 7.067866 8.272967 8.330194 8.173767 7.813684 7.594967 6.815732 7.24681 7.231252 7.917754 7.804162 8.002204 8.848281 9.50304 9.331153 9.725467 9.884627 9.684728 10.20499 10.57238 
  4.436857 5.616616 5.833869 7.775847 7.631921 8.204476 9.177636 9.465645 9.576553 10.06057 9.390125 9.186877 9.635195 9.173623 8.960341 9.426414 9.738728 9.777266 10.80978 11.22439 10.61147 10.94755 10.81632 
  5.41263 4.862678 5.861087 7.679304 8.272967 7.785417 9.894686 10.08513 10.36919 9.861986 10.50927 10.76315 10.98654 10.2899 10.98008 10.89803 10.91716 11.43171 11.57518 12.96214 12.6529 12.10418 12.00087 
  5.042509 5.964587 6.895352 8.451647 9.592769 9.084503 9.655669 10.70461 11.70676 10.4081 11.09829 12.15028 12.16162 11.79688 12.78721 12.84266 13.03835 14.06658 14.44542 15.35156 14.43092 14.41745 13.63668 
  5.924058 6.79974 7.249179 9.931972 10.53548 10.4674 9.942489 10.49812 11.70676 11.69891 12.09963 12.33943 12.33788 12.57827 12.62776 13.31568 14.04002 14.55678 15.91243 17.74098 16.34065 15.38131 15.04686 
  6.336467 5.848597 7.085875 8.387285 8.914014 9.126409 9.225439 9.775388 10.81504 11.45068 11.275 10.88926 12.22037 12.63408 12.62776 14.1566 15.74875 16.14995 16.35891 17.59616 17.59185 17.11625 16.79549 
  6.336467 6.173376 5.833869 7.19659 7.66963 9.671186 10.32491 9.414021 10.7655 11.50033 11.45171 12.84384 13.16043 12.74571 13.47817 14.57706 15.74875 16.27251 17.69836 18.46504 18.18452 17.9516 17.52878 
  7.066113 7.992816 7.739094 8.54819 9.140265 9.377845 9.703472 10.18838 11.5086 11.25209 12.04073 12.84384 13.10168 13.19222 13.47817 15.20775 15.63091 16.21123 17.98883 19.26151 19.1468 18.97957 18.25443 
  6.748876 7.933163 7.820747 8.741276 9.668185 9.587375 9.655669 10.18838 11.35998 11.20245 11.98183 12.78079 13.27794 13.86199 13.47817 14.5245 16.89871 16.94654 18.51747 19.44707 19.39745 19.23645 18.91602 
  5.987505 7.008529 8.038486 8.902181 8.98943 9.168315 9.942489 11.01436 12.15261 12.24503 12.74756 12.96994 13.92424 13.75036 13.85023 14.83985 16.51473 17.73752 19.21131 19.94187 19.85699 19.5447 19.51146 
  4.571446 7.426105 8.065704 8.837819 9.592769 10.67693 10.51613 10.70461 11.55814 12.74149 13.51329 14.10486 14.62929 14.3085 14.70065 14.94496 15.86659 17.42374 19.37651 20.28205 20.98493 21.08598 19.84225 
  6.177848 7.605067 8.038486 10.31814 11.13882 10.92837 10.80295 11.37572 12.15261 12.74149 13.27768 13.66351 14.68804 14.58757 14.59435 14.78729 16.1612 17.06909 19.27739 20.49853 21.27736 21.44561 19.70993 
  6.463362 7.068182 7.929617 9.417076 10.04527 10.25787 10.89855 10.75624 11.40952 12.79114 12.15854 14.35707 15.04056 15.08989 15.48953 15.15519 16.33797 17.39961 18.68267 20.62223 20.90138 20.93185 20.17305 
  5.479925 5.848597 7.766312 9.22399 8.876305 11.30552 11.23318 11.63384 12.15261 12.94008 13.04207 14.73538 15.04056 15.53031 15.79168 15.31287 16.22013 17.64097 18.31923 19.94187 20.8596 21.13736 20.50385 
  5.278041 6.561125 7.603007 8.483829 8.423801 10.34168 11.37659 12.09846 12.25169 12.34432 12.74756 13.85266 14.74679 15.20152 15.28531 14.83985 16.39689 17.52029 18.58355 20.2202 20.94315 21.80525 21.03312 
  5.311688 7.694548 8.065704 9.063086 9.404225 10.25787 11.37659 11.68547 12.25169 12.79114 12.80646 14.48317 15.39309 15.44964 15.33846 15.5231 16.27905 17.13037 18.64963 20.56038 20.73428 21.95937 21.76087 
  6.431638 6.769914 7.657442 8.966543 10.00756 11.01218 12.18924 12.71794 13.32472 13.13867 13.21878 14.92453 15.21683 14.86664 15.64061 15.5231 16.75042 17.00782 18.61659 20.56038 20.5254 21.908 22.09167 
  6.812323 8.649008 8.419532 9.320534 11.21424 11.59886 12.27329 12.99438 13.04433 12.69184 13.98451 14.42012 15.15807 14.53176 15.41399 15.20775 16.63258 17.73752 18.68267 20.06557 20.56717 21.95937 21.62855 
  7.827483 9.782431 8.718925 10.09288 11.17653 11.88913 12.35734 12.71794 13.13779 12.79114 13.45439 14.86148 15.21683 14.97827 15.179 15.62229 16.63258 17.88234 18.81483 19.94187 20.14942 21.49699 21.36391 
  8.430235 9.066586 10.33373 12.76058 13.534 12.63422 11.80682 13.05516 12.84617 13.28761 12.98317 15.42894 15.67295 15.77234 16.39598 16.32185 16.75042 17.78579 18.12099 19.75632 19.77343 20.77773 20.9008 
  12.39454 13.19817 11.54027 12.76058 12.67579 12.26167 12.52544 12.35658 12.79663 13.80223 13.51329 15.11368 15.5106 15.53031 16.32044 15.7622 15.86659 15.96613 17.44322 18.82707 18.38208 18.97957 18.84986 
  15.90711 17.40217 17.42214 18.36382 17.9681 16.23546 14.79481 14.45318 14.21262 14.92107 15.96777 17.16691 16.56587 16.41775 17.37796 16.1353 15.57199 15.65975 15.01947 16.29284 15.68212 16.47368 17.02112 
  16.45595 17.92767 18.62868 19.08218 19.82756 17.84981 16.22366 15.36494 15.3809 16.25303 17.44684 18.91506 18.35171 18.35397 19.19085 17.20797 16.86164 17.25292 16.04 14.33787 15.61627 17.052 16.56986 
  16.34618 18.05904 18.62868 19.36953 20.25666 18.34653 16.72796 15.8512 15.70802 16.57269 17.5564 19.17404 18.91994 18.75734 19.493 17.62771 17.41772 17.56856 15.91243 14.19306 15.81383 17.30903 16.45704 
  16.23642 18.05904 18.62868 19.22585 20.25666 18.59489 16.98012 15.91199 15.70802 16.57269 17.50162 19.23879 19.24464 18.9187 19.64408 17.95417 17.49186 17.61684 15.72108 14.41028 15.74797 17.11625 16.56986 
  16.23642 18.05904 18.62868 19.22585 20.54274 18.84325 17.06417 16.03355 15.84822 16.67925 17.44684 19.04455 19.24464 18.99937 19.493 17.67435 17.60308 17.64097 15.40216 14.41028 16.07724 16.92348 16.62627 
  16.12665 17.92767 18.47787 19.22585 20.54274 19.09162 17.14822 16.21591 15.75475 16.67925 17.5564 19.1093 19.40698 18.9187 19.26639 17.58107 17.71429 17.47202 15.21082 13.97584 15.61627 16.92348 15.94938 
  16.01688 17.92767 18.32705 19.08218 20.54274 19.2158 17.31632 16.51982 15.89495 16.73253 17.8303 19.36828 19.81286 19.2414 19.34193 17.62771 17.93672 17.37547 15.21082 14.48268 15.68212 16.21665 16.06219 
  15.90711 17.92767 18.17623 19.08218 20.82881 19.46416 17.48442 16.70217 15.98841 16.89236 18.04942 19.75676 20.29991 19.80613 19.79515 18.09408 18.64109 18.1237 15.01947 12.96214 15.08945 15.44556 15.49812 
  15.79734 17.79629 18.02541 18.93851 20.82881 19.46416 17.48442 16.70217 15.80148 16.78581 17.99464 19.88625 20.62461 20.29018 20.0973 18.51382 19.08595 18.48575 15.6573 13.10696 15.08945 15.50982 15.44172 
  15.68758 17.66492 18.02541 18.79484 20.68577 19.33998 17.48442 16.64139 15.24071 16.3063 17.5564 19.62727 20.62461 20.45153 20.02176 17.90753 18.30744 17.8582 14.76433 13.25177 14.95774 15.63834 14.87764 
  15.46804 17.53354 17.72378 18.79484 20.3997 19.09162 17.23227 16.27669 14.77339 15.56041 16.89904 19.1093 20.38108 19.80613 19.11532 16.74159 16.6915 15.84357 13.3611 13.03455 14.62848 15.95962 15.61094 
  15.13874 17.53354 17.42214 18.79484 19.54149 18.84325 16.98012 15.60807 14.53973 15.29402 16.62514 18.78557 20.13756 19.40275 17.98226 16.18194 17.34357 16.51761 14.5092 13.39658 13.83825 15.38131 15.04686 
  14.9192 17.53354 16.96969 18.65117 18.54024 18.09817 16.81202 14.57475 14.58647 14.81452 15.85821 18.07336 19.48816 18.83802 17.4535 16.18194 16.75042 16.14995 14.63677 14.12065 13.83825 15.50982 15.38531 
  14.5899 17.13942 16.51724 18.07647 17.25292 16.98054 16.13961 13.84535 14.21262 14.6014 15.58431 16.97268 17.53996 16.49842 15.79168 14.83985 15.51306 15.65975 14.44542 14.33787 13.64069 15.25279 15.27249 
  13.82152 15.30017 15.00907 15.63404 14.96435 14.74529 14.2905 14.63553 14.82012 14.81452 15.63909 16.90793 16.89057 15.53031 14.80695 13.84125 13.68649 14.86316 14.38163 13.75862 13.7724 14.99576 14.76483 
  12.5043 12.5413 12.89762 13.90996 11.44049 12.01331 12.9457 13.05516 13.60511 13.90879 14.57353 15.74419 15.67295 14.14106 13.47817 13.31568 13.50972 14.0053 14.19028 14.04824 14.16751 14.80299 14.99046 
  9.255053 10.17655 11.23863 12.76058 11.96061 11.51505 11.80682 12.2017 12.74709 13.03937 14.27902 16.00148 15.59177 13.75036 13.31872 12.68499 12.97943 13.08616 14.06272 14.12065 13.9041 14.67448 15.04686 
  8.04955 9.394681 10.18291 11.18018 11.81758 11.22171 11.32878 11.78871 12.40031 12.74149 14.22012 15.80725 15.04056 13.35966 12.68091 11.94918 12.0956 12.59595 13.55245 13.6138 13.64069 14.4817 14.87764 
  5.177099 5.616616 7.004222 8.998724 6.583566 5.206169 5.944665 5.602774 6.161044 6.93751 7.446348 8.80857 8.107591 8.186549 8.747737 8.748477 8.802357 9.426871 9.725467 9.851972 10.16524 10.43371 10.70351 
  5.109804 4.978668 5.643347 7.164409 5.361639 5.077693 6.118226 5.920629 6.432149 5.963284 7.917567 8.80857 8.460114 7.957117 8.588284 8.953396 9.267353 9.532162 10.42708 11.3692 10.74318 11.3331 11.88806 
  6.526809 6.203202 5.581606 6.359885 6.990875 7.827322 8.364981 9.827011 10.51781 10.35845 12.86536 13.72656 12.16162 10.56897 10.44857 11.47616 11.85991 12.96361 14.5092 14.62749 14.10166 14.4817 14.48279 
  9.128158 11.22755 11.99272 12.04222 13.24793 12.7584 13.02975 13.23751 14.11915 15.29402 15.69387 15.55504 13.80673 12.85734 12.73406 12.52731 13.50972 14.98571 15.72108 16.29284 16.73576 16.47368 16.45704 
  10.52848 12.40993 12.7468 12.90425 14.39221 13.3793 13.1138 13.663 14.35281 15.50713 16.62514 16.00148 14.57053 13.97362 13.31872 13.47335 14.27571 15.29209 16.10378 17.01691 17.26258 17.18051 17.02112 
  9.191605 10.04518 8.909447 11.03651 11.96061 12.01331 11.52 12.35658 13.23125 15.13418 17.77552 17.23166 15.99764 15.08989 14.9664 14.73473 15.04169 15.72102 16.80539 17.81338 16.99918 17.18051 17.24675 
  8.144721 8.529701 8.691707 10.89283 11.96061 12.01331 11.85462 12.66632 12.89571 15.88008 18.3781 17.16691 16.56587 16.01437 16.16937 15.71557 17.00993 17.44788 18.51747 19.38521 18.85437 18.82544 18.51907 
  7.573693 8.231432 8.147357 9.288352 10.42236 10.13215 11.95023 12.99438 13.04433 14.76124 16.40601 16.45471 16.89057 16.5791 15.94276 15.71557 17.60308 18.3168 19.64083 20.65315 19.81521 19.18507 18.38675 
  6.273019 6.650606 8.038486 10.46182 11.25195 10.50931 11.66341 12.82119 12.30123 14.06862 15.96777 16.32521 16.40352 15.93369 16.16937 16.5084 17.78843 18.89607 19.97123 21.20981 20.40007 19.44195 18.91602 
  7.256455 8.112124 7.521354 9.22399 10.42236 10.92837 12.18924 12.87281 12.79663 13.69567 15.20085 16.06623 16.24117 16.49842 16.01829 16.08867 18.60402 18.75125 19.77299 20.93148 20.14942 19.5447 19.31298 
  7.668864 8.559527 7.984052 8.612553 10.53548 9.796905 11.04196 11.84034 12.10308 13.23796 15.03651 15.49199 15.75412 15.53031 15.71614 15.71557 17.49186 17.76166 19.34347 20.4676 20.02409 19.28782 18.84986 
  6.431638 7.754201 7.603007 8.87 10.38465 10.92837 11.18537 11.3241 12.54893 13.43654 14.39683 15.80725 15.83529 15.53031 15.28531 16.27522 16.82457 17.78579 19.24435 20.25113 19.18857 19.64746 18.7837 
  6.336467 7.396278 6.568742 8.162019 10.30923 10.21597 11.52 11.89196 12.64801 13.53584 14.92695 15.68114 15.04056 14.75501 15.01955 15.57565 17.08407 17.8582 18.28619 19.81817 19.18857 19.03094 18.25443 
  6.146124 8.231432 8.337879 8.387285 10.12069 10.88646 10.85075 11.94359 12.44985 12.59255 14.98173 15.55504 15.67295 14.97827 14.38174 15.57565 17.26943 17.47202 17.98883 19.69447 19.10502 18.72269 18.32059 
  7.066113 7.455932 8.147357 8.290743 10.72403 11.1798 12.35734 13.96692 13.23125 12.94008 14.75024 16.06623 15.21683 14.64338 14.7538 15.57565 17.15821 17.61684 17.88971 19.91095 19.06325 18.87682 18.71754 
  6.685428 7.784028 8.147357 8.097657 9.743603 11.34743 11.95023 13.11595 13.18452 13.90879 15.09129 15.93674 14.21801 14.58757 15.01955 15.90212 16.82457 17.06909 18.22011 19.44707 19.3139 18.82544 18.38675 
  8.842644 8.887624 8.174574 7.679304 8.084425 9.796905 11.66341 12.76957 13.09106 14.17518 14.80914 15.36589 14.04175 15.36896 15.64061 16.04203 17.08407 17.64097 19.14523 20.37483 19.1468 19.08232 18.25443 
  10.08941 10.57068 9.579639 9.835428 11.36507 11.22171 12.6095 13.60221 12.64801 12.6422 14.10231 15.05063 15.39309 15.03408 15.12585 15.71557 17.23236 17.90648 19.01307 20.06557 19.23035 18.97957 18.25443 
  9.650334 9.603469 8.936665 9.610162 12.10365 11.76495 12.27329 12.9336 12.89571 12.49326 13.21878 14.98758 14.8643 14.86664 15.28531 15.62229 17.60308 17.25292 18.61659 19.44707 18.77082 18.77407 17.92363 
  9.650334 11.09618 10.33373 9.803247 11.44049 11.76495 12.9457 13.90613 13.55837 13.33725 14.16122 16.19572 15.09932 15.44964 15.01955 15.47054 16.86164 17.3142 18.18707 19.88002 18.64549 18.20863 17.07753 
  9.540566 9.156066 9.072752 11.18018 12.24668 11.59886 11.42439 12.71794 12.79663 13.28761 15.09129 16.32521 15.27558 15.14571 14.43489 14.78729 15.80767 16.33378 17.44322 18.75467 17.59185 16.85923 16.17501 
  8.81092 8.768316 8.827794 10.28596 12.67579 11.64077 11.37659 12.04683 11.60768 13.48619 14.57353 15.42894 14.62929 14.25269 13.74393 14.31427 14.57031 15.10826 16.35891 17.16172 16.47235 14.99576 15.04686 
  7.605417 7.96299 7.330832 9.642343 12.10365 11.64077 11.66341 12.2017 11.70676 11.8975 12.51195 13.53741 13.4542 12.85734 12.41515 13.52591 14.45247 14.55678 14.38163 15.42397 14.43092 13.45359 12.9598 
  7.415074 8.201605 8.310661 10.02851 11.32736 11.30552 10.94636 11.89196 11.40952 12.94008 12.74756 12.90689 12.04411 11.74106 11.51159 12.63243 12.68482 11.9832 12.65949 13.5414 12.19193 11.3331 11.77524 
  8.461959 9.156066 9.127187 8.87 10.72403 10.38359 10.75514 11.78871 10.66643 11.59962 11.98183 11.96113 12.51414 11.57362 10.87378 11.4236 11.68315 11.49299 11.19248 12.23808 11.20414 11.01181 11.04195 
  9.001263 9.663123 9.127187 8.483829 10.83715 10.59312 10.85075 11.01436 9.774712 11.25209 11.1572 10.88926 12.04411 11.01548 9.97021 10.26734 11.27069 10.75768 11.1287 11.65883 10.21635 10.56201 10.75991 
  8.208168 8.857797 9.018316 8.837819 9.668185 8.958784 9.846882 10.4465 10.12149 11.45068 10.62708 10.38485 11.80909 10.62478 8.800888 10.37245 10.68148 10.14492 10.10817 10.86236 9.827858 10.39711 10.62483 
  9.86987 10.30793 9.428822 8.322924 8.725471 10.09025 9.846882 10.24 9.229776 9.613753 9.802442 10.4479 10.57526 9.731762 8.800888 10.26734 11.27069 9.654714 9.414367 10.2107 10.34806 10.49775 10.38225 
  8.081274 9.335028 8.582837 9.320534 9.630477 10.63503 9.273243 9.155903 8.536221 9.464813 9.566833 9.628235 9.576441 9.508507 8.960341 9.005954 10.2101 9.715989 9.980599 9.754006 10.47976 10.41541 10.81632 
  9.128158 10.04518 8.691707 7.840209 8.763179 9.838811 8.412784 8.949408 8.833459 10.4081 9.095613 9.502132 9.400179 9.061996 8.800888 9.163627 10.2101 9.321581 9.656334 10.13829 10.47976 10.49775 11.15476 
  9.286777 9.573643 7.494137 7.389676 9.366517 8.874972 7.743537 8.588041 7.842666 8.9187 9.272321 9.060775 9.458933 8.224788 8.280254 8.953396 9.15921 9.082285 9.980599 10.06588 10.47976 10.75478 10.81632 
  11.07732 10.57068 8.66449 7.840209 8.536928 8.288288 7.982553 8.278298 8.58576 8.869053 9.036712 8.115007 8.988901 8.224788 8.407694 8.748477 8.642388 9.465158 9.414367 9.841087 10.34806 10.62626 10.75991 
  10.96755 9.185892 7.739094 7.614943 8.084425 7.575886 7.408915 7.400694 7.991284 9.6634 9.036712 8.24111 8.166345 8.503857 8.129643 8.332626 9.183821 9.340725 9.230011 9.699581 10.03233 10.02202 10.30357 
  9.445395 7.843682 6.187697 7.582762 8.800888 7.827322 6.548455 5.920629 7.842666 9.06764 8.270981 7.464536 7.700768 8.014475 8.588284 8.249456 8.802357 9.034426 9.1724 9.558075 9.981212 10.36967 11.15476 
  10.30894 9.633296 7.657442 7.293133 8.536928 7.32445 6.596258 7.1942 7.694047 9.36552 8.153176 8.115007 8.166345 8.392229 8.1644 8.765111 8.950021 9.398156 9.789249 10.06588 10.09367 10.4886 11.04195 
  9.096434 9.036758 7.739094 6.295523 6.63448 6.947296 6.978684 7.968556 6.752793 8.76976 8.329884 8.178059 7.990083 8.671299 8.588284 8.681941 8.962326 9.777266 9.725467 10.06588 10.47976 10.56201 10.70351 
  8.81092 7.694548 6.677612 6.359885 7.631921 7.701604 7.074291 7.349071 6.901412 8.322941 8.683297 7.658939 8.401361 8.503857 8.694586 8.382529 8.703915 9.493875 9.518066 9.862857 10.16524 10.69052 10.81632 
  7.922655 8.231432 7.548572 6.713876 6.379911 6.612048 6.500652 6.574714 7.000492 7.72718 7.799762 8.051956 8.283853 8.503857 8.90719 8.815013 9.208431 9.654714 9.713944 9.623385 9.981212 10.31478 10.51993 
  8.525406 7.992816 7.739094 6.746057 7.66963 6.444424 5.410198 6.93608 7.24819 7.429301 7.623055 8.115007 7.797206 8.224788 8.222326 8.900839 8.92541 9.015282 9.356756 9.993478 10.01188 10.35137 10.55927 
  9.159882 8.499874 6.759264 6.359885 7.028584 6.318706 6.213832 6.93608 6.079712 7.975414 8.094274 7.988905 7.748987 8.110071 8.372937 8.632039 8.457809 9.593437 9.3798 10.06588 10.00166 10.25988 10.54615 
  8.969539 7.96299 5.087684 6.327704 7.66963 7.156826 5.724591 5.947117 6.540591 7.280361 7.359319 6.959086 7.387343 7.804162 8.535133 8.798379 9.011547 9.350297 9.725467 9.786662 10.16524 10.4703 10.33635 
  9.540566 7.933163 5.581606 4.757339 6.176257 6.062674 6.007544 6.106044 6.567701 6.714251 6.881159 7.15349 7.507891 7.421774 8.641436 8.565503 8.420894 9.149288 9.437411 9.296834 9.562044 10.88329 10.42159 
  7.986102 6.441818 5.519866 5.674747 5.768948 6.444424 5.881787 5.735213 6.703254 7.429301 7.078048 8.051956 8.636376 7.995355 8.071716 8.232822 9.208431 9.593437 10.04438 10.06588 9.940317 10.25988 10.65761 
  7.954378 7.068182 5.334645 5.41263 6.990875 5.677247 5.567394 6.185508 6.594811 7.181067 7.134302 7.862803 7.990083 8.392229 9.066643 7.783705 9.048463 9.654714 9.853033 9.939053 10.47976 10.69052 10.63794 
  7.224732 6.561125 6.187697 5.871335 7.14171 5.762897 5.158685 6.264972 6.377928 7.330008 7.218683 7.736701 8.107591 8.110071 7.793666 8.815013 8.765441 9.273722 9.633289 9.895513 10.67732 10.75478 11.09836 
  6.812323 7.247144 6.405437 5.674747 7.104001 6.148324 5.976105 5.788189 7.050031 7.038993 6.824905 7.250692 7.676658 8.110071 8.326595 8.831647 9.326275 8.996138 9.789249 9.677811 10.47976 10.75478 10.48059 
  7.700588 6.352337 5.833869 5.871335 7.40567 6.2768 5.661712 5.761701 7.000492 6.166248 5.587317 7.250692 7.459672 7.001148 8.29184 8.953396 9.444118 9.593437 10.10817 9.851972 10.21635 10.56201 10.87273 
  7.478522 5.906592 6.214914 5.674747 7.217127 6.528236 6.213832 6.132532 6.377928 6.551879 6.937413 7.561738 7.700768 7.53649 8.199156 8.900839 9.109989 9.777266 9.702422 10.2107 10.41391 10.1501 10.70351 
  5.511649 4.746687 5.519866 4.888396 5.463466 5.634421 6.309439 6.471467 6.296596 6.876622 7.387445 7.736701 7.797206 7.517371 8.349767 8.765111 9.326275 9.532162 9.253056 9.819317 10.47976 10.56201 10.70351 
  5.733715 6.471644 5.519866 4.822867 5.921689 5.848548 4.781414 5.364382 5.564612 6.470694 7.134302 6.764683 6.832823 7.918878 8.384522 8.232822 8.92541 9.312009 9.679378 10.06588 10.13457 10.41541 10.58549 
  7.193008 6.501472 4.840722 6.19898 7.14171 5.934198 5.535955 4.940575 5.266397 6.206841 7.623055 7.639499 7.483782 8.559671 8.454036 8.765111 9.444118 9.777266 10.04438 9.993478 10.05278 10.49775 10.2839 ]
