 [
  3.959095 2.608847 3.519291 4.326365 5.42425 4.192831 4.850543 5.724978 6.21456 6.751341 6.032014 7.042787 7.193949 7.449273 8.370266 8.519169 8.911813 8.551744 9.056645 9.193437 9.675223 10.41395 10.6742 
  4.027874 2.955568 3.995385 4.585058 3.949425 5.072678 4.07799 5.281357 5.676205 6.19821 5.928397 6.28405 7.153455 7.666523 8.223535 8.761191 8.758537 9.45033 9.870793 9.737484 9.866513 9.7671 10.32237 
  3.546427 2.478827 2.947978 4.740274 4.371258 4.81295 4.5358 5.045897 5.391583 6.613332 6.875755 7.604575 7.835932 7.73894 8.067947 8.208015 8.545298 8.805165 9.173341 9.970111 9.831733 9.986722 10.46599 
  2.996202 3.692349 4.01919 5.018217 4.006948 3.375401 4.82193 5.767817 5.405814 5.484581 6.224446 7.153821 7.761486 7.340648 7.551122 8.208015 8.500404 9.103841 9.622849 10.15338 10.20586 10.14722 10.0454 
  0.9328574 1.221964 3.424072 4.740274 4.773917 4.982073 5.375778 5.6393 5.633512 6.567329 6.772138 7.061293 7.02185 7.521689 8.103186 8.761191 9.210827 9.17091 9.74682 9.746119 10.20586 10.1979 10.6742 
  4.16543 2.348806 2.733735 3.964195 4.045296 3.826396 4.020764 5.298175 5.790053 5.681444 5.972804 7.529449 7.984825 7.256162 7.950487 8.61466 8.522851 9.067637 9.194558 9.868297 9.649138 10.20634 10.82086 
  3.959095 2.955568 4.090604 3.938326 4.447955 5.11798 5.284839 5.553623 6.21456 6.32125 6.993749 7.135316 7.264813 7.82686 8.443631 8.030213 8.792207 9.004282 9.560863 9.990474 9.953463 10.22231 10.37366 
  5.128324 3.86571 3.495486 4.378104 3.930251 4.784762 5.648594 5.24772 5.676205 6.751341 6.742533 6.117497 7.224319 7.82686 8.223535 8.687925 8.792207 9.17091 9.215775 9.659762 10.11408 10.15566 9.871008 
  4.16543 2.912228 2.733735 3.291594 4.888962 4.841137 5.875941 5.467946 5.092731 6.444289 7.347731 7.529449 7.835932 7.82686 8.009217 8.274691 8.073925 8.560795 9.321861 9.766482 9.857818 10.31813 10.60087 
  4.784433 3.388969 3.328853 4.817882 4.19869 3.770022 5.284839 5.596462 5.505432 6.419682 6.283656 6.876235 7.835932 8.054412 8.150169 8.363592 8.309611 8.850419 9.684834 9.720213 9.840428 10.181 10.33263 
  2.996202 3.345628 3.424072 4.843751 5.03976 4.897511 3.734633 4.7768 5.291965 5.878307 6.017211 6.117497 7.092714 7.159606 7.962233 8.907723 8.911813 8.633202 9.003603 9.417964 10.09113 9.716418 10.13772 
  2.514755 2.522167 3.16222 4.533319 5.479177 4.81295 4.593026 5.029078 5.61928 6.148994 6.402076 7.11681 6.890245 7.545829 7.692074 8.541394 8.971615 9.290661 9.300644 9.4266 9.744783 9.893806 10.51728 
  2.789867 2.912228 3.281244 3.291594 3.872728 3.657273 4.049377 5.062716 6.044757 6.32125 6.372471 7.228947 6.99148 6.978564 8.009217 8.907723 9.031418 8.959028 9.109689 9.573406 9.976407 10.30216 10.99196 
  1.689417 1.351984 2.590907 4.585058 3.796031 3.99552 4.936383 5.029078 5.306197 4.992423 6.002409 7.304072 7.612593 7.690662 7.398424 8.18579 8.679976 8.841369 9.205167 9.888659 9.892598 10.3341 10.60087 
  2.996202 1.872065 3.090806 3.912457 4.390432 4.81295 5.830472 5.553623 5.832504 6.981356 6.698125 7.379198 7.761486 7.978561 8.296901 8.452494 8.612637 8.986181 9.247602 9.668399 10.25175 10.39798 10.69864 
  3.752761 2.868887 2.733735 3.860718 4.92731 4.756576 4.707478 5.767817 5.718898 6.148994 7.111743 7.228947 7.173702 7.978561 8.443631 8.007988 8.365727 9.290661 9.808807 9.720213 10.27469 10.73334 10.57642 
  1.414304 1.915405 3.685924 4.248757 4.409606 4.841137 5.108061 5.045897 5.790053 6.567329 6.224446 7.061293 7.204072 7.751009 8.009217 8.141339 8.911813 9.330578 9.591856 9.990474 10.13702 10.30216 10.2403 
  2.927423 2.738867 4.114408 4.947228 4.524652 4.361954 4.306895 4.759982 6.511714 7.395383 6.594508 7.379198 7.538147 7.244092 7.797789 8.141339 8.702421 9.45033 10.02576 10.0312 9.840428 10.22231 10.60087 
  3.821539 3.085588 3.97158 5.799088 5.314396 4.418328 4.5358 5.01226 4.879264 5.927524 6.150434 5.969451 7.396419 8.206113 7.985725 8.341367 8.691198 9.530164 9.684834 10.27555 10.13702 10.39798 10.42495 
  3.821539 2.782207 3.305048 3.80898 4.217864 3.17809 3.362663 4.89453 6.129659 5.952131 6.757335 6.450602 7.910378 7.425134 7.856519 8.761191 8.911813 9.330578 8.939951 9.36615 10.09113 10.01206 10.26082 
  3.890317 3.345628 4.580975 4.610928 4.716394 3.629086 5.022222 5.298175 5.74736 7.027359 6.934752 6.672671 7.687039 7.461342 8.516997 8.761191 9.091221 8.913774 9.405898 9.786845 9.666529 10.13032 10.39418 
  8.02886 6.576608 6.44724 7.147865 6.19323 5.525701 5.921411 6.196205 7.148474 7.671402 8.291682 8.806582 9.548198 9.343871 10.4245 10.22651 9.091221 9.290661 9.405898 10.17374 9.849123 10.02051 10.74753 
  15.06009 16.231 17.573 18.99107 18.55933 16.47822 15.92935 15.17313 15.67817 17.87761 20.32878 19.40661 19.65367 19.61109 20.49393 20.14745 16.84418 16.46328 14.70729 11.6195 12.2709 10.74931 12.58079 
  16.44007 17.06754 18.38849 20.42319 20.30435 17.4278 16.28683 15.96431 16.53115 18.6683 21.20772 20.62356 21.03924 20.52122 21.35124 20.97264 17.06083 16.20176 14.2522 12.70216 13.50073 12.0109 14.88646 
  16.77127 17.45792 18.73799 20.64352 20.74061 17.11127 16.64431 16.14012 17.00503 19.23308 21.83553 21.53627 21.87058 21.51408 22.39907 21.88036 17.71081 16.85556 14.74866 12.25075 13.01247 12.7761 15.00947 
  17.04727 17.73676 19.14573 20.86385 21.17686 16.79474 16.64431 16.31594 17.19458 19.57195 22.33778 22.24615 22.42481 22.09325 22.97061 22.458 18.18023 17.31321 15.32787 12.35256 13.33798 13.8274 15.56305 
  17.21286 17.90407 19.37873 20.97401 21.17686 16.79474 16.64431 16.40385 17.19458 19.34603 22.33778 22.55039 22.79429 22.34147 23.25638 22.70556 18.46911 17.83625 15.78297 12.80204 13.94829 14.03766 15.87058 
  17.32326 17.93196 19.55348 20.86385 20.88603 16.79474 16.3762 16.31594 17.0998 19.00717 21.96109 22.65181 22.79429 22.42421 23.25638 22.70556 18.32467 17.90163 15.86571 13.35141 14.27379 14.24793 15.93209 
  17.43366 17.98772 19.66998 20.75368 20.59519 16.79474 16.10809 16.05222 17.00503 18.6683 22.33778 23.15887 22.79429 22.58968 23.54216 23.03564 18.64966 18.35929 15.94845 13.15164 14.11104 15.29923 16.60868 
  17.43366 17.98772 19.66998 20.42319 20.15894 16.79474 15.57187 15.61267 16.7207 18.32943 22.08665 23.15887 22.88667 22.67242 23.54216 22.95312 18.433 18.35929 15.70022 13.30147 13.94829 15.14154 16.73169 
  17.43366 17.95984 19.72823 19.98254 19.57726 16.79474 15.39313 15.34895 16.24683 17.99056 21.20772 23.15887 22.88667 22.67242 23.54216 23.11816 18.72188 18.35929 15.45199 13.50123 14.5586 15.56206 17.34677 
  17.37846 17.93196 19.55348 19.65205 18.99559 16.37271 14.94627 15.17313 15.9625 17.65169 20.70547 23.15887 22.60955 22.50694 23.4469 23.11816 18.64966 18.16315 15.32787 14.0506 14.63998 15.40436 16.91622 
  17.32326 17.93196 19.49523 19.32156 18.41391 15.95068 14.49942 14.73359 15.48862 17.19987 20.07766 22.55039 22.51718 22.50694 23.35164 23.03564 18.46911 17.70549 14.70729 14.74979 15.25029 15.1941 17.5313 
  17.21286 17.95984 19.32048 19.2114 17.68682 15.31763 14.23131 14.46987 15.01475 16.74804 19.32429 22.44898 22.42481 22.50694 23.35164 23.03564 18.36078 17.31321 14.9969 14.25037 15.45373 15.50949 17.16225 
  17.04727 17.93196 19.08748 18.88091 16.95973 14.68458 14.05257 14.20614 14.63565 16.18327 18.69648 22.04333 22.1477 22.25873 23.16113 22.70556 17.99969 16.98632 14.79004 14.59996 14.80273 14.98384 16.48566 
  16.82647 17.87619 18.79624 18.44026 16.08722 14.05153 13.69509 13.67869 14.25655 15.61849 17.81754 21.53627 21.77821 22.17599 22.97061 22.458 17.89136 16.52866 14.50043 14.30031 14.80273 14.1428 15.74757 
  16.49527 17.8483 18.44674 17.9996 15.36013 13.52398 13.15887 13.32706 13.68789 14.94075 16.93861 20.62356 21.40873 22.01051 22.7801 22.21044 17.24138 15.87487 14.37631 13.701 14.8841 14.30049 15.50154 
  16.10888 17.56946 17.92249 17.1183 14.77845 12.99644 12.4439 12.6238 12.92969 14.37597 16.43636 20.31932 20.94687 21.7623 22.49433 21.88036 16.88029 15.15569 13.34201 13.20158 13.98898 13.61714 15.25551 
  15.66728 17.26273 17.4565 16.78781 14.3422 12.4689 11.90768 11.83262 12.36104 13.81119 15.80855 19.91367 20.48501 21.3486 22.01804 21.38524 16.44697 14.24038 13.7971 12.80204 13.50073 12.88123 14.02535 
  15.33609 17.03965 17.04875 16.23699 13.76052 12.04686 11.46083 11.30517 11.79239 13.13345 15.3063 19.20378 19.83841 20.76943 21.4465 20.8076 16.14796 13.60171 12.59818 12.95187 12.89041 11.69151 13.6563 
  14.89449 16.73293 16.641 15.46585 13.03343 11.3083 11.01398 10.86563 11.22374 12.45572 14.36837 18.59531 19.00707 19.77657 20.20815 19.81737 15.31072 12.04494 11.82335 11.41587 12.2709 11.96299 13.04522 
  14.3977 16.37043 16.05851 14.47438 12.30634 10.59955 10.19553 10.22305 10.54453 11.81167 13.60141 17.6826 17.89862 18.45275 18.7793 18.66209 14.65289 11.40627 10.95555 11.57878 11.812 11.2763 12.99633 
  13.9561 16.45408 16.29151 14.03373 12.0155 10.23713 9.55896 9.194919 9.780415 11.44365 13.36542 16.76989 17.06728 17.45988 17.54095 17.91941 14.71269 10.64784 9.963772 10.80499 11.3531 10.98885 11.9697 
  11.8681 14.31924 14.84544 11.1942 8.115678 6.794164 5.739533 6.281882 7.063573 8.453453 10.35658 14.66637 14.23832 14.65341 14.4596 15.50164 12.38038 10.04909 9.622849 9.929385 10.73359 10.42992 11.06529 
  11.93545 12.2163 10.64634 9.206525 6.19323 5.389794 5.330309 5.724978 6.172109 6.370466 7.524722 9.708089 9.622644 9.419722 8.663728 9.347318 9.868658 9.530164 9.622849 9.827571 9.999352 10.07119 10.4865 
  12.00281 12.2163 8.593446 7.857748 6.467865 5.616305 5.23937 5.724978 6.384362 6.395074 6.934752 7.529449 7.984825 8.206113 8.126678 8.230241 8.85201 9.17091 9.405898 10.01084 10.0223 10.08809 10.28134 
  10.31893 11.35601 8.500133 6.366994 5.973521 5.11798 4.936383 5.982011 6.25701 6.751341 6.875755 7.454324 7.687039 8.585365 7.985725 8.519169 8.76976 9.049536 9.353687 9.786845 10.25175 10.79722 10.57642 
  9.241251 9.826603 8.220193 6.721935 5.753813 5.208585 4.850543 5.314994 5.377352 6.797344 6.564903 6.432096 7.123085 7.82686 7.844773 7.118977 8.911813 8.959028 9.300644 9.970111 10.18291 10.27022 10.52754 
  8.702411 8.775135 6.540554 5.515135 4.390432 5.11798 5.512186 5.348631 6.384362 6.370466 6.476088 6.802211 7.183825 7.545829 7.656837 7.896862 8.433065 9.09479 9.268818 9.868297 9.875208 10.22231 10.47624 
  6.142919 6.098668 4.767601 3.705502 4.505477 5.163282 5.193901 5.214083 5.448507 5.902915 6.934752 7.304072 7.325554 7.678593 8.150169 8.834457 8.792207 9.210827 9.467884 9.530228 9.640444 9.665736 10.6742 
  5.334659 4.760435 3.138415 3.757241 3.757683 3.939146 4.707478 5.510784 5.647743 6.001347 6.402076 6.802211 7.112961 7.473412 8.296901 9.054255 8.388173 9.17091 9.808807 9.746119 9.976407 10.04585 10.57642 
  5.402014 3.99573 2.947978 4.197019 4.735568 3.910958 4.678865 5.12999 5.22081 6.296642 6.993749 6.894741 7.366048 7.90271 7.727313 8.541394 9.330433 9.570081 9.653842 9.746119 9.649138 10.36604 10.64975 
  10.11687 11.06925 11.67278 11.97507 10.69725 10.19183 12.17579 13.32706 13.87744 13.69823 14.67849 14.29074 14.31276 16.09457 16.14701 15.50164 17.27749 15.87487 14.58317 14.59996 13.5821 13.9851 14.3944 
  10.18422 10.6869 10.73965 11.33617 10.20291 10.46365 11.28209 12.18425 12.64537 12.56867 14.42737 13.99024 14.23832 15.41192 15.56009 16.6739 17.96358 16.65942 15.53473 15.49892 14.63998 15.24667 15.62455 
  7.89415 7.819253 8.033566 9.916408 9.433928 10.14653 9.877245 9.366274 10.28982 11.53566 13.66041 13.68974 14.46165 15.03266 15.33999 16.74716 16.62752 16.071 14.62455 14.50008 14.39585 14.87871 15.25551 
  6.95118 7.436901 8.780072 11.1942 10.14798 10.78076 10.46835 9.49479 9.058754 11.12163 13.7784 13.38924 14.38721 14.65341 15.26662 15.50164 16.44697 14.95955 13.42476 13.30147 13.2566 13.66971 14.20987 
  6.277629 8.010429 9.806519 11.26518 9.708564 10.78076 10.87757 9.194919 9.780415 11.39765 14.55293 13.76487 14.08942 13.5915 15.19326 14.98878 14.41368 13.3622 12.84612 12.85198 12.20206 12.25044 12.75189 
  7.49002 7.341313 9.619892 10.48431 10.14798 10.50895 10.33194 8.595176 8.761599 10.6156 13.95539 13.16386 13.49385 13.1364 13.28576 13.15714 14.23427 13.40212 12.66016 12.10821 11.92673 12.25044 12.26302 
  7.62473 8.48837 8.406819 11.26518 10.36769 10.59955 10.55929 9.066402 8.931401 10.24757 13.7194 13.16386 13.5683 13.4398 14.16614 14.10959 13.33722 12.72353 12.10229 10.96789 11.65139 11.77136 11.92081 
  8.5677 8.201606 8.313506 10.05838 10.36769 9.557602 9.013327 8.380982 8.379543 10.7076 12.65746 11.8116 13.27051 12.9847 14.23951 13.8898 12.73919 12.32436 11.79236 11.00862 10.8942 10.82916 11.43194 
  8.16357 8.392782 8.220193 9.348501 9.488855 8.92337 9.240674 8.638015 9.313457 10.33958 12.83445 11.96185 12.52605 12.07449 14.4596 14.47592 11.84215 11.84536 11.07952 11.13079 11.10071 11.00482 11.48083 
  8.02886 8.775135 9.433266 9.135536 8.390313 8.787463 9.377082 8.980725 7.997487 10.38558 12.71646 11.36085 11.33491 11.24014 13.57922 13.08387 12.26077 11.2466 9.870793 10.17374 10.66475 10.76528 11.04085 
  6.883824 8.48837 8.313506 9.41949 9.324074 8.606255 9.695368 8.937886 7.997487 10.38558 12.00849 10.23397 10.44155 9.950676 12.99229 12.49775 11.00491 10.20875 9.74682 9.651127 9.588274 9.893806 10.32237 
  7.75944 7.532489 8.780072 9.41949 9.269147 8.606255 8.604103 7.310013 7.912586 8.959487 11.30053 10.15884 11.03712 10.48163 12.03854 11.32549 10.22748 9.72975 9.498877 10.31628 10.15997 10.55767 10.74753 
  7.153244 8.679546 7.193747 8.567631 9.049438 8.289139 8.240348 7.39569 6.936221 9.879547 10.88755 9.482713 9.994875 9.419722 10.71796 10.59284 9.868658 9.130993 9.560863 9.383421 9.779563 10.3341 10.55198 
  6.749115 8.870722 8.033566 7.644783 7.731188 8.017324 8.467695 6.496076 6.426813 9.603529 10.71056 8.506081 10.516 9.268021 10.6446 10.29977 9.68925 9.609998 8.695952 9.847934 10.04524 10.41395 10.69864 
  6.412339 7.819253 7.940253 6.9349 7.181917 7.065977 7.694715 6.624592 6.936221 9.051493 10.00259 8.731457 9.250412 8.812918 10.05767 9.713647 9.749052 9.250744 9.215775 9.847934 10.18291 10.13032 10.30185 
  5.940854 7.245725 6.72718 7.573794 8.170605 7.201884 6.64892 6.538915 6.766418 8.821478 10.23858 8.581206 8.28261 8.661216 10.35114 9.420584 9.210827 9.330578 9.498877 9.847934 9.999352 10.62155 10.6742 
  7.018535 8.392782 6.913807 6.296006 8.060751 7.201884 6.376104 6.667431 6.89377 8.54546 10.41557 8.280704 8.580396 8.964619 8.150169 8.761191 9.27063 9.72975 9.056645 9.847934 10.04524 10.41395 10.26082 
  6.816469 8.48837 7.28706 6.366994 7.12699 7.292489 6.876267 5.682139 5.605049 8.683468 10.17959 7.905077 8.357057 8.661216 8.590363 8.452494 8.702421 9.290661 9.808807 9.929385 10.0223 10.31813 10.72308 
  6.883824 6.767785 7.380373 6.792923 7.181917 6.205235 6.64892 5.382268 5.917405 6.843347 8.114692 7.905077 9.175966 8.054412 8.95719 8.541394 8.646306 8.606049 9.870793 9.847934 9.779563 10.39798 10.89419 
  7.557375 7.628078 6.540554 6.721935 7.017136 6.024025 6.148757 6.067688 5.548125 7.34938 9.176637 7.604575 7.612593 7.594107 9.324018 9.274052 9.210827 9.290661 9.74682 10.0312 10.34353 10.25425 10.72308 
  6.749115 6.863373 5.514108 6.012053 6.797428 6.658257 4.764704 4.305881 5.874955 8.085429 8.586667 7.604575 7.687039 8.509515 10.2044 9.347318 9.091221 8.714658 9.653842 9.68567 10.04524 10.42992 10.89419 
  7.287955 7.054549 5.514108 5.089205 5.863667 5.797514 5.739533 4.944986 5.704667 7.855414 8.409677 7.228947 7.295184 7.582037 7.997471 8.541394 9.031418 8.922826 9.173341 9.461143 10.29764 10.25425 11.13862 
  5.940854 6.672196 6.073987 5.941064 6.632646 5.571003 4.507186 6.024849 6.554165 7.303378 7.878704 6.487613 7.910378 8.357814 8.663728 9.054255 8.500404 8.949978 9.467884 9.62522 9.396984 9.936041 10.51728 
  7.08589 7.245725 7.566999 7.218853 5.698885 5.70691 5.875941 5.467946 6.002306 6.843347 7.9377 7.228947 7.910378 7.751009 8.370266 8.319141 8.971615 9.130993 9.247602 10.0312 9.762173 10.20634 10.79641 
  7.355309 6.00308 7.00712 6.366994 6.083375 5.978723 7.149083 6.36756 6.85132 7.027359 7.465724 6.968763 7.910378 7.714801 8.223535 9.054255 8.792207 9.290661 9.290035 9.564771 9.675223 10.01206 9.97359 
  7.49002 6.863373 6.72718 6.650947 5.259469 6.024025 5.96688 5.767817 6.384362 7.027359 6.831347 7.153821 7.835932 7.751009 8.443631 8.363592 8.85201 9.370496 9.436891 9.651127 9.999352 10.35007 10.69864 
  8.500345 6.767785 7.193747 6.225018 6.412938 5.752212 5.96688 5.682139 6.808869 7.211371 7.465724 6.894741 7.416665 7.751009 9.250652 9.347318 8.736091 9.076689 9.374905 9.651127 10.34353 10.60558 10.77197 
  7.89415 6.289844 6.820494 6.154029 6.19323 5.571003 6.330635 5.510784 7.106024 7.119365 7.347731 7.379198 7.612593 7.630315 8.590363 8.687925 9.210827 9.410413 9.560863 9.392057 9.927378 10.30216 10.72308 
  8.16357 6.576608 5.420794 5.30217 6.358011 5.525701 5.739533 6.753109 6.766418 7.211371 7.996697 7.604575 7.687039 7.545829 8.443631 8.61466 8.489182 9.17091 9.436891 10.15338 10.06819 10.13877 10.6742 
  8.5677 6.863373 6.540554 5.870076 7.072063 6.11463 6.64892 5.767817 6.341912 7.901417 8.586667 7.529449 7.143332 7.978561 8.150169 7.919086 9.151024 9.290661 9.405898 9.970111 10.15997 10.25425 10.6742 
  7.692085 6.576608 6.820494 6.154029 5.42425 6.069327 5.466717 5.365449 5.790053 6.843347 7.111743 6.894741 7.062344 8.054412 8.126678 7.652383 8.679976 9.130993 9.162732 9.868297 10.34353 10.41395 10.72308 
  6.277629 6.48102 6.073987 5.373158 4.984833 4.784762 5.23937 5.298175 5.917405 6.395074 6.816545 7.304072 7.416665 7.82686 8.009217 8.61466 8.85201 8.931876 9.467884 9.547499 10.18291 10.18945 10.32237 ]
