 [
  7.023666 7.380728 6.03018 6.096498 5.4668 5.800862 5.173974 5.362767 6.588512 7.158332 6.486599 7.249112 7.333713 8.453245 8.03234 8.525588 9.440523 9.633393 9.140694 9.275925 10.30393 10.44485 10.60861 
  8.502177 7.920512 6.767433 5.481757 5.439624 5.06049 4.274668 4.596677 5.708059 6.414824 7.582536 7.342244 7.4875 8.041809 7.752884 8.572993 9.040527 9.078365 9.320284 9.726954 9.971686 10.42035 10.56608 
  8.607785 6.930908 6.951746 5.825997 5.330918 4.850643 4.760779 5.472208 5.547431 6.65414 7.263081 6.899867 7.4875 8.004163 8.248283 8.75076 8.843764 9.763952 9.836036 9.998484 10.23916 10.61632 10.37167 
  8.026941 6.840944 5.938023 5.757149 5.358095 5.506414 4.639251 5.472208 5.728137 6.280209 6.714398 7.132697 7.509469 7.753192 8.184771 8.727057 9.237374 9.470194 9.270397 10.31089 10.00959 10.07357 10.59039 
  8.290961 7.290764 5.597574 5.022771 5.072742 4.509642 5.757307 5.472208 5.808452 6.609269 7.035996 5.85213 7.377652 8.104551 8.463241 8.501886 9.278005 9.19271 9.567652 9.868706 9.895873 10.46934 10.37167 
  6.865254 5.876662 5.021761 5.995672 5.059155 5.663799 5.319807 5.773172 6.210022 5.921235 6.432999 7.596948 7.928838 7.527318 7.600453 8.063394 8.834394 8.784338 9.050899 9.920382 10.39028 10.54283 10.51748 
  6.014623 6.481088 5.469615 6.096498 5.426036 5.191644 4.955224 5.773172 6.65444 7.326396 7.049396 7.342244 7.553409 7.627707 7.943422 8.596695 9.359264 9.209044 9.54976 9.97245 10.21757 10.49384 11.14092 
  7.340489 7.110836 5.565584 5.894845 5.4668 4.089948 4.785085 6.019415 5.928923 6.934247 6.660798 6.573904 7.004169 8.004163 8.299094 8.944897 9.481153 9.437553 9.54976 9.985467 10.21757 10.7143 10.55393 
  6.014623 5.531276 4.254012 5.183416 4.733038 4.011256 5.684391 5.280685 5.82853 6.100722 6.674198 7.225829 7.751135 7.477125 8.413417 8.75076 8.918722 8.84151 9.728683 10.29788 9.677911 9.993002 10.50533 
  6.780191 4.926849 5.405636 5.894845 5.907524 5.558876 6.596143 6.347739 5.226174 5.996021 6.861797 7.086131 7.872941 7.903775 8.463241 8.537439 9.068637 8.988523 9.567652 9.44345 10.00959 10.33726 10.58431 
  6.269813 5.229063 4.477939 5.229315 5.602682 4.903105 5.344112 6.156217 5.647823 6.295166 6.473199 7.249112 7.245834 8.066906 8.070448 8.847828 9.237374 9.404914 9.567652 9.791386 9.924303 10.34458 10.21979 
  6.439939 4.710983 3.902127 5.321112 6.009138 5.480184 5.830224 7.759881 6.65444 7.158332 6.834997 6.736885 8.208324 8.162667 8.861834 8.896362 8.984309 9.470194 9.764467 9.81716 10.39028 10.31528 10.39598 
  7.234882 6.135702 4.34998 5.995672 5.704296 4.404718 5.173974 5.499568 5.708059 6.65414 6.968997 7.202546 7.179926 7.815935 8.712361 8.466332 9.196745 9.470194 9.728683 9.675407 10.00959 10.44485 10.4142 
  7.393293 6.481088 5.661553 6.499806 6.415595 6.798348 7.266321 7.842949 7.907071 7.382418 7.422808 7.851651 7.729165 7.301445 8.006935 8.24116 8.515825 8.80884 9.800251 10.06357 10.34711 10.22739 10.317 
  8.977413 8.55026 8.979193 9.625438 9.260788 9.90164 10.61722 12.07938 12.06053 10.40757 9.39278 8.666703 8.934988 9.034401 10.40638 10.15825 8.600152 8.931352 9.509851 9.907365 10.51982 10.95926 10.9177 
  8.977413 6.661016 6.583119 6.600633 5.589094 6.465853 6.979102 9.00589 8.961919 7.214354 6.968997 6.853301 7.817043 7.765741 8.513065 8.430779 8.515825 9.200877 9.350216 10.0896 10.1744 10.49384 10.6773 
  9.558256 8.460296 6.583119 5.573555 5.907524 6.909181 6.883362 6.430807 6.720368 5.696876 6.687598 6.992999 8.040632 8.278898 8.562889 8.430779 8.721958 9.029361 9.907605 10.06357 9.839013 10.49384 11.0379 
  7.498901 7.380728 6.85959 6.298152 6.009138 7.130844 8.606679 8.922823 7.577432 6.325081 6.754598 7.495066 7.597348 7.665352 8.159366 8.537439 9.156115 9.233547 9.603436 10.37598 10.54141 10.44485 10.3899 
  8.238157 6.930908 6.03018 7.709728 7.838191 7.241676 8.03224 9.255091 7.973 8.558866 9.765478 8.819525 8.711399 8.685707 8.762185 9.187568 8.881243 10.09035 9.180603 9.456337 10.39028 11.84112 11.46718 
  6.269813 8.370332 8.51841 9.121304 8.447875 8.349995 9.851296 10.58417 9.489342 10.40757 11.94842 10.80621 8.879091 9.208748 9.110954 9.33317 9.521783 10.02507 10.26545 10.41503 10.47664 11.13073 10.98638 
  8.607785 9.000079 8.24194 8.818823 8.752718 9.458313 11.00017 11.91324 11.40125 11.35993 12.4276 11.46844 10.7796 11.47526 10.50603 10.25532 11.10635 10.80843 10.51594 10.58425 10.58458 10.91027 10.86618 
  9.241432 8.730187 9.163506 9.827091 10.48016 10.7883 11.38313 11.66404 12.39017 13.09659 13.5457 13.86266 14.02164 13.97423 13.59512 13.16737 12.97532 12.04875 12.19617 12.73821 12.57075 12.527 12.70352 
  9.452648 9.539864 9.255663 11.13784 11.59791 11.67495 12.43627 12.49471 13.51095 14.00454 14.46684 14.83692 15.0998 15.02031 14.5916 14.23512 13.86917 12.89738 13.11213 13.83009 13.61694 13.53134 13.47288 
  7.815725 6.75098 7.504686 7.810555 8.651104 8.793322 8.798159 8.590553 10.14862 10.07144 10.08493 10.55151 11.22678 11.18468 11.75163 12.24522 12.77217 12.27722 13.11213 13.61172 13.15393 12.62499 12.652 
  7.287686 6.840944 5.437626 5.803048 8.244647 8.349995 7.457801 8.258285 9.357487 10.29553 10.19142 10.75527 11.45037 11.88206 12.1004 12.43935 12.4065 12.24459 12.45061 13.46613 13.98735 13.59595 14.19475 
  7.393293 7.560656 6.03018 7.508074 8.955946 8.460827 9.085378 9.172024 10.21455 10.68768 11.30951 11.46844 12.12113 12.57945 12.79793 12.77909 13.30035 12.6689 13.16302 13.39334 14.07995 13.98362 14.41687 
  4.653614 5.876662 7.596843 9.121304 9.870472 9.347481 11.38313 12.07938 13.11538 12.20025 13.11976 13.25137 13.68625 14.2648 14.34248 13.89538 14.27547 13.93912 14.3843 14.84918 15.42269 15.11434 15.24979 
  6.865254 7.110836 7.873313 10.12957 9.464016 10.4558 11.38313 11.91324 13.04945 13.15261 12.90679 14.31232 14.63651 14.32292 14.74107 14.28365 14.858 14.55307 14.3843 15.43152 15.09858 15.50201 15.97166 
  5.887029 6.049356 7.320373 9.020476 9.768858 10.7883 10.23426 11.66404 13.11538 13.65681 13.65218 14.08749 13.40677 13.79988 14.39231 14.99832 15.45408 14.90727 14.84228 16.15944 15.65419 15.4374 16.02719 
  6.099686 6.571052 6.767433 8.617169 10.48016 10.89913 10.42574 10.16883 11.40125 12.98455 12.21463 13.70984 14.30112 13.79988 13.79442 14.57486 14.96638 14.45861 14.68962 15.5771 15.74679 15.4697 16.13825 
  7.182078 6.840944 6.30665 7.709728 9.159174 9.23665 8.510939 10.41803 11.40125 12.76047 13.06651 13.81172 14.7483 14.67161 14.64143 15.31501 14.58705 14.50584 14.99494 15.43152 15.28378 15.34048 16.13825 
  9.716668 10.88932 11.65174 12.65024 13.32535 13.33743 13.68089 14.15606 14.82951 15.17238 15.45724 15.73624 15.67541 15.54335 15.40314 15.27982 15.29151 14.81282 15.04582 15.5771 15.14488 15.4697 16.30483 
  11.82883 12.95849 13.03409 13.75934 14.23988 13.89159 14.35107 14.65446 15.57721 15.71138 16.07624 16.1859 16.05914 15.79359 15.37531 14.96313 15.18313 14.67114 14.79139 15.5771 14.35776 14.88819 15.02768 
  14.04742 17.54666 17.95143 17.28828 18.50767 17.7707 17.70196 17.45377 16.11128 12.76047 12.74706 12.84384 13.68625 13.91611 12.74811 12.77909 13.54413 12.24459 12.34883 12.30146 12.92242 14.27438 12.9176 
  14.02454 18.57213 18.31057 19.77215 19.87151 19.87651 19.59801 19.48276 17.49988 14.99271 14.09544 14.01254 15.73936 15.91871 14.44213 15.0335 15.15604 13.51407 13.77366 12.66542 12.70028 13.72517 12.48029 
  14.03598 18.7366 18.40036 20.11348 20.00438 20.53823 20.17054 19.88856 17.49988 15.26221 14.83824 14.68703 16.6987 17.54529 15.57012 16.61695 15.77922 14.19887 14.33341 12.8838 12.82982 13.50684 12.2914 
  13.84151 18.71311 18.35546 20.13974 19.98223 20.84073 19.96606 19.55039 17.49988 14.90288 14.83824 14.68703 17.21035 18.1709 15.82059 16.61695 16.02308 14.48223 14.33341 12.66542 13.33913 13.82209 12.73786 
  14.0703 18.67786 18.20582 20.2185 20.00438 20.91636 19.88428 19.55039 17.39306 14.90288 14.90014 14.61209 17.33826 18.1709 15.9319 17.17995 15.80632 14.50584 14.07898 12.37426 13.06132 13.72517 13.08419 
  14.31053 18.60738 17.93646 20.32353 19.84937 20.7273 20.4568 19.68566 17.17943 15.08254 14.71444 14.4622 16.89057 17.50358 16.18237 17.00402 15.50827 14.29332 13.87543 12.08309 13.33913 13.66056 12.49746 
  14.27621 18.54864 17.87661 20.24476 19.78293 20.7273 20.12964 19.21223 16.75217 14.63337 14.34304 14.08749 15.93123 16.71115 15.84841 16.01876 15.18313 14.10441 13.51923 11.0789 12.74346 13.06591 12.08535 
  14.28765 18.51339 17.83171 20.2185 19.76079 20.7462 19.31175 18.40063 16.2181 14.18421 13.97164 13.76077 15.61145 16.62773 15.76493 15.98357 14.74962 13.82105 13.16302 10.88364 12.46281 12.74747 12.46312 
  14.27621 18.4664 17.72696 20.24476 19.76079 20.65167 19.06639 18.06247 15.57721 13.82487 13.49245 13.40419 14.97189 16.87798 15.48663 15.49094 14.3161 13.79744 12.55238 10.96174 12.54916 12.62499 12.051 
  14.34485 18.40766 17.60725 20.27102 19.7165 20.50042 18.90281 17.7243 15.04314 13.54476 13.11976 13.20043 14.97189 16.96139 15.37531 15.42057 13.9098 13.70298 11.94174 10.63632 12.39804 12.28204 12.03383 
  14.29909 18.34892 17.54739 20.27102 19.65007 20.40589 18.53476 17.31851 14.56579 13.15261 12.64057 12.99666 14.63651 17.08651 15.15268 15.06869 13.74728 13.41962 11.32109 10.38899 11.92309 11.89011 11.32981 
  14.32197 18.30193 17.45761 20.32353 19.62792 20.21682 18.12581 16.89727 14.36801 13.04057 12.48085 12.84384 14.7483 17.16993 14.7909 14.57486 13.46287 13.09322 10.80222 10.61028 11.75038 11.49817 11.32981 
  14.32197 18.25493 17.36545 20.4023 19.62792 20.10338 18.08492 16.73114 14.23615 12.98455 12.4276 12.89478 14.7483 16.37749 15.04136 14.81753 13.30035 12.96266 11.01692 10.24581 11.59926 11.79212 11.00355 
  14.31053 18.24319 17.36545 20.45481 19.67221 20.12229 18.08492 16.81421 14.1043 13.04057 12.58733 12.74196 14.69241 16.83627 15.01353 14.86606 13.42224 13.02794 10.85589 10.34994 11.01636 11.69414 11.43284 
  14.33341 18.26668 17.36545 20.45481 19.67221 20.27354 18.28939 16.98034 14.36801 13.15261 12.64057 12.74196 15.03585 17.0031 15.06919 14.96313 13.46287 12.76682 10.31913 10.48011 11.38337 11.66965 11.53586 
  14.28765 18.27843 17.45761 20.42855 19.76079 20.46261 18.49386 17.31851 14.69765 13.3767 12.85354 13.09855 15.0998 16.79456 15.54229 15.56132 13.54413 12.76682 10.58751 11.09191 12.11739 12.23305 11.84495 
  14.28765 18.31367 17.48753 20.4023 19.80508 20.63276 18.9437 17.9272 15.14995 13.76885 13.27948 13.45513 15.35563 16.79456 15.82059 15.94839 14.11295 13.19114 10.71276 11.35225 11.98785 12.42902 11.86212 
  14.24189 18.33717 17.56236 20.32353 19.80508 20.84073 19.51623 18.60353 15.79084 14.18421 13.86515 13.86266 15.99519 16.83627 16.09888 16.1947 14.37029 13.51407 11.16006 11.9375 12.52757 12.86995 12.18837 
  14.19614 18.33717 17.57732 20.27102 19.82722 20.95417 20.25233 19.55039 16.85899 14.99271 14.40494 14.61209 17.01848 17.21163 16.405 16.65214 14.58705 14.0808 11.83997 12.37426 13.01502 13.53134 12.44594 
  14.1275 18.33717 17.62221 20.19225 19.80508 21.0298 20.66127 20.22672 18.24758 15.80121 15.27154 15.43647 18.23364 18.00407 16.54415 17.00402 14.93928 14.48223 11.50002 12.66542 13.33913 13.69287 13.02866 
  14.0703 18.31367 17.65214 20.03471 19.7165 21.06761 20.29322 20.02382 19.20891 16.16055 15.70484 16.11096 18.10573 17.67041 16.46066 17.0392 14.91219 14.6003 11.44634 12.73821 13.29283 13.75748 13.36183 
  14.0131 18.27843 17.59229 19.90343 19.65007 21.06761 19.88428 20.63252 20.59751 16.43005 16.13814 17.08522 18.2976 16.91968 16.405 17.00402 15.21023 14.67114 11.99263 12.44705 13.47803 14.88819 13.86158 
  13.93303 18.21969 17.56236 19.71964 19.49506 21.04871 19.6798 21.24121 21.55884 17.32839 16.88094 17.9096 19.00111 16.25237 16.18237 16.89845 15.31861 14.48223 11.89085 12.30146 14.03365 15.53432 13.86158 
  13.77287 18.16095 17.56236 19.5621 19.38433 20.91636 19.39354 20.90305 21.2384 18.31656 17.49994 18.05949 18.61738 15.87701 15.82059 16.51139 15.23732 14.24609 11.71472 11.57354 14.58926 15.56662 12.97313 
  13.62416 18.10221 17.57732 19.3258 19.1186 20.61386 19.10728 19.68566 19.95662 19.03523 17.74754 18.28432 17.65804 15.48523 15.264 16.30026 14.88509 13.70298 11.39266 11.24812 14.72817 15.53432 12.97313 
  13.36014 17.99648 17.51746 18.80068 18.60928 20.25463 18.9437 18.87406 19.42254 19.39457 17.87134 18.58409 17.53013 14.84596 13.99371 15.27982 14.72252 13.06058 11.3032 11.33924 14.68187 14.9205 13.19524 
  12.99051 17.90651 17.56236 18.09489 18.10121 19.65484 18.53476 18.06247 18.46121 19.4844 17.74754 18.13443 17.21035 13.97423 12.49899 14.18658 15.31861 12.8321 11.35688 11.36527 14.31146 14.59744 14.02817 
  12.72649 17.81655 17.53243 17.28828 17.2883 18.87902 17.98918 17.38614 17.49988 19.03523 17.37614 16.93534 15.41958 13.21872 11.10392 13.26443 15.3457 12.79946 10.90957 10.32391 12.61393 13.8544 14.63898 
  12.25126 17.63662 17.45761 16.17918 16.27216 17.7707 17.12752 16.64807 15.79084 17.77756 16.38574 16.03601 13.85395 11.59149 10.70532 11.56574 13.9098 11.52651 10.33702 10.16771 11.94468 13.45785 14.69451 
  11.67041 17.27677 17.36545 14.76761 14.95117 15.77573 15.11699 14.73753 13.31316 15.71138 15.02394 14.38726 13.51856 11.41714 9.509546 10.69213 12.52839 10.74315 9.782359 10.24581 11.49131 12.86995 13.695 
  11.35359 16.64702 16.53604 12.8519 13.12212 12.56161 12.53201 11.99631 10.47826 14.45371 14.28114 12.89478 12.51241 11.01033 9.210602 10.10972 10.98446 9.568113 9.539783 9.636747 10.97318 12.62499 13.47288 
  11.03677 15.65741 15.24585 9.827091 9.464016 10.67746 11.86183 12.32858 10.01677 12.92853 14.28114 13.04761 12.40062 11.06845 9.409898 9.527307 10.21249 9.763952 9.54976 10.11564 10.49823 11.79212 12.80654 
  9.769472 14.03806 13.58703 8.213861 8.854332 9.569145 10.90443 10.7503 9.093775 12.53638 14.34304 13.04761 12.00934 10.54541 8.961481 9.478772 10.61879 9.013026 9.567652 9.933399 9.772676 10.20541 11.32981 
  7.710117 11.15921 10.82233 7.810555 7.431735 9.125817 10.80869 10.58417 7.973 10.7437 13.22624 12.64008 11.17088 9.731789 8.172069 10.25532 11.06571 9.470194 9.567652 10.02452 10.06645 10.29331 10.66012 
  7.340489 7.470692 7.688999 7.104767 7.025279 8.793322 11.57461 10.83337 8.764135 10.57563 11.57572 12.02879 11.78575 10.77787 8.562889 10.06118 11.47201 9.241714 9.54976 10.24581 9.943256 10.76329 10.96921 
  6.737659 7.560656 6.767433 7.911382 7.533349 8.904154 11.76609 10.9995 8.170783 9.287143 10.83033 11.31562 11.28267 10.8941 8.562889 9.867045 10.9032 9.502833 9.782359 10.42805 10.13122 10.16147 10.72881 
  6.014623 7.110836 7.043903 7.00394 8.346261 9.23665 10.33 10.0027 8.236712 9.567249 11.14978 11.57032 11.22678 11.12656 8.662538 9.818511 10.65942 9.633393 9.657113 9.804273 10.15281 10.42035 10.76315 
  7.023666 6.840944 6.951746 7.407248 8.041419 9.014986 8.22372 7.593747 7.115936 8.894994 9.978448 10.24586 9.549858 9.964251 8.712361 9.672909 10.21249 9.306994 9.290352 9.998484 10.34711 10.64081 10.55393 
  4.52602 6.049356 6.122336 6.096498 7.228507 8.460827 8.510939 8.507486 6.918152 7.662524 9.179811 9.787399 9.326269 9.150632 8.911657 8.896362 9.237374 8.923184 9.889712 9.907365 9.744247 10.49384 10.66012 
  5.759434 4.797329 5.938023 6.802286 6.720437 7.795835 8.415199 8.839755 7.181864 7.606503 8.966841 9.532696 9.549858 8.801939 7.702074 8.896362 9.603043 9.241714 9.907605 9.842932 9.886396 10.33726 10.34737 
  6.18475 5.963009 5.565584 5.995672 5.154272 6.798348 8.606679 8.507486 6.149786 6.295166 9.020083 9.787399 9.214475 8.860054 8.299094 8.847828 9.031158 9.233547 9.410079 9.714067 10.26075 10.14682 10.21979 
  4.866272 5.747142 5.597574 5.298163 4.828156 6.687517 8.798159 9.58736 7.31372 6.65414 9.233053 9.685517 9.438064 8.801939 8.81201 9.139033 9.603043 8.972189 9.509851 9.907365 10.05698 10.06625 11.00355 
  5.419182 6.437915 5.938023 6.197326 5.907524 7.46334 8.31946 8.756688 7.31372 6.38491 9.605751 9.940221 9.829344 9.383095 9.06113 8.288566 9.115485 9.666033 8.911218 9.855819 9.583144 10.21274 10.74598 
  8.766197 8.10044 6.122336 6.096498 6.313981 6.909181 7.457801 7.427613 7.379648 6.990268 8.807114 9.787399 9.493961 8.976285 7.98153 8.33597 9.196745 8.718998 9.603436 9.73984 10.47664 10.0516 10.66012 
  8.079745 8.010475 6.583119 6.701459 5.344506 6.909181 7.362061 6.846142 6.98408 6.594311 7.156596 8.106355 8.208324 8.685707 8.612713 9.041965 9.399894 9.200877 9.300329 9.920382 10.06645 10.07357 10.32915 
  8.343765 8.640224 6.85959 6.096498 5.072742 5.69003 6.500403 6.320379 5.888765 6.205422 6.406199 7.546007 7.663256 8.337013 8.286391 8.799294 9.156115 9.070198 9.782359 9.855819 9.459948 10.44485 10.66012 
  8.132549 7.290764 6.122336 5.321112 5.80591 5.506414 5.830224 4.87028 5.306489 6.609269 6.821597 7.179263 7.311743 7.979066 8.388012 7.992287 8.815655 9.731313 9.449987 9.082627 9.715817 10.54283 10.25017 
  8.132549 7.290764 6.214493 5.229315 5.276566 4.614565 5.441335 5.718451 5.627745 6.22038 7.476051 7.016282 6.410991 8.453245 8.662538 8.537439 9.096745 9.568113 9.300329 9.842932 9.507331 10.05892 10.78032 
  7.868529 4.797329 4.829824 5.665352 5.80591 4.326026 5.198279 5.499568 5.326567 6.822205 7.263081 7.647889 7.872941 7.841032 8.513065 8.632249 8.918722 9.470194 9.54976 9.933399 10.13122 10.03695 10.78032 
  7.604509 5.574449 4.34998 5.803048 5.453212 5.611338 5.149668 5.718451 5.487195 6.175508 6.875197 7.225829 8.040632 8.337013 8.662538 8.75076 9.040527 9.135538 9.080831 9.379017 9.554714 9.92708 10.56608 
  7.498901 5.272236 4.126053 5.780098 5.602682 5.663799 5.587168 6.347739 6.65444 6.822205 7.742263 7.444126 7.157956 7.313993 7.87991 8.944897 8.759438 8.898682 9.782359 10.10262 10.13122 10.24204 11.00355 
  5.972092 3.933864 4.222022 5.825997 6.009138 6.022526 5.246891 5.773172 5.908844 6.310123 7.209838 7.295678 8.208324 8.337013 8.337201 8.799294 8.796916 9.404914 9.150671 10.07659 10.47664 10.44485 11.07224 
  5.121461 3.804344 3.966106 4.426089 4.733038 4.640796 5.562863 5.061803 6.390728 6.504568 6.299 6.853301 7.245834 7.677901 8.612713 8.715206 9.068637 8.833343 9.070853 9.417677 9.87692 10.54283 10.64295 
  4.483488 3.717997 3.61422 4.793278 5.086331 5.401491 4.542029 5.362767 5.607666 5.966106 6.781397 7.295678 7.641287 8.004163 8.413417 9.187568 9.115485 8.955853 10.17599 10.05055 9.829536 10.27134 10.78032 
  4.143236 3.89069 4.765845 4.862126 5.113507 4.929336 5.465641 5.225965 5.708059 6.65414 6.821597 7.062848 7.707195 7.313993 7.87991 8.430779 9.481153 9.927153 9.449987 9.585201 10.43346 10.39585 10.51748 
  5.759434 5.013196 4.222022 4.999822 5.602682 5.800862 5.295502 6.074136 5.989158 5.921235 7.102996 6.597187 6.630686 7.665352 8.311796 8.691504 9.040527 9.404914 9.585545 10.02452 9.696864 10.39585 10.72881 
  7.498901 5.315409 4.34998 4.908024 5.004802 4.955566 4.785085 5.143884 5.105703 6.175508 7.156596 7.272395 6.762504 7.765741 7.968827 8.703356 8.993679 9.927153 9.459965 9.855819 10.10963 9.94173 10.54178 
  6.970862 6.661016 5.11773 5.71125 5.16786 4.667027 4.930918 6.430807 5.868687 6.175508 6.513399 6.92315 7.575378 7.866129 7.803694 8.075245 8.984309 9.502833 9.479919 9.636747 9.90535 10.03695 10.23194 ]
