 [
  5.572476 3.472006 3.724277 4.628031 5.368703 3.746214 5.163271 5.711896 5.182001 6.708697 5.990356 7.3761 7.570306 7.923197 8.573291 9.028263 8.94443 9.260223 9.481516 9.869482 10.24044 10.22788 10.90063 
  3.469494 4.426231 4.470782 5.049292 4.464761 4.454628 5.04751 5.418228 6.242129 6.287505 7.342517 7.610396 7.59661 8.820648 8.413553 8.051306 9.118339 8.99248 9.59271 9.776481 10.01422 10.65326 10.62257 
  4.845725 4.402376 5.726451 4.768452 4.266643 4.43249 4.584468 5.227977 5.685409 6.759138 6.842869 6.960547 7.320415 8.016478 8.079607 8.657436 8.827802 9.353723 9.605065 9.741671 9.974928 10.29336 10.58781 
  3.820298 5.058854 4.719617 4.698241 4.200603 4.963801 5.575644 5.660188 5.741343 6.1656 6.933714 7.220246 7.320415 7.949849 8.06211 8.532338 8.58677 8.892855 9.568001 10.19681 10.56716 10.34693 10.47716 
  4.386981 4.521654 6.490197 5.681183 5.368703 5.628077 5.438602 6.228981 5.755327 6.019315 7.115404 7.610396 7.923006 7.856569 8.733028 8.966458 8.540118 9.316313 9.146021 9.558916 10.1043 10.40263 10.90063 
  4.063162 4.426231 5.981033 5.119502 3.969466 4.742422 4.723381 5.349046 5.96508 6.238743 6.888291 7.128588 7.465089 7.976501 8.892765 9.028263 9.292247 9.87746 9.88923 9.939624 10.48548 10.51402 10.90063 
  3.874268 4.569366 4.570316 4.628031 4.068525 3.856904 5.347241 5.366341 6.18685 6.809579 6.646135 7.006377 7.425632 8.056455 7.992124 8.393091 9.234277 9.023613 9.450063 9.558916 10.06136 10.43048 10.69209 
  5.722856 4.831778 3.525209 3.965756 4.917524 5.351295 4.885446 5.815313 5.811261 6.960902 7.615052 8.078989 8.223097 7.41682 8.044613 8.31714 8.532343 9.578181 9.79039 10.22019 10.21321 10.2636 10.53554 
  4.76477 4.879489 5.018219 4.347191 4.398721 4.565318 4.723381 5.17609 5.881179 6.607816 6.252668 6.960547 7.622914 8.241151 8.573291 8.71924 9.350216 9.80264 9.629775 10.00977 10.32212 10.17431 11.00491 
  5.422097 4.903344 4.470782 3.775039 4.464761 5.904859 5.98677 5.418228 6.021014 6.506934 6.733572 7.235522 7.923006 7.670009 8.679783 8.532338 8.656747 9.353723 9.156505 9.846102 10.21321 10.22193 10.38375 
  4.7108 4.736355 5.217287 2.712472 3.705309 4.830974 5.186423 5.279863 5.349804 6.86002 6.405683 6.929995 7.175742 8.188469 8.4668 8.50702 8.563444 9.185504 9.271832 9.869482 10.34935 10.54187 10.72684 
  4.845725 4.283098 4.371248 3.82953 4.85307 4.43249 5.163271 5.970439 5.629475 6.019315 6.121512 6.731402 7.267807 8.188469 8.193335 8.781045 9.292247 8.880402 9.728615 10.10329 10.1043 10.37478 10.2086 
  5.422097 4.9272 4.17218 3.747794 4.266643 4.211111 3.774144 5.608479 5.405738 6.1656 6.383824 6.868889 7.862988 8.346514 8.360308 8.595632 9.176308 9.316313 8.999241 9.715563 10.07708 10.09693 10.4071 
  3.658388 3.448151 2.032199 3.529832 4.85307 4.056145 4.885446 5.400932 5.685409 6.458172 6.667994 7.282382 7.802969 7.896546 8.158341 8.904654 9.292247 9.278903 9.753325 10.50076 10.00636 10.22193 10.4538 
  4.76477 5.142796 4.66985 3.257379 4.464761 4.720284 3.866753 5.124203 6.407965 4.946551 6.624276 7.098035 6.899548 7.936523 7.974627 8.469044 8.866678 9.148145 9.187958 9.986385 9.951355 10.26955 10.65733 
  5.061604 3.686707 4.022879 3.693304 3.507191 5.019158 5.575644 5.48741 6.297408 6.506934 6.733572 7.159141 7.622914 8.188469 8.413553 9.028263 9.234277 9.017386 9.64213 9.986385 10.24044 10.37478 10.34871 
  3.847283 4.139964 2.878238 3.529832 2.417543 3.613386 5.529963 6.022147 5.671425 6.506934 6.077794 6.884166 7.491393 7.723311 8.167089 9.090067 8.921104 9.391132 9.679195 9.869482 10.21321 10.01359 10.50051 
  5.271718 4.354665 3.425675 3.093907 3.771348 4.720284 5.209575 5.366341 5.489639 6.336267 6.340105 6.257834 6.781178 8.451877 8.573291 8.393091 8.812251 9.123239 9.334737 9.393567 9.849208 10.37478 10.72684 
  3.658388 4.068397 2.878238 2.739718 4.464761 5.406652 5.438602 5.867022 6.297408 6.1656 6.82101 7.844693 7.622914 7.989826 7.747171 8.152575 8.874454 9.76523 9.802745 9.602429 10.02993 10.45833 10.54138 
  5.196528 4.879489 3.774044 5.189713 6.142152 6.236997 6.809022 6.487524 5.685409 6.759138 7.160827 7.3761 7.228351 8.293833 8.413553 8.781045 9.350216 9.154371 9.250863 9.986385 10.1043 10.76466 11.66531 
  4.467936 3.925263 5.55673 7.015176 7.237871 8.174467 8.68193 9.07295 9.116619 8.877653 7.978433 7.891552 7.983024 7.976501 8.307062 9.83172 9.987879 10.73788 10.72937 10.73456 10.51271 10.87605 10.86588 
  3.712358 6.234047 7.169082 7.506646 8.784769 8.838743 9.001694 9.693453 10.60914 10.29 10.79463 9.719065 9.963627 9.610871 10.49014 11.62405 12.65447 13.8803 13.13969 12.83881 11.76515 12.49125 12.81232 
  5.196528 7.073472 8.102549 8.349168 8.655861 8.949455 10.28075 10.0037 10.60914 11.55102 12.42984 10.51567 11.16399 12.13959 12.67321 13.91081 15.03121 15.6953 15.21644 14.77403 13.56214 13.68873 14.93255 
  6.249182 6.653759 8.187409 10.17463 9.171494 9.170881 10.69188 10.5725 11.38304 12.25719 12.56611 11.59344 12.78448 13.8254 13.52515 15.0851 16.36451 17.21472 16.40314 16.06417 15.39705 15.8482 16.67256 
  4.81874 6.234047 7.678246 9.89379 10.1383 9.226237 10.18939 9.848578 11.32776 11.95454 11.83935 12.39004 13.32465 14.24685 15.01603 16.32119 17.23266 17.97443 17.44151 17.2253 16.36847 16.8735 17.6552 
  5.271718 6.905587 7.423664 10.10442 10.52503 9.945869 10.23507 10.10712 10.99609 12.05543 11.7485 12.53062 13.20461 14.90756 14.80305 17.02125 17.85276 19.16826 17.88653 17.74136 17.33989 17.89881 18.04826 
  6.249182 6.821644 8.187409 10.6661 10.46058 10.27801 11.103 10.67591 10.66442 12.05543 12.42984 11.54658 12.30434 13.29858 14.96278 17.40723 18.53488 19.38532 18.77656 18.25742 17.44783 18.3545 18.53958 
  6.249182 6.821644 7.932827 9.2619 10.52503 10.55479 11.05732 11.08958 11.10665 11.34925 11.29428 12.24947 12.60443 13.45663 15.73654 17.47157 19.279 20.0365 19.51826 18.90249 18.31132 19.60765 19.62049 
  7.828163 5.98222 6.659918 8.419378 10.52503 10.61015 10.4178 11.03787 11.10665 10.74396 11.47597 12.71806 12.48439 13.14054 15.36813 17.3429 19.279 19.92797 19.51826 19.16052 18.63512 19.83549 20.01355 
  8.128922 6.569817 7.508524 9.191689 10.78284 10.38872 9.504181 10.10712 10.99609 12.20675 12.65696 12.15575 12.66445 13.45663 15.49093 16.95692 19.279 20.25356 20.11161 19.80559 18.95893 20.06334 20.01355 
  8.655249 8.08078 8.951155 8.910849 9.493763 9.835156 9.4585 10.0037 10.88554 12.15631 13.62658 12.85864 12.30434 14.03612 15.49093 18.3722 20.27117 20.90474 20.11161 20.32165 20.03829 21.08864 20.89793 
  9.632712 9.591743 9.120876 8.981059 9.558218 10.6655 10.28075 10.41737 10.94081 11.85366 12.56611 12.48376 13.14459 13.98344 15.18392 17.72889 19.40302 20.36209 20.11161 20.19263 20.14622 20.63295 21.19272 
  8.279301 7.828953 8.526852 8.981059 9.493763 10.00123 10.23507 10.36566 11.65944 11.55102 12.11189 12.53062 13.26463 14.08881 15.73654 18.1792 18.96895 20.47062 20.40829 20.45066 20.3621 20.74687 21.09446 
  7.752974 8.248665 9.714901 10.52568 10.0094 10.27801 10.32643 10.41737 10.94081 12.96336 12.98016 12.71806 14.22492 15.06998 15.55234 17.85755 19.52704 20.0365 20.40829 20.96672 20.3621 21.08864 21.19272 
  7.377026 7.409241 7.932827 8.981059 10.71839 10.44408 10.55484 10.98617 11.71472 13.43268 14.05753 14.04806 14.22492 15.2324 15.42953 17.72889 18.72091 19.27679 20.11161 20.06362 19.93035 20.63295 20.40661 
  14.0689 15.048 14.29738 13.83457 12.71647 11.16371 11.42982 11.193 12.04639 12.61028 13.73432 13.23351 14.40498 14.77367 15.12252 16.89259 17.35668 17.64884 17.88653 18.38643 17.55576 18.01273 18.44132 
  16.5003 16.95479 17.5779 18.53916 17.08283 15.68273 14.69797 14.52014 16.37156 17.77384 16.53546 15.49614 17.24597 16.77538 15.42953 17.53589 17.04663 16.45501 15.95813 15.93516 15.61292 16.07605 16.96735 
  17.00058 17.4971 18.27486 19.64023 18.55777 16.98035 15.67841 15.17527 17.58794 19.76843 18.69019 17.21573 19.52421 19.13045 17.39441 19.14417 18.1008 14.50147 12.54634 13.35487 13.99388 16.41781 16.96735 
  17.07205 17.58748 18.27486 19.03965 19.29524 17.88868 16.65886 15.50284 17.21367 20.00309 19.0134 17.57775 19.86172 19.5365 17.94703 19.72314 18.34884 14.82706 12.24966 13.6129 13.77801 15.96212 16.77082 
  17.03631 17.61761 18.10062 18.83945 20.03271 19.05654 17.31249 15.66662 17.49437 19.76843 19.22887 18.03028 19.9461 19.61771 18.56106 20.17346 19.03096 15.15265 11.95298 14.12895 14.53356 15.8482 17.36041 
  17.00058 17.55735 17.92638 19.03965 20.40145 19.83511 17.31249 16.32175 17.68151 19.76843 19.0134 18.21128 20.53676 19.94254 18.99088 20.55945 19.15498 15.26118 12.24966 13.99994 14.42562 15.27859 17.26214 
  16.96485 17.55735 17.78699 19.03965 20.52436 20.22439 17.53036 16.97689 17.68151 19.88577 19.33661 18.4828 20.45238 19.78013 18.99088 20.30212 19.09297 14.71853 12.10132 13.74191 13.88594 15.27859 17.75347 
  16.92911 17.52723 17.68245 18.93955 20.40145 20.22439 17.74824 17.30445 17.77508 20.12042 19.44434 18.66381 20.53676 19.78013 18.92947 19.98047 18.34884 14.39294 12.24966 13.74191 13.88594 16.18997 17.6552 
  16.85764 17.46697 17.6476 18.73935 20.40145 20.22439 17.96612 17.38635 18.33648 20.35508 19.22887 18.75432 20.53676 19.5365 18.86807 19.72314 18.1008 14.93559 11.95298 13.6129 14.10182 15.62036 16.57429 
  16.75044 17.40671 17.54306 18.53916 20.27854 20.09463 17.85718 17.38635 18.61719 20.35508 18.79793 18.93533 20.62114 19.04924 18.80667 19.33716 17.66673 14.61 11.06295 12.55824 14.42562 15.16467 15.98471 
  16.6075 17.34646 17.40367 18.53916 20.15563 19.83511 17.74824 17.22256 18.99146 19.88577 17.93604 18.75432 20.368 18.31836 18.37685 18.69385 17.17065 14.06735 10.6923 12.83881 13.56214 13.91152 16.37776 
  16.3931 17.10543 17.12488 18.43906 19.78689 18.92677 17.20355 17.14067 18.80433 18.8298 17.18188 18.66381 19.52421 16.93779 17.57862 17.47157 16.36451 13.8803 10.45756 11.29569 12.52751 13.91152 15.00206 
  15.53548 16.23172 16.35823 17.33799 17.57448 16.4613 15.46054 16.48554 17.49437 16.24857 15.4581 17.39674 17.49911 14.51026 15.67514 15.64134 15.14715 11.63572 9.728615 11.15541 11.65624 11.60011 13.95933 
  14.52003 15.55165 15.06112 15.03574 14.74751 13.34702 12.84602 15.09338 16.09085 14.84062 14.05753 14.95311 14.76509 12.92981 14.00436 13.60179 13.06026 10.06451 9.938649 10.47738 10.26766 11.21023 11.66531 
  14.0689 15.048 14.04279 13.53428 13.02674 12.43869 11.6477 14.02879 14.59377 13.90199 12.65696 14.41008 14.82511 12.61372 13.52515 12.92194 12.77041 9.84005 10.42049 10.59428 10.15876 11.07099 11.8391 
  13.99371 14.96406 14.29738 13.26388 12.78092 12.17917 11.75663 13.865 14.68734 13.55 11.61224 14.31957 15.06518 12.82445 13.68488 13.35457 13.00229 10.17674 10.04984 10.36047 10.92111 11.04314 12.0824 
  14.36965 15.38377 15.3157 15.03574 14.87042 13.86607 11.97451 14.27446 15.43588 14.37131 12.56611 14.59109 15.89591 13.72003 14.53682 14.34345 13.9298 11.14939 10.13633 10.17343 11.08448 11.07099 12.15192 
  15.2496 16.20159 16.25369 16.8375 17.08283 15.55297 13.39071 15.17527 16.65226 15.89658 13.94979 15.04361 16.82408 15.2324 15.49093 15.70314 15.26309 12.87024 10.49462 10.43062 11.1117 10.87605 13.68126 
  15.67841 16.89454 16.60217 16.8375 17.8203 17.11011 14.80691 15.50284 17.49437 16.95254 14.70395 15.04361 17.16159 16.04449 16.04356 16.57093 15.61091 12.7206 10.13633 11.06189 11.90129 12.21277 14.61973 
  15.64268 17.04518 16.74156 14.73545 16.7141 17.23987 15.56948 15.17527 17.1201 17.06987 14.48847 14.7721 16.57094 15.39481 15.55234 16.5066 15.78482 12.87024 10.4452 10.89823 11.54733 12.04568 14.44594 
  15.46401 16.95479 16.60217 14.53526 15.23916 16.72083 15.13372 15.09338 16.18442 16.3659 13.94979 14.68159 16.06466 15.06998 14.7498 16.38299 15.55294 13.13211 10.59346 10.00977 11.03002 11.26593 13.12514 
  15.28534 16.83428 16.46277 14.33506 14.50169 15.8125 14.15328 14.8477 15.71658 15.66193 13.51885 14.13856 15.89591 15.39481 14.21734 16.13577 15.20512 12.60837 10.49462 9.846102 9.912068 11.09884 12.46474 
  15.0352 16.77402 16.07945 13.83457 13.6413 14.12559 12.5192 13.78311 14.40663 14.01932 12.20273 13.50503 15.64277 15.55723 13.63164 15.27051 13.75589 10.06451 9.901585 9.939624 10.73052 11.32162 11.38724 
  14.89226 17.25607 17.15973 13.73448 13.27257 12.04941 9.686904 12.30906 12.98612 10.94573 11.20343 13.13979 15.98028 15.80086 12.14076 12.92194 12.19071 10.10192 9.703905 9.846102 10.34935 10.59757 11.38724 
  14.85653 17.34646 17.36882 13.33409 13.02674 12.04941 9.184417 12.22717 13.09668 11.29881 11.24886 13.04607 15.89591 15.63844 11.76804 12.42751 12.01681 10.10192 9.79039 9.445783 10.37657 10.45833 11.21345 
  14.82079 17.19582 17.40367 13.12346 12.5231 11.99405 9.047375 12.22717 13.09668 11.29881 11.15801 13.13979 15.64277 15.15119 11.50181 12.18029 11.90087 10.10192 9.703905 9.497998 9.904211 10.37478 10.58781 
  14.89226 16.92467 17.33397 13.05325 11.81411 11.71727 9.230097 12.12375 12.48862 10.69352 11.38512 13.18665 15.38963 14.82635 11.44856 11.43864 11.14727 9.952279 9.51858 9.986385 9.904211 10.62542 10.7616 
  14.92799 16.44262 17.12488 12.91283 11.23402 11.053 9.047375 11.91692 12.82029 10.64308 10.88548 12.9055 15.30525 14.82635 11.23558 10.63518 10.3357 9.540771 9.555646 9.593727 10.06922 10.43048 10.93539 
  14.82079 15.71954 16.60217 12.84262 11.36293 10.61015 8.818972 11.24471 12.5439 10.49176 10.5221 12.39004 14.76509 14.29953 10.9161 10.44977 10.45163 9.653001 9.827455 9.567619 10.04564 10.68111 10.69209 
  14.67041 14.96406 15.65515 12.63199 11.10511 9.890512 8.590568 10.41737 11.10665 9.987351 10.38583 12.06203 13.98485 13.98344 10.43689 9.893525 10.04585 9.653001 9.135536 9.916244 10.1043 10.09098 10.28449 
  14.67041 14.88012 14.55196 12.00009 10.58948 9.281593 8.133761 10.67591 11.54888 9.482944 9.70449 11.73401 13.68476 13.93076 9.957681 9.337285 9.698032 9.179277 9.408126 9.724265 10.0535 10.1505 10.47716 
  14.59522 14.88012 13.10933 10.87673 10.33167 8.838743 7.128787 9.745161 10.66442 8.221923 8.478081 10.46881 12.1843 12.03422 8.999257 8.781045 9.002399 9.540771 9.568001 10.07991 10.15876 10.00169 10.55305 
  14.21928 14.4604 13.36391 11.01715 9.687126 8.063755 6.854703 7.935363 8.508554 7.515751 7.251672 8.500723 10.08366 10.03232 8.520045 9.27548 8.827802 9.042293 9.61742 10.03315 9.912068 10.22788 10.34871 
  13.61776 13.87281 13.27905 11.15757 8.97813 6.956629 5.94109 6.590941 7.679374 6.287505 7.478785 7.704115 8.763261 8.609921 7.904641 8.532338 9.002399 9.503362 8.810525 9.793886 10.51271 10.37478 10.72684 
  12.71548 13.20127 12.091 10.24484 7.173417 5.462008 5.024358 5.815313 6.18685 6.506934 7.297094 7.082758 8.403152 8.609921 8.123348 8.431068 8.664522 9.222864 9.355705 9.846102 10.07708 10.20407 10.72684 
  11.36207 12.02607 9.884623 8.349168 5.175341 4.521042 5.186423 5.314455 6.242129 6.311886 7.297094 7.657256 8.283115 8.135788 8.027117 8.595632 9.234277 9.01116 9.926294 9.811292 9.825636 10.76466 10.69209 
  9.482333 10.17934 7.169082 6.383285 5.94879 5.73879 5.667006 5.867022 7.292423 6.506934 6.82101 7.891552 9.063353 8.978693 8.892765 8.781045 9.060369 9.316313 9.397642 9.289136 10.07708 10.43048 10.55305 
  8.128922 8.332607 6.490197 5.189713 5.626519 5.462008 5.438602 5.158794 6.850194 6.708697 7.56963 7.938412 9.363443 9.242101 8.520045 8.570314 8.625646 9.316313 10.00042 9.963004 10.1043 10.31122 11.38724 
  8.128922 8.08078 5.64159 3.638813 4.724162 5.240583 5.30156 5.815313 6.242129 7.818396 8.1147 8.641301 10.38375 10.45378 7.887144 7.785472 9.002399 9.465952 9.387157 10.22019 9.951355 10.25169 10.40126 
  5.497287 5.394623 6.659918 4.319945 4.5308 5.019158 5.347241 5.227977 5.909146 7.414869 7.251672 8.078989 9.363443 8.926011 8.413553 8.966458 9.524124 9.989689 9.187958 9.550214 9.904211 10.37478 10.7616 
  4.333011 6.401932 7.084221 5.259923 5.239795 5.351295 4.60762 4.830179 6.131571 6.960902 7.206249 8.125849 7.923006 8.043129 8.4668 8.31714 8.827802 9.428542 10.01278 10.10329 10.15876 10.45833 10.86588 
  5.034619 5.478566 5.726451 3.611567 3.441152 4.76456 4.792837 5.349046 6.463243 7.414869 7.433362 7.610396 8.103061 8.043129 8.573291 8.494362 9.350216 9.87746 9.975714 9.892863 9.912068 10.34693 10.7616 
  3.793313 5.562508 5.896172 3.529832 3.276054 3.834765 4.329795 5.504705 6.18685 5.336647 6.361964 7.235522 7.862988 7.709986 7.878396 8.84285 9.234277 9.166824 9.146021 9.916244 10.37657 10.65326 10.65733 
  4.899694 4.712499 5.55673 3.557077 3.540211 3.546972 4.700229 5.91873 5.489639 6.658257 7.160827 7.220246 7.320415 8.083106 8.360308 8.456386 8.913329 9.023613 9.282315 10.05653 10.67607 10.51402 10.19108 
  3.928237 3.686707 4.122413 3.82953 4.365702 4.65387 5.347241 5.262568 5.126067 6.214362 6.143372 7.422959 8.163078 8.293833 8.520045 8.71924 9.234277 9.210411 9.334737 10.24357 9.574197 9.965974 10.58781 
  6.098803 5.058854 5.217287 2.603491 3.870407 4.343938 5.163271 5.711896 5.601508 6.336267 6.733572 7.082758 7.544002 7.443471 7.992124 8.279163 9.118339 9.465952 9.74097 10.15005 10.21321 10.07312 10.34288 
  7.076267 5.98222 5.811312 3.82953 2.912838 4.720284 5.347241 6.28069 6.076293 6.214362 7.56963 7.143864 7.59661 7.536751 8.573291 8.904654 9.350216 9.197957 9.79039 10.12667 9.919926 10.82035 11.07442 
  5.271718 4.426231 5.302148 3.066662 3.837388 5.185226 5.04751 4.501563 6.629079 6.708697 6.689854 6.65502 6.807483 7.78994 8.573291 8.304481 8.94443 9.185504 9.2928 10.03315 10.18598 10.18622 10.17941 
  6.70032 4.974911 3.475442 4.347191 5.175341 4.963801 5.98677 5.815313 5.447689 6.141219 6.979136 7.235522 8.043042 8.820648 8.132096 8.570314 9.118339 9.578181 9.926294 10.29033 10.1043 10.29336 10.69209 
  7.602594 5.058854 4.371248 3.666058 4.49778 5.517365 5.804048 6.539233 6.463243 6.1656 5.443874 7.235522 8.043042 8.293833 8.210831 8.84285 8.687848 8.905308 9.156505 9.541512 10.45825 10.0255 10.41294 
  7.226646 4.974911 4.221947 4.628031 4.724162 4.631732 5.94109 5.91873 6.131571 6.506934 6.667994 6.563362 7.557154 8.293833 8.573291 8.291821 8.905554 9.353723 9.51858 9.724265 10.29489 10.68111 10.69209 
  7.752974 4.951056 4.520549 3.311869 4.233623 5.240583 5.024358 5.608479 6.297408 6.287505 6.427542 6.563362 7.386176 7.616706 8.289566 8.781045 9.292247 8.967574 9.654486 9.963004 10.21321 10.56972 10.65733 
  7.602594 5.898278 4.371248 5.119502 5.884336 4.299663 4.93175 5.711896 5.545574 5.873029 6.602417 6.807784 7.622914 8.451877 8.070858 9.028263 8.835577 9.465952 9.629775 9.480593 9.888495 10.62542 10.47132 
  8.053732 8.08078 6.9145 6.032234 5.690973 4.742422 6.397896 5.124203 5.307853 6.263124 6.82101 7.469819 7.557154 8.293833 8.079607 8.519679 8.703398 8.980027 9.605065 9.986385 9.809921 10.37478 10.32536 
  8.655249 9.423859 8.017688 5.751393 5.690973 5.628077 6.306535 5.573888 6.18685 7.011343 7.115404 6.273111 7.425632 7.963175 8.626536 8.781045 8.936655 9.316313 8.988757 9.869482 10.29489 10.45833 10.45964 
  8.655249 9.004147 8.102549 6.313074 6.206606 5.406652 5.484282 5.383636 5.993047 6.092458 7.160827 7.610396 7.478241 7.909872 7.878396 8.367774 8.820026 9.278903 9.229895 9.706861 10.13153 10.1386 10.44797 
  8.35449 10.01146 8.441992 4.210964 5.497611 5.12987 4.746533 4.760996 6.076293 6.658257 7.115404 7.006377 7.294111 7.23026 8.280817 7.950036 8.454591 9.210411 9.74097 9.463188 10.18598 10.01955 10.54138 
  6.70032 9.004147 7.508524 5.540763 5.110887 5.185226 5.255879 6.125565 5.391755 6.068077 7.796742 7.128588 7.530849 8.083106 8.210831 8.657436 8.446815 9.428542 9.271832 9.602429 10.03779 10.54187 11.00491 ]
