 [
  3.687156 3.347283 4.094791 5.242078 5.739655 5.064982 5.085632 5.005263 5.472793 7.090913 7.319859 6.943013 7.450338 8.05049 8.640103 8.420073 8.925263 9.231968 10.13315 10.38866 10.14985 10.66111 10.47318 
  3.809137 3.347283 4.774678 5.019199 5.42996 5.755074 5.268995 5.812854 6.073985 6.484904 7.047288 6.804053 7.529215 8.122822 8.385285 8.983459 8.87908 9.259952 9.799281 9.815156 9.99535 10.11232 10.65473 
  5.638851 4.458991 4.208106 5.390664 5.42996 5.272009 5.330116 5.762379 6.019331 6.825784 6.611176 7.67255 7.660678 8.177071 8.877934 8.587565 8.648165 9.189992 9.253433 9.862606 9.840847 9.801672 9.898287 
  5.394889 4.088421 4.32142 5.985006 5.507384 5.064982 5.146753 5.762379 6.073985 6.598531 7.319859 7.533591 7.818433 8.213236 8.266371 8.618019 8.959901 9.10604 9.765165 9.910057 9.825397 10.0476 10.33702 
  5.150928 4.088421 5.114622 5.167785 5.120265 4.650927 5.024511 6.368072 6.511215 6.712157 7.428886 6.977753 6.714147 7.435675 8.742031 9.074819 8.971447 9.203983 9.441069 9.672804 9.902649 9.995826 10.33702 
  4.541023 3.841375 4.661364 6.133592 5.662231 5.410028 5.757962 6.014751 5.910024 7.318167 7.265345 7.464111 7.108535 7.508006 7.960588 8.435299 9.237 9.162007 10.27519 10.19476 10.1344 10.30647 10.03445 
  5.028946 4.211945 4.887993 5.093492 4.887993 4.926964 5.268995 4.954789 5.254178 5.91677 6.39312 8.158908 7.79214 8.574892 8.317334 9.581351 9.44936 9.148016 9.88457 10.11172 10.59848 10.61712 10.86653 
  4.541023 4.582514 4.774678 5.31637 5.42996 6.376156 6.24693 5.863328 6.620523 7.015162 5.357354 7.70729 8.107651 8.104739 8.419261 8.709379 8.93681 9.343903 9.321664 10.14731 9.902649 10.22881 10.15548 
  5.760832 5.817746 6.361083 5.687835 5.662231 7.480302 7.469348 6.670918 7.385676 7.962052 6.992774 7.047233 7.292583 8.014325 8.35131 8.770286 9.098451 9.357895 9.560472 10.13545 10.11895 10.26764 10.73037 
  6.980641 6.558885 6.701026 6.505055 6.281622 7.825348 8.325041 7.781354 9.274028 8.302933 7.646942 7.116712 7.844726 8.086657 7.926613 8.25258 9.294729 9.231968 9.662819 9.815156 9.933549 10.22881 11.09626 
  7.224603 6.435362 6.927656 7.396569 7.752676 8.515439 8.569525 9.510305 11.43663 9.845877 8.846251 8.124168 8.396869 7.941994 8.436249 8.541885 8.902172 9.371887 9.920081 10.06427 10.25801 10.69217 10.54883 
  5.150928 4.088421 5.001307 7.69374 7.8301 8.308412 8.92627 9.983576 11.58577 10.2385 9.267998 8.297868 9.537294 8.574892 9.257501 8.968232 9.271637 8.966121 9.920081 10.20662 10.49891 10.42296 10.98139 
  5.882813 3.964898 5.567881 6.430763 6.746166 7.480302 6.735897 6.620443 8.752021 8.227181 8.083055 7.464111 7.739555 8.267485 8.521189 9.150951 9.329366 9.979607 9.270491 10.07613 10.14985 10.50063 10.71524 
  4.663004 4.706038 5.341251 5.910713 5.197688 5.479037 5.207874 5.409059 6.675177 6.636406 7.21083 7.464111 7.79214 7.706917 8.962873 8.800738 8.821351 8.980113 9.920081 10.35225 10.0108 10.37119 10.98139 
  4.663004 3.470806 4.661364 5.539249 5.971927 5.272009 5.085632 5.30811 5.636755 6.560655 7.047288 7.67255 8.002481 8.195153 8.35131 8.222126 8.694347 9.651726 10.06213 10.02868 9.377338 10.15115 10.21599 
  3.809137 3.841375 4.434734 5.464956 5.120265 5.133991 5.391236 5.812854 6.2926 6.371277 7.374372 6.699834 7.26629 8.357899 8.11348 8.557113 9.156179 9.483822 9.611646 10.01682 9.933549 10.12526 10.65473 
  4.784985 4.458991 3.754847 5.390664 5.42996 5.617055 5.391236 5.30811 6.347254 6.825784 7.919513 7.290411 7.37146 7.417592 8.011552 8.968232 9.248546 9.679709 9.048739 9.447414 10.0108 10.22881 10.65473 
  5.028946 4.458991 4.887993 5.613542 5.662231 5.410028 5.696841 6.014751 6.183292 6.447028 7.265345 7.568331 7.608093 7.706917 8.368298 8.587565 8.636619 9.203983 9.645761 9.981233 10.14985 10.63006 10.59421 
  5.150928 3.347283 4.548049 5.539249 5.662231 4.926964 4.657785 5.863328 5.582101 6.181899 6.229578 7.116712 7.502923 7.887745 8.742031 8.633245 8.832897 9.829658 9.73105 9.957507 10.36616 10.51357 10.57908 
  4.17508 3.964898 4.434734 5.167785 5.584808 5.479037 5.268995 6.569969 6.019331 6.901536 6.556663 6.838793 7.765848 8.635456 8.674079 8.800738 9.352458 9.679709 8.792873 9.779568 9.856297 10.41002 10.38241 
  4.663004 3.223759 4.208106 5.390664 5.81708 5.272009 4.841148 6.822341 7.658945 6.295526 6.39312 7.012493 7.502923 8.104739 8.623116 9.196631 9.006084 9.259952 9.406953 9.506727 10.25801 10.29353 10.24625 
  13.92207 15.36634 15.37034 15.51532 17.39906 16.8845 16.50711 17.17728 17.32784 15.40809 14.81096 14.49472 15.08737 14.02566 15.04451 15.35215 15.05896 15.62767 13.18709 11.59012 11.85963 12.24477 12.78093 
  14.80034 15.94412 15.71123 15.93136 18.30249 17.52921 16.32873 16.98797 17.47699 14.81915 14.20847 14.00104 14.70723 13.54115 14.80085 15.19826 14.98515 15.5277 13.11607 11.84498 11.9592 12.49318 13.24038 
  15.88525 16.52191 16.52935 17.17949 18.22036 18.33508 17.8449 18.21848 18.29729 16.71684 16.1967 16.46944 16.37985 15.4792 16.32375 16.89103 16.75661 16.75308 14.07487 11.91779 13.68499 14.3563 15.00163 
  16.45354 17.16389 17.55202 18.17799 19.61656 19.22154 18.02327 19.16502 19.0559 17.14951 16.37745 17.03365 16.60794 15.35807 16.81107 17.58352 17.64233 17.03457 14.03936 11.84498 13.71818 14.41841 14.61875 
  17.38346 18.31946 18.43832 19.50932 20.48586 19.75095 18.4692 19.44898 19.16427 17.46418 16.85916 17.31575 16.75999 15.41864 16.9456 18.50685 17.86377 16.07751 14.32344 12.28187 12.75572 13.98368 14.69532 
  17.3318 18.83305 18.64286 19.92537 21.16903 20.54878 19.1827 20.57478 20.248 17.73952 17.38585 18.25268 17.59631 16.02428 17.66309 19.3477 18.52806 15.32777 14.11038 13.08285 12.7889 14.60472 15.83088 
  17.79676 19.21824 19.05192 20.34141 21.68954 20.97838 19.45025 21.00521 20.46474 17.73952 17.72443 18.75635 18.27598 17.01371 17.30435 18.96851 18.38044 16.19011 14.42998 13.70178 12.68934 14.72458 15.76739 
  18.10674 19.34664 19.18828 20.68557 22.21004 21.10113 19.89619 21.67041 21.00661 17.97552 17.4987 18.68919 18.27598 17.563 18.47027 19.99535 18.90363 16.359 15.58123 15.74247 15.30698 15.92314 17.10072 
  18.31717 19.42818 19.39281 20.99397 22.40524 21.28524 20.64068 22.33562 21.71103 18.76219 18.47683 19.5958 19.2714 18.24961 19.45681 21.37701 20.75107 18.6109 16.73248 16.99338 16.27678 16.46249 17.73564 
  18.44526 19.47781 19.52916 21.11259 22.30764 21.31593 20.93443 22.25736 21.65685 18.80152 18.66493 19.76369 19.6032 18.28394 19.5465 21.7656 21.19285 19.34277 17.18297 17.80647 17.52366 17.18162 18.56104 
  18.54591 19.48845 19.7337 21.25493 22.14498 21.31593 21.27338 22.45301 21.54848 19.15552 18.92827 19.93157 19.89814 18.3526 19.50166 21.72243 21.31334 19.56796 17.38318 18.43193 18.28565 17.66105 19.57692 
  18.59166 19.51326 19.83823 21.42099 22.04739 21.28524 21.40896 22.68779 21.49429 19.19485 18.92827 20.03231 20.15622 18.48992 19.63618 21.72243 21.31334 19.62426 17.5834 18.8072 18.56274 17.66105 19.76739 
  18.53676 19.53453 19.80836 21.49216 21.98232 21.1625 21.36377 22.68779 21.33173 19.11619 18.89065 20.03231 20.30368 18.38693 19.59134 21.50654 21.19285 19.56796 17.5834 18.61956 18.90909 17.96069 19.32295 
  18.52761 19.55581 19.80836 21.56333 21.94979 21.07044 21.34117 22.68779 21.27754 18.95885 18.77779 20.06589 20.45115 18.18095 19.45681 21.54972 21.3535 19.62426 17.28308 18.74465 18.83982 18.02061 18.94199 
  18.53676 19.56644 19.85316 21.6345 21.88473 20.9477 21.22819 22.45301 20.95242 18.80152 18.62731 19.99873 20.41429 18.07795 19.18775 21.42019 21.23301 19.45537 16.98275 18.68211 18.77055 17.96069 18.24358 
  18.54591 19.56999 19.88303 21.68194 21.78713 20.76358 21.25079 22.49214 20.78986 18.68352 18.51445 19.898 20.30368 18.04362 19.32228 21.42019 21.19285 19.23018 16.9327 18.55702 18.97836 18.38018 17.79914 
  18.57336 19.56644 19.94276 21.75311 21.7546 20.64084 21.31857 22.49214 20.51893 18.48685 18.32635 19.73011 20.11935 17.94063 19.2326 21.33384 21.11253 19.17388 16.83259 18.61956 18.90909 18.38018 17.41818 
  18.58251 19.53808 20.01743 21.84801 21.72207 20.5181 21.38637 22.60953 20.35637 18.29018 18.13825 19.5958 20.08248 17.97496 19.14291 21.2043 21.07236 18.94869 16.68242 18.55702 18.77055 17.66105 16.97374 
  18.59166 19.47072 20.0921 21.87173 21.59194 20.33398 21.36377 22.76605 20.08544 18.05418 17.87491 19.42791 19.97188 17.87197 18.69448 20.90207 20.79123 18.6109 16.53226 18.1192 18.07784 17.00184 16.4658 
  18.62825 19.39981 20.2713 21.87173 21.39675 20.11918 21.18299 22.64866 19.81451 17.81818 17.57395 18.82351 19.45573 17.49434 18.11152 20.51347 20.71091 18.38571 15.73139 17.30611 17.80075 16.76213 15.30793 
  18.64655 19.37145 20.4505 21.87173 21.29915 19.96575 20.97963 22.29649 19.76032 17.62152 17.46108 18.82351 19.34513 17.46001 17.79762 20.38394 20.42978 18.04793 15.98166 17.24356 17.24658 15.86321 16.33882 
  18.6557 19.38563 20.59984 21.91918 21.29915 19.78164 20.70847 21.59216 19.38102 17.46418 17.38585 18.99139 19.45573 17.28835 17.43888 20.21124 20.38961 17.65384 16.03172 17.61884 17.52366 16.04299 17.2912 
  18.68315 19.43881 20.67451 21.77684 21.16903 19.59752 20.68587 21.00521 18.94752 17.26751 17.34822 18.99139 19.34513 16.87639 17.08013 19.99535 20.10848 17.37235 16.08177 17.61884 17.45439 15.38378 17.48167 
  18.64655 19.49908 20.65957 21.56333 20.94131 19.50546 20.61808 20.73129 18.51403 16.95284 17.04726 18.72277 19.08706 16.80773 16.99045 19.77946 19.78719 16.86568 15.58123 17.49374 17.45439 14.84443 17.2912 
  18.6191 19.52744 20.67451 21.42099 20.68105 19.47478 20.70847 20.57478 18.14814 16.71684 16.7463 18.28626 18.60778 16.60174 16.81107 19.3477 19.62654 16.47159 15.23085 17.18102 17.03876 14.32525 17.16421 
  18.55506 19.53808 20.62971 21.16003 20.35573 19.38272 20.79885 20.45739 17.62613 16.38966 16.5582 18.31984 18.64465 16.73907 16.99045 19.47723 19.50605 15.92756 15.13074 16.93084 16.69241 13.70421 16.71977 
  18.44526 19.47426 20.59984 21.01769 20.10934 19.30213 20.88924 20.30087 17.1787 16.06247 16.1967 17.95048 18.23911 16.43009 16.75016 19.17499 19.22492 14.87792 14.7303 16.30538 16.06896 14.04578 16.14834 
  18.32632 19.46717 20.56997 20.75674 19.69869 19.22154 20.82145 20.11156 16.73127 15.73528 15.89546 17.7389 18.12851 16.3271 16.62833 19.04546 19.02411 14.62801 14.48003 15.86756 15.86115 15.02422 16.21183 
  18.16163 19.375 20.43557 20.42462 19.28804 19.06037 20.4825 19.54363 15.98554 15.21177 15.41346 17.38628 17.67234 16.08484 16.44558 18.81462 18.8233 13.67834 13.75527 14.86683 14.61426 15.26393 15.00163 
  18.05507 19.28244 20.28623 20.09178 18.79527 18.89919 19.98537 18.88105 15.46354 14.75371 14.87121 16.68102 17.06411 15.4792 15.83642 18.12213 17.93758 12.22883 12.01523 13.04644 14.11644 14.96429 15.11649 
  17.90009 19.15404 20.19663 19.84216 18.46675 18.73802 19.45025 18.12382 14.79238 14.29565 14.50972 16.25786 16.68397 15.05525 15.53184 17.8913 17.49471 11.47909 11.76665 11.99061 13.78455 14.57367 14.7719 
  17.69344 18.89725 19.97263 19.50932 18.0561 18.25449 18.82595 17.36659 14.34495 13.70671 14.08797 15.69366 16.07574 14.51018 14.92268 17.04491 16.53518 11.02925 10.87888 12.09983 13.68499 14.3563 13.89128 
  17.43512 18.51206 19.7337 19.2597 17.64545 17.85155 18.29083 16.60936 13.97209 13.24864 13.54572 15.2705 15.6956 13.9651 14.55718 16.58325 16.0185 11.12921 10.87888 11.66294 12.58978 13.20738 13.54669 
  17.02182 17.87007 18.98374 18.76045 16.82415 17.12627 17.57734 15.09489 12.62978 12.79058 12.40098 13.78946 14.099 12.75382 13.15612 15.58298 15.13277 11.27916 10.34621 11.29886 11.29543 12.33792 12.97237 
  16.60852 16.7145 17.14295 17.51232 15.59221 15.75628 16.23955 13.67508 12.03321 12.07076 12.52148 13.29578 12.73049 11.90592 12.18146 13.19772 13.65656 12.17885 11.62461 11.11682 11.6605 12.21371 12.43634 
  15.6786 14.91695 14.68856 15.09928 13.86748 14.62805 14.63419 14.24301 13.30094 12.52883 12.82273 13.93051 13.79489 13.05664 12.36421 12.35133 12.84465 12.47875 12.05074 12.09983 12.45702 12.18266 12.20661 
  13.25046 13.05519 13.6659 13.10228 13.53896 13.17748 14.18826 14.33766 14.27038 12.92145 12.94322 13.36631 13.5668 13.78341 12.66879 12.73605 13.28751 12.57871 12.29932 12.68236 12.92166 12.21371 12.35976 
  14.12872 12.8626 11.75693 11.68773 11.40359 12.45219 14.45582 14.0537 13.37551 12.6597 12.58173 12.52 13.11063 12.81438 11.63322 12.04356 12.40178 12.0289 10.91439 11.18964 11.39499 11.62373 11.74715 
  13.25046 13.50458 11.27969 11.18848 11.48572 12.53278 12.76128 13.39112 12.62978 12.20164 11.61773 12.44947 13.41474 12.93551 11.20681 12.27439 12.10654 11.52907 11.05643 11.40808 11.89282 11.84109 11.67058 
  13.71542 13.44038 12.23417 11.85415 11.23933 11.96866 12.93965 13.48577 12.8535 11.35095 11.97923 12.59052 12.80652 11.66366 11.08498 11.88967 11.8113 11.02925 11.09194 10.78915 11.19587 11.53057 11.67058 
  13.56044 12.6058 11.21151 11.43811 11.89637 11.88808 12.58291 11.97131 11.58577 11.80901 12.70223 13.15473 12.27432 11.84536 11.20681 11.27412 11.73749 11.17919 11.19848 10.82556 11.85963 11.93425 12.51291 
  13.56044 13.44038 12.09782 11.85415 10.58229 11.7269 11.69105 11.782 11.95863 11.48182 12.82273 14.00104 11.81815 12.20874 10.65857 11.04329 12.25416 11.87895 10.9499 11.40808 11.9592 12.24477 12.51291 
  14.59369 13.50458 14.21132 13.51832 12.79979 12.61337 12.04779 11.68735 10.98919 10.89288 12.52148 13.15473 11.89418 11.72423 10.96315 11.50495 11.95892 12.17885 11.19848 11.80857 12.05876 12.08951 12.51291 
  14.12872 14.72435 14.75674 14.10078 13.53896 13.17748 11.60186 12.25527 12.03321 11.6127 13.00348 13.29578 12.65446 12.02705 11.26772 11.65884 12.18035 11.62904 10.91439 11.73575 12.12514 12.15161 12.39805 
  12.7855 14.01817 13.46137 13.18548 14.03174 12.53278 9.907319 11.40339 11.36205 11.80901 11.85873 13.36631 12.95857 12.08761 11.45047 11.65884 11.88511 11.87895 11.41154 11.62653 12.19151 12.21371 12.32147 
  12.57885 13.50458 14.14314 12.10378 11.73211 11.48514 11.78023 11.68735 11.80949 11.41638 12.22023 12.44947 13.11063 12.08761 11.9378 11.73578 12.32797 12.52873 11.09194 11.4809 12.12514 12.52423 12.89579 
  13.87041 14.46756 13.93861 12.60303 11.89637 11.40455 11.51267 11.49804 11.36205 11.54726 11.79848 12.87263 12.57843 12.02705 11.51139 11.88967 12.32797 11.87895 11.44705 11.73575 12.32427 12.58634 13.04894 
  12.88882 12.54161 13.39319 13.18548 12.22488 11.64631 12.22616 11.59269 11.95863 11.28551 11.91898 12.94315 12.80652 11.23971 11.32864 11.35106 11.51606 11.67902 10.91439 11.22604 12.5234 12.46213 12.5512 
  14.23205 14.72435 13.73408 13.43511 12.38914 12.04925 11.3343 12.16062 11.73492 10.63113 11.37673 11.95579 12.04623 11.72423 10.59765 11.35106 12.03273 12.07889 10.87888 11.59012 12.09195 12.0274 12.05346 
  13.35379 13.18359 12.98413 13.60153 12.63553 11.64631 11.51267 11.59269 11.43663 10.17307 11.79848 12.37895 12.73049 11.90592 11.51139 11.12023 12.03273 12.17885 11.16297 11.80857 12.25789 11.99635 12.01517 
  13.04381 13.31199 13.12048 12.93586 11.56785 11.00161 10.79918 10.64615 10.39261 10.76201 11.91898 12.2379 11.89418 10.93689 11.14589 11.27412 11.66368 11.77899 10.77234 11.11682 11.6605 11.68583 11.82373 
  13.97374 14.08237 12.98413 12.02057 11.07507 11.24338 10.26406 11.02477 11.36205 10.10763 11.85873 12.8021 11.43801 10.87633 10.04941 11.35106 11.51606 11.57906 10.6303 10.46148 11.6605 11.77899 12.01517 
  12.21721 11.70703 12.64324 13.01907 11.23933 11.80749 10.26406 9.983576 10.54176 9.715001 10.59349 11.95579 11.28595 10.57351 9.927575 10.11996 11.44225 11.32914 10.87888 11.08041 11.49456 12.21371 12.01517 
  13.25046 12.47741 12.91595 12.18698 10.91081 10.59868 11.06674 10.17288 10.31804 10.50025 11.01524 10.82738 10.98183 10.63407 9.866659 10.11996 11.44225 11.32914 10.84337 11.08041 11.29543 11.40636 11.67058 
  13.1988 14.01817 13.25684 11.52132 11.23933 10.92103 10.97756 9.794268 10.31804 10.2385 10.89474 11.46211 10.60169 10.08899 10.47582 10.50468 10.99938 10.92928 10.34621 10.86196 11.16268 11.31321 11.70887 
  12.83716 12.991 13.12048 12.51982 12.22488 11.0822 10.44244 10.74081 10.91462 10.10763 11.13574 11.32106 10.44964 9.362226 10.17124 10.50468 10.99938 10.67937 10.41723 10.75274 11.16268 11.22005 11.594 
  12.68217 13.18359 12.84777 10.43961 10.91081 9.792801 9.372202 9.699614 9.796034 9.191499 10.23199 11.39159 10.22155 9.42279 9.622996 10.73551 10.48271 10.42945 10.06213 11.08041 10.99674 11.03374 11.55571 
  12.42386 12.7342 12.64324 11.27169 11.07507 10.03456 9.818133 9.510305 9.423172 9.649564 10.41274 10.3337 9.993465 9.42279 9.56208 10.65857 10.77795 10.72935 9.816339 10.31585 10.93036 11.00269 11.36427 
  13.50877 13.31199 12.37053 11.18848 9.843121 9.631625 9.461388 9.226343 9.572317 9.387813 9.689745 9.698969 9.233181 9.059405 9.074753 9.735239 10.4089 10.17954 9.628704 10.46148 10.73123 10.78532 11.36427 
  11.49394 12.8626 12.71142 11.18848 10.74655 9.551038 9.550574 8.185149 8.752021 9.191499 10.29224 10.19265 8.548925 8.756584 9.196585 9.504407 10.18747 10.47943 9.679877 10.31585 10.36616 10.44885 11.17283 
  12.06222 12.6058 12.02964 12.02057 10.66442 9.228687 8.658711 8.134675 8.369444 7.962052 9.569246 10.12212 9.005096 8.998841 9.013837 9.029139 9.596981 10.02959 9.696935 10.1829 10.49891 10.35825 10.83627 
  12.06222 11.12924 11.00698 10.93886 10.82868 10.19574 9.015456 8.65842 8.752021 8.471684 9.267998 10.0516 8.700982 9.059405 9.196585 9.350519 9.670792 9.665717 9.662819 9.898194 10.56529 10.97163 10.56395 
  12.52719 11.64283 11.00698 9.773939 10.08951 9.067513 8.386162 7.983252 7.768252 7.999928 8.737223 9.134763 8.028773 8.466395 9.074753 9.350519 9.375549 9.329911 9.611646 10.35225 10.05715 10.20292 10.73037 
  12.47552 12.28481 11.27969 10.3564 10.66442 9.47045 8.508404 8.185149 7.986868 8.340808 8.30111 8.923185 8.081358 8.267485 8.079504 8.983459 8.890626 8.784225 9.338722 10.05241 10.33526 10.94058 10.7455 ]
