 [
  5.897986 4.7384 3.349891 5.34307 6.534683 5.724125 5.40377 5.278856 5.831403 6.794358 6.573595 6.822011 7.997486 8.263653 8.928667 8.797995 9.008943 9.215753 9.497231 9.458297 10.38284 10.37815 10.69833 
  6.110234 4.781016 4.699231 5.34307 5.771536 3.723992 4.576352 5.083498 5.746045 6.326903 6.573595 7.051672 7.747576 8.057852 8.023143 8.317007 8.955572 9.264555 9.54216 9.622366 9.91985 10.40152 10.74408 
  6.251733 5.548091 4.474341 4.964465 4.292244 5.426965 4.864034 5.843772 6.172835 6.579638 7.621168 7.69761 8.122441 8.469455 8.450133 8.289101 8.803411 9.313356 9.721871 9.433686 10.04618 10.65856 10.76695 
  5.312899 4.781016 4.361897 4.833755 5.618906 4.708523 4.775517 5.173663 5.746045 6.381191 6.086303 7.395211 7.622621 6.568205 7.719897 8.205381 8.955572 9.119109 9.587088 9.392669 9.649108 10.45993 11.33879 
  4.172242 3.843479 3.844649 4.621353 4.981009 4.256171 4.399317 5.188691 6.172835 6.579638 6.508622 7.69761 8.184918 7.764461 8.330501 9.079949 9.275795 9.654971 9.474768 9.992911 10.27763 10.04477 10.67546 
  4.362351 3.502557 4.384385 4.523321 4.421388 4.01669 4.266541 4.948249 5.148538 5.621162 7.308541 7.281334 7.935009 8.400854 8.509951 8.657017 9.382536 8.739969 9.676944 10.18366 10.55117 10.50667 10.53822 
  5.968736 4.397478 4.880054 4.490644 4.485959 5.373747 4.200153 5.549353 5.421684 6.254519 6.687296 6.707181 7.997486 7.85205 8.196426 8.704009 9.062313 9.654971 9.564624 9.236803 10.02514 10.54172 10.58396 
  5.091105 3.119019 4.249451 4.882771 4.873389 5.486397 5.40377 5.308911 5.080252 5.928793 6.151275 6.946411 7.685098 8.332253 8.809033 8.704009 9.275795 9.557367 9.609551 10.31082 10.1093 10.2867 10.74408 
  6.322483 4.269632 4.137006 5.34307 4.916437 4.495651 3.868213 5.684601 5.507042 6.579638 6.833484 7.032534 7.219457 7.85205 8.450133 8.891979 9.008943 9.059636 9.474768 9.67979 9.543819 10.20131 10.67546 
  6.53473 6.022949 4.249451 5.512088 6.076795 5.214093 6.000161 6.35717 6.378879 6.686998 7.05844 7.395211 7.376243 8.195053 8.509951 8.610024 9.008943 9.508565 9.263744 9.759779 10.1093 10.43657 10.69833 
  6.180984 5.335015 4.789187 5.242222 4.787293 4.868176 5.701966 5.729683 5.677758 6.290711 6.995914 7.223918 7.622621 7.688508 8.330501 8.596071 8.356441 9.081939 9.676944 9.886942 9.859685 10.11593 10.41362 
  6.180984 6.455191 6.788251 5.850124 6.305739 6.021285 4.686999 5.669573 5.882618 6.740678 7.120965 7.62201 7.622621 7.688508 8.167546 8.344913 9.222425 9.264555 9.474768 9.844554 9.995056 9.938042 10.23771 
  5.027735 5.763604 5.788719 4.931787 5.088628 5.545829 5.284492 5.786727 6.739454 6.381191 7.183491 7.546411 7.747576 7.92065 8.095345 8.261194 9.008943 8.925822 9.474768 10.16246 9.679191 10.23689 10.5089 
  5.756488 5.850052 5.606986 6.019143 4.593579 5.842988 6.417635 6.300126 6.155764 6.686998 6.947186 7.195211 6.97308 7.745473 8.749217 9.126942 8.908022 9.557367 9.519695 9.759779 9.91985 10.30804 10.06913 
  6.039485 5.590707 5.334386 6.610706 5.695221 6.853333 7.729696 6.186037 7.15154 7.492198 7.371067 8.07561 7.08507 7.764461 8.509951 8.554212 8.955572 9.410961 9.350072 9.802167 10.27763 10.56509 11.2473 
  4.86931 4.994092 5.152654 5.934634 5.542592 6.140149 6.596552 6.300126 6.327368 6.001177 7.05844 8.30241 7.685098 7.612556 8.629583 8.442586 8.955572 9.313356 9.676944 9.759779 9.837124 10.30804 10.62971 
  3.982133 3.630403 3.664737 4.801078 4.37834 5.027831 5.463409 5.594435 6.002119 6.218328 6.622324 7.195211 7.40984 7.764461 8.210867 8.456539 9.222425 9.606169 9.856655 9.171175 9.972494 10.38983 10.15709 
  3.728653 2.863327 3.417358 4.637691 5.131676 5.267311 5.344131 5.900816 5.387541 5.36782 5.956358 6.726319 6.928284 7.536602 8.181986 8.554212 8.879492 9.313356 9.834191 9.992911 10.27763 9.852656 10.53822 
  4.647516 4.56794 3.687226 4.212886 4.701198 5.605261 4.731258 5.729683 6.104549 6.254519 7.183491 7.47081 7.566626 8.195053 8.509951 8.610024 9.008943 9.126543 9.519695 9.908136 9.79952 10.71698 10.36231 
  4.520776 3.630403 4.316918 4.343596 5.466277 4.628696 4.64274 5.699628 6.121621 6.489766 7.120965 7.109088 6.905886 8.126452 8.629583 8.704009 9.008943 9.111675 9.587088 10.24724 10.48805 10.25112 10.83557 
  6.959227 6.109397 6.424785 6.864233 7.1452 7.447652 7.729696 8.011453 8.181755 8.458438 8.433998 8.83161 9.059605 9.361262 9.706284 10.16078 10.3432 10.09419 9.856655 10.0353 10.17243 10.56509 10.50157 
  10.49669 12.85237 13.23977 13.96299 14.31878 14.33139 14.38636 14.96596 15.23428 15.21881 14.87411 15.8624 15.55727 15.87832 16.62299 17.45838 17.99454 17.41323 16.46751 16.31803 16.42197 16.29 15.94627 
  11.06269 11.98789 12.14937 13.79398 13.78458 13.29369 13.02704 13.71016 14.05901 14.05947 14.99916 16.6184 14.9325 16.49572 17.1002 18.91137 21.7378 20.10723 19.97488 19.70585 19.19963 18.8874 19.25324 
  10.28444 11.03695 11.05898 12.10379 12.71617 12.14278 12.14299 11.9475 11.83902 12.3234 16.04972 18.18756 15.49479 17.98718 18.37277 18.83872 21.83378 21.22198 21.95731 20.61795 18.99388 19.24159 19.25324 
  11.77018 11.98789 11.87678 12.44183 12.3346 11.54846 12.26227 12.51795 12.35413 12.48444 15.64566 17.4048 16.38285 17.88791 18.17393 19.20197 21.35387 21.31487 19.36491 18.53314 17.86224 18.29708 18.24278 
  11.55793 11.72854 11.96764 11.76576 12.94512 13.03426 12.56046 13.03135 13.82396 13.397 14.18633 16.9964 16.25567 17.42465 18.05462 17.53103 18.76239 18.52799 17.22998 17.23013 16.93636 16.64419 16.49743 
  10.99194 12.33368 12.51284 13.54045 13.02143 11.66732 12.9183 13.33681 12.56017 13.28964 14.93664 17.9153 15.74693 16.69668 17.06043 14.98831 17.2267 16.11269 16.16252 15.53623 14.87883 15.22742 14.75209 
  14.31716 17.31739 16.75833 15.82219 15.00561 12.67767 12.14299 12.17568 11.68449 11.94764 14.31138 16.0892 14.62011 14.78071 14.37198 12.83935 14.87969 14.48637 13.8751 13.84232 13.54144 13.3384 13.19156 
  16.21705 19.21861 18.19582 19.27071 17.80966 15.49881 14.60385 14.32109 13.78478 14.59774 15.76687 17.3027 15.61975 16.01552 15.68795 13.30927 15.0398 14.9744 12.19291 13.84232 14.87883 14.6371 14.66023 
  16.69669 19.25994 18.40721 19.81326 16.82765 16.14738 15.6913 14.49079 14.37242 14.97038 16.17093 18.0174 16.46764 17.15994 16.26508 13.49724 15.78699 15.834 12.65514 14.49382 14.67308 14.28291 14.84395 
  16.76521 19.21861 18.6186 19.87354 17.17135 16.73109 16.01753 14.72838 14.725 15.50864 17.05986 18.52789 16.97637 17.72246 17.13997 14.57807 16.07493 16.11269 12.65514 14.62412 15.08458 14.51904 14.20093 
  16.83372 19.13595 18.78772 19.87354 17.56416 16.99052 16.23502 14.9999 14.80335 15.71567 17.54473 18.62999 17.69708 18.41734 17.81602 14.98831 15.97895 15.7411 12.50265 14.49382 15.29033 14.87323 14.01721 
  16.9365 19.05329 18.95684 19.87354 17.85876 17.12023 16.34377 15.1696 14.84253 15.83988 17.50433 18.28966 17.73948 18.58279 17.93532 15.20625 16.17091 15.834 12.19291 14.10292 14.98171 14.6371 13.37455 
  16.97076 18.9293 19.08367 19.81326 18.05516 17.12023 16.28939 15.13566 14.76418 16.0055 17.42352 18.49386 17.82426 18.64897 17.89555 15.4242 16.84278 16.39138 12.35016 13.19081 14.46733 14.40098 14.10907 
  16.97076 18.80531 19.08367 19.63241 18.15336 16.99052 16.07191 15.10172 14.725 16.0055 17.01946 18.80016 17.73948 18.45043 17.53765 15.13361 16.65081 16.39138 12.35016 13.71202 14.36445 14.16485 14.47651 
  16.9365 18.68131 18.99911 19.45156 18.15336 16.79595 15.85441 14.96596 14.5683 15.92269 17.05986 19.14049 17.69708 18.11954 17.02066 14.77036 16.74679 16.39138 12.50265 13.45141 14.5702 14.6371 14.38465 
  16.9365 18.47466 18.91456 19.08986 18.25156 16.60138 15.58255 14.76232 14.48995 15.59145 16.89824 18.73209 17.69708 18.2519 17.2195 14.84301 16.45885 16.11269 12.80764 13.84232 13.95294 13.22034 13.74163 
  16.90224 18.268 18.83 18.90901 18.25156 16.34195 15.41943 14.69444 14.41159 15.26021 16.77702 18.35773 18.03624 18.2519 17.41834 14.91566 16.45885 15.9269 13.11263 13.58172 13.54144 12.63002 14.20093 
  16.79947 18.02002 18.74544 18.66788 18.20246 16.14738 15.25632 14.62655 14.29407 14.97038 16.49418 18.62999 18.24821 18.35116 17.29904 14.77036 16.45885 16.11269 12.96013 13.19081 13.74719 12.98421 15.21139 
  16.66243 17.77203 18.57633 18.42675 18.20246 15.8231 14.98445 14.45685 14.05901 14.84617 16.09012 18.69806 18.29061 18.48352 16.9809 15.06096 16.55483 15.9269 12.96013 12.79991 13.54144 13.10227 14.10907 
  16.52539 17.40005 18.44949 18.2459 18.20246 15.49881 14.82134 14.32109 13.90231 14.76336 15.72647 17.9153 17.73948 18.21881 16.58322 15.4242 17.03474 16.11269 13.26512 12.40901 12.71843 11.80357 14.20093 
  16.38835 17.15207 18.23809 18.12534 18.05516 15.10967 14.4951 13.94774 13.62808 14.76336 15.68606 17.609 17.73948 17.88791 16.38438 15.7148 17.2267 16.01979 12.50265 12.40901 12.6553 11.60495 13.46605 
  16.25131 16.90409 17.94214 18.00477 17.85876 14.65568 14.11449 13.64228 13.47138 14.47352 15.52444 17.74513 17.40032 17.55701 15.8674 15.4242 16.65081 15.46242 12.65514 11.56126 12.48697 11.21938 13.46605 
  16.08001 16.69743 17.73075 17.64307 17.51506 14.26654 13.78826 13.33681 13.19714 14.10088 15.48403 17.4048 17.06116 17.19303 15.20942 15.06096 15.78699 14.48637 11.90088 10.69231 11.05616 10.88055 13.05432 
  15.84019 16.39676 17.30796 17.64307 17.26956 13.68283 13.24453 12.86021 12.76621 13.47981 14.99916 16.8452 16.0013 16.56432 14.01308 14.62506 14.98643 13.94955 11.60884 10.64992 10.90887 10.62351 12.75696 
  15.46334 16.05096 16.88517 16.97996 16.68035 12.91539 12.6201 12.00455 11.94204 12.8602 14.56148 15.4844 14.87002 15.53531 12.81675 13.54423 13.5988 12.09507 9.968975 9.738585 10.44597 10.42488 12.13937 
  15.12074 15.70517 16.4201 16.43742 16.04205 11.84562 11.78516 11.14889 10.96334 12.16236 13.68613 13.82121 13.62047 14.0947 11.5606 12.04047 12.10443 11.21664 9.834191 10.14127 10.69846 10.49499 11.61328 
  14.8124 15.61872 16.05663 15.65317 15.15824 11.31073 10.95021 9.836868 9.933121 11.62556 12.99835 12.46041 11.62118 12.31109 10.54372 10.86566 10.55668 10.63101 9.321297 9.581348 10.00258 10.27247 11.13293 
  14.60015 16.22386 15.6023 16.07572 14.47141 11.073 10.41346 9.665735 9.16046 11.30348 12.31057 11.09961 10.87145 11.41928 9.706284 10.16078 9.862869 9.801377 9.609551 9.605959 10.08826 10.31973 10.85845 
  13.46816 14.84068 13.14891 13.45594 11.95302 8.636292 8.624283 7.897365 8.284777 9.746758 10.62239 9.738809 9.93429 10.59607 8.988483 9.408896 9.542646 9.186016 9.215785 9.646976 10.40388 10.89223 11.17868 
  14.17566 16.31031 14.05757 12.94888 10.2741 9.290044 8.564644 7.84032 7.357583 9.800437 9.997131 8.756009 9.059605 9.361262 8.689401 8.938972 9.169054 9.557367 9.359664 9.581348 10.1093 10.44825 10.47958 
  14.31716 16.6561 14.42104 13.62496 10.42673 10.24096 9.876703 7.783276 8.387797 9.693077 9.496929 8.907209 9.122082 9.567064 9.108117 8.985964 8.841452 9.215753 9.254152 10.18366 10.3618 10.2867 10.32566 
  14.24641 16.73876 14.60277 13.54045 10.50305 10.59755 10.71165 7.612143 7.975712 9.800437 9.309353 8.07561 8.497307 9.01826 8.569767 8.985964 8.841452 9.313356 9.654479 9.759779 9.934892 10.22977 10.48691 
  14.10491 16.69743 14.69364 13.28692 10.42673 10.59755 11.2484 7.897365 8.593841 10.28356 9.684505 7.77321 8.372352 9.361262 8.080904 8.797995 9.222425 9.074505 9.632015 9.92933 10.29868 10.64688 10.65258 
  14.03416 16.39676 14.2393 12.35732 9.434641 10.12209 10.53273 8.068497 7.975712 9.478357 9.184302 8.30241 7.685098 8.675257 8.689401 9.314912 8.927042 9.362159 8.966393 9.614162 10.19347 10.1515 10.53822 
  13.53891 15.70517 13.33064 10.75165 8.900437 8.041972 8.564644 8.695984 7.615136 10.4446 9.62198 8.00001 7.872531 8.881059 8.629583 8.938972 9.169054 9.141412 9.398032 9.696198 9.995056 10.12304 10.94994 
  12.68992 14.49489 11.78591 8.554415 7.526773 7.98254 8.08753 7.498055 7.666647 9.961477 9.246828 8.453609 7.747576 7.631544 8.095345 9.032957 8.860472 9.362159 8.860882 9.630569 10.40388 10.31973 10.32566 
  11.34568 12.67947 9.332514 7.540306 5.924165 6.259013 6.77547 7.498055 7.563625 10.713 10.30976 7.92441 7.454636 7.92065 8.037583 8.751002 9.542646 9.264555 9.609551 10.14127 10.31972 10.20131 10.52356 
  8.72796 10.43182 8.787313 5.427579 6.305739 8.2797 8.385726 7.212833 7.718158 10.06884 9.809556 7.62201 7.387442 8.195053 8.095345 8.657017 8.927042 9.19345 9.699408 9.646976 10.29868 10.29381 10.28169 
  6.888477 8.702848 7.787783 6.864233 6.763627 7.98254 8.385726 7.612143 7.615136 10.12252 9.434403 7.319611 7.499432 7.783449 7.647696 8.498399 9.115684 9.362159 9.110273 9.400872 10.13035 10.25824 10.28902 
  7.242224 9.13509 7.696916 7.033251 6.305739 7.38822 7.610417 6.471259 7.100029 8.565798 8.308947 7.195211 7.253054 7.66952 7.676576 8.751002 9.008943 9.264555 9.474768 9.573145 10.19347 10.60014 10.56109 
  5.312899 6.887433 6.788251 7.878342 7.221515 6.675036 6.835109 6.927612 6.739454 7.384838 7.183491 7.281334 7.747576 8.400854 8.210867 8.344913 8.936552 9.215753 9.359664 9.950523 10.06722 10.49499 10.42827 
  4.615831 6.022949 5.788719 7.455796 6.305739 6.080717 7.133305 6.528303 6.224346 7.277478 7.183491 7.08995 7.600223 7.555591 8.095345 8.261194 9.222425 9.410961 9.455584 10.12007 10.08826 10.51835 10.31833 
  5.827237 6.455191 6.515651 6.357179 5.847851 6.853333 7.073666 5.50427 5.985047 6.037368 6.898456 7.47081 7.747576 7.441662 8.080904 8.275147 8.556151 9.264555 9.676944 9.802167 10.27763 10.4833 10.53822 
  5.897986 6.195846 6.243052 5.850124 5.771536 6.080717 5.821244 5.786727 6.327368 7.009078 7.558643 7.319611 7.510631 7.612556 8.330501 8.704009 8.746351 9.459763 9.321297 9.92933 9.942412 10.4132 10.52356 
  5.724803 5.850052 5.697853 4.964465 5.131676 4.415824 5.284492 5.579408 5.250968 6.794358 7.746219 7.546411 7.685098 7.92065 8.270683 8.938972 8.898512 9.410961 9.766799 10.0141 10.13035 10.62351 10.94994 
  5.503009 4.65317 5.152654 4.89911 4.916437 4.469042 4.620611 5.786727 6.739454 7.653238 7.496118 7.310041 7.544228 7.92065 8.153106 8.844987 9.115684 9.044768 9.369256 9.844554 9.927371 10.3431 10.56109 
  5.217844 5.850052 4.766698 5.427579 4.808817 3.936863 5.173845 5.233773 6.636432 6.740678 7.246016 7.395211 7.353845 7.555591 8.270683 8.358867 8.546641 9.410961 9.497231 9.865748 9.949933 10.45993 10.8127 
  4.679201 5.677155 4.789187 5.512088 5.695221 4.735132 5.523048 4.767919 5.370469 6.525958 6.86597 6.726319 7.040274 7.726484 8.080904 9.079949 9.382536 8.910954 9.398032 9.4665 10.44597 10.38983 10.67546 
  5.344584 5.505476 4.002072 4.425289 4.012434 4.761741 4.686999 5.173663 6.036263 6.794358 6.687296 7.195211 7.622621 7.66952 8.390317 8.540258 8.917532 9.362159 9.766799 9.605959 10.3618 10.58846 10.8127 
  3.823708 4.227017 4.766698 5.258561 4.916437 5.400356 4.576352 5.203718 5.89969 6.417383 6.995914 7.62201 7.872531 8.538055 8.629583 8.657017 9.115684 9.081939 9.519695 9.2286 10.13035 10.33141 10.15709 
  5.566379 5.462861 4.721721 5.225884 4.981009 5.664693 4.99681 6.071949 6.790964 6.525958 6.752268 7.319611 7.935009 8.126452 8.270683 9.126942 9.222425 9.752575 9.632015 10.07769 9.79952 10.2867 10.85845 
  6.676229 5.763604 4.181984 4.670369 5.542592 5.400356 4.797646 6.243082 6.636432 6.901718 6.719782 6.783735 7.685098 7.989251 8.330501 8.704009 8.803411 9.171148 9.699408 9.82336 9.889768 10.47162 10.85845 
  7.312973 6.368742 4.880054 5.850124 5.695221 5.486397 5.463409 6.813524 6.533411 5.711642 6.394921 7.214349 7.320248 7.92065 7.748777 8.610024 9.062313 9.215753 9.564624 10.05649 10.34076 10.90392 10.92707 
  5.756488 6.022949 4.744209 4.735723 5.389963 5.214093 4.686999 5.729683 6.739454 6.109752 6.703539 7.62201 7.622621 7.232791 7.286688 7.71702 8.651251 9.119109 9.273336 10.28963 9.731834 9.881118 10.5089 
  6.039485 6.022949 5.24352 4.801078 5.695221 5.783556 4.598482 5.684601 6.172835 6.489766 6.44365 7.546411 8.184918 8.263653 7.792098 8.135616 8.346931 9.15628 9.417216 9.802167 10.15139 10.20843 10.8127 
  5.756488 6.541639 6.333918 5.596597 5.346915 5.783556 5.085328 6.071949 6.430389 6.489766 6.070059 7.62201 7.872531 7.783449 8.450133 8.657017 8.613212 8.977861 9.924047 10.05649 10.17243 10.38983 11.01856 ]
