 [
  5.442993 4.055854 4.137009 4.614091 5.196028 3.451155 5.39201 6.298329 8.115539 8.708247 7.469421 7.337964 7.944098 7.644539 8.23788 8.343627 8.212293 8.587346 9.29741 9.515532 10.00408 10.58577 10.83382 
  4.679456 4.745197 4.916745 4.318697 5.196028 4.90871 5.861553 6.00332 5.42725 6.608386 5.967208 6.525278 7.666516 7.902196 8.440833 8.68386 8.953648 9.503686 9.73678 10.05736 9.897083 10.24419 10.91028 
  4.87034 3.780116 4.721811 4.503319 4.893215 3.963269 4.687696 5.354298 5.842453 6.303244 7.024442 7.545119 7.112032 7.61591 7.905814 8.493088 9.24867 9.191229 9.607723 10.20475 10.21906 10.66836 10.74835 
  4.259511 5.020935 3.503474 4.42947 4.741808 4.199629 4.050459 4.941284 5.48261 6.890887 6.631052 7.162678 7.264515 8.238667 8.171467 8.493088 8.953648 9.156389 9.243818 9.605739 9.852504 10.36555 10.82932 
  4.106804 3.780116 4.28321 4.244849 4.499557 4.948103 4.788312 4.587272 6.257656 6.747087 6.508118 7.790875 8.221681 7.630224 8.477736 8.352419 8.236599 9.075097 8.78829 9.58982 10.08432 9.91846 10.13698 
  5.901114 3.73416 3.454741 4.614091 4.772089 4.239022 4.788312 6.239327 6.698798 7.133202 7.221136 7.258288 7.555619 8.238667 8.367029 8.378794 8.759193 9.028645 9.100907 10.24406 10.20607 10.39308 10.76635 
  5.519346 3.826072 4.673078 5.278728 5.347435 4.435989 5.056623 6.298329 6.698798 6.663867 6.188489 7.545119 7.888582 7.658853 8.149329 8.643715 9.184029 8.912514 9.056248 10.13597 10.1671 10.60413 10.46649 
  6.206529 4.607328 3.942075 4.540243 5.650249 5.657183 5.559704 6.32783 5.953174 6.830308 7.049028 6.971458 7.666516 7.787682 8.403931 8.317251 8.990108 9.478247 9.437368 10.16545 9.950579 10.42978 11.00024 
  6.698702 5.526453 4.478144 4.540243 4.741808 4.475382 5.157239 5.796813 6.119255 6.719347 7.024442 7.497313 7.278378 8.194689 8.330127 8.475505 9.31331 9.351051 9.659347 9.959097 9.959496 10.35637 10.6404 
  7.218737 6.67536 5.111679 4.983334 5.438279 5.578397 6.062786 5.973819 5.953174 7.314938 7.531493 6.971458 7.597206 8.238667 8.477736 8.924734 8.89288 9.605443 9.731618 9.831354 9.852504 9.91846 10.14414 
  6.698702 5.710279 6.815427 7.664223 8.144546 6.506805 6.85317 6.70326 6.589818 6.469685 7.147376 7.353899 7.777549 7.902196 7.93902 8.000744 8.734887 8.993805 9.190228 9.563288 9.870336 10.47566 11.13518 
  5.633877 6.123885 5.891414 7.176736 7.625857 6.354098 7.378153 6.874203 5.593331 6.497425 6.827747 6.828043 7.181343 8.458553 8.367029 8.528255 8.455359 9.427369 9.793566 9.536757 9.870336 10.27521 10.51663 
  5.557523 5.342628 5.891414 5.832592 5.589685 5.263249 6.062786 6.589298 6.257656 7.133202 7.345279 7.385769 7.486309 8.150712 7.861538 8.844443 8.479667 8.877674 9.69032 9.968924 10.01299 10.39308 10.8608 
  5.71023 5.296672 6.281282 7.257984 7.45296 6.964928 7.640645 7.785901 8.333498 8.465933 7.965992 8.712461 7.888582 7.974802 7.916883 8.422753 8.844267 9.040258 9.478666 9.685334 10.10215 10.30132 11.15767 
  4.106804 5.066891 7.218335 7.501728 7.712305 7.117635 8.231251 8.526655 8.115539 9.435191 9.393633 9.634047 9.109944 8.634462 8.588443 8.643715 9.442591 9.300173 10.02071 10.00823 9.870336 11.04458 11.02723 
  6.130176 6.990139 11.32799 10.83289 7.712305 7.881171 8.231251 8.070807 8.279008 10.04098 9.952276 9.756926 8.887878 8.370599 8.699149 8.603569 9.054748 9.478247 9.50964 10.3325 10.37493 10.29214 10.6449 
  7.664481 10.05923 13.98718 13.9203 10.82444 11.6225 10.06869 8.811561 8.224518 10.04098 11.37992 10.12556 7.666516 8.722418 8.625344 8.185373 8.406746 8.668638 9.540614 9.968924 10.1671 10.37473 10.81133 
  8.55597 10.37401 12.37555 13.43282 12.29405 10.47719 9.674955 8.526655 7.679618 9.798663 11.37992 9.879803 8.055132 9.162191 8.588443 8.764152 9.087069 9.478247 9.208091 9.772397 9.790092 9.786618 10.50946 
  5.748407 7.541001 8.668802 10.3454 8.576786 5.893543 5.593243 6.416334 5.842453 6.414205 6.483531 7.290158 7.722033 7.759053 7.584816 8.563423 8.990108 9.325612 9.587074 9.94927 10.53081 10.53072 10.48798 
  6.359236 4.929022 6.232549 6.608002 6.15624 5.38143 4.385847 6.121324 6.091575 5.80392 6.876921 6.891783 7.777549 7.773367 7.761919 8.643715 8.953648 9.274734 9.217023 9.488999 10.21906 10.42061 11.02273 
  5.519346 5.066891 4.575611 5.832592 5.286872 4.711742 4.85539 6.445835 6.971248 6.525166 6.999855 6.875848 7.777549 7.801996 8.330127 8.924734 9.022428 9.834396 9.288479 9.616352 9.977327 10.66836 10.8653 
  11.08185 13.60049 14.30951 13.27032 11.86181 11.77521 10.85617 8.526655 9.150848 11.25255 12.55927 11.66154 8.832362 10.48151 10.32285 9.687503 10.4122 10.47038 10.02071 11.45276 12.30348 11.68424 11.07671 
  12.93912 15.96133 16.88811 16.03275 14.8875 13.68405 12.89048 9.495335 10.62208 13.31223 14.42141 13.13607 9.49856 11.40504 10.87638 9.968523 10.86468 11.36075 9.994895 11.91466 12.7344 12.13771 10.95076 
  13.0877 15.33177 15.03474 14.40779 13.24498 11.6225 10.98741 7.956844 9.205338 11.25255 12.31099 10.67851 8.166164 9.51401 9.178879 9.005026 9.571872 9.859835 9.912298 10.81399 11.34916 11.27398 11.06321 
  15.5393 17.2746 17.33385 16.52023 15.66553 13.83675 12.29987 10.35005 11.92984 14.46322 15.39273 13.93478 11.05302 13.34004 12.94291 11.17289 12.51301 12.86179 12.86712 13.41582 14.02716 13.95161 13.23478 
  16.05933 17.2746 16.00172 16.11399 14.62815 13.60769 12.75923 9.951183 10.56759 12.40355 13.8007 12.706 11.21957 12.24061 12.24177 12.81887 13.1271 13.5031 14.23339 15.72531 16.18176 15.87887 15.64232 
  16.09804 17.31846 15.43765 15.05777 14.19591 12.30968 10.92179 10.63496 10.5131 10.64676 13.3662 11.90729 10.83095 11.75686 13.08412 13.70207 14.33099 14.42943 14.68882 16.07173 17.15133 17.69277 17.13271 
  15.91075 16.87986 14.793 14.24529 13.50433 10.24813 10.33118 11.09081 11.16698 11.37371 12.74549 12.27593 11.44164 11.58095 12.61079 14.03246 14.89753 14.92823 15.2581 16.64911 17.79771 18.48635 18.04987 
  15.61359 16.51219 14.39009 13.83906 12.89919 9.560951 10.13432 10.74892 11.22147 11.6766 13.05584 12.76744 11.77473 12.0647 13.42118 14.50444 15.81815 14.78571 15.14424 16.99553 17.90545 18.37298 18.3938 
  15.46501 16.27611 14.39009 13.83906 13.07209 9.790012 11.05304 11.20477 12.1478 11.55544 12.99377 13.56615 12.16335 12.76834 13.556 13.70207 15.53488 14.92823 15.59967 17.45742 18.4441 18.48635 18.27916 
  15.5393 16.3548 15.03474 14.57029 13.50433 10.78261 11.44677 11.88854 12.85617 12.76702 13.67656 13.8119 12.94058 13.55993 14.09528 14.41004 16.0306 16.99466 17.0798 18.0348 18.55182 18.59972 18.16451 
  16.19479 17.66934 16.72695 17.20519 15.49263 13.30228 12.62799 13.25609 13.56454 13.19107 14.54556 15.52434 14.77262 14.40582 14.36492 14.50444 15.53488 15.71204 17.19366 18.26575 18.33636 18.48635 17.24735 
  16.94947 18.76585 18.26246 18.88373 16.09777 15.05841 13.74358 13.02816 13.18311 13.91801 15.1042 16.55955 15.45418 15.05651 14.43233 13.14003 14.61426 15.28451 15.71352 16.30268 16.28949 15.87887 15.87161 
  17.18168 19.3799 18.89392 19.82174 16.53001 15.66924 14.59667 13.54099 13.29209 14.28149 15.31725 17.19218 17.04447 17.33393 16.72429 14.03246 15.32243 15.92581 13.77797 13.99319 13.27305 12.36445 13.808 
  17.16233 19.51148 18.93106 20.01922 16.70291 15.91198 14.86769 13.65495 13.34658 14.34206 15.16627 17.01964 17.49883 17.52913 17.26358 15.11801 16.24306 15.7833 13.09483 13.0694 13.05759 12.25108 13.46407 
  17.22038 19.51148 19.00535 20.11795 16.8758 16.07837 15.1929 14.18718 13.63752 14.5238 15.6192 16.90462 17.89641 17.399 17.19617 15.77878 17.44695 16.85214 12.75326 11.45276 11.76483 12.02434 14.38123 
  17.25908 19.42376 19.11679 20.06858 17.0487 16.1893 15.35551 14.12743 13.34658 14.58438 15.39273 16.90462 18.35077 17.5942 16.72429 16.48675 17.58858 16.56712 12.07012 11.79918 11.76483 11.4575 14.72516 
  17.27843 19.24832 19.22822 19.96985 17.13321 16.24476 15.40971 13.94817 12.96515 14.85348 15.16627 16.27199 17.55563 17.65927 16.85911 16.58114 16.80959 15.35576 11.04541 11.33728 11.34916 11.42997 14.26658 
  17.27843 19.11674 19.22822 19.82174 17.21772 16.1893 15.3013 13.76892 12.80168 14.76378 14.91798 16.09946 17.44204 17.5942 16.58947 16.67554 16.17224 14.57194 10.36228 10.76486 10.98545 11.17304 13.46407 
  17.25908 18.94129 19.15393 19.47616 17.25997 16.13383 15.03029 13.48401 12.91066 14.58438 14.73177 15.92692 17.21485 17.20379 16.05019 16.10917 14.61426 13.64561 9.788404 10.47007 10.81658 11.2281 12.20297 
  17.22038 18.76585 19.00535 19.22931 17.25997 15.96745 14.81348 13.42703 13.29209 14.58438 15.69469 16.50204 16.93087 15.90241 15.71313 16.10917 13.76445 13.14682 9.514802 10.00823 10.14112 10.49401 12.08832 
  17.10427 18.54655 18.74534 18.88373 17.30223 15.7456 14.53105 13.42703 13.63752 15.12258 16.82701 16.73208 16.13573 15.18665 13.89305 14.36284 12.54533 11.81865 9.566425 10.32267 10.36194 10.01153 11.17116 
  16.93012 18.15181 18.41104 18.29131 17.38673 15.28747 14.00607 13.37005 14.14835 16.10929 16.97799 15.75439 15.79495 14.40582 12.64769 13.05974 11.89893 11.03004 9.705807 10.46024 11.37514 11.09963 11.40045 
  16.75596 17.75706 18.07674 17.79762 17.47124 14.82935 14.00607 13.59797 14.2943 16.28869 15.99664 14.97925 14.71711 13.25209 12.53698 13.14003 11.2202 10.26686 9.778079 10.36198 10.93349 10.77847 11.28581 
  16.62051 17.4939 17.89102 17.69888 17.68252 14.90571 14.33418 14.12743 15.02406 16.28869 15.39273 14.36485 14.38401 12.6364 11.61443 12.4977 11.2202 10.08879 8.824018 9.851007 10.5438 10.56742 10.67639 
  16.52375 17.23074 17.89102 17.9951 18.14732 15.28747 14.86769 14.72494 15.68084 16.46809 15.16627 14.85637 14.38401 12.0647 11.68823 12.69843 10.99396 9.630882 9.840026 10.99086 12.51894 12.36445 12.20297 
  16.52375 17.18688 18.03959 18.53815 18.78113 15.91198 15.68072 15.50171 16.19167 17.45479 15.77017 15.40932 14.55056 12.54845 12.27867 13.38091 11.96357 10.52125 9.865838 10.78451 12.08802 12.02434 11.85903 
  16.5818 17.23074 18.22532 19.08121 19.45721 16.74392 16.49376 16.21873 16.99441 18.6209 17.35543 16.73208 15.51097 13.34004 13.01671 14.45724 12.8039 11.08092 9.685158 10.75503 11.67391 10.83353 11.13068 
  16.65921 17.2746 18.26246 19.37742 19.71073 17.63133 17.08998 16.75649 17.57821 19.3385 18.63873 17.76729 16.19252 13.95034 13.75823 15.44839 13.76445 12.20024 9.270615 10.99086 13.48851 12.13771 10.65839 
  16.63986 17.14302 18.03959 19.08121 19.33044 18.4078 17.4694 17.17476 17.94309 19.69731 19.4691 18.39992 16.5333 14.40582 14.36492 15.96757 14.47262 12.71928 9.359934 11.91466 13.91943 12.36445 11.17116 
  16.52375 16.96758 17.77958 18.58752 19.11917 18.90697 17.68621 17.41376 18.16202 20.14581 19.92203 18.8025 16.87408 14.6661 14.76939 16.29796 14.82671 13.28933 9.654184 11.91466 14.56581 13.2714 11.28581 
  16.40765 16.74828 17.51957 18.1432 19.20368 19.23974 17.84882 17.47351 18.16202 20.23551 19.92203 19.03255 17.32845 15.12158 14.97162 16.67554 15.03916 13.71687 9.974246 11.68371 14.35035 13.2714 11.15317 
  16.29154 16.59089 17.29671 17.79762 19.24593 19.23974 18.01143 17.53326 17.94309 19.96641 19.69556 18.91752 17.72602 15.31679 14.97162 16.48675 15.03916 13.71687 10.13456 11.91466 14.02716 12.93129 11.05871 
  16.17544 16.4335 17.11098 17.50141 19.11917 19.12882 18.01143 17.41376 17.72416 19.69731 19.39361 18.74499 17.72602 15.38186 14.76939 16.34516 14.96835 13.57436 10.24842 11.79918 13.8117 12.81792 10.95076 
  16.05933 16.27611 16.92526 17.20519 18.86564 18.79604 17.79461 17.17476 17.57821 19.2488 18.86519 18.11236 17.44204 15.18665 14.29751 15.96757 14.54344 13.21807 10.36228 10.99086 12.62667 12.02434 11.14418 
  15.91075 16.11872 16.80753 17.00772 18.65437 18.57419 17.57781 16.9955 17.43226 19.1591 18.26129 17.53725 17.10126 14.99145 13.96046 15.68438 14.33099 13.00431 10.24842 11.22181 12.7344 11.7976 10.71237 
  15.76217 16.04003 16.64637 16.84522 18.31633 18.29688 17.30679 16.69674 17.14036 18.5312 17.65738 16.7896 16.5901 14.47089 13.28636 14.69323 13.62282 12.50551 10.24842 10.45041 11.98029 11.4575 10.96876 
  15.61359 15.96133 16.48521 16.68273 17.93604 17.85318 16.87317 16.21873 16.84845 17.9033 16.97799 16.15697 16.07893 13.95034 12.46318 14.03246 12.86854 11.36075 9.886487 9.831354 11.67391 11.15469 10.55961 
  15.61359 15.72525 16.48521 16.76398 17.9783 17.90864 16.87317 16.15898 16.84845 17.7239 16.67603 15.58185 15.85175 14.01541 12.20486 13.62178 12.86854 12.02217 9.881325 10.03771 11.60896 10.83353 10.41634 
  15.46501 15.88264 16.40462 16.60148 17.59801 17.40948 16.33115 15.86022 16.4106 17.09599 15.6192 14.54917 15.1702 13.55993 11.83584 13.0196 12.28677 11.43707 10.13456 10.47989 11.32318 11.0354 10.56677 
  15.39072 15.72525 16.32404 16.52023 17.42899 17.13216 15.89753 15.50171 16.26465 16.10929 14.60763 13.68902 14.21746 12.94425 11.79894 13.0196 11.83429 11.15723 9.896811 9.393485 10.85555 10.68671 10.59992 
  15.31643 15.80394 16.32404 16.43898 16.78935 16.52207 15.2471 14.96395 15.97274 14.94318 13.55241 12.706 13.10713 12.68038 10.61807 11.89552 10.897 10.47038 9.726456 10.27354 10.81658 10.17439 10.31606 
  15.24214 15.72525 16.16288 16.19524 16.27066 15.7456 14.59667 14.54569 15.24298 13.43338 11.93856 11.04715 12.27438 11.0972 9.916924 10.57071 10.47684 9.630882 9.566425 9.706559 10.36194 10.22868 10.58826 
  15.16784 16.04003 15.75997 15.9515 16.18422 15.05841 14.33418 14.60544 14.51323 12.28239 10.63506 10.00268 11.60818 11.36106 9.326488 11.01231 10.21828 10.13967 9.721293 9.733091 10.19308 10.19765 10.98225 
  14.7221 15.96133 15.27648 15.30152 15.23329 14.37123 13.94044 13.94817 13.45556 11.13139 9.890204 8.589582 10.16476 10.21765 9.437195 10.85173 9.571872 9.427369 9.109839 9.404098 10.56978 10.85188 10.58826 
  14.49923 15.48916 14.793 14.73278 14.7146 13.60769 13.48108 13.02816 11.92984 10.16214 9.393633 7.852314 8.776846 9.470033 8.846758 9.165608 9.087069 9.300173 9.29741 9.664109 10.01299 9.933971 10.83382 
  14.7221 16.59089 14.63183 14.32654 13.76367 13.22593 12.62799 11.03382 10.67657 9.071719 7.903921 7.790875 9.054428 9.953784 8.736052 9.567065 9.24867 9.237681 9.39607 10.16545 10.42689 10.09684 10.83382 
  14.79639 16.19741 14.14834 13.75781 13.67722 12.84416 12.62799 11.83156 10.45861 8.708247 8.77292 8.589582 8.943395 9.645943 8.282155 8.884588 9.31331 9.179615 8.868677 9.41471 10.00408 10.33802 10.85631 
  14.49923 16.04003 13.18137 12.62034 11.86181 11.85156 11.77489 11.48967 10.13167 8.465933 8.338421 8.343826 8.221681 8.898327 8.403931 8.924734 9.119389 8.93574 9.814215 9.563288 10.19308 10.22868 10.25159 
  14.42494 15.80394 12.45613 10.83289 8.663234 11.16438 11.18428 11.31873 10.24065 9.192877 8.524634 8.343826 6.779342 7.014709 8.403931 8.387586 9.054748 8.877674 9.351002 10.28337 10.58277 10.23643 10.37336 
  13.68203 15.01699 11.40857 10.26415 8.40389 8.492001 10.39681 10.46401 9.695748 8.889983 9.021205 8.83534 7.486309 8.01878 7.662299 8.643715 9.151709 9.249294 9.840026 10.06719 10.34895 10.24419 10.54528 
  12.71625 14.15135 10.76392 8.964188 7.45296 8.644708 9.281218 9.096466 8.932888 7.860146 8.214277 8.343826 7.888582 8.062757 8.514638 9.2459 9.31331 9.274734 10.02071 9.978749 10.00408 10.23643 10.69888 
  10.93327 12.73485 10.28043 8.557949 8.058098 8.644708 9.412463 8.75458 9.314319 7.860146 8.152206 8.15951 7.722033 8.106734 8.23788 8.563423 8.734887 9.452808 9.695482 9.520838 9.647437 10.33802 10.15131 
  8.110226 9.508368 7.862987 8.070462 7.885201 8.721062 9.215595 9.153448 9.477789 8.647669 9.021205 8.958218 7.777549 7.658853 8.204674 8.229332 8.977954 9.325612 9.270615 9.87066 10.297 10.8427 10.77084 
  7.367318 8.800116 7.540661 7.664223 7.885201 8.873768 9.346841 8.75458 9.150848 8.950562 9.145348 8.712461 7.666516 7.974802 8.367029 8.484297 9.507232 9.376491 9.793566 10.31284 10.56978 10.20541 10.50946 
  5.557523 6.353666 6.573683 7.745471 7.193616 6.735867 7.312531 7.72892 9.368809 9.435191 8.710849 7.433574 7.583344 8.062757 8.809856 8.96488 8.649814 9.274734 9.778079 9.851007 10.34895 10.67754 10.62691 
  5.939291 6.491535 6.815427 6.932993 6.329135 7.117635 8.624989 8.298731 8.551458 9.49577 8.586706 7.913753 7.722033 7.930825 7.85047 8.22054 8.613354 9.075097 10.02071 9.752744 10.18009 10.08132 10.74386 
  6.168352 7.541001 6.97659 6.608002 6.761376 6.964928 7.246907 6.760241 8.061049 8.950562 8.648777 8.15951 7.666516 7.873568 8.367029 9.005026 9.054748 9.300173 9.243818 9.515532 10.27102 10.97117 11.17116 
  6.55012 8.091864 7.782405 7.257984 7.971649 7.881171 7.771891 7.671939 8.551458 8.163039 8.028064 7.852314 7.833066 7.902196 7.618023 8.282084 9.022428 9.554564 9.359934 9.831354 10.14112 10.53072 10.60892 
  7.59019 8.485337 6.654264 6.932993 5.922781 6.201391 6.984416 7.102128 7.679618 7.436095 7.84185 7.606558 7.056584 7.902196 8.625344 8.202957 8.965801 9.156389 9.705807 9.542063 10.11514 10.64083 10.59542 
  6.847283 7.462306 7.218335 7.664223 6.415584 7.041281 7.181284 7.330052 6.971248 6.890887 7.593564 7.790875 7.652654 7.930825 8.809856 8.884588 9.21635 9.580004 9.788404 9.722479 10.06649 10.1899 10.46649 
  5.061224 6.261754 6.573683 6.608002 6.069791 6.506805 6.262564 6.931184 6.698798 6.747087 6.852334 7.433574 7.070446 7.974802 8.293224 8.176581 9.119389 8.866061 9.29741 9.669415 10.37493 10.45731 10.49514 
  5.71023 7.147528 8.265894 6.571077 5.983343 6.201391 6.129863 6.532317 6.063894 6.552906 7.717707 8.15951 7.514033 7.673167 8.330127 8.884588 9.442591 9.478247 9.333138 9.658802 10.10215 10.53989 10.84731 
  6.772993 5.342628 6.476216 6.460305 6.15624 5.932937 5.96217 6.475336 6.008534 6.164543 6.975268 7.465444 7.306102 8.370599 7.950089 8.387586 9.184029 9.783518 9.57675 10.11632 10.73865 10.76012 10.60442 
  6.244706 6.754055 6.378749 4.94641 5.801655 5.02689 5.492627 5.383799 5.759412 6.330984 6.532705 7.545119 7.347688 7.658853 8.204674 8.643715 9.151709 9.168002 9.370258 9.653496 10.20607 10.21317 10.40202 
  5.290285 6.990139 7.218335 6.386456 5.347435 5.85415 5.559704 5.354298 4.818285 5.360076 6.311423 7.067068 7.02886 7.587282 7.85047 8.643715 8.576894 9.202842 8.949065 9.733091 10.09323 10.63165 10.69438 
  7.070156 6.629404 5.988881 4.540243 5.286872 5.97233 6.39381 6.416334 6.506777 6.497425 7.345279 7.606558 8.110648 8.150712 8.248949 8.343627 8.56474 8.506054 9.306342 10.01805 9.905999 9.964993 10.38769 
  7.293028 6.832749 5.55028 4.835637 5.46856 6.583159 6.196941 5.265795 5.537971 5.526517 6.704813 6.891783 7.999615 7.759053 8.182535 8.493088 8.722733 9.40193 9.695482 9.727785 10.04865 10.41143 10.68538 
  7.5159 8.091864 7.460079 6.68925 5.801655 5.539003 5.66032 5.206793 5.676372 5.415556 7.122789 7.226418 8.055132 8.546508 8.440833 8.422753 8.977954 9.202842 9.876163 9.669415 9.53153 9.887439 10.59542 
  8.035934 6.911444 6.573683 5.832592 4.045337 5.49961 4.452925 5.147791 6.091575 6.608386 6.827747 7.306094 7.514033 7.172167 7.872607 8.643715 8.52828 9.351051 9.514802 9.939445 10.18009 10.18214 10.85631 
  8.704552 7.69839 5.745214 5.611047 5.347435 4.987496 4.620618 5.029787 4.956686 5.054934 6.163902 7.545119 7.527895 7.902196 8.736052 9.165608 9.31331 9.503686 9.64386 9.801876 10.33597 10.3472 10.6359 
  7.441609 6.445579 5.940147 5.537198 5.196028 5.420823 4.385847 5.737811 5.787092 5.665218 5.647579 6.812108 7.250653 7.974802 8.55154 8.68386 9.054748 8.796382 9.638698 9.87066 10.14112 10.53989 10.94177 
  7.813063 5.94006 5.940147 6.42338 5.892499 4.987496 4.989545 5.767312 5.953174 5.776179 6.26225 6.875848 6.779342 7.673167 8.03864 8.804297 8.990108 8.924127 9.270615 9.733091 10.11514 9.871928 10.46649 
  8.110226 6.754055 5.111679 6.201835 5.226309 5.302643 6.525055 6.268828 5.593331 6.025841 6.458944 7.337964 7.306102 7.844939 7.662299 8.387586 9.087069 9.300173 9.896811 10.25389 10.34895 10.28296 11.0947 ]
