 [
  6.339807 5.608724 4.691353 4.845269 5.121809 4.098547 3.486394 5.435001 5.877606 5.861465 6.509725 7.36757 7.042149 7.484395 8.530037 8.472401 9.063902 9.504682 9.483604 10.00426 10.15336 10.11503 10.25416 
  7.058454 6.255853 5.409653 5.993794 5.071485 4.745292 5.766136 6.434856 6.364575 6.308085 6.74081 6.639015 7.677582 7.738801 8.335195 8.472401 9.095531 9.42425 9.406936 9.547897 9.809456 10.27315 10.37413 
  7.475733 6.411751 6.042212 5.04158 5.458948 5.184155 4.628738 5.917674 6.286756 6.836251 7.515513 7.724717 7.748186 7.533319 8.140288 8.720134 8.626303 9.719166 9.396332 9.411855 9.793787 10.17526 10.4621 
  9.143085 6.4897 5.805002 5.04158 4.417264 4.791489 5.496052 6.159025 6.948222 6.192295 6.381344 6.846261 7.852895 7.523534 8.215258 8.1792 8.499563 8.842916 9.430752 9.420358 9.989643 10.41763 10.88718 
  8.426203 7.580988 6.042212 5.168541 4.643724 4.029253 5.331719 5.779758 5.819043 6.126129 6.74081 7.36757 7.159822 8.059927 8.165278 8.357215 9.158786 9.04792 9.364522 9.607416 9.566594 10.05479 10.79657 
  7.429369 6.333802 4.987409 4.533199 5.02116 5.819286 5.496052 5.560368 5.643352 5.828382 6.073231 7.5015 7.442236 7.768155 8.497563 8.825793 8.969018 9.42425 9.681802 9.539394 9.872129 10.33998 10.4781 
  5.806617 4.949065 3.544139 3.857049 4.392101 5.638075 5.721122 5.497684 5.877606 5.977256 6.663782 7.412213 7.701117 7.337622 8.432616 9.063529 9.095531 9.504682 9.813934 10.02797 10.21885 10.31409 10.44611 
  6.293442 5.253523 4.173256 4.533199 5.218134 4.468116 5.451038 5.184269 5.438379 6.010339 6.509725 5.996552 7.852895 7.445255 8.027836 8.667304 8.718477 9.397439 9.247887 9.767167 10.48081 10.75414 10.36613 
  8.07847 6.723548 4.506319 4.793257 5.651598 5.683378 4.570157 4.745488 6.053297 6.4735 6.329992 6.88771 7.442236 7.96267 8.190268 8.640889 8.223042 9.123447 10.02534 9.980554 9.778118 10.19032 10.68331 
  8.834774 7.658937 5.646863 6.184237 5.410785 4.560508 4.540866 5.40366 6.481305 6.456959 6.586753 7.219304 7.795255 7.621382 7.740456 8.336271 8.776086 9.058709 9.54967 10.02797 9.966141 10.54706 10.90984 
  8.055287 6.411751 5.024415 4.723908 3.662394 4.398821 4.775193 5.529026 5.848325 6.35771 7.471182 7.302202 7.606978 7.366976 8.190268 8.336271 8.568694 9.112659 9.761082 9.862006 9.738947 10.19032 10.4621 
  8.217563 6.801497 5.488723 4.914618 5.218134 5.36626 5.00952 5.215611 4.706335 6.876557 7.249522 6.908435 6.571457 7.376761 8.090309 8.388629 8.649346 8.799757 9.152456 10.17023 10.08788 10.25056 10.75127 
  7.54528 6.255853 5.330583 5.67639 4.794699 4.352625 4.306539 4.338048 5.379816 6.795946 7.116527 7.053507 6.900941 8.286861 8.302721 8.3258 8.856738 9.015551 9.470391 9.692442 10.08788 10.31409 10.97779 
  7.406187 7.113294 6.121282 5.993794 5.603436 5.502167 5.58608 6.296941 6.481305 7.037779 6.329992 7.094956 8.057531 7.621382 8.252742 8.720134 8.810651 8.713439 9.269093 9.224797 9.903466 10.6506 10.84188 
  7.54528 6.957396 5.884072 5.168541 4.794699 5.230351 5.155974 5.814237 6.598034 6.24192 6.894867 6.514668 6.312577 7.523534 8.789826 8.799378 8.969018 9.209765 9.642162 9.885715 10.31709 10.2355 10.79657 
  8.008924 6.255853 4.395298 5.485947 4.014667 4.976273 5.068102 5.717075 6.170026 6.374251 6.983531 6.535392 7.852895 8.254442 8.06532 7.959301 8.93739 9.692356 9.216076 9.814587 9.966141 10.26562 10.21417 
  7.081636 5.944057 5.805002 4.845269 5.266297 4.583606 5.214556 5.560368 5.584788 5.993797 6.689458 7.322927 7.018614 7.621382 8.127794 8.493343 8.741521 9.069499 9.628949 9.496881 9.879964 10.44352 10.93249 
  6.409353 5.710209 5.251513 4.914618 5.69976 5.320957 5.496052 5.952152 5.584788 5.414845 6.843514 6.245248 7.489305 7.582243 8.090309 8.262972 9.127158 9.745976 9.655375 9.522389 9.903466 10.31409 10.66066 
  7.916195 7.191243 4.876388 5.04158 5.02116 5.091763 5.451038 5.986631 6.792583 6.126129 5.765117 7.198579 7.701117 7.298482 8.432616 9.169188 9.25367 8.929233 9.279696 9.767167 10.08788 10.41763 10.81923 
  7.614826 7.658937 5.646863 5.485947 6.277712 4.837685 5.155974 5.278294 5.555507 5.944173 5.790793 6.721913 6.853872 7.366976 7.75295 8.367686 8.349781 8.519224 9.16306 9.909425 9.668439 10.31409 10.84188 
  8.680618 7.658937 4.876388 4.481188 5.266297 5.773983 4.511575 5.027562 4.677053 6.043422 7.293854 7.219304 7.818789 7.729016 7.75295 8.011658 8.464998 9.209765 9.417539 10.40733 9.864295 10.39175 10.5474 
  8.449385 6.957396 4.321284 5.168541 5.31446 5.022469 5.991206 6.400377 7.142771 7.199002 7.914501 9.376521 9.421772 9.713303 10.1862 10.96541 12.13181 11.62272 12.04494 13.38021 14.26885 15.93404 16.11217 
  9.220163 6.957396 3.470125 4.879943 3.536582 4.375723 4.36512 5.121586 5.93617 6.24192 6.663782 8.081863 8.228062 8.578633 8.594984 9.829563 11.81554 11.16694 10.3821 11.52168 12.4782 14.30128 14.4342 
  8.148016 6.56765 3.877201 4.203793 4.215965 4.814587 4.833775 6.159025 6.131116 5.514094 6.329992 7.094956 6.971545 7.200634 8.46509 8.482872 8.822173 9.188186 9.099441 9.199289 9.660605 10.39175 10.79657 
  7.197547 5.659467 4.062236 3.805038 3.51142 4.514312 5.038811 6.365899 5.994733 6.390793 7.20519 7.032782 8.023425 8.546214 7.77794 8.294386 9.633205 9.370629 9.237283 9.862006 9.887798 10.62472 10.4781 
  5.551613 5.788158 4.950401 4.602548 5.121809 4.260233 5.038811 5.591709 6.131116 7.239308 7.116527 7.36757 7.818789 7.96267 7.977857 8.852209 8.764564 8.616331 8.738929 9.734955 10.02239 10.22797 10.4861 
  4.255905 4.289406 3.840194 4.515862 4.618562 4.421919 3.925757 5.278294 6.325665 5.878007 6.073231 6.431769 6.924476 7.729016 8.367668 8.451457 9.25367 8.778177 9.430752 9.862006 10.84099 11.68601 11.15901 
  5.713888 5.405751 3.248084 4.22113 4.316614 4.029253 4.775193 5.340977 6.208936 6.715334 7.116527 7.456857 7.348098 8.384119 8.984669 8.388629 8.753042 9.091079 9.067631 9.26731 10.67727 11.60836 11.09106 
  5.922527 4.593863 3.581146 4.307816 5.31446 4.029253 4.540866 5.814237 5.906888 6.175754 6.939199 6.784087 7.371633 7.552888 8.077815 8.514286 8.787607 8.573173 9.385729 10.00426 9.848627 9.994554 10.52474 
  6.733904 5.101294 4.802374 4.978098 5.555273 5.54747 5.00952 5.560368 5.584788 5.447928 5.251595 7.053507 7.51284 7.832994 7.503055 8.158257 8.969018 9.290197 9.430752 9.862006 9.903466 10.01714 9.990225 
  7.429369 5.507237 4.210263 4.671897 5.218134 4.883881 4.101502 5.748416 5.555507 6.192295 6.535401 6.452494 7.371633 7.660522 7.677982 7.906944 8.93739 9.290197 9.523244 9.437363 9.895632 10.25056 10.72862 
  6.223896 5.507237 4.876388 4.879943 4.744374 3.752076 5.361011 6.365899 5.93617 6.513806 6.638105 6.825536 7.065683 7.689877 8.46509 8.3258 8.93739 8.983182 9.290299 9.5564 10.21885 10.36586 10.88718 
  6.061621 5.05055 4.839381 4.671897 5.096647 5.54747 5.631094 6.262462 6.909312 6.258461 6.61243 7.456857 8.091638 7.357192 8.335195 8.461928 8.810651 9.112659 9.417539 9.814587 10.21885 10.59883 10.32614 
  7.638009 8.750225 10.07478 9.866137 10.66051 10.48546 10.40257 10.19305 10.061 9.335202 9.820772 10.04617 8.807863 8.643472 9.244458 8.957869 10.13925 10.309 10.39531 11.18974 10.97197 11.29773 12.8806 
  7.313458 8.672276 9.205009 8.279111 10.17889 9.171682 9.097167 8.538067 8.543522 8.166338 9.865105 9.956885 8.296273 8.643472 9.114563 9.037113 9.664834 9.188186 9.628949 10.31249 10.57904 10.8318 11.54411 
  5.482066 7.347141 7.54454 5.612909 7.770754 7.58609 7.701735 7.469222 7.687508 8.085727 9.643445 9.822955 8.978394 9.518788 10.47846 10.7805 11.49926 12.29298 14.25149 15.08567 15.32415 15.00104 14.9505 
  6.200714 6.333802 7.070121 5.993794 7.385453 8.084419 7.971819 6.848602 6.909312 8.32756 9.643445 10.49261 11.36581 12.5153 12.39441 12.08626 13.60006 13.91971 14.25149 14.2831 14.62061 14.76778 15.59587 
  6.177531 6.879446 6.358492 5.993794 7.674429 7.721998 7.07154 6.986518 7.142771 7.924504 9.953768 10.93904 10.54727 11.65845 11.55009 11.17673 12.796 13.06758 13.31538 12.97893 13.3623 13.60152 14.69235 
  6.826632 7.269192 6.991051 5.739871 7.14464 7.58609 7.29661 7.089954 7.415139 7.360225 9.421785 10.8944 8.364486 7.650737 9.179511 8.984283 9.380182 9.719166 9.998919 9.767167 9.864295 10.14515 10.33414 
  5.94571 6.411751 5.172443 5.358984 6.951989 7.359576 6.531373 7.124434 6.675853 6.876557 7.825837 9.421165 8.159849 8.027508 9.049616 8.357215 8.257607 8.961602 9.615736 9.933135 9.942637 10.07738 10.23816 
  5.968892 5.405751 5.251513 5.993794 6.133224 7.812603 7.971819 8.296715 7.181681 7.722976 8.047497 9.778312 8.603228 7.415901 8.594984 8.409572 8.741521 9.123447 9.332712 9.411855 10.05513 10.28821 10.63801 
  5.574795 6.957396 7.070121 4.359828 5.844249 7.948511 8.466972 7.331306 6.831492 6.795946 7.338186 9.510451 8.091638 7.800574 9.276932 8.984283 8.660868 9.188186 9.375126 9.838296 10.12062 9.919257 10.35013 
  6.80345 8.204581 7.228261 6.247719 7.33729 7.767301 6.486359 6.710687 7.609688 6.675028 8.712475 10.09081 8.466804 8.254442 8.8223 8.409572 8.787607 9.188186 10.05177 9.956844 10.12062 10.33998 10.68331 
  5.621159 6.645599 5.567792 4.879943 6.951989 7.450182 7.611707 7.124434 6.131116 6.997474 7.825837 9.689025 8.159849 8.092346 9.439301 9.010698 9.158786 8.983182 9.247887 9.933135 9.989643 10.62472 10.66066 
  4.821825 5.304265 6.911982 5.358984 7.14464 8.129722 7.926805 7.779531 7.181681 7.199002 8.091828 9.465808 8.023425 8.643472 8.952195 8.984283 8.856738 8.681069 9.22668 9.641426 9.989643 10.22797 10.42211 
  4.350225 5.456494 5.646863 5.422466 6.518526 6.861247 7.251595 7.22787 6.948222 6.75564 7.781505 9.421165 7.887002 8.157185 9.179511 8.852209 9.538321 9.343819 9.628949 9.598913 9.488252 10.14515 10.35013 
  4.821825 5.557981 5.805002 5.993794 6.374038 7.268971 8.016832 7.365785 7.609688 7.481142 7.825837 9.153304 8.637334 8.416537 9.147037 9.195603 12.70112 11.5691 9.91964 10.66813 10.41532 9.806314 10.50209 
  5.151946 6.022006 6.121282 6.755567 6.085062 7.133063 7.656721 7.055476 6.987132 7.481142 8.490815 10.09081 8.569121 7.800574 9.634142 9.037113 9.88623 9.504682 9.430752 9.885715 10.08788 10.33998 10.72862 
  5.482066 5.788158 6.358492 6.501643 8.926658 9.62471 9.862404 8.193277 7.103861 7.843893 9.466117 10.49261 8.50091 8.286861 10.15372 9.697489 8.822173 9.263387 9.813934 10.14652 10.28434 10.72826 10.57005 
  6.849814 7.814836 6.437562 8.279111 10.08256 10.62137 9.997446 9.710347 10.02209 9.939787 10.79607 11.74262 9.967468 8.837986 10.38104 9.591828 10.04437 10.12132 10.42174 11.14232 11.13569 11.3495 11.4535 
  6.525264 8.204581 7.070121 7.390377 9.263796 9.081078 9.36725 10.31862 11.03375 11.4714 11.77138 12.90335 11.94562 11.07491 11.58256 11.07107 12.13181 11.64953 11.84434 13.58085 13.55876 14.06803 13.65976 
  5.806617 6.022006 5.172443 7.263415 9.552772 8.673353 9.547306 9.986178 10.52792 10.10101 11.32806 12.01048 11.94562 12.2763 12.45935 11.78427 12.98577 12.64152 13.18165 14.58406 14.70856 15.81742 15.98309 
  6.038438 6.022006 5.567792 6.120757 9.167471 9.171682 8.962126 9.365559 8.738071 8.650005 9.28879 11.38547 11.63866 11.49636 12.57784 11.91635 12.98577 13.49365 13.38224 15.48695 15.8518 16.6338 16.88661 
  5.968892 5.405751 4.617339 5.67639 6.181387 6.680037 7.611707 7.917447 8.115515 7.722976 8.934134 9.599738 9.831044 10.16717 10.38104 11.01824 11.97367 11.81039 12.24553 13.07925 14.1809 15.46754 17.79013 
  5.246266 5.788158 6.437562 7.326896 6.470363 6.725339 7.611707 8.331193 8.582432 8.488783 8.003164 8.662228 9.796938 9.907818 9.893932 10.96541 11.87879 12.10531 13.8503 13.7815 14.04993 16.1673 19.33903 
  5.876163 6.255853 6.279422 6.628605 7.048315 6.725339 7.656721 8.434629 8.348973 9.093369 9.333121 9.197948 8.910182 10.32927 9.796511 10.83333 12.0053 12.31979 13.6497 14.98534 14.53267 16.6338 19.08088 
  4.633185 5.456494 6.595702 6.819048 7.048315 7.042458 6.84647 7.641616 7.998785 8.811229 9.200126 10.00153 9.86515 10.19959 9.828984 11.01824 12.89089 12.53428 14.05089 15.58727 15.58797 18.26656 19.59717 
  4.491705 5.456494 5.567792 7.390377 6.855664 7.676695 7.746749 8.986292 9.516267 10.0607 10.04243 9.867599 10.75191 10.91281 10.86814 11.28239 14.64434 15.05588 15.32133 17.39304 16.99504 18.96632 19.9844 
  4.633185 4.69535 6.121282 6.565124 6.4222 7.042458 7.656721 8.262236 9.204988 8.811229 10.04243 10.62654 10.85422 10.65346 11.2903 10.96541 14.03006 14.77184 14.78641 18.09529 18.13828 19.43282 19.85532 
  3.501344 4.796836 5.805002 6.374681 7.14464 7.767301 7.701735 8.262236 8.776981 8.811229 10.1311 11.2069 10.95654 11.72329 11.84235 11.59937 12.89089 14.86652 14.78641 19.0985 19.28153 19.19957 20.11347 
  2.793943 5.944057 7.149191 7.453858 5.940574 6.181707 8.016832 8.055363 9.166079 9.818871 10.61875 11.25154 11.50224 11.65845 11.45267 10.83333 12.2267 13.49365 14.31835 18.99818 19.72124 18.73307 19.33903 
  4.963305 6.723548 5.646863 5.993794 6.229549 6.680037 8.016832 9.193165 9.204988 10.30254 10.57442 11.2069 11.22939 11.3991 12.45935 11.52012 12.47972 13.87237 14.18462 18.39625 19.54535 19.43282 19.9844 
  6.131167 6.255853 6.595702 6.755567 6.229549 6.770642 8.827084 9.537953 9.632996 9.778564 9.776441 11.5194 11.46813 12.1568 13.28877 12.25616 12.98577 14.29844 14.65268 16.79112 18.05034 20.94896 21.53329 
  5.151946 5.355009 5.567792 7.199934 7.240965 7.721998 7.29661 8.607024 9.321718 10.50407 10.57442 11.29619 11.91151 12.5153 13.17028 12.76588 13.53863 14.25109 14.71954 17.09208 17.9624 20.48246 21.27514 
  5.852981 5.101294 5.884072 6.692086 8.396869 8.039116 8.511986 9.434517 9.749725 10.0607 11.19506 12.2337 12.04793 12.6348 13.28877 13.44551 14.64434 15.62397 14.65268 17.89465 18.22622 19.7827 21.01699 
  7.313458 7.035345 8.01896 8.913921 9.69726 8.492143 7.971819 9.089727 9.788635 9.335202 10.70741 11.83191 12.08204 12.0373 12.42688 13.19065 15.01291 15.05588 14.45208 16.89144 16.99504 19.19957 19.4681 
  5.829799 6.723548 7.62361 8.342592 9.071146 9.352894 9.232209 9.468995 10.25555 10.7459 10.9734 12.14441 12.18436 12.99329 13.8812 12.76588 13.35434 13.35163 13.6497 15.18599 15.41209 16.75043 17.53198 
  7.800283 10.15331 10.70734 11.26272 10.85316 9.579407 9.862404 10.31862 11.23182 11.18926 12.79893 14.07881 15.03158 16.10027 16.13247 15.65429 15.38148 15.00854 15.05387 16.49016 16.9071 17.56681 17.40291 
  10.60756 15.6877 16.70895 15.46421 16.90807 15.41828 14.48037 13.33238 13.01448 13.09756 14.97999 16.03169 13.55524 14.66628 14.94759 13.19065 13.10863 12.15893 11.05597 12.87861 13.82072 14.06803 14.30513 
  11.76373 16.80769 16.84063 18.13063 18.82176 17.47572 16.22631 15.46712 15.29233 15.56964 17.735 18.63554 16.71882 17.41476 18.26524 15.39943 15.99577 14.77184 11.0824 13.48053 14.7965 14.18465 14.04698 
  12.2262 16.66471 16.11639 17.80743 17.62571 18.71017 16.89783 16.22056 15.88655 16.11899 17.735 19.15631 17.98425 18.37075 19.33162 16.33392 15.93434 14.81918 11.91121 13.38021 14.26885 13.60152 14.04698 
  12.45743 16.52173 15.75427 17.40343 17.62571 19.67031 17.83795 17.22514 16.77788 16.85146 18.07938 20.58842 18.72242 19.44624 19.92406 17.18345 16.67148 15.15056 12.17867 13.07925 14.70856 13.49798 13.15243 
  12.53451 16.42641 15.52383 17.16103 17.86492 19.53315 18.37516 17.85301 17.27306 17.21769 18.88292 21.23938 18.82787 19.44624 19.68709 17.2684 16.85577 15.33993 12.3124 12.73087 14.53267 13.71815 13.28835 
  12.61159 16.40258 15.39215 16.99942 17.62571 18.84734 18.91237 17.97858 17.07499 17.12613 19.45688 21.23938 18.61696 19.32674 19.33162 17.0985 16.61005 15.29259 11.44315 12.87861 14.7965 13.26502 12.78999 
  12.76574 16.40258 15.32631 16.83782 17.26689 18.29869 19.31528 18.10415 16.87691 16.94302 19.57168 20.8488 18.51151 19.32674 19.09465 16.75868 16.18005 15.33993 11.04276 12.68345 14.62061 13.18736 12.94856 
  12.9199 16.42641 15.29339 16.75702 17.02768 18.02436 19.44958 18.10415 16.77788 17.12613 19.80126 20.8488 18.19515 19.20724 18.73919 16.75868 15.68863 15.24524 11.51002 12.73087 14.62061 13.2909 12.63142 
  13.07405 16.54556 15.35923 16.59542 16.90807 17.8872 19.58389 18.10415 16.67884 16.94302 19.68647 20.45823 18.0897 19.32674 18.73919 16.75868 15.44291 14.81918 11.17569 12.16184 14.35679 13.00616 12.06511 
  13.15113 16.59322 15.35923 16.51462 16.78847 17.75004 19.44958 17.85301 16.67884 17.30925 19.34209 19.67707 17.66789 19.20724 18.26524 16.33392 15.01291 14.10907 10.95027 12.77829 14.53267 12.72142 11.58941 
  13.22821 16.64088 15.42507 16.51462 16.90807 17.8872 19.04667 17.35072 16.28269 17.40081 19.11251 18.50534 17.03518 18.84875 17.6728 15.90915 14.15291 12.87822 10.67279 11.80619 13.78797 13.1097 11.22697 
  13.30529 16.59322 15.32631 16.35302 17.02768 17.47572 17.97225 16.34613 15.4904 17.12613 18.07938 16.16189 15.66429 17.29526 15.89549 14.71981 12.95414 11.67634 10.64636 10.50216 12.74016 11.8931 11.29493 
  13.22821 16.37876 15.05618 15.86821 16.07084 15.96693 15.6891 14.08582 14.20292 15.47808 15.66874 13.03728 13.44979 14.06879 12.81482 12.76588 11.02484 10.17495 9.827147 9.675437 11.16844 11.3495 10.39012 
  13.07405 16.0928 14.58176 14.97941 13.91794 14.18382 13.94316 11.44878 12.61833 14.37938 13.60248 11.43012 11.8433 12.7543 11.45267 12.25616 10.36065 9.317008 9.853574 9.909425 10.41532 10.70237 10.28615 
  12.84282 15.92599 14.42362 13.68659 12.00426 11.98923 12.06292 9.434517 11.13278 13.55535 11.63838 10.76047 10.41085 11.9178 10.15372 10.33145 9.506694 10.0677 9.615736 10.12281 9.942637 10.24303 10.11019 
  12.68866 15.8545 14.34455 12.59582 10.51602 10.44016 10.62764 8.917334 11.23182 12.54821 11.32806 10.22474 9.421772 10.45894 8.46509 9.327679 9.348554 9.343819 9.54967 9.814587 10.61178 10.13762 10.57005 
  12.53451 15.97365 14.7399 12.53234 11.28663 11.30342 10.67266 9.606911 11.13278 11.99886 11.59405 10.44796 9.558196 10.32927 7.802929 8.514286 9.222042 9.236576 9.483604 10.02797 10.38257 10.49529 10.40612 
  12.30328 16.28344 15.42507 14.2522 13.67873 13.9095 12.86873 12.20222 12.02411 13.83003 13.94686 12.76942 12.01383 12.99329 11.35525 11.73144 10.29739 9.558303 9.721442 9.767167 10.93923 10.90945 10.86453 
  12.14912 16.61705 16.05055 15.86821 15.71202 16.51558 14.88328 14.46254 14.30196 15.20341 16.12791 15.51093 14.0825 15.26378 14.11818 13.61541 12.76437 11.38142 9.655375 9.743458 11.88881 11.5307 10.95514 
  12.30328 16.87918 16.37975 16.59542 16.42965 18.16153 16.62922 15.71827 15.68847 16.30211 17.96458 17.98458 15.8752 17.41476 16.84339 15.14457 14.58291 13.16226 10.71243 11.61652 14.44473 13.03205 12.01981 
  12.38035 16.99832 16.51143 16.59542 16.78847 19.12166 17.43504 16.59728 16.18366 16.48522 18.88292 19.02611 16.82427 18.13175 17.90978 15.90915 15.56577 14.10907 11.44315 12.73087 14.70856 13.9514 13.40161 
  12.38035 17.02215 16.54435 16.43382 16.78847 19.25882 17.56934 16.72285 16.28269 16.48522 18.76813 19.02611 17.35153 17.65376 18.26524 16.41887 15.68863 14.58248 11.57688 13.38021 14.53267 13.9514 13.78883 
  12.2262 17.06981 16.67603 16.27222 16.54926 19.25882 17.56934 16.4717 16.28269 16.30211 18.42375 18.89592 17.45699 17.29526 18.50221 16.58878 15.81148 14.77184 11.37629 13.68118 14.53267 14.06803 13.78883 
  12.14912 17.09364 16.70895 16.02982 16.42965 19.12166 17.43504 15.84384 16.08462 15.93587 18.30896 18.89592 17.14063 16.69776 18.50221 16.50382 15.81148 14.62982 11.30942 13.38021 14.7965 14.53453 14.4342 
  11.84081 17.09364 16.87355 15.78741 16.19044 18.84734 17.30073 15.0904 15.78751 15.56964 17.96458 18.63554 16.40246 16.10027 18.26524 16.50382 15.44291 14.29844 11.30942 13.17957 14.62061 14.41791 14.4342 
  11.5325 17.11747 17.00523 15.54501 15.95123 18.16153 17.03213 14.58811 15.19329 15.11185 17.62021 18.50534 15.45339 15.38328 17.43583 16.16401 14.58291 13.49365 11.10883 13.38021 14.44473 14.30128 14.56328 
  10.99295 17.16513 17.23566 15.30261 15.95123 17.33855 16.76352 14.33696 14.79714 14.65405 16.47229 17.594 14.18796 14.30778 16.25095 15.56934 13.84577 12.83088 11.10883 13.38021 13.91895 13.71815 14.17605 
  10.53049 17.18896 17.33442 15.14101 15.83163 16.51558 16.22631 14.08582 14.20292 14.28782 15.78353 16.42227 13.44979 13.47129 15.89549 15.48439 13.72291 12.87822 10.91063 12.87861 13.75523 13.9514 14.17605 
  10.53049 17.09364 17.3015 14.737 15.71202 15.55544 15.42049 13.96024 13.11352 13.73847 15.43916 15.77131 13.76615 12.3958 15.06608 14.88971 13.84577 12.83088 10.56709 12.63603 13.62425 13.39444 13.78883 
  10.37633 16.97449 17.13691 13.84819 14.27676 13.22369 13.27164 14.21139 10.80029 12.27353 13.71727 15.51093 14.50431 11.78813 13.17028 12.42607 13.29291 12.18574 9.800721 10.47846 11.6596 12.64377 12.42755 
  8.403021 16.87918 17.36734 13.44419 14.63557 11.85207 12.19722 14.08582 11.23182 11.9073 13.71727 15.77131 14.82067 11.72329 12.81482 11.91635 13.41577 11.89082 9.840361 9.462871 10.87374 12.54023 11.99716 
  7.568462 16.64088 17.3015 13.36339 14.63557 11.7149 11.79431 13.7091 11.62797 11.81574 14.29123 15.77131 15.03158 11.85297 12.45935 12.0013 13.41577 11.43504 10.01213 9.980554 11.03746 12.51434 11.74798 
  8.008924 16.40258 17.23566 13.20179 14.51597 11.85207 11.79431 13.08123 11.52893 11.72418 14.86519 15.9015 15.13703 11.46394 11.2903 10.91258 12.51135 10.68435 9.747869 10.00426 10.5463 11.91898 11.58941 
  8.101652 16.21195 17.13691 13.04019 14.27676 11.98923 11.79431 12.57894 11.42989 11.72418 14.86519 15.77131 14.92612 11.65845 10.44598 9.935224 12.06856 10.76478 9.322109 9.814587 10.74276 11.99664 11.36289 
  8.403021 15.90216 17.03815 13.04019 13.79834 11.7149 11.92861 11.8255 10.76138 11.63262 14.17644 14.72977 13.8716 11.17216 10.6733 9.671074 11.87879 10.20176 9.642162 9.790877 10.77551 12.12606 11.70267 
  8.287109 15.3759 17.00523 13.44419 12.72189 11.02909 11.92861 10.15857 8.582432 10.58468 13.02852 13.94862 13.02798 10.16717 10.02383 9.380508 11.24623 10.0677 9.279696 9.386347 10.61178 12.69554 11.81594 
  7.614826 15.0641 16.84063 13.44419 11.09398 9.579407 11.12279 9.055249 7.531868 10.62498 12.30336 14.20901 12.60617 10.52378 10.64083 9.644659 11.40437 9.45106 9.483604 9.573405 10.71002 12.30726 11.4535 
  7.313458 14.75231 16.51143 13.12099 9.88991 8.537445 10.35756 8.710461 7.959876 9.335202 11.90437 13.55805 12.18436 10.32927 10.6733 9.618244 11.37274 9.88003 9.237283 9.675437 10.34983 12.10018 11.70267 
  6.919361 14.28461 16.08347 12.72278 9.88991 8.537445 9.547306 8.262236 7.454049 9.17398 12.17036 13.03728 11.50224 9.680883 9.796511 9.248434 11.02484 10.04089 9.311506 9.838296 10.28434 12.25549 11.65737 
  6.455718 13.50512 15.42507 12.15145 10.08256 8.763959 9.232209 8.538067 7.765327 9.577036 12.56935 12.41227 10.75191 9.356692 9.471774 8.614473 10.70856 9.692356 9.681802 9.933135 10.41532 11.7119 11.56676 
  5.293426 12.49178 14.66083 11.70709 9.88991 8.945169 9.36725 8.089841 7.181681 8.932145 11.81571 11.87655 10.138 8.416537 9.179511 8.984283 10.70856 9.42425 9.496818 9.658431 10.12062 11.50482 11.31758 
  5.293426 11.55639 13.87013 11.19924 8.926658 8.310932 8.78207 8.193277 5.877606 8.045421 10.44142 10.58189 9.967468 9.291854 8.952195 9.116359 10.01274 9.317008 9.576097 9.445866 10.02239 11.19419 11.24962 
  5.94571 10.15331 12.84223 10.50095 7.529941 7.631392 8.33193 8.572545 6.092207 7.239308 9.953768 11.07297 10.24032 8.675891 8.919722 9.380508 10.39228 9.826408 9.787508 9.615918 10.08788 10.6506 11.20432 
  5.434906 9.139971 11.18176 9.104364 6.229549 6.317616 7.116554 7.538179 6.170026 8.005116 9.865105 10.49261 9.455878 7.768155 8.594984 8.640889 9.601578 9.531492 9.364522 9.624421 9.691942 10.6506 10.97779 
  5.73707 7.269192 8.65152 6.819048 5.940574 6.680037 6.531373 7.710574 6.636944 7.964809 9.687777 10.22474 9.626408 9.032501 8.854774 8.535229 8.969018 9.290197 9.628949 9.909425 10.05513 10.44352 10.50209 
  5.829799 7.42509 6.674771 4.914618 5.892411 5.54747 6.666415 6.227983 5.643352 7.602058 8.801139 10.00153 9.285348 8.70831 8.432616 8.614473 9.348554 9.290197 9.417539 9.956844 10.12062 10.22044 10.4541 
  4.255905 6.645599 6.200352 5.232023 6.4222 6.317616 6.666415 5.952152 6.247846 7.642365 9.022799 10.67118 9.489984 8.70831 9.147037 9.274849 8.718477 9.42425 9.734655 9.743458 9.919135 10.33998 10.4701 
  4.350225 7.035345 6.595702 5.04158 4.819861 5.819286 6.03622 5.372318 5.848325 7.319919 9.244457 11.07297 10.1721 7.96267 7.790435 8.315329 9.348554 9.45106 9.655375 10.19394 9.731113 10.15268 10.79657 
  5.057626 6.723548 6.042212 4.359828 4.618562 5.320957 5.766136 5.779758 5.965452 8.367867 9.909436 11.11761 9.387666 8.059927 7.852909 8.022129 8.93739 9.058709 9.576097 10.05168 10.2516 10.1602 10.23016 
  5.293426 7.113294 6.674771 4.22113 4.543076 5.592772 5.676108 7.22787 6.753673 8.287255 8.623811 9.108662 8.432697 7.748585 8.202763 8.283915 8.93739 9.263387 8.982804 9.649929 10.15336 10.28821 10.77392 
  4.020104 6.56765 5.330583 4.978098 4.870186 5.638075 5.721122 6.365899 6.092207 6.876557 7.737173 8.394367 7.887002 7.562673 7.865404 8.3991 8.199998 8.950812 9.269093 9.980554 10.12062 10.52118 10.86453 
  5.690706 7.347141 6.358492 4.978098 4.970835 5.819286 5.214556 5.717075 5.789761 6.876557 6.74081 7.032782 7.606978 7.768155 8.06532 8.588058 8.706955 8.918444 9.800721 9.743458 10.21885 10.54706 10.66066 
  5.597977 6.957396 6.595702 5.04158 4.568238 4.675998 4.863066 5.278294 5.467661 6.675028 6.561077 7.198579 7.536375 8.189604 8.052825 8.825793 9.380182 9.236576 9.025217 9.505384 9.770285 10.1602 10.41411 
  4.868985 5.557981 4.876388 4.203793 4.618562 5.137959 5.631094 4.77683 4.179263 6.407334 6.098907 6.908435 7.301029 8.059927 8.497563 7.865058 8.902825 8.918444 9.774295 9.862006 9.684108 9.964436 10.50209 
  4.727505 4.69535 4.358291 3.995747 4.895348 4.560508 5.068102 5.623051 5.877606 6.093046 5.970526 6.639015 7.559909 7.141925 7.940372 8.852209 9.032274 9.317008 9.562883 10.05168 10.31709 10.19032 10.34213 
  4.397385 3.376032 3.359104 4.978098 4.115316 4.306429 4.833775 5.623051 6.053297 6.594417 6.329992 7.322927 7.921107 7.729016 7.77794 8.825793 9.095531 9.343819 9.19487 10.02797 9.879964 9.926787 10.11819 
  3.925784 2.868603 3.803187 4.411839 4.668887 5.091763 4.101502 4.77683 5.906888 6.175754 7.027863 6.784087 7.887002 8.254442 8.46509 8.825793 9.063902 9.370629 9.576097 9.933135 10.08788 10.54706 10.30214 
  4.303065 3.883462 3.803187 4.134444 4.442426 4.837685 4.658029 5.748416 5.819043 6.440417 6.869191 7.590787 7.989319 7.386546 8.277731 8.346744 8.637825 9.04792 9.290299 9.838296 10.38257 10.31409 10.4861 
  5.057626 3.274546 3.655159 4.290479 5.218134 4.514312 4.218666 3.773901 5.555507 6.407334 6.586753 6.908435 7.371633 8.059927 7.802929 8.561644 8.54565 9.370629 8.855565 9.309824 9.535257 10.08491 10.70597 
  4.774665 2.462659 3.729173 4.567874 4.92051 4.098547 3.984339 3.993292 5.496943 5.679509 6.227287 6.556117 7.277494 8.319281 8.290226 8.561644 9.222042 9.188186 9.470391 9.683939 10.31709 10.39175 10.14219 
  4.821825 3.17306 4.13625 4.550537 4.316614 5.819286 4.804483 4.58878 5.965452 5.7953 6.61243 7.281477 7.852895 7.298482 7.740456 8.852209 8.695434 8.681069 9.269093 9.326829 10.18611 10.26562 10.61535 
  4.538865 2.665631 2.804001 3.857049 4.694049 5.638075 5.766136 5.497684 5.672634 6.4735 6.098907 6.514668 7.183356 7.689877 8.887247 8.588058 8.40739 9.263387 9.959279 9.862006 9.715445 10.27315 10.20617 
  2.463823 2.614887 3.28509 3.874387 4.26629 4.814587 4.335829 5.435001 6.636944 6.291544 6.304316 7.546144 7.724651 8.124765 9.179511 8.878624 8.902825 9.504682 9.470391 9.838296 10.05513 10.19032 10.52474 ]
