 [
  4.858846 5.323205 4.793105 4.78575 5.198382 4.677204 4.35076 5.32078 6.080303 7.015632 6.607557 6.813188 7.573525 8.121943 8.650782 8.733538 9.047753 9.245019 9.23992 9.439748 9.524398 9.974907 10.20439 
  4.378148 3.40947 4.887128 4.918591 4.20542 4.549704 5.170254 5.697929 5.952533 5.499907 6.755017 7.169738 7.344985 6.926064 7.550333 8.596784 9.082775 9.481732 9.725578 9.569231 10.18788 10.44486 10.89252 
  4.041658 3.167056 3.338634 4.307525 4.805335 4.485953 3.81385 5.532927 5.952533 5.949606 6.730441 7.110313 7.276423 7.927071 8.086535 8.665161 8.889913 9.78946 9.762608 9.44838 10.23984 10.20442 10.51003 
  4.378148 3.167056 3.834476 4.732615 3.915806 4.071575 4.915928 5.32078 6.447676 6.594826 6.214329 7.348013 7.817982 7.39462 7.411958 8.624135 9.117798 9.108691 9.314692 9.655553 9.933353 10.43393 10.19453 
  4.522357 3.721146 4.098926 4.971727 4.722588 5.027832 5.820385 5.297208 5.390347 5.930054 7.000785 7.496576 7.09359 7.07515 7.706004 8.765895 9.012732 8.960382 9.845924 10.20033 9.886881 10.43393 10.76794 
  3.320611 3.478732 3.900589 4.573205 5.239756 5.665337 5.952383 5.155777 5.952533 6.53617 6.681287 7.229163 8.064482 7.82058 7.481145 8.830608 9.012732 9.363376 9.808894 10.18893 10.57755 10.62514 10.61849 
  3.753239 5.132625 4.693936 5.504409 5.718672 5.665337 5.622388 6.157631 5.901425 6.223336 7.282459 7.912552 7.664941 8.076157 7.844379 8.405329 8.778259 9.088917 9.23992 9.638288 9.756759 10.1607 10.23397 
  4.958876 4.240606 3.338634 4.22782 4.474348 6.164272 5.688387 6.157631 5.926979 6.516618 7.705842 7.080601 6.293699 7.117746 8.242206 8.927679 8.655439 9.049368 9.4386 10.14336 9.961236 10.11699 10.44102 
  5.322596 3.721146 4.065869 5.157704 4.26748 5.219083 5.000703 5.853119 6.003641 5.851846 6.50925 7.021175 7.162152 7.927071 8.650782 8.596784 8.778259 8.871398 9.716321 9.756027 10.21386 10.35743 10.27341 
  4.426218 3.513362 4.131982 4.945159 4.867395 5.697212 6.150379 5.650786 5.645886 6.418857 6.65671 6.010949 7.367839 7.479812 8.380581 8.63781 9.047753 9.505404 9.457114 9.733243 10.3957 10.48993 10.56919 
  4.714637 4.275237 4.032813 4.280957 4.350227 5.729087 5.688387 5.014346 5.824764 5.402147 6.337213 7.407438 7.879607 7.756686 8.415174 8.391653 8.767094 8.821962 9.173455 9.801597 10.017 10.18256 10.89252 
  5.010836 4.656175 3.80142 4.307525 5.910238 5.94668 5.952383 6.157631 6.570134 6.835287 7.148246 8.022265 7.619233 7.650196 8.155722 8.63781 8.778259 9.221347 9.223304 9.275736 9.924059 10.41207 10.76794 
  5.218676 3.790408 4.793105 5.317112 6.772286 7.107173 5.688387 6.035826 5.722548 5.812741 7.221976 7.912552 7.710649 7.39462 8.138425 8.391653 9.082775 9.339705 9.688548 10.25729 10.31777 10.24814 10.67764 
  5.114756 3.998192 4.165038 5.785354 6.484937 6.962111 5.886384 5.627214 6.447676 6.301544 7.584876 9.174253 7.817982 8.054858 8.397878 8.514731 9.187841 9.363376 9.115299 9.327529 10.1619 10.55753 10.65792 
  5.686315 3.167056 5.169198 6.253595 7.634335 6.81705 4.88767 5.367924 6.325218 7.195977 8.613091 8.954827 7.230714 7.82058 8.815564 8.798251 9.082775 9.049368 9.392312 9.180781 9.515103 10.06234 10.57905 
  4.522357 4.846755 5.075175 5.504409 5.910238 6.236803 6.348375 5.974924 6.080303 6.895402 8.794541 9.777677 7.756357 8.16773 9.112173 8.765895 10.02837 9.43439 9.457114 9.892735 10.31777 10.44486 10.7368 
  5.114756 5.894944 5.827362 6.53454 6.58072 6.309334 7.008364 5.085062 5.926979 6.715056 9.157441 9.613107 8.126106 8.854532 9.738348 8.528407 8.298148 8.673654 8.832827 9.68145 10.34375 10.21535 11.32853 
  4.906916 5.799654 6.297479 6.440892 6.293371 4.77283 5.452838 5.792217 6.75382 6.340649 9.641308 10.05196 8.064482 8.808745 8.749651 7.858314 8.80059 9.177901 9.347924 10.26868 10.3957 10.33557 11.11052 
  5.842195 7.800743 7.895876 6.066298 6.676504 5.801618 6.810367 6.096729 6.003641 6.301544 9.399374 9.503393 7.687795 8.534024 8.749651 8.665161 9.082775 8.960382 9.148532 10.86108 11.35687 11.48145 11.9514 
  6.309834 10.94531 10.90462 7.190078 7.442769 6.526927 6.414374 6.218534 6.003641 7.195977 10.12517 10.49081 8.310981 8.442451 8.683738 8.172847 9.082775 9.118578 9.521915 10.45096 11.14905 11.59412 12.29398 
  8.90783 13.80401 13.91337 9.718581 9.071083 6.454395 6.282377 6.096729 6.876278 6.715056 8.915508 9.229111 7.756357 8.625598 9.14513 8.733538 8.867581 9.552747 9.4386 10.28007 11.12308 11.34624 12.04483 
  10.15487 15.70981 15.79384 11.4979 11.46566 8.050075 7.800349 8.106508 8.284542 7.857244 9.459858 9.229111 8.249356 8.305091 8.584868 8.798251 8.711267 8.920834 9.339616 10.05223 10.70743 11.14343 11.81125 
  10.67447 16.37684 16.35798 12.24708 12.32771 8.340198 8.394339 9.446361 9.386662 9.360122 9.278408 9.613107 9.235353 9.3124 9.309913 8.927679 9.503039 9.221347 9.420084 10.394 11.04514 11.07583 12.63656 
  11.09015 16.18626 15.98189 12.05979 11.84879 7.107173 7.140361 7.801996 8.651916 8.458395 9.217924 9.667963 8.619104 9.3124 9.34287 8.960035 9.468018 9.978832 9.836667 10.47374 10.91525 11.32371 11.76454 
  11.14211 15.70981 15.13568 11.21695 10.89096 6.164272 6.08438 5.556499 6.386447 7.015632 8.673574 9.064541 8.002856 8.488237 8.914434 9.7366 10.2385 10.38125 10.76408 10.99779 11.17503 11.21103 11.63996 
  10.88231 15.13807 14.38349 9.905878 9.358432 6.309334 5.481096 6.705753 6.570134 7.195977 7.947775 8.351405 7.879607 8.305091 9.474696 9.671886 9.923304 10.64163 11.12174 12.35329 14.07429 14.5593 14.89482 
  10.46663 14.56633 13.72532 7.939264 7.442769 6.454395 5.170254 6.157631 6.937507 7.556668 7.947775 8.461118 8.988853 9.3124 10.79296 10.28667 9.958325 10.4996 11.55094 13.06826 15.35269 16.92473 18.68327 
  10.05095 13.99459 13.16118 6.909133 6.484937 6.744519 5.396321 5.745073 8.039627 8.819086 9.096958 9.777677 8.55748 9.953415 10.89183 11.12794 10.48366 11.51747 12.26626 13.42575 17.01462 19.29016 19.63038 
  9.375469 13.13698 12.12693 6.066298 5.718672 6.01921 7.470356 7.9238 8.039627 9.600582 9.217924 10.3811 9.543477 10.50286 10.76 11.74273 11.74445 12.88376 13.83997 13.87261 14.90525 18.43861 20.03629 
  8.232351 11.80292 10.8106 5.785354 6.006021 6.671988 7.272359 8.532825 8.100856 8.39828 8.431642 9.393681 9.605103 9.266613 9.672435 10.61024 12.09467 12.80174 14.34069 14.94507 14.32997 15.78932 20.4422 
  6.725513 10.0877 9.118179 5.785354 6.676504 7.034642 7.20636 7.680191 8.835603 9.119661 8.794541 9.832533 10.15973 9.175039 9.474696 9.607173 12.58498 13.86799 15.05601 16.64313 14.96917 15.88394 20.7128 
  4.714637 7.896033 7.049665 5.785354 5.239756 6.091741 7.536354 7.558386 8.896832 9.480352 8.855024 10.32624 9.974852 10.3655 10.29861 10.44845 13.58361 14.60615 14.34069 16.82187 15.16093 16.35703 20.4422 
  4.762707 6.847844 6.015409 6.253595 7.346986 6.81705 6.876366 7.192972 7.182423 8.458395 8.552608 9.72282 9.666727 9.770267 9.804261 10.99852 15.16876 15.75441 13.33924 15.83878 14.96917 17.11397 21.25401 
  5.426516 6.466684 6.203455 6.159947 7.059636 7.324766 8.394339 7.253874 7.917169 7.857244 8.613091 10.3811 10.15973 10.59443 10.33157 10.70731 14.37619 14.93423 14.12609 16.01753 17.46206 18.81708 20.17159 
  6.361794 5.990234 6.203455 6.159947 5.814455 6.744519 7.800349 7.619288 8.345772 8.39828 8.189709 10.87481 10.15973 10.13656 10.03496 10.73966 12.40987 12.47367 14.55529 15.92816 16.9507 18.53323 17.73616 
  8.64803 9.992413 9.96439 8.12656 8.783733 8.48526 9.120326 8.593727 8.774374 8.217935 9.399374 10.60053 11.39222 12.56326 12.04531 12.26043 13.07528 12.22761 13.05311 13.87261 14.45781 15.78932 16.24784 
  10.93427 15.8051 16.73407 14.86924 13.57289 11.60409 11.16629 10.96892 11.1623 11.34392 12.18161 14.22106 14.35021 14.92952 14.16716 12.38986 13.00524 12.88376 12.91005 13.78323 14.52173 15.22162 15.57133 
  11.78806 17.44947 17.64425 17.11679 17.02108 14.36026 13.80624 13.22231 13.18285 13.92887 15.41105 17.87029 18.00319 18.4038 18.21814 15.23325 15.96134 15.75441 11.76553 13.247 16.43934 14.93777 14.75951 
  12.19105 17.64282 17.51046 17.52795 17.72114 15.08966 14.22309 13.58772 13.85637 14.28956 15.6666 18.51623 19.0754 19.39646 19.40961 16.54327 17.45842 17.06671 12.05166 13.69386 16.56718 15.127 15.43602 
  12.24862 17.72339 17.59074 17.69584 17.8475 15.24292 14.22309 13.52682 13.9176 14.37571 15.60271 18.04645 18.86095 20.19058 20.24363 17.24195 18.16293 17.23075 12.48085 13.42575 16.82286 15.03239 15.30072 
  12.34456 17.78784 17.6175 17.69584 17.81591 15.16629 14.14666 13.58772 13.9176 14.22945 15.47494 17.40051 18.93243 20.19058 20.24363 17.67862 18.60325 17.23075 12.62392 13.33638 16.56718 14.74854 15.30072 
  12.38294 17.82007 17.65763 17.6119 17.72114 15.08966 14.14666 13.52682 13.79514 14.10922 15.28327 17.04818 19.14688 20.09131 20.00534 18.02796 19.04357 17.39478 12.62392 13.42575 16.3115 14.46468 15.57133 
  12.47889 17.85229 17.67101 17.47198 17.59477 15.01304 14.07024 13.58772 13.79514 13.92887 15.1555 16.93074 19.36132 19.99205 19.88619 18.20263 19.04357 17.23075 12.76698 13.60449 15.60837 14.37007 15.30072 
  12.59403 17.86841 17.65763 17.444 17.5 14.94051 13.93824 13.40502 13.73391 13.92887 15.09161 16.75457 19.57576 19.99205 19.76704 18.28996 18.86744 16.73863 13.76843 13.15763 15.41661 14.27545 15.97723 
  12.72836 17.86841 17.60412 17.47198 17.40422 14.86798 13.67424 13.22231 13.61146 13.92887 14.96384 16.51969 19.86168 19.99205 19.29046 18.3773 18.33906 16.24652 14.69835 12.97889 15.03309 14.18083 16.78904 
  12.74755 17.86841 17.57736 17.38804 17.30843 14.72291 13.54225 13.16141 13.55023 13.98899 15.02772 16.69585 20.1476 19.59499 17.97985 18.28996 18.16293 15.75441 12.40932 12.35329 14.07429 13.30674 14.48891 
  12.76674 17.86841 17.59074 17.33207 17.30843 14.65038 13.54225 13.16141 13.55023 14.0491 15.28327 17.69412 19.93316 19.19793 16.43094 17.76595 17.54649 15.2623 11.33634 10.71298 13.01944 12.40536 14.083 
  12.72836 17.83618 17.5506 17.36006 17.30843 14.65038 13.47625 13.22231 13.67268 14.37571 15.98603 18.1639 18.86095 17.80821 15.12033 16.80527 16.48972 14.60615 10.97868 10.63323 12.81162 12.08988 13.13589 
  12.70917 17.7395 17.44356 17.38804 17.30843 14.57785 13.47625 13.28321 13.9176 15.06486 16.49713 16.93074 17.64579 16.31923 13.92886 15.75726 15.43295 13.62193 10.38285 9.91552 11.69458 11.88707 12.34069 
  12.68998 17.6106 17.25624 17.444 17.30843 14.50532 13.41025 13.52682 14.475 15.84016 16.04992 14.9342 16.35914 14.73099 12.85654 14.79658 14.55231 12.71973 10.76408 10.32564 11.22699 11.41384 12.21612 
  12.67079 17.38502 16.92175 17.30409 17.02108 13.9976 13.08026 13.90259 15.19166 15.40944 13.87514 13.23364 14.84321 12.97534 11.84757 13.8359 13.58361 12.30963 10.54949 9.68145 10.1619 11.14343 11.65553 
  12.53646 17.17555 16.64005 17.21044 16.82952 13.56242 12.94826 14.29617 15.27129 15.06486 12.48402 12.68508 13.91884 11.28123 10.85887 12.00158 11.91956 11.18607 9.36454 9.949697 9.821819 10.51246 11.17281 
  12.36375 17.03053 16.54603 17.21044 16.82952 13.2723 12.81626 14.37488 15.0324 14.37571 12.06064 12.63022 13.36422 10.41128 10.2327 10.70731 11.25414 9.836803 9.4386 9.491541 10.42168 10.62514 11.39081 
  12.13348 17.01442 16.64005 17.33207 17.11687 13.12723 13.01426 14.37488 15.0324 13.80864 11.93967 12.73993 12.62472 9.907628 8.980348 10.09253 10.09841 9.600089 9.484886 9.724611 10.10995 10.20442 11.15724 
  11.94158 17.09498 16.8281 17.75181 17.75273 13.9976 13.60825 14.84718 15.74906 14.10922 12.42354 13.45307 12.80959 9.861841 9.309913 10.83673 11.00899 9.387047 9.214995 9.86995 10.29179 10.55753 11.90468 
  11.9032 17.25611 17.08231 18.59128 18.85841 15.4728 14.91091 15.63434 16.7046 16.27088 14.23804 15.11036 14.78159 10.73179 10.36452 11.8398 12.12969 10.61796 9.28146 9.715979 9.998414 10.18256 12.57427 
  11.82644 17.27223 17.10907 19.06698 19.49022 17.00534 16.21013 16.34278 17.34163 18.51064 16.1777 16.04991 15.64434 11.92225 11.55096 12.51929 12.51493 11.91989 9.910726 10.51931 10.6295 10.94062 12.72999 
  11.88401 17.15944 16.94851 18.67523 18.89 18.0015 17.05081 16.65765 17.73977 19.54437 17.58322 16.75457 16.07322 12.88377 12.30896 13.57389 13.18035 12.30963 9.744093 9.465645 10.70743 11.9096 12.72999 
  11.74968 17.01442 16.8281 18.11558 18.16341 18.69114 17.58578 16.81508 17.8194 19.19979 18.47764 17.40051 16.5021 13.43321 12.7374 14.53457 13.49555 12.30963 9.688548 9.698714 12.00632 13.32928 12.65213 
  11.67292 16.93385 16.73407 17.83576 17.91068 19.22753 18.12076 17.20866 18.05829 19.11365 18.86096 17.69412 17.00246 13.93686 13.45228 15.66992 14.112 12.18027 10.42914 9.892735 13.01944 14.46468 12.86529 
  11.59617 16.88552 16.64005 17.66786 17.78432 19.6873 18.57931 17.75967 18.45643 19.37208 18.98874 18.1639 17.71727 14.43319 14.04801 15.93193 14.28812 12.22761 10.02181 10.56488 13.69077 14.5593 12.6677 
  11.59617 16.85329 16.64005 17.55593 17.65795 19.84055 18.80858 18.15325 18.77495 19.54437 18.73319 18.63367 18.50355 14.73099 14.40545 15.75726 14.02393 12.18027 9.845924 10.75855 13.88253 14.46468 12.35626 
  11.55779 16.85329 16.64005 17.444 17.59477 19.84055 18.885 18.3894 18.85458 19.71666 18.47764 18.45751 18.43207 15.52511 14.88204 15.58259 13.8478 12.18027 9.61449 10.42817 13.04542 14.27545 12.65213 
  11.55779 16.85329 16.64005 17.38804 17.53159 19.76392 18.885 18.54683 18.9342 19.71666 18.1582 17.51796 17.86023 16.21997 14.76289 15.58259 13.75974 12.1566 10.11439 10.57627 12.96749 14.65392 12.86529 
  11.45387 16.85329 16.64005 17.33207 17.5 19.76392 18.885 18.54683 18.85458 19.63052 17.71099 16.87202 18.14615 17.01409 14.76289 15.66992 13.93587 11.8252 9.96627 10.69019 12.31805 13.10393 11.85797 
  11.34995 16.85329 16.73407 17.30409 17.56318 19.6873 18.80858 18.3894 18.85458 19.71666 17.19989 16.46096 18.21763 17.31189 14.5246 15.40792 13.93587 11.75419 10.48468 10.6788 12.11023 11.66172 11.96697 
  11.14211 16.85329 16.73407 17.21044 17.53159 19.53404 18.73215 18.15325 18.61569 19.45823 16.56102 15.93247 17.50283 16.81556 14.2863 15.14592 13.8478 11.3281 9.892211 11.72768 13.35715 12.27015 11.68668 
  10.72643 16.758 16.8281 17.21044 17.62636 19.30416 18.57931 17.9171 18.29717 18.76907 15.98603 15.40397 16.5021 15.92217 13.69057 14.27257 13.11031 10.02617 9.845924 11.19145 13.04542 13.12647 11.59325 
  10.31075 16.758 16.85486 17.11679 17.68954 18.99765 18.42645 17.60224 18.05829 17.56305 15.34716 14.82449 15.64434 15.32658 13.33313 12.87521 12.19973 9.836803 10.02181 11.72768 13.43509 13.10393 12.04483 
  9.687229 16.66271 16.89499 17.02315 17.78432 18.61452 18.19718 17.20866 17.97866 16.52932 14.54045 14.00164 14.65834 14.73099 12.97569 12.22808 12.09467 9.836803 9.818151 11.45957 13.43509 13.26167 11.85797 
  8.232351 16.56742 16.96189 16.7422 17.94227 18.07812 17.96791 16.81508 18.05829 16.52932 13.51224 13.39821 13.73397 13.29585 12.70444 12.26043 12.47991 10.9967 10.21622 10.81551 13.0714 13.10393 12.18497 
  7.660792 16.37684 17.01541 16.46126 18.06864 17.38848 17.66221 16.4215 17.50089 16.44317 12.42354 12.84965 13.24097 12.88377 12.57261 12.45458 12.54995 10.6653 10.09587 10.58766 13.25324 13.17153 11.68668 
  8.180391 16.18626 17.06893 16.08666 18.10023 16.85209 17.43293 15.9492 15.66943 14.72028 11.69774 12.24622 12.3166 14.1354 12.5067 12.19572 12.33982 10.47593 9.231611 11.28083 13.43509 12.51803 11.17281 
  8.54411 15.99568 17.17597 15.43113 17.94227 16.46895 17.28008 15.31948 14.55463 12.42599 12.06064 11.80737 11.3306 13.89108 12.17713 11.25737 11.46427 9.481732 9.190072 10.64462 12.6038 11.7744 11.01709 
  8.284311 15.70981 17.25624 14.77559 17.40422 15.93256 16.82153 14.21745 13.61146 11.10346 10.85097 10.27139 10.52947 12.05961 10.76 10.41609 11.60436 9.600089 10.25325 10.61045 12.57782 11.21103 11.11052 
  7.972551 15.32865 17.13583 14.0264 16.25482 15.01304 15.52231 13.34411 12.75425 10.80289 10.24614 10.32624 10.65272 12.15118 10.19974 10.06017 11.14907 8.812075 9.975528 10.45096 11.72056 10.98569 11.54653 
  8.076471 14.8522 16.64005 13.46451 14.14759 13.2723 13.74024 13.22231 12.87671 9.901158 9.883241 9.55825 9.543477 11.00651 9.969045 9.639529 10.62374 9.387047 9.845924 10.2345 11.9024 10.94062 10.90809 
  7.660792 14.18517 15.79384 12.34073 11.84879 11.74915 12.55227 12.8569 13.36654 9.540467 9.338891 9.777677 8.126106 9.403974 9.606522 9.510102 10.37859 9.505404 9.264844 9.881343 11.25296 11.50398 11.46867 
  6.985313 12.37466 14.47751 11.59155 11.84879 11.82168 13.01426 12.9178 12.63179 9.961273 10.06469 9.942246 8.495855 8.534024 10.13383 9.445389 9.187841 9.552747 9.716321 9.881343 10.73341 11.81947 11.8424 
  5.686315 11.13589 12.409 9.437636 9.454215 11.24143 11.76028 11.88246 11.71336 10.62254 10.97194 10.05196 8.865604 8.396664 10.13383 9.704243 9.678149 9.158127 9.429341 9.595127 10.49961 11.34624 11.51539 
  4.810777 8.658353 8.930134 6.721837 8.017467 10.58865 11.49628 11.82155 11.83582 9.961273 10.36711 10.71024 9.728352 8.762959 10.92478 10.80438 10.44863 8.930721 8.882675 9.387955 10.57755 11.1209 11.11052 
  5.738275 7.896033 8.742086 6.628188 7.251203 9.573222 10.3743 12.00426 12.20319 10.02139 10.24614 10.49081 10.03648 9.58712 11.15548 10.64259 9.818237 9.197676 9.339616 9.733243 10.00771 10.87302 11.11052 
  5.478475 7.705453 8.083923 6.815485 8.304817 9.935877 9.780313 11.09072 11.83582 9.360122 9.096958 9.832533 8.68073 8.16773 10.26565 10.22195 9.678149 9.245019 9.670033 9.824381 10.26581 10.24814 10.8458 
  5.998075 7.133714 7.425759 5.691706 6.58072 9.500691 10.90229 10.4817 10.79493 8.819086 9.278408 8.899971 8.742354 7.799283 8.716695 8.992393 9.362951 8.920834 9.148532 9.812989 9.970531 10.4674 10.66778 
  5.790235 6.466684 7.049665 5.051432 6.772286 9.35563 10.7043 8.289215 7.978398 7.857244 9.520341 9.283967 8.619104 8.396664 8.551911 9.251247 9.468018 9.884146 9.503401 9.724611 10.26581 10.39022 10.59877 
  4.906916 5.704364 5.357245 5.131136 8.113251 9.138037 9.120326 8.045606 7.488567 6.594826 8.552608 9.064541 8.495855 8.213517 8.432471 9.510102 9.362951 9.481732 9.073759 9.926911 10.44766 10.71527 10.38186 
  6.153955 6.561974 5.827362 5.691706 5.910238 6.81705 7.074363 6.218534 6.75382 6.715056 6.705864 7.912552 8.187731 8.16773 8.051941 8.678836 9.362951 9.860475 9.707064 9.949697 10.08206 10.44486 10.76794 
  5.686315 5.513784 5.357245 5.972651 4.867395 5.94668 6.61237 6.401241 6.631363 6.654942 7.221976 7.080601 7.185007 8.012262 8.000051 8.992393 9.15282 8.752751 9.165148 9.961088 9.998414 10.535 10.86137 
  6.153955 5.323205 4.627824 5.317112 5.032889 5.091582 5.170254 6.035826 6.386447 6.242888 6.50925 6.456637 7.527817 7.863176 8.363284 8.460031 8.889913 9.458061 9.75335 9.664186 9.766053 10.3465 10.55933 
  5.478475 4.205976 4.330318 4.759182 4.557095 4.581579 4.831153 5.974924 5.901425 6.594826 5.919407 6.872612 7.527817 7.990964 7.965457 8.895322 8.320478 8.564895 9.223304 10.30286 10.26581 10.39022 10.40158 
  5.530435 4.136714 3.933645 4.413797 4.846708 4.740955 5.42458 5.037918 5.134808 6.281992 6.165175 6.813188 7.710649 7.245534 9.112173 8.678836 8.700101 9.029593 8.990679 9.612392 9.673109 9.745395 10.41144 
  3.993589 3.998192 4.165038 4.307525 4.226107 4.932206 4.774636 4.755056 5.850317 6.281992 7.049938 7.140026 7.482109 8.259304 8.980348 8.295925 8.521456 9.410718 9.401569 9.801597 10.13593 10.14977 10.13538 
  3.945519 3.721146 4.098926 4.387229 4.101987 4.83658 4.88767 4.896487 4.444853 5.656324 6.730441 7.080601 7.139298 8.305091 8.086535 8.678836 8.867581 9.292361 9.642262 9.646921 9.766053 10.71527 10.63821 
  4.666567 4.344499 4.330318 4.971727 4.805335 4.70908 5.537613 5.58007 5.390347 5.343491 6.091445 6.902325 8.002856 8.213517 8.345987 8.022418 8.889913 9.245019 9.331308 9.362058 9.896175 9.963978 10.69736 
  4.906916 3.998192 5.263222 5.317112 5.157009 5.410335 4.718119 6.157631 6.631363 7.015632 7.148246 7.734277 7.070736 7.692792 8.328691 8.798251 9.257886 9.505404 9.633004 9.949697 10.09136 10.4674 10.95481 
  1.830444 2.682226 3.834476 5.317112 5.431323 5.187208 4.774636 5.037918 5.21147 5.832294 5.649063 7.288589 7.756357 7.50111 8.363284 8.555758 8.834085 9.049368 9.568203 9.824381 10.03559 10.55753 10.64807 
  2.791842 3.617254 4.032813 4.838887 4.784648 4.70908 4.746377 5.014346 5.620333 6.418857 6.410943 7.258876 7.185007 6.713084 8.294096 8.830608 8.443298 8.950496 8.890983 9.293 9.784642 10.48993 10.1058 
  4.089728 4.379129 4.396431 4.865455 4.26748 4.294702 5.509355 5.014346 5.237024 7.015632 7.000785 6.96175 7.162152 7.841878 8.380581 8.719862 8.901078 8.752751 9.475629 9.91552 9.886881 10.30278 10.4706 
  5.426516 4.751465 4.032813 3.616754 4.101987 3.689072 5.509355 5.06149 5.926979 6.106023 7.584876 7.496576 7.687795 7.82058 8.650782 8.555758 8.856417 9.088917 9.466372 10.06362 10.26581 10.30278 10.78352 
  4.666567 3.028533 3.008073 4.65291 4.950142 4.581579 3.9834 5.155777 5.773656 6.125576 6.091445 7.466864 7.817982 7.224236 7.706004 8.159172 8.465629 9.221347 9.140224 9.847166 10.10065 10.48993 10.62835 
  4.474288 2.439811 2.941961 4.865455 5.032889 4.995956 4.492052 4.283619 5.032593 6.301544 6.607557 7.080601 7.09359 7.628898 7.844379 8.200198 8.599613 8.782413 9.156839 9.698714 10.08206 9.996765 10.75237 
  4.185868 3.478732 3.80142 4.440365 4.929455 5.027832 4.548569 5.297208 5.645886 6.125576 7.148246 7.967409 7.879607 8.16773 8.518955 8.765895 8.82292 8.653879 9.57746 9.904127 9.914764 10.4674 10.67764 
  4.522357 3.305578 4.065869 3.962139 4.826022 4.677204 4.265985 5.132205 6.631363 6.654942 6.877901 7.437151 6.842196 7.415918 8.518955 9.057106 8.96807 8.901059 9.586718 9.76742 10.10995 10.37929 10.55933 
  4.666567 4.240606 2.677511 4.360661 4.660528 3.689072 4.915928 4.943631 5.21147 6.125576 6.312635 7.437151 7.413547 8.076157 8.103831 8.364303 8.923409 9.410718 9.586718 9.379322 10.29179 10.78288 10.86137 ]
