 [
  5.717601 6.898872 6.53838 7.489746 6.867987 7.495171 8.399759 8.603311 8.421944 9.559494 9.864086 9.446435 8.701738 9.09111 9.066569 9.220504 9.149125 9.656566 9.844715 9.857615 10.26012 10.51606 11.10959 
  5.752258 6.264772 7.230574 6.741809 6.701622 8.082537 7.758591 9.04723 8.540754 9.001936 9.752419 9.72113 8.437513 8.310092 8.88155 9.234164 9.205216 9.152059 9.908691 9.904388 10.10681 10.47082 10.7253 
  4.899452 6.455002 7.299793 7.029478 7.422538 7.033669 7.758591 7.71547 8.184321 8.927595 9.864086 9.39796 9.014005 8.771603 9.288593 9.220504 9.177171 9.339765 9.385285 9.979694 9.661333 10.38171 10.73583 
  5.752258 6.391593 6.815258 6.511675 7.311628 6.823896 7.357861 7.432976 8.303133 8.964766 9.342972 9.381801 9.206168 8.20359 8.807542 9.220504 8.78163 9.487605 9.844715 10.06934 9.690812 10.34607 10.4464 
  5.232399 5.217614 5.378849 6.339074 6.867987 7.159534 6.95713 7.231194 7.590266 7.81248 8.672969 9.107105 8.965963 8.416595 8.659526 8.838011 9.008898 9.677686 9.567483 9.749646 9.814626 10.33716 10.67792 
  6.064174 6.772052 5.601431 5.380268 4.475709 5.728714 6.775158 7.231194 7.273437 7.738139 7.7534 7.879056 8.149268 8.20359 8.88155 8.797029 9.064989 9.487605 9.547239 10.22354 10.03867 9.900525 10.38404 
  3.434486 4.92698 5.193364 5.341934 5.339688 6.991714 7.518153 7.39262 7.31304 7.440775 7.779631 7.943691 7.658685 8.20359 8.418584 8.444193 8.947648 9.529845 9.425774 9.695662 10.09403 10.38171 10.50096 
  4.53321 5.895758 6.469161 5.226932 4.782282 5.981688 5.592338 6.665204 6.59637 6.093103 6.625473 7.553801 7.624962 7.943678 8.733534 8.797029 8.665416 8.841883 9.122111 9.857615 9.832314 10.84278 11.02536 
  4.166969 4.781664 5.49014 5.361101 5.283948 5.054116 5.410366 5.535412 6.034309 6.59848 7.045167 7.19727 7.624962 8.452096 7.957226 8.697794 8.773328 9.297524 9.695436 10.18051 10.3751 10.59146 10.18137 
  3.101539 4.491031 4.191746 5.533604 5.060986 5.054116 4.045573 5.506443 5.987471 6.261562 7.018936 8.105276 7.844162 7.802955 8.460526 8.730873 8.449591 8.714163 9.385285 10.15541 10.19198 10.52611 10.78321 
  7.242521 6.264772 5.638528 5.591138 6.14707 4.295195 4.864449 6.114793 6.385597 6.261562 6.887782 8.460764 8.269371 7.978858 8.770538 9.193183 9.373489 9.614326 9.738088 10.09086 10.43046 10.62161 10.76215 
  7.242521 5.459808 5.638528 4.594419 5.228207 4.590331 4.864449 5.854072 5.823536 6.177333 6.625473 6.662474 7.933084 7.286972 8.390623 8.179565 8.482795 9.015216 9.855378 9.997624 10.43472 10.47585 10.95693 
  4.499916 3.376937 5.044976 5.054428 4.949504 4.969792 4.864449 5.01397 5.683022 6.68271 6.730396 6.385173 7.742992 7.931951 8.152953 8.906313 8.632212 9.024339 9.547239 9.814427 10.05145 10.77241 10.80953 
  4.266853 3.764448 3.709486 4.575252 5.562651 5.644389 4.818955 5.651289 6.956607 6.345792 7.071398 7.652837 7.422625 7.978858 7.789459 9.015596 9.205216 9.677686 9.304309 9.404145 9.926648 10.26587 10.15799 
  4.699684 4.10352 4.303037 4.65192 5.283948 5.138441 4.182053 5.88304 6.104567 6.240505 6.677935 6.919969 7.8273 8.523097 8.278778 8.81069 9.373489 9.550965 9.67411 9.900803 10.02688 10.3728 10.35286 
  3.834022 3.134742 4.488522 4.498583 4.754412 5.222766 4.545997 5.88304 5.870375 6.745882 7.648477 7.355728 7.237149 7.756047 8.404604 8.091356 8.449591 9.088199 9.476384 9.972522 9.956127 10.22132 10.74109 
  4.866158 4.878542 4.451425 4.306913 4.55932 4.379519 5.228394 5.651289 5.800117 6.851169 6.625473 6.523824 7.793577 8.381094 8.844546 8.576507 8.748425 9.339765 8.91967 9.209802 9.997398 10.23914 10.53214 
  3.401191 4.53947 3.969165 4.824423 5.339688 3.915734 4.59149 5.071908 5.683022 6.556365 6.100855 6.959583 8.125248 8.345593 8.844546 8.81069 9.457625 9.339765 9.82339 9.943834 10.20901 10.41736 10.82006 
  4.53321 4.394153 3.264322 4.556085 4.977375 4.843305 5.410366 5.187784 5.378572 6.135218 6.756627 7.593415 7.506932 7.638779 8.013148 8.433167 8.798231 9.276404 9.21321 9.566099 9.891273 10.40845 10.799 
  3.800727 3.037865 4.191746 5.16943 4.197006 4.337357 4.500504 5.01397 6.081148 6.430021 6.861551 7.652837 7.726131 8.6296 8.124992 8.865332 9.008898 9.508725 9.919354 10.3096 9.979711 10.50601 10.53994 
  4.633095 3.425376 4.599813 5.361101 5.088856 5.517902 5.046421 5.390567 6.713466 6.977513 6.83532 7.474572 8.101228 8.381094 7.943245 8.851671 8.765027 9.12469 9.415651 9.98328 10.24308 10.31043 10.40742 
  4.832863 4.491031 5.007879 5.399435 6.091616 5.644389 5.77431 6.9487 6.8774 7.251259 7.854076 8.153751 8.893902 9.304114 9.584625 9.807903 9.99049 9.910007 9.738088 10.35981 10.4262 10.98352 10.7253 
  10.64449 11.84485 11.45296 11.80477 12.74623 12.76761 13.58069 14.25554 14.84051 15.43528 15.6908 16.27489 17.17386 17.58478 18.30331 18.90872 19.17035 18.33459 16.93546 16.69158 16.66219 16.70674 15.73449 
  11.55075 11.90826 10.76076 11.6897 11.85895 12.66544 13.13922 13.6207 14.42711 14.99789 14.80152 15.89679 16.72017 16.64957 17.97827 18.11223 19.4194 19.74194 18.93651 19.10368 19.39748 19.26333 18.77159 
  7.727723 7.723203 9.237936 10.9993 11.41531 11.48087 11.00451 11.18612 12.13041 11.41802 12.5441 15.51869 16.03964 15.99493 18.30331 17.44849 20.41558 19.99782 19.06991 19.85746 20.15728 21.18077 20.89756 
  7.589094 10.00596 10.41467 11.22943 12.02531 11.56478 11.40524 12.45683 12.40601 12.46103 12.95454 16.52696 16.15306 17.58478 19.82016 17.97948 19.91749 18.71841 19.33672 19.7067 19.7014 19.74269 18.46788 
  8.836756 10.76688 10.8992 11.57463 11.63713 12.05243 12.32419 12.98586 12.40601 12.01275 13.70701 17.66126 18.08123 18.42646 20.03685 17.84673 19.17035 18.20664 17.73588 18.50065 18.1818 18.4644 17.7086 
  8.628812 11.27416 12.35281 11.40203 10.86075 11.98432 12.08648 12.10414 11.74865 11.71538 13.70701 15.89679 16.3799 16.36901 17.32819 16.65199 18.42322 16.54341 16.00164 16.08855 16.20631 16.06759 15.27892 
  9.947377 11.71803 11.5914 13.21853 13.07896 11.73259 12.62983 12.66844 10.44173 11.97558 13.09135 16.02282 15.58595 15.99493 16.67811 14.79352 16.30634 15.13606 13.46698 13.07342 13.1671 13.03164 12.39368 
  10.71421 13.74715 13.25266 12.8979 12.24713 12.22272 12.22231 10.70184 9.412036 11.195 12.95454 16.02282 15.3591 15.24677 14.94456 12.66954 13.94042 13.60077 11.73274 10.51056 11.19162 12.55229 11.78626 
  13.0844 16.79069 16.17329 14.98199 13.62133 11.73259 11.36516 10.94398 10.75856 11.38085 13.43338 15.26662 14.67857 15.24677 14.72787 12.2713 13.69138 12.70518 10.93232 10.35981 11.49554 12.87186 11.78626 
  13.57239 17.93804 17.35009 16.90575 16.33321 13.89146 12.12044 11.75111 11.90707 11.82689 14.45948 15.26662 14.90541 15.62085 15.16125 12.40405 13.44233 12.4493 10.93232 10.13748 11.34358 12.3925 12.08997 
  13.99066 18.05881 17.25957 17.62717 16.87558 14.06174 12.86754 12.20994 12.81942 12.9859 14.80152 15.77076 14.56515 15.24677 14.51117 13.20054 14.68755 13.089 11.99954 10.51056 11.34358 12.55229 12.54554 
  13.99066 17.99842 17.16905 17.86764 16.87558 14.12986 13.85237 12.73898 12.81942 14.64798 15.96443 15.51869 13.54435 16.08845 15.91968 13.20054 14.81208 13.72871 12.26635 10.66132 11.49554 12.3925 12.24183 
  14.06037 17.93804 17.03326 17.86764 16.69479 14.02769 14.22592 13.09167 12.45195 15.87267 15.96443 14.25835 13.65777 15.90141 16.02803 12.53679 13.69138 13.60077 12.93337 10.51056 11.49554 12.23271 12.69739 
  13.99066 17.87765 16.988 17.9478 16.75506 13.78929 14.22592 13.26801 12.49788 17.09736 16.44327 13.25008 13.54435 14.49861 14.83621 12.0058 13.06876 13.72871 12.39975 10.27374 11.19162 12.23271 12.54554 
  13.85123 17.81726 16.89748 17.9478 16.75506 13.65307 14.158 13.44436 12.58975 17.70971 16.85371 12.49388 13.3175 13.75045 14.18613 11.87305 12.81972 13.34489 12.53316 10.19844 11.6475 12.23271 12.08997 
  13.71181 17.69649 16.80695 17.86764 16.81532 13.5509 13.95424 13.47963 13.18689 17.09736 16.37487 12.11577 12.52355 14.21805 14.40283 12.0058 13.56685 13.47283 12.53316 10.25223 11.34358 12.55229 12.24183 
  13.50267 17.51533 16.76169 17.70732 16.75506 13.58496 13.88633 13.47963 13.8759 15.52276 14.93833 11.73767 12.06986 13.65693 13.86109 12.0058 13.06876 13.089 12.53316 10.35981 10.58377 12.71207 11.78626 
  13.22383 17.39455 16.67117 17.54701 16.69479 13.51685 13.64861 13.33855 13.96777 14.64798 13.98064 11.1075 11.84302 12.72173 13.063 11.47481 12.6952 12.70518 11.86614 10.51056 11.34358 12.3925 11.63441 
  12.94498 17.27378 16.58065 17.22638 16.57426 13.5509 13.54673 13.33855 13.50843 13.86068 13.22816 10.60337 11.50275 12.53469 13.21101 11.20931 13.06876 12.57724 11.59933 10.51056 11.19162 11.91314 11.3307 
  12.52671 17.09262 16.53538 16.98591 16.45374 13.5509 13.30902 13.23274 12.58975 12.54851 12.61251 9.478752 10.93564 12.53469 13.75275 10.51825 12.57068 11.93754 10.93232 9.652474 10.23882 11.09912 10.64127 
  12.10844 16.91146 16.53538 16.66528 16.45374 13.51685 13.03734 12.95059 11.94667 12.28608 12.06021 8.606191 10.38317 11.86017 13.86109 10.28602 11.67322 11.21945 10.66575 10.11596 10.26438 11.1142 10.8727 
  11.20219 16.60953 16.49012 16.2645 16.33321 13.34657 12.52795 12.66844 11.82786 12.28608 10.53409 9.123264 9.926782 10.04963 12.21191 9.794243 10.29899 10.48025 10.17526 10.00121 10.18772 10.88801 10.63348 
  10.22622 16.2472 16.30908 15.7034 16.15242 13.006 12.39211 12.0336 12.95722 11.5667 9.78964 8.800094 8.941943 9.446117 10.84276 9.056579 10.43922 9.994488 9.834052 9.371755 9.826418 10.74225 10.80953 
  9.66853 15.88488 15.94698 14.74152 15.30872 12.25677 11.96626 12.17468 13.46249 11.34368 9.380195 8.331495 8.557616 8.594099 9.880657 8.730873 9.345444 9.142936 8.929792 10.15541 9.749771 10.56632 10.79373 
  8.975385 15.52256 15.67541 13.85979 14.64582 11.43891 11.32509 11.91253 13.09502 10.71178 8.784636 7.137848 7.456347 8.984608 10.39871 8.675742 8.947648 9.339765 9.727425 10.08369 10.27715 10.57638 10.8569 
  8.212925 15.09985 15.35858 13.05822 13.92265 10.68373 10.88429 11.87217 11.78826 10.45159 8.710192 7.652837 7.237149 7.802955 9.843653 8.697794 9.597853 9.487605 9.516872 10.35981 10.42195 10.6769 10.73583 
  7.38115 14.67714 14.99649 12.3801 13.44054 9.970497 10.44348 11.46861 12.17634 10.45159 8.002966 8.056801 8.293391 8.523097 10.36171 9.288806 8.87294 9.015216 9.620797 10.01555 10.15791 10.47082 10.67265 
  7.485122 14.25443 14.49861 11.5171 12.52441 9.047495 9.321439 10.05614 11.27341 9.931198 8.002966 7.976007 7.981125 8.20359 9.621629 8.906313 9.233262 9.339765 9.727425 10.13031 10.21327 10.54622 10.31389 
  7.519779 13.68374 13.94485 10.65409 11.3044 10.01245 10.28319 10.37899 10.56054 9.856857 8.189077 7.911374 8.365453 8.026086 8.88155 9.083899 9.205216 9.382005 10.00466 9.890006 10.35807 10.60151 10.50876 
  6.688004 12.66918 13.11422 9.848623 10.69439 8.627947 9.842388 9.370081 10.87737 10.45159 8.896303 7.976007 8.029166 7.615325 9.843653 10.23138 9.401535 9.106444 9.253698 9.749646 10.43472 10.34607 10.69897 
  6.202803 11.46439 11.66061 9.503422 10.25075 8.753812 8.199394 9.168299 10.00609 10.3029 9.082416 8.509239 8.437513 8.487597 9.621629 9.234164 8.798231 8.851006 9.919354 9.915147 9.87948 10.00746 10.64127 
  7.242521 10.00596 10.34545 8.98562 9.751653 10.13832 9.081 9.814001 11.43182 11.60387 9.529084 8.347654 8.989985 8.381094 9.843653 9.862545 9.008898 8.951357 9.425774 9.792833 10.26864 10.99357 11.03589 
  8.14361 9.498683 9.376375 7.662347 8.808916 10.51591 10.44348 10.17721 11.2338 11.67821 9.938531 8.557715 8.845861 9.446117 10.76875 10.54557 9.485671 9.487605 9.631459 10.23071 10.32826 10.6568 11.12012 
  6.61869 8.674353 8.891839 8.35275 7.866179 9.718769 10.24312 10.33863 11.1546 11.52953 9.603529 8.913203 9.158127 8.594099 10.43572 10.3953 9.850263 9.529845 9.962006 10.27016 10.34955 10.71209 11.00957 
  7.554437 9.118223 7.507451 7.892481 7.755269 9.089449 10.00268 9.814001 11.1942 12.1986 10.34798 7.494379 8.197309 8.416595 9.917661 10.05379 9.42958 9.339765 9.780739 9.468927 10.45601 10.7523 10.70424 
  8.455526 9.562093 8.199645 8.410284 7.866179 9.383132 10.5637 10.29828 11.07539 13.59825 11.76243 8.379972 8.125248 8.061587 10.3247 10.2587 8.582406 9.466485 9.855378 10.17692 10.13236 10.49595 10.77268 
  6.23746 8.484123 8.684181 7.834948 7.810724 8.544038 9.481731 9.773644 10.99618 13.24833 11.79965 8.525398 9.494413 9.020108 10.69474 10.50459 10.46726 9.403125 9.791401 10.51056 10.00329 10.9232 10.99904 
  8.14361 9.879143 8.891839 7.259612 6.978897 8.208401 9.441658 10.05614 10.04569 12.04992 11.42743 8.897045 8.341432 8.700602 9.954664 9.643978 9.261307 9.161181 9.898029 9.96535 10.06422 10.47082 11.03589 
  7.450465 9.879143 9.099497 8.237682 7.588903 8.124491 8.840563 9.04723 10.40213 11.97558 11.20409 8.266861 8.389473 8.523097 9.621629 9.971829 9.149125 9.234164 9.866041 10.35981 10.32826 10.6568 10.65686 
  7.103892 9.688913 9.168716 7.662347 7.533448 8.29231 9.401585 9.975426 10.32292 12.81094 11.53909 8.961679 7.909064 8.239091 8.807542 9.316127 9.597853 9.719926 9.578146 10.23071 10.52841 10.77743 11.13592 
  6.029516 7.976843 7.576671 5.533604 8.032544 8.544038 9.561876 9.652575 9.095206 12.81094 11.50187 8.816252 8.605657 8.523097 8.88155 9.042918 9.373489 9.445365 9.620797 9.674067 10.47305 10.92823 11.48255 
  6.029516 7.596383 6.815258 5.16943 7.810724 9.089449 9.922534 10.54041 8.223926 11.195 11.27854 8.686983 8.413493 8.558598 8.659526 8.609585 9.008898 9.234164 9.652785 10.15899 10.54119 10.66685 10.65686 
  6.826633 7.596383 7.230574 6.224007 7.145263 7.495171 8.319613 8.845448 9.095206 11.49236 10.90631 8.590033 8.341432 8.558598 8.264798 8.730873 9.541762 9.529845 9.770076 10.01555 9.914856 10.6568 10.87796 
  6.584033 6.772052 6.746038 4.556085 6.701622 8.627947 9.000854 9.612219 8.223926 9.931198 9.752419 8.121434 9.158127 7.967132 8.770538 9.220504 9.373489 9.550965 9.599471 10.15182 10.45176 10.87294 11.19382 
  6.306775 6.645232 6.607599 6.569209 7.477993 8.29231 8.640198 8.764735 6.996211 10.15422 10.31075 7.895215 7.861023 7.943678 8.460526 8.878992 8.980852 9.445365 9.684773 9.918733 10.46027 10.87796 10.86217 
  6.722662 6.518413 5.846186 6.281541 6.424346 6.614122 7.678445 7.190838 6.917004 9.894028 10.3852 8.460764 8.053186 7.240064 8.807542 9.083899 8.773328 9.18855 9.578146 10.35981 10.58377 10.49093 10.26712 
  6.826633 7.089103 6.123064 5.993873 6.313436 7.201488 8.159321 7.311907 6.643208 8.147015 8.114633 7.41515 6.781889 7.662232 8.027128 8.774977 9.569808 8.851006 9.537117 10.09803 9.956127 10.71209 11.14644 
  6.376089 6.772052 6.53838 6.166473 6.257981 6.781941 6.997203 6.867987 7.075418 8.147015 8.524079 7.846739 7.726131 7.732594 8.180915 8.763951 9.064989 9.466485 9.727425 9.695662 9.832314 10.30151 10.95693 
  6.098831 7.406153 6.192283 5.993873 5.534781 6.487636 6.95713 6.433452 6.432436 7.589458 8.2263 7.717471 8.197309 7.943678 7.579751 8.234696 8.814833 9.170304 9.294187 9.652474 9.673125 10.30151 10.86217 
  4.200264 5.508247 4.488522 5.706205 4.754412 6.86585 7.117423 6.839018 6.338758 6.977513 7.386168 7.177463 7.776716 7.779501 8.474506 8.960955 8.590707 8.650303 9.7061 10.06934 10.4475 10.47585 11.10433 
  4.899452 6.137952 5.230461 5.993873 5.952835 6.614122 6.411213 6.404483 6.736885 6.787997 7.569784 7.098234 7.001088 7.439421 7.859362 8.322906 9.177171 9.466485 9.253698 9.468927 10.07274 10.33716 10.18137 
  4.766273 5.023858 4.006261 5.303599 5.980705 5.560064 6.274734 5.651289 6.455854 7.040685 7.622246 7.157656 7.675547 7.990585 8.334701 8.36701 9.401535 9.677686 9.759413 10.01914 10.52841 10.53617 10.23594 ]
