 [
  4.428907 3.540781 3.026116 3.916623 4.148514 3.347279 4.703229 5.568313 5.81172 5.956097 6.459268 7.128909 7.0598 7.650336 8.155632 8.24378 8.796744 9.176566 9.609276 10.02502 10.3276 10.20636 10.45826 
  3.343445 3.477371 3.026116 4.002429 4.5915 4.06403 4.779228 5.914237 5.81172 6.006177 6.632443 6.880794 7.138051 7.785357 7.651506 8.087278 8.690205 9.347026 9.213671 9.926767 10.12063 10.06535 10.36472 
  5.049172 3.287141 2.883233 4.045331 3.742442 3.825113 4.399236 5.08402 6.03531 6.807459 6.016711 7.567883 7.242385 7.901091 7.667768 8.126404 8.702043 8.980538 9.467117 9.915406 9.829176 10.26903 10.51439 
  3.420978 3.540781 2.454581 4.645972 4.5915 4.103849 5.615211 5.723979 5.392489 6.356738 7.036517 7.186167 7.56843 7.901091 8.090584 8.739368 9.223549 9.210658 9.578633 10.26082 9.997321 10.09669 10.67217 
  2.335515 3.731011 2.954674 4.045331 4.997572 4.183489 4.576565 5.464536 6.398644 7.439828 6.824859 7.567883 7.724932 8.526903 8.350778 8.75241 9.033499 9.448215 9.467117 9.233757 9.997321 10.38653 10.73641 
  3.188379 3.477371 4.383512 4.603069 4.5915 5.258615 5.691209 5.222389 5.532233 5.380175 6.613201 7.644226 7.633639 6.878782 8.692282 8.921953 9.642398 9.911006 9.976987 10.30012 10.88002 10.33953 11.05761 
  3.420978 3.794421 3.383326 4.560166 4.517669 5.139157 5.33655 5.845052 5.839669 6.231537 6.940309 7.357939 7.724932 7.476736 7.960486 8.648075 8.76123 9.406144 9.12243 9.41553 9.941273 10.48427 10.75782 
  3.963709 3.857831 4.240628 4.131137 3.59478 4.422406 5.843206 6.388681 5.671977 6.832499 6.574718 7.205253 8.23716 8.195995 8.480874 9.046048 9.582562 9.01463 9.173119 9.966067 10.05337 10.8064 11.42165 
  3.576044 3.540781 4.669279 5.20371 4.886825 5.656811 6.020536 6.487533 7.200844 7.256992 6.767134 8.026921 8.751187 8.195995 8.753191 8.817619 9.045336 9.911006 10.00763 10.12327 10.3276 11.04068 12.42809 
  6.522301 8.050425 9.23541 9.884233 10.04255 10.28121 10.63038 10.83703 10.93537 11.27937 11.72209 11.84638 11.92102 12.1669 11.55504 11.21772 11.6768 10.87866 10.89626 11.16472 11.18384 11.62638 12.08547 
  9.18126 10.65909 12.06511 12.46169 12.41765 12.47395 12.88408 13.01178 13.17608 13.56481 14.02252 14.17127 14.14847 14.56598 13.8087 13.51348 14.01039 13.27675 13.0106 13.15862 13.44873 13.44206 14.17086 
  6.444767 7.155149 7.993101 8.756594 8.9025 9.623387 10.11817 10.63933 10.74864 10.36519 11.81056 12.92579 11.83535 12.58053 12.65141 13.20325 13.29236 12.47739 12.70417 13.01927 13.06204 13.52991 14.07953 
  8.867322 11.78717 11.65101 11.01187 11.2776 11.59685 11.14258 11.13359 10.84201 10.82228 11.81056 12.1785 12.43505 13.07689 12.77323 13.07915 13.53171 12.0146 12.15261 12.28477 12.39915 13.00278 13.30605 
  12.6869 16.29946 17.05505 17.25657 19.06347 18.94254 18.31344 18.84407 18.79277 16.76443 15.52666 15.49977 16.88995 17.46143 16.48873 17.54441 16.76282 14.85832 13.66528 11.02717 12.64773 14.02776 12.81353 
  13.3671 16.93598 16.08849 18.96253 20.04407 21.26286 19.03053 20.36867 20.09194 18.68421 17.3847 17.07738 18.86039 19.72041 18.31672 19.48827 18.63016 16.31233 15.09005 12.06862 14.30772 15.11906 13.45325 
  13.31478 16.90005 15.89896 18.74139 20.32424 21.67961 19.8967 21.28342 21.22872 20.10253 18.18101 17.57557 19.60199 20.34691 18.89835 19.92564 19.08203 16.74853 15.22705 12.10792 13.66969 14.81053 13.60982 
  13.41942 16.89106 15.79204 18.2991 19.97403 20.98503 20.99457 21.58834 21.82417 20.65973 18.44644 17.82466 19.49604 19.87703 19.10608 19.82845 19.23266 17.03934 15.06265 12.20617 14.26665 14.77196 13.89686 
  13.52407 16.85512 15.79204 18.14114 19.55377 20.40158 21.6151 21.54478 22.09483 20.76104 18.56615 17.90769 19.37245 19.74651 19.10608 19.58547 19.43349 16.89393 14.70646 12.5216 15.12913 15.38902 14.10562 
  13.68104 16.82817 15.86106 18.04637 19.41368 20.48493 22.04469 21.23986 21.98657 20.3558 18.53492 17.90769 19.30182 19.64209 18.77372 19.29389 19.4837 16.34868 14.54206 13.17852 15.02646 14.69483 13.38802 
  13.78569 16.81919 15.86106 17.95159 19.2736 20.62385 22.14016 20.89139 21.71591 20.50776 18.53492 18.15679 19.49604 19.6682 18.73217 19.39108 19.58411 16.38503 14.95305 13.59657 15.1086 14.69483 13.40106 
  13.89033 16.80122 15.91792 17.82523 19.13351 20.65163 21.94923 20.93495 21.8783 21.06496 18.72231 18.40588 19.91982 19.87703 19.02299 19.82845 19.93557 16.67583 14.87085 13.49703 14.88271 14.54056 13.22039 
  13.99498 16.75629 15.93687 17.66727 18.9584 20.5405 21.6151 21.19631 22.0407 21.4702 18.97217 18.5818 19.97279 19.82482 18.98144 19.82845 19.98578 16.56678 14.62426 13.33778 14.71843 14.32845 13.4924 
  13.99498 16.70239 15.89896 17.5409 18.78329 20.3738 21.3287 21.32698 21.93244 21.72347 19.0034 18.68736 19.8845 19.6943 18.81526 19.77985 19.83516 16.34868 14.18587 12.93964 14.32826 14.52128 13.81858 
  14.00923 16.66645 15.86106 17.41453 18.64321 20.23488 21.13777 21.32698 21.8783 21.87543 18.97217 18.69909 19.77856 19.64209 18.73217 19.77985 19.73474 16.27598 14.04887 13.01927 14.43094 14.3863 13.92296 
  14.052 16.6395 15.86106 17.31976 18.53815 20.17932 21.09003 21.28342 21.77004 21.87543 18.97217 18.69909 19.77856 19.64209 18.60753 19.77985 19.73474 16.20328 13.61048 12.86002 14.16398 14.2706 14.09257 
  14.09477 16.60356 15.79204 17.13021 18.32801 20.0404 20.8991 21.19631 21.55351 21.77412 19.15956 18.65217 19.67262 19.56378 18.52444 19.73126 19.68453 16.34868 13.2251 12.02932 13.61445 13.61777 14.10562 
  14.12328 16.56762 15.79204 17.00384 18.18793 19.92927 20.7559 21.02207 21.28285 21.52085 19.56558 18.746 19.70793 19.48547 18.39981 19.68266 19.73474 16.45773 13.88447 11.77387 13.55921 13.5592 13.84467 
  14.16605 16.54067 15.79204 16.8917 18.11789 19.92927 20.70817 20.80427 20.95806 21.26758 19.94036 18.746 19.67262 19.35495 18.19208 19.34248 19.38328 16.16693 12.97996 12.60123 14.53361 14.1449 13.66201 
  14.22308 16.5227 15.79204 16.81116 18.02288 19.92927 20.6127 20.63003 20.57913 21.16627 20.31515 18.76946 19.53136 19.17222 18.10899 19.19669 19.18245 15.80343 13.10253 12.99936 14.86217 14.48271 13.60982 
  14.2801 16.50473 15.79204 16.73061 17.92788 19.92927 20.51723 20.32511 20.25434 21.16627 20.50254 18.8281 19.3901 19.14611 18.06745 19.1481 19.18245 15.69438 12.88803 12.16687 14.43094 14.25132 13.22039 
  14.35138 16.46879 15.86106 16.73061 17.83287 20.01262 20.37403 20.02019 19.82128 20.96365 20.44008 19.02748 19.31947 19.0678 17.65199 18.61353 18.52974 14.74927 13.13317 12.74058 14.69789 14.05704 13.0705 
  14.43692 16.46879 15.95582 16.73061 17.83287 20.09597 20.1831 19.58459 19.27996 20.40646 20.44008 19.14476 19.40776 19.14611 17.27809 17.88459 17.62599 13.86576 13.93927 13.13871 15.08806 14.28988 12.77071 
  14.52245 16.43285 16.12639 16.81116 17.83287 20.31823 19.99217 18.97475 18.68451 19.84926 20.50254 19.09785 19.37245 19.0678 16.48873 16.86406 16.28414 14.11819 14.21327 12.91974 14.98539 14.32845 12.77071 
  14.62225 16.36996 16.2401 16.81116 17.92788 20.42937 19.70577 18.34981 18.03097 19.29206 20.19022 19.07439 19.16056 18.70234 15.6969 15.80925 15.62595 14.74927 14.54206 12.44197 14.30772 14.1449 12.64222 
  14.7363 16.29946 16.41067 16.8917 18.02288 20.40158 19.13297 17.55899 17.28406 18.31853 19.69051 19.08612 18.68905 18.12325 14.11325 15.25082 16.28414 15.11277 14.32286 11.89177 13.83542 14.17418 13.51849 
  14.83609 16.15845 16.58124 16.97225 18.11789 20.15154 18.31344 16.86702 16.53716 17.58719 19.59681 18.91019 18.00368 17.21325 13.74779 16.30563 16.87287 14.85832 14.02147 13.6961 14.80057 14.96479 14.13172 
  14.89311 16.08794 16.69496 17.13021 18.11789 19.27145 17.49392 16.17506 15.97698 16.85585 18.65985 18.48798 17.48965 16.22053 13.62597 16.05744 16.82266 14.66512 13.69268 12.44197 13.93809 14.40558 13.30605 
  14.8646 15.94694 16.77077 17.44612 18.15291 18.17508 16.87927 15.77965 15.60353 16.39876 18.44644 18.68736 17.66099 16.46871 13.01687 15.56106 16.76282 14.53891 13.0106 11.83282 13.66969 14.2706 13.26322 
  14.77907 15.73542 16.77077 17.92 18.39806 16.85943 15.9573 15.38424 15.04335 16.03309 18.62862 18.81637 17.74666 17.0478 13.50415 14.25806 15.80545 14.45477 13.50088 11.61667 12.8687 14.6177 13.38802 
  14.62225 15.59441 16.77077 18.04637 18.4681 15.65343 14.9329 14.69227 14.3898 15.576 18.35796 18.68736 18.00368 17.54416 14.4178 14.56829 14.84809 13.90783 13.2251 10.92892 12.48201 13.96919 13.17757 
  14.42266 15.3829 16.73286 17.5409 17.92788 14.9956 14.11337 13.90145 13.92299 15.0275 17.20774 17.74163 17.14697 16.55143 13.07778 13.63758 13.71121 13.27675 12.82675 10.65382 11.81911 13.00278 13.34888 
  14.08051 15.24189 16.05058 16.81116 17.07284 13.67996 12.98652 13.01178 12.896 14.11332 16.5884 16.74525 16.20458 15.72416 12.71232 13.26529 12.75384 12.81396 11.72361 10.57522 11.23908 12.65136 12.38526 
  13.52407 15.24189 14.68777 15.36133 14.60274 12.58359 11.4499 11.62785 10.84201 11.64504 14.02252 13.50701 12.77773 12.82871 10.7023 11.65205 11.13829 10.92073 10.68177 9.68819 10.3276 11.68496 11.93557 
  12.47761 13.76129 12.20315 12.13951 10.89758 8.636654 7.762032 8.06917 7.761024 8.628258 10.57187 10.51787 10.63595 10.18145 9.17956 9.790621 9.88174 9.490288 9.345463 10.02502 10.3276 10.68926 10.38343 
  11.84973 12.84473 10.13263 8.837139 7.47744 6.55355 7.454709 6.685238 7.200844 8.171169 8.802301 9.355429 9.522228 9.850537 9.727747 9.232192 9.582562 9.953077 9.946344 10.22152 10.41047 10.45498 10.92913 
  9.233583 9.460516 8.131135 7.870592 5.698967 6.334276 7.044945 6.882942 7.387571 7.896916 8.625344 9.189365 9.008201 9.850537 9.484108 10.03881 10.48009 9.953077 10.43662 10.61452 10.52095 10.8064 10.97196 
  7.611569 6.584459 6.312442 6.823499 6.907416 6.55355 7.249827 7.476056 7.66766 7.988334 9.333172 9.189365 8.751187 10.42963 9.788657 10.287 11.01861 10.03722 10.28341 10.37872 10.49333 11.36282 11.22892 
  7.559247 8.120929 6.669651 6.823499 6.907416 7.540283 7.249827 8.168022 8.041113 7.896916 9.510128 9.93665 9.265214 9.602356 9.849566 10.96953 11.07845 10.12136 10.22213 10.00537 10.63143 11.09925 11.63578 
  7.297631 7.838911 6.026674 7.145681 8.237473 7.64992 7.557149 7.772613 7.200844 8.719676 9.864041 9.853619 9.69357 10.01599 9.971386 10.65929 10.53993 10.16344 9.976987 10.14292 10.23273 11.0114 11.40023 
  6.7549 7.218559 7.233912 7.709501 7.667448 8.088469 7.966913 7.67376 7.574297 8.079752 9.333172 9.770587 9.950584 10.42963 10.33684 10.78338 9.941575 9.364072 10.1302 10.53592 10.52095 10.92354 11.40023 
  5.436837 7.091739 7.095878 7.709501 7.47744 7.978831 7.352268 7.179499 7.480934 8.719676 9.864041 10.18575 9.436557 9.933265 9.545018 10.4111 10.00141 9.700646 10.46727 10.49662 10.68667 11.30425 11.40023 
  6.212168 5.95036 6.312442 7.145681 7.95246 8.855928 8.069354 8.266874 6.920755 8.811093 9.95252 9.93665 8.751187 9.436902 9.362288 10.22495 10.00141 9.261796 10.09956 10.41802 10.54857 11.04068 11.14327 
  6.7549 7.345379 7.02686 6.904045 8.047464 7.64992 7.352268 7.377204 7.294208 7.896916 8.979258 9.93665 10.37894 9.850537 9.423199 9.728574 10.48009 10.07929 9.762488 9.946418 10.29998 10.71855 10.8863 
  8.1348 8.402947 7.648015 6.823499 7.287432 6.334276 7.352268 7.278351 7.107481 8.171169 8.890779 10.01968 10.29327 8.857812 8.814101 9.976765 10.24075 9.658575 9.639918 9.926767 10.41047 10.68926 10.43955 
  6.522301 7.281969 6.455325 7.226227 6.5274 6.224639 6.942504 7.080647 6.734029 6.982739 8.359909 8.691175 9.607899 9.188721 8.814101 9.728574 9.283384 9.953077 10.22213 10.10362 10.35523 9.92435 10.19635 
  7.349954 6.77469 6.169559 5.546933 6.5274 6.443913 6.4303 7.278351 7.480934 7.256992 7.652083 7.94389 9.008201 8.055401 8.99683 9.232192 9.163713 8.903831 9.885059 9.82452 10.38285 10.4257 10.42085 
  5.902036 5.25285 6.312442 5.847253 5.957376 6.334276 7.454709 6.685238 6.734029 7.34841 8.094475 9.43846 10.37894 10.09872 9.788657 11.15567 11.61697 10.54208 10.58984 12.86002 12.78583 11.5971 10.82206 
  9.704491 7.697902 6.883977 6.40499 5.809714 6.772824 7.352268 7.179499 7.66766 7.714081 8.182953 9.853619 10.89297 10.51235 10.27594 11.46591 12.21532 10.50001 10.71241 13.63638 13.42111 12.03638 11.55013 
  10.33237 8.825974 7.440963 6.190476 6.717408 6.115002 7.454709 6.882942 7.761024 7.988334 8.005996 8.774206 9.179543 8.113268 8.692282 9.418335 9.223549 9.261796 9.558357 9.82452 10.29998 9.932183 10.60793 
  11.43115 10.02455 7.233912 7.387319 6.622404 6.334276 6.942504 6.190976 7.014118 7.256992 7.563604 8.026921 7.751015 7.534603 8.399564 8.778494 8.477125 9.168043 9.639918 9.710912 9.986112 10.08885 10.57986 
  10.1754 9.601524 8.821307 9.56205 9.37752 7.869195 7.659591 6.190976 6.734029 6.857539 7.209691 7.860858 7.777099 7.592469 7.944224 8.791535 8.619179 9.133951 9.142706 9.665468 10.41047 10.08102 10.00927 
  10.38469 10.09506 8.75229 9.078776 8.997503 7.321009 6.840063 5.602905 7.107481 6.832499 6.228369 6.728107 7.659723 7.727491 8.13937 8.439406 8.926959 9.32998 9.609276 9.483695 9.840385 10.48427 10.43955 
  10.54166 9.813039 7.786049 6.233379 6.337392 5.895728 5.944538 5.118612 6.147105 6.832499 6.940309 7.434282 7.359761 7.92038 7.781603 8.426365 8.583665 8.818602 9.304912 9.665468 9.907643 10.26119 10.13087 
  10.01843 9.672029 8.26917 7.467864 5.588221 4.940059 5.539212 6.069903 6.175054 6.231537 6.805617 6.976223 7.242385 7.631047 8.285728 8.765451 8.950634 9.364072 8.929811 9.608665 10.21031 10.29253 10.3086 
  9.285906 8.191434 8.338186 8.031683 6.242388 5.69663 5.184553 5.412647 6.175054 6.657218 6.016711 7.300682 7.138051 8.195995 7.830389 8.400282 8.619179 9.15952 9.345463 9.915406 10.46571 10.11236 10.36472 
  8.65803 8.75547 8.200152 6.984591 5.219065 5.776269 5.463214 5.239686 5.476336 6.431858 6.95955 7.109823 7.151093 7.41887 8.87501 8.322031 8.406099 9.616503 9.233946 9.199675 9.672239 10.57212 10.84348 
  8.030153 7.768406 7.095878 6.018865 4.443838 4.621503 5.285884 5.464536 4.94531 6.181458 6.978792 7.472454 7.777099 7.611758 7.684031 8.426365 8.607341 9.082813 9.49753 9.767715 9.582561 10.45498 10.56116 
  9.495198 8.473452 7.786049 6.147573 6.432396 5.298435 4.931225 5.914237 5.839669 5.730736 5.978228 6.556335 7.072842 8.016824 8.318254 8.648075 8.773068 9.532359 9.558357 9.585942 9.829176 10.17502 10.69358 
  9.233583 9.037488 7.648015 6.823499 5.84663 5.178977 5.691209 5.135908 5.448387 6.031217 6.978792 6.89988 7.098926 7.688913 8.155632 8.921953 8.844095 9.006107 9.477255 9.620025 9.683449 10.10452 10.3273 
  8.65803 8.825974 8.614255 6.662408 4.5915 4.820601 5.412548 5.481832 5.504284 7.074157 7.29817 7.663311 7.894475 8.055401 8.106846 8.569825 9.009823 9.261796 9.375876 9.608665 10.17668 9.987019 10.43955 
  8.65803 8.473452 7.648015 6.319185 5.292896 5.019698 4.728562 5.343462 5.476336 6.431858 7.29817 7.777826 8.151488 8.775084 9.240469 11.03158 11.43746 11.42559 9.49753 10.55557 10.28877 10.41787 10.43955 ]
