 [
  4.210984 3.929529 4.907811 5.783755 5.591492 5.693007 5.722741 5.63447 5.065119 6.026355 6.988881 7.151343 7.609211 8.018292 7.863697 8.61692 8.567547 9.067711 9.480783 10.34578 10.01768 10.3792 10.24718 
  3.723297 3.863567 4.141976 4.627315 4.980658 5.336466 5.262619 5.280698 5.091304 6.165771 6.756546 6.686574 6.287285 8.018292 8.19103 9.000009 8.907156 9.574397 9.448276 9.741337 10.06344 10.60521 10.55874 
  4.350323 3.368856 4.383819 4.195858 5.369345 4.854264 5.214185 5.66395 5.510269 5.667854 6.05954 7.209439 7.102472 7.117636 7.481808 8.532402 9.246209 9.475702 9.69751 9.282767 9.990229 10.21238 10.64182 
  4.559332 3.368856 4.303205 5.1615 4.994061 5.107541 4.875148 6.253569 6.164901 5.687771 5.679355 6.957689 7.102472 7.736837 8.689988 8.521837 9.102688 9.0019 9.344253 9.797652 10.07259 10.467 10.96522 
  3.479453 2.379433 4.202436 5.182046 6.012827 4.638978 4.850932 5.398622 4.881822 6.345022 6.05954 6.899593 7.256697 8.468184 8.26377 8.807086 8.876282 9.107197 9.88173 10.11682 10.3061 10.53611 11.17035 
  3.23561 2.808183 4.464433 5.49023 5.1683 4.980903 4.608762 5.929279 5.61501 6.444605 6.862153 6.860862 6.816055 8.198249 8.245584 8.447884 8.927738 9.673093 9.586978 9.797652 10.07259 9.922633 10.04987 
  4.83801 4.061452 3.920287 4.832771 5.128091 4.702298 4.172858 5.369141 6.269643 6.086105 5.76384 6.124979 7.300761 7.483528 8.209214 8.490143 8.649877 8.857118 9.513289 9.880913 10.01768 10.467 10.33027 
  4.768341 4.094433 4.84735 4.565678 5.114688 4.34771 5.432137 5.192255 5.117489 6.245438 7.031124 7.015785 7.868662 7.933856 8.372881 8.648615 8.485217 9.554659 9.513289 9.685021 9.889559 10.17726 10.89685 
  3.444618 3.434818 4.50474 5.099864 5.422957 5.336466 4.70563 6.135645 6.426754 6.165771 6.946639 7.344996 7.168569 7.694619 8.527077 8.564096 8.824826 8.764983 9.311746 9.443668 9.880406 10.58218 10.6522 
  4.872845 2.346452 4.061362 4.79168 5.409554 5.247332 4.826715 4.366789 6.217272 6.205605 6.249632 7.780238 8.239863 8.108271 8.26377 8.13094 8.557256 9.31779 9.660666 9.757427 10.28549 10.13336 10.47566 
  6.364131 5.170599 3.617984 5.783755 6.012827 4.765617 4.608762 6.466719 6.164901 6.165771 6.312997 6.667209 6.639798 8.423195 8.527077 8.83924 9.174448 9.416485 9.33125 9.797652 10.24428 10.4231 10.80568 
  5.325697 4.457221 3.698598 5.325865 6.097095 6.138681 5.625873 6.017722 6.479125 6.703522 6.777667 6.628478 7.697339 7.779056 7.881882 8.701438 8.804244 8.857118 9.181718 9.741337 10.24428 10.69735 10.60028 
  6.087487 4.028471 4.524893 5.510776 5.181703 5.158196 5.871706 5.192255 5.798307 5.926771 6.587575 7.054516 7.521082 7.962001 8.649261 8.967854 9.461491 9.067711 9.5225 9.873975 10.47094 10.30896 10.60028 
  3.444618 3.335875 4.665968 5.469685 5.03427 4.892255 5.722741 5.870317 5.798307 6.603939 6.397482 6.279902 7.954324 7.90571 8.063733 8.426754 8.742496 8.817631 9.5225 9.839282 10.08175 10.06312 10.64182 
  5.012184 3.896548 3.718751 5.692762 5.675759 6.406087 6.095152 6.750918 8.188892 8.716665 9.747657 8.803931 10.58128 9.907838 12.11112 10.67201 9.676772 9.949439 10.46202 10.51924 11.74843 11.61874 10.78289 
  4.90768 3.566741 4.585354 5.965741 5.275524 5.132869 5.698524 6.047203 6.479125 7.003699 7.722605 7.131978 8.354079 8.513173 10.07473 9.385855 9.102688 9.455963 9.909363 9.676976 10.3061 10.22116 10.2368 
  5.256028 3.863567 4.363665 5.202592 5.422957 4.993567 4.947799 5.811355 5.903049 6.922606 7.623822 7.396352 7.454986 8.018292 9.097265 9.160778 8.444053 9.31779 9.780409 9.628706 10.08175 10.00165 10.06025 
  5.012184 3.467798 4.78689 5.510776 5.235315 5.425601 5.871706 5.95876 4.803266 6.524272 6.650939 7.396352 7.036376 7.764983 8.445621 8.712003 9.138568 9.291466 9.311746 9.818467 10.07259 10.30018 10.80568 
  4.280653 3.599721 4.424126 5.202592 4.565164 4.854264 5.286836 5.693431 5.850677 5.787354 6.20739 6.957689 7.366858 8.468184 8.812171 8.469013 8.763079 8.672849 9.487284 9.943358 10.10005 10.55914 10.70413 
  4.83801 3.896548 4.464433 5.325865 5.1683 5.425601 5.946187 5.752393 6.164901 7.860182 7.673213 7.228804 8.011433 8.333217 8.391066 9.128624 9.138568 8.475417 9.116704 9.765472 10.20307 10.67432 11.12477 
  5.081854 4.259336 5.820049 5.965741 6.855499 7.030032 8.031693 8.029818 7.489442 8.961374 9.451307 8.963883 8.611065 9.81786 8.934354 9.803854 9.533251 9.495441 9.614611 10.04743 10.55336 12.33281 12.62902 
  9.891352 12.10056 11.93205 10.97036 11.74299 12.64554 13.76683 14.35326 13.86221 14.77322 15.19306 13.7834 13.71489 14.74612 13.17004 12.92277 12.76247 10.16657 10.26859 10.19314 12.4696 13.27723 13.26718 
  11.96619 16.0751 16.40202 15.15605 15.70355 16.56748 17.39916 17.14338 16.9512 17.40907 17.2081 15.33291 14.85548 16.08811 14.39363 14.05302 13.69536 11.03509 11.04593 11.15104 14.20328 14.80035 14.26155 
  12.31199 16.89038 16.62233 16.15697 16.27429 17.6578 18.26962 17.91284 17.11678 17.93624 17.73376 15.9355 15.3443 16.83365 15.39571 13.82697 14.44661 11.74569 10.6923 11.7908 14.58567 15.24353 14.84927 
  12.58864 17.19612 16.78639 16.33896 16.20915 17.6578 17.86787 18.01544 17.14438 18.17054 18.8727 16.71025 16.32195 18.17564 17.13264 15.86142 16.08168 13.66228 12.19522 13.01215 14.52194 15.29892 15.73084 
  13.07277 17.50185 16.91259 16.70293 16.40458 17.93672 19.00617 18.57971 16.67523 17.70194 17.9966 16.36592 16.48489 18.47386 17.8675 16.48306 16.4794 15.21283 13.47712 14.34981 16.75252 16.90542 16.27658 
  13.48773 17.69901 16.982 16.97591 16.63257 17.88601 19.14009 18.47712 17.25476 17.93624 18.34704 16.88242 15.83312 17.20643 16.13056 14.10953 13.73955 12.91374 11.93 12.54687 15.35044 16.01908 15.22708 
  13.9027 17.82105 16.94414 17.1579 16.66514 17.53102 19.07313 18.42582 17.7515 18.28768 18.08421 16.452 15.83312 17.35554 16.5982 14.61815 14.53499 13.18107 12.15102 12.89583 15.41417 15.85289 15.1851 
  14.17934 17.91494 16.87473 17.33167 16.66514 17.35353 19.14009 18.22063 17.55833 18.05339 17.64615 15.76333 14.52959 15.939 15.12848 15.12676 14.84433 12.43253 12.68146 13.24478 16.11521 16.35146 14.93322 
  14.4027 17.99005 16.86842 17.53217 16.86057 17.55638 19.34097 18.22063 17.7515 18.40483 18.17182 16.10767 15.01842 15.78989 14.99487 14.95722 15.10948 12.27213 12.23942 12.89583 15.6691 15.96368 14.72333 
  14.62944 18.04638 16.80532 17.71931 17.05599 17.86065 19.47488 18.27193 18.05507 18.46341 18.43465 15.84941 14.77401 15.34256 15.06168 15.18327 15.37462 12.75333 11.88579 12.83767 15.98775 16.29606 14.84927 
  14.74282 18.07454 16.77377 17.81287 17.08856 17.86065 19.40792 18.22063 18.11026 18.22911 18.08421 15.16074 14.12224 15.78989 15.72973 15.69188 15.94911 13.07414 12.06261 12.43055 14.96805 16.12987 15.31104 
  14.8987 18.09332 16.73591 17.94654 17.34913 18.11422 19.27401 17.81025 18.08266 18.28768 18.43465 15.33291 14.44812 16.01355 15.79654 15.01373 15.15367 12.91374 12.06261 12.08159 15.35044 16.29606 15.05917 
  15.05459 18.05576 16.67912 17.97328 17.51198 18.16493 19.00617 17.50246 18.16545 18.17054 18.25943 14.21382 13.22606 15.939 16.06376 15.23978 15.9933 12.53946 11.66478 12.37239 14.90432 15.74209 15.01719 
  15.13962 18.0276 16.67281 17.95991 17.64227 18.06351 18.53746 17.09208 17.7791 17.81909 17.73376 13.95557 13.71489 15.78989 15.86334 14.67466 15.63977 12.59293 11.79739 12.54687 14.84059 15.6867 14.63937 
  15.12545 18.0276 16.68543 17.89307 17.83769 18.03815 18.06875 16.78429 17.58592 17.81909 17.38332 14.64424 14.04077 15.64078 15.3289 13.99651 15.02109 12.43253 11.62057 11.44184 14.90432 16.29606 15.05917 
  15.16797 18.01821 16.66019 17.89307 18.03312 17.98744 17.53308 16.47651 17.25476 17.70194 16.50722 13.69732 12.5743 14.74612 14.66085 14.27907 15.10948 11.95132 10.64624 10.9184 14.52194 15.13273 14.17759 
  15.16797 17.99943 16.67912 17.93318 18.22854 17.98744 16.79653 16.37391 17.22717 17.35049 15.63111 12.66431 12.00401 14.59701 14.66085 13.4879 14.53499 12.16519 10.68309 10.80208 14.20328 15.40971 14.17759 
  15.21048 17.99005 16.67912 17.95991 18.26111 17.93672 16.32782 16.22002 17.06159 16.94047 14.57978 11.88956 11.92253 13.68693 13.65877 13.14882 13.82793 11.95132 10.56334 10.74392 14.07582 14.74496 13.67383 
  15.19631 17.99005 16.69174 17.98664 18.00055 17.63245 15.92607 16.01483 16.9512 16.47188 13.61607 10.75535 12.08548 14.67156 14.52724 12.37616 13.33656 11.27195 10.54492 10.65107 12.99239 13.20813 12.85693 
  15.1538 17.93372 16.63495 17.90644 17.34913 17.04925 15.3904 15.60445 16.67523 15.53469 12.46419 11.45914 11.35224 13.77691 13.72557 12.82631 13.69536 11.17326 10.54492 10.39435 12.8012 12.93171 13.63185 
  15.06876 17.868 16.59709 17.95991 16.828 16.59283 15.25648 15.34796 16.42686 14.10027 10.98244 10.69137 11.15236 14.00057 13.79238 13.26185 13.96051 10.89691 11.04593 10.68576 12.73746 12.93171 14.13561 
  14.99791 17.80228 16.58447 18.00001 16.40458 16.1218 14.80959 15.06376 16.34915 13.12143 10.6861 9.571702 10.58128 12.92211 12.84422 13.26185 14.04889 11.72595 10.63703 10.2764 11.89267 13.18509 14.13561 
  14.96956 17.71778 16.58447 17.94654 16.12488 15.8544 14.73511 14.70851 15.88285 12.20377 10.38975 8.867912 9.867437 12.65218 12.76276 12.31185 13.19304 11.95132 10.25017 9.797652 11.06848 12.83957 13.24439 
  14.84202 17.59574 16.40202 17.81287 15.61928 15.40872 14.73511 14.06906 14.79481 11.28611 9.401917 8.484027 9.52479 11.03257 11.33729 11.50801 12.61895 11.74569 9.835675 9.89479 10.92424 13.52623 13.60906 
  14.75699 17.50185 16.31079 17.66584 15.28221 14.96305 14.66062 13.21646 11.9193 10.06257 8.710435 8.70796 9.581898 11.66241 12.19257 11.47585 12.61895 11.84439 9.220726 10.15151 10.7388 13.52623 13.40393 
  14.61527 17.29803 16.12835 17.4386 14.86088 14.60651 14.43718 13.35856 11.53071 9.695502 9.006784 8.516018 8.239863 11.25751 12.2333 10.67201 12.11663 11.76543 9.207724 9.379309 11.41876 13.3233 13.28997 
  14.48773 17.09421 15.85468 17.06691 14.35527 14.16083 14.28821 13.42961 11.453 9.879034 9.352525 9.059855 8.639618 11.16753 12.31475 10.76847 12.26015 11.68647 9.743565 10.25558 10.98606 12.58619 12.85693 
  14.31767 16.89038 15.48978 16.61194 13.84967 13.71516 13.99028 13.57171 11.60843 9.450793 9.550091 8.803931 9.23925 9.547924 10.35982 10.51124 11.47078 10.79822 9.936996 10.19314 10.92424 12.90868 12.97089 
  14.17934 16.78848 15.12489 15.70201 13.34407 13.26948 13.31994 13.28751 12.07473 10.30728 10.24157 8.931893 9.410574 9.72788 10.40055 9.450162 10.64554 10.08761 9.835675 9.964173 10.40912 13.09296 12.81135 
  14.11018 16.78848 14.94244 15.15605 12.5014 12.46727 13.69235 13.28751 12.54103 10.00139 9.599482 8.579998 8.125648 10.22276 11.82602 10.76847 11.14786 10.54161 9.890941 9.773517 10.36791 12.63226 12.30993 
  13.97186 16.48274 14.48632 13.79115 11.74299 12.37813 13.39442 13.78486 12.61875 9.75668 9.550091 8.73995 8.839496 9.72788 11.41875 10.63985 9.999694 9.73231 9.826464 9.97805 10.26489 13.23116 12.90252 
  13.76438 16.17701 14.0302 11.51632 12.2486 12.37813 13.31994 13.78486 13.62906 10.61316 10.24157 8.579998 8.496849 9.367968 11.58166 11.09 10.1791 9.396747 9.097199 9.915605 10.34731 13.41544 13.03927 
  13.41857 15.46363 13.20918 11.24334 10.39472 11.21938 12.27719 13.71381 14.7171 12.75437 11.2294 9.507721 9.66756 8.468184 10.19691 10.38262 10.46614 9.18617 9.936996 10.15845 10.04514 12.14853 12.10481 
  12.58864 14.54643 12.29695 9.241494 10.14192 10.41716 11.01099 12.43491 13.3182 12.02024 12.01967 10.88331 10.18153 8.423195 11.74457 11.57231 10.75318 8.93609 10.08437 9.499985 10.10005 12.07943 12.26435 
  11.4129 13.11967 10.92859 9.150501 9.046444 11.30851 12.6496 13.00331 14.63938 13.79438 11.97027 11.29919 10.98104 8.558163 11.45947 11.21862 10.3585 9.712571 10.47123 10.096 10.67698 11.61874 11.96806 
  10.168 12.5082 10.92859 10.97036 9.130712 11.21938 12.12822 12.15071 13.93993 13.12143 12.26662 11.54522 10.12442 9.457946 12.35548 10.99354 10.1791 10.18631 10.06595 9.668931 10.42973 11.18108 11.5806 
  9.545546 11.28527 10.56369 10.06043 9.636314 11.39765 11.90478 12.00861 12.8519 13.24379 13.35324 10.97928 9.410574 9.547924 12.88494 11.66877 10.68142 11.11404 12.23942 10.35272 10.94485 11.5957 11.8541 
  7.678194 10.16425 10.1988 9.332487 8.203773 10.68457 11.53236 11.58231 12.23016 12.50966 12.66175 10.43544 10.3243 9.322978 11.78529 11.37939 10.60966 12.11172 12.68146 10.40823 10.84182 11.61874 11.78572 
  7.539871 9.55278 9.286556 8.51355 8.625109 10.68457 12.87305 12.71911 12.77418 13.79438 13.0075 9.475731 9.581898 9.682892 11.54093 11.09 10.60966 12.53946 12.72566 10.68576 10.63577 11.64177 11.76293 
  8.231483 9.756602 10.10757 8.331563 8.87791 10.06062 11.97926 12.07966 12.15244 13.85556 13.35324 10.37146 8.982265 9.098032 10.93001 10.41478 10.60966 11.50882 11.79739 10.86024 10.7388 11.13501 10.91964 
  7.263227 8.941313 9.012885 7.330638 7.361102 9.436677 11.45788 12.29281 12.23016 12.50966 11.97027 9.571702 8.639618 8.468184 10.56346 10.1897 9.999694 11.84439 11.57637 10.17232 10.55336 10.60521 10.38219 
  8.300644 9.043224 8.647989 7.330638 7.529635 10.68457 11.30892 11.01391 11.99701 11.65318 11.2294 9.219807 8.182755 7.849419 8.372881 9.450162 10.50202 10.66004 10.33307 10.30415 10.67698 11.11197 10.71451 
  7.885677 7.412645 7.553303 6.602694 8.119506 9.436677 10.04272 9.877115 11.68614 10.85787 10.14279 8.196114 8.439741 7.525746 8.649261 8.722568 9.676772 9.988917 9.771197 9.825406 10.38852 10.74342 10.66259 
  8.093161 7.922201 5.911273 6.5117 6.939766 7.386572 8.25514 9.450816 10.05409 10.00139 10.0934 8.420046 8.097094 7.962001 7.281772 8.754262 9.784412 9.850744 9.826464 9.757427 10.47094 10.49004 10.82847 
  7.678194 7.208823 7.735751 6.420707 5.208509 5.514737 7.28687 8.456117 8.810627 9.879034 9.797049 8.484027 8.582511 8.423195 8.486349 9.000009 9.748532 9.633615 9.318247 9.797652 9.953621 10.44944 10.94243 
  8.024 6.495444 7.826975 6.784679 5.507225 5.056886 7.28687 9.095566 9.121493 8.716665 8.957393 8.324075 8.039986 8.198249 8.336511 8.871393 9.569131 9.173007 9.531712 9.860098 10.34731 10.21238 10.21603 
  8.300644 6.699267 6.732288 6.966666 5.221912 4.917583 5.698524 9.095566 9.276927 8.533133 8.068346 8.00417 8.296971 8.648141 8.689988 8.627485 9.138568 9.265141 9.363757 9.314947 10.12066 10.65128 11.28431 
  5.741681 6.90309 7.00596 5.601768 4.967255 4.588323 6.095152 8.598217 8.888343 8.900197 8.957393 8.324075 8.72528 7.764983 8.689988 8.61692 10.46614 10.22579 9.370258 9.741337 10.20307 12.40192 13.08485 
  6.433293 6.291622 5.272706 5.223137 5.507225 4.968239 5.432137 7.745618 9.354644 8.83902 8.018954 7.396352 7.92577 7.933856 8.608532 8.807086 9.102688 8.870279 9.586978 10.07519 10.22368 9.905073 10.24718 
  6.433293 6.90309 6.276169 5.692762 5.844293 4.866928 6.244117 7.887717 8.344326 8.349601 7.525039 7.248169 7.38889 8.603151 8.427437 8.426754 8.94832 9.238817 9.42227 9.873975 9.807192 10.2475 10.62105 
  6.986582 5.476333 4.907811 5.038227 5.154897 4.474348 5.33527 7.958767 8.111176 7.431941 7.010003 7.748247 7.146537 7.286509 7.754586 8.13094 8.567547 8.580713 9.500287 9.757427 10.04514 10.467 10.78289 
  5.465036 5.883977 6.184945 5.017681 6.097095 5.782142 6.691011 7.177218 7.878026 7.799005 7.57443 7.652276 8.06854 8.648141 8.893626 8.871393 8.968903 8.764983 9.279239 9.644795 10.05429 10.51307 10.96522 
  5.741681 6.189711 6.458617 5.408048 5.288927 4.575659 5.722741 6.750918 6.867709 7.003699 7.010003 7.652276 7.697339 7.427237 8.852899 9.160778 8.989485 9.377007 9.493785 9.964173 9.880406 10.22116 11.10197 
  6.640776 5.985888 6.276169 5.366956 5.195106 5.782142 5.722741 5.811355 6.479125 6.145855 7.031124 7.364362 7.49905 8.063282 8.336511 9.000009 8.94832 9.357268 10.06595 10.01274 9.514335 10.53611 10.87406 
  7.194066 4.864866 5.728826 5.692762 6.181362 5.960412 5.189968 6.224088 6.138716 6.942522 7.080515 6.279902 7.014344 7.835347 7.863697 9.09647 9.210329 9.436224 9.70672 10.28334 10.18247 9.984095 10.85126 
  7.263227 5.578244 5.455154 6.147727 5.422957 5.056886 5.871706 6.324619 6.634559 6.484438 6.312997 6.99642 7.521082 8.018292 8.172844 8.299976 8.59842 9.554659 10.04753 10.05437 10.0909 10.22116 10.56912 ]
