 [
  5.856086 6.265988 6.063072 4.64447 4.893954 4.868173 4.690362 5.155112 5.768786 7.247926 7.042078 6.532927 7.171614 7.863968 8.182605 8.347381 8.562376 9.094116 9.463959 10.00896 10.49044 10.63438 10.6491 
  6.777355 5.690198 6.109287 6.143942 5.261951 5.319749 4.564691 5.887434 6.288852 6.798273 7.238943 6.893085 8.043009 8.170783 8.304821 8.736313 9.213099 9.23954 9.247025 10.03623 9.943628 10.26374 11.08785 
  4.361953 5.114408 5.046341 4.985259 5.209381 5.513282 4.313348 5.750124 5.573761 6.926745 7.632674 7.31327 7.652384 7.889536 8.274267 8.999784 8.759107 9.166828 9.427803 10.1453 10.34855 10.13322 10.33377 
  5.648567 5.978093 5.554707 6.041705 5.945375 6.222901 6.072748 6.528215 5.833794 6.605565 7.386592 8.0636 8.163201 7.991808 8.793688 8.836682 8.92557 9.554626 9.756042 9.664174 10.32018 10.74131 10.6491 
  4.984509 6.927858 6.571438 7.055108 5.735091 6.222901 6.261255 6.162055 6.418868 6.734037 6.943645 7.523362 7.772576 8.605437 8.610363 8.623397 9.243365 9.796477 9.328376 9.702075 10.10608 10.66354 10.56843 
  4.901501 6.611463 6.155502 5.803153 5.787662 5.577793 5.884241 6.345135 6.028819 5.642024 6.402265 7.013138 7.742528 8.119647 8.518701 8.422658 9.65854 9.699737 9.120481 9.484147 10.08288 10.45939 10.70043 
  4.984509 6.323567 5.554707 5.837232 6.313373 6.158391 6.261255 6.482446 6.028819 6.605565 7.042078 8.123626 8.944451 8.32419 8.854795 9.272053 9.213099 9.263778 9.337414 9.834726 10.24923 10.508 10.39977 
  4.693983 6.611463 6.432793 6.552889 6.471086 5.577793 5.821405 5.612813 6.678901 9.303479 8.961517 11.41754 12.16272 10.64655 11.40018 10.56991 11.61577 11.39269 9.79409 10.44523 10.47625 10.19848 10.79729 
  5.150523 6.7842 7.255232 6.621047 6.944225 5.964858 5.821405 5.612813 7.06895 8.275702 7.82954 9.935654 10.46515 8.80998 9.526986 9.137792 9.573442 10.0867 9.698969 9.872626 10.2918 10.23764 10.96678 
  3.407368 5.978093 5.508492 6.586968 6.786512 6.480945 5.632898 5.887434 6.548884 7.440634 7.238943 7.463336 8.583875 8.196351 7.815956 8.635943 9.515761 9.433439 9.463959 9.834726 9.821787 10.71215 10.74886 
  5.067516 5.747777 5.323631 5.59868 5.840233 5.577793 6.512598 6.253595 6.288852 6.990981 7.386592 8.033587 8.704067 7.812832 8.396483 8.334834 9.076901 9.191066 9.554347 9.872626 9.955232 10.39426 10.94257 
  4.77699 6.093251 5.739567 4.746706 5.997946 6.416434 5.130212 5.292423 4.53363 5.834732 6.549914 7.493349 8.313441 8.196351 8.36593 8.974691 9.424963 9.51827 9.813115 9.71155 9.827589 10.18543 10.34111 
  5.233531 5.229566 4.12204 5.803153 6.313373 5.771325 5.570062 5.887434 6.35386 6.926745 7.140511 7.703441 8.704067 7.8384 8.702024 8.648489 9.031502 9.094116 9.889213 9.683125 9.995846 10.02227 10.4511 
  5.482553 5.171987 5.092556 7.131638 7.417365 7.513119 7.832149 6.848606 6.35386 7.119453 7.386592 8.153639 8.704067 8.835548 8.518701 8.359926 8.577509 9.045641 9.96531 9.899894 9.995846 10.44967 10.4951 
  4.444961 3.09914 3.706104 4.917101 4.788812 4.739151 5.193048 5.841664 5.963811 7.119453 6.845212 7.703441 8.133153 7.915104 8.915904 8.573212 9.303898 9.227422 9.509152 9.74945 9.792777 10.47883 11.03942 
  3.863909 3.387035 3.93718 5.769074 5.419665 5.319749 5.381555 6.070515 6.483876 6.734037 6.992861 7.373296 7.682432 7.710561 7.571523 8.648489 8.97097 9.166828 9.346453 9.446247 9.839192 10.57605 10.79729 
  5.275034 3.905247 4.02961 5.326048 4.841383 4.610129 4.627526 5.612813 4.923679 5.642024 6.697563 7.493349 7.141566 8.273055 8.518701 8.497935 8.910438 9.433439 9.813115 9.7684 10.2918 10.43995 10.40711 
  5.316538 5.690198 6.109287 6.689205 6.471086 6.222901 6.575434 5.658584 6.093827 6.412857 7.042078 7.853507 7.86272 7.710561 8.121497 8.698674 9.092034 8.77903 9.409725 9.559948 10.10028 10.30942 10.61243 
  6.920105 7.071515 7.920517 8.585693 8.906446 8.351761 8.209163 7.764009 8.369114 9.175007 9.207599 9.300561 9.998311 9.6811 9.526986 9.943357 9.998928 9.602997 10.07946 10.19983 10.26342 11.10101 11.59633 
  6.634605 8.292604 9.103246 9.96322 9.847804 8.738826 9.036536 8.140185 8.869164 9.753132 9.845545 10.30612 10.93198 10.08956 10.42101 10.56991 10.6797 10.0867 10.40287 10.6361 10.23505 11.13018 11.47526 
  6.349105 6.726621 6.479008 6.825521 7.995646 8.795964 8.635564 8.809619 10.79428 10.8547 10.68916 10.6766 11.27149 10.27522 10.71902 11.15171 11.40303 10.54621 11.18287 10.96331 10.71746 11.31489 12.25009 
  9.204109 10.16015 8.29012 9.657103 10.66365 11.02436 10.49006 10.8737 12.01935 12.32346 12.59646 12.47602 13.22371 12.57744 12.71992 12.98661 13.27516 12.98949 12.62052 13.22647 13.25219 14.05781 14.75118 
  10.41749 11.09393 9.472849 10.42239 10.72641 10.91009 10.89104 10.65056 11.49432 12.59051 13.88022 14.27546 13.52078 13.87708 13.95452 13.92643 13.87084 14.00701 14.32303 15.13911 15.50254 15.75317 15.62333 
  8.704483 11.88404 11.83831 10.03975 11.29122 11.53861 11.94359 10.53899 12.0631 12.22332 13.80687 14.06376 14.41201 14.17851 13.61394 13.92643 14.16868 14.48185 14.89054 15.50918 15.99175 16.43132 16.09905 
  6.848731 12.09953 12.20791 9.504044 9.28299 10.96723 11.54262 11.87786 13.11316 13.75884 14.38405 14.27546 14.49689 14.17851 14.16739 14.32922 14.63671 14.82103 15.70126 16.10128 15.99175 16.77039 16.81262 
  6.063604 9.944667 9.990293 8.968339 8.906446 10.79581 11.19176 10.98528 13.11316 14.02589 15.0007 14.91055 14.88236 15.08281 14.46539 15.46692 15.70986 14.9567 15.94447 16.54535 16.5788 17.44854 17.05048 
  5.814582 6.265988 6.95955 8.203047 8.153359 9.710179 9.487631 10.4832 13.63819 14.53793 14.72663 15.22809 15.26783 15.43667 15.37379 15.25669 14.80691 14.61752 15.53911 16.2493 16.48096 17.33551 16.9712 
  6.349105 6.7842 6.663868 7.131638 8.969203 8.853103 9.938725 11.59892 12.58813 13.32489 14.45256 15.66151 15.43303 15.31872 15.77132 15.49696 15.1128 14.75319 15.45804 16.2493 16.67664 16.99644 17.05048 
  5.856086 6.381146 6.663868 8.203047 8.59266 8.795964 9.036536 9.981128 11.62557 13.75884 14.1003 15.17517 15.1577 15.71189 16.08051 15.58706 15.19421 14.9567 15.2959 16.47134 16.77448 17.10946 16.9712 
  6.491855 6.7842 7.624835 8.738751 8.969203 9.481626 10.08909 10.26006 11.75683 13.45842 13.88022 14.16961 14.9925 16.22301 16.56638 15.46692 15.95411 15.63505 16.02555 17.13745 17.36153 17.22249 17.20905 
  6.134979 7.430659 8.881485 9.350986 9.596775 9.881596 9.938725 10.59478 11.66932 12.7908 14.45256 15.0164 15.59824 15.82984 16.56638 16.15768 16.14409 15.77072 16.26876 17.13745 17.16584 18.01366 18.00191 
  8.561733 10.23198 11.39478 11.95298 12.42085 12.5671 11.99371 12.65886 13.8132 14.11123 14.17365 15.22809 16.47931 15.94779 16.30136 16.75835 16.68687 16.31339 16.91734 17.87758 18.14426 18.6918 18.63621 
  9.132734 9.944667 10.43382 11.4938 11.79328 11.8243 12.74553 13.66301 14.52466 15.39133 15.41181 16.34774 15.87357 16.1837 16.61055 16.36792 16.68687 16.92391 17.24163 18.0256 17.75289 18.80483 18.79478 
  12.13049 11.74039 10.3599 13.40704 14.17805 13.93843 13.69784 13.99773 16.05925 16.15939 15.95995 17.03398 16.25904 16.53755 15.68298 16.06758 15.79128 15.70288 15.8634 16.69338 16.28527 17.78761 17.5262 
  15.05687 15.97828 17.28649 18.06127 17.82431 17.63599 17.7185 15.56846 13.76945 13.89237 14.17365 15.51704 16.03878 14.611 15.59464 14.92633 14.33887 13.53216 12.78266 13.36281 13.74139 14.62293 14.83047 
  17.40831 18.14821 19.44224 20.56233 20.50471 20.11442 20.49511 16.85633 15.06177 14.70861 14.93219 16.85339 17.96613 15.67257 17.00808 15.46692 14.25378 11.56199 11.01165 13.73287 13.83924 12.81455 14.6719 
  17.26807 18.00592 19.44224 21.01707 20.57917 20.32096 20.30362 17.19976 15.29195 14.36725 14.79515 16.96175 17.80093 15.82984 16.91974 15.61709 14.42397 11.61036 12.05799 14.25096 13.93708 12.5885 15.30618 
  17.23302 18.11264 19.49751 21.39601 20.65363 20.3898 19.8249 16.77047 15.21523 14.19657 14.65812 16.92563 17.856 16.57687 17.75897 16.27782 15.19421 12.04569 10.99262 14.39899 13.83924 13.0406 16.25762 
  17.02266 18.11264 19.60806 21.09286 20.80254 20.32096 19.53766 16.42704 14.90831 14.02589 14.31553 16.81727 17.96613 16.22301 17.49395 15.82732 15.54702 11.7071 11.7536 14.25096 13.44787 12.92757 15.94047 
  16.88243 18.18379 19.60806 20.71391 20.80254 20.11442 18.96319 16.34118 14.60139 13.85899 14.21033 16.41998 17.41546 16.14438 17.2731 15.61709 15.38419 11.63454 11.54433 13.80689 12.95866 12.47548 15.46476 
  16.77725 18.18379 19.38696 20.33496 20.65363 19.90789 18.7717 15.99775 14.29448 13.45842 13.88022 16.31163 17.41546 15.75121 16.69889 15.37682 15.24849 11.00573 11.46823 13.51084 12.46946 12.02338 14.83047 
  16.63702 18.18379 19.38696 20.41075 20.57917 19.83904 18.58021 15.56846 14.03196 13.32489 13.73351 16.23939 17.08506 15.47599 16.16885 14.95636 15.05852 11.5378 11.22092 13.58485 12.27377 11.79733 13.87903 
  16.60196 18.21936 19.44224 20.48654 20.50471 19.83904 18.48446 15.22502 13.85695 13.19137 13.58679 15.76986 16.75465 15.20076 15.948 14.68725 14.9771 11.27176 11.58238 13.58485 11.98025 11.38294 13.79975 
  16.46173 18.21936 19.38696 20.48654 20.43026 19.70135 18.38872 15.31088 13.85695 13.29151 13.69683 16.0588 16.75465 15.08281 15.77132 14.77675 15.46561 12.38428 11.44921 13.36281 11.96606 10.95519 13.87903 
  16.39161 18.18379 19.33169 20.56233 20.3558 19.70135 18.7717 15.74017 14.11946 13.42504 13.84354 16.34774 16.53438 14.3751 15.10877 14.68725 15.43847 12.60194 11.54433 13.30828 12.17593 11.13018 13.67868 
  16.25138 18.18379 19.27641 20.7897 20.43026 19.7702 19.34617 16.16946 14.3712 13.75884 14.24701 16.81727 16.47931 14.09988 15.28545 14.59774 15.6013 12.98949 11.63945 12.92654 11.95187 11.23711 13.72711 
  16.21632 18.18379 19.16586 21.01707 20.65363 19.90789 20.20788 16.59876 14.90831 14.36725 15.06922 16.92563 15.70837 13.72855 15.46213 14.68725 15.46561 13.6 12.13408 12.463 11.61134 10.89686 13.14598 
  16.18126 18.14821 18.88948 21.16864 20.80254 19.97673 20.78235 18.48764 15.6756 14.96463 16.43957 17.50351 14.36957 13.02303 15.02043 14.86626 15.19421 13.46433 12.21516 11.94492 11.32757 11.38294 12.85542 
  16.18126 18.07707 18.6131 21.16864 20.87699 19.70135 20.6866 19.68966 16.2127 15.56201 17.33029 17.17845 13.56322 12.31751 14.89112 15.28673 15.13994 13.6 11.84872 11.45412 11.10055 11.35377 12.87964 
  16.18126 18.00592 18.392 20.86549 20.87699 19.56366 20.6866 20.11895 17.28691 16.41541 18.1525 16.99786 12.92663 11.90906 14.97626 15.79729 15.19421 13.53216 12.05799 12.10853 10.57557 10.86769 11.9111 
  16.1462 17.93478 18.28145 20.56233 20.87699 19.08174 20.01639 20.6341 17.5171 17.18346 18.56361 15.95045 12.54468 11.72339 14.55054 16.06758 15.19421 12.98949 12.62052 12.5448 11.07218 10.92602 11.93532 
  16.11114 17.86363 18.1709 20.33496 20.65363 18.73752 19.53766 20.46238 18.51458 18.03686 18.28954 15.48092 12.12028 11.24067 13.9971 16.12765 15.27563 14.14268 13.35017 13.58485 11.90931 12.02338 13.48497 
  16.04102 17.72134 18.06035 20.10759 20.3558 18.46214 18.7717 19.94723 19.05168 18.71958 18.35805 14.48715 11.78077 11.1664 13.10307 15.67716 14.38142 12.65031 13.10695 12.59933 10.39112 10.23764 13.04913 
  15.90079 17.50791 17.94979 19.65285 19.90907 18.2556 18.38872 19.68966 19.05168 19.4023 18.56361 14.32838 12.12028 11.2778 11.86847 13.79217 12.254 11.58617 12.53944 12.49026 10.57557 10.69271 13.65447 
  15.7255 17.18775 17.61814 18.74337 19.16451 17.91137 17.81425 19.00279 19.12841 19.23162 18.01547 13.90498 11.82321 11.24067 12.5922 14.77675 13.01987 11.61036 12.21516 12.463 10.58976 10.74131 12.58908 
  15.48009 16.79646 16.95483 17.68232 17.89876 17.15407 16.37807 17.80077 18.20766 18.5489 16.98771 12.52895 10.55002 10.16382 11.61304 13.61316 12.38164 12.78598 13.18802 12.98107 10.64652 11.68431 12.0806 
  15.19962 16.40516 16.1257 16.62126 16.18628 16.05255 14.7504 16.34118 17.59383 17.35415 15.20625 11.31169 9.658795 8.758844 10.76159 12.40481 11.82851 12.55357 12.3773 12.05399 10.76003 11.47043 12.12902 
  15.37491 15.18817 14.72121 14.55497 14.5546 14.0527 13.29687 13.38408 14.98504 15.30599 12.88989 9.565183 8.403585 8.196351 9.612131 10.61466 9.828733 10.69132 10.36482 10.3089 10.40531 10.9163 11.66897 
  14.41449 14.46988 13.68632 13.63662 13.17394 12.68138 11.84334 11.31999 14.83158 15.30599 12.74318 12.2114 11.31393 9.495437 9.435324 9.316807 9.213099 9.844847 9.68993 9.872626 9.908816 10.329 11.23313 
  13.98624 13.10513 11.69046 10.19281 10.53813 10.11015 9.437509 10.0927 14.83158 14.70861 13.9169 12.89942 12.37492 11.01787 11.18731 10.61466 10.29677 10.54621 9.563386 10.0635 10.23505 10.60521 11.01521 
  12.77286 12.0277 11.91223 10.9581 11.54225 10.16729 9.738238 10.70635 13.94446 14.11123 13.10997 11.15292 11.39881 10.98074 11.3576 10.83843 9.913831 9.941587 9.737018 10.00896 10.39112 10.45939 10.74886 
  10.98849 11.95587 11.39478 9.733631 10.97743 11.65289 10.64043 11.15264 12.93815 13.42504 12.41307 10.62367 9.870993 9.606834 12.37934 11.91252 10.12657 9.578812 9.946285 10.17256 10.57557 10.1528 10.54644 
  9.63236 11.66856 11.32086 8.279576 10.66365 10.96723 9.387387 10.0927 12.10685 13.39165 13.18332 10.14735 9.489038 9.270203 11.8259 10.79368 9.701088 9.748107 10.07946 9.981694 9.984241 10.44967 10.91835 
  9.77511 10.5193 9.103246 8.126517 9.72229 10.56726 9.036536 9.757983 11.14429 12.69065 12.81653 10.09443 8.854307 8.80998 12.54963 11.28597 9.913831 10.13507 10.15555 10.4725 10.60395 10.27027 10.5831 
  10.63161 10.66295 8.807564 7.89693 9.785048 10.45298 9.487631 9.534839 10.13799 12.12318 10.50576 9.141788 9.319281 9.346907 11.14474 10.30139 10.16912 10.20762 9.756042 9.777875 9.810183 10.41384 10.72465 
  9.275484 10.44747 8.585802 7.437755 9.596775 10.96723 10.3397 9.981128 10.26925 11.28866 10.28569 8.771317 9.234402 9.606834 10.46358 10.12237 10.25422 9.989957 10.1936 10.0635 10.44788 10.61493 10.66377 
  9.132734 10.0165 7.550915 8.509164 9.659533 10.91009 10.79079 9.925342 9.919225 11.62246 11.38606 8.55962 8.9745 10.05243 10.93188 10.4804 10.55206 10.01414 9.165676 9.26622 10.32018 10.48855 10.70043 
  7.205606 8.364433 7.181312 8.891809 10.03608 10.51012 10.43994 9.08855 8.869164 11.75599 11.23934 8.453771 8.794211 9.718232 9.995283 9.85385 10.42441 9.602997 9.256064 9.455722 10.12929 10.70243 11.08785 
  6.56323 7.287002 6.663868 7.208167 9.471261 9.024518 8.271998 8.586474 9.65671 11.48894 11.34938 8.453771 9.149523 10.12669 10.16557 9.316807 9.998928 9.772292 9.870188 10.09076 9.984241 10.67326 11.16049 
  7.562481 8.005289 6.340363 7.208167 8.341631 9.481626 9.237022 8.698047 9.787968 10.62104 9.99226 8.093613 9.319281 9.755365 9.526986 9.049968 9.998928 9.675551 9.756042 10.03623 10.17829 10.52744 10.84571 
  7.776607 7.287002 7.033471 7.131638 8.216117 9.481626 9.387387 8.474902 8.912917 10.1537 9.845545 8.153639 8.914404 9.978161 9.697276 8.974691 9.061769 9.469795 9.889213 10.1453 10.44788 10.53716 10.77307 
  7.919357 8.436262 6.95955 7.437755 8.216117 8.738826 9.287144 8.809619 9.350442 10.48751 10.46909 7.97356 9.489038 10.16382 10.08043 9.087606 8.789372 9.844847 9.717993 10.03623 9.804381 10.3029 10.66377 
  7.847982 8.005289 6.737789 6.791442 8.59266 9.938734 8.585442 7.855549 8.869164 9.367716 9.453681 7.673428 9.064644 9.978161 9.952711 9.495821 9.485495 9.844847 9.870188 10.03623 10.37693 10.329 10.35577 
  6.634605 7.143344 6.88563 7.820401 8.153359 8.738826 7.95782 8.140185 8.78166 9.753132 9.552114 7.643414 9.107083 9.384039 9.160336 8.585758 9.500628 9.554626 9.927261 9.954428 10.1641 10.54688 10.72465 
  7.419731 7.502488 6.155502 6.621047 8.341631 9.31021 8.785929 8.36333 8.694155 9.239244 9.588793 8.718392 9.955872 9.866763 9.190891 8.949598 9.334164 9.251659 9.418764 9.26622 9.908816 10.47883 10.86993 
  5.856086 6.669042 7.181312 7.055108 7.785362 9.424487 9.086658 8.307544 8.564138 9.986798 8.813868 8.453771 10.46515 10.16382 9.313107 9.182546 9.828733 9.178946 9.599542 9.721025 10.11769 10.47883 11.16049 
  5.648567 7.071515 7.181312 7.89693 8.718174 8.910241 8.685685 7.718238 8.78166 9.920036 10.76252 9.300561 9.955872 10.20096 9.343661 9.674835 10.46696 9.506151 9.832139 10.36343 10.49044 10.86769 11.13627 
  7.134231 7.574317 6.88563 6.90205 9.471261 9.995872 8.334834 8.36333 10.09423 10.32061 10.13898 9.194713 10.29539 10.38662 9.526986 9.037422 9.65854 9.397083 9.680891 9.954428 10.44788 10.38774 10.77307 
  7.705232 7.861632 6.386578 7.743872 7.890504 8.738826 8.384955 8.084399 9.65671 10.52089 10.68916 9.723956 11.10174 11.24067 10.08043 9.36156 9.530894 9.094116 9.908237 9.981694 9.815985 10.38121 10.61243 
  7.562481 9.298207 8.733644 6.552889 8.467146 8.795964 8.83605 8.251758 8.629147 10.88808 11.45942 10.35905 11.31393 11.94619 10.123 10.34614 10.93499 9.627182 9.382608 9.825251 10.39112 10.08101 10.6271 
  7.705232 9.226379 8.733644 8.356106 9.03196 9.710179 8.986415 8.530688 8.825412 10.8547 11.34938 10.83537 11.73833 11.98332 10.50615 10.07762 11.10519 9.51827 9.256064 9.74945 10.03646 10.14627 10.63443 
  8.062107 8.148947 7.624835 7.361225 9.03196 9.481626 8.485199 8.921191 9.919225 11.42218 11.34938 10.88829 11.99296 12.72597 11.22989 10.39089 11.10519 10.25599 9.79409 10.03623 10.37693 10.32247 10.50244 
  7.990732 7.933461 7.403073 6.416574 8.718174 9.881596 9.838482 9.032763 9.962977 10.6878 10.32237 12.2114 12.71443 12.39178 10.5913 11.15171 11.27538 10.25599 10.45994 10.3907 10.70327 10.56633 10.89414 
  7.776607 9.801009 8.807564 7.667342 9.596775 10.51012 9.838482 8.976977 10.22549 11.18851 10.68916 12.10555 12.58712 12.46604 11.0596 11.01745 11.14774 10.01414 10.17458 9.872626 10.24923 10.44967 10.23111 
  8.561733 9.154551 8.659723 8.585693 9.094718 9.31021 9.738238 8.753833 10.53176 11.45556 11.09263 12.4231 12.96907 12.09472 10.71902 10.61466 10.97754 10.86062 9.775066 9.758925 10.49044 10.42689 10.8215 
  6.991481 8.005289 7.476994 6.621047 8.529902 9.481626 10.08909 9.534839 10.61926 11.5557 11.27602 11.47046 11.90808 12.24325 10.97445 10.34614 10.89245 10.06251 9.61762 9.74945 10.20667 10.67326 10.72465 ]
