 [
  5.308362 6.892572 8.297283 7.016374 7.386843 6.641068 7.13277 7.216227 7.67354 8.088675 9.139348 10.88558 11.05409 11.7131 10.82387 9.535692 9.01068 8.838833 9.309132 9.720762 9.891526 10.49929 11.11568 
  4.318354 6.07131 7.051632 6.913074 7.488087 7.31377 7.719151 7.306824 7.738789 9.000369 9.107082 10.36648 10.9864 11.55605 10.63233 9.627018 8.586435 9.286595 9.559763 9.929239 10.04606 10.54807 10.76443 
  4.964011 5.76532 6.825006 7.958821 8.095552 8.394717 8.33108 7.488019 7.869288 8.585963 9.623333 9.51368 10.85103 11.39901 10.48868 9.35304 9.161523 8.496426 9.321958 10.38426 10.41511 10.79201 10.71227 
  4.877923 6.010112 6.541725 7.340073 8.27273 8.394717 7.798968 7.548417 7.477791 8.309692 8.719894 10.10694 10.7495 11.32049 10.48868 9.855334 10.28486 9.47865 9.289894 9.720762 10.7698 11.32868 12.03771 
  5.007055 6.805687 7.326271 7.190073 7.513398 8.29645 7.719151 7.669213 6.869487 8.364946 9.042551 10.32941 10.27568 10.06413 10.4408 9.94666 9.46357 8.852002 9.741461 9.471505 10.54811 10.8408 11.02787 
  6.126194 7.021009 7.306454 7.246323 7.893064 7.755976 8.33108 8.001403 6.668104 8.364946 8.687629 10.47772 10.7495 11.04566 10.53656 9.581355 9.46357 9.618026 9.559763 9.929239 10.23776 10.44134 11.29131 
  6.832581 7.303571 8.039668 6.551523 6.68893 6.195663 7.426489 7.578616 5.92011 7.712794 8.558566 10.25525 10.58028 11.35975 11.01541 10.08365 9.224027 8.865171 9.257831 10.06574 10.41511 10.64565 11.02787 
  5.351406 6.132508 6.825006 5.570173 7.108422 6.774691 7.04885 6.725526 6.668104 6.517477 7.861005 9.77323 10.1403 10.57452 10.48868 9.124724 9.429349 9.339273 9.32837 9.557787 9.810578 10.41387 10.98397 
  5.308362 5.214537 6.088475 6.603173 6.724197 7.086474 5.91593 6.034438 5.747496 7.380762 8.017946 9.884464 9.937237 10.06413 10.15349 9.490029 10.28486 9.548338 9.482275 10.24775 10.45944 10.22158 10.85225 
  5.007055 6.132508 6.711694 5.931723 6.195181 6.240204 6.671209 6.470915 5.891341 6.185444 6.982133 9.328288 9.192667 10.33896 10.1056 9.398703 9.104957 8.852002 9.418148 9.692001 10.45944 10.54807 10.98397 
  3.586609 4.48016 4.78538 5.466873 5.877772 6.596528 6.50337 6.070811 6.035186 7.048729 6.982133 8.215936 8.663212 9.789301 9.674644 8.661629 9.170951 9.82709 9.923158 10.20225 10.13437 10.21242 10.32415 
  4.447485 4.296565 5.408599 6.241623 5.666166 6.106582 6.46141 6.761899 6.927025 6.617086 6.448533 8.036638 8.215807 9.082601 9.100029 9.21605 9.292467 9.47865 9.559763 10.20225 10.50378 10.54807 10.76443 
  6.586997 5.826518 5.295287 5.518523 4.925544 5.616636 5.79005 6.070811 5.718727 6.152241 6.856581 8.549642 8.48425 9.39669 9.052145 9.079062 9.292467 9.154901 9.219355 9.84539 10.01663 10.59686 11.2474 
  5.437493 4.602556 3.538942 3.865723 5.560363 4.993068 4.90889 6.143558 6.466722 6.152241 7.170463 7.379213 8.096498 8.109548 8.203532 8.220933 8.916404 9.16807 9.650612 9.692001 9.884167 10.49929 10.89615 
  4.748792 4.296565 5.012005 4.795423 4.572866 4.414041 4.82497 5.561588 6.179031 6.285054 6.574086 6.990735 7.529785 8.109548 8.446622 8.808528 8.85041 9.115392 9.482275 9.974741 10.23776 10.44134 10.57189 
  5.050099 4.235367 4.162161 5.002023 4.608134 5.215771 5.87397 5.707081 6.294107 6.085835 6.448533 6.721789 7.589439 7.847259 8.03337 8.447958 9.49779 9.443806 10.28655 10.29325 10.01663 10.49929 10.54711 
  5.910975 5.153338 3.935536 5.208623 5.066615 4.681284 5.41241 5.743454 5.114578 6.185444 6.699639 7.678043 7.768401 7.439255 8.373694 8.835237 9.09553 9.408961 9.289894 9.84539 10.23776 9.873627 10.34893 
  3.629653 2.950207 3.878879 5.053673 4.572866 4.414041 5.11869 5.998065 6.265338 5.687395 6.291592 6.960852 6.843763 7.730686 7.644427 8.140806 9.152096 9.65287 9.463037 10.20225 10.45944 10.4505 10.44802 
  5.437493 5.459329 5.408599 4.588823 4.749205 5.572095 5.41241 6.107184 7.021044 6.484273 6.762416 6.990735 8.007017 7.905545 7.547191 8.341123 8.935259 9.260257 9.418148 10.02024 10.50378 10.23074 10.32415 
  6.341413 6.010112 5.351943 5.776773 6.336252 6.284744 6.08377 6.143558 6.380414 6.949119 6.762416 6.303428 6.843763 7.060393 7.35272 8.220933 9.029535 9.583182 9.923158 9.929239 10.12701 10.59686 10.72053 
  6.955373 6.622093 7.051632 7.171323 7.159044 6.507447 6.04181 7.639014 7.771414 7.840031 9.397473 11.59007 11.05409 9.239645 9.866181 9.672682 10.28486 10.69819 10.51367 11.4308 11.56785 11.67019 11.99381 
  6.893977 6.316102 7.108288 6.499873 6.336252 6.819231 7.04885 7.42762 8.750157 8.945115 10.33318 13.08812 12.84783 12.06645 12.97868 12.59512 12.26965 13.3115 13.60253 14.66143 14.9374 15.47563 15.28677 
  7.139561 5.76532 4.955349 7.068023 6.512591 7.534873 8.304475 9.148967 9.402654 10.16071 11.59154 11.84962 11.49407 12.77315 13.8406 14.23899 13.0225 13.45087 15.49602 16.59035 15.82413 16.93847 17.15223 
  8.920043 7.252196 6.088475 7.658822 8.500528 8.345583 9.235672 10.08514 8.978531 9.884437 10.84943 11.44176 11.35869 12.38054 13.17021 13.55404 12.98828 13.79931 15.14696 16.1831 16.51612 18.21494 18.11152 
  8.428875 7.072384 8.515266 8.446321 8.27273 9.352829 9.049433 9.843546 10.87077 9.85681 10.75263 11.25637 11.39253 11.79162 13.07444 12.59512 12.85139 12.82368 14.51102 15.84372 16.51612 18.39729 18.62806 
  8.152594 7.765944 8.019852 7.171323 8.804261 9.451097 9.528334 9.873745 10.44665 11.01715 10.84943 11.33052 12.57708 12.26275 13.69694 13.37139 13.22782 13.3115 15.14696 16.59035 17.3678 18.94435 19.58735 
  8.98144 8.947562 7.980218 8.858819 9.386415 8.468418 8.916405 9.541555 11.28768 11.15528 11.10755 11.07097 12.94936 12.73389 14.08002 14.01068 13.57002 14.26479 15.45418 16.65823 18.05979 19.79533 20.10389 
  8.674459 8.536565 8.25765 9.365068 9.842013 8.763222 8.597136 10.14554 11.09914 11.01715 11.97873 11.77546 12.17095 12.34128 13.8406 14.51297 13.09094 14.14842 15.3705 16.52248 18.00656 20.16004 20.62043 
  9.073533 7.457695 9.387196 10.81979 11.30872 10.16354 9.714573 10.84011 10.87077 10.38172 11.94646 12.44287 12.23864 12.53758 14.22367 15.17357 14.152 14.84664 15.32866 16.86186 18.00656 19.9169 20.9156 
  8.490272 7.329258 9.644812 10.66373 10.89575 10.97208 10.19347 10.71932 10.54452 10.29884 11.36568 12.44287 12.7463 12.6161 13.79271 14.6043 13.57002 15.25393 15.87257 16.7261 18.9647 20.22083 20.98939 
  9.656795 8.896188 9.644812 10.81979 11.03341 10.0407 10.24669 10.29653 10.60977 11.8109 12.36591 12.18333 12.30632 12.6161 13.69694 14.14767 13.57002 15.31212 15.19239 16.99761 18.69855 20.52475 20.98939 
  9.87168 9.564059 7.702786 8.952569 9.791391 8.910624 10.03384 11.63449 11.63848 11.34867 12.36591 12.25748 12.03557 12.49832 13.79271 14.6043 13.76402 14.73027 15.66338 18.83025 19.17762 19.9169 19.9563 
  10.27075 8.433815 8.832332 9.727377 9.588903 9.844169 10.37971 10.93071 11.17074 11.21054 12.30138 12.10917 12.06942 13.36207 13.93637 15.11834 13.89334 15.31212 17.1696 19.64476 18.48563 19.36984 20.10389 
  10.8851 9.769558 10.34782 10.81979 9.614214 10.11441 10.88619 10.05494 11.40461 11.88794 12.30138 12.85074 13.08474 13.28354 14.41521 15.0631 14.28133 16.35944 17.50432 19.98414 18.27271 19.61298 19.66114 
  12.55263 10.82574 9.644812 9.458818 9.158615 9.279128 9.900812 10.38713 10.87077 10.63037 13.00045 13.78193 11.96788 13.04798 14.60675 15.28403 16.02727 16.47581 16.79305 18.28724 17.84687 19.06592 19.29218 
  12.64039 11.76496 10.62902 9.883436 9.816702 11.06589 11.21126 10.80992 11.13177 10.98952 13.28546 13.71886 12.47555 13.75468 16.07237 18.26651 17.64388 15.3703 15.83074 16.38673 17.31457 18.57965 18.2591 
  11.67498 13.77757 14.14405 11.28797 10.62044 10.40921 11.04872 11.08302 10.87077 10.96189 12.48745 14.0973 13.70157 14.34953 16.54991 16.33342 16.09193 15.7776 16.24913 16.59035 16.19674 16.75611 16.85706 
  12.20157 17.40027 17.65908 15.0334 15.43841 13.12974 13.10749 11.63449 11.13177 11.88794 13.39946 14.60189 13.61345 13.91172 15.67443 15.2288 14.21667 14.03205 14.64729 15.66247 15.73546 15.32927 14.71599 
  12.20157 18.33949 18.50269 17.21823 17.77857 13.31736 13.32421 13.51865 12.22314 12.65832 14.31147 15.67415 15.19958 14.34953 14.84617 13.91935 12.71451 12.82368 13.82966 15.52596 15.29209 14.69503 13.96958 
  13.86909 18.60784 18.36208 18.77882 18.74216 15.47502 14.24524 13.8863 13.3535 13.73685 14.93848 16.80948 16.7857 15.27949 16.27135 15.0631 12.54341 13.69478 15.49602 15.57146 14.98174 13.86564 13.75005 
  14.92226 18.60784 17.65908 19.40306 18.32919 16.31932 14.0827 13.4727 13.27554 13.50573 14.19747 16.93563 17.2263 15.21306 16.54991 15.44972 12.26965 13.59025 15.5797 15.57146 14.62705 14.10958 13.79396 
  15.18556 18.47366 17.23727 19.09094 17.22794 16.22551 13.97434 12.73741 13.3535 13.35166 13.28546 15.42185 16.96194 16.01016 16.31114 15.11834 12.47497 13.55541 15.62154 15.02544 14.36103 13.52413 12.74021 
  15.36108 18.33949 17.09667 18.77882 16.67732 16.1317 13.75763 12.82932 13.11963 13.04351 13.34246 15.23263 17.755 17.27224 17.34581 15.83634 12.26965 14.03205 15.3705 14.97994 14.27236 13.47534 12.82802 
  15.53661 18.07114 16.95607 18.46671 16.53966 15.94408 13.64928 13.38079 12.72985 13.12054 13.91246 15.61108 18.63619 18.13577 17.54478 16.22296 13.26204 13.52056 15.62154 15.38946 13.87333 13.2314 13.17927 
  15.79991 17.66862 17.09667 17.68641 17.09029 15.75645 14.13688 13.42674 12.80781 13.19758 13.68446 14.60189 17.84312 17.33866 17.06724 16.00204 13.76402 13.06759 14.51102 14.61593 13.69599 12.64595 13.75005 
  15.71214 17.13192 16.95607 17.06217 17.3656 15.85027 13.92017 13.42674 12.34008 12.50424 13.28546 14.3496 17.2263 17.33866 16.94786 15.72588 13.43314 12.40555 14.19305 14.20641 12.80926 12.15807 14.01349 
  15.18556 16.46105 16.53427 16.75005 16.26435 15.09978 13.32421 12.87528 12.14519 12.04201 12.94345 13.97116 17.57877 17.73722 16.86827 15.83634 13.3647 12.40555 13.69338 13.52388 13.20829 12.69473 13.57443 
  14.22015 15.92435 15.97186 16.75005 16.81497 15.38121 13.75763 12.41573 11.79439 12.35017 12.65845 13.34042 16.69759 17.07296 17.22642 14.6043 12.33809 11.98742 13.51169 13.52388 12.76493 13.71928 14.27693 
  12.81592 15.65601 15.26886 15.0334 13.64888 13.03593 11.96975 11.08302 10.2509 11.01715 10.75263 12.96197 15.99264 17.07296 16.47032 13.59971 12.30387 11.18601 12.33065 12.29533 11.56785 12.98746 13.26709 
  12.20157 14.58261 14.14405 14.40916 13.64888 12.19162 10.56595 10.08514 9.206904 9.387149 9.784661 12.03501 15.99264 16.60799 15.79381 13.82802 13.69935 12.51008 12.33065 11.65831 10.72546 12.30443 11.9499 
  11.58722 14.18009 14.00345 13.00463 12.40997 10.50302 10.14026 9.269763 8.717533 9.608166 10.65583 11.40468 14.75899 15.41234 14.55886 14.05634 14.66932 13.65994 14.2839 13.9789 11.74519 11.6214 12.03771 
  8.797251 12.16748 11.89443 11.13191 10.20747 7.80511 7.384529 7.155829 7.249417 7.922913 9.042551 11.07097 13.01705 14.15026 13.69694 12.41247 13.09094 12.92821 12.19438 11.65831 12.01121 12.88988 12.91584 
  6.740487 8.973249 9.07013 8.202571 7.412154 5.393933 5.58025 6.580034 6.150262 6.816306 7.829617 8.475485 9.937237 10.96714 11.15906 11.86451 12.85139 12.61462 11.19504 11.29429 11.83387 12.49958 12.56459 
  5.394449 5.887716 6.031818 5.621823 5.59563 5.438474 4.74105 4.797754 5.229654 6.318257 6.731028 7.618277 8.156153 8.77984 9.052145 9.627018 9.634672 9.792247 9.514338 9.883738 10.0755 10.54807 11.46693 
  5.997063 4.602556 5.578568 5.208623 5.666166 5.750257 5.37045 5.634335 7.184168 7.347558 6.856581 7.289565 7.917536 7.643257 8.154915 8.661629 9.395128 9.583182 9.650612 9.929239 10.23776 10.64565 10.72053 
  4.017047 4.051773 3.482285 4.588823 5.313488 5.260312 5.03477 5.961692 6.150262 6.583883 6.542698 6.602257 6.963071 8.080404 8.568166 8.875299 9.326688 9.312935 9.514338 10.20225 10.02399 10.02929 10.19203 
  5.437493 4.357763 4.275474 5.311923 6.018843 6.062041 5.70613 5.34335 6.265338 6.484273 6.762416 7.707926 7.470131 8.051261 8.325077 8.987735 8.935259 9.128561 9.786885 10.06574 10.37077 10.64565 10.80834 
  6.955373 7.200821 7.44517 8.59632 8.905505 8.222749 8.144841 8.846976 9.304779 10.40935 10.5913 9.77323 9.158823 8.604981 8.811255 9.033398 8.812699 9.036375 9.968582 10.38426 10.54811 11.91413 12.16943 
  8.244688 9.641122 9.926014 11.13191 11.72169 10.87827 11.04872 11.63449 12.69088 14.045 14.02646 12.4058 11.69713 11.67384 11.30272 9.80967 10.11376 10.17553 12.10353 12.79585 12.54325 13.67049 13.61834 
  7.90701 8.896188 9.785413 10.0395 10.75809 9.967004 10.83201 11.03707 12.88577 14.35315 14.71047 13.90808 13.08474 13.67616 14.27156 13.41706 12.33809 12.61462 13.73881 15.52596 15.20342 15.28048 14.89161 
  8.705157 9.409935 9.149397 9.727377 10.89575 10.97208 12.40318 11.7264 13.58736 16.20206 16.02149 15.10649 14.31839 14.74808 15.31627 15.17357 13.76402 14.38116 15.32866 16.99761 16.78227 17.1816 17.52118 
  6.40281 7.817318 8.059484 8.933819 10.34513 10.40921 12.07811 12.04808 12.26212 15.50872 15.79349 15.35878 15.28769 15.67804 15.79381 15.39449 15.0573 15.54486 16.29097 17.40486 17.58072 17.9718 17.81635 
  5.480537 6.683291 7.44517 8.57757 9.53828 10.38464 10.94037 11.3128 11.44359 15.12353 15.39448 14.98034 14.23028 15.08021 15.71422 15.67065 15.89794 16.88311 17.29512 18.49087 18.37917 18.88357 17.96393 
  6.298369 6.866885 8.019852 9.571318 9.766081 10.33551 11.96975 11.77235 11.00127 12.73536 14.42547 13.46656 13.70157 15.34591 16.11217 15.78111 16.09193 17.23222 17.96455 19.30538 18.37917 18.94435 18.40668 
  7.108863 8.613626 9.644812 9.402568 9.993879 10.21267 11.96975 11.54257 11.2487 13.73685 14.88148 14.28652 13.8778 14.28311 15.07751 15.11834 15.63928 17.46495 17.42064 19.30538 18.69855 19.43063 18.84943 
  7.661427 8.510878 8.396366 9.383818 9.943257 11.25351 12.45736 12.2319 12.02826 13.65981 14.02646 13.97116 13.8778 15.14664 15.71422 15.11834 15.57462 17.2904 17.00224 19.30538 18.85824 19.18749 18.48047 
  7.078165 7.688881 6.938319 9.102569 10.20747 10.08984 10.53935 11.03707 11.75541 13.27462 14.08347 14.60189 14.05404 14.74808 15.55504 15.0631 15.38062 17.2904 17.588 18.6945 18.11302 18.64043 18.48047 
  8.643762 8.459502 9.030498 9.727377 10.62044 11.44113 11.64468 12.73741 12.41803 12.4272 13.85546 13.65579 14.05404 15.27949 15.95299 16.1125 15.31596 16.41763 17.21144 18.423 17.47426 18.82278 18.70185 
  7.569332 8.305378 9.12958 9.140069 10.62044 10.97208 12.40318 12.41573 11.83337 12.11905 13.68446 13.34042 13.78969 14.34953 15.95299 15.89157 16.1566 16.65037 16.75121 17.40486 17.63395 18.57965 18.33289 
  6.298369 8.074192 7.940585 9.252568 10.06981 10.59683 11.69886 11.08302 11.17074 12.35017 13.11445 13.65579 13.8778 14.41596 15.67443 15.56019 15.63928 16.94129 16.12361 17.20123 17.04842 17.48553 18.03772 
  6.771185 7.843005 8.792698 8.84007 9.462348 10.26181 10.72559 10.96091 11.00127 12.27313 12.88645 12.44287 12.57708 14.61523 15.31627 14.78695 15.38062 16.35944 16.50017 17.26911 16.94196 17.78945 17.44739 
  10.79734 12.03331 11.47263 9.883436 10.89575 10.59683 10.99454 11.12898 11.36563 11.18291 12.43044 13.08812 13.34909 15.08021 15.31627 14.69562 14.86331 15.71941 15.62154 16.7261 16.46289 17.42474 17.00464 
  8.889345 10.95991 10.76962 9.327568 9.993879 10.50302 10.51274 10.99111 10.83814 11.50275 12.39818 12.03501 12.91552 13.95098 15.03771 14.78695 13.95801 15.25393 14.51102 15.70797 15.82413 16.69533 16.34052 
  6.771185 8.433815 8.178384 7.921321 8.222107 10.11441 10.72559 9.843546 9.23953 10.658 11.04302 11.21929 11.79866 12.6161 15.03771 14.84218 14.41066 13.72963 13.9205 14.47942 15.33643 16.20745 15.85755 
  6.40281 8.819126 8.634166 8.33382 8.880194 10.40921 10.69898 9.571754 9.696277 9.580539 11.07529 10.70019 11.35869 12.89093 13.69694 13.64537 14.60465 14.03205 13.01202 12.70485 13.07528 13.86564 12.95974 
  6.801883 8.844813 8.931415 8.802569 9.209238 9.377397 10.08705 9.118768 8.065037 9.884437 9.752396 9.29121 10.61412 11.63457 12.40406 13.09741 13.05672 12.9979 12.37608 12.02232 11.56785 12.30443 11.2474 
  6.040107 8.793438 9.327746 8.708819 9.107993 10.01614 10.56595 8.575185 7.151543 8.834607 9.332942 9.328288 10.95256 10.81009 9.770412 10.03799 12.26965 11.8132 10.92249 10.65727 10.2821 10.4505 10.56363 
  7.016769 9.435623 9.18903 7.771322 8.247418 10.50302 11.31961 8.786578 7.771414 8.972742 9.752396 9.031661 9.971081 9.671518 9.243683 10.17498 11.03771 10.34975 9.83231 10.06574 9.86945 10.36809 11.02787 
  7.170259 9.024625 8.039668 7.640072 8.373974 9.254561 10.51274 8.907374 7.836664 9.746301 9.655599 8.475485 8.722866 8.838127 9.052145 9.079062 10.21642 9.65287 9.4951 9.63448 10.02399 10.54807 11.02787 
  7.170259 7.329258 7.663153 7.808822 8.500528 9.229995 9.3687 8.303393 7.706164 8.834607 9.849193 9.142897 9.091134 8.575838 8.689711 9.21605 9.49779 8.944188 9.507926 10.11125 10.32643 10.40471 10.55537 
  9.748888 7.740256 6.655038 7.068023 8.348662 9.033459 8.490714 7.016511 7.379917 8.641217 9.591067 8.623798 9.328043 9.357429 8.227841 9.079062 9.258246 9.154901 9.321958 9.644068 9.678118 10.34978 11.15959 
  10.27075 8.562252 7.682969 6.499873 6.512591 8.345583 9.262278 7.548417 7.249417 8.22681 8.461769 8.58672 9.801861 9.671518 8.616784 8.728401 9.104957 9.339273 9.696036 9.835804 10.08286 10.22158 10.76443 
  10.44628 9.769558 9.926014 7.865072 7.386843 8.026213 8.384292 7.367222 7.184168 8.4202 8.332706 8.327171 8.786537 8.925556 8.908491 8.341123 8.944687 9.548338 9.877733 9.81663 10.23776 9.86447 10.20029 
  9.71819 10.28904 10.20722 8.015071 6.724197 8.198181 8.171447 8.031602 6.553028 8.364946 8.5263 8.401328 8.955758 9.04334 9.100029 9.033398 9.326688 9.722558 9.741461 9.624894 10.37077 10.64565 10.76443 
  10.11726 10.82574 9.169213 7.565073 7.361532 8.984324 8.597136 6.65278 7.282042 7.978167 8.945754 8.475485 9.192667 9.514473 8.908491 8.888655 9.53201 10.41944 9.741461 9.759109 10.0755 10.26736 10.52234 
  10.35852 10.28904 7.583887 7.846322 6.759465 7.952512 8.650348 7.337023 7.184168 8.641217 8.112111 7.797575 9.260355 9.278907 9.052145 9.21605 9.46357 9.47865 9.786885 10.06574 10.14909 10.15748 10.41499 
  8.735855 9.486998 8.911598 7.565073 7.943686 8.419285 7.905391 7.548417 6.840718 7.779201 8.049335 8.438406 9.158823 9.75004 9.626759 8.835237 9.224027 9.687715 10.01401 9.749522 9.817937 10.49929 10.51408 
  10.02517 8.536565 8.990864 7.902572 6.547859 7.55944 8.756771 7.971204 7.445166 8.116302 8.97802 8.186052 8.543904 9.161123 9.100029 8.30106 8.991825 9.65287 9.786885 9.929239 10.32643 10.4505 10.59666 
  11.1484 10.00074 9.426829 8.72757 7.639954 8.321016 9.3687 7.729611 6.294107 7.679591 9.236145 8.327171 9.192667 9.239645 8.835565 8.087389 8.72785 9.618026 9.650612 9.883738 10.2821 10.24905 10.48105 
  10.8851 8.921875 8.317101 8.54007 6.83 8.050779 8.756771 7.337023 6.49549 8.282064 9.300676 8.126287 8.305287 8.371836 8.956376 8.274351 9.076674 9.154901 9.37326 10.20225 10.23776 10.93838 10.76443 
  8.674459 9.897995 9.228663 8.146321 7.690576 8.29645 7.13277 6.907392 7.999787 9.138505 9.203879 8.401328 9.46342 9.553735 8.811255 9.079062 9.189806 9.233917 9.103926 9.826217 10.14173 10.79201 10.89615 
  9.626097 10.28904 8.237834 7.508822 7.79182 7.706842 8.171447 7.052884 7.053668 8.61359 8.848957 8.883348 9.023446 9.082601 8.71402 9.21605 9.189806 9.339273 9.16164 9.270183 10.02399 10.27652 10.98397 
  9.564701 10.28904 9.18903 7.752572 6.83 7.362905 8.597136 7.548417 6.811949 7.812404 8.494035 8.327171 8.752693 9.04334 8.689711 8.75511 9.429349 9.47865 9.507926 9.413984 9.965116 10.27652 10.2168 
  10.11726 9.897995 8.218018 7.527573 7.184355 8.321016 8.51732 7.306824 7.314667 8.972742 8.558566 8.215936 9.05729 8.69241 8.956376 9.079062 9.076674 9.220748 9.148814 9.481092 10.45944 10.54807 10.43976 
  11.06063 10.07781 9.327746 8.52132 7.488087 7.633141 7.878785 7.910806 6.955794 7.840031 8.300441 8.066521 9.260355 8.86727 9.195798 9.261714 9.224027 9.102222 9.559763 9.807043 10.06814 10.18495 10.76443 
  10.20936 10.28904 8.138751 8.24007 7.842442 7.264637 8.464108 7.669213 6.927025 8.199183 8.655363 8.036638 8.693039 8.69241 8.811255 8.75511 8.963542 9.286595 9.463037 9.835804 10.08286 10.37724 10.50583 
  9.472607 9.718184 9.149397 7.902572 6.230449 7.338337 7.931996 7.548417 7.477791 8.558336 9.300676 7.797575 8.364942 7.818116 8.616784 8.581503 9.048391 9.618026 9.741461 9.605721 10.09758 10.4505 10.56363 
  9.503304 9.615435 8.812515 7.696322 7.159044 7.086474 7.006889 7.12563 7.249417 8.779352 8.623097 6.930969 7.619266 8.488409 8.956376 8.661629 9.01068 8.812493 9.360434 10.02024 10.14909 10.59686 10.38196 
  10.08657 10.55739 9.030498 7.452573 7.817131 7.461172 7.958602 6.070811 7.118918 8.088675 8.017946 7.887223 8.066671 8.604981 8.373694 8.701693 9.076674 8.91785 9.411736 9.759109 10.02399 10.40471 10.39847 
  8.889345 9.127375 7.801869 6.861423 7.285599 7.584007 8.597136 6.543661 6.955794 7.281152 7.201851 7.678043 8.007017 8.196977 8.398004 8.461313 9.292467 9.233917 9.450212 10.02024 10.32643 10.41387 10.29938 
  9.994473 9.255811 9.149397 7.977571 6.759465 7.131015 7.931996 7.089257 7.282042 7.779201 8.300441 7.797575 8.096498 8.517551 8.811255 8.902009 8.859838 9.47865 9.741461 10.02024 10.23776 10.26736 10.39847 
  10.62181 8.870501 7.682969 8.52132 7.918375 7.633141 7.772363 7.457819 7.477791 7.347558 7.23324 7.946989 8.305287 8.22612 8.179223 8.741755 9.01068 8.944188 9.430973 9.586547 10.0387 10.4505 10.43976 
  10.62181 10.15487 8.436 8.50257 7.817131 7.175555 7.174729 7.669213 7.314667 7.447168 7.547122 7.289565 8.364942 8.750697 8.47093 8.942072 9.189806 9.792247 9.877733 9.682415 9.979833 10.69444 10.76443 ]
