 [
  5.084685 5.674457 5.827477 6.838657 7.273738 6.411767 4.873502 4.82629 5.65204 6.271816 6.50896 7.185999 7.389985 7.710179 7.962795 8.67722 8.763608 8.924855 9.77857 10.27214 9.79375 10.34871 10.80424 
  4.743548 5.335726 5.58178 6.22876 5.912916 6.240802 5.542212 5.930121 6.62486 6.024642 6.570529 7.874176 7.389985 7.898222 8.298168 8.423841 8.702538 9.45109 9.632659 9.85503 9.960291 10.35833 10.11058 
  4.459267 4.037261 4.009319 4.484492 4.229747 4.588139 4.594872 5.531516 5.29724 6.624924 6.50896 6.449212 7.947258 8.628179 8.143381 8.67722 8.739181 8.946729 9.280879 9.477455 10.27034 10.42564 10.40996 
  4.061273 4.150171 3.567065 4.581396 5.036265 5.158023 5.319309 5.040924 4.841068 6.130574 6.591052 7.336706 8.079943 9.323651 9.03527 9.116186 9.634076 10.96767 11.71189 10.8196 10.58216 10.57407 11.07581 
  6.18769 7.012226 6.368011 6.934604 5.667454 5.61393 5.542212 6.144755 5.322583 5.600913 7.308796 7.487412 7.734964 7.999476 9.337021 10.60395 11.49934 10.8358 10.90938 10.8196 10.52547 11.63783 12.47543 
  4.970973 5.053451 4.992107 6.550816 5.737586 5.898872 5.597939 5.776811 6.209583 5.777467 7.022032 7.135764 7.363448 8.489084 8.371418 9.066594 10.00713 9.385151 9.375933 9.704 10.35538 10.69776 11.13848 
  6.04214 5.730911 5.237804 6.422567 6.333708 6.297791 5.43076 6.298065 6.36164 6.660234 6.036934 7.487412 7.788037 7.782503 7.872503 8.698335 8.482689 8.957665 9.432965 9.666243 9.928264 10.45038 10.99225 
  6.988209 5.674457 5.532641 6.099555 7.78268 7.993178 7.212661 6.635346 6.463011 6.307127 6.283208 7.680794 8.079943 8.349989 8.014391 8.769042 9.167761 9.615935 9.46465 9.65995 9.812966 10.17564 10.64946 
  6.04214 5.618001 5.237804 6.74271 7.346444 6.183814 6.043746 5.378205 6.158897 6.935018 7.308796 7.185999 8.261213 8.210895 8.914569 9.066594 8.934603 8.957665 9.596182 10.19393 10.10026 10.28141 10.76246 
  5.710105 5.505092 4.893828 5.421228 5.807718 5.556942 5.152131 5.868797 6.285611 6.342438 6.857849 7.169254 7.310374 8.013941 8.673168 8.698335 8.507116 8.815488 9.596182 10.16786 9.953886 10.1564 10.56392 
  3.776991 4.601811 4.648131 5.647337 5.281728 4.759104 4.929227 5.807473 4.891754 4.506282 6.467914 7.551873 7.814574 8.057335 8.311068 8.96741 8.981235 8.738931 9.632659 9.907169 10.04356 9.935247 10.23033 
  5.368967 4.375991 4.107598 4.387588 5.211596 4.759104 4.817776 5.255558 5.145183 6.518991 6.919417 7.052038 6.779638 7.391953 8.492118 8.318266 8.213984 9.012348 9.306227 9.959309 9.864209 10.45038 10.40996 
  4.004416 3.924351 4.255016 4.645998 4.896001 3.448371 3.591806 5.991445 5.880126 6.059952 7.136738 6.884586 7.018469 8.141348 8.220775 8.71945 8.922389 9.253274 9.325237 9.452284 10.07191 10.12756 10.42707 
  3.549566 3.529166 4.205877 4.904408 4.334945 4.132232 5.040679 5.807473 5.423954 6.130574 6.344777 6.633409 6.673491 7.666784 8.001493 8.55053 8.885747 9.045158 9.40128 9.710293 10.1286 10.14679 10.39285 
  5.084685 4.206626 5.286944 5.453529 5.001199 5.898872 5.70939 5.868797 6.437668 5.954021 6.878372 7.21949 7.018469 7.565531 7.795109 8.381611 8.981235 9.220305 9.669137 9.907169 9.889832 10.25256 10.86691 
  4.345554 3.867896 4.992107 5.679638 5.281728 5.328988 4.984953 5.654163 6.082869 7.329004 7.194091 6.415721 7.788037 7.956081 8.169179 8.698335 9.167761 9.319213 9.596182 9.760636 9.966697 10.32948 10.72068 
  5.368967 3.867896 4.451574 5.098216 5.492124 5.556942 4.929227 6.022107 5.804097 5.91871 6.79628 7.085528 7.734964 7.420882 8.246572 8.868226 8.824677 8.804551 9.632659 10.32428 10.32704 10.54933 10.80424 
  3.606422 3.190435 4.353295 4.419889 5.141463 4.018255 3.870435 5.562178 5.82944 6.130574 6.242163 6.867841 7.655354 7.970546 7.872503 8.769042 8.519331 9.121716 9.77857 10.06359 9.755317 9.935247 10.54682 
  4.288698 5.335726 4.79555 5.130517 5.246662 5.044046 4.037613 4.764966 6.386983 6.44837 6.632097 7.809715 8.744602 7.768038 8.207876 8.769042 9.121129 9.681874 9.596182 9.81098 10.32704 10.36794 10.29021 
  4.970973 4.206626 4.353295 5.679638 5.667454 5.61393 4.650598 5.102248 5.65204 5.742156 5.852228 6.549683 6.381585 7.449812 8.078886 8.769042 8.763608 8.946729 9.924481 9.85503 10.02435 10.07948 10.50405 
  2.185015 2.68234 5.139525 5.518132 5.211596 4.759104 5.43076 5.592839 6.082869 6.766166 6.262686 6.482702 7.045006 7.724644 8.431767 9.066594 9.121129 8.935792 9.192162 9.515213 10.1853 10.38718 10.76246 
  9.098669 10.23766 11.11026 11.63601 11.99963 12.09626 12.32601 12.51748 12.45142 11.94427 12.12645 14.19132 15.69331 16.69566 17.60342 18.11125 18.14114 16.76435 15.57665 15.98557 15.24814 14.46917 14.82035 
  10.04474 10.59605 11.36401 11.73196 12.14504 12.2886 12.43481 12.74018 12.99091 12.9011 13.44556 14.96484 16.00607 16.9043 17.70455 18.45716 19.29 19.44992 18.7215 18.77921 19.12779 19.35531 20.32756 
  11.573 11.76079 11.27943 11.92385 12.9448 12.67326 12.81559 13.18558 13.5719 13.97049 14.36321 15.78852 16.85046 17.24038 16.8955 18.24962 19.91666 20.7927 20.74319 21.43983 21.3101 21.35988 21.96484 
  12.00965 11.76079 11.53317 12.97927 12.65398 12.73737 13.79474 13.63097 13.41939 13.63278 14.07645 16.08944 16.46665 16.97385 17.09777 18.45716 20.64775 21.86693 21.19246 21.57285 21.06762 21.48516 22.70906 
  9.899188 11.13362 11.8715 12.30764 12.43586 12.48093 12.32601 12.51748 13.67356 13.9142 14.36321 15.48053 15.51204 17.10712 17.3506 18.87226 21.2744 20.52415 20.96783 21.43983 20.82514 20.73345 21.36947 
  9.826414 10.95443 11.70234 12.30764 12.21774 12.35271 12.598 12.90721 13.41939 13.40765 14.30586 15.83868 16.42826 17.17375 17.50229 19.14898 21.48329 20.52415 20.96783 21.17376 20.58266 20.48288 20.92294 
  9.680864 11.4024 12.29441 11.54007 11.85421 12.73737 12.97878 14.19739 12.88301 12.50711 13.44556 15.73837 16.00607 17.9067 18.26078 19.42571 21.06552 21.06126 21.30478 21.04073 20.94638 20.10702 20.32756 
  9.753639 11.85038 12.379 12.78738 12.9448 13.31437 12.86999 13.40828 12.18167 13.06995 14.42303 16.39036 16.42826 18.70629 19.22152 19.42571 21.16996 20.65842 20.63088 20.50861 19.73399 19.60588 20.02988 
  9.025894 10.95443 12.29441 13.36306 13.67186 13.18615 12.598 12.85153 12.88301 13.80164 14.19115 16.03929 16.69694 18.83955 19.17096 18.04207 19.39445 20.52415 20.18161 19.5774 18.88531 19.23002 19.73219 
  11.8641 12.56715 12.80191 13.8428 14.39892 13.44259 13.46836 14.28332 13.8769 13.01366 14.36321 16.94204 16.58179 18.47307 18.26078 17.69616 19.60333 19.85275 19.17077 18.64618 18.64284 18.47831 18.69028 
  10.91803 12.11917 12.12525 14.22659 14.25351 11.96804 12.598 13.01855 13.20671 13.74535 14.78196 17.0925 16.00607 18.20655 18.51361 17.21188 18.87224 19.04708 18.83382 17.58194 17.06673 17.10017 17.49954 
  10.26306 10.77524 12.04067 13.55495 12.9448 11.19872 12.76119 12.68451 12.82907 12.50711 14.30586 16.64112 15.57246 16.83476 16.94607 16.17415 18.0367 17.30147 16.81213 16.38466 15.49062 15.47145 15.86226 
  10.69971 12.02957 11.70234 11.63601 11.49068 11.32694 10.5309 10.9586 11.42637 11.04373 11.43821 14.83592 14.36399 15.44381 15.55309 14.32335 15.63453 14.75018 14.22886 13.99011 13.50195 13.59217 13.26925 
  13.61069 17.4053 17.36935 15.56984 15.12598 12.48093 11.61885 11.73804 11.15663 11.32515 12.58527 13.99793 14.30357 14.67879 14.10468 12.88518 14.53039 13.67595 12.11315 11.65383 12.48144 12.85001 12.12031 
  14.92063 19.10784 18.80641 19.04247 18.37744 15.04536 13.57715 13.63097 13.26066 13.9142 14.54268 17.39342 17.15751 17.10712 16.03589 14.81927 16.0523 14.21306 12.58736 12.43591 13.79327 14.46917 13.48076 
  15.17768 18.97982 18.00563 20.37011 18.98852 15.48538 13.46836 13.18558 12.99091 14.20874 15.9784 18.09556 17.61809 18.07328 17.45173 14.72009 15.73898 14.21306 13.38987 13.19193 14.39946 14.09331 13.33192 
  15.35194 18.95849 17.9389 20.64244 18.98852 15.58329 13.90353 13.5753 13.09881 14.16903 16.21769 17.74449 17.81 18.9395 18.31134 16.10497 16.67896 14.34734 13.02509 12.46198 13.79327 13.59217 12.62166 
  15.44875 18.89448 17.90553 20.74457 18.88667 15.46091 13.95793 13.74232 13.15276 14.16903 16.09804 18.19587 18.19382 19.07276 18.15965 16.52006 16.99228 14.6159 12.80622 12.04487 13.58699 13.71745 13.24836 
  15.54556 18.83047 17.97227 20.84669 18.68298 15.363 14.06673 13.85367 13.15276 14.28816 15.85875 18.44663 18.2322 18.63965 17.70455 16.52006 16.88784 14.34734 12.95214 11.83631 13.13343 13.59217 13.20658 
  15.66173 18.7878 18.1391 20.88073 18.37744 15.3018 14.06673 13.85367 13.20671 14.32787 15.67929 18.84786 18.19382 18.37313 17.65399 16.31251 16.47007 13.54167 13.53578 12.54019 13.30351 13.46848 13.62961 
  15.79727 18.76647 18.37265 20.88073 18.02097 15.32628 14.12112 13.91096 13.20671 14.40728 15.61947 18.89801 17.84838 18.47307 18.15965 15.9666 15.73898 13.34146 14.56581 13.19193 14.15699 13.84274 12.76789 
  15.95217 18.76647 18.63958 20.81265 17.51174 15.42419 14.1864 13.9396 13.36856 14.28816 15.85875 18.74755 17.46457 18.63965 18.10908 15.34396 15.00788 13.40739 14.67812 13.32496 13.79327 13.0974 13.06035 
  16.10707 18.74513 18.83978 20.71052 17.05342 15.54658 14.4475 13.88232 13.52106 14.44699 16.39715 18.74755 17.19589 18.77292 17.95738 15.27478 15.11232 13.67595 14.67812 13.19193 13.79327 13.36952 13.31103 
  16.2426 18.68112 19.03997 20.57436 16.64604 15.63225 14.73036 13.798 13.77523 14.44699 16.93554 18.59709 17.19589 18.27318 17.1989 14.76968 14.62365 14.21306 15.2397 13.85708 14.15699 13.0974 13.33192 
  16.33941 18.55311 19.24016 20.40415 16.49327 15.77911 15.03497 13.798 13.97857 14.68525 17.17483 18.19587 16.73532 17.60686 16.44041 15.27478 15.11232 13.94451 14.79044 13.59102 14.03575 13.02318 13.20658 
  16.35877 18.40376 19.47372 20.40415 16.44234 15.97493 15.33959 14.02553 14.08024 14.80437 17.3543 17.9451 16.69694 17.80675 16.03589 15.55151 15.11232 13.40739 14.67812 13.72405 14.15699 13.49321 13.77845 
  16.33941 18.25441 19.64055 20.37011 16.59511 16.07284 15.4919 14.25468 14.23274 14.88379 17.95252 18.04541 16.7737 17.77344 16.59211 15.62069 14.90344 13.40739 14.56581 13.99011 14.5207 13.84274 13.31103 
  16.30069 18.1904 19.64055 20.30202 16.59511 16.03613 15.42662 14.19739 14.18191 15.04263 18.13198 18.09556 16.54341 17.84007 16.69324 16.03578 15.32121 13.54167 14.79044 13.85708 14.5207 14.34388 13.92729 
  16.32005 18.21174 19.57382 20.23394 16.54419 16.01165 15.38311 14.1401 14.18191 15.28088 17.59359 17.34327 16.23636 17.37364 15.97554 15.48233 14.57702 13.27552 14.67812 13.72405 14.27823 14.09331 14.37382 
  16.33941 18.21174 19.50709 20.16586 16.54419 15.98717 15.31783 13.99689 14.13107 15.63826 17.29448 16.34021 16.08283 17.14043 15.49274 15.06723 14.34386 13.14364 14.22886 13.19193 13.67203 13.71745 14.07614 
  16.32005 18.14773 19.47372 20.09777 16.49327 15.92598 15.29607 14.05417 14.18191 15.87651 17.23466 15.83868 15.81416 16.97385 15.49274 15.41314 14.62365 13.01176 14.34117 13.59102 14.03575 13.84274 14.37382 
  16.26196 18.10506 19.44036 20.02969 16.39142 15.86478 15.2308 14.05417 14.18191 16.39272 17.59359 15.0293 15.20992 16.48702 15.07029 15.06723 14.34386 13.20958 14.56581 13.19193 13.50195 13.51795 13.92729 
  16.20388 18.06239 19.40699 19.99565 16.18773 15.75464 15.20904 14.08282 14.33441 16.43243 17.47394 14.3847 14.84738 16.06974 14.64783 14.52172 13.64439 12.81395 14.45349 12.51412 12.67987 13.22109 14.07614 
  16.0877 17.97704 19.34026 19.96161 15.98403 15.57105 15.12201 14.11146 14.43608 15.95593 16.15786 13.99793 14.78696 15.93064 14.58748 14.6209 13.78428 12.15456 13.35339 12.25343 13.02004 13.84274 13.92729 
  15.95217 17.95571 19.2068 19.96161 15.78034 15.41195 15.03497 14.11146 14.74108 16.47214 15.32036 13.54671 14.54526 16.06974 13.80293 14.81927 13.59776 11.98972 12.87918 12.04487 13.13343 14.09331 13.20658 
  15.85536 17.91304 19.1067 19.92756 15.56222 15.23769 14.94794 14.11146 15.04609 16.35302 14.78196 12.83764 13.94103 15.722 13.32013 14.76968 13.3646 12.28644 13.35339 11.83631 12.16962 13.22109 13.33192 
  15.71982 17.82769 18.87314 19.89352 15.78034 15.10947 14.79563 14.25468 15.75776 15.63826 13.96174 12.51534 13.57849 15.51336 13.25978 14.91846 13.64439 12.1216 12.66031 11.65383 12.28301 12.70158 13.33192 
  15.54556 17.67409 18.27256 19.34885 16.3405 15.66896 14.86091 14.54111 16.57111 16.15447 13.21615 12.2575 13.03468 14.5397 13.32013 14.12498 12.99155 12.41832 13.06157 11.4192 11.82945 11.95943 11.9323 
  15.44875 17.67409 17.90553 18.94035 16.59511 15.77911 14.90442 14.82754 16.2661 15.71768 12.87203 12.12858 12.79298 13.28785 13.19943 13.72825 12.29207 12.48426 13.28044 11.88845 12.05623 11.63783 12.39187 
  15.33257 17.67409 17.53851 18.7361 16.54419 15.9015 14.90442 15.34312 15.75776 14.24845 12.12645 11.41951 12.43044 12.80102 12.35453 13.3811 11.77913 11.59409 12.58736 11.39313 11.43258 11.16779 13.18569 
  15.13895 17.67409 17.03102 18.35231 16.28957 15.86478 14.94794 15.6582 16.01193 13.06995 11.26615 11.09721 12.12832 12.17509 12.11313 13.13314 10.75323 10.76986 11.74837 11.0803 11.20581 11.24201 12.62166 
  14.9934 17.67409 16.52353 17.96852 16.03495 15.7424 14.94794 14.68433 14.74108 11.494 10.63527 10.90382 12.00747 12.31418 11.87173 12.83559 10.98639 10.27532 11.12825 11.70597 11.97119 11.06884 12.68433 
  14.84785 17.76369 16.35436 17.48879 15.70763 15.47314 14.55629 14.48382 12.07377 10.70603 9.947033 10.32368 11.94705 12.10554 11.44928 10.95109 9.680708 10.27532 10.94586 11.18458 11.82945 10.87093 12.39187 
  14.62953 17.84903 16.43894 17.105 15.19869 15.10947 13.57715 14.65568 11.75007 9.97434 9.488209 10.00138 11.64493 11.61871 11.20788 10.00884 9.307655 9.385151 9.888003 10.94995 11.51763 10.96989 12.07853 
  14.26566 17.93437 16.94644 16.43337 14.76245 14.01959 14.38222 13.99689 11.37243 9.861773 8.857327 9.356771 10.43646 10.5755 10.78542 9.661699 9.167761 9.286243 9.363259 10.45463 11.68771 10.99462 11.78607 
  14.19288 17.67409 16.43894 15.282 14.18081 12.9297 14.75212 13.68665 11.69612 9.97434 9.258797 8.970007 10.91985 10.78414 9.578421 9.264962 8.763608 9.45109 9.669137 10.11573 10.21365 10.47511 10.72068 
  13.75624 17.04692 15.76228 14.32253 12.79939 12.54504 14.59981 13.3526 10.88688 10.03062 9.488209 8.712164 10.49689 9.810482 8.612819 9.165778 9.027865 8.870172 9.325237 10.19393 10.95068 10.74724 10.72068 
  13.02849 16.41975 15.17021 14.13064 12.65398 11.32694 13.84914 12.90721 11.15663 9.355219 8.513208 9.807995 12.0679 11.41007 10.06122 9.661699 10.10039 9.132652 9.888003 9.798394 10.55381 10.47511 11.07581 
  12.08242 15.70299 14.66272 13.6509 12.29045 10.17294 12.5436 11.68237 10.50923 9.298935 8.91468 9.29231 10.799 10.43641 9.03527 9.017002 9.494182 9.253274 9.742093 9.907169 10.29869 10.54933 10.64091 
  10.84526 14.62784 13.64773 12.69143 11.34527 8.570175 10.96608 11.40399 9.43024 8.904949 8.34115 9.29231 10.49689 9.810482 8.673168 8.508301 9.121129 9.286243 9.888003 10.03752 10.52547 10.99462 11.13848 
  9.098669 13.01512 12.379 10.10086 9.454917 8.634286 11.51005 11.79371 7.919651 8.004409 7.366149 8.647703 9.771803 8.975915 9.15597 8.656105 9.074497 8.957665 9.596182 9.933239 10.63886 10.59881 10.40141 
  7.424856 10.95443 10.4336 8.181916 8.800564 9.01895 10.85728 11.29264 8.944693 8.229544 8.226444 8.712164 10.07392 9.323651 8.673168 8.508301 8.836891 9.187336 9.559704 9.615899 9.979507 10.37756 10.74157 
  6.478787 7.370607 7.98072 8.085969 8.800564 9.083061 10.5309 11.57102 8.351248 8.285828 8.685267 8.841085 8.925873 8.906367 8.793869 9.116186 8.885747 9.286243 9.924481 9.823565 10.52547 10.62355 10.92958 
  6.406013 7.281012 7.726974 8.373811 7.201032 8.377843 10.20452 9.900781 7.919651 8.004409 7.939679 8.389861 8.200789 7.912687 8.431767 8.917818 8.152914 9.517028 9.470987 10.06359 10.44043 10.67302 10.36719 
  5.198398 6.653844 8.149884 7.606234 6.619384 7.095628 8.572595 9.845106 7.811751 7.27272 7.423502 8.003098 9.650955 9.60184 8.854219 9.066594 9.307655 9.813751 9.540693 10.03752 9.985913 10.11794 10.80424 
  5.084685 5.674457 6.965733 6.422567 6.158378 8.1214 8.68139 9.733757 7.9736 6.935018 7.136738 7.809715 9.22799 9.393199 8.733519 9.116186 8.568186 8.924855 9.669137 9.933239 9.941074 10.62355 10.74157 
  7.279307 6.564248 6.711987 7.894075 7.564562 8.890729 9.714939 9.39971 7.703852 8.060693 7.538208 7.680794 9.711379 8.489084 8.612819 9.116186 8.714753 9.45109 9.77857 9.959309 10.29869 10.87093 10.82513 
  7.279307 6.743439 7.21948 7.510286 6.837502 8.249621 9.116569 8.731615 7.703852 7.610423 7.136738 8.712164 9.650955 8.558631 8.431767 9.165778 8.981235 9.517028 9.477324 9.697707 9.889832 10.18525 10.53826 
  6.260464 6.833035 6.796569 7.318392 8.14621 8.570175 9.007773 8.17487 6.62486 8.004409 7.251444 8.583242 9.409262 8.558631 8.431767 9.066594 9.121129 8.913918 9.306227 9.81098 10.00513 10.57407 11.01314 
  5.823817 6.833035 7.21948 7.318392 8.073503 8.1214 10.04132 9.288361 8.297297 8.116977 7.480855 8.067558 9.953074 8.906367 8.492118 8.818634 8.64147 9.045158 9.15414 9.490042 9.79375 10.69776 11.05492 
  7.060984 6.474653 7.811555 6.74271 7.128326 8.249621 8.355005 7.506776 8.297297 8.454679 7.652915 8.3254 9.771803 8.697725 8.311068 8.698335 9.214392 9.121716 9.540693 9.842444 9.966697 9.810246 10.26455 
  7.788728 6.833035 7.134898 7.126498 6.982914 7.287961 8.68139 9.177011 7.703852 7.441571 7.366149 7.809715 8.744602 7.927152 8.02729 9.017002 8.751394 9.220305 9.287216 9.85503 10.10026 10.54933 10.44417 
  6.988209 7.460203 6.122313 6.74271 6.473972 8.1214 9.442952 10.40185 9.592089 9.130084 9.144092 8.389861 8.563332 9.045462 9.638771 10.20721 10.14702 9.549997 9.318901 10.35035 10.1853 9.99294 10.37574 
  5.084685 6.564248 7.050315 7.126498 7.128326 8.057289 8.028622 10.17915 8.836794 8.060693 7.824973 7.809715 8.442484 8.349989 8.733519 9.364146 9.121129 9.41812 9.851526 9.959309 9.992318 10.20448 10.4955 
  5.255255 6.239007 7.134898 7.030551 8.14621 7.22385 7.702237 8.620267 7.542004 6.766166 6.283208 7.938637 8.382061 7.579995 7.808008 8.33938 9.44755 9.286243 9.596182 9.647364 9.633614 10.49985 11.22204 
  7.206532 7.101821 7.896138 6.550816 7.201032 7.993178 8.355005 8.397569 7.595953 7.385288 7.480855 7.119019 8.321637 7.912687 8.207876 8.63499 9.214392 9.187336 9.356922 9.823565 10.03716 10.49985 11.05492 
  7.424856 8.266562 8.657377 6.838657 6.910208 7.287961 8.137416 8.063521 7.703852 6.991301 7.251444 7.420432 7.7615 8.0718 7.52423 7.368092 8.531545 9.714844 9.888003 9.710293 10.21365 10.59881 10.76246 
  7.133758 6.92263 7.388644 6.164157 6.193444 7.22385 7.158264 7.172729 6.67881 6.82245 7.652915 7.453922 8.623755 8.280442 8.246572 8.001541 8.5804 9.286243 9.559704 9.641071 9.985913 10.77198 11.26382 
  5.766961 6.474653 7.304062 6.261061 6.473972 7.672625 7.539045 6.727333 5.82944 6.307127 6.734712 7.470667 7.894185 7.739109 7.820907 8.21269 9.027865 9.45109 9.344248 9.907169 10.21365 10.11794 10.42707 
  7.934277 7.72899 6.796569 7.318392 7.41915 8.249621 8.4638 7.896498 6.732759 6.878734 6.07798 7.25298 8.053406 8.349989 8.552468 8.71945 8.739181 8.487387 9.331574 10.01145 9.659235 10.10833 10.65801 
  5.823817 7.281012 7.134898 5.841145 6.05318 7.416182 7.974224 6.950031 6.463011 6.095263 5.708568 6.985057 7.363448 7.753573 8.182077 8.381611 9.587444 9.385151 10.10687 9.477455 10.32704 10.57407 10.64946 
  6.18769 5.505092 7.388644 6.454868 5.70252 6.867675 6.879634 6.950031 6.209583 6.554302 6.878372 7.745255 8.261213 8.419537 8.612819 8.46607 9.027865 9.41812 9.521683 10.1418 10.44043 10.62355 10.58103 
  7.206532 6.295462 6.796569 6.131856 5.071332 6.183814 5.653664 6.328727 6.032183 6.236506 6.550006 7.745255 8.140367 7.14605 7.562928 7.938196 9.074497 9.045158 9.439302 9.678828 9.928264 10.47511 10.80424 
  6.406013 6.833035 6.220592 5.873446 6.546678 6.810686 6.93536 5.899459 5.956154 5.777467 6.611574 7.119019 7.734964 7.59446 7.485534 8.63499 8.751394 8.990476 9.742093 9.754343 10.10026 10.27179 10.30732 ]
