 [
  4.637287 2.787695 4.072013 4.858923 3.518587 5.102312 4.960093 5.59392 5.779262 7.033562 6.626832 6.311528 7.477553 8.065561 8.662977 8.303824 8.78478 9.5482 9.942575 9.996785 10.33251 10.47501 10.27038 
  5.244809 3.239577 2.334533 3.073576 4.503234 4.48091 4.836989 5.422406 5.779262 6.768894 7.235005 7.624018 7.744615 7.750192 8.422259 8.74042 8.993932 9.369433 9.481934 9.617691 10.26318 10.69526 10.42735 
  4.004682 2.500134 2.971879 4.294846 3.852995 4.929063 5.226819 5.658237 5.387143 6.122426 7.093441 6.783537 7.281953 7.821716 8.3019 8.217468 8.853298 9.834226 9.565311 9.544123 10.24007 10.47501 10.51156 
  4.074972 4.034775 4.164571 4.237598 4.354609 4.6535 5.247336 6.215703 6.280561 6.214523 6.132199 6.839067 7.123027 7.905162 8.15975 8.917947 9.261665 9.512446 9.610583 9.666737 9.940347 10.05837 10.63186 
  4.707577 3.280657 2.99959 4.76491 4.979611 4.167109 5.541044 5.867287 6.111055 6.429415 7.376569 6.422589 7.7961 8.35638 8.254517 8.519715 8.861863 9.5482 9.565311 10.22657 9.75688 10.64282 10.40493 
  4.886175 3.93794 3.221276 3.168988 5.455989 5.188936 5.288371 5.93697 5.326818 6.368017 6.301787 6.297646 7.318628 7.762113 8.382139 8.562894 9.217043 9.112498 9.610583 9.832653 9.53672 10.12627 10.5296 
  4.637287 4.034775 2.334533 4.104022 4.693785 4.755814 5.463659 5.636798 6.280561 6.460114 6.999064 7.075071 7.538679 8.190198 8.462379 8.552099 9.172421 9.119006 9.731308 9.799827 10.26318 9.916914 10.38998 
  4.742722 2.910936 2.168269 4.065857 4.693785 4.929063 4.75492 6.35507 6.506571 6.460114 6.372449 6.811302 6.768501 8.35638 7.970216 8.74042 8.733391 9.151545 9.415232 9.821711 10.47118 10.09798 10.27785 
  3.899248 2.541214 2.99959 3.493387 3.667213 3.665029 4.447159 5.486723 6.050729 6.414065 6.923612 7.514546 7.538679 7.177994 8.112366 8.562894 8.724826 9.512446 9.655855 9.821711 10.44807 10.23378 10.53562 
  3.864103 1.596371 2.777905 4.388858 4.503234 4.21418 5.92797 5.867287 5.839588 6.137775 6.386581 7.061189 7.086352 7.630984 8.34202 9.139855 8.810474 9.242651 9.867123 9.788884 9.922 10.01876 10.56569 
  3.547801 1.30881 2.722483 4.482872 4.280295 5.535433 5.308888 4.993621 5.417306 6.168474 6.999064 7.088954 7.330853 8.231744 7.749093 7.93681 9.217043 9.119006 9.761489 9.728043 9.711014 10.19983 10.30028 
  3.090919 2.952016 4.257128 4.482872 4.59851 4.55936 4.857506 6.285387 6.450068 5.73869 6.725759 7.350339 7.343078 7.321043 7.291053 8.098728 9.261665 8.956316 9.580402 9.854537 10.01373 10.08667 10.74614 
  2.493459 2.335814 1.83574 3.646046 5.170162 5.535433 5.386273 5.551041 6.167557 6.857117 6.584435 7.102837 7.590163 8.564109 8.582738 8.74042 8.949309 9.262174 9.655855 10.19374 10.40185 10.88404 10.52359 
  3.231498 3.609299 3.609226 3.283482 3.797261 4.842439 4.508711 5.079378 5.839588 6.548337 7.282193 8.280847 8.05352 7.940924 7.52797 8.228263 8.844733 9.262174 9.716217 9.767 9.995386 10.53794 10.49351 
  4.320985 2.746615 2.61164 3.168988 3.314226 4.52798 5.541044 4.286126 6.22406 5.861486 6.951876 7.033424 6.964101 7.630984 7.38582 8.379387 9.083177 9.297927 9.761489 9.476685 9.940347 9.871647 10.4875 
  4.004682 2.787695 3.415251 3.970446 4.503234 5.102312 5.185784 5.443845 6.563073 6.813005 6.047405 6.90848 7.000777 7.917083 8.112366 8.357798 8.993932 9.197098 9.306842 9.636083 10.40185 10.46452 10.19563 
  3.266643 3.444978 3.470672 3.207152 4.391765 4.151419 4.816472 5.0365 5.115676 6.383367 6.937744 6.603063 6.780726 7.821716 7.764888 7.979988 8.450752 9.112498 9.686036 9.767 9.444987 10.40159 10.46344 
  4.004682 3.116337 3.138144 4.388858 4.884336 5.188936 5.7732 6.285387 6.393566 6.352668 6.768156 7.295604 8.207973 7.201836 8.422259 8.784802 8.949309 9.158052 9.131749 9.715782 9.75688 10.13759 10.4875 
  5.029629 4.518952 4.627358 3.665128 4.4475 4.66919 5.618429 5.797604 5.869751 5.707992 7.187817 7.240868 7.465328 8.190198 8.703096 8.962329 8.878992 9.112498 9.390219 10.31411 10.26318 10.12062 10.51757 
  5.173082 7.520848 7.218968 5.423001 4.168826 4.63781 4.75492 5.358088 6.22406 6.680671 7.376569 7.17225 7.489779 7.27336 8.382139 8.454948 8.596354 9.512446 9.731308 9.756058 9.637627 10.26525 10.65592 
  9.978777 13.33097 13.14265 10.40569 10.12449 9.346905 9.178147 7.470001 6.676077 6.857117 7.093441 6.686358 7.590163 7.98247 8.222927 8.336208 8.904687 9.369433 9.670945 9.476685 9.876133 10.23378 10.3825 
  12.20231 15.55818 15.08636 13.69614 13.1733 12.55201 12.27355 11.23289 10.40523 9.41558 8.792213 7.73349 9.031719 9.270385 8.823456 9.184237 8.887557 9.476693 9.942575 9.887363 10.02291 10.24427 10.70403 
  12.9913 16.13919 14.9938 15.5764 14.12605 13.5915 12.81525 12.27814 11.36576 11.09181 10.30223 9.37556 9.752498 9.395021 9.625849 10.02749 10.02024 9.691213 9.431908 9.887363 10.65606 10.60086 10.49953 
  13.42166 16.37332 14.9938 16.43866 14.50715 14.11124 13.27956 12.90529 11.93079 12.10638 11.43475 9.977653 10.42179 10.01821 10.06717 10.60445 9.752511 10.51354 9.882214 9.61156 10.33251 10.67428 10.69802 
  13.63684 16.47852 15.36403 17.31988 14.98353 14.19787 13.5891 13.25371 11.70478 11.7976 11.10443 10.08712 10.83366 10.30902 10.10729 10.69321 9.663266 10.33477 9.686036 10.02961 10.76006 10.80014 10.96268 
  13.70857 16.57562 15.83825 18.16438 15.65046 14.37112 13.20218 13.18402 11.36576 10.87126 10.4438 10.74395 10.98812 10.84912 10.9498 11.35894 10.3326 10.44203 9.565311 9.341809 10.56362 10.78965 11.19726 
  13.70857 16.64035 16.01578 18.64171 16.31739 15.41061 13.51172 13.74149 12.3263 10.69481 10.96287 11.34604 12.12077 12.0124 11.31088 12.77915 12.16212 11.6934 9.79167 9.421509 10.01373 10.4855 11.259 
  13.63684 16.66463 15.93589 18.64171 16.82238 16.79605 15.21419 14.57769 13.34334 11.7976 12.14257 12.16708 12.84155 12.63558 12.07315 14.24374 13.45616 12.87325 10.72729 10.13903 11.58879 11.30356 10.78223 
  13.63684 16.69699 15.88264 18.49484 17.26839 17.68657 17.59035 15.65084 14.45645 13.00449 13.22302 12.87864 13.45936 13.00949 13.43722 15.63804 14.61634 13.83859 11.49691 10.86121 11.74407 11.70614 11.095 
  13.63684 16.75364 15.87376 18.23782 17.64006 18.32972 19.7505 17.97601 16.1261 14.1592 13.91621 13.64494 14.12865 13.25877 15.01365 16.45138 15.73249 14.6564 11.60483 11.13477 11.23382 11.10429 11.07696 
  13.70857 16.80219 15.82938 17.90736 18.03651 18.77498 19.7505 19.49631 17.68445 15.05731 14.6094 14.1923 14.51548 13.48016 15.97702 17.26472 16.73703 14.91465 11.87464 11.78182 11.36093 11.57625 11.81466 
  13.85202 16.84265 15.785 17.68705 18.25952 18.87393 19.39048 20.21175 19.02018 16.59693 15.53366 14.92863 15.05704 14.36576 16.9404 17.90377 17.46253 15.17291 12.63011 12.71644 12.75342 12.55045 12.06162 
  13.92375 16.84265 15.74949 17.54018 18.1604 18.82446 19.53448 19.58574 20.3559 18.26484 16.34238 15.66495 15.52123 15.17755 17.55346 17.84568 17.51833 14.82857 13.60143 13.86675 13.60749 13.52465 12.86424 
  13.92375 16.78601 15.70511 17.3566 17.96218 18.82446 19.6785 18.8703 20.3559 19.16295 17.61323 16.40128 15.90806 16.06314 17.72861 17.84568 17.79737 15.30203 14.08709 14.37001 13.9957 13.58959 13.23468 
  13.92375 16.70509 15.62523 17.17301 17.7144 18.72551 19.60649 18.69144 19.57673 20.18937 18.65301 17.04556 16.44962 16.72734 17.90377 17.90377 18.13222 15.38812 14.73464 15.30463 13.91806 14.23906 13.72861 
  13.94693 16.64035 15.5986 16.98942 17.46661 18.77498 19.60649 18.51259 19.13149 20.18937 19.92386 17.78189 16.83645 17.24394 18.25409 17.5552 18.07641 15.30203 14.14105 14.51379 13.9957 14.82358 14.71645 
  14.02111 16.60799 15.53647 16.76912 17.26839 18.67604 19.31847 18.51259 18.68625 19.93276 20.27045 18.70229 17.06854 17.46534 18.25409 17.38091 18.07641 15.56029 14.03313 15.01705 15.70384 15.53799 15.08689 
  14.10457 16.60799 15.48321 16.62224 17.11972 18.52762 19.03045 18.33373 18.01838 19.16295 20.15492 19.25454 17.14591 17.53913 18.16651 16.97424 17.2951 15.04378 14.24898 15.6641 16.09205 15.53799 14.77819 
  14.19266 16.5918 15.50097 16.51209 16.97105 18.62656 19.10246 17.97601 17.57314 18.26484 19.80833 19.53066 17.37801 17.76053 18.34167 16.85805 17.2393 15.56029 14.24898 15.30463 15.78148 15.14831 14.40775 
  14.21584 16.50279 15.46546 16.36522 16.99583 18.67604 18.95845 17.97601 17.23921 17.62334 19.3462 19.99086 17.68747 17.53913 18.51683 16.85805 17.07187 15.60333 14.19501 15.52031 16.40262 15.2782 14.46949 
  14.20193 16.40569 15.48321 16.36522 16.99583 18.57709 18.74243 17.79715 16.90528 17.23843 18.88407 19.80678 18.38376 17.83433 18.69199 17.14853 17.18349 15.7755 14.46482 15.59221 16.32498 15.21325 14.77819 
  14.17412 16.37332 15.47434 16.36522 17.09494 18.3792 18.45441 17.43943 16.34873 16.59693 18.19088 19.16249 18.84795 17.90813 18.86715 17.43901 17.46253 16.0768 14.30294 14.94516 15.78148 15.66788 14.83993 
  14.16021 16.33286 15.45658 16.3285 17.11972 18.08236 18.09439 17.17114 15.90348 16.21202 17.49769 18.97841 19.00268 17.83433 18.95473 17.4971 17.2951 16.33505 14.57275 15.08895 16.09205 15.01841 14.71645 
  14.20193 16.33286 15.45658 16.3285 17.1445 17.63709 17.66236 16.81343 15.45824 15.82712 16.8045 18.88637 18.92532 17.61293 18.60441 17.14853 16.84864 15.99071 14.41086 14.51379 15.62619 14.75863 14.77819 
  14.21584 16.23603 15.49209 16.23449 17.24361 17.29078 17.23033 16.27685 15.013 15.05731 16.11131 18.24209 18.77059 17.24394 17.99135 16.97424 16.68122 16.29201 14.89652 13.65106 14.30627 14.304 14.59297 
  14.18339 16.13919 15.49209 16.23449 17.19405 16.6971 16.58228 15.91913 14.45645 14.4158 15.30259 17.5978 18.38376 16.87494 17.64104 16.79995 16.68122 16.55026 14.84256 13.2197 13.84042 13.39475 14.03731 
  14.09993 15.94552 15.45658 16.04647 16.69849 15.75711 15.64622 15.2037 13.78858 13.38939 14.49387 17.1376 17.76483 16.21074 17.11556 15.92852 15.89992 15.81854 13.38558 13.00402 13.60749 12.03088 12.37032 
  14.04893 15.75185 15.17891 15.48239 14.60243 13.5915 14.1308 14.22927 13.00433 11.84171 12.99196 15.75699 15.67596 14.21816 15.27639 13.97745 14.89538 15.08682 12.19841 11.56613 11.89936 11.70614 11.259 
  14.17412 16.04236 15.08636 15.38838 13.45913 12.29213 12.81525 13.46276 12.94783 11.00359 11.6235 15.29679 14.36075 13.33256 12.31387 10.82636 13.3223 13.83859 10.87819 11.49424 11.51115 11.83604 11.16117 
  14.1973 16.13919 15.08636 15.48239 12.98275 11.85901 12.5831 13.32339 12.60881 10.69481 10.67974 14.6525 14.07717 13.21722 12.9959 10.02749 11.80514 12.51572 10.24439 10.78462 11.21071 11.21966 10.92057 
  14.10457 16.04236 14.80868 15.48239 12.60165 11.68576 12.11878 12.90529 12.49581 10.20959 10.20786 13.69968 13.87123 12.96795 13.07614 10.20501 10.95731 11.55038 10.0633 11.10194 11.28004 10.87355 10.43938 
  13.96548 16.04236 14.71613 15.29436 12.12527 11.16602 11.88663 12.55688 11.81778 10.16547 10.0191 13.26179 13.35639 12.80176 13.03602 11.00388 12.11749 12.55147 10.35002 10.90498 11.51115 11.52381 10.98072 
  13.92375 16.13919 14.53101 15.29436 11.07724 10.73289 11.73186 12.34783 11.42227 10.03314 10.0191 12.82391 13.45936 12.51094 12.75518 10.64883 12.16212 12.80175 10.00294 10.09526 10.84094 11.29307 10.69802 
  13.93302 16.04236 14.25334 14.8243 10.69614 10.29977 11.42232 11.79036 10.80074 9.72436 9.594412 12.22182 12.58413 12.13703 12.39411 9.894343 11.71589 12.08668 10.10857 10.16092 10.93339 11.0938 10.87847 
  13.92839 15.94552 13.97566 14.35423 9.838659 9.606778 10.02938 10.74511 10.51823 9.062689 8.88659 11.34604 12.73858 11.76312 11.71207 9.539289 11.09118 11.19285 9.882214 9.821711 10.71384 10.84209 10.56569 
  13.92375 15.84869 13.69799 13.79015 9.362282 8.740535 8.945992 9.978597 9.840202 8.445128 8.933778 10.68922 11.76038 10.97375 11.39112 9.716817 10.64496 10.97833 9.716217 10.10621 10.67917 10.70574 10.63186 
  13.85202 15.75185 13.2352 12.56799 9.267006 8.827159 9.178147 9.63018 9.162176 7.518788 7.187817 9.539767 10.67921 10.64139 11.59171 9.051092 9.663266 10.04875 9.456921 10.07338 10.03208 10.06403 10.3526 
  13.56512 15.46135 12.67986 10.96977 8.600079 8.04754 8.481681 8.515249 7.862624 8.268682 7.801263 9.430296 11.0396 10.22593 10.42824 8.651657 10.37722 10.76381 9.031696 9.617691 10.15919 10.86306 10.68599 
  12.9913 14.68666 11.56917 9.089506 6.599294 7.094672 7.707829 8.027467 7.74962 8.004014 8.414708 10.52501 11.39999 10.5583 11.03004 9.051092 10.06487 10.19176 9.701127 9.799827 10.47118 10.42257 10.4875 
  11.77195 13.33097 10.27337 8.713455 6.789845 6.748175 7.785214 8.654615 8.427647 7.871679 8.461897 9.430296 10.37031 10.14284 10.18752 8.917947 9.038554 9.5482 9.852033 10.1828 10.01373 10.21115 10.19563 
  9.978777 11.4911 8.60733 6.833196 6.504019 6.66155 7.475674 7.67905 7.693118 7.077674 7.706886 8.335582 8.928751 8.979565 9.345012 8.607276 9.083177 9.255666 9.746398 9.777943 9.793573 10.32818 10.0835 
  8.11388 9.74806 7.12641 6.175105 5.551264 4.60643 6.701822 6.982219 6.73258 6.27592 7.518134 8.061903 8.980235 8.148652 8.34202 7.872043 8.442187 8.969332 9.331855 9.734174 10.24007 10.5694 10.52359 
  6.177258 7.908189 5.552933 4.065857 4.391765 4.371079 6.314896 6.773169 6.563073 7.033562 7.140629 7.569282 8.67133 8.065561 8.382139 8.696039 8.58779 8.923779 9.610583 9.666737 10.06675 10.59038 10.34513 
  4.672432 5.099964 4.164571 4.576884 3.685791 4.245559 5.463659 6.006654 5.869751 6.229872 6.867082 7.350339 7.306403 7.666746 8.254517 8.29303 8.733391 9.066945 9.1651 9.52573 10.21696 10.33866 10.45141 
  4.957902 5.680976 4.905031 6.175105 5.265438 5.27556 5.7732 5.100817 6.167557 6.429415 6.79642 7.624018 7.7961 7.893241 7.970216 8.508921 9.038554 9.476693 9.356868 9.788884 10.12452 10.50647 10.50554 
  4.531853 5.196799 4.442243 4.858923 5.551264 5.622058 5.618429 5.93697 6.080892 7.430565 7.470946 7.350339 7.693131 8.27329 8.270311 8.239058 8.870428 9.242651 9.49861 9.734174 10.0783 10.67428 10.38998 
  5.388263 5.777811 4.905031 3.932281 4.59851 4.755814 4.98061 5.422406 5.990403 6.724782 7.423758 8.116639 8.05352 7.583301 7.938627 8.400975 8.819039 8.897748 9.610583 9.587037 9.931173 10.3072 10.40493 
  5.531716 5.003129 3.979456 4.76491 4.979611 4.842439 5.386273 6.703485 6.280561 6.229872 6.626832 7.240868 7.7961 8.024015 7.70171 7.904426 9.217043 10.0845 9.565311 9.734174 10.11297 10.23378 10.59577 
  5.45999 4.809458 2.500797 4.294846 4.693785 5.015687 4.508711 5.615359 5.779262 5.984282 7.329381 7.678754 7.7961 8.397926 8.422259 8.562894 9.172421 9.476693 9.927485 9.799827 10.1823 10.50647 10.3526 
  6.105531 4.712623 3.609226 4.388858 4.205982 4.54367 4.508711 5.658237 5.65861 6.460114 6.273522 7.019541 7.693131 8.231744 8.286105 9.00671 9.038554 9.619706 10.01803 10.36882 10.25163 10.1772 10.36008 
  5.603443 5.196799 2.99959 4.294846 4.001622 4.276939 4.98061 5.336649 5.447469 6.813005 6.951876 7.459811 6.939651 7.929003 8.582738 8.74042 9.172421 9.691213 9.373544 9.709651 10.43651 10.37013 10.44539 
  5.531716 4.809458 3.055012 3.588799 4.59851 5.795307 5.618429 4.779229 4.180624 5.47775 6.754023 7.116719 7.135252 7.619063 8.462379 8.829184 8.776215 9.619706 9.580402 9.909248 9.986213 9.984815 10.58975 
  4.672432 3.198497 2.99959 4.046775 4.410343 4.59074 5.7732 6.006654 5.869751 6.504225 6.513773 7.102837 7.847584 7.917083 8.502499 8.465743 9.261665 9.33368 9.140087 9.821711 10.13608 9.922572 9.948956 
  4.28584 3.362818 4.164571 4.670897 3.964465 4.135729 5.541044 6.006654 6.167557 6.989451 6.881214 7.240868 7.489779 8.481017 8.422259 8.917947 9.35091 9.297927 9.265153 10.09526 10.27474 10.00745 10.59577 
  5.45999 3.198497 2.916458 3.76054 3.574322 4.30832 4.857506 5.529602 6.73258 6.813005 7.046252 7.075071 6.756276 7.511776 7.922832 9.095473 8.767651 8.845687 9.31518 10.01867 10.1823 10.22247 10.33018 
  5.101356 3.773619 4.442243 4.256681 4.503234 4.324009 3.995777 6.424753 6.393566 7.033562 6.824685 7.186132 7.641647 8.314835 8.15975 8.607276 8.35654 9.125514 9.53196 9.721912 10.19385 10.13759 10.24795 
  4.814448 4.13161 4.164571 4.08494 4.243139 4.55936 5.042163 4.993621 5.749099 6.460114 7.140629 7.569282 7.269728 8.148652 8.823456 9.051092 8.993932 9.262174 9.031696 9.767 9.931173 10.26525 10.40493 ]
