 [
  6.845619 6.846524 7.830241 6.830141 7.841189 7.854311 7.611199 7.927143 7.816594 9.175564 9.198484 10.01202 10.28231 10.34614 10.86034 10.26391 9.702781 9.129282 9.864773 10.34314 10.52319 10.59342 10.50688 
  5.914722 6.786027 7.781359 7.153459 7.620221 8.069106 8.910883 8.889138 8.355646 8.922153 9.198484 9.510698 10.40193 10.7051 10.11537 10.13238 9.144637 9.23783 9.991126 10.04005 10.44465 10.68747 10.95185 
  5.453887 6.074058 6.90085 7.10727 7.752802 8.40664 9.532471 8.656933 7.457225 8.487734 9.77632 10.38801 10.52156 11.51275 10.28092 9.781623 9.470221 9.360099 9.73842 9.733322 10.63314 11.01663 11.45001 
  6.53532 7.632986 8.758998 7.10727 8.150545 8.22253 8.882629 8.855966 7.996278 8.994555 9.379058 10.63867 11.47853 11.73709 11.27422 10.04469 9.191149 8.977314 9.864773 10.19159 10.22475 9.92528 10.91495 
  5.728543 6.967518 8.025768 7.338211 9.034418 9.511299 9.617233 8.822794 7.861515 9.935796 10.13747 11.09822 11.15954 11.73709 12.43306 12.67533 10.77256 9.278586 9.575274 9.913757 10.42894 10.70314 11.1548 
  6.287081 7.874974 8.123532 7.384399 8.857643 9.634039 9.023899 8.02666 8.265804 9.247967 9.993009 11.22355 11.79752 12.3204 13.13664 13.6399 11.7028 9.44161 9.706831 9.769421 10.64885 11.12635 11.35776 
  6.721499 8.298453 8.954525 6.553012 8.283126 8.621435 9.221677 8.524243 8.355646 9.537579 10.57084 11.76664 11.59815 12.05118 12.68138 12.63148 10.44697 9.930683 9.770008 10.01479 10.16564 10.67179 10.71199 
  6.969738 7.75398 8.514587 7.846281 8.415707 8.34527 8.882629 8.955482 8.265804 9.57378 10.64307 10.764 11.31903 12.14092 11.68809 11.84229 11.65628 10.58278 9.833185 10.29262 10.39753 10.29774 10.71199 
  6.100902 6.342683 7.097012 8.261974 9.608936 8.77486 8.458818 8.756449 8.625173 9.392773 10.39027 11.64131 11.47853 11.60248 11.72948 10.57082 9.702781 9.360099 9.538481 9.691208 10.22475 10.32695 10.61974 
  5.344025 6.786027 8.514587 7.430588 9.476355 9.388559 9.67374 9.088171 8.580252 8.523935 10.49861 12.68573 11.87726 11.37814 11.39838 11.00926 9.23766 9.23783 9.295648 10.59571 10.35041 10.28419 11.09945 
  6.038842 7.451495 7.879123 7.522964 9.608936 9.02034 9.532471 9.121344 8.400568 9.247967 9.956894 12.68573 11.6779 11.51275 11.23283 10.61466 9.516733 9.400854 9.675243 9.655109 10.15365 10.2571 11.1179 
  6.349141 7.270004 7.830241 7.338211 10.13926 9.818149 8.854375 8.391555 8.400568 10.18921 11.18479 12.05908 12.15638 12.09605 11.85364 10.92157 9.191149 9.686147 9.675243 9.989531 10.00982 10.22324 10.38697 
  6.47326 6.967518 6.950366 7.661529 8.415707 8.130476 8.797867 7.893971 9.164226 9.863393 11.11257 11.72487 10.88042 11.8717 11.39838 10.52697 9.098125 9.020734 9.420743 10.34314 10.7588 10.56207 10.22474 
  6.59738 7.451495 6.90085 7.014894 8.81345 8.71349 8.656597 8.656933 8.49041 9.284168 10.42638 11.72487 11.11966 11.51275 11.35699 10.26391 9.001163 9.686147 9.770008 9.733322 10.20904 10.53072 10.80424 
  6.845619 6.665033 7.536949 6.737765 9.167 8.437325 9.419455 9.287205 8.49041 8.777347 10.57084 11.68309 11.75764 10.97431 10.94312 9.781623 9.284173 8.912186 9.141117 9.667143 10.02181 10.20293 10.57742 
  7.404157 7.088512 7.732477 7.476776 8.946031 9.572669 9.617233 9.6521 8.310725 9.392773 9.884665 11.3071 10.84055 10.30127 10.52925 9.430871 9.051613 9.604635 9.801597 10.04005 10.46036 10.38965 10.82269 
  7.217978 6.342683 7.194776 7.10727 8.592482 8.71349 9.391201 9.35355 8.265804 8.379129 9.884665 11.22355 10.32219 10.30127 9.41179 9.299338 9.191149 9.23783 9.273572 10.31788 9.877979 9.877876 10.34465 
  6.411201 7.935471 8.416824 5.988279 6.808517 7.36605 8.882629 7.960316 7.457225 8.451532 10.10135 11.22355 10.0032 10.07692 10.23954 10.39544 9.423709 9.808415 9.833185 10.29262 10.47607 10.21647 10.45045 
  5.790603 6.342683 7.29254 6.922518 8.238933 7.639516 8.035008 7.097837 7.68183 7.497481 9.487402 9.677806 9.604459 9.942315 10.86034 11.27232 9.749292 9.319343 9.612066 9.498684 10.35041 10.6091 10.91495 
  6.907679 7.511992 7.341422 6.553012 6.669042 7.854311 6.873035 6.487376 6.585957 7.161615 8.12601 8.434451 7.683389 8.73084 8.732285 8.463078 8.748917 8.543121 9.266213 9.564864 9.81805 10.06072 10.76734 
  6.721499 6.846524 6.80182 6.275883 6.041404 6.957875 6.785915 6.456853 6.629001 7.623431 8.796307 9.218261 8.76711 9.987185 10.98451 10.6585 10.35395 10.86807 12.01278 13.16786 13.32327 12.06682 12.81534 
  6.287081 5.966607 5.36587 5.988279 6.320354 6.413641 6.263194 6.304238 6.306172 7.119632 8.081324 7.915409 8.926604 10.12179 11.35699 11.00926 10.49348 10.86807 12.20231 13.31529 13.63285 12.22357 12.98139 
  6.411201 3.871329 5.118293 5.566002 5.344029 5.053056 6.306754 6.273715 6.499869 7.119632 7.321655 7.50759 8.236013 8.73084 9.246241 9.518559 9.330685 8.890476 9.612066 10.04005 10.46036 10.96961 11.59761 
  5.790603 7.511992 6.950366 7.245835 8.150545 8.16116 7.526437 8.391555 8.310725 8.777347 9.153798 9.761359 10.64118 11.19866 11.15005 10.57082 10.21441 9.400854 9.258854 10.26736 11.04153 11.14203 12.11422 
  7.031798 7.935471 8.31906 7.61534 8.680869 9.26582 9.108661 8.955482 8.894699 9.32037 10.06524 11.34888 12.03676 12.58961 12.01919 11.53538 12.30745 11.72395 11.44419 11.98488 12.06251 12.54285 12.39098 
  5.344025 7.75398 8.074651 7.569152 7.752802 9.051024 8.769613 9.22086 10.10757 10.26161 10.31804 11.18177 12.67474 12.63448 12.22612 12.71917 12.35396 12.98739 13.65538 14.64215 16.31583 17.83584 15.8802 
  7.031798 9.629388 11.00757 8.816233 9.387968 9.173764 8.176279 11.31071 10.96107 11.31145 11.9432 12.01731 12.31588 13.35239 13.46774 13.72759 14.35398 14.45461 15.47536 16.33759 18.07009 18.39893 18.53743 
  6.162961 8.78243 10.32322 8.677669 8.238933 9.419245 9.701995 10.41506 10.73646 11.56487 12.84607 12.47685 13.63171 14.24978 14.54381 13.94681 14.95864 15.02723 15.56414 17.00102 17.65732 19.07463 19.62449 
  5.563749 8.540442 8.856762 7.892469 8.504094 9.112394 9.193423 10.8463 11.54504 11.74587 13.82117 13.35416 13.75133 13.9357 15.14703 15.16725 15.21405 15.48532 16.09682 17.66445 18.27647 18.96201 19.74527 
  6.59738 6.665033 7.097012 8.723856 9.122806 9.971574 9.956281 10.38189 11.54504 11.52866 13.1711 13.85548 13.83108 13.75622 15.24756 15.73641 15.00515 15.02723 16.45193 17.4433 17.86371 19.07463 19.5037 
  5.673612 6.967518 7.097012 8.215786 9.65313 10.61596 10.38009 9.486238 10.96107 12.3613 13.1711 14.02259 14.25506 14.70323 14.94596 15.49249 15.49258 14.9127 16.05243 17.66445 18.17328 19.29986 19.74527 
  6.783559 7.209507 7.341422 8.63148 10.00668 9.848834 11.14295 10.87947 11.58996 13.11928 14.59024 14.77519 14.78503 14.47413 14.74488 14.6794 15.28368 15.14175 15.69731 17.51702 18.48286 19.29986 19.86605 
  6.411201 7.209507 8.56347 8.954798 9.78571 9.940888 10.88866 11.34388 12.44346 12.65091 13.94935 14.54099 14.67904 14.70323 14.84542 14.84202 15.14441 15.31354 15.78609 17.4433 18.68924 19.07463 20.2284 
  5.179231 6.846524 8.221296 9.462868 10.18345 10.46253 10.35184 11.21119 12.74217 13.11928 13.94935 14.3068 13.79121 14.70323 14.74488 15.08594 15.14441 15.48532 16.05243 17.4433 18.48286 19.41248 20.59075 
  4.410194 6.665033 8.31906 9.64762 10.75797 10.76938 11.02993 11.82809 12.54303 12.79572 13.78505 14.89229 14.67904 14.81779 14.84542 14.76071 15.35332 14.62639 15.78609 17.22216 18.07009 18.62416 19.86605 
  6.783559 7.995968 9.198935 10.1095 10.31603 11.47514 11.00168 11.94914 12.6426 13.01293 13.6406 14.3068 14.89103 14.70323 14.54381 14.59809 14.72608 13.92478 15.12024 16.48501 16.52221 16.93491 18.0543 
  11.74834 14.28766 14.55719 13.69731 13.25109 11.6315 10.09755 10.91264 10.82631 11.70967 12.9183 12.97817 13.71146 13.487 13.79884 13.42068 14.16793 13.68024 13.92171 14.8633 13.94242 14.11949 15.27628 
  14.69713 17.79798 17.68337 19.02131 18.56425 16.63512 15.41032 15.58065 16.12749 18.01149 18.69193 17.46845 17.43491 18.36891 16.55453 15.89903 16.53708 15.48532 12.96043 12.96992 12.07821 12.8807 14.67236 
  15.29225 18.29098 17.39917 20.03541 19.24542 19.29329 16.78197 17.15431 17.52145 19.71313 20.87095 19.92752 19.23682 20.54541 18.76633 17.76914 18.34756 17.03139 15.03146 13.90501 13.22008 14.34472 16.72568 
  15.35837 18.22935 17.47022 19.65512 20.60777 20.85692 18.45844 18.24376 18.01929 19.71313 21.51184 21.0985 19.97878 21.34728 20.0733 18.50092 19.25279 17.83306 15.83048 14.49473 13.0137 14.2321 16.96725 
  15.4245 18.16773 17.39917 19.02131 21.15271 21.32601 19.9825 18.97007 18.51713 19.71313 21.89638 21.56689 20.50876 21.69094 20.87759 18.82616 19.39206 18.06211 15.91926 14.3473 12.49774 13.44379 16.48411 
  15.4245 18.04448 17.18602 18.51427 20.60777 20.70056 20.59213 18.84902 18.41757 19.28772 21.38366 21.2156 20.50876 21.57638 20.87759 19.07008 18.97426 17.83306 15.78609 13.97872 12.29136 12.65547 15.8802 
  15.45756 17.98285 17.04392 18.26074 20.06283 20.5442 20.74453 18.60691 18.51713 19.28772 21.25549 21.0985 20.40276 21.46183 20.57598 19.39532 18.76536 17.66128 15.69731 13.68387 12.03109 12.1452 16.12176 
  15.49062 17.98285 16.97287 18.13398 19.79036 20.38783 20.59213 18.84902 18.71627 19.39407 21.38366 20.8643 20.29677 21.11817 20.0733 19.63925 18.97426 17.60401 15.65292 13.38901 11.13577 12.05115 15.8802 
  15.52369 18.04448 16.90182 18.00722 19.65413 20.07511 20.28732 18.72796 18.51713 19.39407 21.25549 20.27881 19.76679 20.54541 19.47008 18.98877 18.83499 17.48949 15.20902 13.02044 10.80592 10.5464 13.34374 
  15.58981 18.04448 16.90182 17.88046 19.51789 19.91874 19.9825 18.24376 18.21843 19.18137 20.74277 19.34202 18.60085 19.39989 18.16311 17.52521 17.44232 16.40151 13.74415 11.60601 10.1177 10.62477 12.75999 
  15.65593 18.1061 16.90182 17.88046 19.38165 19.44965 19.37288 17.63851 17.91972 18.64961 19.97371 18.52234 17.85889 18.82712 17.55989 16.79343 17.37269 16.34425 13.65538 11.70704 10.47607 10.46803 12.33563 
  15.75512 17.92123 16.83078 17.50017 18.83672 18.51147 18.30604 16.67011 17.32231 18.01149 18.30739 16.64876 16.37496 17.6816 16.15239 15.98034 16.25855 14.79818 13.0552 10.49468 9.925923 10.71882 11.92972 
  15.49062 16.99687 15.90713 16.10579 16.38449 16.00967 15.56273 14.61225 15.53008 16.4162 15.3593 13.89726 14.25506 14.70323 13.38497 14.29756 14.86561 12.57983 11.98119 10.92406 10.9787 11.81603 11.61606 
  14.69713 15.64114 14.05985 13.57055 12.56991 11.22966 11.75257 11.34388 12.74217 12.68711 12.84607 11.72487 11.95701 12.85883 12.68138 13.06993 13.6563 12.90588 12.20231 12.11116 12.39455 12.76808 12.68618 
  13.6722 14.5319 11.9852 11.17183 9.874098 9.756779 9.645487 9.784788 10.91615 11.85448 12.15989 12.68573 12.67474 13.89083 14.00578 13.90296 14.16793 13.68024 14.8539 14.56844 13.73604 14.00687 14.43079 
  13.48602 14.40865 13.20725 12.17617 12.56991 12.72604 12.66701 12.55439 11.41028 12.4699 13.6406 14.1897 13.43234 14.02543 14.00578 14.59809 15.00515 15.08449 14.98707 14.3473 14.56157 14.45734 14.55158 
  14.3665 15.88763 13.77565 13.57055 13.25109 13.50786 12.97182 12.31229 12.35362 13.22563 13.1711 12.85284 12.39562 12.49987 12.59861 13.15761 13.93537 12.62058 12.42343 12.59106 12.70412 12.27059 12.26183 
  15.4245 16.68875 14.98349 15.09169 15.97578 16.94784 15.71513 15.7017 15.72922 16.62891 15.74384 14.65809 14.14907 14.81779 13.88161 14.16603 15.42295 13.27268 11.06513 10.57045 10.69597 10.81286 11.06255 
  15.58981 16.5655 15.19664 15.34522 16.65696 17.88602 16.78197 16.30696 16.7249 18.11784 17.53833 15.82907 14.99702 16.07786 15.24756 14.51678 16.25855 14.25083 11.53896 9.837985 10.08174 10.07426 11.09945 
  15.32531 16.07251 15.05454 15.21845 16.52072 17.5733 16.78197 16.30696 16.82447 18.11784 18.43557 16.29747 15.31501 16.30697 16.05185 14.51678 15.70148 14.21007 11.22307 9.837985 10.14167 10.14198 11.46846 
  14.96163 15.57951 14.77034 14.83817 16.24825 17.10421 16.47716 16.1859 16.62534 17.90514 18.43557 16.76586 15.73899 17.10884 16.95668 15.49249 16.04965 14.9127 12.01278 10.59571 10.52319 10.37398 12.18802 
  14.66406 15.02489 14.69929 14.20436 16.11202 16.47875 15.86754 15.7017 15.92836 17.26702 17.79468 16.18037 14.99702 16.65063 16.55453 15.32987 15.98002 15.25627 11.79166 11.27767 11.98397 12.31762 12.96294 
  14.26732 14.59353 14.55719 12.80998 15.29461 14.91512 14.03866 13.64384 13.93699 15.67174 16.38473 14.42389 12.51525 14.20491 14.21271 12.98224 14.0284 13.88402 10.08589 11.47973 12.18817 12.43023 12.81534 
  14.03588 14.40865 13.9888 12.04941 12.97862 12.72604 11.14295 10.87947 11.54504 13.33198 14.71841 13.39594 13.1931 13.08318 12.76416 12.71917 12.35396 11.31639 11.28625 12.08591 11.8426 11.56524 11.98507 
  13.87057 14.28766 13.06061 11.35658 11.11152 10.37048 9.560725 9.585755 9.34391 11.92688 13.71282 11.80842 10.96017 10.30127 10.52925 9.693935 9.702781 10.90883 10.14907 10.11582 10.28758 10.3583 10.73044 
  13.6722 13.92468 11.39862 10.70995 10.62539 9.14308 8.82612 9.121344 8.939621 10.73223 13.53225 11.59954 10.48168 9.673099 10.19815 8.657929 8.748917 10.29749 10.14907 9.989531 10.3347 10.90691 10.16831 
  13.54808 13.86418 11.30086 10.06331 9.874098 9.173764 9.249931 8.192521 7.502146 9.537579 11.22091 10.34623 10.24244 10.48075 10.81896 8.904742 8.900265 9.278586 9.531122 10.0653 10.24045 10.45235 10.5492 
  12.86542 13.07772 10.12769 8.908609 9.829905 8.95897 9.136915 8.424726 6.963093 9.754788 12.08766 10.88933 9.365216 9.448751 9.535952 8.229256 8.557209 9.360099 10.08589 9.733322 10.36611 10.6091 10.40813 
  11.1898 10.83933 9.443344 8.723856 9.432161 8.866915 8.374057 8.02666 6.693567 9.465176 11.22091 9.552475 8.727236 8.73084 9.287628 8.76185 8.930534 9.172701 9.706831 9.913757 10.17763 10.10812 10.47162 
  9.265951 10.05287 10.22546 8.031034 9.741517 8.652121 8.091516 9.121344 7.412304 9.501377 11.79874 10.51334 9.245595 8.103165 8.451946 8.948586 8.648018 8.836202 9.428102 9.745356 10.12968 10.02009 10.26706 
  8.272994 10.65784 9.736636 7.430588 8.592482 7.792941 8.289295 9.254032 7.457225 9.284168 11.04034 9.970243 8.966478 8.168097 9.012625 8.904742 9.749292 9.645391 9.92795 9.837985 10.39753 10.4837 10.73044 
  8.024755 9.931873 9.345581 6.645389 7.222478 7.639516 8.402311 7.263699 6.349216 9.284168 10.7153 9.092931 8.727236 7.930013 8.451946 8.255236 8.567299 9.096718 10.02271 9.691208 10.0338 10.43668 10.57036 
  6.349141 8.661435 8.074651 6.137319 7.355059 7.229992 6.829475 7.927143 6.82833 9.465176 10.64307 9.051154 7.744791 8.081521 9.329015 8.657929 8.819546 9.563879 9.73842 9.964272 10.17763 9.999771 10.50688 
  7.217978 9.629388 8.612351 5.342443 5.901929 7.547462 7.724215 7.462732 7.906436 9.066958 9.667975 8.84227 8.143909 8.319605 8.825732 8.476068 8.587479 9.118427 9.192627 9.715273 9.985852 10.70314 10.91495 
  6.783559 7.874974 6.455211 4.920165 6.006536 8.437325 8.854375 6.609468 7.951357 9.030757 9.77632 8.768121 8.143909 8.73084 8.662201 8.904742 8.44622 9.118427 9.612066 9.939015 9.81805 10.53072 10.9703 
  6.162961 8.177459 6.90085 6.645389 7.929577 7.731571 7.780723 7.396388 7.277541 8.487734 9.379058 8.137856 8.021104 8.955187 9.618726 9.123962 9.470221 9.194411 9.643655 9.775437 10.24045 10.23002 10.39403 
  6.349141 7.270004 7.439185 6.137319 7.134091 7.456756 7.090836 6.182146 6.327694 7.581448 9.064425 8.471525 9.285469 9.673099 9.494564 9.606247 9.377197 9.23783 9.706831 9.78747 10.30328 10.49937 11.0441 
  6.100902 6.72553 7.683595 6.087639 6.913123 6.957875 6.698795 6.701038 6.521391 7.707397 8.662248 8.434451 8.051805 8.427824 8.49867 8.566998 8.637928 8.955605 9.457536 9.751371 9.602305 10.02009 11.37621 
  5.508818 6.235233 6.35618 5.392123 6.529567 6.005466 7.134396 6.1211 6.220084 7.119632 7.902578 7.692962 7.437778 7.345626 8.872456 8.891752 8.890175 8.92304 9.251495 9.564864 10.24045 10.21647 10.67509 
  5.453887 5.536807 5.167809 5.342443 5.762454 5.189114 5.740472 6.029531 5.423772 7.077648 7.411027 6.877325 7.49918 7.562066 8.545393 8.865772 9.330685 9.319343 9.494329 9.492667 10.24045 10.27065 10.57742 
  5.61868 6.181508 5.761994 5.292763 6.355223 6.504346 6.176074 6.639992 6.693567 6.405916 6.338553 7.025622 7.069361 7.994945 8.148246 9.387027 9.191149 9.278586 9.464894 10.26736 9.889965 10.49937 10.76734 
  5.61868 5.321907 4.573623 5.690201 6.180879 6.141524 4.73859 6.182146 6.413782 7.287565 7.232282 6.469506 7.529881 8.492756 8.335138 8.073374 8.49667 9.278586 9.675243 9.582913 9.710178 10.43668 10.71199 
  4.959507 4.999556 4.524107 5.267923 5.553242 5.415878 6.480994 5.968485 6.026386 6.867732 6.606672 6.988548 7.560583 8.449469 8.522031 8.242246 8.405861 9.009879 9.706831 9.913757 10.24045 10.08781 10.33055 
  5.179231 4.945831 3.781375 5.094044 5.518373 4.780939 4.91283 5.968485 5.854211 6.573849 6.696045 6.914399 7.192166 7.670286 8.779009 8.579988 8.49667 8.94475 9.354516 9.757388 10.22475 10.22324 10.4434 
  4.959507 4.838381 3.781375 5.739881 6.14601 5.27982 4.91283 5.510639 6.263128 5.902117 6.964163 7.396367 7.867597 7.930013 8.545393 8.554008 9.051613 9.400854 9.582632 9.661126 10.22475 10.64044 11.0072 
  5.069369 4.08623 4.27653 5.466642 5.692717 5.551937 5.435552 5.907439 6.306172 6.993682 7.366341 7.136846 7.161465 7.58371 8.568754 8.450088 8.678288 9.150991 9.354516 9.812727 10.41324 10.59342 10.65664 
  2.927053 3.548979 5.019262 5.367283 5.58811 4.64488 4.95639 5.693777 6.564435 6.783765 6.740731 6.766101 6.762347 7.58371 8.171607 8.948586 9.423709 9.183556 9.675243 9.812727 9.937909 10.06749 11.09945 
  3.805952 4.784656 4.078468 4.820806 5.832191 5.325173 5.174191 5.449593 5.854211 6.573849 6.427926 6.469506 7.161465 8.016589 8.265054 8.68391 8.970894 9.226975 9.207344 9.522749 9.638263 10.67179 10.52804 
  4.465126 4.784656 3.83089 5.541162 5.483504 5.687995 5.348431 5.663254 5.316162 6.825748 6.561985 7.099771 7.621985 8.146453 8.80237 9.036274 8.839725 8.999024 9.833185 9.812727 9.973866 10.31128 10.40813 
  4.410194 5.214457 5.167809 5.9386 5.03021 5.642642 5.435552 6.334761 5.897255 6.154016 7.187595 6.84025 7.253569 8.103165 8.311777 8.333177 8.819546 9.172701 9.959538 9.72129 9.410532 10.08103 10.65664 
  4.300332 4.30113 4.722169 5.094044 4.681523 6.050818 6.568114 5.999008 6.607479 6.363933 6.830104 6.914399 7.437778 7.47549 7.751099 8.346167 8.658108 8.760218 9.376592 9.402422 9.973866 10.59342 10.28117 
  3.805952 3.226629 4.722169 5.367283 5.797323 5.143762 5.348431 5.571685 5.488338 6.993682 7.232282 7.544664 7.560583 8.276317 8.475308 8.605969 9.330685 9.44161 9.509047 10.14108 10.39753 10.59342 10.5492 
  2.212948 3.763879 5.068778 4.547567 5.03021 5.143762 5.391992 5.144362 5.682035 5.692201 7.455714 7.84126 8.174611 8.254673 8.545393 8.255236 8.839725 9.400854 9.643655 9.78747 10.44465 10.31128 10.26001 ]
