 [
  6.759268 4.326195 4.664568 5.2143 5.033264 6.114149 6.100312 6.104689 7.287196 6.582892 7.699332 7.530725 7.248905 7.882113 8.112326 8.440304 9.339235 9.472559 9.179384 10.12008 10.54634 10.6318 11.42962 
  6.227116 4.270932 5.081043 5.908258 6.228243 5.841587 5.349801 6.173127 7.039845 6.484434 6.921978 7.36997 7.553597 7.629046 8.498857 8.594702 8.726732 9.181528 9.762915 10.12008 10.3667 10.92039 11.67557 
  6.54551 3.607767 4.519576 5.122688 4.946821 5.061095 5.254676 5.401988 6.978007 6.287516 6.68527 6.989029 7.258734 8.572519 9.082722 9.089448 9.339235 9.345883 9.532045 9.801069 10.28504 10.56447 10.94565 
  6.474257 3.690663 4.712898 4.87839 5.280243 4.959926 5.665849 5.382768 5.500029 6.123417 6.866453 7.322352 7.7612 7.37598 8.628605 8.485715 8.869033 9.072304 9.481665 9.761127 9.733813 10.61256 11.1678 
  5.982965 3.524871 4.76123 5.557589 5.461123 4.285463 4.893198 5.344328 6.129941 6.913136 7.532756 7.147755 7.7612 7.92429 8.952974 8.531126 8.93471 9.615069 9.431285 10.01657 10.41569 10.42026 10.52864 
  5.459786 4.713041 4.930387 5.645257 5.267894 5.364604 5.665849 6.583753 5.807303 6.156237 6.838579 7.100137 7.494625 8.10108 8.386119 8.774981 8.836194 9.330049 9.511893 10.03728 9.990104 10.76648 10.78697 
  6.688015 4.353827 5.285693 5.366986 5.391384 5.432744 6.534776 6.515315 6.730657 6.517253 6.866453 7.81357 7.830601 7.861024 8.450541 8.712088 8.956602 9.868421 9.705197 9.835306 9.89153 10.5837 10.56424 
  6.192237 3.524871 4.712898 5.820591 6.019028 5.773447 5.665849 6.857503 6.483306 6.856934 6.169594 6.941412 7.6918 8.160009 8.498857 8.837874 9.102041 9.741745 9.330524 10.07868 10.30137 10.35686 10.92978 
  6.331752 5.008533 5.899642 5.092151 4.83568 4.774449 5.593438 6.378439 6.545144 6.238286 6.030222 7.587294 8.038802 7.92429 7.870743 8.649195 8.518754 9.741745 10.07074 9.789658 10.43203 10.49713 10.96945 
  6.54551 3.939349 4.519576 4.679899 5.20615 4.538387 4.874173 5.901711 6.391124 6.913136 6.518023 6.671579 7.6918 7.98322 7.870743 8.621948 9.237581 9.535896 9.782154 9.744008 10.06896 10.62218 10.77904 
  6.261994 4.105141 5.694992 6.258928 6.228243 4.89248 4.740997 5.84405 6.545144 6.090598 6.462275 6.401747 6.993357 7.333802 8.225064 8.067932 9.271465 9.393387 9.628241 9.789658 10.10839 10.37415 11.00119 
  6.296873 4.298563 4.978718 5.168494 4.83568 5.33088 5.593438 6.017031 7.101683 5.680352 6.030222 7.004902 7.013014 6.722226 8.337803 8.900768 9.000387 8.995846 9.209612 9.72689 10.12153 10.50675 11.15193 
  5.250515 4.353827 4.543741 5.000539 4.971519 5.061095 5.444927 5.690289 6.606982 6.800731 6.866453 7.926708 7.543768 7.629046 7.77411 8.095179 8.606323 9.061381 8.887178 9.527176 10.17072 10.65104 10.71557 
  5.076121 4.491986 3.625456 5.153225 5.53086 5.094819 5.026374 5.76717 5.914849 6.451614 7.033029 7.24299 7.969402 7.586869 8.498857 8.46755 9.034272 9.137838 9.685958 9.818188 10.12153 10.81458 10.5776 
  4.09952 2.944602 4.49541 4.710436 5.391384 5.314019 4.303419 6.104689 6.237487 6.800731 6.699207 6.86205 8.316405 8.160009 8.080114 8.167836 8.825248 9.235042 9.44136 9.863836 10.15439 10.10905 10.59095 
  4.692456 3.414344 3.939606 4.679899 5.329639 4.740726 5.216625 5.421208 5.930212 6.172647 6.754956 7.131882 7.13096 7.080736 8.563731 9.152341 9.576429 9.017691 9.666719 10.09938 10.35037 10.32805 10.70667 
  4.657578 4.657778 4.350418 4.405064 4.699841 4.993649 5.368826 5.690289 5.561483 5.581892 5.974473 7.587294 7.583084 7.629046 8.498857 8.900768 8.814301 8.504335 9.820632 10.22359 10.57901 10.6318 10.93772 
  5.564422 3.469608 4.350418 5.32118 5.53086 5.432744 5.463952 6.036251 6.007031 6.688325 7.310655 7.417587 7.7612 8.454659 8.693479 8.649195 9.203696 9.630903 9.310372 9.995873 10.677 10.56447 10.55089 
  4.518063 4.188036 4.253756 5.382255 5.809813 4.825033 5.349801 5.363548 5.622938 6.156237 7.421706 7.474156 7.969402 8.454659 8.823226 8.712088 9.203696 9.409221 9.724437 10.09938 10.38303 10.32805 10.92978 
  4.762214 4.436723 4.374583 4.725704 4.601049 4.639556 5.955491 5.555749 5.500029 6.632122 7.033029 7.474156 8.455206 7.92429 8.208959 8.900768 9.508659 9.504228 9.685958 10.16148 10.25238 10.60294 10.70667 
  4.762214 4.436723 4.543741 4.954733 5.1938 4.976788 4.398544 6.241564 6.145305 6.744528 7.144079 7.757001 8.247005 8.10108 8.24117 8.963661 8.989441 9.646738 9.481665 9.892367 9.950674 10.96849 11.15193 
  8.754345 7.175467 9.174039 10.72996 10.9007 10.33886 11.09664 12.12721 12.11053 12.53342 13.97368 14.60185 14.70126 15.74208 17.14903 17.19714 15.60731 13.63511 12.49158 12.29372 12.17948 13.13605 12.71147 
  13.17201 12.19882 11.22054 13.62298 15.56277 15.80725 15.74043 15.49971 16.16484 15.86463 19.0232 18.55055 17.82279 18.94765 20.78553 20.82256 19.83714 17.54313 15.9701 15.57264 15.64569 16.5605 16.27643 
  12.31698 12.98679 13.88098 13.79832 14.1784 14.86871 15.53668 14.79628 15.85766 15.97192 18.75025 18.18566 18.83596 18.94765 19.22703 19.543 19.3213 17.44292 16.46703 15.72417 16.27034 17.51174 17.34592 
  12.03197 13.08529 14.49493 14.14899 12.57442 14.01845 13.5586 14.87444 14.39852 15.11359 17.79494 18.30729 18.53201 18.76447 18.62095 18.97431 18.3928 17.0421 15.47317 15.47163 15.64569 16.27513 16.81118 
  13.02951 12.29731 12.96006 13.18464 11.59809 13.20076 13.26896 13.70127 14.55212 14.46984 16.56668 16.72611 16.91094 17.02431 16.8027 17.69475 16.43264 15.53902 14.19534 14.30993 14.39638 15.32389 15.0287 
  17.4023 17.82041 17.15538 16.8168 15.20709 14.55586 13.92066 13.49596 14.15117 15.65005 17.79494 17.9424 18.02542 17.20748 18.10145 18.05018 15.60731 14.83758 13.0595 13.19875 14.04936 15.03852 13.87008 
  18.52366 18.68664 19.55838 19.58749 17.45976 16.58937 15.70647 15.6951 16.77921 18.22505 20.79735 20.8615 20.9636 19.86353 20.69894 20.32495 16.32947 14.43676 13.91138 14.41095 15.7845 16.5605 14.58308 
  18.42616 19.0198 19.9484 20.36896 17.87472 17.37148 16.62337 16.32037 17.47038 19.19068 21.75267 21.7129 21.87545 20.7794 21.56478 20.75148 16.5358 14.63717 15.11822 15.11807 16.13153 17.51174 15.47432 
  18.23113 19.2197 19.98741 20.58209 18.05257 16.53723 16.929 16.8284 17.62397 19.72714 22.57151 22.32104 22.88861 21.23734 22.25744 21.178 16.5358 15.1382 14.97624 15.11807 16.61736 17.70198 16.00906 
  17.9386 19.2197 20.26042 20.86627 17.87472 16.3808 16.62337 16.86748 17.23999 19.51256 22.16209 21.83453 22.58466 20.7794 21.91111 20.68039 16.01997 14.73737 14.12435 14.41095 15.8539 16.75075 14.58308 
  17.84109 19.2197 20.41643 21.00835 17.75616 16.27652 16.41961 16.51577 16.70242 19.19068 21.34325 21.34801 22.1794 19.58876 19.91969 19.75626 14.88514 13.23429 13.62742 13.95637 15.50687 16.37025 14.40483 
  17.84109 19.28633 20.45543 21.0794 17.69688 16.17224 16.48753 16.39853 16.85601 20.04902 21.61619 21.22639 22.28071 19.49718 20.69894 20.18278 15.40097 13.63511 13.62742 14.41095 15.29866 15.22877 13.87008 
  17.79234 19.35297 20.53343 21.0794 17.51904 15.80725 16.31773 16.47669 17.39359 20.15631 21.0703 20.8615 22.1794 19.03924 20.61236 19.61409 15.50414 13.83553 13.55643 14.36044 15.57628 15.32389 12.4441 
  17.74359 19.38628 20.53343 20.93731 17.28192 15.75511 16.38565 16.39853 17.54718 20.2636 20.38793 20.49661 21.5715 18.94765 20.78553 19.40083 14.57564 13.13409 13.27247 14.61298 15.99271 16.08488 12.71147 
  17.64607 19.4196 20.41643 20.58209 16.86695 15.85939 16.38565 16.20313 17.85436 20.58547 19.15967 19.52358 20.55833 18.5813 20.26603 19.18757 14.36931 13.23429 13.62742 14.96654 15.71509 15.70439 13.24621 
  17.49981 19.38628 20.22142 20.15583 16.57055 16.01581 16.04606 16.04682 18.77592 20.47818 17.93141 18.91543 20.3557 18.03177 19.57336 18.90322 14.57564 12.63306 13.55643 14.86552 15.92331 15.51414 12.62235 
  17.35354 19.31965 20.06541 19.72957 16.21486 15.80725 15.77439 16.20313 18.92951 19.08339 16.83962 18.18566 19.64649 17.48225 18.96728 18.40561 14.47248 12.43265 13.27247 14.86552 15.8539 15.13365 12.62235 
  17.20728 19.2197 19.9484 19.51644 15.91846 15.70297 15.19709 16.59393 19.2367 18.01047 15.47489 17.45588 18.93727 16.84113 18.8807 17.97909 13.85348 12.43265 12.70455 14.46146 15.02103 13.99216 12.35497 
  17.01226 19.08644 19.79239 19.16123 15.62205 15.4944 15.16313 16.78932 18.62233 16.83026 14.929 16.60448 18.32937 16.29161 18.18803 17.19714 13.54398 11.73121 12.56257 13.85536 13.97995 12.47018 12.35497 
  16.81724 18.91985 19.63639 18.87705 15.44421 15.18155 15.12917 16.98472 17.1632 15.22088 13.97368 15.38819 17.01226 15.46732 17.40878 16.69953 13.33764 11.23018 11.99465 12.99671 12.66124 11.10316 11.19954 
  16.57347 18.68664 19.55838 18.59288 15.14781 14.76443 15.16313 17.25828 16.70242 13.82609 12.9187 14.65842 16.50568 14.46551 16.34858 15.63035 12.25333 10.34345 9.897589 11.61058 12.04883 11.59376 11.72317 
  16.23218 18.35347 19.48038 18.23767 14.8514 14.24301 14.92542 16.90656 15.62727 12.64583 11.64162 13.13106 14.97886 12.8744 15.11598 14.49827 10.93182 9.44089 10.66715 12.50073 12.24481 11.70919 11.73111 
  15.93965 18.02031 19.28537 17.81141 14.61428 14.08659 14.95938 15.77326 13.78015 11.35316 10.08692 11.038 12.75805 10.57614 13.23464 13.68066 10.32189 9.852586 11.53291 12.54214 11.39558 11.06468 11.33441 
  15.69588 17.62051 18.97335 17.17202 14.31788 13.95031 14.78958 14.6594 12.17237 10.1729 8.865362 9.227795 11.64763 10.694 12.97515 13.80644 10.96571 9.900089 10.37857 11.15515 10.46469 10.46636 10.89805 
  15.4521 17.32066 18.50533 16.60367 14.24814 13.88217 14.71717 13.90659 11.18297 9.386062 8.754312 9.227795 10.81483 9.751117 12.06691 12.73726 10.42355 9.710075 10.51324 11.07234 10.35037 10.67028 10.97739 
  15.23834 17.02517 18.07631 16.42834 14.03892 13.81403 14.57235 13.15377 10.99745 9.442265 8.809836 9.454071 10.81483 10.04577 11.67767 12.3599 9.949162 9.472559 10.1477 11.05164 10.20339 10.56447 11.32648 
  14.81083 16.63118 17.25771 16.253 13.20207 13.2689 14.06548 12.33252 10.06989 8.824033 8.365635 9.227795 10.60663 10.16363 11.80742 12.67436 9.847507 9.061381 9.955306 11.11374 10.41569 10.66066 11.10433 
  14.59707 16.2372 16.54143 15.46399 12.7139 12.65564 13.34137 11.64814 8.956812 8.318208 8.032483 7.700432 10.05142 9.397537 11.15868 11.79386 9.711968 9.203373 9.628241 10.16148 10.25238 10.52599 10.92185 
  14.52582 15.9417 15.92748 14.85032 11.45861 12.11052 12.47244 10.55314 8.894974 7.306556 7.144079 7.926708 9.704417 9.338608 10.05583 11.03914 10.38966 9.181528 9.878349 10.4099 10.33404 10.53561 10.79491 
  14.38331 15.35072 15.41586 13.79832 12.29547 12.72378 12.90691 11.51127 8.585786 7.924788 7.477231 7.926708 9.704417 9.397537 9.342216 10.85046 9.542544 9.137838 9.380905 9.892367 10.3667 10.64142 10.96945 
  14.52582 14.16876 13.77866 13.00931 10.41254 11.56539 12.61727 11.10064 9.822538 8.599221 8.476686 8.152985 8.87161 7.629046 9.536838 10.59889 9.678083 9.535896 9.44136 10.05798 10.26871 10.12634 10.79491 
  13.95579 12.6913 11.93681 12.2203 10.55201 11.02027 12.03798 12.53783 12.23421 11.07215 11.25295 12.28252 11.50883 9.927907 10.70457 11.66807 10.99959 10.43846 10.12846 9.892367 10.85664 10.75686 10.51083 
  13.17201 12.39581 10.09496 10.90529 9.505939 9.861877 11.67593 11.85346 10.87378 10.1729 10.08692 11.038 10.25962 8.985028 9.731459 10.41021 9.745853 9.805082 9.628241 10.01657 10.30137 10.30499 10.89805 
  11.74696 11.11535 9.378689 7.047934 7.832222 9.725597 10.95182 11.44283 10.68826 9.498466 9.031938 8.492398 8.385806 8.631449 9.861207 9.71838 8.453076 8.930311 9.521969 9.995873 9.858673 10.15515 10.85838 
  10.1794 9.736391 8.048465 7.749272 8.390127 9.998159 10.30013 10.07408 10.56459 10.0605 8.643261 7.81357 8.455206 8.3368 8.693479 8.431221 9.237581 9.266711 9.609002 9.892367 10.20339 10.20126 10.70222 
  12.45949 11.60783 8.764739 8.187609 7.692745 9.930018 9.938074 9.389699 10.31724 9.273656 8.032483 8.266122 7.622399 8.160009 8.498857 8.485715 9.000387 8.995846 9.491741 10.01657 10.20339 10.57409 10.81871 
  10.74942 9.933385 10.29961 8.45061 7.692745 10.13444 10.01048 9.800325 9.451513 8.76783 7.810382 8.548967 8.177604 8.572519 9.277343 9.5297 8.890925 9.314214 9.380905 9.607061 10.18705 10.29923 10.55534 
  10.46441 8.948414 8.253115 7.749272 6.786149 9.521175 9.4312 9.252823 9.575188 8.486816 8.365635 8.775243 8.385806 8.690379 8.758352 8.712088 9.102041 9.488394 9.411133 10.24429 10.33404 10.65104 10.77904 
  9.894388 7.667953 6.820566 7.223268 7.204578 7.953943 7.765756 7.405005 9.080487 9.16125 8.032483 8.548967 7.969402 8.21894 8.8881 8.640113 9.407005 8.930311 9.897589 9.669828 9.97696 10.28194 10.81078 
  9.68063 7.569456 5.285693 6.872599 7.971699 7.272538 6.969239 7.131254 8.956812 9.442265 7.088554 7.870139 8.177604 7.92429 8.758352 8.549291 9.203696 9.472559 9.839871 9.975173 9.97696 10.50675 10.75524 
  8.825598 8.357432 7.025216 6.697264 7.274316 8.022083 8.34504 7.678756 8.338435 7.868585 6.838579 8.209553 7.53394 8.277869 8.693479 8.774981 9.068157 9.282545 9.64748 10.09938 10.3667 10.29923 10.81871 
  7.543048 7.175467 7.025216 6.872599 6.158504 8.226505 8.562272 7.473443 8.709461 8.655424 7.754857 8.548967 8.038802 8.160009 7.468106 9.026554 9.915277 9.599235 9.551285 9.975173 10.53001 10.67028 10.55979 
  7.685554 7.864947 6.718241 5.732924 5.600599 6.046009 6.969239 7.405005 7.720059 8.093396 7.25513 7.417587 8.247005 8.395729 8.370013 8.963661 9.135926 9.599235 9.762915 10.03728 10.13468 10.59332 10.89011 
  8.041817 6.288994 5.183368 6.697264 5.740075 6.659273 5.521028 7.26813 8.400273 8.430613 7.144079 7.258862 7.6918 7.861024 9.212469 9.089448 9.068157 9.028614 9.570523 9.612767 10.26871 10.55485 10.62655 
  7.32929 6.387491 5.694992 6.17126 5.53086 6.454852 7.331292 8.294696 9.822538 9.891887 8.976412 8.266122 7.406166 8.04215 8.8881 8.440304 8.956602 9.963428 9.64748 10.30639 10.51368 10.64142 10.48413 
  5.703937 5.993503 5.081043 5.557589 5.809813 6.386711 6.462365 8.089382 10.00805 10.1167 9.309564 8.039846 7.278391 7.818846 9.082722 9.089448 8.84714 9.017691 9.609002 9.93377 10.39936 10.62218 10.87425 
  6.688015 6.879976 6.411266 4.970002 5.280243 5.773447 5.521028 5.901711 6.345033 6.435204 7.144079 7.530725 7.6918 8.04215 8.628605 8.900768 9.169811 9.345883 9.724437 10.05798 10.02296 10.47789 11.08846 
  6.54551 6.682982 4.978718 4.939465 5.670337 6.114149 5.064424 5.382768 6.483306 6.688325 6.810704 7.587294 7.13096 7.671224 7.935165 8.567454 9.203696 8.941234 9.609002 9.954472 9.937531 10.49713 10.87425 
  7.044279 7.470959 6.104292 5.995926 5.366686 5.162265 5.521028 5.171347 5.607574 6.566483 6.601646 7.417587 7.170275 6.574604 8.27338 8.249577 8.573484 8.755552 9.481665 9.721184 10.21972 10.18397 10.45743 
  6.688015 5.205526 6.001967 5.557589 5.461123 4.470941 4.588796 4.959926 5.761212 5.992138 6.267154 7.290607 8.038802 7.98322 8.628605 8.712088 9.271465 9.567566 9.685958 10.4099 10.23605 10.33957 10.49303 
  6.157359 6.092 6.820566 5.908258 5.329639 5.145403 4.721972 4.806165 6.283578 6.402384 6.420463 7.306479 7.357022 7.73449 8.27338 8.900768 8.551593 9.219208 9.878349 9.975173 10.13468 10.26465 10.47968 
  7.400543 7.175467 6.513591 4.939465 5.267894 6.386711 6.027902 6.446877 6.360397 6.632122 6.53196 7.227117 7.101473 7.333802 8.047904 8.195084 8.299829 9.266711 9.532045 9.675535 10.12811 10.59332 10.43072 
  7.400543 6.485988 6.104292 6.346595 5.230847 5.773447 5.955491 4.979146 6.978007 6.744528 7.088554 7.417587 7.465138 7.755579 8.758352 9.152341 8.93471 9.393387 9.310372 9.584237 9.799529 10.56447 10.59985 
  6.157359 5.501018 3.432133 5.908258 4.922123 5.432744 5.738259 5.978591 6.545144 6.418794 6.573772 7.700432 7.573255 8.513589 8.693479 8.594702 8.84714 8.963078 9.609002 9.59565 10.21972 10.31076 10.67106 
  6.331752 6.092 4.205425 5.382255 5.20615 4.639556 5.102475 6.310002 6.237487 6.008548 6.406526 7.131882 7.071987 8.395729 8.321697 8.50388 9.271465 9.361717 9.411133 9.55 9.84553 10.49713 10.91392 
  5.529543 5.993503 4.422914 5.000539 5.879552 5.705306 5.502003 6.241564 6.545144 6.969339 6.810704 7.587294 7.900002 7.92429 7.758005 8.712088 9.237581 9.039536 9.724437 9.954472 10.11496 10.47213 11.17573 ]
