 [
  5.811481 6.133722 5.699026 6.830415 7.33999 6.513298 6.773624 6.477348 7.480125 7.899735 8.390129 8.479501 8.080824 8.59113 8.859621 8.565142 8.619841 9.350423 9.813147 9.799599 10.13804 10.68432 10.84383 
  5.40892 5.352781 5.620146 6.501489 7.122041 7.00799 6.967015 7.536548 8.449998 7.997317 8.674206 9.030425 8.131408 7.760015 8.336332 8.641634 9.015299 9.589051 9.588662 10.24147 10.3193 10.29475 10.95059 
  6.865016 6.891194 5.225744 7.093556 6.849605 6.648214 6.918668 7.165828 7.25192 8.631603 9.242358 9.259977 7.659645 7.924494 8.201078 8.477722 8.918631 9.610674 9.530039 9.946071 10.30659 10.72003 10.99635 
  7.075722 5.881232 6.803352 6.698844 6.195758 7.187878 7.885624 7.218788 6.852561 8.485229 9.052974 9.076336 8.89016 7.936243 8.671062 8.838328 8.66378 9.175884 9.588662 9.991516 10.4845 10.31911 10.81333 
  6.16266 6.638703 6.172309 7.488268 6.849605 7.142906 7.208755 7.059908 7.25192 9.461054 10.28397 8.754963 8.232574 8.318033 8.906761 9.367496 9.366762 9.190429 9.700904 10.35508 10.49721 10.35157 10.70611 
  6.16266 5.723021 6.251189 7.093556 7.503451 6.738158 7.643885 7.589508 7.822433 9.558636 10.42601 9.351798 8.536076 8.818712 8.812481 9.511815 9.103178 9.175884 9.291286 10.01424 10.43367 10.46521 10.74309 
  5.811481 6.807031 5.146863 7.225127 7.013066 6.963018 8.900928 8.225027 8.906408 9.607428 10.42601 9.948633 9.193661 8.454582 8.396444 9.367496 9.442073 9.610674 9.34193 10.03696 10.22205 10.80929 10.69687 
  6.443602 7.480339 7.276635 7.619839 8.10281 7.502682 7.498841 8.701668 9.305767 9.363471 10.04724 9.443619 9.092494 8.95526 8.812481 9.31939 9.024086 8.768625 10.03763 10.10513 10.637 10.98782 10.81333 
  6.79478 6.470376 5.067983 6.633059 7.884861 8.222234 8.41745 7.907268 9.134613 10.68083 11.37293 10.36183 9.446579 9.228358 9.189598 10.42583 10.08221 9.718787 9.678456 9.991516 10.25576 10.91641 11.05735 
  5.881717 5.760044 6.961113 8.146121 8.10281 8.626982 9.191015 9.019427 9.248716 10.77842 10.71009 9.902722 9.446579 9.31939 9.943832 9.656134 9.592692 9.999883 9.76825 9.533285 10.35742 10.70218 10.6599 
  6.443602 6.891194 7.039994 8.146121 8.702169 8.626982 9.142667 9.231267 10.33269 10.92479 11.1362 10.45365 9.699496 9.182842 8.812481 9.944771 10.04455 9.524183 9.700904 9.546601 10.02604 10.845 10.55822 
  6.654309 8.153647 7.907679 7.817195 8.702169 8.626982 9.529449 9.072388 9.990383 10.53446 11.46762 10.86684 9.244245 10.1842 10.08525 11.05121 10.23283 9.8269 9.835595 9.919439 10.33201 10.25417 10.6599 
  6.513837 7.901157 7.039994 7.093556 8.429733 8.267205 8.41745 8.383907 9.41987 10.58325 11.32559 10.82093 9.901831 9.501455 9.425297 10.81068 10.15752 10.08637 9.745801 9.400129 10.34471 10.75574 10.84383 
  7.356665 8.237811 7.434396 8.343477 9.846399 8.851841 8.41745 8.701668 9.705127 10.72962 11.23089 10.22409 10.20533 9.865585 9.331017 10.47394 10.4211 10.06475 9.813147 10.1733 10.35742 10.57721 10.75233 
  6.373366 7.312012 7.118874 8.014551 9.573964 8.537037 9.191015 8.913507 9.362819 10.77842 11.65701 10.36183 9.547746 9.956618 9.378157 10.32962 10.27048 9.97826 9.947838 9.968794 9.900034 10.5058 10.56747 
  6.865016 7.227849 6.724472 7.948766 8.10281 7.142906 9.28771 9.972707 8.96346 9.948965 11.37293 10.27001 9.395995 9.455939 9.472437 10.23341 9.931587 9.502561 9.633559 9.706389 10.21505 10.18112 10.69687 
  6.232895 7.227849 5.462385 6.172562 6.958579 7.412738 7.885624 8.172068 8.678204 9.265888 9.384397 9.810902 9.547746 9.228358 8.765342 9.944771 9.329107 9.610674 9.41428 10.30964 10.44638 10.59506 10.61368 
  6.232895 7.648666 6.251189 7.75141 7.557938 7.68257 8.85258 8.119107 8.221792 9.461054 9.668473 8.984515 9.04191 8.500098 8.812481 8.816473 9.076815 9.219519 9.327461 9.599864 10.26847 10.07559 10.74309 
  6.303131 6.975358 6.33007 7.356698 8.538708 7.052962 7.933972 7.430628 8.10769 9.363471 10.37866 8.754963 8.788993 8.636647 8.561755 8.934541 9.592692 9.567429 9.566214 9.991516 10.24305 11.09494 11.14886 
  6.443602 7.564503 5.777906 6.633059 7.176528 7.412738 7.98232 7.059908 7.080766 8.53402 8.768898 7.312003 7.609127 8.112471 8.812481 8.982647 9.178488 9.8269 9.678456 9.879493 10.39555 10.52365 11.20986 
  5.598361 6.55454 5.935668 7.159342 6.086784 6.963018 7.740581 6.246366 7.137817 8.777977 9.147666 7.295759 7.979657 8.112471 8.471586 8.390303 8.751659 9.321333 9.508334 10.30964 10.14505 10.77359 11.13361 
  5.45628 5.500877 4.888714 4.421793 4.764908 6.378382 7.208755 7.112868 7.194869 8.338856 9.573781 8.892694 8.637242 8.909744 9.566715 9.992877 10.30814 10.3026 10.89067 11.33217 11.85697 11.8626 12.23168 
  4.509077 5.537901 4.619811 5.416235 5.361626 6.018606 6.000059 6.093222 6.56185 7.26545 8.390129 7.974487 7.693324 8.227 8.812481 9.31939 9.743312 9.8269 10.46415 10.7641 11.34865 11.43414 11.56064 
  4.651157 4.130993 3.574077 4.896413 5.242282 4.555701 4.635088 6.054935 6.358353 6.034854 7.200738 7.117082 7.339699 7.889249 8.276219 8.510505 8.971358 9.321333 9.262346 9.51997 9.82303 10.66647 10.87434 
  4.793238 3.464563 4.769202 5.551841 5.540641 5.929324 4.440092 5.538074 6.212997 6.619387 7.050297 7.58814 7.642806 7.513295 7.720175 8.237318 8.944995 9.718787 9.566214 9.786283 10.13804 10.2217 10.74309 
  7.286429 5.797068 4.828958 6.238348 5.659985 5.286823 5.098203 5.786934 5.776931 6.742447 7.200738 7.295759 7.423895 7.889249 8.110909 8.886435 9.329107 9.697165 9.44322 9.453392 10.43367 10.64862 10.78283 
  5.811481 5.760044 5.225744 6.633059 6.086784 6.423354 5.975685 6.477348 6.445566 6.188679 6.918661 7.458193 7.929073 8.135968 8.411473 8.368448 8.980146 9.248609 9.835595 9.991516 10.13104 10.55936 11.0726 
  5.40892 7.98532 8.854244 8.73819 8.647682 7.45771 9.045972 8.225027 7.594228 8.0949 8.958282 10.08636 9.952414 10.4573 9.708135 10.37773 10.64703 10.69181 10.59884 10.7641 10.25576 10.33534 10.79808 
  5.669401 9.247774 9.406406 10.44861 9.682939 8.447093 9.384406 9.496067 9.819229 10.19292 10.33132 10.86684 11.87459 12.27795 10.74521 11.48417 12.52978 13.15959 13.31247 12.33198 11.48844 11.54125 11.63689 
  6.584073 9.500264 9.327526 10.31704 10.50025 10.42586 10.30301 10.13159 10.675 10.92479 11.18355 11.78505 11.36875 11.8683 11.82942 12.83114 14.07612 14.82943 15.05818 13.95583 12.94707 13.05386 12.70446 
  6.935251 9.247774 9.012005 9.98811 10.39127 9.301561 11.02823 11.61447 11.13141 12.63248 12.84066 12.38188 12.22867 12.59656 13.05505 14.22622 15.83683 16.49926 16.80389 15.49755 14.34769 14.4561 14.65144 
  6.232895 8.826956 8.933125 10.38282 10.39127 9.751281 9.432755 10.66119 11.07436 11.46149 12.79332 12.51961 12.78509 13.41585 13.24361 14.99592 17.59755 19.12329 18.30021 16.7089 15.31734 15.24485 15.52758 
  6.373366 7.648666 8.38096 9.527613 9.737426 10.29095 9.916232 10.76711 12.15833 12.92523 12.9827 12.65734 13.49326 13.91653 14.4221 16.28696 16.98513 19.71966 18.92368 18.36074 16.50248 16.12125 16.40372 
  7.497136 7.901157 7.986559 9.659184 9.900887 10.201 10.83484 11.72039 11.87308 13.02281 13.55085 13.25418 13.39209 13.96205 14.61066 16.12558 17.21479 19.00402 19.29776 18.47086 16.93343 16.55945 16.79311 
  7.91855 8.069484 7.355515 10.25125 10.50025 11.46022 11.26997 11.82631 11.53077 11.9982 12.65128 13.62958 14.04968 14.51774 14.87974 16.04489 16.75547 19.24257 20.17061 19.02147 17.47213 17.61112 17.86395 
  6.373366 8.658628 8.854244 9.922325 11.04512 11.41524 12.18858 11.61447 11.35962 12.33973 12.84066 14.32917 14.73984 15.07343 15.86637 16.36765 17.67411 19.24257 20.29531 19.46196 18.22631 17.61112 18.15599 
  7.075722 8.153647 9.485287 10.0539 10.77268 11.46022 11.8018 11.66743 12.04423 13.41314 13.78758 13.92941 13.74618 14.96229 15.05913 16.36765 18.20998 19.36184 19.92122 19.79233 18.22631 17.87404 18.35069 
  7.567371 8.574465 10.66849 10.97489 10.99063 11.19038 11.94684 12.56775 13.0141 13.51072 14.61087 14.32917 14.62781 15.96253 16.04576 17.01318 18.43964 19.36184 20.17061 19.68221 18.33405 18.31224 18.83743 
  8.059021 8.911119 8.696483 10.9091 11.15409 11.73005 12.04354 12.77958 12.32949 13.65872 14.74809 15.22865 15.29996 16.07367 15.77668 17.33594 18.36308 19.48112 20.29531 19.79233 18.65726 18.13696 18.74009 
  8.410198 9.16361 10.66849 11.89588 11.04512 11.73005 12.92796 12.67367 12.21538 14.25073 15.57138 15.8283 15.41198 16.40708 16.04576 16.8518 18.28653 18.88474 18.79898 18.58098 17.57987 17.87404 18.25334 
  13.32669 14.0451 13.90259 13.40895 13.58263 12.34201 12.6815 13.15025 12.9 14.25073 14.8853 14.92882 14.35318 15.62912 15.23851 16.7711 17.59755 18.04983 16.5545 15.82792 15.10186 15.06958 15.52758 
  16.8917 17.93757 18.18161 18.94423 17.2798 15.55484 15.26933 15.16171 16.62985 18.69076 17.6296 15.8283 16.19615 16.40708 16.67362 16.28696 15.37752 14.71015 15.05818 14.39632 13.05481 13.1415 13.97 
  17.44621 18.21109 19.1654 20.75218 19.94176 17.39074 16.62487 16.96144 17.92101 20.02277 19.13896 16.72777 18.43664 18.5187 18.82627 17.98146 15.83683 12.80177 13.68655 13.73559 12.30064 13.05386 14.55409 
  17.44621 18.38203 19.29657 20.52619 21.12485 18.0027 18.10363 17.80837 18.56658 20.76278 20.09946 17.72719 19.66891 19.63008 19.9026 19.19181 16.37271 12.2054 12.689 13.18497 11.65364 13.75498 14.84614 
  17.40356 18.68974 19.29657 21.09117 21.86429 19.37963 18.84301 18.23183 19.10457 21.35478 20.92275 18.62667 20.45308 20.07463 19.9026 19.2725 16.29615 12.92104 13.43716 14.39632 12.51612 14.0179 15.33288 
  17.44621 18.72393 19.1654 21.31717 22.16006 20.60356 18.59655 18.3377 19.21216 21.79879 21.74604 18.82655 20.90118 20.63032 19.63352 19.2725 17.44445 12.92104 14.6841 15.60767 13.48577 14.28082 15.13818 
  17.48886 18.72393 19.03422 21.09117 22.01217 21.06253 18.84301 19.07876 19.64255 22.24279 22.02047 19.32626 21.0132 20.40804 19.27474 18.94974 17.521 13.39814 14.43471 15.2773 13.37803 13.66734 14.65144 
  17.48886 18.72393 19.03422 20.75218 21.86429 21.36852 19.58239 19.60809 19.96534 22.68679 22.2949 19.72602 21.34928 20.8526 20.26137 20.0794 18.74585 14.35233 14.93349 15.60767 12.83933 13.93026 15.52758 
  17.48886 18.68974 19.03422 20.52619 21.86429 21.36852 19.82885 19.71396 20.18053 22.83479 22.43212 19.82596 21.4613 20.96373 19.8129 19.35319 17.59755 13.27886 13.43716 14.06595 11.86968 14.19318 15.62493 
  17.48886 18.65555 18.96864 20.52619 21.86429 21.36852 19.95208 19.71396 20.28813 22.68679 22.15769 19.4262 21.12523 20.96373 19.63352 18.94974 16.14305 13.27886 13.81124 14.06595 11.80614 13.40442 14.74879 
  17.48886 18.62136 18.96864 20.52619 21.86429 21.21552 19.70562 19.50223 20.18053 22.09479 21.3344 19.22631 20.90118 20.51918 18.64688 18.22353 15.91339 12.03241 14.06063 14.39632 11.50115 13.75498 15.13818 
  17.48886 18.62136 18.90305 20.63919 21.7164 21.06253 19.45916 19.39636 20.50332 21.94679 20.37389 19.12637 20.56511 19.96349 18.91597 18.30422 16.14305 12.80177 13.68655 14.2862 12.30064 14.10554 15.52758 
  17.48886 18.58717 18.90305 20.86518 21.56851 20.60356 18.96624 19.18463 20.82611 21.94679 19.41339 18.72661 20.56511 19.85235 18.3778 17.57801 15.22441 11.31887 13.18778 14.17608 12.40838 13.49206 14.84614 
  17.40356 18.51879 18.77188 20.97818 21.42063 19.99159 18.22686 18.76116 20.93371 21.20678 18.72732 17.92707 20.11701 19.29667 17.92933 16.20627 12.26619 10.4972 12.26003 13.95583 12.51612 13.1415 14.1647 
  16.8917 18.07433 18.37837 20.0742 19.79387 18.30868 17.48748 18.3377 19.85774 19.13477 17.21795 17.12754 18.88474 17.51846 17.30148 16.20627 12.90633 12.80177 12.93839 13.2951 12.62386 12.43389 12.4452 
  15.99596 17.39054 17.52576 17.24928 15.94882 15.70783 15.63903 17.27904 17.59822 15.28674 14.33644 14.72894 15.97211 14.18432 14.61066 14.32243 13.92301 13.99451 13.68655 13.95583 13.16255 12.87859 13.19121 
  15.52676 17.15122 16.93549 15.78032 14.02629 14.02492 14.40672 16.32624 16.09187 13.80673 13.78758 14.22923 14.85186 13.32482 13.9507 13.69705 12.52978 12.92104 12.34982 12.85461 11.75531 11.80905 12.5062 
  15.3988 17.08284 16.93549 15.78032 13.8784 13.71894 14.03703 15.90277 15.76908 13.95473 13.78758 13.82947 14.73984 12.96069 12.72507 12.68682 12.26619 12.32467 11.76616 12.26381 12.08516 12.55886 12.59771 
  15.44145 17.18541 17.26341 16.45831 14.61784 14.17791 14.52995 16.11451 16.52225 14.69473 14.47366 14.22923 15.41198 13.8255 12.81935 12.83114 12.6804 12.44394 12.12534 12.40015 11.86968 12.21966 12.70446 
  15.61207 17.35636 17.72251 17.47528 15.80093 14.94287 15.02287 16.11451 17.59822 15.73074 14.8853 14.42912 15.41198 13.96205 13.29075 13.3122 12.30385 11.75132 12.43962 12.44559 11.67906 11.89831 11.80465 
  16.08127 17.49311 17.72251 18.60524 17.87134 16.31979 15.76226 15.79691 18.0286 17.50675 14.8853 13.48373 14.40376 13.73447 15.14882 14.46675 12.71805 11.31887 11.47433 11.78663 10.59888 10.98782 11.49963 
  16.25189 17.62987 17.59134 19.05723 19.05444 17.08475 16.37841 16.00864 17.81341 18.24676 15.98302 14.12929 14.85186 14.62887 16.31484 16.20627 14.07612 11.62158 11.60902 12.17292 10.99282 11.57696 12.00292 
  16.29454 17.69825 17.52576 18.60524 18.75867 16.93176 16.13195 16.22037 16.62985 17.65475 15.70859 13.52964 15.41198 15.74025 17.30148 17.09386 14.76509 11.4486 11.09271 11.46851 11.43761 12.96623 12.89916 
  16.12392 17.62987 17.39459 18.15326 18.315 16.1668 15.5158 15.90277 15.66148 17.21075 15.02252 13.11645 15.41198 15.62912 17.21178 17.01318 14.45888 10.95128 11.16005 12.17292 11.97742 12.30892 11.86566 
  15.78269 17.25379 16.60756 17.24928 16.98402 14.94287 14.40672 15.05584 14.9083 15.28674 12.9827 13.02463 14.51579 14.74001 16.853 16.44834 13.4335 10.38909 10.14987 11.264 11.55198 11.29132 11.20986 
  15.44145 16.8777 15.88612 14.87635 13.8784 12.49501 12.92796 13.78545 14.15513 12.04699 11.60966 12.93281 13.69559 13.14276 13.24361 12.92735 10.83531 9.502561 9.678456 10.10513 10.38284 10.57721 10.96584 
  15.14287 16.91189 15.82053 14.87635 13.28685 11.55016 11.8018 13.15025 14.37032 12.29094 11.08886 12.24415 13.59443 12.96069 11.35802 10.85879 10.11986 9.437693 9.880492 10.26419 10.29388 10.30287 10.71536 
  14.97226 16.74095 15.55819 14.65036 12.84319 11.37027 11.75345 13.04438 14.26273 12.58369 11.56232 13.30009 13.39209 12.18691 9.755274 10.32962 10.11986 9.437693 10.12743 10.19602 10.08204 10.57721 10.76758 
  14.80164 16.57 15.16468 14.19837 12.29832 11.0105 11.36667 12.56775 14.15513 12.87644 11.70436 13.346 13.39209 12.46001 9.378157 9.078859 9.076815 9.502561 9.813147 10.03696 10.01904 10.24605 10.46579 
  14.59093 16.31751 14.61252 13.6063 11.37204 10.56078 11.12493 11.98519 13.35641 12.14457 11.18355 13.25418 13.18976 12.59656 10.98091 10.85879 10.57172 9.697165 9.745801 10.15058 10.42096 10.23794 10.67838 
  14.59093 16.14919 14.06035 12.94845 10.77268 9.796253 10.01293 11.45559 12.38654 11.36391 10.42601 12.42779 12.32984 11.82278 10.22667 11.00311 10.72234 9.480938 9.902941 10.40053 10.33201 10.52365 11.02685 
  14.7314 15.56004 14.37587 12.55374 11.04512 10.24597 9.336059 11.13783 11.93013 11.07116 10.80478 12.06051 11.92517 11.32211 9.519576 10.42583 9.893932 9.364968 9.633559 10.30964 10.34471 10.59506 10.3179 
  14.59093 15.39171 13.50819 11.23803 10.06435 9.751281 10.30301 10.97895 11.58782 11.07116 11.08886 12.38188 11.77342 11.00349 9.755274 10.37773 10.19517 9.502561 9.269582 9.759651 9.795029 10.24605 10.62293 
  14.59093 14.0451 12.32498 10.11968 9.247041 8.716925 9.045972 10.13159 11.07436 11.07116 10.09459 11.69323 11.01467 9.455939 9.142459 10.1372 10.27048 9.632297 9.551744 10.21875 10.24305 10.55936 10.61368 
  13.7481 12.53015 10.11633 8.080336 6.849605 6.78313 6.87032 7.112868 8.10769 8.973142 9.147666 10.49956 9.497162 9.911102 8.35136 9.126966 9.366762 9.059525 9.611111 9.946071 10.20805 10.5415 10.81333 
  12.48386 11.2677 8.538722 6.830415 6.141272 5.862858 6.676929 6.169794 8.10769 9.607428 8.768898 9.168157 8.788993 8.636647 8.623922 8.982647 8.769236 9.379513 9.298521 10.1733 10.3193 10.64862 10.7246 
  10.72797 9.668591 7.039994 4.602601 4.884252 5.220357 5.512569 6.795108 7.879485 8.53402 7.916668 9.214067 8.89016 7.947991 8.381416 8.761836 9.140833 8.783171 9.392575 10.12785 10.54804 10.31911 11.0116 
  8.339963 7.816993 5.383504 5.664845 5.003595 5.176047 4.976331 6.150651 7.137817 8.338856 8.153399 8.525412 8.637242 8.363549 8.231134 8.554214 9.178488 9.292243 9.537273 10.15058 10.33201 10.61291 10.98109 
  5.29052 4.797423 4.530177 5.77785 5.391461 6.198494 5.46382 6.477348 7.080766 8.338856 7.821976 8.34177 7.844877 8.006734 8.718203 8.346593 9.041662 9.459315 9.790698 10.1733 10.19405 10.68432 10.98109 
  7.497136 8.321975 8.775363 9.00133 9.083579 8.896813 9.094319 9.231267 8.96346 10.19292 10.33132 10.82093 11.01467 11.27659 12.01798 12.06144 11.28716 10.28098 9.813147 9.839545 10.10304 10.42463 10.88959 
  9.253025 11.09937 10.82625 11.50117 11.64448 10.78564 11.17327 11.24375 10.96026 12.58369 12.31985 12.79508 13.03801 13.23379 14.1864 14.41865 13.47115 11.77294 10.23967 9.991516 11.24699 11.13064 10.82858 
  8.059021 8.826956 7.907679 9.067116 8.811144 8.042345 7.450494 6.689188 7.993587 9.997757 9.573781 9.305887 9.952414 10.36626 11.12232 11.53227 12.26619 11.62158 10.59884 12.46832 13.80899 12.79095 11.59114 
  7.145958 6.217886 5.383504 6.567274 7.33999 7.502682 6.676929 6.848068 7.993587 9.705009 8.768898 6.954648 7.339699 7.830506 9.09532 9.944771 9.592692 9.132249 9.551744 10.12785 10.47179 10.75574 10.52125 
  6.724544 6.133722 3.155784 6.501489 7.285502 7.367766 7.015363 6.318469 7.537177 9.021933 8.768898 7.928576 8.384325 8.181484 8.765342 8.750909 9.291452 9.762033 9.723352 9.991516 9.886033 10.35969 10.84383 
  6.443602 6.807031 5.856787 6.435703 6.304733 8.267205 7.788928 7.271748 7.423074 9.021933 8.484821 8.066308 8.080824 7.8775 8.26119 8.934541 9.216143 9.935015 9.3564 9.506655 9.991037 10.55936 10.93534 
  4.627477 6.470376 5.225744 6.172562 6.250246 6.603242 6.386842 6.636229 7.765382 6.803976 6.956271 7.198299 8.03024 8.018482 8.671062 8.434012 8.654992 9.502561 9.76825 9.693073 10.01904 10.5415 10.75233 
  4.982678 5.881232 4.649689 4.82861 5.480969 6.468326 6.096755 5.710361 5.573433 7.08086 7.501621 7.836756 8.03024 7.677774 8.501642 8.630707 9.404418 10.02151 10.06008 10.15058 10.33201 10.18112 10.69687 
  5.4326 5.797068 4.530177 5.416235 5.779328 5.441909 6.096755 5.920935 6.649063 7.08086 7.31357 7.882666 8.131408 8.030231 8.718203 9.078859 9.032874 9.459315 9.902941 9.812914 10.24305 10.89856 11.08785 
  5.740441 5.130638 4.739324 4.557399 3.95934 4.954494 5.805063 6.265509 6.03857 6.927036 7.670868 7.744935 7.743841 7.384061 8.110909 8.434012 9.404418 8.724991 9.723352 10.10513 9.984037 10.5058 11.11835 
  4.674838 4.316113 5.067983 5.05462 5.093103 4.622167 4.732586 5.461503 6.0095 6.342503 7.050297 7.539411 7.659645 7.807009 8.561755 8.838328 8.944995 9.074069 9.435985 10.24147 10.14505 10.36781 10.75233 
  4.982678 3.42754 5.067983 4.444394 5.719656 4.577856 4.927582 5.212644 5.108295 6.004089 6.975076 6.87343 7.154467 7.95974 8.201078 8.886435 8.540749 8.754081 9.880492 9.879493 10.26847 10.40839 10.5952 
  5.52732 4.427185 4.171639 5.280629 4.585893 5.06527 5.829438 5.863506 5.399006 6.127149 7.087907 7.149569 7.339699 7.830506 8.765342 9.175072 8.646204 9.567429 9.813147 9.559916 10.26847 10.40839 10.7246 
  5.29052 4.945519 5.383504 5.642244 4.735072 4.555701 4.903207 5.25093 5.864144 6.496327 7.727283 7.58814 7.861716 8.065477 8.765342 8.934541 9.178488 9.524183 9.566214 9.968794 10.47179 10.57721 11.19461 
  5.951952 4.538256 4.470421 5.909421 5.868835 5.862858 5.049454 5.920935 6.358353 6.680917 7.125518 7.409463 7.575449 8.318033 8.381416 8.270101 8.725296 9.459315 9.435985 10.01424 10.35742 10.44898 11.11835 
  5.574681 4.242065 4.94847 5.642244 5.451133 5.308978 5.293199 5.997507 5.806002 7.111625 6.580167 7.523167 7.642806 8.135968 8.35136 9.126966 9.216143 9.74041 9.421515 9.679758 10.12404 10.04313 10.96584 
  5.951952 4.019922 4.79908 4.986817 4.973759 4.843719 5.098203 5.901792 6.125784 7.802153 7.294765 7.506924 7.642806 7.924494 8.201078 8.455868 9.09439 8.986799 9.700904 9.799599 10.24305 9.986308 10.78283 
  4.887958 4.612304 4.709445 5.235427 4.645565 4.799408 4.878833 5.614647 5.486219 6.650152 6.674193 6.613536 7.592288 7.442803 8.050796 9.078859 8.821963 9.219519 9.611111 10.26419 10.50992 10.30287 10.17002 
  5.716761 3.834802 5.383504 5.732648 5.510805 5.375443 6.241798 6.583269 6.067641 6.680917 7.031492 7.295759 7.524931 7.736517 8.291247 8.586997 9.09439 9.423147 9.745801 9.946071 10.25576 10.82715 10.98109 
  5.52732 4.649328 3.992371 5.732648 5.570477 5.397599 5.707565 5.748648 5.515291 6.896271 7.539232 6.889674 7.457574 8.135968 7.885486 8.838328 8.751659 8.855895 9.813147 10.03696 10.20105 10.39216 10.82858 
  5.33788 4.760399 4.94847 5.52924 5.749492 5.596996 5.756314 5.748648 6.096713 6.927036 7.595647 7.328246 7.659645 7.936243 8.623922 8.652561 9.09439 8.943165 9.370871 9.866177 10.38284 10.57721 10.81333 
  4.840598 5.965395 5.067983 4.873812 5.659985 5.973634 4.854458 5.882648 6.358353 7.019331 7.275959 7.539411 7.878555 8.135968 8.125937 8.934541 9.041662 9.219519 9.103178 9.812914 10.01204 10.70218 10.5952 
  5.33788 4.982543 4.171639 4.557399 4.466549 5.596996 4.976331 5.63379 6.966664 6.988565 7.200738 7.068351 7.54177 8.363549 8.671062 8.652561 8.734084 8.506817 9.515569 10.42325 10.42096 10.61291 10.85909 
  5.881717 5.315758 4.410665 5.235427 5.97781 5.441909 5.24445 5.040357 4.992011 5.604146 6.692998 7.49068 7.609127 7.71302 8.005712 8.652561 9.366762 8.972255 9.378105 9.666442 9.998038 10.82715 10.92009 
  6.79478 5.881232 4.410665 5.325831 5.97781 5.043116 5.390697 6.265509 5.980428 6.004089 6.523752 7.653114 7.929073 8.409065 8.812481 9.126966 9.366762 9.653919 9.947838 10.24147 10.39555 10.70218 10.95059 
  7.637607 5.093615 4.709445 4.331389 4.794744 5.641306 5.683191 5.557218 6.154855 6.588622 7.369985 6.87343 6.85136 7.489798 7.945599 8.772763 9.140833 9.545806 9.700904 9.866177 10.04704 10.845 10.82858 
  6.16266 5.352781 3.84298 4.964216 5.301954 5.663461 5.634442 5.518931 5.050153 5.296497 7.294765 7.230785 7.878555 8.454582 8.671062 8.652561 9.103178 9.524183 9.435985 10.30964 10.40825 10.55936 10.69687 
  4.651157 4.760399 4.470421 5.909421 6.032297 5.574841 5.610067 5.557218 6.271139 6.711682 6.918661 6.905917 8.384325 8.454582 8.906761 8.61978 9.216143 9.502561 9.320226 9.093869 10.16605 10.72003 10.67838 
  4.295956 4.427185 4.291152 4.534798 5.033431 5.087426 4.464467 5.0595 5.747859 6.803976 6.598972 7.376976 7.811198 8.077226 7.614978 8.138971 8.778024 9.394058 9.44322 9.82623 10.18705 10.09995 10.16077 
  5.622041 6.386213 4.589933 5.597043 5.003595 5.419754 5.341948 5.538074 6.358353 6.280973 7.106712 7.019621 7.070271 8.272517 8.576783 8.488649 9.442073 9.480938 9.5011 10.19602 10.75137 10.37593 10.75233 ]
