 [
  5.745958 4.880136 5.573438 5.962393 6.669804 6.899598 7.530928 7.570975 7.774286 8.429723 9.575699 9.541211 9.02272 8.53207 8.968684 9.448051 9.33213 9.227376 9.704925 10.24596 10.22572 10.50611 10.67073 
  6.030854 5.51016 5.699022 7.025909 6.637908 6.474423 7.27257 8.094755 8.401994 8.587764 10.31164 9.292682 9.063467 9.153372 8.968684 9.1846 9.127782 9.187386 9.325826 9.58781 10.11637 10.45067 10.44339 
  5.430326 5.59727 5.908328 7.025909 6.446527 5.918426 6.885033 8.062018 8.715848 7.765951 10.35253 9.938858 9.267204 9.116824 9.04917 8.701606 8.726786 8.947447 9.619115 9.999059 10.14853 10.3696 10.51098 
  6.157474 6.163478 5.288683 5.765446 6.318941 6.768775 6.798913 8.127491 8.541485 8.524548 9.861898 9.044152 7.922542 8.495523 9.1699 8.547193 9.069396 9.456752 9.296783 10.14615 10.24502 10.27539 10.73991 
  4.200894 5.248834 5.049926 6.159341 6.701701 6.343601 7.401749 7.800129 8.715848 8.429723 9.453042 9.541211 8.981973 9.29956 8.767469 9.140692 9.21536 9.500457 9.66202 9.95178 10.12923 10.44605 10.49255 
  4.23163 4.649699 5.95019 7.104688 5.904284 6.147366 6.626675 7.734656 9.169193 9.283144 10.4343 10.13768 8.900478 9.445748 8.928441 9.1846 9.302938 9.427615 9.627696 9.746953 10.22572 11.01893 10.76617 
  4.907818 4.926223 5.782744 7.459193 6.765494 7.521007 7.014212 7.145405 8.506612 9.125103 9.984556 9.441799 8.452257 9.336107 8.968684 9.008965 9.186167 9.573298 10.03958 9.930767 9.946367 9.971034 10.52327 
  5.18444 5.727933 6.452525 7.853087 7.594807 6.572541 6.368317 7.243613 8.541485 8.050425 10.18898 9.889152 9.307951 9.665031 9.773546 9.843229 8.803041 9.014096 9.593372 9.630656 10.30292 10.61237 10.597 
  4.262366 5.553715 6.368802 7.301635 6.829288 7.488301 7.573987 7.505503 8.715848 8.99867 10.10721 10.38621 9.837667 9.738125 9.250386 9.974955 9.682442 9.675275 9.970936 10.32476 10.39298 10.52921 10.7968 
  5.809268 6.076369 6.410663 6.986519 6.98877 7.88077 7.573987 8.127491 8.053267 8.935453 10.7205 9.839446 9.715425 9.518843 9.411359 9.535869 9.069396 9.383911 9.713506 10.00431 10.10993 10.56617 10.76179 
  6.347404 6.816795 5.699022 7.144077 8.073257 8.567591 8.779657 7.472767 8.436867 9.188319 10.59784 10.23709 9.674677 9.884314 9.773546 9.579778 9.536479 9.820956 9.790734 10.21444 10.19999 10.31162 10.68302 
  5.461062 6.424805 5.489715 7.616751 6.956874 7.455595 8.349061 8.91316 8.785593 9.472793 10.22987 9.938858 9.919161 9.701578 9.652817 10.06277 9.478094 9.398479 9.393592 10.00431 10.14853 10.66781 10.56628 
  6.6323 6.991013 6.117634 6.907741 7.339634 8.502179 9.038015 8.062018 8.018394 8.619371 10.84315 10.93297 10.28589 10.24979 10.01501 9.931046 8.962484 9.850093 9.696344 10.0726 10.06358 10.27539 10.78367 
  5.714303 6.38125 5.615299 6.671404 8.04136 8.502179 8.262941 8.356645 8.646103 9.567617 10.39341 10.18739 10.08215 10.14014 10.05525 9.623686 9.069396 9.354774 9.054762 9.734711 10.28362 10.82489 10.90183 
  5.461062 6.032814 5.95019 7.341024 7.94567 8.273239 9.339434 8.749479 8.646103 9.251535 9.902784 10.03827 9.674677 10.35943 9.974762 9.667595 9.004079 9.398479 9.825059 9.95178 10.38011 10.49687 10.73991 
  5.338119 6.337696 6.410663 7.144077 7.052564 8.894648 9.382493 8.91316 8.506612 9.820482 10.59784 9.491505 10.00066 10.46907 10.05525 9.579778 9.127782 9.240705 9.354868 10.00956 10.74678 10.64933 10.86244 
  6.37906 6.555468 6.368802 8.40454 9.38102 8.600296 9.468613 7.407294 8.855339 10.04174 10.47518 9.541211 9.307951 10.79799 9.532088 9.535869 9.21536 8.800817 9.739249 10.05159 10.16783 10.65395 10.69615 
  6.157474 6.076369 6.578108 7.419804 8.551706 9.581469 10.45898 9.044106 9.448174 10.35782 11.49733 10.73415 10.0414 10.17669 10.33695 10.58967 10.38307 11.13209 10.54586 10.3195 10.18069 10.72325 11.00685 
  5.650992 5.815042 6.745553 7.380414 8.168947 9.417939 9.813089 9.076841 10.31999 10.45265 11.70175 10.98268 10.61187 11.30965 10.21622 9.931046 10.03275 10.18516 9.850801 9.483754 9.837527 10.01451 10.46183 
  5.030761 4.695786 6.326941 8.089424 8.679293 9.221704 10.24369 9.207787 9.413301 10.38943 11.82441 10.23709 9.593183 11.09037 10.05525 9.623686 9.33213 8.667519 9.4904 9.783678 9.862644 10.42757 10.48026 
  6.37906 6.119923 5.908328 6.671404 7.020667 8.567591 8.779657 8.062018 8.436867 9.725658 10.59784 10.03827 10.40813 10.06705 9.974762 10.67749 9.799212 9.214046 9.619115 10.33001 10.44444 10.84337 10.80555 
  5.556027 4.557525 4.651997 5.804836 4.559504 7.063127 6.540555 6.556152 6.588615 8.524548 10.63873 10.43592 10.77485 10.61526 12.0674 12.91683 11.17127 10.15602 9.962355 9.740831 10.04683 10.70477 11.06812 
  6.44237 5.110572 4.943811 5.481052 6.095665 6.670658 5.808541 6.49068 6.414251 10.263 13.42942 12.47386 12.97521 12.69844 14.40244 15.48682 12.988 12.01053 10.58877 10.05159 10.41871 10.97735 11.24316 
  5.872578 5.379497 4.572412 5.338855 5.703243 4.946621 5.189749 5.491624 5.953351 7.702734 10.4343 9.441799 9.919161 9.920861 10.57841 11.02876 9.507286 8.974107 9.902287 10.11988 10.63099 10.63547 10.83619 
  5.524372 3.95839 4.094897 4.546615 5.062749 4.897645 4.797871 5.286722 5.076829 6.180068 8.349129 8.447681 8.167027 8.349335 9.129657 9.535869 8.94862 8.974107 9.524724 10.08836 10.08032 10.46915 10.6523 
  4.754139 4.327088 5.262154 5.765446 6.350838 5.362921 4.628057 5.172887 5.556435 5.92776 6.643323 7.18691 7.278287 7.907701 8.405281 8.591394 8.602003 9.500457 9.601954 9.759194 10.02172 10.30438 10.44339 
  5.000025 2.806208 4.254069 4.89195 4.811126 4.211973 5.359563 5.423323 5.672202 6.824853 7.735843 8.248858 8.941225 8.678259 8.847955 9.228509 9.478094 9.456752 9.403273 9.95178 10.68245 11.00045 11.11625 
  4.938554 3.267081 4.78464 5.277914 4.788251 5.020085 4.771746 5.44609 6.205016 5.955794 7.735843 8.248858 8.574499 7.873889 8.566254 8.921148 9.127782 9.027427 9.335506 9.59393 10.02172 10.84799 11.29889 
  5.587682 3.220994 4.015312 5.277914 5.588869 5.436386 5.507123 5.241188 5.473744 6.320238 7.212613 7.473358 7.841048 7.659742 7.806982 9.096783 9.21536 9.515024 9.696344 9.771437 9.561243 10.44143 10.58471 
  6.663956 4.327088 5.049926 5.399796 5.40587 5.88572 5.464064 6.130582 6.623487 6.544511 7.212613 7.258522 8.044785 8.53207 7.95801 8.646646 9.478094 9.587866 9.859383 10.36153 10.24502 10.46453 10.75304 
  6.568991 4.234914 4.78464 5.501366 4.513754 4.799691 5.372625 5.901428 5.60605 6.656648 7.940272 7.437552 7.343914 7.941514 8.281644 7.950469 8.851567 9.456752 10.13397 10.2407 9.929623 9.963787 10.76179 
  6.663956 3.543605 4.572412 6.001783 5.314371 5.918426 6.841973 6.981723 7.007087 6.944138 7.5723 7.652388 8.248521 7.817534 8.606497 8.469839 8.615869 9.094076 9.345187 9.92026 10.27719 10.33336 11.46606 
  6.37906 3.036644 3.750026 5.298227 5.49737 4.82418 5.059123 5.263955 5.639126 6.348272 7.098755 7.061588 7.661112 7.76118 8.405281 9.1846 9.536479 8.987436 9.461358 9.915008 10.18713 10.63085 10.84494 
  6.252439 3.866215 4.758111 4.851323 5.291497 4.334414 5.89466 6.556152 6.762978 6.796819 7.303699 8.000329 7.125156 7.828805 8.173766 8.259881 8.567342 9.383911 9.636277 10.21444 10.01334 10.77407 11.08562 
  5.061497 3.866215 4.678526 5.962393 5.177123 4.995597 4.980748 6.130582 6.449124 6.880921 7.303699 8.547093 8.41151 8.056957 7.947223 8.87724 9.156975 9.200716 9.653439 9.899248 9.678454 10.36235 10.62158 
  3.893537 3.820128 4.094897 4.770067 5.49737 5.09355 5.679362 6.261527 6.085656 5.955794 7.4631 7.258522 7.617361 8.568618 8.686983 8.921148 9.302938 8.920787 9.016039 9.746953 9.979856 10.56617 10.57242 
  5.092233 3.313168 4.996869 4.871636 5.840491 5.689486 5.372625 5.901428 5.705278 5.086735 6.074033 7.900918 7.841048 7.772451 7.634377 8.149377 8.705989 9.120736 9.4904 9.825704 10.56666 10.90805 10.65844 
  5.307383 2.299248 4.386712 5.318542 6.095665 5.853014 5.451001 5.74206 6.13527 6.712717 7.32647 7.702094 7.726739 7.952785 8.238493 9.008965 8.94862 8.414249 9.083804 9.685743 10.20643 10.2609 10.80118 
  9.006433 12.52319 13.24805 13.97176 14.40558 12.77147 11.99792 12.70805 13.3139 13.94757 14.75869 16.78485 17.97323 18.72675 17.71147 18.38801 16.43275 10.78246 10.93364 12.33246 13.2909 14.31063 12.85916 
  14.71686 15.46879 16.30049 16.99239 16.9669 16.33643 16.25716 15.41787 15.66684 16.40197 17.98692 20.18454 20.11525 20.3441 19.96161 19.95948 17.63441 11.93067 12.5718 13.69709 14.63415 15.35012 14.19654 
  15.89958 16.8283 17.27728 18.28695 19.20805 17.48231 16.08679 15.6982 16.20982 16.87397 18.7465 21.69551 21.54325 21.37332 21.28522 21.28919 17.47418 12.17025 13.69264 14.63528 15.58232 16.30298 14.64234 
  16.01785 17.50806 18.00986 19.86918 20.00847 17.86427 16.34235 15.97853 16.30032 16.68517 18.55661 21.94734 21.97165 21.96145 21.81466 21.89361 17.79463 13.12854 13.69264 14.80586 15.10823 16.47623 14.58661 
  16.37267 17.73464 18.13196 19.72534 19.36814 17.73695 15.66087 15.88509 16.02883 16.49637 17.60713 20.81411 20.97205 20.49113 20.35869 20.32213 16.51286 12.72925 13.00289 13.95296 15.10823 16.12973 13.47213 
  16.60921 17.84793 18.25406 19.86918 19.20805 16.97303 15.66087 15.79164 16.20982 16.49637 17.79702 21.44368 21.82885 21.22629 21.02049 20.80566 16.35264 12.17025 13.60643 14.20883 15.10823 15.86986 13.8622 
  16.72748 17.96123 18.25406 19.86918 19.20805 16.59107 15.91642 15.51132 15.93833 16.21317 17.51218 21.44368 21.97165 21.22629 21.41758 21.28919 16.75319 12.96882 13.86508 14.72057 14.08105 14.74375 13.47213 
  16.84575 17.96123 18.37616 19.72534 19.04797 16.97303 16.25716 15.0441 15.30485 15.74117 17.03744 21.19185 21.97165 20.63816 20.49105 20.20125 15.87198 12.64939 13.52021 13.52651 14.87119 14.74375 13.80647 
  16.96402 17.73464 18.37616 19.14998 18.56772 16.59107 16.00161 14.67033 15.03335 15.26917 16.65765 20.81411 21.82885 20.63816 20.49105 20.08037 15.71176 12.01053 13.17533 13.44123 15.34528 14.74375 14.75379 
  16.84575 17.62135 18.49825 18.71847 17.76731 15.44519 15.23494 14.48345 14.76186 15.17477 16.3728 19.93271 21.40045 20.49113 20.35869 19.8386 14.99076 11.29181 13.60643 13.86767 14.00203 14.74375 13.19351 
  16.72748 17.50806 18.49825 18.43079 17.12698 15.19055 14.89421 14.20312 14.30937 14.70277 15.80312 19.30314 21.40045 20.19707 20.22633 19.47595 14.83054 11.6911 13.34777 13.78238 14.23907 14.83038 13.97365 
  16.49094 17.50806 18.49825 18.28695 16.48665 14.80859 14.55347 13.82936 13.94738 14.32517 15.32838 18.67357 21.11485 19.75597 19.69688 18.99242 14.34988 12.32996 14.03752 14.63528 13.68597 15.17687 14.14082 
  16.25439 17.39477 18.37616 17.99927 15.84632 14.42663 14.29791 13.36214 13.4044 13.75877 14.56879 18.044 20.40085 19.31487 18.50563 17.90448 13.709 13.2084 14.55483 14.72057 12.81681 14.13739 13.47213 
  15.78131 17.28147 18.37616 17.71159 15.36607 14.04467 14.04236 12.80149 12.40892 13.28677 13.90416 16.91077 19.54404 18.28565 17.44674 17.7836 14.5101 14.24655 14.46861 13.86767 13.05386 12.83803 12.2462 
  15.30822 17.16818 18.37616 17.28007 14.72574 13.53539 13.87199 12.24084 11.77544 12.43717 13.14457 15.52571 18.54444 17.69753 17.57911 17.66271 14.83054 12.72925 13.77886 13.95296 11.78963 12.7514 12.74771 
  14.95341 16.9416 18.13196 16.70471 13.92533 12.89879 13.27569 11.4933 11.41345 11.96517 12.76478 15.3998 17.97323 18.13862 18.77036 18.99242 15.63165 12.48968 12.39936 12.16188 11.71061 11.45205 11.8004 
  14.59859 16.60172 17.52147 15.84168 12.80475 11.75291 12.33866 10.93264 11.14196 11.77637 12.85973 16.15528 19.25844 18.43268 18.37327 18.50889 15.39131 11.45152 11.01986 11.73543 12.02667 11.71192 11.41033 
  14.24378 16.37513 17.03308 14.97864 11.36401 10.22507 11.23125 10.09166 10.59897 10.92677 11.90618 15.52571 17.83043 17.55049 16.65258 16.69565 13.46867 10.43282 10.30559 10.79724 11.07849 11.19217 11.24316 
  13.77069 15.58209 16.30049 13.68409 10.72368 8.665708 9.511672 9.175051 9.413301 9.725658 10.7205 15.02205 16.97363 16.08018 14.93188 15.60771 12.01785 9.587866 9.451677 9.893995 10.32222 10.1377 10.84494 
  13.06106 14.67575 13.85854 11.95801 9.827573 7.978887 6.755854 6.785306 7.913776 8.46133 9.207727 11.23121 12.48624 12.11369 10.53817 10.98485 9.711635 9.777252 9.48072 9.765315 10.4959 10.71863 10.82306 
  12.58798 13.99599 12.14917 8.680266 7.977567 5.411898 5.722422 6.359735 7.18145 7.765951 7.258156 7.133201 8.167027 8.422429 8.445524 8.87724 8.803041 9.134066 9.593372 9.624535 10.21286 10.12321 10.87119 
  8.563262 9.517172 8.085114 7.183467 5.062749 5.689486 5.124436 5.673759 5.986427 6.880921 6.688866 7.900918 8.004037 8.203146 8.24928 9.316326 9.361323 9.442183 9.112847 9.93602 10.00497 10.49687 11.05937 
  7.803539 7.121676 7.206028 6.986519 5.999975 4.67725 5.385688 5.966901 6.069118 6.292204 7.5723 7.900918 8.248521 8.312788 8.64674 8.657697 9.302938 9.267365 9.713506 10.36678 10.30292 10.50149 10.83181 
  6.663956 5.771487 5.699022 6.553236 6.031871 5.485363 5.424876 5.833127 6.085656 6.796819 7.212613 6.506595 7.190784 7.918972 7.95801 8.558243 9.098589 9.427615 9.471039 9.915008 9.95474 10.40583 10.87995 
  7.866849 7.818548 7.080444 5.359169 5.680368 5.787603 5.059123 4.444346 6.239888 7.038962 7.144298 7.455455 8.085531 8.056957 8.324795 8.425637 9.127782 9.281934 9.471039 9.915008 10.09707 10.61237 10.98935 
  6.50568 6.686131 5.740883 4.912264 5.611743 5.460874 5.228937 5.263955 5.738355 6.824853 7.735843 7.616582 7.201722 7.930243 8.485767 8.745514 9.040204 9.748116 9.910869 9.830956 9.820784 10.47839 10.69615 
  5.904233 5.248834 5.129511 5.277914 4.742502 5.167015 5.679362 6.359735 6.274761 6.768785 7.394785 7.616582 7.628299 7.445596 8.24928 8.701606 8.629733 9.529593 9.782154 9.391941 9.820784 10.28264 10.72678 
  4.661932 4.096652 4.545883 5.420111 4.376505 4.873156 5.111373 5.605458 5.109905 5.92776 6.483922 7.473358 7.693926 7.299074 7.66674 8.083074 9.011011 9.267365 9.441996 9.746953 10.29005 10.3696 10.72678 
  3.493971 4.281001 4.758111 4.709126 5.222872 5.65678 5.679362 5.628225 5.887198 6.544511 6.871038 6.972073 7.059529 7.547033 8.485767 8.403537 9.186167 9.777252 10.04816 10.45609 10.43801 10.50149 11.00248 
  9.986001 10.08338 10.63865 11.67033 11.84425 12.00755 12.59421 12.98837 13.3139 13.19237 14.28395 14.64431 14.83162 15.05095 14.93188 15.24506 15.3112 14.56598 13.77886 13.6118 13.2909 12.05841 12.30192 
  11.52353 11.84344 13.85854 14.1156 13.92533 14.04467 14.12754 13.82936 13.58539 14.23077 15.80312 15.27388 14.97442 15.34502 15.59369 16.09124 15.95209 16.16314 16.02055 15.82934 15.42429 13.79089 13.91792 
  10.22254 11.16368 13.24805 13.54025 12.80475 13.02611 12.59421 12.05395 12.13743 13.28677 14.94858 14.89614 14.83162 15.05095 14.66716 15.24506 15.07087 15.20484 15.7619 15.74405 15.89838 14.39726 13.52785 
  10.34082 11.16368 12.75966 13.54025 11.84425 12.00755 12.16829 12.14739 12.22793 13.09797 14.75869 14.5184 14.54602 15.49205 15.32897 15.12418 14.75043 14.80556 15.24458 15.14702 14.79218 14.05076 14.36372 
  8.911468 10.34471 10.92819 11.67033 9.923263 9.970434 11.91273 12.80149 12.40892 13.09797 15.04353 15.27388 15.11722 15.93314 15.19661 15.36594 14.42999 14.7257 14.64105 14.12354 14.23907 13.27115 13.30496 
  8.341676 10.56248 10.8061 11.67033 11.04384 9.810408 11.14607 11.77363 11.50395 12.90917 15.42332 15.02205 14.11762 14.46282 13.873 14.39888 14.02944 13.7674 13.17533 13.10007 13.21189 13.18452 12.13475 
  9.512915 11.50356 10.8061 10.8073 11.20392 10.47971 11.48681 11.02609 10.68947 13.47557 15.89806 14.39248 13.68921 14.16876 13.47591 14.278 13.94933 13.7674 12.83046 12.50304 12.65878 12.40491 12.41337 
  9.867729 10.82381 10.8061 10.37401 10.40351 9.843114 11.31644 11.21297 11.77544 13.75877 15.51827 14.01474 12.364 12.33297 12.51008 12.96074 12.74767 12.56954 11.62339 11.47956 11.94765 11.62529 11.23003 
  10.45909 11.05039 10.34562 10.53157 9.827573 9.970434 10.9757 11.68018 11.05146 11.58757 13.80921 12.97091 11.79354 11.38275 11.46376 12.08257 11.434 11.13209 10.58877 9.941274 10.47017 10.59389 10.70928 
  9.449604 8.341202 8.796756 10.09829 9.540503 9.843114 9.038015 9.273259 9.378428 10.04174 12.06973 11.38033 10.69336 10.0305 9.773546 10.67749 10.70419 9.937502 10.06533 10.43507 10.45087 10.62623 10.70053 
  8.563262 9.342955 8.58745 9.704391 9.572399 8.665708 8.607419 9.175051 8.506612 9.820482 11.66087 9.342387 8.941225 9.29956 9.089414 9.974955 9.828405 9.704412 9.962355 10.16716 10.05521 10.47839 10.70053 
  9.133054 9.212291 7.95953 9.349887 8.80688 8.207828 8.176823 8.422117 8.332249 9.34636 10.31164 8.895035 8.574499 8.020411 8.405281 8.833331 8.615869 9.413048 9.722087 9.544963 10.10993 10.39858 10.597 
  7.012162 7.862103 8.629311 9.034771 8.487913 6.441718 6.798913 7.701921 7.634795 8.366507 9.698356 8.547093 8.574499 8.7879 8.365038 8.359335 8.962484 9.174056 9.422634 10.2407 10.92047 10.76021 10.73991 
  6.568991 7.383003 8.085114 9.310497 9.28533 7.717241 6.153018 6.719834 7.460432 8.587764 9.330385 8.149446 7.881795 8.239694 7.990374 8.171477 9.040204 9.544161 9.902287 9.759194 10.68245 10.48763 10.72678 
  7.708574 7.774993 8.210698 8.562098 8.80688 7.488301 6.153018 6.523417 6.693233 8.65098 9.330385 8.149446 7.486106 7.828805 8.365038 8.657697 8.872364 9.646138 9.461358 9.673502 10.63099 10.70015 10.76179 
  7.518643 7.687884 7.95953 7.853087 7.913774 7.586418 5.550183 6.163318 7.669668 7.892384 7.981157 6.936267 7.125156 8.203146 8.566254 8.447739 9.040204 9.354774 9.498981 9.771437 10.24502 10.72787 10.85369 
  6.948852 8.297647 6.95486 7.537971 6.893081 6.73607 5.765481 5.810361 6.797851 7.860775 7.735843 7.097394 7.841048 8.605165 8.076675 7.972569 9.098589 9.340206 9.91945 9.799438 10.46374 10.74173 11.08562 
  5.556027 6.511913 5.782744 6.94713 7.562911 6.866892 5.124436 5.491624 5.721817 6.944138 7.417557 7.702094 7.551733 7.716097 8.001162 8.447739 9.040204 9.47132 9.093486 9.667381 9.745433 10.30438 10.6523 
  6.790576 7.426558 6.787415 7.341024 6.542218 5.509851 5.636302 6.294263 6.728106 7.576302 6.802724 7.7518 7.628299 7.873889 8.087463 8.635596 8.761447 9.398479 10.02242 9.96754 9.728688 10.36235 10.72678 
  6.37906 7.687884 7.666502 7.774308 7.531013 5.754898 5.189749 5.537158 6.797851 6.348272 7.531415 7.851212 7.289225 8.312788 8.365038 8.569293 8.782244 9.174056 9.747829 10.25646 9.904506 10.65857 10.90183 
  6.727266 5.858596 6.703692 6.671404 6.350838 5.951132 5.89466 5.514391 6.553742 7.07057 7.899386 6.721431 7.639236 8.239694 8.526011 8.525091 8.955552 9.675275 9.962355 10.09362 10.16783 11.00969 11.01998 
  6.37906 6.119923 6.578108 6.19873 6.350838 5.820309 5.808541 5.263955 5.771431 7.449869 7.531415 8.248858 7.486106 8.312788 8.022737 8.569293 8.768379 9.369343 8.870826 9.661261 10.43157 10.69091 10.63387 
  4.200894 5.858596 6.159496 6.474456 4.97125 4.873156 4.837059 5.901428 5.854122 8.145248 7.817615 7.950623 7.96329 8.130052 8.485767 8.965057 9.740828 9.281934 9.296783 9.612293 9.904506 10.37684 10.6523 
  6.600646 6.686131 5.447854 6.119951 6.893081 5.689486 6.196078 6.294263 6.170143 7.165395 7.613186 7.115297 7.332976 7.456866 8.033525 8.337234 8.705989 9.067416 9.461358 9.783678 10.5345 10.81565 11.01998 
  5.122968 5.379497 6.703692 5.684191 6.606011 6.147366 5.046061 4.990752 5.672202 7.038962 7.5723 7.598679 8.207773 8.458976 8.206129 8.701606 9.361323 9.777252 9.876545 9.642898 10.08032 10.13046 11.09 
  6.790576 7.078122 5.95019 4.851323 5.268622 5.820309 5.307312 4.603715 5.655664 7.323436 7.531415 6.882558 8.004037 8.130052 8.227705 9.008965 9.419708 9.067416 9.567629 10.08311 9.879389 10.58003 10.95434 
  7.202092 7.295894 6.829276 6.19873 5.40587 5.558827 5.593243 6.097846 5.68874 6.74075 6.757181 7.598679 7.8003 7.321616 8.065888 8.602445 9.361323 9.646138 9.773573 9.978045 10.34795 10.08698 10.66459 
  6.220784 8.079875 7.122305 6.23812 6.031871 6.212778 4.902372 6.065109 6.588615 7.639518 7.654072 7.950623 7.759553 8.166599 9.008927 8.558243 8.803041 9.456752 10.24553 10.16191 10.1421 10.56617 10.72678 
  6.189129 6.38125 7.373473 6.632014 6.733598 6.278189 5.722422 5.650992 5.821045 7.639518 7.694958 8.149446 7.486106 7.975327 7.806982 8.326183 8.685191 9.014096 9.14189 9.867729 10.57309 10.46453 10.57242 
  5.276647 5.064485 5.699022 6.828961 6.861184 6.703363 5.437939 5.263955 5.721817 6.60058 7.258156 7.509164 7.354852 8.00914 9.089414 9.008965 8.962484 9.427615 9.850801 10.17241 10.36724 10.05799 10.28978 
  6.50568 5.858596 5.699022 5.034147 6.063768 5.411898 4.980748 5.537158 6.344506 7.102179 7.394785 7.54497 7.661112 7.941514 8.292432 8.657697 9.33213 9.442183 9.644858 9.930767 10.00497 10.27539 10.70053 
  5.000025 5.248834 5.129511 5.338855 4.9255 4.089532 5.765481 5.999637 6.553742 7.26022 7.303699 7.330133 7.322038 7.907701 8.405281 8.436687 8.844635 9.281934 9.790734 10.11463 10.10993 10.57079 10.66459 
  4.938554 5.292388 5.447854 6.23812 6.478424 4.971109 5.808541 5.719293 6.344506 6.796819 6.46115 7.473358 7.486106 7.614659 8.292432 8.833331 9.069396 9.558729 9.850801 10.17767 10.19999 10.44143 10.60929 
  5.245912 5.110572 4.917283 5.298227 5.222872 4.726227 4.99381 6.097846 5.804507 6.60058 7.053211 7.652388 7.486106 8.056957 8.303219 8.745514 9.361323 9.529593 9.696344 9.655139 10.40584 10.45529 10.97184 
  5.430326 4.188827 4.78464 4.465359 4.834001 5.118039 5.507123 6.196054 5.176058 6.432375 7.053211 7.043685 7.759553 7.50195 7.796194 8.833331 9.156975 9.254036 9.0354 10.01482 10.28362 10.41308 10.60315 ]
