 [
  5.904313 5.681584 5.92984 6.664379 6.920663 7.788652 8.493464 7.886767 8.926215 10.1046 9.622529 8.906599 8.901219 7.888332 8.327456 8.444921 9.156063 9.406267 9.757445 10.04033 9.947523 10.25058 10.96411 
  5.208742 6.046782 6.210999 7.38567 7.600214 6.555923 7.685293 8.268903 9.106011 10.47455 9.997709 9.736034 9.166588 9.230434 9.087961 8.787727 9.584229 9.859228 9.69783 9.676293 9.855445 10.28776 11.13009 
  6.282035 6.138082 5.648682 7.025024 7.503136 6.453195 7.584271 8.077835 8.207027 8.717308 9.547493 8.842796 8.038774 8.010324 8.59948 8.088929 9.084702 9.194283 9.673985 10.18888 10.2439 10.47313 10.6529 
  6.055402 6.229382 5.554962 7.475831 8.279765 6.864105 7.786314 7.504632 7.128247 8.069903 9.322384 8.523783 7.802301 7.985926 8.098189 8.669064 8.469439 8.80444 9.90052 10.06508 10.28387 10.56111 11.11972 
  6.282035 5.225087 5.92984 7.38567 7.988529 6.350468 7.48325 7.886767 8.566622 8.347363 8.797131 8.842796 8.370483 9.032343 8.59948 8.992124 8.892432 9.341558 9.573167 10.18888 10.63024 10.75058 10.8915 
  6.206491 4.452824 4.516136 6.303733 7.017742 6.864105 7.079165 7.218029 7.937332 7.977417 7.896697 8.268572 7.702445 8.57013 8.78266 9.047071 9.298785 9.341558 9.769368 10.18888 10.39044 10.28776 10.82407 
  5.904313 5.316386 5.742401 6.12341 6.43527 5.023924 5.96793 7.026962 7.757535 8.532335 8.196842 7.464471 7.502731 8.173948 7.948285 8.57677 9.120383 9.116315 9.650949 10.18888 10.31051 10.59494 11.07823 
  4.586476 4.747019 5.648682 6.75454 7.017742 6.65865 7.685293 7.122496 7.038348 8.902281 8.271878 7.297289 7.602588 8.5041 8.071735 8.616324 8.873205 9.430533 10.03167 10.21364 10.16397 10.22828 10.22379 
  4.858717 5.188313 5.461243 6.393894 6.144033 6.555923 8.594484 7.409098 7.937332 8.624822 7.221372 7.130107 7.814783 7.652481 8.47736 9.102018 9.370146 9.802608 9.828983 9.842256 10.27055 10.73705 11.02636 
  4.353127 4.747019 4.406767 5.762764 6.241112 7.583198 7.988357 7.600165 7.847434 8.16239 7.080727 6.983823 7.590106 7.644348 8.96584 8.992124 9.227425 9.584216 9.888597 9.563676 10.09331 10.52727 10.42683 
  5.979857 5.681584 5.648682 5.762764 5.550682 7.06956 8.089378 6.74036 6.990117 8.347363 7.896697 6.649458 7.777337 8.107918 8.53842 9.047071 8.613641 9.228937 9.769368 10.1146 10.2439 10.29519 10.53757 
  4.43091 2.871524 4.370311 4.983269 5.739504 7.172287 6.978143 6.74036 5.929034 6.696063 6.996341 6.628561 7.502731 7.709411 8.47736 9.047071 9.036635 9.254927 9.306481 9.94129 10.07797 10.51035 10.5468 
  4.742043 3.055396 4.826014 6.033249 5.852798 6.453195 5.96793 6.018375 6.21842 6.605258 7.221372 7.10921 7.714927 7.985926 8.371545 8.937177 9.084702 9.479065 9.617614 9.605166 10.21726 10.57464 10.6529 
  4.469801 3.864434 4.789557 4.544601 5.097507 5.276169 4.802702 5.929533 5.808456 6.181504 6.855696 6.962925 7.053376 8.107918 8.406816 8.937177 8.9405 8.899734 9.685907 9.990808 10.31051 10.78357 10.74108 
  6.659758 6.229382 5.836121 4.857935 5.569564 6.145013 6.372015 6.74036 6.338998 7.422499 7.052598 7.949558 8.702193 8.306009 9.271141 9.87128 9.298785 9.551862 9.995905 9.966049 10.20394 10.44607 11.27533 
  6.961935 7.598875 6.492157 5.672603 5.852798 5.36025 5.309323 6.24048 7.128247 6.968477 6.715052 7.56896 8.56951 8.306009 9.0269 8.827282 8.536733 8.882408 9.573167 9.916532 10.09331 10.3581 10.83963 
  5.636549 4.195403 4.297399 5.045935 4.927567 4.911815 4.954689 5.152165 6.748962 6.272309 7.671588 8.204769 7.827265 7.945262 8.43327 8.418551 8.671322 9.762165 9.757445 9.771129 9.970542 10.81655 10.87594 
  5.16985 3.496689 4.023978 4.983269 4.663216 4.883788 5.562634 5.085534 6.459576 6.938209 7.193243 7.401778 7.67748 8.239979 8.66054 9.047071 9.084702 9.689368 9.650949 9.605166 10.00891 10.21341 10.97967 
  5.208742 3.239269 4.716645 4.732601 5.210801 4.35127 5.511971 6.835894 6.628384 6.605258 7.296408 7.255494 7.040894 8.173948 8.59948 8.682248 8.74823 9.511419 10.07936 9.753347 10.39044 10.49005 10.62697 
  6.810846 5.772884 5.086365 4.575934 5.040861 5.47236 5.410647 4.841218 5.736109 6.484186 7.080727 7.885755 8.171457 8.099785 7.948285 8.497661 8.796297 9.211611 8.950901 9.581458 10.02425 11.08043 10.64771 
  8.246191 7.781474 4.880698 5.108602 5.418506 6.004877 5.96793 5.79627 5.615532 6.605258 7.052598 7.694347 7.427839 8.438069 8.84372 8.497661 9.227425 9.414356 9.606503 9.480695 10.03193 10.60171 10.31608 
  12.70331 12.89425 10.61582 9.008575 6.046955 6.24774 5.71462 5.529744 6.676615 6.817136 6.771309 7.610756 8.038774 8.059121 8.406816 8.273518 9.027021 9.422444 10.17475 10.18888 9.632925 10.16137 11.14565 
  14.51638 15.45064 13.98972 12.34455 8.959316 7.275015 7.685293 8.173368 8.296926 7.699958 7.746625 9.480824 10.89148 9.098373 8.59948 8.827282 8.777071 9.382002 9.662062 9.842256 10.20394 10.59833 10.49143 
  14.51638 14.99414 14.27088 12.79535 10.4155 9.535019 10.31185 11.99473 11.89286 10.01212 9.922673 11.65012 12.28466 10.48501 8.53842 8.471291 8.96934 9.519507 9.876675 10.38695 10.39044 10.78357 10.32531 
  14.74302 15.81583 15.20807 13.78713 11.87168 10.45957 10.61491 12.47239 12.52215 10.75201 10.07275 12.79856 13.94321 11.93768 8.53842 8.629509 9.691271 9.142304 9.373153 9.990808 9.794061 10.07959 10.1961 
  14.96965 15.72453 15.58295 14.41826 11.96876 10.9732 11.019 12.47239 12.52215 11.21444 10.22282 12.73476 13.74419 11.67356 9.0269 8.937177 8.738617 8.925724 9.924367 9.735565 10.13733 10.71336 10.72552 
  15.27183 15.90713 15.95783 15.77068 14.68696 14.05503 13.64555 13.3322 14.49992 15.00638 12.84908 13.18138 13.67785 13.39035 13.36217 12.67359 11.97482 10.01291 9.948213 10.28791 10.35048 10.66261 10.55603 
  15.70187 16.54623 16.89502 18.15469 18.72384 17.85594 16.47415 15.91162 16.92717 18.33589 16.22571 15.35067 17.4732 17.44159 16.73198 15.4759 14.07727 11.77659 11.41533 12.09529 11.65602 11.64117 11.84539 
  15.92503 17.0722 17.1438 17.6765 18.63909 19.29413 18.19151 17.82229 18.45545 19.39047 17.64333 16.45948 18.39391 18.45563 18.19505 16.60299 13.43772 10.88234 12.38063 13.64878 13.01461 12.2349 12.50315 
  15.93618 17.24828 17.2362 17.28798 18.53314 19.86606 19.65607 18.49103 19.44662 20.32446 18.49209 17.11485 18.43074 18.67608 17.75613 16.7946 15.41039 12.82636 12.97685 13.88782 13.32281 12.82862 12.17427 
  16.00313 17.32484 17.29307 17.3627 18.49783 20.2321 20.37362 18.89995 20.15196 20.50607 18.61783 17.65625 18.65171 18.80834 18.59739 17.36941 15.2402 12.04875 12.40903 14.20653 13.25169 11.87206 11.51651 
  15.94734 17.38608 17.26463 17.28798 18.58258 20.46087 20.53307 19.79212 20.77893 20.76551 18.80644 17.57077 18.65171 19.07288 18.56082 17.17781 14.75801 11.85435 12.94846 14.6846 13.25169 10.91551 11.31918 
  15.99197 17.39374 17.33571 17.37764 18.70972 20.55238 20.81212 20.12669 21.01404 20.89523 18.1463 17.54227 18.50439 18.9847 18.2682 17.17781 15.43876 11.69883 11.95476 14.419 13.06202 10.41223 10.98486 
  16.05892 17.34781 17.32861 17.39258 18.69559 20.64389 21.01144 20.49843 21.01404 20.76551 18.08342 17.31432 18.09928 18.76425 18.41451 16.8904 14.64455 11.03786 11.24498 14.39244 12.82494 10.20598 10.79813 
  16.0924 17.30187 17.34282 17.43741 18.68147 20.7354 21.25062 20.60995 20.77893 20.53201 17.8005 17.20034 18.39391 19.33741 17.82928 16.31559 14.30418 10.68794 11.5005 14.12685 12.54045 10.84954 11.22864 
  16.10356 17.25594 17.30728 17.4673 18.6179 20.71253 21.33035 20.75865 20.70056 20.19474 17.89481 17.11485 17.87831 18.94061 17.50009 16.00423 13.6518 10.49354 11.47211 14.10029 12.49303 10.61863 11.38495 
  16.10356 17.18703 17.2362 17.51213 18.54727 20.7354 21.37021 20.833 20.89648 20.22068 17.7062 17.17184 17.80466 18.80834 16.62224 15.64074 14.78638 11.03786 11.58568 14.57836 12.82494 10.78357 11.75769 
  16.0924 17.14876 17.17934 17.49718 18.51195 20.7354 21.41007 20.79582 20.81811 20.03907 17.73763 17.08636 17.51003 18.63199 17.24405 15.86053 14.55946 11.1545 11.1882 14.47212 13.03832 10.40885 11.31918 
  16.11471 17.11048 17.15091 17.48224 18.44132 20.64389 21.29048 20.75865 20.66137 19.80557 17.64333 16.8869 16.95761 18.1911 16.87828 15.53085 13.99217 11.03786 11.58568 14.15341 12.75382 10.65923 11.47266 
  16.12587 17.08751 17.12247 17.55696 18.39894 20.57526 21.25062 20.6843 20.583 19.7018 17.51758 16.82991 16.69981 17.97065 16.6954 15.25611 14.0489 10.64906 11.72763 13.94094 12.27966 10.81655 12.56893 
  16.10356 17.09517 17.11537 17.52707 18.42013 20.59814 21.25062 20.6843 20.50463 19.72774 17.3604 16.82991 16.40518 17.22114 15.80457 15.03632 13.99217 10.3769 11.67085 13.94094 12.44561 10.94849 12.08657 
  16.03661 17.07985 17.11537 17.4673 18.42013 20.55238 21.21075 20.49843 20.34789 19.62397 17.39184 16.63045 16.26518 17.13297 16.10987 15.58579 14.55946 10.80458 11.55729 14.23309 12.51674 10.75058 12.24005 
  15.93618 16.99564 17.04429 17.42247 18.35657 20.50663 21.09116 20.5356 20.42626 19.64991 17.04605 16.28851 15.93347 17.22114 16.29305 15.31106 13.68017 9.988647 10.97359 14.25965 12.77753 10.29519 11.99887 
  15.89155 16.96502 17.03007 17.33281 18.27887 20.32361 20.97157 20.27538 20.15196 19.52019 17.04605 16.03206 16.33153 17.26523 15.19397 14.76158 13.68017 9.786431 10.47282 14.12685 12.77753 10.58817 11.82346 
  15.81345 16.95736 16.99453 17.25809 18.27887 20.27785 20.81212 20.20104 20.19114 19.67585 16.826 16.08905 15.93347 17.13297 15.98775 15.4759 14.38927 10.84346 11.30177 13.80814 12.54045 9.893731 11.11453 
  15.73534 16.96502 16.98742 17.21326 18.32125 20.2321 20.69253 20.01517 20.11277 19.80557 16.75097 15.8611 15.73445 16.86843 15.86563 15.75064 14.87147 11.11562 11.47211 12.93709 11.90033 10.44945 11.08341 
  15.66839 16.96502 16.95899 17.1231 18.3495 20.16347 20.49321 19.90364 20.26951 20.09096 16.75097 15.66969 15.53542 16.55981 16.54909 16.00423 14.50273 11.11562 11.78442 13.38319 11.92404 10.40885 11.45073 
  15.57913 16.96502 16.93056 17.1231 18.37775 20.02621 20.25403 19.75495 19.99521 19.83152 17.01461 15.54208 15.93347 16.55981 16.6954 16.19584 13.79362 10.3769 11.67085 12.88757 11.73595 10.52727 11.25977 
  15.51218 16.98033 16.94478 17.1231 18.39188 19.86606 20.05471 19.5319 19.60336 19.83152 17.2661 15.66969 16.1325 16.29569 16.40278 16.10003 13.90708 10.3769 12.35224 13.62223 12.06629 10.61524 12.65663 
  15.42291 16.96502 16.91635 17.1231 18.39894 19.77455 19.81553 19.30886 19.36824 19.67585 17.42328 15.97507 16.58932 16.64799 16.32963 15.98028 13.76526 10.5713 11.64246 13.86126 12.51674 10.50359 11.47266 
  15.34737 16.91143 16.8013 17.1231 18.31419 19.47715 19.41689 18.89995 18.89802 19.26075 17.20323 15.97507 15.99982 16.03157 16.29305 16.05213 13.79362 10.5713 11.12858 12.51619 11.50948 10.61863 10.63215 
  15.27183 16.91143 16.70758 17.21326 18.27887 19.08867 18.89866 18.60255 18.54535 18.79832 16.75097 15.54208 16.77346 16.6039 16.23199 15.90843 12.54571 10.15042 11.27337 13.17072 11.68266 10.46637 10.97449 
  15.27183 16.91143 16.61386 17.1231 18.08471 18.78049 18.39355 17.91783 18.00595 18.52086 16.826 15.54208 16.77346 16.29569 16.43936 16.26769 12.51003 9.665102 11.14051 13.22384 11.8292 11.01446 10.99005 
  15.27183 16.91143 16.52014 17.21326 18.08471 18.47231 17.78743 17.44016 17.46656 17.78097 16.92031 15.66969 17.25223 16.49378 16.43936 16.43534 12.65275 9.891582 11.38694 13.01136 11.56277 10.84954 11.15084 
  15.19628 16.91143 16.42642 17.21326 17.98764 18.16413 17.28232 16.96249 16.74738 17.22605 16.826 16.00357 17.32589 16.49378 16.40278 16.60299 12.58139 10.49354 11.00936 11.64964 11.60273 10.71336 10.49143 
  15.12074 16.82013 16.23899 17.27304 17.98764 17.85594 16.67619 16.38929 15.93829 16.39367 16.45082 16.17454 17.17858 16.22966 16.32963 16.53114 12.83115 10.33646 10.31782 11.12971 11.2164 10.62878 11.29725 
  14.96965 16.72883 16.14527 17.31787 17.89056 17.65049 16.27211 15.81608 15.2191 15.28384 16.15067 16.14604 17.28906 16.29569 16.29305 16.45929 12.90251 10.021 10.21052 11.87246 11.49616 11.17939 12.08657 
  14.8941 16.63753 15.95783 17.30292 17.79348 17.23958 15.96904 15.52948 14.85951 14.82141 15.92557 15.47828 17.03126 15.8995 16.17093 16.31559 12.97387 9.980557 9.876675 12.36764 11.99516 11.67416 12.10849 
  14.81856 16.45493 15.77039 17.21326 17.50224 16.82867 15.56496 15.33841 14.67971 15.19135 16.67593 15.15927 16.26518 15.17317 16.29305 16.67485 12.75979 9.632748 9.972058 11.08019 11.10982 11.87206 12.21812 
  14.74302 16.36363 15.67667 17.1231 17.21101 16.10958 14.95883 15.05181 14.49992 15.65378 16.95174 15.35067 15.40274 13.98462 15.92669 16.53114 12.58139 9.414356 9.995905 10.68405 10.4837 11.60819 12.17427 
  14.59193 15.81583 15.20807 16.85262 16.3373 14.87685 13.94862 14.38307 14.05042 15.74627 16.45082 15.09546 15.46908 12.66401 14.27807 15.14622 12.47435 9.932026 9.983981 10.38695 10.40376 10.81655 10.92262 
  14.2142 15.72453 14.73947 14.7789 12.45415 11.79502 11.5241 12.56793 13.06154 11.67687 12.09872 14.58504 14.34126 9.890738 10.61446 12.23401 10.40488 9.430533 9.769368 9.462914 9.686637 10.28032 10.70477 
  14.36529 15.81583 14.55203 14.23794 12.16291 10.87048 10.81695 12.18579 12.70195 11.21444 11.27332 13.628 13.74419 10.35295 10.06492 11.19001 9.120383 9.324232 9.912444 9.990808 10.4837 10.88252 10.82926 
  14.2142 15.63324 14.08344 13.87729 11.19213 10.25411 9.70572 10.75278 10.99388 9.549685 10.07275 12.54335 12.88174 9.560587 8.78266 9.926227 9.191744 9.479065 9.90052 9.670366 10.07797 10.56449 10.91743 
  14.2142 15.63324 13.70856 13.156 10.4155 9.740475 9.301634 9.89298 10.27469 8.532335 8.346914 11.3311 12.15198 9.362495 8.78266 9.87128 9.017408 8.943051 9.517607 10.16412 10.17729 10.30262 10.39914 
  14.06311 15.35934 13.33368 12.52487 9.930103 9.535019 8.594484 9.224242 9.465606 8.809793 8.797131 12.16054 12.74906 9.890738 8.151097 10.75044 9.584229 8.951715 9.150915 9.539968 10.124 10.62201 10.5468 
  13.68539 14.90284 13.23996 12.07406 9.541788 9.124109 8.493464 9.797445 10.09489 9.457198 9.247348 11.45871 11.68758 9.428526 8.318638 9.926227 9.120383 8.787113 9.550942 10.04033 10.3638 10.50697 10.87075 
  13.5343 14.44634 13.05252 12.07406 9.930103 9.535019 9.099592 11.51706 12.34235 12.60173 11.4234 11.90533 12.21832 10.15486 8.78266 10.14602 9.584229 9.306906 9.317594 9.593312 10.20394 10.21341 10.60218 
  13.45876 13.07685 10.89697 10.45116 7.503136 7.685925 8.089378 9.033175 10.27469 10.01212 8.42195 10.18265 10.42709 9.032343 8.0541 8.882229 9.441507 8.925724 9.395376 10.08984 9.886138 10.55096 10.75664 
  13.23213 11.79865 10.14722 9.369221 7.794372 7.788652 7.180186 8.173368 8.296926 9.549685 8.42195 9.991245 9.830008 8.900283 8.212822 8.734988 9.156063 9.972469 9.306481 9.664439 10.33715 10.37501 10.4822 
  12.40114 10.88566 8.366547 7.746315 6.046955 6.761378 6.675079 6.931428 7.847434 8.994766 8.496986 9.736034 9.89635 9.098373 8.283365 7.98345 8.892432 9.280916 9.805138 9.812619 10.23058 10.31006 10.1961 
  11.57015 10.33786 7.429352 7.205347 5.550682 6.24774 5.96793 7.504632 8.476723 8.994766 7.821661 9.417021 9.365614 8.834252 8.47736 8.761357 9.156063 9.576128 9.47316 9.867014 10.4837 10.22828 10.60218 
  10.21035 8.968369 6.679596 6.033249 5.28633 6.145013 5.511971 7.026962 8.476723 7.884931 7.821661 9.736034 9.166588 8.306009 8.47736 8.748173 9.036635 10.01291 10.00783 9.711857 10.2439 10.26545 10.67884 
  8.39728 7.051078 5.180084 3.667266 4.738745 6.145013 4.701378 6.549292 7.577739 8.717308 7.136985 8.587585 9.033904 8.900283 8.59948 9.26686 9.263104 9.357736 9.606503 10.23839 9.947523 10.31749 10.02075 
  5.558766 4.342501 4.388539 4.983269 6.046955 5.051951 5.106675 5.707428 7.397942 7.884931 7.671588 8.842796 9.166588 8.900283 8.721601 8.827282 9.298785 9.02102 9.781291 10.16412 10.20394 10.31749 10.61659 
  5.753224 6.68588 5.180084 6.213572 5.852798 5.696577 6.068951 6.151638 7.218145 7.422499 7.296408 8.970402 8.171457 8.002192 8.212822 8.471291 9.512868 9.462888 10.06744 10.1146 10.40376 10.32088 10.32531 
  6.508668 6.777179 4.86247 5.265269 6.338191 6.004877 5.917268 6.24048 7.48784 8.254876 7.221372 8.651388 7.906089 7.587419 8.26573 8.827282 9.263104 9.61657 9.47316 10.01557 9.832426 10.17624 10.63215 
  7.339658 6.959778 4.734873 5.672603 6.43527 6.145013 5.132006 5.907322 6.00138 6.696063 6.74318 7.75815 7.590106 8.091652 8.442088 8.937177 8.652095 9.551862 9.617614 9.74742 10.16397 10.57802 10.87594 
  5.053175 5.188313 4.734873 5.54727 5.324095 5.920795 6.068951 6.262691 7.038348 6.817136 6.940083 7.318187 7.652516 7.920863 8.26573 8.814097 9.441507 9.640837 9.384265 9.891773 9.801734 10.71675 10.80332 
  5.480983 4.268952 4.680189 5.265269 5.380741 4.65957 5.056013 5.418692 6.21842 7.331695 6.940083 7.673449 7.839747 7.668746 8.59948 8.405366 9.075089 9.7379 9.924367 10.13936 10.29719 10.17624 10.53757 
  3.925319 4.636696 3.732328 4.513268 4.644334 5.276169 5.081344 5.35206 7.014233 7.422499 6.799438 7.949558 8.702193 8.306009 8.389181 8.882229 9.619909 9.272253 10.00783 9.990808 10.05495 10.31006 10.76183 
  4.314235 4.379275 4.151574 4.387934 5.45627 5.612495 4.676047 4.88564 6.025496 6.42365 6.490021 7.234596 7.764855 7.880199 8.59948 8.814097 8.873205 9.705545 10.16283 10.31267 9.870791 9.84169 10.20533 
  4.936501 4.563148 4.607276 5.672603 5.796151 5.108006 4.878695 5.973954 6.290767 6.665795 6.630665 7.464471 7.577624 7.644348 7.913013 8.827282 9.298785 9.228937 9.685907 9.735565 10.06262 10.28032 10.83444 
  5.092067 4.158628 4.242715 5.54727 4.814274 4.995896 5.410647 4.996692 6.073727 6.332845 5.871185 6.628561 7.115787 8.239979 8.90478 8.57677 9.055862 9.754077 9.948213 9.966049 10.19061 10.54757 10.81888 
  4.508693 3.570238 4.753101 5.609936 5.682858 5.444332 4.828033 5.018902 6.170189 6.938209 7.371444 7.213698 7.128269 7.888332 9.087961 8.882229 9.156063 9.495242 9.59539 10.1146 10.43041 10.63893 10.61141 
  3.264162 3.496689 4.607276 5.171269 5.078626 4.855761 5.258661 5.551954 5.543185 7.392231 7.221372 7.589858 7.972432 7.896465 8.721601 9.156965 9.370146 9.745988 9.948213 9.794838 10.06262 10.42915 10.70477 
  3.847536 4.820568 4.680189 4.732601 5.852798 5.079978 4.346744 5.285429 5.663763 5.485336 6.264989 7.151005 7.906089 8.438069 8.468542 8.827282 9.405827 9.332895 9.781291 9.628876 9.947523 10.52389 10.84482 
  4.236452 5.077989 4.898926 5.359269 5.682858 4.967869 5.587965 5.751849 5.494954 6.363113 6.771309 7.025619 7.827265 7.782606 7.921831 8.827282 9.120383 9.18562 9.769368 10.21364 10.19061 10.42915 10.4822 
  4.975392 3.901208 4.516136 5.54727 5.11639 5.108006 5.157337 6.040586 6.338998 5.848554 5.421123 6.35689 7.115787 7.807004 8.721601 9.156965 9.263104 9.365825 9.584278 9.68222 10.40376 10.57126 10.33454 ]
