 [
  5.340564 4.179329 3.91416 5.11303 6.734442 6.500154 4.143413 5.782622 6.455927 6.035972 8.402167 8.845632 7.069296 7.92084 8.74535 8.453199 8.722507 8.87711 9.211193 9.706677 9.995527 10.28868 10.8555 
  4.557579 3.39841 3.260237 4.277291 5.130914 5.17112 4.708177 5.22304 5.806759 6.012195 6.213217 7.109164 7.737864 7.09241 8.488589 8.396582 9.180392 9.269423 9.211193 9.700068 10.30242 10.26939 10.26487 
  4.432302 3.349603 4.443527 5.141849 4.319932 4.477966 5.138474 5.596094 5.649978 5.084875 5.672199 6.451079 6.573262 7.608481 7.875153 8.434327 9.124553 9.322387 9.799082 10.23468 10.23942 10.48678 10.97746 
  3.99383 3.78887 4.069857 5.11303 5.475581 4.809474 5.837705 6.174329 6.165117 6.756265 7.177639 7.064295 7.780997 7.662804 7.811521 8.585307 8.767179 9.262158 9.89759 10.06847 10.35492 10.65667 10.99779 
  4.964731 4.228137 4.007578 4.594296 5.414758 5.809097 6.687655 7.23068 6.902094 8.664113 8.810344 7.755238 7.673163 7.798613 8.488589 9.000181 9.420548 9.196773 9.497911 10.10541 10.59641 10.30797 10.36635 
  4.432302 4.228137 4.069857 3.326278 4.6646 5.140983 6.632785 7.020805 7.571345 9.262653 9.717402 8.449125 8.200411 7.948001 8.140287 9.51741 10.18104 9.665232 10.22595 9.785999 9.791094 10.04434 10.42554 
  3.430081 2.031802 4.31897 4.248473 5.475581 6.060391 6.523044 7.178211 6.097925 6.368855 7.313698 7.606547 8.043131 8.685127 8.08726 8.830649 9.420548 9.789903 9.831918 9.660406 10.29192 10.28225 10.40017 
  4.933412 5.598898 5.660333 6.46982 7.474948 7.693798 7.949676 8.33252 8.374446 9.37488 9.173167 8.102181 8.777105 9.718764 9.669689 10.69293 11.5019 9.509393 11.42445 11.2135 10.84841 10.9587 11.05877 
  7.002381 8.25942 6.92263 7.768972 7.845201 8.636148 9.321438 8.017708 7.125177 7.579258 8.130051 7.318555 7.37123 7.825774 8.097866 9.423368 9.740757 9.447058 10.19311 10.06847 10.58591 10.76993 10.30715 
  5.183967 5.524995 5.363321 5.170668 5.475581 6.311684 6.907137 6.601057 6.41131 6.60663 6.542532 6.91473 7.833424 7.567739 8.437237 8.95316 9.260445 9.291219 9.634904 9.772779 9.964076 10.08292 10.45936 
  3.430081 3.105566 4.194413 4.997756 5.090365 5.050571 5.48809 6.174329 5.470799 6.756265 7.177639 7.606547 8.095557 8.116628 7.959996 8.472072 9.046377 8.833519 9.66774 9.594304 9.932625 10.67554 10.40863 
  4.244385 2.715106 4.132135 4.968937 5.090365 5.746274 5.380515 5.708011 4.933262 6.226191 6.542532 8.151745 8.514972 9.098582 9.310224 9.188265 9.113385 9.478226 10.06177 9.752949 10.19742 11.01533 10.87583 
  3.398762 2.812721 3.073402 4.882482 5.272836 5.412217 5.219154 5.42822 5.314017 6.202414 6.377874 7.273685 7.938277 8.271673 8.320578 8.774032 8.756012 8.87711 9.412505 9.976131 10.08988 11.78928 11.50597 
  3.336123 3.105566 4.474666 4.623115 4.765973 5.683451 5.730131 5.129776 5.873951 6.297523 6.401397 7.243773 7.349663 7.540577 7.970602 8.509817 8.744843 9.353555 9.602068 10.32703 10.51242 10.73217 11.28237 
  5.02737 3.78887 4.536944 4.824844 5.333659 4.990297 5.541876 5.987802 5.71717 6.202414 6.471964 7.198903 7.716297 8.168309 8.06605 7.698299 9.024041 8.826254 9.430807 9.994599 9.979801 10.43014 11.99383 
  4.682857 3.496025 4.31897 4.651933 4.461854 5.050571 5.326728 6.137024 6.075528 6.392633 7.060027 7.004469 7.608463 7.581319 8.74535 9.000181 9.146889 9.247628 9.963261 10.41937 10.68041 10.69442 12.01416 
  4.745495 5.155478 4.630362 5.495456 5.549632 5.412217 6.02921 6.810931 5.963541 5.679311 6.119127 7.079251 7.737864 7.513415 8.013022 8.811777 9.420548 9.41589 9.552814 10.19775 10.79591 11.16634 12.35972 
  5.090009 3.837677 4.972893 5.414258 5.919885 4.899886 5.246047 5.502831 6.209912 6.154859 6.660144 7.064295 6.875196 8.426719 8.796702 9.282306 9.780783 9.821071 10.37371 10.58558 11.67822 12.67649 12.74594 
  4.307024 3.9841 5.437574 4.767208 5.130914 5.291668 5.864599 5.465525 5.739567 6.559075 7.631168 7.408294 7.241829 7.771451 8.693997 8.849522 9.260445 9.97691 10.01251 10.38243 10.95341 12.07243 12.40037 
  5.152647 5.894512 4.568083 5.576653 5.697733 5.321805 5.434302 5.763969 6.455927 6.756265 7.449757 8.003055 7.833424 7.812193 8.539941 9.094223 9.460575 9.852239 10.52147 11.30584 11.11091 11.61939 12.23776 
  9.464333 7.816 7.368147 7.200593 6.58634 6.625801 7.23636 7.020805 7.214411 8.327434 8.311461 8.944758 9.773214 9.977173 10.74809 10.50485 10.74141 10.6626 11.58863 12.22925 12.81413 13.6301 14.31144 
  10.75686 11.21556 11.30354 12.15361 12.80659 13.03378 12.44905 12.73988 12.30186 12.14061 15.0962 15.88366 14.85535 14.65886 14.85626 14.31353 15.44575 14.36679 15.45812 15.89862 15.46459 16.13799 16.35767 
  11.1877 12.2502 11.67481 11.26044 11.91798 12.71967 11.73574 11.74297 11.36377 11.32014 15.0962 14.81803 13.54794 15.23287 15.49597 13.89035 14.30373 13.12485 14.55245 14.67549 14.13936 14.98854 15.40942 
  11.55699 14.3934 13.45687 12.4784 11.69583 10.83497 10.74807 10.95595 10.69452 11.71452 12.93746 12.51332 12.65669 13.80163 12.90488 12.90291 12.18235 11.7223 11.52296 12.57871 11.93065 12.20457 12.31906 
  12.78797 16.08512 14.98902 14.83311 13.399 12.5312 12.01009 13.00222 12.30186 13.63192 14.35651 13.96553 14.49163 13.80163 13.21299 13.13801 12.50255 12.22099 11.58863 12.28749 12.62481 12.89863 13.13216 
  13.26237 16.26887 14.77985 15.40149 13.2509 12.84531 12.1747 13.34636 13.49772 14.59062 14.77919 15.03116 14.76442 13.23313 13.31569 13.04397 12.74271 12.09632 11.6543 12.86993 12.94034 12.37446 12.82725 
  13.37127 16.30562 14.86352 15.77492 13.91735 13.72484 12.88802 13.34636 14.76833 15.4428 14.14518 15.45741 14.22949 12.76799 13.00758 13.09099 12.18235 12.22099 11.24385 11.63827 11.67822 11.58163 11.81088 
  13.71974 16.41587 15.15637 16.45022 14.95406 14.50615 13.30657 13.62792 15.66523 15.97541 14.77919 15.7771 13.23338 12.30286 12.2373 13.37312 12.10229 11.5353 10.52147 10.53018 10.56491 11.48725 11.44499 
  13.95931 16.59962 15.74207 17.29434 15.85768 15.38513 14.24831 14.03463 16.3379 16.82759 15.73022 16.20335 13.33824 12.14781 12.08324 13.84333 12.82276 12.62617 10.65281 10.41937 10.03484 10.54341 11.01812 
  14.26423 16.82012 16.28593 17.92743 16.60184 16.16644 14.91102 14.75419 16.78635 17.67977 16.99825 17.37554 14.85535 12.87136 13.4184 15.14168 14.2637 14.14957 11.60505 11.10269 10.30242 10.12793 10.6319 
  14.46024 16.93037 16.70428 18.22288 17.18653 16.60593 15.08542 14.97319 16.3379 18.10586 18.37196 18.44116 16.21932 13.74995 14.24003 15.93687 15.21734 15.45288 12.92224 12.28749 10.41792 10.69442 10.91648 
  14.52558 16.85687 16.82979 18.13847 17.55861 16.80126 15.08542 14.56648 15.441 17.67977 19.42866 19.40022 17.85608 14.57686 15.01032 16.58748 15.90255 15.95973 13.94867 12.75344 10.54391 11.2041 11.95317 
  14.56914 16.70987 16.99713 17.96964 17.71807 16.7036 15.01566 14.06592 14.61885 16.18846 19.64 20.35929 19.12911 15.39687 15.63473 17.16581 16.51163 16.53898 14.1298 12.92817 10.64891 12.28008 13.21346 
  14.59092 16.56287 17.12264 17.92743 17.77122 16.50827 14.80638 13.78435 13.87143 15.12324 19.00598 20.46585 19.94749 16.7909 15.91225 17.67184 16.96844 16.97342 14.25056 13.27764 11.27891 12.63874 13.56282 
  14.59092 16.45262 17.20631 17.84302 17.71807 16.21528 14.52735 13.69049 13.57246 14.4841 17.31526 20.14616 20.12936 18.34892 16.67542 18.03329 17.57752 17.26305 14.73359 13.86008 11.26841 13.36886 13.91218 
  14.56914 16.30562 17.20631 17.7164 17.71807 15.97112 14.38783 13.75306 13.57246 14.16453 15.94156 19.61335 20.22029 19.16894 17.57735 18.6839 18.11046 17.26305 14.67321 14.03481 10.93241 14.04808 14.51108 
  14.54736 16.15862 17.03897 17.42096 17.71807 15.72696 14.07392 13.84692 13.42298 13.84497 15.41321 19.29366 20.22029 19.41494 18.61804 19.18994 18.56727 17.40786 14.49207 13.68535 11.67822 14.8318 14.91034 
  14.52558 15.86462 16.82979 17.29434 17.98384 15.82462 14.07392 13.53407 13.42298 13.5254 14.88486 18.12147 20.03843 19.57894 19.24245 19.4791 19.10021 17.8423 15.27699 14.32603 13.82383 14.88405 14.6608 
  14.52558 15.49711 16.20226 17.42096 18.30276 15.53163 14.87614 13.62792 12.97453 13.31236 14.25084 17.05585 20.12936 19.74295 19.38121 19.40681 19.10021 17.76989 15.27699 13.39412 12.75103 13.52561 13.81236 
  14.35135 14.90911 15.74207 17.63199 17.87753 15.28747 14.56223 13.44021 12.75031 12.67322 13.7225 15.99022 19.31098 19.49694 19.31183 18.97307 18.6434 16.97342 14.49207 12.86993 12.30928 13.78684 14.0619 
  14.11177 14.4673 15.28187 17.29434 17.02707 15.1898 14.21343 13.59664 12.3766 12.14061 12.75605 14.71147 18.31073 18.92293 18.68742 17.961 18.03432 16.61139 14.19018 12.63695 11.80443 13.78684 13.76245 
  13.95931 14.3195 14.73801 16.53463 16.12345 14.79915 14.00416 13.34636 11.9884 11.39495 11.89434 13.75241 17.31049 18.59493 18.20176 17.38268 18.03432 16.39417 14.06943 12.63695 11.86754 13.7346 13.21346 
  13.82864 14.3195 14.42216 16.3658 16.22976 14.01783 13.30657 12.73988 11.31915 10.3101 10.21628 12.01769 16.03745 17.93892 17.23045 16.58748 16.96844 15.16326 12.68073 12.15537 11.86754 13.89134 13.07117 
  13.34949 14.61511 14.42216 16.02815 15.43245 14.45732 13.5856 13.0335 12.07763 10.57196 10.57911 12.46376 16.40118 18.67693 18.7568 17.52726 17.95819 16.82861 13.94867 12.52047 11.74133 14.20483 13.96209 
  12.91107 13.35875 14.34791 15.90154 15.59191 13.87134 13.20193 12.84481 11.89917 10.3101 9.85346 11.52205 15.67373 18.26692 17.92425 16.22603 16.4355 15.30807 13.043 12.46222 11.93065 14.20483 13.4131 
  13.21881 14.3195 14.57067 15.56389 15.96399 13.92017 13.41121 13.06479 12.22712 10.83382 10.57911 10.48122 14.85535 18.18492 18.47928 16.73207 17.42525 16.10454 13.22413 12.17384 11.4889 13.52561 13.81236 
  11.49544 13.35875 13.38262 14.75192 14.80596 12.40555 12.01009 11.74297 11.22992 9.786376 10.03487 8.647378 13.49552 17.1189 17.36921 15.43084 15.97869 14.58401 11.71468 11.17656 11.4889 13.42111 13.46301 
  12.41867 14.24559 14.1994 14.91431 14.95406 12.84531 12.28444 11.84791 11.58685 10.19787 10.3977 8.845632 12.70912 16.62689 17.16107 14.92481 14.18365 13.28069 11.21102 11.25043 11.22641 13.26437 13.51291 
  12.23403 14.54121 14.27365 15.48269 15.69822 12.90814 12.39418 11.90038 12.07763 10.87123 11.71293 10.33253 13.02368 17.0369 17.29983 15.06939 14.53213 13.21836 11.30952 11.17656 11.23691 12.39334 12.92888 
  9.341235 12.1763 11.82331 11.91002 11.62178 8.447679 8.114287 8.962141 8.552913 8.364842 10.57911 9.143012 10.34991 14.42181 15.28783 12.90291 13.62328 12.71967 10.4558 10.69639 11.55201 13.05538 13.81236 
  12.48022 15.35011 14.57067 14.02114 13.76925 11.58885 11.40652 11.5331 11.58685 10.42233 11.98505 10.53079 10.61204 13.85331 14.44544 12.90291 13.66331 12.37683 10.24236 10.4009 11.3839 12.84639 13.26337 
  12.97261 15.93812 14.34791 14.02114 12.06609 11.08626 11.68087 11.5331 11.94378 10.45973 11.62222 10.53079 11.29359 14.1634 14.49679 12.62078 13.50321 12.06515 10.39012 10.58558 11.05841 12.14794 12.90856 
  12.48022 15.64411 14.27365 13.12798 11.32558 9.390029 10.52859 10.85101 11.40838 10.34751 11.44081 10.97686 10.82175 13.64658 13.88057 11.44526 12.34245 10.6626 9.996097 9.994599 10.54391 11.29848 12.03448 
  11.68009 14.61511 13.08561 11.34164 10.06672 9.138736 9.431178 11.00842 10.56067 10.49714 12.48393 11.62118 10.76932 11.73436 11.72378 10.26974 12.66266 11.13012 9.651321 9.660406 10.06629 10.37227 11.14008 
  10.20292 12.76753 11.08079 9.555306 9.622416 8.447679 10.36398 10.37879 10.02526 10.04824 12.39322 11.62118 11.87029 11.73436 11.00485 9.611452 11.14167 10.88077 10.43938 10.16081 10.68041 10.39799 10.8555 
  8.171808 10.107 8.853203 9.149322 8.585707 7.756621 10.3091 10.74607 10.6499 9.936011 12.98281 12.21594 11.92271 11.73436 12.18595 9.282306 11.42185 10.69377 9.782664 9.920727 10.37592 10.48678 10.99779 
  5.832954 7.963807 8.556191 8.337351 8.585707 7.882268 11.13216 11.32323 10.42682 9.67415 13.08848 12.8107 11.08388 11.37258 11.36431 9.470389 10.94154 9.571729 9.534513 9.739728 10.39692 10.86431 10.5862 
  5.709857 7.59429 7.516652 7.850169 8.289505 8.007915 9.540919 10.43126 10.06988 9.337471 11.62222 11.52205 11.08388 11.78604 10.43997 9.658473 10.34115 9.945742 10.19311 9.660406 10.37592 10.69442 10.95714 
  6.140698 6.559642 6.254355 7.119396 7.77115 7.568151 9.70553 9.539295 9.579097 9.449697 10.85122 10.53079 12.23727 11.83772 10.90214 10.50485 10.86149 9.447058 10.29162 10.19775 10.15542 10.17294 10.99779 
  6.140698 6.559642 5.437574 6.46982 7.845201 7.505328 9.321438 9.276953 8.552913 9.487106 11.62222 10.87773 12.02757 11.99276 11.0562 10.97506 10.50125 9.6964 9.963261 9.920727 10.47042 10.48678 10.67255 
  7.125479 7.298676 6.996883 6.46982 6.956594 8.384855 9.979883 8.804736 9.13293 8.813747 10.44305 9.886463 11.66058 11.42426 10.59403 10.50485 10.14102 8.94976 9.491811 9.739728 9.916899 10.03791 10.07038 
  6.694637 6.633546 5.734585 6.388623 7.104694 7.505328 8.827603 7.965239 8.240596 8.514478 9.762754 9.8369 10.9266 10.90745 9.92645 9.893577 9.660705 9.634064 9.716993 9.994599 10.10561 10.12793 10.42554 
  7.740967 7.59429 7.071136 7.038199 6.364189 6.311684 7.730194 8.070176 7.660578 8.177798 9.762754 9.539519 10.55962 10.39063 9.361576 9.940598 9.660705 9.602897 9.516212 9.858712 10.32342 10.43014 10.54392 
  9.956723 8.333323 7.4424 5.739047 5.919885 7.002741 6.852267 8.33252 8.017512 7.990755 9.173167 9.143012 9.301373 9.408673 9.361576 9.611452 9.500601 9.384722 9.3332 9.46871 10.42842 10.19223 10.50164 
  9.402784 7.59429 6.477113 6.388623 5.549632 7.002741 8.278898 6.968337 6.67901 7.467032 8.90105 8.895195 9.144094 9.253628 8.539941 9.000181 9.860835 9.914574 9.569232 9.548033 9.641701 10.37227 10.97746 
  8.294906 6.411836 5.06631 4.738389 5.29311 6.562978 8.114287 7.59796 6.321899 7.092944 8.402167 8.300435 8.567399 7.961582 8.437237 9.047202 9.124553 9.029676 9.253896 9.79261 10.20792 10.63779 10.61157 
  7.987162 5.894512 6.699872 5.739047 5.414758 6.311684 7.785065 8.489924 6.41131 6.345078 7.903286 7.457857 7.56533 8.116628 8.373605 9.000181 9.146889 9.384722 9.48571 10.32703 10.33392 10.48678 10.89616 
  7.433223 5.229382 5.363321 5.901441 4.887619 5.746274 7.565583 7.755365 6.67901 6.345078 7.268345 7.258729 8.357692 8.426719 8.373605 8.660797 8.465646 8.855314 9.16239 9.660406 9.94835 10.44902 10.3748 
  5.340564 6.042318 5.363321 5.739047 4.907894 6.186038 6.523044 7.020805 6.366693 6.178637 7.083549 7.393337 7.328096 7.445511 8.693997 9.141244 9.001705 9.007881 9.66774 10.08694 10.12133 10.61891 10.87583 
  6.079149 5.894512 5.58608 5.820244 6.58634 6.688624 5.246047 6.49612 6.455927 6.868491 7.222992 7.755238 7.56533 7.323284 8.394815 8.717414 9.091049 9.225833 9.369802 9.865322 10.06629 10.76993 10.95714 
  5.586759 5.229382 5.214816 5.251864 5.845834 5.472491 5.246047 6.230288 5.560389 6.297523 6.542532 7.21386 8.357692 8.013264 7.758494 8.038004 8.834187 9.087796 9.510112 9.752949 10.14492 10.48678 10.54392 
  5.215286 6.042318 5.289069 6.063835 5.549632 3.754676 4.65439 5.09247 5.806759 5.77442 6.730712 7.004469 7.479063 7.526996 8.394815 8.660797 8.834187 9.131387 9.48571 9.442269 10.0427 10.39799 10.47627 
  5.463661 4.569789 4.225553 5.576653 4.867345 4.327281 5.165367 5.763969 5.448401 6.107304 6.354352 7.804801 7.833424 8.168309 8.320578 8.906139 8.577325 9.073266 9.979678 9.902259 9.971939 10.27582 10.2987 
  5.894503 4.423367 3.976439 5.084212 5.475581 4.930023 5.541876 6.006454 6.366693 6.718856 6.307307 6.854904 7.608463 8.219992 8.539941 8.679669 9.460575 9.384722 9.308799 9.845491 10.01125 10.01862 10.29024 
  5.402112 4.472174 5.214816 5.026575 5.090365 5.472491 5.919469 6.286246 6.67901 6.60663 6.448442 6.705339 7.133996 7.431931 7.949391 8.623052 8.543821 8.884375 9.522312 9.902259 10.05843 10.4679 10.55238 
  6.448442 5.746705 5.437574 4.536659 4.178011 5.38208 5.783918 6.006454 5.71717 6.178637 6.777757 6.974556 6.767363 7.730708 8.341788 8.906139 8.901195 9.102326 9.443007 9.939195 9.720329 10.42371 10.54392 
  6.017601 5.10667 4.568083 3.989106 4.644325 3.845087 4.977112 5.446872 5.739567 6.831082 7.130594 7.273685 6.400729 7.812193 7.959996 8.264474 9.340496 8.927965 9.198992 9.88379 10.37592 10.32726 10.87583 ]
