 [
  2.966388 4.080863 4.768289 3.431551 4.083419 4.474027 4.932615 5.173808 5.72337 5.228541 6.224367 6.551784 6.636296 8.280321 7.895245 8.785815 9.05035 9.406251 9.43907 9.807067 9.689124 9.898508 10.57304 
  5.134766 4.92741 5.736666 3.879888 4.753487 4.24643 4.715206 5.173808 5.520075 6.618623 7.007297 6.913896 6.869459 7.029702 7.667077 8.367056 8.657252 9.050411 9.426948 9.248769 9.985736 10.02048 10.61092 
  4.18068 3.869226 4.574613 2.684323 3.961589 3.927796 3.845567 5.930663 6.129958 5.848297 6.078705 6.672488 7.522313 7.83088 7.971301 8.467027 8.536153 9.039886 9.208746 9.457466 9.728672 10.04487 10.2825 
  4.52762 3.340134 3.122047 3.13266 2.986946 4.428507 5.019579 5.993734 5.676455 5.331834 6.04229 6.913896 7.895372 7.928585 8.001723 8.329567 8.996112 9.271439 9.512455 9.723322 9.860499 10.58728 10.35906 
  3.833739 3.128497 2.734696 2.385432 3.230607 5.020257 5.323953 5.899128 5.848474 6.178834 6.989089 7.306184 6.822826 7.811339 7.332431 8.785815 8.756334 8.976736 9.652964 9.879889 10.07078 10.05301 10.36672 
  4.440885 3.340134 2.928371 3.730442 3.230607 4.565065 4.976097 6.24602 6.11432 6.958302 6.788805 6.521608 7.172569 7.459602 8.305947 8.629479 8.404043 8.829385 9.414825 9.349751 10.01003 10.3702 10.50453 
  2.966388 2.070313 2.444182 2.460155 3.596098 4.83818 4.932615 5.079201 5.817197 6.618623 6.370028 7.079864 7.918688 8.280321 7.743133 8.279582 8.44808 9.071462 9.23299 9.464199 10.0647 10.26442 10.70564 
  4.87456 3.657589 2.831533 2.983214 3.352437 5.247853 5.410917 5.993734 6.301976 6.075541 6.024082 6.717752 7.47568 7.967667 8.47144 8.666968 8.833398 9.375347 9.64019 9.585378 10.1376 10.3485 10.5541 
  4.961296 3.975044 2.153669 2.534878 4.631656 4.382988 4.193422 4.448488 5.598265 6.385419 6.406444 6.476344 7.382415 8.065371 8.275525 8.142122 8.404043 8.976736 9.64019 9.645967 10.089 10.3485 10.34375 
  4.093945 2.387769 2.54102 2.385432 3.961589 5.475449 5.280471 5.079201 5.582627 6.075541 6.406444 7.426888 8.292711 8.476597 7.773555 8.904663 8.887636 8.682034 9.220868 9.450734 10.07685 10.6307 10.5541 
  4.614355 5.033229 5.930342 6.569908 6.970186 7.199206 7.587318 8.138151 8.686846 9.064305 9.469622 9.751086 9.934483 10.17766 10.40219 10.27141 10.02664 9.777102 10.34274 10.77365 10.88331 10.97803 11.29285 
  6.695998 8.207781 9.503386 9.772999 10.10287 10.20792 10.78367 11.29521 11.82885 12.18934 12.67886 12.94832 13.13594 13.31807 13.65688 13.42085 12.90125 12.43487 12.7136 13.66228 13.88466 13.94327 14.11607 
  7.042938 7.996144 10.18109 10.44534 11.45754 12.42864 11.61473 12.09995 13.4653 13.34425 13.6923 14.72456 14.121 14.75743 15.25664 15.14414 13.93177 13.77286 14.38538 15.54616 15.80553 15.66242 15.07964 
  11.51996 13.01328 13.77293 13.89107 13.74355 14.29118 12.70149 13.89513 14.77447 14.83883 15.8881 16.94485 15.76277 16.65476 16.98495 16.34546 15.82564 17.80147 16.98593 18.05801 18.32667 17.59646 17.00677 
  13.84009 16.70361 17.2428 18.74213 17.29956 16.03473 15.53825 14.6648 14.44718 15.54048 17.1549 16.85604 15.18815 17.44563 16.91754 15.20356 16.3732 16.86626 14.19963 14.9182 16.04564 15.44753 15.27235 
  14.29502 17.60632 17.05144 20.29839 18.58768 16.49615 16.73809 15.99781 15.815 17.15767 19.2825 18.27703 16.74783 18.73077 17.49057 15.7978 17.34386 16.07492 11.32045 13.03432 13.28439 15.66242 14.75845 
  14.53216 17.5341 17.62551 20.37621 17.91507 16.88472 16.81081 16.38987 16.28145 17.81924 19.08202 18.36585 17.81499 18.50011 15.94001 16.27319 16.62208 13.8448 11.22757 12.15517 12.44401 15.73405 14.56574 
  14.59787 17.5341 17.80412 20.22058 17.55357 16.93329 16.77445 16.46828 16.46085 18.26029 19.44288 18.80991 18.79502 17.90696 15.56922 16.64904 15.80076 11.9404 10.41938 10.39687 12.2039 14.94611 14.30879 
  14.60335 17.55215 17.80412 20.25949 17.55357 16.909 16.88352 16.5859 16.60437 18.84836 19.80374 19.09265 18.88786 17.01724 15.4681 16.49002 14.36568 11.13689 9.525229 9.723322 11.48358 14.44469 13.85912 
  14.6581 17.57021 17.82963 20.22058 17.63823 17.10328 17.02896 16.70351 16.81965 19.36292 20.1245 19.1869 19.06027 16.13136 15.40068 16.67795 14.14873 10.85875 10.41938 10.08379 11.9638 14.44469 14.37302 
  14.68548 17.55215 17.82963 20.10386 17.63823 17.29757 17.10168 16.82113 16.96317 19.73046 20.40517 19.2623 19.00722 15.73881 15.14632 16.15434 14.36568 10.95146 9.933982 9.905376 11.24347 14.2298 13.9876 
  14.66906 17.47994 17.79136 19.98714 17.7229 17.41899 17.10168 16.86034 17.03493 19.87748 20.52546 19.39425 19.02048 15.80424 15.03599 16.27319 14.90806 11.07508 9.933982 9.619039 10.88331 14.08654 14.82269 
  14.64715 17.38967 17.74033 19.79261 17.7229 17.49185 17.02896 16.82113 16.96317 19.80397 20.36508 19.6393 19.20615 15.86966 15.14632 16.72132 15.45044 11.56955 9.959529 10.06194 10.49598 13.94327 14.62998 
  14.62525 17.31745 17.66379 19.55917 17.74692 17.51613 16.95624 16.74272 16.85553 19.50994 20.1245 19.8655 19.37856 16.06594 15.36697 17.15499 15.82564 11.90949 10.76426 10.13112 10.50813 13.87164 14.75845 
  14.60882 17.22718 17.57448 19.36464 17.84301 17.54042 16.84716 16.70351 16.74789 19.2159 19.92402 19.92204 19.44488 16.06594 15.25664 17.1839 15.72163 12.06401 11.00696 10.52247 10.53243 14.51632 14.82269 
  14.60335 17.17302 17.45967 19.09229 17.84301 17.49185 16.77445 16.66431 16.56849 18.92187 19.80374 19.97859 19.44488 16.00051 15.09115 16.98152 15.50468 12.31125 10.52156 10.27128 10.24693 13.0837 13.9876 
  14.56502 17.11885 17.34485 18.97557 17.84301 17.49185 16.77445 16.54669 16.42497 18.62784 19.80374 19.90319 19.13984 15.80424 14.98082 16.64904 15.28773 12.24944 10.61098 10.39687 9.900048 13.51349 13.73065 
  14.57597 16.99247 17.28107 18.66432 17.93909 17.41899 16.59265 16.38987 16.20968 18.11328 19.96412 19.84665 18.99396 15.80424 14.87049 16.35992 15.45044 12.55848 10.58543 10.39687 10.64784 13.44186 13.73065 
  14.55954 16.81193 17.14074 18.23635 18.08322 17.32185 16.33814 16.19384 15.95852 17.74573 20.1245 19.73355 18.84807 15.86966 14.98082 16.44666 15.77587 12.55848 10.78981 9.898094 10.08293 13.29859 13.28098 
  14.54311 16.68555 17.03868 18.00291 18.20333 17.24899 16.15635 15.91939 15.70736 17.30468 19.72355 19.7524 18.99396 16.00051 14.98082 16.40329 15.66739 12.34215 10.6493 10.14205 10.21656 12.15026 12.80825 
  14.54311 16.55917 17.07695 17.84105 18.3955 17.15185 15.97456 15.76257 15.42032 17.01065 19.2825 19.84665 19.24594 16.06594 14.98082 16.28764 15.77587 12.52758 10.29164 9.843478 9.649575 11.65097 12.23998 
  14.54859 16.40932 17.14074 17.84105 18.58768 17.079 15.72005 15.56654 15.2768 16.86363 19.36269 19.99744 19.4714 16.32764 15.09115 16.59122 16.19898 13.14566 10.68762 9.726963 10.1133 12.10684 12.95979 
  14.54859 16.29016 17.1535 17.75701 18.77985 16.909 15.46554 15.2921 15.13328 16.49609 19.32259 19.95975 19.32552 16.65476 15.20148 16.75023 16.3732 13.20747 10.80258 9.843478 9.939596 11.91147 13.15251 
  14.54311 16.05184 17.08971 17.75701 19.02007 16.61758 15.13831 14.90004 14.98975 15.90802 18.72116 19.73355 19.13984 17.1161 15.20148 16.46111 16.24875 13.11476 11.00696 9.679628 10.09507 12.45417 12.59989 
  14.50478 15.75395 16.95815 17.92509 19.21224 16.01045 14.81108 14.39036 14.77447 15.24645 18.64097 19.90319 19.16637 17.64334 15.20148 16.15434 16.12431 13.26928 11.5062 9.511324 9.946188 13.15533 12.95979 
  14.4117 15.57521 16.82261 18.04181 19.23626 15.58063 14.68323 14.08084 14.51264 14.9747 17.99944 19.4131 19.06027 17.97287 15.31181 16.03549 16.1492 13.23837 11.41333 10.12748 10.10115 12.45417 12.48623 
  14.34051 15.33689 16.68707 18.27525 19.16419 14.93591 14.49144 13.95704 14.31626 14.90677 16.986 19.50735 18.79502 18.00582 15.31181 15.73837 16.19898 13.70092 12.06346 9.989121 10.42309 12.45417 12.37258 
  14.24953 15.21773 16.6193 18.15853 18.97202 14.57772 14.17181 13.70942 13.92351 14.36328 16.22591 18.923 18.63587 18.03877 15.73776 15.85722 16.44786 14.20449 11.97059 10.01097 10.19834 12.30221 11.74747 
  14.11305 14.91983 16.41599 18.23635 18.63572 14.36282 13.78825 13.33801 13.72714 13.95567 15.55028 18.27703 18.63587 18.00582 16.44563 16.03549 16.54742 14.27643 11.5062 10.52247 10.38664 12.64954 12.18315 
  14.02206 14.74109 16.34822 17.92509 18.17931 14.14791 13.27683 12.47136 13.0071 13.20838 14.62129 17.74416 18.63587 17.87401 16.98495 15.91664 16.42297 14.56419 12.06346 9.952711 10.36235 12.8232 12.59989 
  13.93108 14.68151 16.28045 17.67297 17.74692 13.64646 13.08505 12.16185 12.61435 12.66489 13.86121 16.76723 18.22543 17.70925 17.28833 16.09492 16.47275 14.85195 11.59908 9.28243 10.36235 12.28051 12.25892 
  13.84009 14.56235 16.28045 17.08467 17.13023 13.50318 12.82934 11.79043 12.02522 12.18934 13.35449 15.7903 18.14334 17.70925 17.32203 16.35992 16.77142 15.28359 11.78483 9.788861 10.22264 11.34706 11.86113 
  13.7946 14.50277 16.28045 16.49638 16.53756 13.145 12.70149 11.60472 11.63247 11.98554 12.84777 14.81337 17.81499 17.70925 17.1872 16.54785 16.74653 15.8591 12.15634 10.05466 10.58102 11.47731 11.48228 
  13.70362 14.50277 16.34822 16.16021 15.94489 12.71519 12.44578 11.35711 11.30518 11.71379 12.59441 14.19168 17.7329 17.8081 17.08608 16.54785 16.7963 16.14686 11.97059 9.927223 10.5628 11.30365 11.02766 
  13.65812 14.44319 16.34822 15.90808 15.52156 12.42864 12.12614 11.1095 11.23972 11.50999 12.17214 13.74762 17.32245 17.67629 16.88383 16.3021 16.34831 15.71522 11.59908 9.956352 10.74503 11.47731 11.95584 
  13.65812 14.62193 16.48376 15.99212 15.09822 12.1421 11.99829 10.86189 11.1088 11.37412 11.91878 13.21475 16.9941 17.61039 16.71529 15.97607 15.77587 15.42747 11.87771 10.52247 10.56887 11.62927 12.27786 
  13.70362 14.68151 16.55153 15.99212 14.84422 11.71228 11.61473 10.79998 11.04335 11.17031 11.66542 12.94832 16.17321 17.182 16.31079 15.44126 15.28773 15.28359 11.1347 10.52247 10.56887 12.34563 12.39152 
  13.74911 14.74109 16.6193 16.07617 14.50555 11.42574 11.42294 10.73808 10.91243 10.83063 11.3276 12.50426 15.51651 16.68772 15.87259 15.02529 15.55892 15.64328 11.41333 10.14569 11.00336 12.19367 12.75143 
  13.7946 14.86025 16.55153 16.07617 14.08222 10.99592 10.78367 10.55237 10.58514 10.35508 10.90533 11.70495 14.94189 16.39306 15.80518 15.02529 15.34196 15.42747 11.04528 9.945429 10.76325 11.75951 12.08844 
  13.88559 15.03899 16.41599 15.99212 13.48955 10.42283 10.52796 10.73808 10.19239 9.947468 10.65197 11.43851 14.77771 16.39306 15.67034 14.84702 14.79958 14.78001 11.69196 10.89924 11.60363 13.15533 12.75143 
  13.97657 15.39647 15.33166 15.31979 13.32021 10.85265 10.52796 10.36666 9.668721 9.268112 9.891891 10.72802 13.71056 16.13136 14.76017 13.7774 13.66058 14.20449 10.6493 10.14569 11.12342 12.32392 12.37258 
  13.61263 16.29016 15.06058 14.39532 12.64288 10.70938 10.08047 9.809534 8.621387 8.045271 9.131807 9.04059 11.2479 13.44892 13.27073 12.17296 12.35887 13.02205 9.946755 9.799785 11.12342 12.49759 12.52412 
  12.5208 17.20912 16.89038 14.39532 14.25155 9.276653 9.377276 9.314309 7.901346 7.365915 7.189374 7.441976 10.01657 13.31807 12.71909 11.63815 12.25039 12.62029 9.767926 10.10564 11.24347 12.64954 12.86508 
  12.83925 17.46188 17.02592 13.89107 13.74355 8.488656 9.185495 8.880988 7.050388 7.365915 7.442735 6.913896 9.688217 13.77605 13.43622 11.69757 12.08768 12.21854 9.652964 10.52247 11.84374 12.43246 12.78931 
  13.11221 17.13691 16.34822 12.63043 11.71154 8.846836 10.01655 9.438115 7.639513 7.162108 7.865003 7.708411 10.09866 14.1686 14.20852 12.5295 11.76225 11.38412 9.589096 9.887171 12.08385 13.15533 12.6946 
  13.1577 16.4689 15.19612 10.52938 9.171529 7.915567 9.31335 8.571472 7.050388 7.230044 7.273828 7.170392 9.441952 13.51435 13.65688 11.16276 10.84021 10.98237 9.729606 9.774297 11.24347 11.88976 11.52016 
  12.79376 15.63479 13.97625 10.02513 7.562855 6.841025 8.162662 6.900091 6.854013 7.026237 7.696096 7.441976 8.94942 11.02818 11.67097 9.974287 8.996112 9.250388 9.487559 9.821631 10.64784 11.28194 11.34968 
  11.74742 14.62193 13.09523 9.604915 7.562855 8.918472 9.569057 9.190503 7.77043 6.958302 8.202818 8.418907 8.621066 10.57021 11.39515 10.15256 9.158826 9.344442 9.305724 9.705116 10.22871 10.67412 10.81929 
  9.700248 12.71538 11.60427 8.68045 6.641858 8.130475 9.888693 9.809534 8.490471 7.026237 8.625086 8.330095 8.538978 10.04681 11.28482 9.380052 9.05035 9.560772 9.063278 10.27128 10.09507 10.47874 10.85717 
  7.476614 9.795968 9.096763 7.587902 7.308854 8.703564 9.952621 9.376212 7.443138 6.890366 7.442735 7.974847 8.703155 10.63563 12.05712 9.082933 8.887636 9.375347 9.499681 9.978198 10.089 10.54387 10.33609 
  7.650084 8.961851 8.15761 7.251732 7.308854 8.703564 10.08047 9.376212 7.115846 6.302785 7.949457 8.418907 8.703155 9.654253 11.009 8.59199 8.996112 9.406251 9.499681 9.861683 9.979144 10.56558 10.70564 
  8.25723 9.021431 9.096763 8.092155 7.13952 7.270842 10.27226 9.500018 7.835888 7.637658 8.793993 8.774155 9.113597 8.542023 8.747261 8.629479 9.104589 9.684389 9.512455 9.75245 9.834134 10.25629 10.44328 
  7.910289 8.525236 9.571157 7.840028 6.093621 7.772295 9.760839 8.757182 8.032263 6.550688 8.540632 8.951778 8.210623 8.607448 9.464396 8.604486 8.371017 9.46806 9.305724 9.894453 9.985736 10.26442 10.26719 
  8.083759 9.617229 8.961222 7.419817 7.13952 7.270842 7.843026 8.014345 6.461263 6.323444 8.202818 8.685343 8.128534 8.163075 9.078247 8.117129 8.238908 9.166187 9.208746 9.571914 9.695715 10.47874 10.83823 
  9.973205 9.855548 8.351286 7.671944 7.478189 7.055933 7.651245 7.519121 6.98493 6.488712 6.734182 8.418907 8.785243 8.476597 8.169046 8.304575 8.833398 9.344442 8.723853 9.403609 9.919822 9.784668 10.57304 
  10.0187 8.631054 8.060773 7.671944 7.13952 6.249276 8.482297 7.457218 7.377679 6.686559 7.189374 8.241283 9.359863 9.065425 8.47144 8.379553 9.158826 9.239863 9.589096 9.941788 9.662758 10.30508 10.45093 
  10.38264 10.09387 9.842239 7.335775 6.824604 6.294795 7.395536 7.0858 6.380167 6.82243 7.358281 7.708411 8.785243 8.869149 8.21468 8.726392 8.348998 9.529868 9.099645 9.396876 9.563888 10.71753 10.74352 
  9.063349 8.631054 8.82568 7.16769 6.702773 5.976161 7.459464 7.271509 6.657638 6.890366 7.949457 8.152472 8.210623 7.83088 8.581769 8.964087 8.996112 9.197762 9.60187 10.02189 10.34412 10.24003 10.64881 
  9.24532 9.081011 8.554598 7.419817 7.13952 7.270842 6.756266 7.271509 6.526721 5.889614 7.189374 7.886035 7.965321 7.869962 7.758344 8.964087 8.756334 9.498964 9.402703 9.868965 10.08293 10.28882 10.78141 
  9.700248 9.676808 8.893451 7.251732 8.240191 7.700659 6.756266 6.24602 6.461263 6.447395 8.202818 8.241283 8.210623 8.476597 8.526605 8.726392 8.778353 9.777102 9.60187 9.788861 10.14974 10.14245 10.35906 
  9.154334 8.419417 7.576584 7.92407 7.901524 6.795506 6.237074 6.151413 6.461263 7.026237 7.043713 7.079864 7.755475 8.672873 8.361112 8.479524 9.158826 9.166187 9.426948 9.565182 9.781404 10.60899 10.53515 
  6.956203 5.562321 8.254448 7.335775 6.885519 7.270842 5.845737 6.182949 6.239424 6.178834 6.952674 7.886035 7.965321 8.143535 7.743133 8.666968 8.996112 9.529868 9.589096 9.697834 9.610027 9.955428 10.4739 
  8.517435 8.101962 7.673422 6.271017 6.970186 6.984298 5.845737 6.182949 6.083044 5.600395 6.970882 7.0346 8.210623 8.04583 8.290736 8.641975 8.128817 8.829385 9.704058 9.444002 10.33197 10.82607 10.74352 
  9.199827 9.259749 8.351286 6.943521 7.732189 7.342478 6.628411 6.590575 6.239424 6.344102 6.643144 6.88372 7.66221 8.411172 8.21468 7.867203 8.393035 8.92411 9.354214 9.876247 10.35627 10.11806 10.42031 
  8.699407 8.736873 8.254448 6.569908 6.885519 7.342478 6.88412 6.590575 6.317615 6.364761 6.934466 7.140216 8.011953 8.143535 8.47144 8.542005 8.44808 9.039886 9.23299 9.518056 9.959371 10.3702 10.5541 
  9.063349 9.200171 9.232304 7.251732 6.032706 6.203756 6.280556 6.466769 5.817197 5.641712 6.151536 7.079864 8.128534 7.791798 8.032146 8.279582 8.811379 9.313539 9.716832 10.02917 10.61747 10.39191 10.33609 
  11.06503 10.33219 8.351286 6.271017 6.154536 5.612007 6.584929 6.24602 6.34889 5.703688 6.643144 6.73284 7.965321 7.772257 7.697499 8.367056 8.602207 8.639934 9.317846 9.544985 10.33805 10.15871 10.51984 
  10.70109 9.795968 9.164534 7.419817 6.459113 6.476871 6.193592 6.403698 6.526721 6.618623 7.949457 8.06366 7.615578 7.655012 8.184258 8.35456 8.811379 9.344442 9.563549 9.544985 10.14367 9.971691 10.09109 
  8.517435 7.890326 6.511369 6.794076 6.763689 5.930641 5.889218 6.403698 6.395804 7.026237 7.611642 7.18548 8.456888 8.411172 7.986512 8.904663 8.315971 8.913586 9.342092 9.619039 10.26516 10.14245 10.45093 
  8.881377 9.378909 8.486827 7.16769 7.13952 6.749987 6.411002 6.151413 6.03613 6.686559 7.358281 7.619599 7.429048 7.967667 8.305947 8.666968 9.05035 8.92411 9.184502 9.565182 9.741855 10.22377 10.04516 
  9.518277 9.259749 8.893451 6.196294 6.885519 7.12757 7.075901 6.838188 6.208148 5.972249 7.134751 7.215656 7.498996 7.791798 7.8344 8.204604 8.734316 9.218813 9.857341 9.470931 9.959371 10.24816 10.45859 
  7.736819 8.842691 8.690139 6.046848 7.054853 6.912662 6.497965 5.993734 6.723096 6.618623 7.189374 7.708411 7.872056 8.084912 8.692097 8.785815 8.833398 9.375347 9.882888 10.14569 10.16189 10.05301 10.43562 
  10.10968 10.33219 8.060773 6.719354 5.789045 6.067199 5.584845 6.151413 5.754645 6.261468 6.843428 7.619599 7.568945 7.518225 8.047357 8.845239 8.833398 9.155663 9.576323 9.730604 9.939596 10.10179 10.33609 
  10.56461 8.961851 7.286071 6.569908 6.641858 5.520968 5.845737 6.056806 5.394971 6.199492 6.442859 7.019512 8.081902 7.850421 7.788767 8.342064 8.756334 9.529868 9.538002 9.876247 9.728672 10.12619 10.13703 ]
