 [
  4.451524 2.936193 4.29196 5.355474 5.187661 5.142788 5.515725 5.942026 5.223552 6.058154 6.713348 7.479535 6.928396 7.621982 7.876823 9.025646 8.907711 9.178347 9.83191 9.635557 9.805544 10.13129 10.04852 
  4.178787 4.27397 5.056394 4.931899 5.1097 5.827446 4.513677 5.549747 6.644562 7.038098 6.632109 6.605855 7.316817 7.565452 8.584039 8.745565 8.669208 9.509314 9.238729 9.730538 10.42111 10.35547 10.5167 
  4.490487 4.152354 4.58787 5.228402 5.596955 5.663455 5.303753 5.942026 5.923178 6.748383 7.083662 7.856454 8.217856 8.199255 8.305572 9.025646 9.151105 9.380795 9.875035 9.677771 10.34223 10.40263 10.43456 
  4.607374 4.27397 3.971392 5.037793 5.324092 5.562681 5.400105 6.328713 5.612233 5.937661 6.92457 7.667994 7.705237 7.805706 8.85877 9.067904 9.151105 9.239174 9.673783 9.751645 9.875628 10.0192 10.6681 
  3.90605 4.355048 4.489233 5.679743 5.674916 4.655713 4.976161 5.221917 5.353112 6.178648 6.567118 7.919274 8.474166 8.476497 8.437494 8.856621 9.10891 9.412925 9.380945 9.872332 10.45069 10.10887 10.38528 
  4.256712 3.544273 4.094687 5.440189 5.12919 4.991627 5.738931 6.199817 6.234123 6.247501 6.339648 7.114244 6.914524 7.523054 8.063713 8.456607 9.013713 9.573573 9.673783 9.477256 10.08588 10.07151 10.4592 
  5.425585 3.746967 4.144006 5.016614 5.031739 5.310745 5.245943 5.46779 6.000914 6.540128 7.330082 7.291075 7.2752 7.777441 8.584039 8.511646 8.775208 8.874205 9.391885 9.895325 10.03916 10.16865 10.6681 
  5.035961 3.828044 4.760484 5.24958 5.752876 4.991627 5.323024 5.549747 6.311859 6.350781 7.268477 6.937413 7.358433 7.706778 8.05272 8.98339 8.934212 9.477183 9.490342 9.582789 9.863947 9.966891 10.43456 
  3.828125 3.625351 4.686507 5.397832 6.212064 5.909442 4.648568 5.320266 5.3272 6.632497 6.762092 7.070036 7.833392 8.421048 9.499809 9.870775 9.446476 9.056689 9.173092 10.03328 10.57886 11.39205 11.3489 
  4.646337 3.909122 4.957757 5.679743 5.752876 5.745451 4.687109 5.861186 6.130475 6.980155 6.957065 7.919274 8.089702 8.642841 8.85877 8.566687 9.10891 9.117517 9.129333 10.11146 10.62816 10.55104 10.50027 
  5.269735 4.152354 5.843126 6.501471 6.55431 5.545885 5.590127 6.393161 7.088166 8.370785 8.993423 8.610294 9.050862 9.696359 9.362443 9.490468 9.10891 9.239174 9.337187 9.772752 10.74647 10.93444 11.84189 
  4.490487 4.27397 5.278326 6.044956 5.869818 4.790079 4.629298 6.264265 7.365419 9.703472 10.96479 10.43207 9.179017 10.30629 10.91925 10.29334 9.826238 9.412925 9.402824 10.24942 10.34223 10.28822 11.48975 
  4.724261 5.003667 5.666524 5.524904 5.955379 5.745451 5.738931 5.205525 5.430848 7.096041 7.391688 7.605175 7.89747 7.904634 8.129675 7.933731 8.88121 9.541443 9.515656 9.836073 10.22391 10.51394 10.97328 
  4.919073 3.66589 4.957757 5.334295 5.031739 4.94124 5.265213 6.328713 5.612233 6.299141 7.022057 6.362713 7.622005 7.692645 7.986759 8.745565 9.10891 8.947199 9.413765 9.656664 9.805544 10.37789 10.54134 
  4.529449 3.990199 4.859121 5.58844 5.791857 4.790079 4.822 5.418615 5.534497 5.507327 5.982196 6.848998 7.961547 7.805706 8.538251 8.346528 9.193301 9.573573 9.673783 10.17124 9.875628 10.07151 10.38528 
  4.958036 4.760435 5.105712 4.91072 5.16817 5.394724 5.813333 5.615314 5.793617 5.954874 6.632109 7.730814 8.281934 8.254704 8.239611 9.194673 9.040213 9.044524 9.659409 10.14365 10.37181 10.37042 10.31136 
  5.815209 7.777126 8.05065 6.592774 7.324364 5.745451 7.003761 7.295431 7.753572 6.505701 7.946135 8.798754 10.46057 9.918152 8.85877 9.067904 9.362084 9.348665 9.380945 9.61445 10.08588 10.28075 10.36885 
  5.035961 6.7475 7.874047 7.688411 7.409925 6.893392 6.482949 7.553223 7.53177 6.333568 9.609474 10.36925 10.97318 9.585462 9.408232 7.961251 9.049047 9.020193 9.468463 9.192312 9.712099 9.899636 10.62115 
  5.620398 5.998682 6.019728 6.501471 6.982118 5.909442 6.631752 6.522057 6.36731 6.557341 7.946135 9.175673 11.54988 10.74988 9.820328 9.067904 9.868434 9.509314 9.889411 10.18504 9.934031 10.415 10.71505 
  7.782104 9.181162 8.13895 7.96232 7.752171 6.319421 5.590127 6.844296 6.42276 7.733413 8.069345 9.364134 10.6528 10.80532 10.23242 9.11016 10.58576 9.86274 10.34941 9.899923 10.1056 10.4521 11.06719 
  12.66292 14.7973 13.61361 12.25356 10.66126 8.943287 8.863806 8.004358 7.47632 7.327812 8.00774 9.489773 11.54988 10.80532 9.866117 8.319008 9.995022 9.605702 10.17691 9.667217 9.338318 10.47683 11.30194 
  15.13975 17.60473 16.26263 15.90569 13.22811 12.22312 12.21189 9.937794 9.860691 9.645529 9.979105 12.00257 13.40812 12.96781 11.23977 8.941133 10.96552 10.24829 10.10504 10.19883 10.08588 10.76129 11.58365 
  15.81634 17.79064 16.35094 16.72741 13.9126 13.53505 13.03031 11.54899 11.52421 10.80439 11.70405 13.25897 14.6256 14.24312 12.20133 9.70175 11.09211 10.73024 9.817534 10.28161 10.06252 10.4892 11.25499 
  16.02632 17.82163 16.70414 17.09262 14.34041 14.10902 13.17911 12.06457 11.85691 10.63056 12.38171 14.07563 15.58676 15.01939 13.25446 10.42011 11.72505 11.24431 10.24879 10.16664 10.06252 10.28075 11.77146 
  16.25962 18.02304 17.01108 17.39961 14.68265 14.43701 13.40232 12.38681 11.96781 10.57262 13.67542 14.32691 15.90714 15.18574 12.93394 9.913033 11.89383 11.62987 10.98192 10.66822 10.31265 10.39026 11.51323 
  16.44627 18.19346 17.26047 17.64837 15.0249 14.68299 13.69992 12.7735 12.30051 11.61559 15.10627 15.01793 15.90714 15.18574 13.20868 10.50462 12.52677 12.01542 10.86692 10.66822 10.34223 10.46447 12.00622 
  16.58625 18.34839 17.47149 17.86604 15.28158 14.92898 13.92313 12.96684 12.52232 13.29593 15.50378 15.41662 15.84307 15.48618 13.48341 10.88493 13.75045 12.56163 11.4173 11.03898 10.71689 11.55283 12.45226 
  16.60958 18.48783 17.43312 18.25473 16.39388 16.15892 14.81595 14.42939 14.47057 15.96726 17.0938 16.34706 16.38725 16.16217 15.52501 14.22319 15.49831 13.46126 11.7973 11.78051 11.05212 12.205 13.29739 
  16.56292 18.3174 17.4523 18.16145 19.30034 18.59031 17.2934 17.15172 17.06424 18.19028 19.47884 18.88465 17.89616 18.56571 18.31887 16.60735 17.63299 16.05334 11.4933 10.98602 10.79577 13.66925 15.86672 
  16.42294 18.05402 17.4523 17.91269 19.06428 18.62952 18.35422 18.5633 18.12529 19.05479 20.27385 19.81509 18.7192 19.46704 18.94974 17.52433 18.00104 16.6705 14.30531 12.575 12.47404 15.78427 15.86672 
  16.3996 18.03853 17.41394 17.85049 18.35609 18.55109 18.88462 19.36992 18.95055 19.67229 20.57198 19.81509 18.92496 19.84259 18.85962 17.06584 17.7066 16.85565 15.29331 13.26356 13.90336 17.08582 16.26706 
  16.37627 18.02304 17.35638 17.75721 18.27741 18.51187 19.21613 19.97489 19.54002 20.4133 20.67136 19.56133 18.85637 19.91771 19.22011 17.79943 18.14826 17.34938 16.12931 13.52839 13.81673 16.76044 15.52358 
  16.35294 17.96107 17.29883 17.67947 18.23806 18.43344 19.14983 20.27737 20.01159 21.1543 20.96949 19.1384 18.58203 19.84259 19.58061 18.25792 18.07465 16.85565 16.12931 13.79322 14.07661 16.02831 14.55134 
  16.32961 17.89909 17.29883 17.64837 18.23806 18.43344 19.08353 20.47902 20.36528 21.52481 20.96949 18.80006 18.17051 19.54215 19.49049 18.34962 18.07465 16.05334 15.21731 12.68093 13.6868 15.37754 14.72291 
  16.30628 17.82163 17.26047 17.60173 18.19872 18.39422 18.95093 20.47902 20.60106 21.64831 20.67136 18.46172 17.89616 19.24171 19.49049 18.80811 18.14826 16.11506 14.91331 12.15127 13.86005 16.59774 15.9811 
  16.25962 17.74416 17.24128 17.55509 18.19872 18.39422 18.88462 20.3782 20.71896 21.64831 20.27385 18.37713 17.75899 19.01638 19.49049 18.89981 17.92743 15.86819 14.00131 12.31017 13.29698 16.19101 15.63796 
  16.18963 17.65121 17.18373 17.52399 18.19872 18.43344 18.88462 20.17654 20.83685 21.77181 20.27385 18.29254 17.55323 18.71594 19.76086 19.45 18.07465 15.68304 13.54531 11.62161 13.34029 15.78427 15.4092 
  16.14297 17.58924 17.14536 17.4618 18.19872 18.39422 18.75202 19.97489 20.71896 21.64831 20.0751 18.20796 17.34747 18.26527 19.67074 19.5417 17.85382 15.31275 12.8613 10.88008 12.90717 15.1335 14.72291 
  16.09631 17.52726 17.08781 17.43071 18.15938 18.39422 18.61942 19.77323 20.60106 21.64831 19.87634 18.20796 17.34747 17.7395 19.49049 19.5417 17.63299 14.69558 12.6333 10.72119 13.51355 15.94697 14.26539 
  16.04965 17.51177 17.06863 17.39961 18.12003 18.39422 18.42052 19.67241 20.48317 21.52481 19.77697 18.37713 17.55323 17.51417 19.58061 19.6334 17.63299 14.51043 12.1773 11.40975 13.6868 15.62158 14.49415 
  16.02632 17.51177 17.01108 17.38406 18.12003 18.35501 18.35422 19.57158 20.36528 21.4013 19.67759 18.12337 17.27888 17.51417 19.76086 19.90849 17.92743 14.63387 12.0253 10.25861 13.98998 16.19101 14.20819 
  16.00299 17.51177 16.9919 17.33742 18.12003 18.19814 18.28791 19.36992 20.12949 21.4013 19.77697 18.29254 17.34747 17.36395 19.67074 19.8168 17.85382 14.387 12.1013 10.40577 13.12373 15.54023 14.49415 
  15.97965 17.51177 16.91516 17.30633 18.15938 18.0805 18.22161 19.16827 19.8937 21.2778 20.0751 18.46172 17.48464 17.58928 19.85099 19.90849 17.85382 13.95499 11.9493 10.40577 13.6868 15.86562 14.55134 
  15.95632 17.51177 16.91516 17.30633 18.15938 18.00207 18.22161 19.06744 19.65791 21.0308 20.37323 18.5463 17.48464 17.66439 20.03123 20.00019 17.92743 13.95499 12.1013 10.05168 12.82054 15.21484 14.95167 
  15.93299 17.51177 16.87679 17.30633 18.15938 17.96285 18.15531 18.96661 19.42212 20.9073 20.67136 18.71548 17.62181 17.88972 19.94111 19.8168 17.78021 13.95499 12.1773 10.37818 13.6868 15.94697 14.95167 
  15.88633 17.51177 16.85761 17.30633 18.23806 17.88442 18.22161 18.76496 19.06844 20.6603 20.96949 19.05382 17.96475 18.19016 19.94111 19.7251 17.78021 14.7573 12.8613 10.20803 13.21036 15.62158 14.32258 
  15.83967 17.51177 16.81924 17.30633 18.23806 17.8452 18.28791 18.5633 18.71476 20.4133 21.16824 19.47675 18.23909 18.4906 19.94111 19.45 17.78021 14.88073 12.8613 10.16664 12.43073 15.54023 15.4092 
  15.76968 17.51177 16.78087 17.29078 18.31675 17.76677 18.22161 18.36165 18.24318 19.79579 20.87011 19.98427 18.30768 18.71594 19.76086 19.3583 18.22187 15.25103 12.7093 11.09195 12.51735 14.48272 15.23763 
  15.69969 17.41817 16.70414 17.29078 18.43478 17.76677 18.28791 18.26082 17.77161 19.05479 20.67136 20.49178 18.65062 18.94127 19.67074 19.3583 18.81075 15.92991 13.16531 10.66822 12.25748 14.15733 14.32258 
  15.62969 17.41817 16.61584 17.27523 18.55281 17.76677 18.22161 18.05917 17.18213 18.06678 20.4726 20.66096 18.85637 19.09149 19.58061 19.26661 19.03158 16.36192 13.46931 10.44256 12.30079 14.40137 14.55134 
  15.5597 17.51177 16.52754 17.27523 18.67084 17.80599 18.15531 17.95834 16.59266 17.20227 19.47884 20.4072 19.40507 19.31682 19.67074 19.17491 19.10519 16.36192 13.39331 10.45176 12.21416 14.64541 15.18044 
  15.51304 17.52726 16.52754 17.27523 18.86756 17.88442 17.89011 17.65586 16.00319 16.33777 18.28632 20.15344 19.81659 19.54215 19.76086 18.89981 19.03158 16.60879 13.31731 10.44716 12.47404 14.48272 14.95167 
  15.44305 17.60473 16.43924 17.27523 19.02494 18.04128 17.4923 17.25255 15.53162 15.59676 17.0938 19.39216 19.95376 19.61726 19.76086 18.62472 18.58992 15.99162 12.8613 10.45636 12.30079 14.72676 15.18044 
  15.37306 17.69769 16.35094 17.27523 19.10362 18.19814 16.96189 16.74841 15.17794 14.60875 15.70253 18.12337 20.22811 19.76748 19.58061 18.07453 18.07465 15.99162 12.6333 9.899923 11.56447 14.80811 15.80953 
  15.27973 17.75966 16.26263 17.27523 18.90691 18.19814 16.63038 16.34511 14.70636 13.81742 14.41468 16.85458 20.15952 19.76748 19.49049 17.61603 17.55939 15.62133 11.8733 9.927515 12.47404 15.05215 15.35201 
  15.13975 17.82163 16.26263 17.32187 18.27741 17.96285 16.29888 15.84097 13.99899 13.23799 12.99776 16.17789 19.95376 19.76748 18.85962 16.79075 16.82329 15.06588 11.6453 10.05168 12.47404 14.9708 14.83729 
  14.99405 17.91459 16.43924 17.43071 17.52988 17.53148 16.03367 15.53849 13.52742 13.1221 12.07368 16.0933 19.47366 19.69237 18.76949 16.42395 15.86636 14.32529 11.3413 10.16204 11.39122 13.83194 13.80786 
  14.84836 17.96107 16.61584 17.47735 16.82169 17.1001 15.63587 15.23601 13.52742 13.41182 13.86023 16.85458 17.82757 18.26527 17.59787 15.32357 15.27748 14.07842 10.04754 10.45636 11.34791 13.01847 13.01568 
  14.70266 18.03853 16.76169 17.27523 16.05164 16.15892 14.89035 14.53022 13.18772 14.23825 15.10627 16.00872 15.71491 15.18574 14.35339 13.80063 14.54139 13.76984 10.27754 10.28161 10.74647 11.42915 12.2175 
  14.41127 18.19346 17.24128 17.41516 16.39388 16.07692 14.44394 14.22773 13.40952 14.23825 14.90752 15.33203 15.84307 14.18767 11.88081 13.3358 14.2568 13.26848 10.22004 10.50932 10.93381 11.45389 12.00622 
  13.90133 18.13149 17.43312 17.36852 16.73613 16.31578 14.29514 14.12691 13.8811 14.23825 14.84591 15.08075 16.1129 13.79953 11.9266 13.3358 14.04582 13.23635 10.10504 10.08847 10.569 11.36731 12.10012 
  13.17286 17.97656 17.58659 17.33742 17.0971 16.355 14.66715 13.28908 13.40952 14.36175 15.0069 14.76665 15.52268 13.85498 11.83502 12.74422 13.87704 12.88293 10.22004 9.899923 10.67746 11.05812 12.10012 
  12.00729 17.75966 17.75924 17.18393 17.52988 16.27657 15.37066 12.58016 11.91236 13.99125 15.20565 14.89229 15.33045 13.41139 11.69766 12.27939 13.53947 12.78654 10.59379 10.72119 11.05212 11.16943 12.38183 
  10.04039 17.41817 17.85516 16.72741 17.76594 15.83094 15.63587 12.38681 10.91425 13.93331 14.53789 14.64101 15.13822 13.24505 11.23977 12.91324 14.13021 12.81867 10.32067 9.867733 10.6676 11.33021 12.28793 
  8.874825 17.13736 17.91271 15.81438 17.45119 15.50295 15.70217 11.03341 12.07871 14.11475 14.29147 13.94999 14.94598 13.41139 11.28556 13.12452 14.2146 13.30061 10.49317 10.19423 10.52956 11.08285 12.49921 
  8.364889 17.04376 17.87434 14.90135 16.39388 14.68299 15.03916 11.67789 12.74412 14.11475 14.16826 12.94487 13.40812 11.6925 11.23977 11.9836 13.62386 12.62589 10.19129 10.24022 11.34791 11.81255 13.69348 
  7.709257 16.76295 17.43312 13.62311 14.68265 13.45306 13.55112 10.84007 11.3024 12.54268 13.429 13.13333 14.56152 12.91236 13.5292 13.16678 13.2019 11.95117 11.4933 12.20424 11.91097 12.12366 13.97943 
  9.603304 16.01413 16.35094 12.07096 12.97142 12.5511 12.06308 12.51571 11.91236 13.93331 14.90752 13.82435 14.17705 12.35788 14.35339 13.67386 12.40018 11.43709 11.15442 12.0983 11.60779 11.96096 14.60853 
  9.457608 14.32929 14.49662 10.88402 12.20137 12.6331 12.21189 11.61344 11.13605 12.94828 14.84591 13.94999 13.21589 12.19153 13.84971 14.22319 12.02042 11.08366 10.19129 10.33219 11.10142 11.62703 13.5791 
  8.073497 10.866 10.69968 10.3362 11.688 11.64915 11.17026 11.54899 11.24695 12.25296 13.73702 13.19615 13.15182 12.13608 12.56764 12.40616 11.51407 10.82663 10.60817 10.56229 10.99296 11.15706 12.52269 
  6.616537 8.71315 8.845358 8.966654 10.5757 11.73114 10.72385 11.4201 11.02515 12.36885 14.47628 13.94999 12.31881 11.19346 13.39183 13.3358 11.85164 10.95515 11.08255 10.66822 11.10142 11.2189 12.47573 
  7.272169 7.496319 8.403853 8.692744 10.14789 10.09123 10.05424 10.84007 11.46876 12.65856 14.7227 13.82435 11.74211 11.08257 13.84971 13.75837 11.59846 10.95515 10.80942 10.66822 10.58872 11.15706 12.2175 
  6.543689 7.215512 8.933659 8.327532 9.463402 10.25522 10.20304 9.937794 10.7479 11.96325 13.67542 13.07051 11.67804 10.97167 12.75079 12.82873 11.04992 10.24829 10.89567 10.23562 10.77605 10.77366 11.70103 
  7.345017 6.934705 6.991038 8.144926 9.805647 10.17322 9.087011 9.422211 9.74979 11.03616 13.55221 12.25385 11.03726 10.30629 12.38448 12.11037 10.33259 10.28042 10.57942 10.43336 10.6676 10.73656 10.94981 
  7.490713 7.215512 7.697446 7.231895 8.436663 9.189275 8.863806 9.680002 10.7479 12.94828 14.22986 13.57307 12.31881 12.13608 13.20868 12.53293 11.00772 10.69811 10.29191 9.932114 10.48026 10.61288 10.80895 
  7.490713 6.560296 6.902738 8.053623 8.950032 8.123329 8.045386 8.519941 9.69434 12.3109 14.04505 13.07051 11.42173 11.41525 12.52185 11.85683 10.29039 9.477183 9.21685 9.783305 10.02748 10.05656 10.54134 
  7.563561 6.466694 7.432543 7.049289 7.752171 7.631354 7.970984 7.875462 7.698122 9.413757 11.02639 10.11797 9.563482 8.199255 10.00348 10.08206 9.488671 9.445054 9.019937 9.872332 10.00412 9.959418 10.37706 
  6.470841 7.12191 6.19633 6.318865 7.495486 8.123329 8.045386 6.973192 6.921815 8.892271 9.363053 9.741053 9.243094 8.310152 8.675616 9.617237 9.826238 9.637832 9.315308 9.867733 10.62816 10.58814 10.59767 
  7.709257 6.934705 6.637835 6.318865 7.923294 6.975388 6.854958 7.230983 7.254518 8.6605 9.301449 7.856454 7.2752 8.031828 8.767193 8.941133 9.022546 9.477183 9.83191 10.50932 10.32251 10.61288 10.94981 
  6.252297 6.466694 6.814436 5.953652 6.297626 6.975388 6.408547 6.586504 6.644562 7.385756 7.822924 7.047933 7.769315 7.848104 8.950347 8.856621 9.040213 9.605702 9.348126 10.00569 10.1056 10.25833 10.57419 
  5.888057 6.185886 6.019728 6.044956 6.126502 6.073434 6.185341 6.199817 6.47821 6.980155 7.514898 7.158452 7.205839 8.254704 7.975765 8.898877 9.10891 9.637832 9.932536 9.82552 10.54928 10.348 10.49206 
  6.689385 6.466694 5.278326 4.889542 4.622445 4.974832 6.259743 6.457609 6.866364 7.67547 7.206872 7.114244 6.970013 8.365601 8.404513 9.025646 9.446476 10.08765 9.573157 10.18964 10.42111 10.51394 10.94981 
  5.620398 6.560296 5.401622 5.679743 6.297626 6.073434 6.334145 6.328713 6.866364 6.69044 7.022057 7.793634 7.961547 7.777441 8.812982 8.941133 9.040213 9.509314 9.731284 9.94591 9.910669 10.31064 10.92633 
  4.373599 4.760435 4.982416 5.101329 5.363072 5.092402 5.072512 5.79562 6.589112 6.980155 6.875826 7.158452 7.769315 8.753738 9.362443 9.279185 9.049047 9.79848 10.19129 9.814966 9.595292 10.08645 10.35242 
  3.321614 5.624272 5.489923 5.771047 5.955379 5.377928 4.89908 5.516964 6.700013 7.096041 7.206872 7.246867 8.281934 8.587393 9.316655 9.194673 9.319888 9.202678 9.702534 9.968903 10.54928 10.53867 10.80895 
  4.763224 5.327977 3.823437 5.503726 6.040941 4.958036 4.764189 6.650952 7.53177 7.559584 7.514898 7.224763 7.677493 7.706778 8.184643 8.511646 8.501371 8.789045 8.801144 9.646111 10.18448 10.35547 10.35242 
  4.880111 4.963128 5.081053 5.440189 5.246131 5.394724 5.664529 5.074393 5.534497 5.593394 6.128426 5.876428 8.025624 8.476497 8.382526 8.800605 8.960711 8.97153 9.479403 9.814966 9.630334 10.16865 10.59767 
  5.698322 4.59828 4.834462 5.567262 5.616445 6.237426 6.259743 6.070921 6.47821 6.632497 6.160922 7.114244 7.833392 8.531945 8.812982 9.152416 9.446476 9.300003 9.760035 9.741092 9.910669 10.63761 11.02023 
  4.21775 5.165822 5.578224 5.524904 5.012249 6.401417 5.887734 5.697271 4.653486 5.851594 6.437135 6.848998 7.580388 7.876369 8.20663 8.98339 9.235497 9.008027 9.573157 10.06547 9.56025 10.30316 10.05673 
  5.65936 5.409054 5.130371 4.974257 5.869818 5.827446 6.11094 7.102087 7.53177 8.254899 7.822924 7.793634 9.179017 9.862703 10.91925 11.60329 11.47188 10.34468 9.380945 9.709432 10.06252 10.5263 10.54134 
  5.620398 7.028308 5.666524 4.953078 5.285112 7.13938 7.152565 8.648836 8.52988 8.428728 8.931817 9.426953 10.6528 11.13801 12.06396 12.87098 12.94873 12.14394 9.530032 10.20803 10.33237 10.62525 10.56598 
  6.033753 5.53067 4.88378 5.58844 5.265622 5.377928 6.631752 7.166535 6.810914 6.806326 6.794587 7.542355 8.025624 8.143807 9.041924 9.405954 9.868434 9.605702 9.348126 10.3046 10.19433 10.4521 10.71505 
  4.373599 5.084744 4.834462 5.679743 5.955379 5.909442 6.631752 6.779848 6.589112 6.419634 6.420887 7.025828 7.769315 8.975531 10.14085 10.67365 11.93603 11.27644 10.04754 10.50932 10.39153 10.74892 10.4592 
  5.425585 5.449593 5.15503 5.376653 5.226641 5.025218 5.457915 5.435007 5.845442 6.505701 6.144674 7.730814 7.663621 7.692645 8.85877 8.800605 9.049047 9.166181 9.413765 9.973501 10.49012 10.4892 10.62115 
  6.835081 5.998682 5.578224 6.410168 6.040941 5.629864 5.738931 5.730054 6.644562 6.540128 6.339648 7.114244 7.372305 7.763309 8.404513 9.11016 9.193301 8.789045 9.085575 9.635557 10.17462 10.61288 10.8559 
  5.65936 5.811477 4.489233 5.567262 6.212064 5.909442 4.590758 5.205525 5.379024 6.454061 6.84333 7.479535 7.833392 7.39586 8.05272 8.566687 8.519038 8.935033 9.490342 10.24942 10.0742 10.37789 10.64462 
  5.50351 5.811477 5.843126 6.044956 6.297626 5.745451 5.303753 5.435007 5.430848 6.471274 7.206872 7.136348 6.942268 7.819839 7.920797 9.025646 8.819376 9.25134 9.558783 10.07927 9.992435 10.66235 10.6681 
  5.620398 4.517202 5.489923 5.771047 5.499504 5.827446 5.590127 5.46779 5.508584 6.454061 6.745843 6.672167 7.344561 7.98943 8.063713 8.525407 9.022546 9.573573 9.932536 9.445595 10.09574 10.7984 10.99676 
  6.470841 5.905079 6.19633 6.684077 6.126502 5.596272 6.334145 6.264265 6.755463 7.443698 10.10232 12.12821 12.89551 13.13415 14.35339 13.75837 13.2019 12.81867 11.6453 11.88644 10.95353 10.72419 11.09066 
  6.397993 7.028308 6.637835 6.227562 6.639872 5.909442 5.515725 5.68088 7.753572 8.196957 11.51924 13.32179 14.0489 14.13222 15.70526 15.23187 14.46778 14.0167 13.31731 13.47542 12.08423 10.99628 11.32542 
  7.126473 6.841103 6.19633 5.771047 5.616445 5.909442 5.813333 6.393161 6.260035 6.632497 6.875826 7.479535 7.524899 7.876369 9.591386 9.448212 9.530868 9.300003 9.359066 10.19883 10.24363 10.39026 10.36064 
  5.960906 5.368515 5.931427 5.953652 5.187661 5.277154 5.323024 6.199817 6.36731 6.557341 6.892074 7.070036 7.039373 7.18387 8.459481 8.635486 8.810543 8.716051 9.558783 10.12526 10.2042 9.996782 10.31136 
  6.762233 5.811477 6.372932 6.318865 6.212064 5.991438 5.738931 6.006474 5.923178 6.574554 6.599613 7.224763 7.622005 7.961165 8.584039 8.621726 9.066713 9.380795 9.573157 10.07007 10.58872 10.39026 10.80895 
  6.907929 5.044206 5.578224 5.270759 5.187661 5.646659 6.55735 6.844296 7.309968 7.153984 8.069345 8.547474 8.986785 8.199255 8.675616 8.181409 8.642707 9.412925 9.601908 9.814966 10.40139 11.40441 13.34434 
  6.689385 6.653898 6.372932 7.049289 6.810994 6.893392 7.450172 7.746566 8.308077 8.428728 8.747002 10.30643 10.58872 8.864635 7.788875 8.941133 9.277693 8.776879 9.817534 10.22183 10.22391 9.996782 11.09066 
  6.689385 7.496319 7.16764 7.96232 8.26554 9.025283 8.789404 9.873346 9.306187 8.950214 9.178238 10.68335 10.84503 9.141876 8.767193 9.532724 9.193301 9.541443 10.11941 10.45636 10.26335 10.22844 10.762 
  7.490713 7.12191 6.461233 8.418835 8.522224 7.385367 9.161413 9.486659 9.472538 9.993187 8.747002 9.238493 10.52464 9.419117 9.682962 11.22298 12.2736 11.21218 9.558783 9.932114 10.62816 11.36731 13.41477 
  7.199321 6.185886 5.352304 5.679743 6.725433 6.893392 7.747779 8.455493 8.862582 8.776385 9.116632 10.30643 10.6528 9.363668 12.10975 14.31489 15.93997 14.44872 11.24067 11.09195 12.12754 14.56407 17.18211 
  7.126473 6.466694 4.859121 5.771047 6.639872 6.319421 7.822181 7.811014 8.696231 8.196957 8.500581 9.615414 10.71688 8.753738 9.77454 10.75816 12.2314 10.89089 9.616282 9.899923 10.64788 11.1818 13.41477 
  6.762233 7.215512 6.461233 5.679743 6.468748 6.483413 7.598976 7.359879 6.182299 7.443698 7.453293 7.291075 7.89747 8.310152 8.261598 9.194673 9.066713 9.380795 9.688159 9.941311 10.14504 10.62525 10.46742 
  5.815209 6.185886 5.401622 6.136259 6.126502 5.991438 5.590127 5.664488 6.644562 6.69044 6.84333 6.51744 7.769315 8.310152 8.239611 8.704286 9.277693 9.541443 9.702534 9.445595 10.05084 10.8355 10.83243 
  8.073497 6.279489 5.754826 4.91072 5.869818 6.401417 6.482949 6.199817 6.208211 6.006514 6.242161 6.473232 7.178095 7.947032 8.629827 8.456607 8.792876 9.734221 9.702534 9.867733 9.934031 10.32558 10.80895 
  7.782104 7.402717 6.372932 6.044956 5.811347 5.193175 4.706379 4.82852 6.42276 6.540128 6.940817 7.047933 7.358433 7.975298 7.997752 8.731805 8.775208 8.849874 9.479403 9.677771 10.34223 10.1014 10.43456 
  7.053625 5.624272 4.686507 4.233 5.031739 5.042014 5.303753 5.79562 6.311859 6.69044 7.514898 7.070036 7.164223 7.607849 8.675616 8.690525 8.633873 9.541443 9.348126 9.867733 9.840586 10.21349 10.57419 
  8.219193 6.934705 5.931427 5.771047 5.12919 5.445111 4.436597 5.123568 5.81953 6.230288 7.391688 7.047933 6.997757 7.918767 8.470475 8.786844 8.898877 9.166181 9.446584 9.904522 10.30279 10.47683 10.31957 
  8.000648 7.777126 5.754826 5.440189 6.383187 5.579476 5.168862 6.522057 6.311859 6.127007 6.908322 7.246867 7.164223 7.848104 8.371533 9.025646 8.943045 8.570064 9.501282 9.955107 10.29293 10.47683 10.59767 
  6.835081 6.560296 6.902738 6.501471 5.955379 4.588531 4.494407 5.861186 6.182299 6.350781 6.973313 7.793634 7.441666 8.199255 8.492462 8.360288 8.916544 9.477183 9.337187 9.968903 9.700418 10.39026 10.44277 
  6.980777 6.653898 5.578224 4.868363 6.040941 5.827446 4.687109 5.484181 5.897266 6.367994 6.794587 6.207986 7.386178 8.421048 8.538251 8.401567 9.004879 9.477183 9.80316 10.02409 9.992435 10.68709 10.71505 
  7.345017 7.12191 5.931427 5.771047 6.040941 5.663455 4.282435 5.139959 5.638145 6.127007 7.083662 6.871101 6.817419 7.777441 8.283585 8.140129 8.766376 9.348665 9.348126 9.361168 9.642015 10.28822 10.36064 
  7.782104 6.373091 5.666524 5.546083 5.538485 5.109197 5.014701 5.353049 5.897266 6.281928 6.713348 7.730814 7.663621 7.636115 8.239611 9.025646 8.978378 9.202678 9.337187 9.582789 9.805544 10.69945 11.11414 
  6.033753 4.800973 4.982416 5.86235 5.285112 5.529089 5.664529 5.877578 5.3272 6.748383 7.761319 7.793634 7.833392 8.310152 8.008746 8.814364 9.151105 9.117517 9.573157 9.82552 9.782183 10.20602 10.336 
  6.106601 5.624272 5.489923 6.318865 6.212064 5.745451 4.764189 6.070921 6.42276 6.488488 7.330082 7.479535 7.511027 8.753738 8.584039 8.580446 9.40428 9.637832 9.326247 9.814966 10.4704 10.74892 10.80895 
  6.616537 6.279489 6.726136 6.684077 6.982118 6.319421 6.482949 7.295431 7.753572 8.023128 9.055028 9.552593 9.691637 9.419117 8.812982 8.773085 8.890044 9.312168 9.760035 9.772752 10.13518 10.57578 10.49206 
  6.907929 5.717875 6.549534 5.953652 6.040941 5.745451 4.995431 6.070921 6.644562 7.443698 7.884529 8.610294 9.11494 9.308221 8.415507 8.786844 8.572039 9.348665 9.558783 9.881529 9.945711 10.50157 10.71505 
  6.907929 5.811477 4.785143 5.41901 6.212064 5.827446 5.887734 5.779229 6.47821 7.096041 6.973313 7.136348 7.608132 7.961165 8.675616 8.635486 9.235497 9.154015 9.544407 9.909121 9.875628 10.40263 10.6681 
  6.835081 6.466694 5.931427 5.270759 5.955379 5.495498 5.245943 6.070921 6.000914 6.402421 6.827083 7.919274 7.89747 7.890502 8.470475 9.025646 9.066713 8.995861 9.468463 10.15745 10.34223 10.4892 10.42635 
  6.325145 5.084744 5.754826 5.771047 5.955379 5.344337 5.323024 5.713663 5.81953 7.038098 7.699714 7.047933 7.455538 7.607849 8.481468 9.448212 9.573063 9.445054 10.07629 9.867733 10.0742 10.74892 10.92633 
  6.470841 5.044206 5.931427 6.501471 6.982118 5.445111 6.185341 6.973192 6.589112 6.574554 6.892074 8.484653 8.346011 7.735043 7.821855 8.856621 9.066713 9.227009 9.479403 9.762198 10.34223 10.60051 10.6681 
  7.345017 6.092284 6.637835 6.227562 6.383187 5.745451 6.631752 7.553223 7.864473 8.718443 8.438976 8.798754 9.371249 9.141876 8.584039 8.663006 8.845877 9.336499 9.774409 10.3092 10.31265 10.01173 10.56598 
  5.308698 4.882051 4.809803 5.058971 5.557975 5.075606 5.515725 6.070921 8.696231 10.80439 10.16392 9.238493 9.563482 9.585462 9.545597 9.955289 9.784042 9.702091 10.32067 10.72119 10.53942 10.61288 10.48384 
  6.543689 5.287438 5.843126 6.136259 6.383187 5.909442 5.477185 5.861186 6.260035 7.907242 8.623792 7.982094 8.346011 8.421048 8.721405 8.704286 8.837043 9.166181 9.530032 10.2908 10.72675 10.415 10.83243 
  6.252297 6.653898 5.578224 5.41901 5.518994 5.428315 6.036538 4.926869 5.689969 6.230288 6.778339 7.353895 7.608132 8.088359 8.349546 9.11016 9.277693 9.117517 9.616282 10.12985 10.26335 10.73656 10.57419 
  6.033753 5.624272 5.278326 5.355474 5.226641 6.565409 6.11094 5.549747 5.197639 5.4729 7.514898 7.605175 7.455538 7.650247 8.371533 9.025646 9.277693 9.477183 9.587533 9.936712 10.06252 10.57578 10.8559 
  6.397993 6.092284 4.29196 6.318865 6.468748 5.827446 6.55735 5.746446 5.482673 6.367994 6.892074 6.694271 7.552644 8.254704 8.129675 8.539166 9.066713 8.874205 9.630658 10.16664 10.0742 10.35547 10.36064 
  5.888057 4.841512 4.217983 5.376653 5.713896 5.663455 5.284483 6.650952 6.589112 6.574554 7.206872 6.738479 7.89747 8.199255 8.812982 8.745565 9.488671 9.412925 9.479403 10.07007 10.26335 10.1014 10.52491 
  4.568411 3.706428 3.946733 5.334295 5.421543 5.663455 5.226673 5.79562 6.42276 6.864269 7.022057 7.09214 7.413922 8.199255 8.584039 8.319008 8.987212 9.605702 9.424705 9.741092 10.31265 10.71182 10.73852 ]
