 [
  4.053553 4.583306 4.824131 4.909246 4.447115 4.840526 5.763572 6.034927 6.572609 6.894922 6.944085 7.671856 7.928371 7.919751 8.284556 8.394474 8.159876 8.758236 9.215344 9.616183 10.0511 10.26256 10.21749 
  3.61078 4.365924 5.4154 4.825491 5.374224 6.022225 6.215411 5.998196 6.108173 6.965157 7.011805 6.884641 7.406947 7.643616 8.39965 8.238115 8.655778 8.842379 9.226403 9.645853 10.2143 10.54774 10.70808 
  5.038371 4.920491 5.246466 5.333252 6.442399 5.918408 5.582836 6.034927 6.499586 6.508628 7.282685 7.816772 8.022123 8.021484 8.562388 8.286978 8.460028 9.452401 9.997256 9.938837 10.22227 10.40884 10.87185 
  4.555363 4.303815 4.908598 5.333252 4.828753 4.940279 5.266548 5.851591 5.646348 6.508628 7.282685 7.454481 7.196082 7.818017 8.684443 8.531287 9.196465 9.323388 9.591331 9.794203 10.38148 10.14778 10.46011 
  5.317384 4.751899 4.633002 5.016932 4.485279 5.710776 5.221364 5.961464 5.809345 6.754451 6.977945 7.092159 6.475627 7.352949 7.937318 8.676234 8.655778 9.094807 9.635565 9.754643 10.43721 10.07891 10.66129 
  5.177877 5.84775 5.753268 4.777631 5.057737 3.862942 4.657753 5.869876 6.353539 6.719334 6.787087 7.49071 8.444007 7.818017 8.440334 8.710028 9.196465 9.355641 9.480747 10.013 10.3178 10.36769 10.42335 
  6.014918 6.52212 6.175602 5.333252 4.905081 4.561216 5.060332 6.181855 6.216838 6.684216 6.558404 7.115217 7.693992 8.425718 8.346563 8.845201 8.99508 9.258881 9.663387 10.17987 10.07271 10.47572 10.14397 
  4.76199 4.583306 5.161999 5.175093 5.374224 4.341759 5.150913 5.211607 4.50537 6.578864 6.646359 6.561833 7.319087 7.236681 8.30936 8.023123 8.94288 8.985421 8.994177 9.794203 9.932258 10.44485 10.54098 
  4.407772 4.27276 4.313018 4.909246 4.866918 5.191694 5.090526 4.937327 5.56485 6.473511 7.113385 5.870104 7.881495 8.021484 7.937318 8.574853 9.156188 9.06115 9.403338 9.883213 10.06731 10.17074 10.6145 
  4.407772 4.667603 4.526341 4.909246 5.751226 4.940279 4.80872 5.77845 6.135339 6.473511 7.147245 7.92546 7.693992 8.021484 8.765812 8.50197 9.035357 9.136878 9.774677 9.938837 10.32576 10.2396 10.54098 
  4.584881 4.179596 4.526341 4.334922 4.29446 4.880427 4.587301 5.449315 5.673514 6.063579 6.681541 6.515718 7.389375 7.265749 8.440334 9.047963 8.99508 9.086392 9.91379 10.45799 10.62031 9.979443 10.6496 
  5.108124 3.216903 4.339684 5.096013 5.499891 5.139786 4.949623 5.357889 6.390051 5.796675 6.558404 7.345794 7.248798 7.309349 8.562388 8.453108 8.864579 9.645922 9.547097 9.901754 9.953866 10.51173 10.80167 
  5.317384 3.216903 4.019699 5.016932 5.499891 5.29551 5.090526 5.924732 6.108173 5.978655 6.294538 7.322736 6.721636 7.091348 7.788502 7.915627 9.075634 9.162121 9.45863 9.863433 10.12673 10.45514 10.98883 
  5.666151 3.837996 3.379729 4.466538 5.374224 5.451235 5.447284 5.156751 6.081007 5.905863 6.417675 6.285141 7.354231 7.367482 7.912516 8.777615 8.721028 9.355641 9.830322 9.576623 10.19042 10.41913 10.416 
  5.317384 3.775886 3.033079 4.526364 5.19131 5.119835 5.582836 6.512441 5.836512 5.990787 6.839861 7.092159 7.406947 8.27413 7.850509 8.878996 9.196465 9.484654 9.91379 9.833763 10.0511 10.06361 10.57039 
  6.851959 6.775009 4.739664 5.175093 6.379565 6.748939 6.622067 7.100149 6.937727 6.965157 8.332345 8.939875 8.115875 8.526776 8.725127 8.394474 8.264277 9.044321 9.303812 9.883213 9.889041 10.71749 11.02392 
  5.387138 7.280787 6.935805 6.124053 6.568066 7.216113 7.073907 6.989954 7.521915 7.421686 7.485845 7.780543 8.678387 8.981539 8.440334 8.384701 8.98203 8.876036 9.635565 10.08717 10.22227 10.56831 11.08241 
  5.805658 6.437824 6.51347 5.175093 7.322072 7.839011 8.293874 7.357271 8.909361 8.896625 8.569366 8.577583 9.240897 10.19424 9.213345 9.352106 9.558957 9.549162 9.969434 11.36652 11.6133 11.35486 11.30466 
  5.945165 5.679157 6.091136 6.203133 6.819402 7.475654 8.564978 7.504199 9.09192 9.142447 8.569366 8.831187 9.194021 9.992123 8.765812 9.3859 9.921449 9.903949 9.8025 10.66195 11.11389 11.05816 11.6322 
  4.43729 4.396978 4.153026 5.570493 5.076819 6.852756 7.706482 6.585904 8.179127 8.931742 8.907965 8.215293 9.522153 9.587889 9.538822 10.12936 10.002 9.613668 9.858145 12.49981 12.73546 11.05816 11.1175 
  5.247631 4.241705 4.606337 4.275097 5.31139 6.126041 6.531699 7.173613 6.901215 7.632391 7.722865 9.157249 9.475277 10.14371 10.35252 10.29833 10.32422 10.12972 9.774677 11.21819 11.98735 12.83832 13.29264 
  5.038371 4.552252 4.824131 5.728652 4.752426 6.022225 7.164275 7.724589 8.361685 8.96686 8.941825 9.809374 10.22529 10.69953 10.47457 10.4335 11.33114 11.51662 11.08233 11.71881 13.20303 13.82729 14.31603 
  4.584881 4.024323 4.993065 5.570493 7.699075 7.319929 5.718388 7.210344 8.325173 8.440096 8.840245 9.918061 10.6003 10.14371 10.27115 10.80523 11.69363 11.93591 12.0283 12.98641 15.26032 15.40965 15.2607 
  4.230662 4.667603 4.686333 4.825491 6.316731 6.177949 6.305779 5.522456 7.960056 8.404978 8.603226 9.845603 10.50655 10.95218 11.97991 12.0218 12.33806 12.74225 13.24983 15.17611 17.03708 17.1898 16.28409 
  5.875412 5.679157 4.712999 5.016932 5.688393 5.191694 5.030138 6.365513 7.850521 7.983567 9.788325 10.02675 10.97531 11.25535 11.77648 11.58248 12.29779 12.74225 13.14119 14.87199 16.56951 17.1898 16.28409 
  6.503192 6.016343 5.499866 6.440372 6.379565 6.177949 7.57093 8.495956 9.274479 9.282918 10.05921 11.5846 11.7722 12.7207 12.14264 12.96276 12.70056 12.41971 13.19684 14.14209 14.97978 15.70634 15.81176 
  11.03716 10.06256 12.00382 12.92493 12.41161 13.41776 12.74475 12.6084 12.40173 12.16311 13.61793 14.8827 14.88125 15.33095 14.33845 14.59671 14.90904 14.47593 14.41562 16.08849 16.56951 16.992 17.07131 
  12.99026 12.25426 11.41255 12.45045 12.97712 12.6854 12.4729 11.9825 11.90699 11.7114 13.61793 15.08982 15.63471 15.87207 14.63531 14.26031 15.36415 14.69145 14.30964 15.41941 15.26032 15.60744 16.20537 
  13.40878 14.02449 13.01743 11.73873 11.65761 10.74587 10.37234 10.83503 10.73495 10.89833 13.71683 15.08982 15.9361 14.78984 12.75292 12.49491 14.15053 13.29056 14.23015 13.59466 12.82897 13.13501 13.29264 
  14.87162 16.34304 15.6704 11.65965 11.53194 11.78403 11.11365 10.9915 10.91751 12.16311 15.20035 15.91827 16.23748 14.03446 12.38675 12.5287 13.22416 12.2907 12.41781 12.1638 11.70681 11.84934 12.58414 
  14.05174 16.94917 15.84036 14.26929 13.03995 12.12204 10.68862 11.46093 10.91751 13.60858 15.99156 15.91827 13.8264 12.82176 12.06128 12.29215 12.21723 11.8069 12.16741 11.64464 10.81137 11.05816 12.26925 
  13.92799 16.82794 15.29803 15.13917 13.03995 12.40372 10.95973 10.58967 11.28856 14.33131 14.80475 14.05425 14.42917 13.27652 12.67155 12.35974 12.90194 11.64563 11.44402 11.25527 10.95467 11.45375 12.02992 
  13.9744 16.82794 15.29803 15.77117 13.10278 12.40372 11.65735 11.25229 13.39121 14.87336 13.51903 13.12224 12.61596 12.7207 12.14264 11.78525 12.13668 11.35535 11.08233 11.16257 10.19042 10.39341 11.31636 
  13.89705 16.88856 15.46697 16.35051 13.29128 12.34739 12.74475 12.03466 14.13332 14.15063 13.42013 12.5009 11.11593 11.20482 11.77648 11.92042 11.33114 10.64578 10.9154 10.64341 11.23925 10.8461 11.48013 
  14.1755 17.04009 15.72139 17.08784 13.72702 12.17838 12.74475 12.9735 14.68991 15.32507 13.22233 12.60446 11.16281 10.09318 9.8643 10.19695 11.25059 10.67803 10.665 9.938837 9.780998 10.43971 10.98883 
  14.34566 17.22193 16.26524 18.0885 15.14314 13.30509 13.50593 13.54724 14.81359 16.58986 15.89266 14.46848 13.03785 10.19424 9.498137 10.06177 12.45889 11.90366 11.38838 10.06863 10.38148 10.30082 11.85445 
  14.60864 17.28254 16.57116 18.45717 15.57887 14.48813 14.21274 13.91235 14.38069 16.22849 17.47508 16.95384 15.55937 12.77123 10.63731 11.71766 13.98942 12.61323 13.0299 10.60633 10.52478 10.64033 12.26925 
  14.67052 17.1007 16.62215 17.98317 15.5244 15.05149 14.43022 13.80803 13.82411 14.96371 17.17837 18.50718 17.81976 14.84996 11.7358 12.86664 15.02281 13.00028 12.75168 11.10694 10.5009 10.38827 11.92464 
  14.68599 16.85825 16.53717 17.4565 16.12354 15.33317 14.32148 13.23429 13.082 13.96995 15.69486 18.19652 18.34719 16.83405 12.87497 13.29916 15.62963 13.88324 13.35581 10.8659 10.64419 10.37798 11.73748 
  14.67052 16.6461 16.4352 17.08784 16.5048 15.33317 14.104 13.12998 12.95831 13.4279 14.40914 16.3325 18.0458 18.27702 14.33845 14.59671 16.16058 14.52981 13.80623 11.58902 10.60439 10.41399 11.51522 
  14.65505 16.43396 16.45219 16.98251 16.72266 15.16416 13.61467 12.66056 12.58726 13.06653 13.71683 15.19337 17.59372 18.2169 15.11029 14.74088 15.8951 14.79921 14.81304 12.25651 10.84322 10.7998 11.66729 
  14.65505 16.34304 16.40121 16.8245 16.6682 14.76981 13.12534 12.13898 12.27804 12.61482 12.72782 14.15781 17.14164 17.43529 16.11962 14.837 15.93303 15.1225 14.70706 12.56063 11.51979 10.76379 11.84276 
  14.70146 16.25212 16.33323 16.56117 16.5048 14.31913 12.4729 11.66956 11.96883 11.89209 12.23332 13.2258 16.99095 17.67578 17.06957 15.1734 16.42606 15.33802 14.68057 12.05255 11.14573 10.43456 12.1118 
  14.73239 16.19151 16.33323 16.50851 16.178 13.81211 12.03794 11.46093 11.65962 11.44038 11.83771 12.70802 16.23748 17.9764 17.12895 15.07728 15.78133 15.71518 14.86603 12.62146 11.23925 10.63004 12.58414 
  14.74786 16.10059 16.36722 16.40317 15.79674 13.24875 11.60298 11.30445 11.47409 11.16935 11.54101 12.39735 15.63471 17.7359 16.77271 15.46174 16.19851 16.03847 14.83954 13.35136 11.80033 10.31625 12.1118 
  14.68599 15.97936 16.4352 16.35051 15.46994 12.85441 11.43987 11.35661 11.41225 11.16935 11.24431 12.19023 15.48402 17.55553 16.95083 15.26951 16.04681 15.82294 14.38912 13.10806 11.33276 10.09422 12.1118 
  14.5777 15.79752 16.50318 16.29784 15.19761 12.34739 11.33113 10.88719 11.22672 10.89833 11.07501 11.94689 14.50452 17.25492 16.89146 15.41368 16.08473 15.82294 14.38912 13.04723 10.66808 10.24725 12.26925 
  14.42301 15.58537 16.52018 16.24517 15.03421 11.95304 11.33113 10.6264 11.10303 10.98867 11.44211 11.98312 14.27848 16.9543 16.77271 15.22145 16.00888 16.36175 14.4951 13.83796 10.98651 10.2549 12.1118 
  14.26831 15.37323 16.50318 16.19251 14.92527 11.52449 11.22239 10.5162 10.88099 10.82809 11.17659 11.94689 14.35382 16.83405 17.06957 15.46174 16.31229 16.57727 14.09767 13.04723 11.12981 9.979443 11.50352 
  14.08268 15.12034 16.46919 16.03451 14.70741 11.05732 11.00491 10.25908 10.62541 10.6525 11.10887 11.80198 14.12778 16.65368 17.30706 15.89426 16.53984 16.68503 14.38912 13.35136 11.0104 10.04831 11.94803 
  13.8273 14.78315 16.29923 15.71851 14.54401 10.59014 10.64344 10.14889 10.22378 10.58227 10.83799 11.54837 13.60036 16.29293 16.89146 15.22145 16.42606 16.68503 14.23015 13.10806 10.43721 9.811104 11.81936 
  13.61804 14.36167 15.95933 15.24451 13.99935 10.12297 9.784945 9.377519 9.639596 9.915034 9.788325 10.31658 12.52221 15.33095 15.76338 13.77973 14.94696 15.23026 13.88571 12.80393 10.30984 10.27021 11.31636 
  13.26927 14.27738 15.55144 14.98101 13.40022 9.811522 8.655346 8.422493 9.018896 9.177565 9.517446 10.24412 11.30344 13.98393 15.16966 13.82779 14.56771 14.74533 13.88571 12.68228 10.30984 10.34197 11.07071 
  12.71124 14.61456 15.04463 14.26929 13.40022 10.12297 10.10123 8.900005 9.749131 10.47692 9.788325 10.38904 11.9597 15.03033 15.40715 12.96276 14.98489 14.63757 13.70025 12.80393 11.6133 11.05816 11.58541 
  11.8742 14.27738 14.1155 13.24125 12.91428 9.655797 9.333105 7.430735 8.106103 8.22939 7.790585 8.976104 10.55342 14.48922 14.8728 13.05887 14.68148 14.85309 12.94644 12.05255 10.40537 10.55288 10.87185 
  11.45568 15.20463 14.70677 11.97597 11.78327 9.344348 8.745714 7.210344 7.339356 7.597273 7.519705 8.541355 10.45967 14.66959 14.51657 12.19077 13.94914 13.88324 12.44563 11.58902 9.883638 9.948835 10.82506 
  11.80445 15.67629 14.79123 11.89689 11.34344 9.500072 8.067954 7.504199 7.594938 6.859804 6.977945 7.997918 9.944036 13.57969 13.56661 11.10937 11.89502 12.61323 11.86136 10.99569 10.19042 10.30596 10.76657 
  11.7347 15.20463 14.1155 10.07805 9.646923 8.565725 9.287922 6.512441 6.463074 5.869467 6.364902 7.382023 9.287773 12.92282 14.04159 11.10937 11.85474 11.71014 11.38838 10.84736 10.24615 10.19369 10.54833 
  11.10692 13.94019 12.59509 7.231173 8.327414 8.202368 8.519794 6.659368 5.91801 6.027183 7.214965 7.253563 9.053393 12.87229 12.83429 10.29833 10.72699 10.61352 11.02669 10.47654 9.959269 10.54774 10.46746 
  8.874807 10.98982 9.723215 7.152093 7.887576 7.735194 8.881266 7.247076 6.244004 6.403275 6.716723 7.454481 9.428401 13.12493 12.54949 10.56868 10.3645 10.16198 10.27548 9.813983 9.894443 10.3574 10.96543 
  7.688999 8.292341 9.04748 8.180133 8.830084 8.410001 8.655346 7.247076 7.850521 8.08892 7.079525 7.599398 9.147145 12.7207 12.42744 10.06177 9.317295 9.258881 9.997256 10.10571 10.19042 10.7535 10.53363 
  7.200726 8.966711 9.216413 7.231173 8.138912 7.57947 8.02277 6.585904 7.594938 7.105627 7.113385 7.022986 8.584635 10.95218 10.84073 8.64244 8.99508 9.516909 9.237462 9.517283 10.26207 10.42942 10.5998 
  6.084671 7.617971 7.104739 6.756693 6.819402 6.697031 6.847987 5.485886 6.390051 6.824687 7.045665 6.976871 7.371803 9.183656 9.050606 8.912789 8.786279 8.94335 9.193228 10.08717 10.0511 10.7072 10.73148 
  4.909581 5.510565 6.091136 4.861386 4.275378 4.202104 4.728204 5.339603 6.536098 6.965157 6.312129 6.999929 7.881495 8.122542 8.346563 8.777615 9.51868 8.985421 10.02508 11.86714 13.016 12.93721 13.29264 
  3.93548 4.086432 4.739664 4.251167 4.886 4.222054 5.211299 5.156751 6.280516 6.318351 6.611177 7.418252 7.881495 8.072014 8.284556 8.423791 8.747128 9.549162 9.591331 9.843653 10.41333 10.59918 10.84846 
  4.555363 3.589559 4.41968 4.358852 4.447115 4.920328 4.577237 5.211607 5.347521 6.318351 6.382493 6.907698 7.055505 7.832551 7.974523 8.179482 8.629678 9.162121 9.91379 9.833763 10.11053 10.01005 10.54098 
  3.079453 2.595811 4.633002 5.016932 5.374224 4.142252 4.859042 4.919042 5.021527 6.099975 6.294538 6.446545 7.354231 7.396549 8.110937 8.228343 8.590528 9.613668 9.591331 9.448053 10.18246 10.32139 10.69639 
  4.584881 4.836195 4.712999 5.096013 5.562725 5.079934 4.627559 5.522456 6.280516 6.613981 6.593586 7.115217 7.319087 7.716283 8.061332 8.777615 9.236741 9.613668 10.0529 10.58778 10.25411 10.36769 10.68469 
  5.108124 3.962214 4.824131 4.717805 5.248556 4.860476 4.798656 6.034927 6.463074 6.719334 6.716723 6.723237 7.037933 7.512816 8.148142 8.316295 8.212076 8.741407 8.927826 9.744753 10.09972 10.56317 10.60715 
  5.177877 4.751899 4.339684 4.921212 5.248556 5.119835 5.10059 5.668738 6.682145 6.789569 6.751905 7.454481 7.51238 8.223601 8.011726 8.023123 8.538328 8.833964 9.69121 9.883213 10.11053 10.28551 10.60715 
  5.108124 4.836195 4.019699 4.813526 5.688393 5.099885 5.070396 5.632168 5.456185 5.820939 7.147245 7.253563 6.739208 8.375189 8.928551 8.980376 9.478403 8.817136 9.480747 9.804093 9.829618 10.44485 11.00053 
  4.142108 3.247958 4.313018 4.358852 4.69518 4.301857 5.150913 6.071659 5.782179 5.954391 6.910225 7.997918 8.022123 7.905217 8.603073 9.01417 8.616628 8.926521 9.569214 9.477723 10.30984 10.19369 10.26161 
  4.466808 4.303815 3.566387 4.741735 5.562725 5.191694 4.708075 4.900757 6.053841 6.233427 5.784398 7.161333 7.928371 7.716283 8.603073 8.482425 8.551378 9.291135 9.45863 9.329373 10.1745 10.11717 10.57774 
  5.108124 4.459088 4.993065 4.741735 4.523443 5.139786 4.60743 4.77276 5.347521 5.699618 6.32972 7.322736 7.60024 7.236681 7.565278 8.710028 8.629678 9.452401 9.663387 9.957378 9.980877 10.29316 10.58509 
  4.968617 3.931159 5.330933 5.728652 4.179968 5.503143 5.763572 4.754475 5.103025 5.626826 6.839861 7.563169 7.740868 7.759883 8.521704 8.845201 8.851529 9.162121 9.547097 9.250254 9.953866 10.486 10.6379 
  4.702953 4.667603 4.553006 5.016932 4.618853 4.920328 6.576883 5.595597 6.755168 6.015051 6.875043 7.382023 7.020361 8.476247 8.562388 8.09153 8.786279 9.06115 9.171111 9.764533 10.07811 10.43971 10.59245 
  4.525845 4.836195 4.526341 5.728652 4.752426 4.940279 6.170228 6.549172 6.463074 5.736014 6.977945 7.382023 7.108222 8.021484 8.358965 8.541059 9.075634 9.153707 9.69121 9.994461 10.22227 10.56831 10.52628 
  4.939099 4.920491 5.584334 5.649572 5.057737 5.191694 6.07986 6.696099 6.609121 6.613981 7.181105 7.299678 7.582668 8.006951 8.39965 8.345612 8.99508 8.623608 9.91379 10.10571 10.37352 10.54774 10.51157 
  5.805658 5.932046 5.922202 5.965893 5.31139 5.451235 5.944307 6.549172 6.081007 6.649098 7.858305 9.229708 10.69405 10.14371 9.742246 9.554868 9.760342 10.09747 9.8025 10.66195 12.45492 13.4317 13.05647 
  5.387138 5.089084 5.753268 5.175093 4.256296 5.347418 5.718388 5.998196 5.972342 6.124239 7.350405 8.613813 8.678387 8.27413 8.272156 8.743821 9.196465 9.936202 9.69121 10.27258 10.7238 11.05816 11.45673 
  5.805658 5.679157 6.260069 5.649572 5.81406 4.98018 5.171041 6.622636 6.609121 7.772861 7.485845 8.179064 8.350255 8.425718 8.346563 8.472652 8.760179 9.086392 9.885967 10.03154 10.12673 10.95927 11.53862 
  5.038371 4.667603 6.091136 4.669945 5.751226 6.177949 6.802803 6.181855 6.353539 6.306219 7.959885 8.613813 7.787744 7.65815 8.234951 8.845201 9.397849 9.613668 9.997256 10.97715 10.96263 11.55265 12.1118 
  5.038371 6.184935 5.837735 6.124053 4.027313 5.079934 6.034676 6.181855 6.937727 6.087843 7.689005 8.396439 7.459663 8.122542 8.185346 8.316295 9.035357 8.926521 9.359104 9.754643 10.08892 10.39341 11.03562 
  4.880063 6.269231 5.584334 4.885316 5.499891 5.503143 5.85394 6.218586 6.864703 6.099975 7.790585 7.92546 7.283942 7.948817 8.011726 8.423791 9.035357 9.136878 9.126878 9.596403 10.19042 10.50658 10.94204 ]
