 [
  4.301451 4.963024 4.877227 3.924013 5.912984 6.439142 6.296906 5.988291 6.590367 6.244033 6.334832 6.830843 6.842217 8.055988 8.079323 8.449114 8.692163 9.189523 9.103288 9.754686 9.993695 10.27305 10.30865 
  4.366225 3.972117 4.055812 5.202749 5.610184 5.550303 5.125424 5.570644 6.220292 6.516677 6.761406 6.765982 7.480317 8.417523 8.811138 8.963198 9.218666 9.312147 9.452609 9.855828 9.879802 10.11896 10.28748 
  4.107131 2.968261 4.001983 4.085092 4.286408 4.688157 4.327975 4.741669 5.93624 5.294535 7.261178 7.595129 8.178901 7.817659 8.370358 8.354197 9.058359 8.944925 9.170465 9.428102 10.00081 10.386 10.64691 
  4.754972 3.815264 4.082727 5.279008 3.997649 4.972558 3.929251 5.017994 6.31281 5.403493 6.312412 6.733552 7.125817 8.32714 7.940131 8.433294 9.058359 9.189523 9.812766 10.11032 10.21305 10.386 10.55544 
  5.117876 6.62464 6.414451 4.499294 4.232266 5.150326 4.660245 4.969231 6.451589 6.923382 7.124876 7.688908 7.761313 8.191565 8.319743 8.180181 9.378972 9.353733 9.901469 9.80493 9.815737 10.13518 10.69264 
  5.571505 5.274577 6.341249 5.431527 5.004583 4.632295 5.291242 6.403284 6.544107 7.194519 6.603872 7.688908 7.427142 8.191565 7.990746 8.354197 8.501468 9.134292 9.591008 10.26301 10.01505 10.08652 10.60118 
  5.02715 4.097599 4.055812 4.897711 4.773689 5.861397 5.674352 6.218843 6.867923 7.05895 5.931271 7.025428 7.427142 7.920413 7.952785 7.911247 8.978206 9.228974 9.533221 10.11032 10.31206 10.386 10.42505 
  6.002452 5.897683 5.68244 5.698435 6.388813 7.06133 6.584238 6.541615 7.052961 7.420465 7.079443 6.928136 7.714914 7.586462 8.180552 8.544032 9.178589 9.436906 9.533221 10.05942 10.41106 10.25683 10.42505 
  6.4334 7.559299 6.963459 5.164619 6.864643 7.505749 6.632127 6.910499 6.775404 7.330087 7.397479 7.688908 7.668516 7.689216 8.458514 8.591491 8.869237 9.150072 9.036111 9.578834 10.55956 10.33764 10.82985 
  5.412735 5.413045 4.621024 4.935841 5.220869 4.269191 4.704548 5.619408 6.821664 6.833003 7.034009 7.106504 7.668516 7.727749 8.54667 8.354197 8.733027 9.126401 9.63536 9.80493 9.67337 10.18384 10.47796 
  4.139518 4.616854 4.459535 3.85498 4.55712 5.328094 5.434908 5.849959 5.303182 5.777067 6.852274 7.360681 7.356242 7.894724 8.458514 8.922667 8.978206 9.27056 9.591008 9.779808 10.16355 10.11085 10.78411 
  2.455409 3.313336 4.163472 4.568328 4.683452 4.017812 4.350126 6.034401 5.487824 5.605845 6.469352 6.928136 7.444867 7.406642 8.028708 8.638949 9.018282 9.134292 9.546657 9.957624 10.21305 10.33764 10.48854 
  4.301451 4.54762 4.840627 4.935841 4.196171 4.185398 5.147575 5.94218 5.988995 6.381108 7.034009 7.266901 7.85411 7.843348 8.180552 8.480753 8.937343 9.11062 9.724063 9.612329 9.901156 10.43437 10.60118 
  7.22725 7.316979 7.69547 5.164619 4.845879 4.744019 5.195464 6.034401 6.220292 6.787814 6.648713 7.220012 8.039705 8.281948 9.075606 8.290918 9.258742 9.852769 9.768414 9.712816 10.26256 10.57947 10.50971 
  8.566542 8.686844 9.581081 6.346641 5.350641 6.705794 6.680016 7.18716 7.145479 8.640581 9.987202 10.36162 11.84439 12.57518 11.45582 12.16515 12.22441 10.9756 10.21193 10.21212 10.90607 11.01478 10.87558 
  6.955073 8.320871 8.939888 5.850954 6.388813 5.816955 5.913795 7.09494 6.174032 6.968571 8.624189 8.954928 9.617258 10.72231 9.251918 9.895411 10.26066 9.520079 9.591008 9.957624 10.31206 10.57947 10.64691 
  4.913743 5.447662 5.536037 4.522305 5.177612 4.928116 5.626463 5.489372 5.619711 6.041681 5.75191 6.409245 7.001742 8.191565 7.573173 8.760543 9.098435 9.07906 9.371996 9.419728 9.965221 10.09463 10.24515 
  4.204291 3.752523 3.948153 3.348733 3.979602 4.436778 5.147575 4.627888 5.065785 5.994984 6.581452 7.688908 7.85411 8.146373 8.281782 8.370016 8.106457 8.976486 9.371996 9.906726 10.21305 10.57947 10.35097 
  4.074744 2.717297 4.37879 4.752418 4.791737 4.632295 5.103272 5.440609 6.451589 6.607056 7.715515 7.829577 7.668516 8.462716 8.414436 8.760543 9.138513 9.228974 9.466044 9.906726 10.00081 9.916203 10.55544 
  3.880424 2.089887 2.898475 4.591339 4.863926 4.576433 5.33913 5.391846 6.081513 5.621411 6.943141 6.652475 7.214442 8.236756 9.031528 8.575671 8.964584 9.213194 9.768414 10.00852 10.06455 10.01353 10.55544 
  5.004468 3.250596 3.006134 4.61435 4.701499 4.688157 4.593791 5.988291 6.35907 5.994984 7.034009 6.960567 7.622117 8.598291 8.54667 8.591491 8.760268 9.228974 9.412302 9.428102 9.780145 10.48274 10.38272 
  4.333838 3.187855 3.490601 4.499294 4.918069 4.972558 5.147575 5.757739 5.619711 5.59028 5.86401 7.220012 7.761313 7.920413 8.231167 8.841604 8.787511 9.39532 9.591008 10.21212 10.06455 10.43437 10.60118 
  5.231283 3.721153 3.948153 4.407249 5.350641 3.850226 5.036819 5.603153 6.266551 5.854894 6.491772 7.266901 7.714914 7.965605 8.458514 8.496572 8.787511 9.39532 9.724063 9.285745 10.21305 10.57947 10.82985 
  4.550839 3.281966 3.033049 5.240878 4.539073 5.194768 5.125424 5.570644 5.725221 5.574715 6.469352 7.501349 7.303067 8.010797 8.129937 9.04426 8.964584 9.436906 9.857118 9.746312 9.958103 10.25683 10.43563 
  5.02715 3.250596 3.70592 4.315204 4.611262 5.550303 5.482797 5.988291 5.540579 7.013761 6.245152 7.187581 7.178992 7.599307 7.560519 8.679481 9.098435 9.228974 9.724063 9.528589 9.773026 10.01353 10.21341 
  4.732291 3.031002 4.405705 5.088359 4.539073 4.77195 5.674352 5.711628 5.883485 7.013761 6.267571 7.025428 8.2253 8.372332 8.458514 8.60731 9.018282 9.312147 9.724063 9.76306 9.71608 10.33764 10.44621 
  4.618884 3.376078 4.513364 5.05023 5.177612 5.683629 4.992516 5.424355 4.30084 5.528018 6.559032 6.749767 7.019467 7.88188 7.775633 8.053624 9.539279 9.27056 9.103288 9.268997 9.908275 10.26494 10.24515 
  5.412735 4.066228 4.767426 4.706395 5.610184 4.799881 4.040008 5.083012 6.127773 6.212902 7.261178 7.642018 7.356242 7.830503 7.737671 8.679481 8.596815 9.000157 9.63536 10.05942 10.06455 10.33764 10.55544 
  4.70961 4.066228 4.163472 4.338215 5.480412 4.604364 4.682397 5.94218 6.127773 6.29073 6.80684 7.735798 7.622117 8.010797 8.76706 8.801073 9.338896 9.811183 9.901469 10.51751 11.05457 12.12724 12.1104 
  4.463385 4.859173 5.572638 5.088359 4.791737 5.416977 5.626463 6.357174 7.793111 8.911717 9.260262 9.658273 9.57086 10.27039 11.01504 11.55718 11.98396 12.14002 12.42951 13.41871 14.27213 15.80317 15.86061 
  4.754972 5.759214 5.792241 4.61435 4.55712 4.073674 4.638094 5.711628 6.127773 7.375277 7.124876 7.40757 8.039705 8.598291 8.678905 8.638949 8.801131 9.39532 9.63536 10.11032 11.00507 12.0305 12.15614 
  5.707593 6.174619 6.597453 4.97397 4.214219 4.408847 4.748851 6.264953 6.544107 6.652245 6.80684 6.749767 7.900509 8.417523 9.472307 9.368507 11.06219 11.05877 10.03452 12.04445 12.83661 12.56254 11.28719 
  5.571505 4.54762 4.567194 4.43026 5.653441 5.416977 3.862797 5.711628 6.31281 6.516677 6.559032 7.45446 7.714914 8.417523 8.76706 8.417475 10.14043 10.26863 9.385431 10.8229 11.59908 11.69193 11.28719 
  4.86838 4.066228 3.382942 4.108103 4.62931 4.604364 4.08431 5.343082 5.962617 5.839329 6.312412 6.328168 7.668516 7.624995 7.978093 8.841604 8.869237 9.561665 9.533221 9.637451 10.11405 10.28927 10.69264 
  4.463385 3.53293 5.865442 4.79844 4.719547 4.928116 5.530685 8.063258 8.440742 9.49918 10.3961 10.59607 10.68443 10.13482 10.0894 10.6655 11.54311 12.30636 14.33663 15.30194 14.51964 13.72336 13.07082 
  5.322009 4.513003 5.426236 4.61435 5.047841 4.241261 4.483035 5.326828 5.962617 7.284897 7.851816 8.157804 8.596489 8.733867 9.119684 9.773818 10.74158 11.76574 14.02617 14.99656 14.17313 13.28806 12.75068 
  4.754972 3.783894 3.65209 4.79844 4.304456 5.061442 5.482797 5.131775 6.31281 6.275164 6.761406 7.057858 7.285342 8.146373 8.502592 8.638949 9.098435 9.520079 9.768414 9.957624 10.16355 10.03786 10.46738 
  4.528158 3.407448 4.082727 4.545317 5.091098 5.194768 5.865907 6.126622 6.497848 6.228467 5.72949 6.360599 7.761313 8.598291 9.163762 9.611693 10.62135 10.64291 9.901469 10.21212 10.36156 10.33764 10.55544 
  4.664247 5.620747 6.670654 5.279008 4.961326 4.380916 4.615943 5.131775 7.006701 7.465655 7.53378 8.017136 9.338867 10.18001 10.70649 12.08409 14.29932 14.55202 13.67135 13.36781 12.14359 11.25662 11.19572 
  5.072513 8.528574 9.443487 8.024349 7.8163 6.572468 6.727904 7.602154 6.960442 7.510845 8.260719 8.345364 8.55009 9.366553 8.943372 9.409039 11.78357 12.05684 11.09896 11.02649 10.26256 10.91805 10.82985 
  4.732291 8.686844 9.581081 8.786944 8.811216 7.505749 7.925123 7.09494 7.839371 8.595391 9.033093 9.001818 9.338867 10.63193 10.44202 10.09807 10.7015 10.89243 10.8772 10.6193 10.06455 10.77294 11.19572 
  4.86838 7.316979 8.903288 7.452403 7.773044 5.550303 5.913795 6.034401 5.83073 6.787814 7.124876 7.266901 7.807712 8.191565 9.075606 8.62313 9.178589 9.126401 9.533221 9.957624 9.92963 10.57947 10.73838 
  2.779276 3.783894 4.217301 5.317138 5.091098 5.683629 5.626463 4.806686 5.725221 6.381108 6.988575 7.041643 6.753592 7.149757 8.231167 8.528213 9.298819 9.686424 9.33169 9.906726 9.8015 10.02975 10.14991 
  3.783264 3.815264 4.621024 4.292193 3.763032 5.150326 3.995705 5.440609 5.988995 6.041681 6.222732 6.376814 7.714914 7.676372 7.940131 8.370016 8.814753 9.086949 9.546657 9.570459 9.780145 10.57947 10.73838 
  2.973596 3.627041 4.43262 4.338215 5.047841 5.46142 5.674352 5.665518 6.590367 6.426298 6.761406 7.360681 7.214442 7.09838 8.256474 8.259279 8.378879 9.213194 9.591008 9.578834 9.808619 10.24061 10.29806 
  4.823017 3.595671 3.167623 4.660373 5.264126 3.710571 5.036819 4.920467 5.883485 6.923382 6.671133 7.876467 7.356242 7.740593 8.502592 8.841604 8.52871 9.07906 9.251078 9.536963 10.00793 9.835103 10.29806 
  4.800335 2.811409 3.813579 4.97397 4.961326 4.49264 5.530685 4.725414 6.127773 6.787814 6.536613 7.009212 7.622117 8.236756 7.585827 7.626494 9.258742 9.520079 9.901469 10.05942 9.837091 10.386 10.92132 
  4.800335 3.595671 4.082727 4.315204 4.48493 5.017 5.125424 6.034401 5.804353 6.119509 6.761406 6.587614 7.090367 7.252511 8.016054 8.841604 8.937343 8.976486 9.425737 9.80493 9.63066 10.19195 10.41447 
  5.322009 6.03615 5.609239 4.79844 6.345556 5.194768 5.482797 5.89607 5.435069 6.607056 7.215744 7.829577 7.761313 7.817659 8.590748 8.922667 8.978206 9.769596 9.63536 10.11032 10.11405 10.18384 10.64691 
  5.299327 7.109277 6.560853 5.507787 6.259042 6.172491 5.578574 5.619408 6.451589 7.194519 7.806382 9.283155 8.87488 9.185786 8.98745 8.922667 9.178589 9.686424 9.492915 9.80493 9.894038 10.57947 10.38272 
  7.80977 8.686844 7.841872 7.719312 8.465158 7.327981 6.344794 5.94218 7.09922 7.465655 10.16894 11.15874 10.54523 10.13482 10.0894 8.801073 10.18051 10.55974 9.945821 10.11032 10.36156 10.386 10.60118 
  9.575572 11.69398 12.74574 12.36653 12.42174 12.24827 11.65602 11.78992 12.33751 12.45747 12.44062 13.28144 13.56114 13.25306 13.52748 13.5432 13.46679 13.01333 13.40524 14.08039 14.02463 13.48153 12.38481 
  10.83686 12.96014 14.53445 13.99482 13.86403 13.44544 12.71635 12.91713 13.72626 13.60492 13.55796 14.88951 14.88333 14.57588 14.76924 14.75009 14.72019 14.34409 15.04625 16.31991 16.35118 16.48031 16.36369 
  8.692671 10.74436 11.50739 11.03429 11.37281 11.52997 11.42881 11.57521 12.49775 12.83995 13.63692 13.69835 14.22224 13.52421 13.83603 13.58373 13.26641 13.34602 15.26132 17.91957 18.42295 19.3693 19.42315 
  8.566542 9.161654 10.26905 11.18232 11.89727 11.76941 11.73176 11.57521 12.7114 13.22244 13.79483 13.75791 14.51606 14.24092 14.24523 13.99177 14.02786 14.21933 16.42895 18.58149 19.45884 20.94512 20.90354 
  8.188156 8.845115 9.856269 10.59022 11.37281 11.76941 11.73176 11.57521 12.39092 12.15148 12.39519 12.94055 13.70805 13.77197 13.83603 13.42161 13.94771 15.2587 16.50428 19.18826 20.33535 21.90812 21.10092 
  7.557512 8.686844 9.718675 9.998111 11.11057 11.29054 11.42881 12.00463 11.58638 11.89422 12.53149 13.93658 13.42195 13.61459 14.07056 14.45335 13.78741 15.64416 16.95627 19.62954 20.17599 21.12021 20.90354 
  7.272613 7.178512 7.878472 9.130112 9.806131 10.57224 10.99 12.64874 12.65799 13.22244 13.55796 13.03433 14.00187 13.65978 14.36168 14.91494 14.41411 15.77264 16.95627 19.46406 20.89314 21.2953 21.00223 
  8.314284 8.528574 8.464081 9.998111 11.37281 11.41026 12.03471 12.16566 12.17727 12.61046 12.92628 12.89366 14.58951 13.34344 14.36168 14.58524 14.79672 16.02962 16.84327 19.73986 21.37124 21.90812 21.10092 
  8.188156 9.003385 8.647084 9.54954 10.84834 13.44544 13.17078 12.86345 12.92505 13.14594 12.61045 13.46012 13.70805 13.29825 14.30345 13.92583 14.18454 15.7084 16.88094 19.79502 20.97282 21.99566 22.58131 
  6.796303 7.836234 7.402665 9.998111 11.24169 11.64969 12.26193 11.78992 12.44433 12.91645 12.48606 13.99614 13.92842 13.47902 13.92418 14.12365 14.02786 15.2587 17.06926 19.46406 20.81346 21.99566 21.69308 
  6.841665 7.767 9.01309 10.88627 11.89727 11.29054 11.35307 12.38036 12.55116 13.06944 13.00524 13.63879 14.29569 13.5694 13.96826 14.45335 14.75846 15.06597 16.73027 18.80214 20.33535 21.20775 21.19961 
  6.025134 7.732383 9.305894 9.244501 10.2387 10.48336 11.22945 11.89727 12.65799 12.02979 12.84733 13.28144 13.51474 13.43382 13.70379 14.09068 14.94976 16.09386 17.0316 18.63665 20.41504 20.77003 20.50877 
  6.342674 7.282362 8.244478 8.329388 9.330302 10.43892 11.8075 12.32669 13.40578 13.75792 13.79483 13.51968 13.6346 13.34344 14.07056 14.91494 15.17933 15.38718 16.50428 18.14021 20.17599 21.03266 20.60746 
  5.66223 7.455447 8.610483 10.29416 11.50392 11.05111 11.27734 12.64874 12.81823 13.52843 13.40004 14.23437 14.58951 14.3749 15.23502 15.1787 15.02628 15.77264 17.18226 19.02278 20.33535 20.77003 20.50877 
  6.682896 8.217021 9.305894 11.33035 11.24169 12.24827 11.88324 12.32669 11.96361 12.68696 12.76837 13.22189 14.51606 14.91084 15.64258 15.83811 15.71498 16.35083 17.59658 19.1331 20.25567 21.47039 21.00223 
  8.944928 8.528574 9.581081 10.44219 11.63504 10.69196 12.48914 13.02448 12.76481 12.76345 13.479 14.65128 14.73642 14.03994 15.81725 15.90405 16.25064 17.12175 17.40825 19.79502 20.57441 21.20775 21.10092 
  8.188156 10.90263 11.78258 12.66258 13.47067 11.64969 12.64062 12.80977 12.55116 14.59939 14.66338 16.08067 16.13206 14.30791 16.10836 15.83811 16.09759 18.59934 17.40825 19.57438 19.37915 19.80703 19.71923 
  12.47653 15.33419 15.36001 13.84679 13.60179 12.12856 12.26193 12.64874 12.01702 13.68142 12.61045 14.94907 15.61788 14.70987 15.35146 14.42038 14.41411 16.92902 15.56265 17.037 16.98865 16.65541 16.27222 
  14.36846 18.34133 17.97429 17.8435 17.92864 14.6426 13.62521 13.77595 13.40578 13.60492 13.95275 15.72332 16.27897 15.17882 16.74881 14.55227 14.75846 16.92902 16.0523 16.31991 14.27213 12.94948 14.21418 
  14.87298 18.4996 17.56151 19.02771 18.05976 15.95948 15.59439 14.74213 14.36722 14.67588 14.66338 16.08067 17.16043 16.45168 17.09815 15.27761 15.94455 17.0575 16.0523 15.96362 13.67812 11.11152 13.98551 
  15.25137 18.18306 16.87354 18.58363 17.01083 16.91721 16.04882 14.74213 14.47405 14.67588 14.58442 15.90199 17.38079 17.38958 17.15637 15.1787 15.75324 16.41507 15.63798 15.96362 13.77713 11.54683 14.16844 
  15.37749 18.02478 16.73595 17.99153 17.79753 17.63551 16.04882 14.68845 14.36722 13.83441 13.87379 15.84243 17.89497 17.1216 16.39947 15.04682 16.02107 16.6078 15.33665 15.60733 13.13361 11.45009 14.12271 
  15.37749 17.70824 16.59836 17.54745 18.71535 18.11438 15.97308 14.63478 14.31381 14.59939 14.97922 16.14022 18.18879 17.38958 17.21459 15.37652 16.25064 16.73629 15.48731 15.14925 12.83661 11.06315 14.16844 
  15.37749 17.3917 16.32317 16.95535 18.71535 17.75523 16.04882 14.90316 14.15357 14.44639 14.97922 16.55713 17.96843 17.45657 17.50571 15.60731 16.51846 16.67205 15.52498 14.79296 12.78711 11.15989 14.48858 
  15.12524 16.91689 16.04798 16.65929 17.92864 17.03693 15.97308 14.90316 13.8865 14.2934 14.4265 16.3189 17.60115 17.92552 17.68038 14.98088 15.67672 15.96537 15.0019 14.79296 12.24259 10.86968 14.44285 
  14.87298 16.60035 15.6352 16.21521 17.40418 16.55806 15.67013 14.36639 13.40578 14.06391 14.34754 16.25934 17.45424 17.72454 17.33104 14.78306 14.68193 15.00173 14.86884 14.13128 12.14359 10.62784 13.07082 
  14.62072 16.28381 15.36001 15.77113 16.87971 16.19891 15.29144 14.31272 13.67284 13.83441 14.26859 15.78288 17.30734 17.45657 16.86526 15.01385 15.94455 15.7084 15.0019 14.18218 11.50008 10.53111 13.20802 
  14.24234 15.809 14.94723 15.32705 16.22413 15.24118 14.30685 13.50757 12.97847 13.14594 13.32108 15.1873 16.7197 17.1216 16.34125 14.45335 15.7915 15.45143 14.11487 13.21511 11.94559 10.57947 12.01894 
  13.86395 15.33419 14.67205 15.031 15.56854 14.40317 13.24652 12.54139 12.17727 12.22797 12.76837 14.4726 16.79315 16.51867 15.23502 13.46214 14.29932 14.74475 13.98181 13.41871 11.40108 10.48274 12.61348 
  13.10718 14.85938 14.94723 14.4389 15.30631 13.9243 12.71635 11.62889 11.40134 11.71346 12.76837 14.35349 15.76479 16.2507 14.59457 12.4894 14.2228 14.51044 13.40524 13.06242 10.80707 10.33764 11.47013 
  11.97202 14.38457 14.39686 14.14285 14.91296 13.08629 11.73176 11.24487 10.98501 10.99043 11.80455 12.89366 14.73642 15.11182 13.65971 12.24621 14.45237 15.06597 13.7157 11.78996 10.55956 10.67621 12.24761 
  8.062027 9.478195 10.26905 9.702058 10.45499 8.127936 6.296906 6.357174 6.729145 7.330087 8.715057 10.97118 12.16918 11.85211 10.4861 9.08479 12.30457 13.22126 11.85294 10.6702 9.901156 10.48274 11.47013 
  7.159206 7.42083 7.109861 6.232252 5.783213 5.194768 5.626463 5.94218 6.405329 6.335919 7.488346 8.439142 9.57086 9.140594 8.502592 8.306738 9.218666 9.686424 9.439173 9.687695 10.11405 10.33764 10.87558 
  5.435416 6.416938 4.621024 5.736565 5.52367 5.550303 5.530685 4.579124 5.171295 6.259598 6.469352 7.266901 7.761313 8.010797 8.458514 8.559852 9.018282 9.039608 9.591008 9.419728 9.829973 9.770222 9.832445 
  4.686928 5.655364 4.730825 5.0121 4.683452 4.883674 5.291242 4.806686 5.382314 5.73037 6.648713 6.506537 6.487718 8.146373 8.016054 8.370016 8.501468 8.858132 9.768414 10.21212 10.26256 10.57947 10.3933 
  4.70961 5.170726 3.679005 4.821451 4.48493 4.49264 5.103272 5.849959 5.883485 6.166205 6.852274 6.782197 7.338517 7.753438 8.502592 8.720012 8.978206 8.858132 9.277948 9.528589 9.723199 9.802662 10.49913 
  5.163239 4.859173 3.975068 5.164619 4.737595 4.604364 5.05897 6.034401 5.329559 6.228467 7.261178 7.595129 7.249892 7.920413 7.978093 9.04426 9.258742 9.039608 9.506351 9.44485 10.01505 10.386 10.69264 
  4.573521 3.031002 3.221453 4.859581 5.177612 4.77195 5.147575 6.311063 6.405329 6.228467 6.043371 6.733552 7.338517 7.535085 8.332397 8.638949 8.133698 9.173742 9.857118 9.369485 9.559477 10.43437 10.43563 
  4.463385 3.721153 3.732834 4.246171 4.737595 4.297122 5.147575 5.440609 5.461446 6.516677 6.648713 7.313791 7.143542 7.920413 8.414436 8.006165 8.9101 9.09484 9.33169 9.319241 10.06455 10.72458 10.40388 
  7.431383 8.182404 9.581081 10.29416 10.41173 11.17083 11.35307 11.8436 12.7114 13.98741 14.66338 14.17481 12.86516 12.16845 11.54397 11.15187 10.94196 10.9756 11.36507 12.75703 13.03461 13.14295 14.16844 
  9.449443 10.26955 12.88333 13.55074 13.07732 13.9243 13.92816 14.47375 15.27525 16.8943 17.5059 16.97404 15.32406 14.70987 13.96826 13.5432 13.38664 13.47078 13.627 15.20015 15.50966 15.7548 16.95584 
  10.20622 10.26955 11.64499 12.51456 13.47067 11.88912 11.95898 12.32669 13.29895 14.06391 15.21609 15.24686 14.22224 14.03994 13.83603 13.17842 13.66718 13.26285 14.42533 16.21811 16.20267 16.19011 16.27222 
  6.59217 8.147787 9.305894 10.88627 11.63504 10.21671 10.70267 10.87599 11.96361 12.02979 14.66338 14.4726 14.29569 14.50889 13.8801 13.50267 13.54694 13.92823 14.73579 16.31991 17.30738 17.18068 16.85715 
  6.27463 7.801617 8.866688 9.850084 10.2387 10.81168 10.60689 11.06043 12.44433 12.07498 15.05818 15.12774 13.6346 13.90595 13.92418 13.58373 13.98779 14.42726 15.22366 17.3128 18.34327 18.49385 18.23884 
  7.431383 5.516896 7.000059 9.54954 10.28196 9.683405 10.36745 11.38321 11.9102 11.89422 12.68941 13.57923 13.00436 14.10693 14.36168 13.78639 14.41411 14.61627 15.8263 17.75408 18.58232 19.71949 18.43623 
  6.501444 6.832341 6.634054 8.901333 9.633102 10.12782 10.75056 11.24487 11.40134 11.57789 12.68941 13.12811 13.46835 13.70498 14.01234 14.18959 14.45237 14.74475 15.9393 17.64376 18.50263 20.15721 18.831 
  8.818799 7.870851 6.780456 8.253128 9.503331 10.08338 10.36745 10.55322 10.98501 10.85486 12.12259 13.22189 13.09716 14.03994 14.65279 14.71712 14.10802 14.0114 15.22366 18.14021 18.90105 19.28176 19.22577 
  10.33235 9.794736 7.146461 9.320761 9.935904 10.26115 10.12801 11.52154 11.54012 11.17119 11.57738 13.03433 13.23635 13.83896 14.88568 15.11276 14.79672 14.93748 15.60031 18.36085 19.06042 19.89458 19.22577 
  9.197186 8.528574 5.609239 7.87183 9.37356 9.727846 10.17589 11.3371 11.40134 11.89422 11.80455 12.94055 12.72597 13.34344 14.47812 15.01385 14.9115 14.74475 15.8263 18.41601 19.1401 19.98212 19.52184 
  7.340657 5.724598 6.670654 8.825073 10.28196 9.061217 9.984339 11.47543 11.77142 11.93941 12.30432 13.22189 12.95796 13.20786 14.4199 15.1787 15.17933 15.64416 15.90163 18.19537 18.98073 20.59494 20.21269 
  5.299327 5.689981 5.938643 9.39702 9.287045 10.21671 10.03223 11.10654 11.07753 11.57789 12.12259 13.40056 13.32915 13.16267 15.29324 15.34355 15.02628 15.7084 16.20296 18.36085 19.29947 19.89458 20.41007 
  4.550839 5.58613 6.37785 9.168242 10.10893 10.03894 10.51112 10.23045 11.58638 12.53396 12.25889 12.7061 13.05076 13.83896 14.36168 15.11276 15.02628 14.809 15.90163 17.75408 19.21979 19.63194 20.41007 
  3.81565 4.928407 6.194847 8.291258 10.58611 10.21671 9.505451 9.953784 10.61493 11.75865 12.53149 13.08122 12.81876 13.07229 14.59457 14.18959 14.06794 14.0114 15.26132 17.09216 18.50263 19.45685 20.0153 
  3.880424 5.378428 7.109861 9.091982 8.984245 9.505636 10.12801 10.87599 11.72516 12.15148 13.00524 13.81746 13.78151 13.77197 14.12878 14.09068 14.26106 14.17775 15.52498 17.42312 18.42295 19.89458 20.0153 
  5.322009 6.72849 7.366065 8.405647 9.67636 10.17227 10.46323 11.10654 11.35508 11.66827 12.44062 12.51854 13.46835 14.10693 14.4199 13.82692 13.26641 13.7203 15.56265 18.47117 18.74168 19.01912 19.22577 
  5.707593 6.555406 6.963459 8.214998 9.200531 10.17227 10.559 11.24487 11.12379 12.02979 12.39519 12.56543 12.77237 13.70498 13.74787 12.93524 13.42671 13.80347 15.13495 18.8573 18.58232 18.5814 18.33753 
  3.686104 4.374535 6.085046 8.367517 8.897731 9.861173 11.27734 11.57521 10.66119 12.22797 12.21345 12.42476 12.54037 13.61459 13.65971 13.74586 12.86564 13.30443 15.63798 17.69892 17.86516 18.49385 18.43623 
  5.458097 5.378428 6.158247 8.786944 9.849388 9.950056 10.36745 10.461 10.89249 11.75865 11.66825 12.61232 12.95796 13.25306 13.13078 12.32727 13.54694 14.21933 15.56265 16.43023 18.10422 18.05613 18.04146 
  3.783264 5.309194 5.572638 8.786944 10.41173 9.638963 9.218119 10.50711 10.52242 11.03562 11.48652 12.00276 12.58677 12.89152 13.17486 12.77311 13.82748 14.55202 15.0019 16.70603 17.38706 17.26822 17.74538 
  9.827829 11.21917 11.64499 11.33035 11.37281 11.41026 11.50455 10.78377 11.4476 11.93941 11.80455 12.89366 13.56114 13.77197 13.0867 11.92196 12.50495 12.68064 14.46968 16.26901 16.90896 17.09313 16.95584 
  10.96299 13.11841 13.98408 12.81061 12.94621 12.60742 12.56488 10.78377 12.28409 12.68696 12.53149 12.65921 14.29569 14.3749 13.0867 11.67878 12.62518 12.97174 13.58265 15.50554 15.70766 15.41623 14.94592 
  6.025134 9.953006 11.23221 8.558166 9.460073 9.461195 10.99 10.96821 10.47616 11.89422 11.75912 10.92429 12.21558 12.39441 11.36766 10.38178 12.10419 12.34795 12.42951 14.18218 13.87613 13.33642 12.97935 
  4.664247 5.863066 8.500682 7.147366 9.546589 10.12782 8.691343 8.616583 10.10608 10.44816 9.7146 9.845832 10.31324 10.58673 10.83873 8.882135 9.940045 9.935942 10.07888 12.04445 11.79709 11.11152 11.19572 
  4.269064 6.27847 6.634054 6.46103 6.9079 8.350146 7.685679 7.371602 8.62578 9.363612 9.12396 9.001818 9.292468 9.095402 9.031528 8.591491 8.446983 9.603251 9.63536 10.36481 10.60906 10.48274 10.78411 
  5.163239 5.170726 6.597453 5.660306 5.480412 6.261374 5.626463 6.772167 7.006701 7.239708 7.53378 7.12272 7.214442 7.547929 8.180552 8.679481 9.258742 9.686424 9.768414 10.00852 10.21305 10.14329 10.64691 
  3.848037 3.752523 5.243233 4.637362 5.653441 6.305817 5.530685 6.218843 6.174032 7.05895 6.897708 7.313791 6.948567 7.637839 8.590748 8.801073 8.692163 8.723998 9.506351 10.00852 10.41106 10.33764 9.906521 
  2.682116 3.627041 4.594109 4.935841 5.307384 5.194768 5.243353 5.757739 5.382314 6.426298 6.491772 6.944351 7.498042 7.817659 8.943372 8.963198 8.760268 9.312147 9.318254 9.637451 10.01505 9.899983 10.49913 
  3.71849 4.097599 4.730825 4.292193 5.177612 4.883674 4.261521 5.050503 6.127773 5.979419 6.312412 6.360599 8.642887 8.32714 8.502592 8.60731 9.258742 9.063279 9.452609 10.21212 10.36156 10.53111 10.87558 
  3.71849 3.281966 3.867409 4.821451 4.773689 5.061442 4.460883 4.660397 6.220292 6.561866 6.80684 7.548239 8.318096 7.663527 8.458514 8.801073 8.882858 8.826571 9.724063 10.26301 10.11405 9.997305 10.38272 
  4.596202 3.281966 4.271131 4.269182 5.134355 4.325053 3.729888 4.806686 5.962617 6.181771 6.626293 7.45446 7.498042 7.965605 8.319743 8.085263 8.719405 9.27056 9.768414 9.637451 10.41106 10.28927 10.87558 
  4.366225 4.720705 5.353034 5.088359 4.647357 5.194768 4.903911 5.11552 5.883485 6.516677 7.17031 6.91192 8.132502 8.281948 8.281782 9.287446 8.9101 8.77923 9.679711 10.26301 10.75756 11.35336 11.6988 
  4.333838 6.105385 7.000059 5.05023 4.683452 3.096088 4.704548 5.849959 6.081513 6.057246 6.671133 7.782687 9.385265 8.643483 8.811138 9.611693 9.659509 9.72801 9.679711 10.00852 11.15357 11.83703 12.33908 
  3.71849 3.093743 4.567194 5.202749 5.480412 4.799881 4.57164 5.94218 5.566956 6.057246 6.693553 7.220012 7.462592 7.612151 8.634827 8.841604 9.298819 9.478492 9.318254 9.906726 9.595069 10.15951 10.60118 
  2.682116 3.940747 4.244216 3.601856 4.683452 4.77195 4.992516 6.034401 6.35907 6.335919 6.988575 6.863274 7.761313 8.010797 8.066669 8.760543 9.258742 9.228974 9.452609 9.737938 9.623542 9.891873 9.938268 
  4.86838 4.236067 4.877227 4.223159 4.701499 5.994723 5.195464 4.952976 5.303182 6.381108 6.469352 7.595129 7.533492 7.509397 8.155245 8.679481 9.138513 9.150072 9.466044 9.528589 9.773026 10.33764 10.55544 
  4.430998 4.824556 6.121646 4.97397 5.264126 5.23921 5.626463 4.822941 5.197672 5.294535 5.281089 6.457891 7.761313 7.779126 8.256474 8.638949 8.555952 9.312147 9.452609 9.453224 9.829973 10.15951 10.78411 
  5.095194 4.720705 5.426236 4.522305 5.653441 4.827812 4.593791 5.4081 5.777975 5.777067 6.943141 7.829577 7.807712 7.650683 8.142591 8.720012 9.619432 9.644837 9.345125 9.906726 9.943867 10.1514 10.34039 
  4.70961 4.582237 5.426236 4.897711 4.683452 4.77195 5.195464 5.294319 5.514201 5.559149 5.81917 6.18223 7.232167 7.599307 8.502592 8.101083 8.77389 9.436906 9.533221 9.906726 9.894038 10.01353 10.31923 
  5.911726 5.828449 5.572638 5.812824 5.264126 5.772513 6.249017 6.034401 5.909863 5.854894 5.79675 7.220012 7.761313 7.535085 8.167898 8.720012 9.218666 9.478492 9.768414 9.654199 10.41106 10.33764 10.48854 
  5.66223 6.555406 6.963459 5.088359 5.220869 6.528026 6.775793 6.357174 6.775404 6.833003 6.693553 6.960567 7.409417 7.393798 8.76706 8.433294 8.40612 9.561665 9.724063 9.754686 9.879802 10.04597 10.82985 
  5.34469 5.897683 6.634054 5.850954 5.393898 6.083607 5.818018 5.066757 6.497848 6.697434 6.852274 7.45446 7.714914 7.496552 7.914824 8.053624 9.018282 9.644837 9.679711 9.80493 10.01505 10.28927 10.69264 
  4.732291 5.170726 6.341249 4.752418 5.134355 5.372536 6.10535 6.311063 6.914183 6.652245 6.715973 7.688908 7.444867 7.535085 8.458514 8.963198 9.138513 9.436906 9.591008 9.511842 9.993695 10.18384 10.37214 
  4.269064 4.928407 7.146461 5.545916 5.177612 4.972558 4.881759 5.988291 6.729145 6.516677 6.80684 7.45446 7.515767 8.146373 8.54667 8.801073 9.218666 8.739779 9.533221 10.11032 10.06455 10.16762 10.55544 
  4.139518 5.759214 6.963459 4.935841 4.961326 4.157467 5.243353 6.034401 6.220292 6.057246 5.998531 6.863274 7.622117 7.843348 8.502592 8.259279 8.937343 9.221084 9.425737 9.906726 9.950985 9.924314 10.25573 
  4.042357 5.516896 5.902043 4.935841 4.961326 4.073674 5.147575 4.70916 5.250427 6.471488 7.261178 7.642018 7.668516 7.830503 8.76706 9.125321 8.923721 9.126401 9.679711 9.855828 10.01505 10.20817 10.30865 
  5.072513 4.54762 6.853657 5.622176 4.863926 5.23921 5.482797 5.619408 5.909863 6.057246 6.943141 6.717336 7.568942 8.191565 8.76706 8.963198 9.459126 9.561665 9.33169 9.377858 9.858447 10.11085 10.60118 
  3.394623 4.89379 7.622269 5.965343 5.220869 5.328094 6.057462 5.424355 5.461446 5.356797 6.988575 7.501349 7.807712 8.055988 8.079323 8.922667 8.760268 8.984377 9.63536 9.595581 10.41106 10.57947 10.49913 
  4.430998 4.859173 7.219663 5.736565 5.091098 4.380916 4.150764 5.440609 5.777975 6.652245 7.306612 7.057858 7.714914 7.965605 8.502592 8.259279 9.018282 9.039608 9.945821 10.05942 10.06455 10.33764 10.55544 
  5.821001 5.413045 6.304649 5.202749 4.575168 5.550303 5.482797 6.449395 6.174032 7.194519 7.579214 7.266901 7.761313 7.907569 7.750325 8.638949 8.651299 8.818681 8.68679 9.855828 10.26256 10.72458 10.50971 ]
