 [
  4.088921 3.174426 3.103245 4.639811 5.314392 3.421714 4.592252 6.039853 5.705597 5.913149 6.825784 7.091 7.184056 7.460315 8.235827 8.88278 9.293931 9.05798 9.490606 9.904757 9.858027 10.21865 10.56895 
  3.42513 3.46166 3.452225 5.006299 4.913799 5.606375 3.95481 4.873464 5.529704 6.686559 6.825784 7.158879 7.810523 7.879948 8.186956 8.88278 8.893795 9.482344 9.111009 9.352174 9.847698 10.01812 10.04826 
  2.466321 3.174426 4.336395 4.403903 4.150733 3.184322 3.838911 5.795305 6.121415 6.255555 6.448857 6.520509 7.033279 7.947801 8.101431 8.310495 8.9536 9.329763 9.29659 9.782188 9.465523 9.881749 10.41274 
  4.826467 3.206341 4.336395 4.020552 4.651495 4.239399 4.399088 5.856442 5.723186 6.137853 6.794374 7.158879 7.739575 7.618843 8.138084 8.579069 8.9536 8.562627 9.82072 9.837901 10.27058 10.24272 10.56027 
  4.605203 3.84464 4.336395 4.625066 5.197556 5.606375 5.31073 4.977792 5.424168 6.234154 7.297288 6.989784 7.810523 7.628169 8.125867 8.761295 9.067043 9.444199 9.406251 9.759903 10.27058 10.51545 10.56895 
  4.088921 3.940384 3.510389 4.521857 3.864584 4.503168 3.838911 5.978716 6.61322 6.309055 7.634077 7.362515 7.668628 8.219211 8.113648 8.460896 9.123765 9.67307 9.406251 9.871329 9.837369 9.761426 10.82015 
  4.015167 3.142511 3.471613 4.315437 3.554588 3.606353 5.31073 5.978716 5.283453 6.470842 6.13475 6.603322 7.0744 7.618843 7.857073 8.127865 8.375486 9.012947 10.13396 9.771046 9.362232 10.04218 10.60483 
  7.625618 8.387316 7.83906 6.692149 5.197556 4.933606 4.785417 5.525513 5.723186 6.524771 7.432004 7.158879 7.375955 8.083506 8.364044 8.47164 8.485128 9.520489 9.893006 10.28361 10.30149 10.30489 10.74837 
  8.025497 8.241515 6.6172 5.665979 4.889954 4.424037 4.901315 5.212529 5.902834 6.309055 6.9605 6.805754 7.17035 8.015654 8.312154 8.568326 8.883827 9.112018 9.48217 9.793331 9.899343 10.42521 10.9278 
  4.893113 5.179693 4.988053 5.226193 4.866108 4.793314 4.997897 5.447267 5.793544 5.827548 6.731552 7.362515 7.597681 7.516266 8.571606 8.579069 8.893795 9.130031 9.48217 9.676847 10.20876 10.51545 10.49085 
  3.793903 3.748895 4.906596 4.625066 5.08072 5.178249 5.060464 4.925628 5.775955 6.309055 6.574499 6.962179 7.513026 7.684119 8.364044 8.031178 8.903763 9.291618 9.627954 9.556039 9.950989 10.48537 10.32596 
  4.310185 4.815191 4.49931 4.182739 4.269962 4.476791 5.123031 5.856442 5.63524 6.127152 7.162573 6.906971 7.238885 7.283137 7.490536 8.700553 8.774185 9.215327 8.976041 9.971613 10.08511 10.51545 10.64072 
  4.531448 4.013285 4.254938 4.639811 4.484575 4.160268 5.060464 5.978716 6.17606 6.030851 7.903508 7.362515 7.526733 7.879948 7.734894 8.407182 9.067043 9.103011 9.603859 9.871329 10.14694 10.11438 10.25654 
  4.494571 4.159086 3.898145 3.696179 4.79457 4.002007 3.761645 4.456152 5.248274 6.578701 6.893142 7.044992 6.649481 7.730745 7.783766 8.503868 8.395421 8.886858 9.627954 10.28361 10.39423 10.2347 10.5082 
  4.310185 3.908469 3.743042 4.521857 5.033029 4.687807 3.819595 5.734168 6.558575 6.180654 6.893142 7.158879 7.252592 8.762032 8.415935 8.88278 8.664543 9.67307 9.796624 10.00504 9.920002 10.07427 10.44746 
  4.752712 2.440382 4.092023 4.25646 4.150733 4.371284 4.090025 4.091005 5.195506 6.105752 6.527383 6.732142 7.389662 7.947801 8.675386 8.36421 8.943632 9.482344 9.676146 9.608892 10.3324 9.953943 10.33464 
  5.826163 4.304887 4.053247 5.079597 6.015407 5.055927 5.31073 6.467812 6.61322 5.624245 5.820644 6.971381 7.458198 7.506941 8.312154 9.065006 8.784153 9.329763 9.203799 9.488084 9.641117 10.42521 10.60483 
  5.626224 3.110596 3.723655 5.372788 5.606482 4.872445 5.373297 5.978716 6.61322 6.794416 7.229931 6.548113 7.810523 7.796021 8.727276 8.822038 8.804088 9.05798 9.001348 10.01618 10.42514 10.54553 10.6766 
  5.359638 2.759531 3.549165 3.961575 4.079196 4.846068 4.572936 4.69089 5.35381 5.913149 5.914876 6.962179 7.389662 7.861298 8.467825 8.47164 9.123765 8.877851 9.507477 9.427679 9.899343 10.19459 10.44746 
  5.626224 4.231987 4.49931 4.521857 5.37281 4.819691 5.373297 5.734168 5.494525 5.816848 6.213277 7.294636 7.952418 7.572217 8.727276 8.460896 8.923697 9.048973 9.507477 9.904757 9.703092 10.2347 10.96369 
  6.892507 7.731212 9.06092 9.404167 9.695738 10.37692 10.19093 9.830347 10.87553 11.64803 11.40611 11.63887 13.41537 13.78312 14.90222 14.28883 14.73923 13.67832 12.23028 11.32013 10.8888 11.02683 11.32254 
  10.95794 10.72013 12.56358 13.28895 13.05583 14.80282 14.72437 14.07437 14.84789 15.13081 15.04343 16.15238 17.85325 17.09859 18.32055 19.68475 21.85294 20.50738 18.00183 18.15277 18.0092 18.52871 18.69229 
  11.02459 11.08463 11.91193 13.28895 13.45391 13.32588 13.39297 13.97144 14.31388 13.63838 14.63928 15.77948 16.32422 16.93443 17.77362 20.45933 21.58442 20.61547 19.30025 19.62647 20.02384 20.0278 20.72205 
  8.358729 8.97052 8.490719 10.79683 10.51359 10.49924 10.75403 10.7474 11.42199 12.18732 15.44758 15.88602 17.85325 18.28872 18.73075 20.53679 21.04738 20.18309 19.30025 19.62647 19.83197 20.0278 20.4573 
  8.025497 8.022814 9.223835 10.43034 10.57201 10.8662 11.7551 10.25831 11.53127 12.67268 16.94065 17.11128 17.64571 18.32976 18.86748 20.30441 21.04738 20.83167 19.40845 18.95661 19.25636 19.09087 19.57479 
  7.425679 9.116322 9.142377 11.5298 11.79878 11.17201 11.62997 10.99195 10.98483 12.56482 16.19411 17.21783 18.21645 18.41184 19.20932 21.23391 21.58442 20.29119 18.97565 18.82263 18.87262 18.99718 19.57479 
  10.09154 9.262122 10.03841 11.38321 11.03935 12.70103 12.19307 11.48105 12.07773 12.56482 16.94065 17.32437 18.7353 19.15055 18.66238 21.00153 21.22639 19.8588 18.32643 18.15277 18.68075 18.90348 19.22179 
  10.22483 10.72013 9.305292 11.5298 12.03246 12.2729 12.3182 12.45924 12.56953 13.05018 15.86232 16.63183 18.3721 18.49392 18.11545 20.76916 20.42083 19.42642 18.54284 18.42071 18.10513 18.7161 19.13354 
  10.69135 11.01173 10.52715 11.6031 12.09087 12.70103 11.7551 12.03128 12.24166 13.85159 17.68719 18.17673 17.90514 18.16561 17.15832 20.07204 19.70477 19.10213 18.11003 18.15277 18.10513 18.80979 19.31004 
  11.55776 10.79303 10.93444 11.6031 11.68195 12.51754 12.38077 12.09242 12.18702 13.10411 17.93603 18.07018 17.80137 18.3708 17.02159 19.29746 19.79428 19.53451 17.78542 17.88482 17.72139 18.24763 18.78054 
  10.55806 10.50143 11.74901 12.26278 13.65296 12.70103 12.63103 12.58151 11.96844 14.7044 15.94527 16.57856 17.12686 17.59106 16.61139 18.6778 18.89921 18.45356 17.13621 16.94701 16.85797 17.59179 18.07453 
  11.62441 10.28273 11.66755 12.48267 12.4998 12.2729 11.9428 12.21469 12.46024 14.06479 16.6918 17.16455 17.43817 17.34482 15.72262 18.05813 18.45167 17.48069 16.7034 16.94701 16.76204 16.93594 17.28028 
  11.42447 10.64723 11.5861 11.01672 12.09087 13.95074 14.38078 12.64265 12.78811 13.53178 16.94065 17.16455 17.49006 17.30378 15.51752 16.89627 17.37759 17.2645 16.05418 15.74125 16.09049 16.28009 16.48602 
  10.95794 9.991127 12.7265 12.26278 11.21461 13.60991 13.9513 13.37629 12.73347 13.95819 16.8577 16.73838 16.53706 16.56507 14.33143 17.36101 17.28808 16.61592 14.86396 14.80344 15.0352 14.87469 15.60352 
  13.15727 13.27165 13.21524 13.58214 13.15535 13.21227 13.04938 12.09242 11.74986 14.3846 16.60885 15.77948 16.60801 16.15796 14.17576 16.11109 16.21399 15.64306 14.21475 13.59768 14.07584 13.70402 14.65987 
  16.6448 17.70352 16.68866 17.65186 16.04148 14.63241 14.50963 13.73126 14.31388 15.87703 17.60424 16.89819 17.23063 15.68299 14.90222 15.6859 15.87366 14.5621 12.59171 11.99 13.51624 13.88451 14.26513 
  17.43382 17.84883 18.31623 18.98921 18.33048 15.6549 15.45449 15.13803 16.0685 18.54209 20.00974 18.81599 19.35792 17.96041 17.70525 18.52288 17.64611 14.6702 12.37485 12.39192 14.26771 14.49992 15.16226 
  17.49957 17.77617 18.72312 19.56236 18.82809 16.05254 15.71218 15.41252 16.44995 19.39491 20.67333 19.13563 19.773 18.49392 18.52565 19.45238 18.18315 15.42687 14.21475 12.79384 14.55552 14.40623 15.25051 
  17.43382 17.77617 18.79094 19.84893 18.72857 15.99574 15.62629 15.27527 16.44995 19.92793 20.59038 19.02908 19.87677 18.65808 18.59402 19.22 18.09364 16.07545 14.43115 12.92781 15.80268 15.62424 16.48602 
  17.30232 17.70352 18.72312 19.94445 18.43 16.05254 15.71218 15.17234 16.44995 19.82132 20.00974 18.60291 19.66923 18.61704 18.52565 19.14254 18.00414 15.64306 14.21475 12.65987 15.61081 15.62424 16.22127 
  17.23657 17.77617 18.72312 20.03998 17.73335 16.10935 15.49744 15.03509 16.44995 19.39491 19.09731 17.96364 19.30603 18.3708 17.97872 18.75525 17.91463 15.96735 14.32295 11.72205 15.22707 15.06208 15.69177 
  17.17081 17.77617 18.72312 19.94445 16.93717 16.27976 15.41154 15.30958 16.83139 19.39491 18.01898 17.21783 18.78718 18.12457 17.36342 18.44542 17.64611 15.10258 13.67373 11.07473 14.17178 14.09507 14.8393 
  17.10506 17.70352 18.72312 19.7534 16.34004 16.22296 15.23975 15.48114 17.28912 19.39491 17.35539 16.47202 18.11268 17.55002 16.40629 17.51593 17.10906 14.02162 12.91632 10.58446 13.97991 14.87469 15.42702 
  16.97356 17.70352 18.65531 19.46683 15.94196 16.16615 15.1968 15.61838 17.59427 18.9685 16.44296 15.7116 17.43817 17.18066 15.85936 16.97372 16.39301 13.33501 11.82065 10.09418 14.07584 14.68731 15.25051 
  16.84206 17.63087 18.51968 19.18026 15.74291 15.82532 15.02501 15.54976 17.13654 17.79588 15.69642 15.03281 16.86744 16.56507 15.10732 16.35406 15.98711 12.91541 11.62789 10.27246 12.52709 13.43329 14.30102 
  16.71055 17.55821 18.38405 18.70263 15.54387 15.48449 14.93911 15.48114 17.13654 16.72985 14.774 14.4219 16.32422 15.88655 14.79844 15.98961 15.87366 13.52574 10.80864 10.04961 12.61982 14.00483 15.42702 
  16.57905 17.55821 18.24841 18.41606 15.44435 15.14366 14.68142 15.48114 17.06025 15.77043 13.56156 13.33584 15.26001 15.14017 14.17576 15.74664 15.41989 13.10614 11.5556 9.993898 13.02167 14.87469 15.51527 
  16.44754 17.48556 18.1806 18.22501 15.34483 14.80282 14.50963 15.72132 16.60252 14.81101 12.34912 12.24978 15.11811 15.07232 14.22765 15.56441 15.02283 12.68654 10.90502 9.826758 12.09433 14.06499 14.55221 
  16.18454 17.34025 17.97715 17.84291 15.04626 14.00755 13.82245 15.17234 15.30562 13.21197 11.81026 12.31766 14.97622 14.73306 13.55308 15.01773 14.45562 11.84735 10.76045 9.654196 12.21798 14.12515 14.80341 
  15.98728 17.12229 17.70589 17.46081 14.34961 13.04186 12.38077 14.10869 13.70357 12.29518 11.47347 11.43524 14.26674 14.25809 12.77472 14.04586 13.94512 11.8092 10.66407 9.707049 12.558 14.12515 14.73164 
  15.79003 16.90433 17.43463 17.07871 13.45391 12.02826 12.56847 14.96647 14.23759 11.05481 10.05896 9.941906 12.84779 13.1046 12.15204 13.98512 13.71823 10.89372 10.27854 10.64017 11.84704 13.37313 14.04982 
  15.52702 16.54106 17.09555 16.69662 12.65774 11.90594 13.00644 14.38318 13.24584 10.51552 10.12631 10.34918 13.34443 13.57956 12.67094 14.77477 14.17201 10.66485 9.724337 10.18332 12.52709 13.37313 14.51633 
  15.06676 16.10514 16.62084 16.02794 12.32455 11.9671 13.52182 14.48611 12.8644 10.73124 10.12631 10.34918 13.98295 13.98668 13.13795 15.38218 15.193 11.42775 10.4472 10.26132 12.12524 13.28289 14.3369 
  14.67225 15.52391 16.0105 15.26375 12.09087 11.90594 12.94387 13.49857 11.31269 9.38301 8.644444 8.991604 12.91874 13.17245 11.73691 14.59254 15.07956 11.8092 10.35082 9.571139 10.98153 12.19998 13.08092 
  14.34349 14.57942 15.33235 14.40403 12.38296 12.15058 12.81874 13.5597 11.64057 9.706584 9.722168 9.534634 13.13158 13.03674 10.18021 13.01324 13.3779 10.24525 9.423122 9.793331 10.8888 11.77885 12.50675 
  14.01473 13.78023 14.78982 14.3085 12.55822 12.02826 13.30707 14.143 11.69521 9.760513 8.711802 8.041302 12.49306 12.42607 8.16252 11.73766 12.64052 10.58856 10.25444 9.744802 10.98153 11.3878 12.79384 
  13.35721 13.05295 14.51856 14.02193 11.79878 11.35549 12.63103 13.43743 10.98483 9.113364 7.634077 6.796553 9.442314 9.915525 8.831057 11.85914 12.64052 9.634925 9.917102 9.661746 10.3324 11.5382 12.90149 
  12.7574 12.17814 12.23776 12.55597 9.403648 8.419771 10.2535 11.48105 8.580442 6.470842 7.095215 7.430394 9.087577 9.304852 8.571606 9.73317 9.804427 9.367908 9.748433 9.882472 10.17785 11.65852 12.57852 
  11.69105 11.37624 11.99338 11.6031 8.994722 9.092539 9.815534 10.99195 10.76624 10.51552 10.32839 10.14554 10.50653 10.32264 9.038618 9.429459 10.2582 9.787506 9.203799 10.04961 10.8888 11.62844 12.11202 
  9.158487 9.116322 10.77152 12.48267 11.44828 9.88763 10.75403 12.76492 13.24584 12.8884 12.48384 12.45342 12.42211 12.08681 10.80289 9.915396 11.16575 10.39783 10.10987 10.31703 12.31071 12.47071 13.83451 
  9.425073 10.28273 9.305292 11.4565 10.2215 9.642986 10.0658 12.45924 12.67882 11.48624 10.39574 10.48494 10.15179 9.915525 9.24618 10.03688 10.54181 9.215327 9.917102 10.11647 10.85789 10.72602 11.14311 
  7.758911 9.262122 9.305292 10.06385 10.10466 10.49924 8.626766 10.80854 11.64057 10.73124 9.452736 9.466755 8.874735 9.237 8.934837 9.429459 9.293931 9.558635 9.868911 10.02733 10.48696 10.26678 10.43878 
  8.358729 10.50143 9.305292 9.257571 9.462067 10.43808 10.75403 11.05309 10.76624 9.329081 9.250664 8.448574 8.590945 8.626327 8.623496 9.429459 9.747705 9.901941 9.700241 10.11647 10.45605 10.21063 10.96369 
  7.359032 8.824718 9.06092 8.524593 8.527379 9.1537 10.6289 10.07489 10.00121 9.868371 9.04859 6.695337 8.023365 8.083506 7.869291 9.065006 9.293931 9.482344 9.555668 9.782188 10.02329 10.57561 11.25077 
  7.892204 7.43961 6.861572 6.545553 8.293707 9.581825 10.31607 8.607607 8.744377 9.275152 8.644444 10.48494 10.22274 9.983377 10.85478 12.46656 13.3779 13.56388 12.80812 11.18616 10.95062 10.72602 11.179 
  7.95885 7.51251 5.965541 6.912042 7.125348 8.480931 8.689333 9.280114 9.345473 9.598726 8.240297 8.923725 8.236208 7.947801 8.623496 10.09762 11.05231 11.8092 11.41103 10.50646 10.30149 10.42521 11.14311 
  6.159396 6.637704 4.254938 4.094274 6.716423 8.419771 9.064734 7.873963 8.635087 9.329081 8.375012 7.905545 7.526733 7.628169 8.312154 8.299752 9.010322 9.329763 9.603859 10.06075 9.930331 10.30489 10.39539 
  6.959153 7.43961 4.906596 5.959171 6.950094 7.624681 7.938532 7.690552 7.870056 8.628003 8.375012 7.769787 8.094313 7.947801 8.260263 9.065006 9.350653 9.139037 9.748433 9.276669 10.11603 10.19459 10.64072 
  4.494571 4.815191 4.417852 5.446086 6.073825 7.380037 8.001099 8.179647 7.542186 7.064062 7.297288 7.226758 7.597681 7.357738 8.312154 8.374952 8.515031 9.021954 9.397816 10.35046 9.920002 10.39513 10.36935 
  5.626224 4.960992 3.607328 5.519384 6.424333 6.76843 6.374365 7.690552 7.706121 7.11799 6.9605 7.158879 7.88147 8.354916 8.675386 8.943521 9.237209 8.90487 9.355639 9.96047 10.02329 10.01009 10.78426 
  5.226346 3.940384 4.49931 5.446086 5.606482 5.361732 5.435864 6.956908 6.886446 6.686559 6.893142 7.430394 7.060693 8.083506 8.415935 8.700553 9.293931 9.103011 9.330332 9.495634 9.827041 10.30489 10.60483 
  3.904535 3.46166 4.336395 4.859704 5.489645 5.545214 5.060464 5.577676 5.957479 5.923849 6.60591 7.02659 7.142935 7.665469 8.467825 8.36421 8.814055 9.482344 9.330332 9.472982 10.14694 10.27481 10.43878 
  4.605203 2.695702 3.355287 4.639811 4.365346 5.422892 4.476354 4.977792 5.195506 6.416914 7.095215 7.158879 7.293713 8.422769 8.415935 8.450153 9.010322 8.616665 9.555668 9.450331 9.734078 10.20261 10.82015 
  3.941412 3.429745 4.092023 5.152895 5.431228 4.582299 5.811265 5.856442 5.529704 5.827548 6.087635 6.502106 7.499319 7.413689 8.150303 8.482383 8.863893 8.841825 9.507477 9.593791 9.723749 10.27481 10.71249 
  3.904535 2.982936 4.17348 4.625066 5.08072 3.527222 4.360455 5.62984 6.06677 5.923849 6.33892 6.980582 7.526733 7.684119 8.174738 8.88278 9.237209 9.406054 9.65205 9.480533 10.01296 10.48537 10.18711 
  5.826163 4.231987 3.103245 4.786406 5.37281 4.846068 4.959264 5.003873 4.667824 6.095052 6.291804 7.498272 7.088107 8.287064 8.312154 8.235294 9.180488 9.177182 9.338767 9.752353 10.39423 10.45529 10.56895 
  5.759517 4.888091 4.336395 4.595578 5.314392 5.178249 4.843366 6.284401 5.775955 5.870348 7.027857 7.226758 7.526733 7.879948 8.467825 8.943521 9.180488 8.805799 8.967606 9.837901 9.981977 9.921857 10.96369 
  5.759517 3.078681 3.045082 4.403903 4.985337 5.30057 4.804733 6.10099 6.012125 6.470842 6.684436 6.943777 7.952418 8.015654 8.028124 7.891519 8.734316 9.003941 9.499042 10.09418 10.42514 10.51545 10.74837 
  5.026406 4.086185 3.723655 4.859704 5.255974 5.178249 4.360455 5.056037 5.705597 6.902275 7.027857 7.008187 7.499319 8.151359 8.052559 8.822038 9.350653 9.291618 9.380944 10.03847 9.909673 10.57561 11.179 
  4.789589 2.312722 3.083857 4.859704 4.579958 5.484053 5.185597 5.447267 5.441757 6.362984 6.37033 7.008187 7.739575 7.43234 8.101431 8.761295 8.315681 9.112018 9.579763 9.503184 9.589472 10.0502 10.20447 
  3.240744 1.897828 2.851204 4.859704 4.913799 4.661429 5.435864 5.473349 5.213095 5.688446 6.668731 7.158879 7.526733 8.015654 8.623496 9.065006 9.010322 9.112018 9.48217 10.02733 10.48696 10.54553 10.34332 
  4.531448 4.013285 4.014472 4.167994 5.08072 4.31853 3.95481 5.238611 6.50393 5.96665 6.558794 7.158879 7.142935 7.730745 8.138084 9.368716 9.464096 9.406054 9.724337 9.684398 9.950989 10.42521 10.85603 
  5.626224 3.334001 4.417852 5.006299 5.314392 4.872445 4.128657 5.917579 6.06677 6.416914 6.401741 7.158879 7.44449 7.879948 7.686022 8.224551 8.774185 9.59678 9.65205 9.804474 10.27058 10.30489 10.39539 
  6.559275 6.637704 4.825139 4.859704 4.913799 5.484053 6.311798 5.603758 5.740776 6.062952 6.495973 7.294636 7.471905 8.422769 8.519715 8.041921 8.863893 9.121024 9.555668 9.759903 10.08511 10.08229 10.01355 
  5.692871 5.106792 3.975696 3.843621 4.460729 5.178249 4.514986 5.36902 5.265863 6.202054 6.417446 6.768949 7.060693 8.287064 8.174738 8.579069 9.123765 8.922883 9.603859 9.737251 10.00263 10.06625 10.44746 
  4.678957 3.65315 3.646103 4.197483 4.436883 4.213022 5.185597 5.603758 6.777155 5.998751 6.825784 7.294636 8.16526 7.879948 7.478318 8.267523 8.794121 8.985929 9.579763 10.17218 10.14694 10.33497 10.27389 
  4.893113 2.823361 3.316511 4.315437 4.556112 4.740561 4.341138 5.003873 6.339995 6.902275 6.731552 6.557314 7.597681 7.618843 7.808201 8.503868 8.933665 9.177182 9.531572 10.16104 10.08511 9.953943 10.30861 
  4.826467 2.855276 3.491001 4.507113 4.389192 4.872445 4.534303 4.064923 5.459346 6.740488 6.9605 6.980582 7.810523 7.674794 8.415935 9.004264 9.123765 9.177182 9.989388 9.826758 10.08511 10.33497 10.64072 ]
