 [
  3.94919 3.936224 4.611612 4.716463 4.374546 4.57589 5.935396 5.94623 6.699048 7.074183 7.178795 7.305803 7.050319 7.335822 8.132499 8.719105 8.685069 8.716129 9.771339 9.546506 9.678615 10.08623 10.54942 
  4.034965 5.242918 5.10747 5.17906 5.065232 4.082793 5.38564 5.850572 6.409854 6.899598 7.241524 6.740327 7.967453 7.848107 7.698002 8.129925 8.737419 8.957918 9.593699 9.962282 10.13665 10.02024 10.54942 
  5.269134 5.824191 4.886817 4.670203 4.897793 4.111799 5.216538 5.730999 5.636415 6.782566 7.272888 7.151583 7.16794 7.653792 8.064609 8.750114 8.84212 9.469643 9.249424 9.757158 10.31278 10.22645 10.40062 
  4.849824 4.157106 3.758481 4.323256 5.680295 5.243021 4.757547 6.065803 6.1785 6.138891 7.053337 7.151583 6.560235 7.424147 8.091764 8.677759 9.257504 9.596314 9.091139 9.293721 9.754954 10.05323 10.13073 
  5.150035 4.952282 4.061205 4.531425 5.21174 5.766016 4.854177 4.535273 5.561646 6.607018 7.116066 6.920251 7.865718 8.203125 8.281857 8.781123 8.907557 8.883522 9.058164 9.529654 10.2027 10.62467 10.54942 
  5.269134 4.7314 3.263113 4.045698 4.918723 5.620095 6.068332 5.085307 5.337335 7.016149 7.14743 6.483293 7.148336 7.795112 7.91525 8.398673 8.737419 9.032315 9.604802 9.824568 9.93308 10.08623 10.40062 
  5.192923 4.422165 4.501531 4.207607 3.935019 4.198816 5.578899 6.065803 6.02896 6.782566 6.457412 6.663217 7.28556 7.883437 8.023874 8.243627 8.907557 8.967217 9.104329 10.19534 10.26875 9.987243 10.45787 
  4.163627 3.406106 4.584092 5.06341 4.562915 5.693056 6.068332 5.802743 6.1785 7.306322 7.272888 7.43432 7.736437 7.989427 7.630112 8.55372 9.16931 9.406306 9.749134 9.866941 10.24673 10.36917 10.46605 
  4.635387 4.775577 3.896082 4.670203 4.541985 5.838976 5.80246 5.826657 6.294178 6.489986 7.272888 6.894548 7.207146 7.759782 8.18681 8.264299 8.750507 9.190408 9.130711 10.17415 10.64302 10.20996 10.26977 
  4.635387 5.170259 4.556572 5.271579 5.107091 5.475067 5.603056 4.846162 6.066345 6.080376 6.990608 7.43432 7.442387 6.858868 8.078187 8.40901 9.025346 9.406306 9.815749 9.740307 10.03487 10.05323 10.34337 
  5.269134 3.9804 3.538317 4.438905 5.680295 5.693056 4.805862 5.635341 5.655108 6.958114 7.330185 6.61181 6.952302 7.494807 7.860938 8.150598 9.064609 9.627983 9.447279 10.12118 9.593793 9.855265 9.991694 
  5.269134 3.406106 4.198807 4.184477 4.960582 5.068987 4.491816 6.183339 5.879419 6.411965 7.210159 7.125879 7.618817 8.042851 8.59985 8.657085 9.477989 9.532979 9.249424 9.73188 9.907633 10.04498 10.53471 
  5.021373 4.245459 4.501531 4.253866 5.002442 4.807936 4.105297 5.372282 5.505568 6.294934 6.927879 7.125879 7.011113 7.689122 7.888094 8.295309 9.345698 9.374639 9.760237 10.03644 10.0179 10.31539 10.57884 
  5.573978 3.715341 4.253848 4.485165 5.128021 4.807936 5.119908 5.539683 4.982176 6.372955 5.265563 7.151583 7.34437 7.759782 8.59985 8.44002 9.130047 9.032315 9.374732 9.816142 9.983973 10.30194 10.72592 
  3.992077 4.201283 4.308888 4.832112 5.355683 4.720919 4.395186 5.515769 5.935497 6.119386 6.457412 7.535955 7.814851 8.096276 8.549478 8.79146 8.999171 9.659651 9.190067 9.856348 10.13665 10.34228 10.18798 
  4.506725 5.969509 6.504942 5.68743 6.816436 5.838976 5.669524 5.587512 6.467693 6.743556 7.272888 7.485727 7.265956 8.1497 8.417637 8.836848 9.16931 9.116011 9.30878 9.835161 10.09424 9.764529 10.33519 
  2.448133 4.908106 6.210738 5.987632 5.761448 4.923959 5.023279 5.635341 5.916804 6.704545 6.896515 7.100176 7.305163 8.096276 8.499105 8.326318 8.331704 9.013716 9.32197 9.824568 10.22472 10.15222 10.28612 
  3.992077 6.332804 7.828864 8.6144 7.546812 6.130817 6.334203 6.712251 6.1785 7.132218 8.361526 8.691188 7.501197 9.485317 9.808785 9.199957 8.84212 9.311302 10.01559 9.962282 10.44487 10.43641 10.65238 
  4.892711 7.059395 8.343721 9.740157 9.332176 7.006341 7.464158 7.299932 6.699048 7.306322 7.960449 9.494827 9.391741 11.14148 11.52144 10.92472 10.18354 9.817991 10.58182 10.51314 10.33479 10.9743 11.54959 
  5.021373 6.841417 6.725596 7.488642 8.682953 8.757389 7.796497 7.3587 6.98824 7.538461 6.833786 8.088457 8.781332 9.96614 9.959902 9.336123 9.522086 9.532979 9.704724 10.1 10.07728 10.17696 10.96126 
  5.726401 6.841417 5.916533 6.437935 8.114882 8.173706 8.527644 9.650655 10.40072 10.15003 9.793946 9.896647 10.56169 10.82093 11.52144 10.97011 10.09535 9.691319 9.693622 10.20593 10.55495 10.39607 10.6818 
  5.573978 7.350031 6.799147 7.18844 8.277188 8.246667 8.394709 9.650655 10.40072 10.38216 10.71069 10.29847 10.61256 11.40861 12.3274 14.01114 14.46096 13.76246 11.84469 11.00043 11.25946 11.31048 11.3878 
  7.174414 8.294599 8.123068 7.563693 8.6018 8.246667 9.92347 11.82507 14.00835 16.01822 16.0964 14.85545 14.43783 14.82779 15.7386 17.66704 18.20307 17.34132 15.05503 14.06635 14.51757 14.7438 15.31744 
  6.031246 5.751532 5.181021 6.362885 6.248365 6.933381 8.394709 10.59094 13.23481 15.65563 15.46923 14.03242 13.76634 13.43874 13.88894 14.94184 15.2374 13.49736 12.00521 11.78806 12.95468 13.62866 14.19584 
  4.378063 3.803694 4.47401 5.08654 4.248967 4.16981 5.119908 5.037478 5.954189 7.7706 7.272888 7.887547 7.756041 7.406482 8.064609 8.543385 9.012259 9.469643 9.571494 9.327426 9.678615 10.16871 10.26977 
  3.048556 2.124988 4.226327 4.392645 5.044302 5.243021 4.950807 5.109221 5.150409 6.841082 8.189636 7.63641 7.967453 7.600797 8.549478 8.79146 9.090784 9.236906 9.893467 10.26949 9.729507 9.987243 10.52 
  3.906302 2.169164 3.180552 3.906919 4.583845 5.214015 5.023279 5.754914 5.636415 6.372955 6.959244 7.460024 7.28556 7.777447 8.11892 8.61574 9.012259 8.976518 9.571494 9.774011 10.02638 10.40952 10.77005 
  4.077852 3.406106 3.868562 4.091958 4.876863 5.18501 4.926649 4.94182 6.066345 7.190253 7.960449 8.590733 8.069188 7.759782 8.390481 9.790009 9.477989 9.437974 9.604802 9.888128 10.66503 10.62467 10.35973 
  3.220105 3.317753 4.281368 5.10967 4.625704 4.227822 5.216538 5.730999 5.636415 7.364357 7.444778 8.44005 8.374393 7.901102 9.002829 10.06234 9.742572 9.976332 9.493776 9.647619 9.721025 10.11922 10.32702 
  3.091443 3.450282 4.886817 4.485165 5.148951 5.301033 4.540131 5.68317 5.748571 6.314439 6.739693 7.63641 7.916585 8.470249 8.173233 8.79146 9.433892 9.209007 9.157091 9.285295 10.00942 10.2616 10.22069 
  3.648978 3.450282 4.584092 5.762481 4.981512 5.766016 5.19238 5.061393 5.505568 6.646029 7.788559 8.23914 8.679597 9.111345 8.431215 9.018403 9.3016 8.93932 9.434089 9.672897 10.15867 10.38262 10.62296 
  4.292288 2.875988 4.749215 6.287834 6.004907 5.620095 5.868928 6.183339 5.916804 6.646029 8.075043 9.745965 10.00215 8.737372 8.549478 10.19851 10.49222 9.469643 9.90457 10.19534 10.46689 10.54399 10.56413 
  4.292288 6.478122 6.210738 7.413591 6.735283 4.98197 6.134799 6.535947 6.930402 7.596496 9.392868 9.896647 10.25649 9.96614 9.103573 10.83395 11.37416 9.406306 9.229638 10.1 10.40084 10.51709 10.35155 
  8.698637 10.83767 9.373438 7.713794 6.08606 5.330038 5.80246 6.183339 7.046079 7.7706 10.08043 10.14779 10.71429 10.44696 9.657668 11.33322 12.2561 11.02138 10.19323 9.706602 10.24673 10.78604 10.93184 
  11.89951 13.962 12.09483 10.71581 9.332176 8.319627 7.464158 7.06486 7.682303 7.944705 10.36691 9.997103 11.68077 10.92778 9.153945 11.10628 11.50645 10.03967 9.420898 10.04703 10.06031 10.30194 10.77005 
  12.89025 14.61395 12.46259 10.71581 10.30601 9.049231 7.929433 8.063917 8.60772 9.859852 11.74204 10.49938 11.73164 11.51546 9.808785 12.10483 12.78527 10.51469 9.937877 9.877535 10.57697 10.7188 10.49059 
  12.43299 13.81669 12.53614 11.61642 10.14371 8.392588 7.06535 8.063917 8.839075 10.49823 12.20041 11.35325 13.25766 12.9045 10.61474 13.23954 13.8877 10.38802 9.882364 9.698175 10.12817 10.43641 10.63767 
  13.49994 13.88935 13.41875 12.29187 10.54947 8.465548 7.663561 8.651598 9.41746 10.84644 12.71608 11.95598 14.32588 13.86614 11.21921 14.14731 14.91965 10.29301 9.960082 9.994062 10.07728 10.46331 10.71121 
  13.57615 13.52605 13.78651 12.29187 10.06255 7.371143 8.195305 8.534061 8.66556 10.26609 12.20041 11.00165 12.29118 11.99628 11.4207 14.32886 14.81374 11.17972 10.88159 10.52373 10.621 10.43641 10.60825 
  13.80479 13.81669 14.36549 13.19248 10.63062 8.246667 9.059387 9.533119 9.880169 11.36876 13.34635 12.3578 13.512 12.85107 12.12591 13.3757 13.7995 11.84475 11.20262 10.68263 10.621 11.08188 10.93184 
  13.65236 13.962 14.42962 13.11743 10.79293 8.90331 8.394709 8.945438 9.533138 11.07858 13.63283 12.15689 13.30853 13.1182 13.43559 14.6012 15.76698 13.36481 11.52366 11.18052 11.10535 10.85328 11.3878 
  13.57615 13.74403 14.00716 13.41763 10.87408 9.559952 9.192323 9.82696 9.533138 10.73037 12.60149 12.0062 14.12241 14.34696 13.88894 15.36766 16.61432 14.29266 11.84469 11.63618 11.06132 10.7457 11.15246 
  13.95721 13.962 14.00716 13.71783 10.30601 9.778833 9.989938 9.709423 10.45856 11.775 13.69013 12.96053 13.91894 14.45381 14.94676 16.73025 17.88532 15.88326 13.77089 13.45881 13.43557 11.95595 12.65366 
  14.26205 14.17998 14.22782 14.01804 10.38716 10.5814 10.65462 10.35587 10.80559 12.52945 14.43498 13.06098 13.25766 14.40039 15.86042 17.58187 19.15632 18.26917 16.17864 15.43332 14.99847 15.16197 14.61644 
  14.64311 14.4591 14.30137 13.94299 11.03639 11.09212 10.05641 10.1208 11.2683 12.99373 14.37769 13.31212 14.54978 15.26219 15.98225 17.83736 18.94449 19.06447 17.46278 16.95218 16.32092 15.71954 16.29883 
  15.01238 14.66556 14.30137 14.09309 11.44215 11.01916 8.859983 10.53218 11.03694 13.1098 14.92046 13.76417 15.10954 15.69658 15.92133 17.15606 18.94449 19.32957 19.38898 18.01538 17.2827 17.39225 17.14002 
  15.20566 14.56233 14.00716 14.16814 12.41599 10.28956 9.524662 9.885727 9.938008 12.00714 15.15565 13.66371 14.88564 15.87035 16.89591 18.09285 20.3214 20.38997 19.06795 19.53424 18.3647 17.94982 17.84101 
  15.20566 14.25264 13.71296 14.09309 12.33483 9.778833 9.391726 9.533119 10.11152 11.31072 14.0912 13.16144 15.10954 16.21786 17.50502 18.60382 20.63915 20.52252 20.03105 19.98989 19.56693 18.92556 19.10281 
  15.07681 13.88935 13.56586 13.94299 12.33483 9.924754 9.857002 9.885727 10.11152 11.48483 13.51824 13.21166 14.99759 16.21786 17.3832 18.34834 19.89774 20.38997 20.19156 19.68612 19.56693 19.34374 20.3646 
  14.94796 13.67137 13.3452 13.56773 12.09138 10.07067 10.25581 9.82696 10.16936 11.775 14.43498 13.31212 14.07154 15.00154 16.46953 18.17801 20.10957 20.78762 19.87053 19.98989 19.68715 19.76192 20.5048 
  14.87174 13.67137 13.27165 13.34258 12.09138 10.14363 10.32228 10.35587 9.82233 10.26609 12.71608 12.10666 13.61374 15.52283 17.44411 18.68899 20.21549 21.18527 20.35208 20.59743 19.9276 19.62252 20.78519 
  14.87174 13.74403 12.97745 12.96733 11.92907 10.36252 10.32228 10.35587 10.57423 12.06517 13.63283 12.30757 13.81721 15.43595 17.13955 18.51866 20.53324 21.18527 20.5126 20.14178 20.28826 20.18009 20.78519 
  14.94796 13.81669 13.051 13.19248 11.92907 9.924754 9.657598 10.1208 10.28504 11.48483 13.97661 13.11121 14.54978 15.95722 17.50502 18.68899 20.21549 21.31782 20.99415 20.59743 20.52871 20.73766 21.20579 
  15.01238 13.81669 13.41875 13.49268 11.76676 9.851793 9.192323 10.23834 11.03694 13.05176 15.07725 13.91485 14.43783 15.87035 16.835 18.77415 20.74507 21.05272 20.99415 20.74932 20.52871 20.45888 20.64499 
  15.17345 14.17998 14.00716 14.09309 12.09138 11.09212 10.52168 11.35493 12.13587 13.45801 14.84206 14.15 14.66174 15.6097 17.68775 19.62577 21.48649 21.31782 20.83363 19.83801 20.16804 20.31949 20.5048 
  15.39894 14.66556 14.55788 14.61844 12.57829 11.52988 10.92049 11.47247 12.19371 13.45801 15.70442 15.0906 16.00516 16.82603 17.80957 19.19996 20.85099 21.05272 20.99415 20.14178 19.32648 20.31949 20.64499 
  15.62444 15.23334 15.19916 15.12906 13.30867 12.40541 11.45223 12.11891 12.65642 13.98032 16.80196 16.26635 16.34102 17.26042 17.62684 19.96642 21.06282 21.71547 20.83363 19.83801 19.08604 19.34374 19.944 
  15.97879 15.80111 16.03282 16.14429 13.95789 13.49981 12.05044 12.64783 12.94561 14.6585 17.50753 17.20695 17.57249 18.2161 18.05322 19.54061 21.16874 20.92017 19.71001 19.07858 18.84559 18.50739 19.243 
  16.30092 16.31726 16.80236 17.15951 14.1202 14.37533 12.84806 12.8829 13.06129 15.02109 17.74271 17.79482 18.46811 19.0849 18.17504 18.4335 20.3214 19.72722 18.42588 18.01538 16.92203 17.81042 17.70082 
  16.55863 16.7818 17.50776 18.03938 14.52596 15.18463 13.3798 13.00043 13.23481 15.20239 17.82111 18.50027 18.80397 19.43242 17.13955 17.24123 18.62674 18.40172 17.30226 16.49652 16.44114 16.83468 16.43903 
  16.78412 17.0915 17.8284 18.64852 15.01288 14.95902 13.3798 13.0592 13.00345 14.38656 17.19394 19.08815 18.58006 19.0849 16.59135 17.0709 18.09715 16.14837 13.77089 13.15504 14.27713 14.32562 14.47624 
  16.91298 17.24634 18.02079 18.78388 15.25634 15.12823 13.44627 13.11797 13.29265 14.56786 17.19394 19.44087 19.58764 20.21434 17.44411 17.24123 17.35574 15.35306 12.32624 12.54749 14.15691 13.48926 13.49485 
  16.9774 17.40119 18.08492 18.91924 15.71317 15.24103 13.91154 13.29428 13.58184 14.47721 17.11555 19.7936 20.03544 19.86682 18.23595 18.26317 16.29657 14.69031 11.04211 11.04281 13.67602 13.62866 13.07425 
  16.9774 17.4528 18.2773 19.12229 16.32601 15.18463 14.29296 13.73667 14.11498 14.8398 17.58592 20.61662 20.81911 20.30122 18.78415 18.60382 16.5084 15.35306 10.65954 11.33241 13.0749 13.62866 13.77525 
  16.9774 17.50442 18.34143 19.18997 16.58136 15.24103 14.61149 14.03378 14.43487 15.29304 18.68347 21.32207 21.37887 19.69306 18.05322 17.66704 15.8729 14.69031 10.42639 10.84153 14.15691 13.76805 13.07425 
  16.94519 17.50442 18.34143 19.25765 17.04099 15.41024 14.97552 14.47944 15.07464 16.47145 19.54582 20.96935 20.93106 18.2161 17.07864 16.3896 15.13148 14.29266 10.23764 10.77797 13.55579 13.34987 12.79385 
  16.91298 17.4528 18.21317 19.12229 17.50062 15.46664 15.20304 14.99939 15.50115 16.92469 19.23224 20.38148 20.03544 17.26042 16.59135 15.87863 14.24047 13.76246 9.482675 10.92628 13.19512 13.21048 12.51346 
  16.84855 17.34957 17.95666 18.58083 17.80704 15.63585 15.56708 15.74216 16.88732 17.55922 18.29149 19.44087 18.13226 16.30474 15.79951 15.11217 13.22624 12.44644 9.671417 11.18052 13.0749 13.21048 12.79385 
  16.68748 17.0915 17.63602 17.9717 17.96025 15.97427 15.70359 16.11355 17.63372 16.74339 16.40998 16.85422 15.78126 15.43595 15.37314 13.42109 11.85923 11.36973 9.749134 11.63618 13.0749 12.23473 12.15263 
  16.46199 16.7818 17.31538 17.70097 17.75597 16.08708 15.65808 16.70777 16.99395 15.47433 15.54763 14.6203 13.41027 14.91467 14.79564 12.6041 10.58042 10.26134 9.571494 10.66145 12.36025 12.23473 11.69667 
  16.17207 16.47211 17.123 17.70097 17.75597 16.25629 15.43056 16.9306 16.24755 14.38656 13.69013 12.65916 12.74899 14.61409 14.84602 13.10337 9.874863 9.849659 9.760237 10.16356 12.20614 11.28359 11.09363 
  15.94657 16.16241 16.99474 17.76865 17.65383 16.36909 14.88452 16.48493 15.82104 14.38656 14.60687 12.45825 12.49465 13.70587 13.33485 11.19705 9.3016 9.50131 9.209852 9.866941 11.76582 11.24325 10.99067 
  15.75329 15.74949 16.73823 17.63329 17.75597 16.4255 15.52157 17.59909 16.78069 15.38368 14.60687 11.70484 12.03685 13.49217 13.43559 11.51477 10.00715 9.849659 9.038378 9.613914 11.54567 11.16256 11.25542 
  15.62444 15.33657 16.60997 16.95647 17.60276 16.4255 16.02212 17.8962 17.9536 16.74339 16.1748 13.31212 12.18945 13.17162 13.18373 11.65094 9.477989 9.564647 10.0267 10.36483 12.36025 11.67356 11.93201 
  15.43116 14.56233 16.28933 16.61806 17.29634 16.65111 15.8401 18.04476 18.91326 18.37505 18.29149 14.85545 14.32588 14.91467 14.74527 13.19415 9.654377 9.50131 9.660315 9.845755 11.89792 11.43151 11.16717 
  15.23788 13.962 15.71218 17.76865 17.85811 16.93313 15.93111 18.26759 20.29943 19.28152 19.15384 16.38392 15.10954 15.52283 15.43405 13.96576 10.7568 10.7047 9.460469 9.394835 10.73108 11.25669 10.6965 
  15.20566 14.03466 15.45567 17.56561 18.26667 17.04593 16.43165 17.97048 20.1928 19.73476 19.54582 17.79482 15.33345 15.43595 15.1904 13.28493 10.35993 10.41968 9.960082 10.00465 11.1714 10.90706 11.49076 
  15.07681 14.40749 14.62201 17.09183 18.87951 17.89198 16.65917 17.52482 19.97954 20.09735 19.31063 18.3827 14.88564 14.50724 14.64453 13.28493 11.55055 10.83137 9.937877 10.2589 11.52365 10.88017 11.18188 
  14.71932 14.87203 14.68613 16.14429 18.41988 18.51242 16.9777 16.63349 18.91326 19.19088 17.66432 17.55967 14.32588 13.75929 14.29192 13.33032 11.63875 10.45135 9.604802 10.43898 12.05203 11.17601 10.873 
  14.03342 14.92364 14.81439 15.80587 17.39848 17.55356 16.34064 15.07366 16.78069 17.37793 15.86121 15.44332 12.95246 12.15655 13.7882 13.55726 11.94742 11.78141 10.14882 11.63618 13.19512 11.18946 11.37309 
  13.72858 14.56233 14.49375 15.12906 16.78564 16.4819 15.43056 13.58812 16.14092 16.74339 13.97661 14.38515 12.90159 11.88943 12.22666 12.74026 12.60888 11.74974 9.447279 10.90509 12.22816 10.93396 10.84359 
  13.65236 14.35587 14.15426 14.99369 16.73457 16.76392 15.15754 14.10806 15.60778 15.83692 14.26309 13.81439 13.15593 11.6223 11.57182 12.1956 12.16791 11.93975 9.54929 11.48429 12.31622 11.04154 11.12305 
  13.34752 14.10732 14.00716 14.84359 15.86638 15.97427 15.56708 14.85083 15.92766 16.19951 13.74742 14.03242 13.46113 11.6223 10.36288 11.51477 12.78527 12.73145 9.482675 10.80975 11.8759 11.09533 10.96126 
  13.49994 14.10732 14.36549 15.3321 16.42815 17.38435 16.11312 14.55372 15.60778 15.11174 12.83068 13.81439 13.86807 11.51546 11.16884 11.24244 11.41826 11.84475 9.571494 10.22712 11.12737 10.61123 10.52 
  13.72858 13.88935 14.15426 14.99369 16.73457 17.72277 15.61258 15.51933 16.03429 14.56786 13.23175 14.50272 14.43783 11.6223 11.01772 10.97011 11.68284 11.78141 9.693622 10.33305 10.90721 10.24815 10.25341 
  13.65236 13.23541 13.1981 15.12906 16.78564 17.10234 15.74909 16.63349 17.31383 15.11174 13.63283 14.38515 14.32588 11.6223 11.21921 11.56016 12.03562 11.52807 9.54929 10.05762 10.29076 10.20996 10.46605 
  13.72858 12.58148 13.63941 14.91864 16.73457 16.36909 14.97552 16.55921 17.2072 14.21246 12.94527 13.91485 14.32588 11.03463 10.71549 10.97011 11.50645 11.65474 9.401113 9.369556 10.31278 10.2347 10.09802 
  13.42373 12.21819 13.71296 14.24319 15.76424 15.69226 14.04448 15.74216 16.14092 12.81962 11.97122 13.4628 13.96981 11.6223 10.61474 11.37861 11.81513 10.98971 9.30878 10.06822 10.04335 10.31539 10.56413 
  13.27131 12.00021 13.4923 14.54339 15.91745 14.88606 14.11095 15.44505 14.86138 12.18124 11.57015 12.55871 13.30853 11.99628 11.52144 12.28638 13.31443 12.85812 9.671417 10.22712 10.4889 10.20996 10.18798 
  13.1951 11.85489 13.3452 15.06137 16.58136 15.07182 14.42948 16.18782 14.75475 11.9491 11.22637 12.70939 13.3594 11.78258 11.37033 10.92472 12.3002 11.78141 9.593699 9.639193 10.24673 10.20996 10.38427 
  12.73783 12.43616 12.97745 14.84359 16.37708 14.74014 13.97801 15.74216 14.32824 11.25269 10.6534 12.10666 13.56287 11.35518 11.11847 10.78856 13.22624 12.66812 9.615904 9.656045 10.13665 10.28849 10.60825 
  12.89025 11.4916 12.24193 14.84359 15.6621 14.01053 13.31333 13.88523 11.84668 9.917887 8.991791 10.19801 11.42644 10.17984 9.204318 10.83395 13.22624 12.1931 9.693622 10.30127 10.46689 10.78604 10.96126 
  11.67087 11.92755 11.43287 14.46834 14.93173 12.47836 13.77861 14.18233 10.86343 9.221469 8.47612 9.04278 11.07036 9.85929 8.902084 11.06089 12.91756 11.93975 9.627007 9.757158 10.15867 11.02809 11.46134 
  10.75634 10.54703 10.62381 12.29187 12.82175 11.96764 11.7181 11.53123 10.11152 10.20806 9.335571 9.344145 10.45996 10.44696 9.506552 11.15166 12.12381 10.64136 9.715827 10.06822 10.42286 11.63322 12.37326 
  10.07044 10.54703 10.55026 11.46632 13.22752 13.93757 14.15645 13.11797 10.86343 10.96251 9.679353 9.595283 9.951283 10.17984 9.607296 10.97011 12.12381 10.76803 10.15993 10.34364 11.36954 11.61977 12.37326 
  8.546215 8.730553 9.299887 10.49066 12.65944 14.15645 14.15645 13.29428 10.63207 10.09199 8.991791 8.992553 9.188271 9.378469 8.851711 9.608454 11.15368 10.03967 9.295589 9.888128 10.46689 10.35573 11.06421 
  7.707892 7.568008 7.681761 10.49066 11.76676 14.37533 15.11204 13.11797 10.51639 9.453608 8.934494 9.695738 9.086536 9.431893 8.549478 9.835397 10.13945 9.564647 9.460469 10.47076 11.52365 10.2182 11.13776 
  6.94578 8.657894 7.828864 10.04036 12.17253 14.66717 14.88452 13.41181 11.2683 11.48483 9.564758 9.896647 9.442608 10.01956 8.700595 11.0155 11.15368 9.125311 9.482675 10.23771 11.83187 10.51709 11.37309 
  8.012737 8.149281 7.975966 9.364904 11.44215 13.28093 13.91154 13.35304 10.86343 10.49823 9.90854 10.19801 10.00215 9.645592 10.11102 11.7871 12.65298 11.30639 11.20262 10.50254 10.26875 10.51709 10.72592 
  7.936525 8.730553 7.975966 9.289854 10.06255 12.33244 13.04746 13.11797 10.68991 10.38216 10.02313 10.9012 10.20562 9.485317 10.71549 12.83104 14.10818 12.44644 12.48676 11.63618 11.19341 10.90706 11.00538 
  8.088947 8.730553 7.019801 8.239147 9.494482 11.311 11.5187 10.88478 9.880169 9.337539 8.418823 9.143235 9.086536 8.416824 8.851711 9.336123 9.654377 9.437974 9.560391 9.68975 9.975491 10.06973 9.967158 
  7.707892 7.568008 6.35784 8.013996 8.764106 9.559952 9.790534 10.53218 9.01259 9.569677 8.590714 8.389822 8.22179 8.309975 8.851711 9.790009 10.13945 9.209007 9.960082 10.04703 10.29076 10.73225 10.63767 
  7.63168 7.785985 6.946249 5.987632 6.65413 8.465548 9.790534 10.94355 8.781237 8.176844 7.731262 8.84187 8.476128 8.25655 8.952456 9.517677 9.786669 9.264804 9.527084 10.16356 9.958527 10.47675 10.49059 
  7.860314 7.568008 6.946249 6.437935 7.059895 7.808905 9.325258 8.240221 6.930402 7.828635 7.960449 8.691188 8.120055 7.936432 8.376904 9.199957 9.874863 8.976518 9.229638 9.983469 10.2027 10.67846 10.93184 
  8.546215 8.730553 6.504942 6.663086 6.735283 6.057857 7.597094 7.476236 6.814724 7.306322 7.845856 8.490277 8.069188 7.636127 8.499105 8.927626 9.3016 9.143909 9.460469 10.13178 10.40084 10.40952 10.62296 
  8.393793 9.021189 8.049517 5.987632 5.680295 6.349699 6.666543 5.898401 5.636415 6.899598 6.990608 7.151583 7.481594 7.176837 7.765892 8.357327 9.16931 8.846323 9.381327 9.715028 9.653168 10.69191 10.54942 
  9.003482 8.149281 5.328124 5.462278 4.730354 6.057857 6.400671 5.037478 5.842034 6.802072 7.210159 7.048769 7.540403 8.1497 8.173233 8.76045 8.933733 9.311302 9.782442 9.571784 9.771918 10.34228 10.22887 
  8.470004 7.42269 5.842982 5.387228 5.27453 5.243021 5.530584 5.68317 6.409854 5.865817 6.614234 7.228693 7.069922 7.512472 8.336169 8.481365 9.433892 8.957918 9.604802 9.856348 10.13665 10.18521 10.5053 
  8.088947 6.405463 5.548777 5.04028 5.023372 5.475067 4.73339 6.535947 6.236339 5.709775 6.802422 6.560403 6.952302 7.565467 8.650223 8.739778 8.959908 9.050914 9.143901 9.597062 10.09424 10.10272 10.96126 
  7.707892 4.952282 4.391449 5.387228 5.044302 5.214015 5.095751 6.300875 6.236339 6.450976 6.802422 7.382914 7.69723 7.671457 8.091764 8.429683 9.051521 8.92072 9.130711 9.546506 9.950045 10.11097 10.41698 
  6.107457 4.068753 5.10747 5.462278 5.761448 5.984897 5.603056 6.242107 7.046079 7.016149 7.731262 7.408617 8.069188 8.309975 8.159655 9.063791 8.815945 9.274104 9.381327 10.18474 10.33479 10.20996 11.16717 
  5.573978 3.317753 3.67592 4.184477 5.680295 5.766016 5.264853 4.583102 5.524261 6.860587 7.084702 7.177286 7.865718 7.971762 8.59985 8.677759 8.488755 8.93932 9.54929 9.554932 10.13665 10.57088 10.33519 
  5.192923 2.566753 3.125512 3.999438 4.228037 3.763731 4.056983 6.124571 6.409854 7.016149 6.175132 6.637514 7.69723 8.203125 8.18681 8.140262 9.012259 9.34297 9.348351 9.824568 9.967009 10.19346 10.63767 
  4.978486 4.024576 3.868562 4.531425 5.232671 5.38805 4.999121 5.730999 6.1785 6.177902 6.959244 7.228693 7.46199 7.724452 8.05103 8.973014 8.881383 9.13461 9.638109 10.00465 10.2027 9.706789 10.1798 
  4.935598 3.715341 4.116246 4.924632 5.044302 4.836941 5.047436 5.94623 5.972882 5.904828 6.86515 7.887547 7.207146 7.035518 8.146077 8.543385 8.907557 9.060214 9.804646 10.11059 10.15867 9.929502 10.66709 
  4.806936 3.2294 4.41897 4.508295 4.772213 5.301033 5.80246 5.157051 6.141115 6.528997 6.331954 5.840707 6.913095 7.883437 8.549478 8.646749 9.012259 9.032315 9.682519 10.28008 10.44487 10.4902 10.41698 
  4.892711 4.333812 4.749215 4.392645 4.374546 4.720919 4.491816 4.989649 5.281257 6.216913 6.739693 7.228693 7.775644 7.936432 7.71158 8.315982 8.632719 9.078813 9.354946 9.436966 9.85674 10.17696 10.24523 
  3.434542 2.920165 3.758481 4.832112 5.27453 4.836941 4.950807 6.359643 6.159808 5.709775 6.990608 6.560403 7.16794 7.883437 8.376904 8.253963 8.920646 8.902121 9.282399 9.807715 9.848258 10.2347 10.22069 
  4.935598 3.715341 4.006164 5.537329 4.897793 3.96677 5.38564 5.874486 5.804649 6.743556 6.771057 7.100176 7.305163 7.742117 7.752314 8.23329 8.449492 8.985817 9.837955 9.546506 9.754954 10.54399 10.71121 
  4.034965 4.201283 3.67592 5.017151 4.897793 4.140805 5.047436 6.242107 5.711186 7.132218 7.502075 7.151583 7.128733 7.653792 8.750967 8.770787 8.737419 9.437974 9.893467 9.866941 9.805847 10.16046 10.22069 ]
