 [
  5.015681 3.892797 4.139318 3.45563 3.454398 4.88819 5.635123 4.65136 5.460288 6.485153 6.836378 7.052282 7.19376 7.621203 8.158571 8.851169 8.850659 8.852455 9.141617 9.484688 9.411613 9.943864 10.56281 
  4.259707 3.723792 4.424007 4.334431 4.207654 4.930529 5.17057 4.787208 6.160529 6.696802 7.294332 7.00456 6.69653 7.609848 8.462404 8.432746 8.959235 9.104219 9.603431 9.469774 9.841841 10.04327 10.40829 
  3.839723 4.681485 4.352835 4.169655 4.551999 4.972867 4.520196 5.031733 4.981785 6.061856 7.077566 7.052282 7.492099 7.70069 8.275806 8.695404 9.013523 8.843066 9.555423 9.616359 9.929265 9.689822 9.975404 
  4.847687 4.005466 2.502352 3.730255 3.432876 4.126102 5.015719 5.140411 5.672956 6.636331 7.381038 7.849702 7.657842 8.035984 8.804502 8.97578 8.43239 8.880623 9.214571 9.574172 9.620005 9.943864 10.22036 
  3.503735 2.709763 2.004146 3.400705 3.970916 4.549485 4.551167 5.439276 5.85904 5.895561 6.394201 6.638684 6.978294 7.462228 8.059507 8.335364 9.013523 8.852455 9.092824 9.865717 9.996119 10.4107 10.64997 
  3.419738 2.709763 1.790628 3.840105 3.432876 3.660382 4.891839 6.091344 5.805873 5.729265 5.791231 6.304624 8.100291 7.861376 7.773323 8.53964 9.203531 8.80551 9.363394 9.410118 10.15297 10.21416 10.06809 
  2.453772 1.52673 3.142904 3.78518 4.745693 4.168441 4.055644 5.575124 5.566622 6.364211 5.952023 6.352346 7.492099 7.575782 7.531167 8.292083 8.339441 9.012072 9.363394 10.1117 10.1504 9.999091 10.10781 
  3.671729 2.315419 3.285249 4.087268 3.992438 4.041426 5.820944 6.308701 5.088119 5.986267 6.715785 6.845483 7.392653 7.712045 7.696273 7.815993 9.013523 9.089545 9.131859 9.764416 9.767896 9.932819 10.51922 
  4.805688 2.822433 2.929387 3.290854 3.411355 2.432573 4.613107 5.738141 6.426993 6.454918 6.474597 7.274989 7.442376 7.53036 8.493505 8.183881 8.444009 9.012072 8.575618 9.372833 10.3213 10.18563 10.40432 
  4.805688 3.554787 2.217663 3.812643 4.379826 4.972867 4.922809 4.569851 4.370365 5.804854 6.354003 6.606869 6.779402 7.064793 7.894401 8.664251 8.653143 8.993293 9.589028 9.581629 9.835118 10.45191 10.59054 
  3.755726 3.216777 2.644697 4.279505 3.906351 4.168441 5.449302 5.683802 6.071708 6.16768 7.164272 7.06819 7.276632 7.966141 8.158571 8.570793 8.75771 8.965125 9.180652 9.268435 9.949835 10.04327 10.27332 
  3.713727 3.723792 2.787042 3.592942 3.368312 3.914411 5.635123 5.656632 5.274203 5.774619 6.173112 6.718222 7.19376 7.791533 8.555703 9.19385 9.230676 9.412374 9.440206 9.628048 9.90098 10.50897 10.50734 
  4.427702 4.39981 3.641111 4.581594 4.035481 4.168441 5.294451 6.145683 6.249351 6.243269 6.635388 7.322712 7.508673 7.861376 8.9289 8.820016 8.850659 9.236285 9.024513 10.41044 9.96012 10.02118 9.988645 
  4.679693 5.132164 5.135732 4.581594 3.841787 4.803514 5.635123 5.086072 6.20494 6.621213 6.494696 6.575053 7.707565 7.791533 8.136558 8.183881 8.478865 8.880623 9.063548 9.682595 10.00126 10.13173 10.17402 
  5.743924 5.582651 6.345663 5.12541 4.887236 4.718838 5.913855 6.470928 5.752707 6.742349 6.99717 7.410543 7.226909 7.280543 7.509153 8.324544 8.850659 9.250959 9.565024 9.803378 10.31504 10.27122 9.948922 
  3.881721 4.287141 5.847456 4.581594 5.453404 4.591823 6.433532 6.416852 5.77929 6.454918 7.337685 7.630123 7.971665 7.394097 7.52016 8.1406 8.107069 8.758564 9.541021 9.756623 9.761173 10.2205 10.12105 
  4.091714 5.132164 5.562766 4.252043 5.028778 5.14222 6.037735 6.849458 6.018541 6.833442 7.077566 7.13182 7.92879 8.769338 8.555703 8.357004 9.094955 9.030849 9.372995 9.780001 9.754451 10.21416 10.13429 
  4.889686 6.213331 6.416132 5.202364 4.745693 4.761176 5.913855 6.308701 6.338171 6.409564 7.077566 7.893618 8.100291 7.473584 7.971451 8.043218 8.606668 9.412374 9.670641 9.651425 9.913836 9.932819 10.18064 
  6.496734 7.925179 6.486602 5.433227 5.382633 5.654606 6.763363 6.741306 5.991958 6.696802 6.313805 7.76187 8.143167 7.734756 8.680102 8.508488 9.067812 9.485744 9.718648 9.705973 9.957549 10.0985 10.68959 
  10.03494 11.52907 9.234916 7.510987 6.939597 6.459785 7.093193 7.444291 6.782277 7.152267 6.916774 7.586207 8.271793 8.210592 8.400205 8.53964 9.203531 9.236285 8.965962 9.744934 9.646894 10.43606 10.46772 
  13.27202 15.40325 14.16779 13.3595 12.53051 11.87644 11.44696 10.3103 8.381058 8.199837 7.727864 8.464523 9.04355 8.3852 8.213607 8.944627 9.25782 9.471069 9.092824 9.694283 10.23361 10.33145 10.31304 
  14.5518 16.12403 14.87248 14.82163 15.58951 14.51157 13.6898 12.58149 10.46835 9.657326 8.985106 9.86983 10.24406 10.37573 9.364296 10.72034 10.64217 9.617809 9.709046 9.589086 9.519171 9.402644 10.69751 
  14.77764 16.30422 14.80201 15.12501 16.61596 16.07539 15.16914 13.7907 11.75626 10.24943 9.418637 11.01164 11.35882 10.79479 10.70158 12.49605 12.3251 10.11673 9.310586 10.17145 9.714117 10.25854 10.38451 
  14.94638 16.48441 14.87248 15.18162 16.34819 17.34961 16.60716 14.91131 12.80836 11.47919 10.58917 11.93387 12.38783 11.24877 11.35468 13.48177 13.33348 9.984659 10.0457 10.63749 10.3213 10.4741 10.68167 
  15.08445 16.57451 15.08389 15.20992 15.7234 18.10257 17.41995 15.84516 14.21116 12.52676 11.45624 12.72436 13.15959 11.98213 12.27571 14.00748 13.83767 10.83575 9.766656 10.62554 10.2524 10.17295 10.56677 
  15.1995 16.66461 15.2953 15.37975 15.36637 18.16048 17.85761 17.4327 15.84776 13.28354 12.45336 12.94394 13.60091 12.73069 13.08906 14.33606 14.00573 10.36618 10.12271 10.64944 10.30877 10.42338 10.77279 
  15.25319 16.67265 15.68204 15.69109 15.14323 17.92881 18.29526 18.55331 17.13366 13.82411 13.11248 13.15434 13.66556 13.19989 13.65841 14.46749 14.11777 10.68901 10.46927 10.39849 10.23361 10.30292 10.83619 
  15.26086 16.57451 16.0576 16.03074 14.96472 17.69713 18.42031 19.11362 17.95196 14.689 13.67914 13.92579 13.82718 13.90368 14.5531 15.19035 14.39788 10.98722 11.04687 10.74504 10.16582 10.86775 10.92343 
  15.23018 16.57451 16.33433 16.22887 14.78621 17.52337 18.35778 19.02023 18.53646 16.20258 14.32676 14.48685 14.11811 14.68568 15.36646 14.9932 13.89369 11.10437 11.43194 10.63749 10.29624 10.64748 11.09808 
  15.16882 16.48441 16.4727 16.42699 14.65233 17.46545 18.29526 18.74008 19.00406 17.17559 14.56961 14.27645 13.82718 14.99848 15.6918 15.38749 14.34186 10.94817 11.43194 10.3029 10.11954 10.82369 11.88399 
  15.15348 16.48441 16.5913 16.54021 14.56307 17.34961 18.17022 18.36654 19.12096 17.82426 15.21722 14.48685 13.56859 14.84208 15.20378 15.05892 14.28584 11.53392 11.58596 10.57774 10.56559 10.95585 11.88399 
  15.15348 16.57451 16.61107 16.65343 14.51844 17.40753 17.98265 18.08639 18.53646 18.68916 16.10769 15.18817 14.02113 15.78047 15.93581 16.04464 14.95809 11.61202 11.58596 10.57774 9.947264 10.99991 11.92765 
  15.16882 16.66461 16.5913 16.68173 14.47381 17.40753 17.79508 17.80623 18.06886 19.33784 16.7553 15.4687 14.44135 16.48426 16.42382 16.11035 15.01411 11.96347 11.817 10.84063 10.49042 11.19815 12.40793 
  15.16115 16.71286 16.49247 16.65343 14.38456 17.40753 17.54499 17.52608 17.48436 19.0135 17.56482 15.95962 14.92622 16.95346 16.50515 16.17607 15.2382 12.11967 12.00953 10.52994 10.50922 11.90302 13.41215 
  15.13047 16.80935 16.2948 16.59682 14.47381 17.46545 17.35743 17.15254 16.89986 18.25671 17.72672 16.59081 15.28179 17.10986 16.91183 16.50464 15.5183 12.23682 12.00953 10.66139 10.20855 11.52856 12.84454 
  15.10746 16.87368 16.09714 16.4836 14.42919 17.40753 17.16986 16.96577 16.43226 17.2837 17.40292 17.01161 15.08784 17.18806 17.31851 16.63607 15.74239 12.43207 11.73999 10.09975 10.17723 10.93383 13.32482 
  15.09212 16.96213 15.85994 16.31378 14.42919 17.29169 16.98229 16.31208 15.84776 15.98635 17.32197 17.222 14.8939 17.10986 17.23717 16.50464 15.85443 12.78352 12.24057 10.74504 10.30877 10.84572 12.84454 
  15.03843 17.01038 15.60297 16.08735 14.38456 17.11794 16.85725 15.84516 15.26326 15.22957 17.16006 17.36227 15.05552 16.95346 17.31851 16.11035 15.35024 12.78352 11.73999 10.21925 10.08869 11.79289 13.45581 
  14.98473 17.05863 15.4053 15.83261 14.25067 16.7125 16.60716 15.19147 14.56186 14.58089 16.83626 17.08174 14.79692 16.56246 17.15584 15.97892 15.74239 13.25212 10.73882 9.783896 10.08869 11.52856 13.63046 
  14.87735 17.01842 15.15436 15.43636 13.80439 15.90163 15.85689 14.35101 13.50976 13.82411 15.78389 15.81936 14.02113 15.15487 15.85447 14.92749 15.63035 13.36927 9.853169 9.912472 10.14268 11.79289 13.54313 
  14.80065 16.94605 14.80201 14.89858 12.74283 14.36517 14.4814 13.23039 11.99006 12.63487 14.48866 14.13619 13.69789 13.19989 13.57707 13.02176 14.56594 12.47112 9.170893 9.631944 10.14782 10.95585 12.05863 
  14.70236 17.08275 15.08389 14.74467 12.17666 12.75481 13.03014 12.47333 10.60159 11.66137 12.70772 13.78552 13.79486 13.43449 12.35704 9.474224 12.18937 11.37772 9.131859 9.477231 9.957549 10.60342 10.68959 
  14.62708 17.09079 15.01342 14.28295 12.10589 12.38882 12.70031 12.20296 9.979837 10.93263 11.80306 13.15434 13.30999 13.04349 12.19437 9.162697 11.1579 10.90912 9.814663 9.974812 9.512448 10.10954 10.856 
  14.47651 17.11492 15.08389 13.74427 11.8228 11.87644 12.04065 11.49997 8.647521 11.02372 11.84641 13.2946 13.24534 12.2615 11.63457 9.225002 11.37505 10.94817 9.699446 9.869614 9.559505 10.10954 10.92343 
  14.40123 17.12296 15.22483 13.05168 11.32741 11.21766 10.91923 9.282866 8.425468 12.52676 13.03153 12.72436 12.47359 11.14401 11.19918 8.820016 10.85932 10.54227 9.170893 9.963123 9.875268 9.999091 10.73317 
  14.32595 17.15512 15.36577 11.89737 10.54892 10.19288 10.32553 11.01329 9.091626 12.52676 13.03153 12.24129 11.70183 10.93448 11.13698 9.10039 11.42934 10.90912 9.584228 9.799481 9.707395 10.80166 10.86788 
  14.17539 17.17121 15.5239 9.511793 9.204272 9.973289 11.24906 11.33774 9.757785 11.52473 12.62677 12.2852 12.04483 10.79479 10.07959 8.913474 10.77789 10.42488 9.248176 9.939746 10.07069 10.35998 10.96709 
  13.94955 17.13904 15.66227 9.588748 8.708875 9.680497 11.31503 10.79699 9.446911 10.06724 11.5863 12.37303 11.65895 10.1662 11.01258 9.411919 10.39787 10.90912 9.814663 9.892991 10.09383 10.23635 10.4796 
  13.49786 17.11492 16.01807 11.05088 9.416586 8.509329 9.731838 11.39182 10.46835 11.52473 11.10941 11.84604 11.10157 9.642378 10.76378 9.598835 10.34358 11.06532 9.252976 9.84234 9.841841 10.32194 10.48356 
  13.19674 16.88976 15.85994 10.82001 9.133501 8.509329 9.138143 11.28367 10.29071 11.61583 11.32618 11.58255 11.4017 9.572535 9.706392 8.726557 11.04933 10.87977 8.887894 10.02157 10.41526 10.3473 10.49149 
  12.74505 16.48441 15.50414 10.12743 8.355019 7.850547 9.204109 10.52661 9.713374 10.6138 10.936 11.75821 10.97294 9.851908 10.26619 9.349613 9.882133 10.05803 9.541021 10.0878 10.10925 10.23635 10.55092 
  11.91696 15.67354 14.73154 9.357885 7.78885 8.216537 9.204109 8.958411 8.292236 10.75044 10.24235 11.27514 11.35882 10.06144 9.768592 8.851169 9.203531 9.705853 9.608232 9.912472 10.07326 10.41387 10.49149 
  10.41134 14.41218 13.88591 8.588345 7.930393 7.557755 9.00621 10.20215 9.446911 11.16036 10.63253 10.00158 10.15831 9.712221 9.737493 8.851169 9.692124 10.14607 9.853169 10.08001 9.714117 9.888638 10.43998 
  7.85179 12.43004 12.26511 8.12662 7.71808 8.582527 9.995703 9.607321 8.647521 10.38607 10.67588 9.738083 9.815309 9.25824 8.431305 8.695404 9.474972 9.397699 9.102583 9.772208 10.1144 10.23635 10.38451 
  6.496734 9.997414 9.798673 7.818804 7.222682 8.728923 9.533939 8.796185 7.75931 11.02372 10.89264 10.6164 10.32981 9.083632 8.586803 8.851169 9.692124 9.955312 8.800066 9.343005 10.15554 10.47093 10.96709 
  5.668643 8.105372 8.53022 7.510987 6.585742 7.118567 8.214617 8.471729 7.80372 11.06927 11.15276 10.44074 9.686682 8.175671 8.866701 9.038085 9.25782 8.946347 9.19041 9.737142 10.11183 10.38217 10.42017 
  5.969767 6.753914 8.741629 7.434033 6.231886 6.825774 9.138143 8.958411 6.782277 10.6138 10.63253 9.518503 9.600931 8.629651 8.493505 8.820016 9.284964 9.118894 9.661039 9.729349 9.411613 10.46459 10.01513 
  6.270891 7.114304 8.177872 7.587941 5.099549 6.898973 9.00621 8.255426 7.04874 11.02372 10.58917 8.771935 8.872049 8.070906 8.431305 8.97578 9.013523 9.529765 9.497814 9.760519 10.17097 10.10954 10.31966 
  7.324824 8.826151 8.741629 6.664492 5.099549 7.484557 8.940245 8.255426 7.04874 10.0217 9.46199 9.56242 9.772432 8.420121 8.711203 7.967476 8.780948 9.118894 9.449807 9.69818 10.22734 10.40119 10.87977 
  6.647295 8.105372 8.671159 6.664492 6.161115 6.679379 7.357058 8.363579 8.203415 9.3385 8.724986 9.606335 9.472305 7.966141 8.431305 8.421926 8.904947 8.899401 9.641836 9.811171 10.05012 10.23635 10.07471 
  6.948419 7.654887 7.825524 5.971905 5.594946 6.532982 6.631431 7.930973 7.714899 9.429593 9.115165 8.903682 8.571921 8.035984 8.12555 8.118959 8.35106 8.458111 9.392199 9.729349 10.06811 10.53734 10.87977 
  6.120329 6.844012 8.318811 6.125813 4.816464 6.679379 7.093193 6.579079 6.826688 9.611779 9.288578 8.28886 8.743423 8.350278 8.524604 8.075679 9.474972 9.793898 9.20977 9.529429 9.700672 10.39168 10.37263 
  7.098981 6.753914 6.416132 5.664089 5.878031 6.020597 6.895295 7.282063 7.270793 8.928581 8.334808 7.849702 8.143167 7.643913 7.630231 8.601946 9.1221 9.632483 9.59863 9.492145 10.30877 10.51531 10.49941 
  6.496734 7.024206 6.909419 6.125813 6.019573 5.50821 7.357058 6.903533 6.871099 7.972105 8.031336 7.630123 7.757288 7.609848 8.12555 9.31846 8.815804 9.603135 9.411401 9.507059 10.31504 10.26171 10.53903 
  5.367519 6.393526 7.120828 5.971905 5.382633 5.581408 6.565464 7.227988 6.959919 8.336477 8.118042 8.157113 8.271793 7.371386 8.0485 9.256155 8.664762 9.500418 9.488213 9.536887 9.859839 10.07641 10.48356 
  6.421453 6.393526 5.420422 5.048456 4.745693 6.020597 6.499498 5.520784 5.460288 8.063198 7.467745 7.115913 7.885914 8.280435 8.524604 8.302903 8.780948 8.899401 9.083065 9.447403 9.952406 9.844457 10.47564 
  6.572014 6.393526 6.486602 4.746368 4.958006 5.801002 6.235634 6.795382 5.752707 6.970081 7.424391 7.274989 7.591545 7.861376 7.553181 8.367825 8.560194 9.021461 9.228973 9.111839 9.844412 10.28073 10.47168 
  5.593362 4.568815 6.83895 5.433227 5.028778 5.435012 6.829329 6.579079 5.726123 6.560742 7.207625 7.306804 7.276632 7.269188 7.619224 8.486847 8.548575 9.309655 9.363394 9.536887 9.980691 10.07641 10.35939 
  5.141676 6.303428 7.402706 5.048456 3.927873 5.361814 6.006765 6.091344 5.088119 5.956032 6.414299 7.00456 6.978294 7.269188 8.244706 9.006932 9.230676 9.559114 9.814663 9.536887 9.774618 10.18563 10.44394 
  5.4428 4.794155 7.191298 5.664089 4.229175 6.020597 6.3016 5.928328 6.560225 6.970081 6.896675 7.366628 7.757288 8.001062 8.306906 8.633099 8.374297 8.429943 9.200169 9.943642 10.10925 10.6695 10.24684 ]
