 [
  4.616662 2.582634 3.147844 4.043779 3.787991 4.17138 4.552873 4.785686 5.029668 6.013336 6.313055 7.016073 7.77351 8.062573 8.194118 8.560988 8.673841 8.974526 9.678834 10.00638 9.960074 10.25762 10.35483 
  3.014856 2.215612 4.281697 3.915988 4.18601 4.17138 4.834744 6.053045 7.300198 7.26417 8.497533 7.59376 7.845617 7.68006 8.048518 8.795286 8.843149 8.887952 9.425418 9.896249 10.36394 9.908457 10.25421 
  3.74295 2.521463 2.543123 2.638076 3.573672 5.026416 6.94643 7.539805 9.281271 9.589272 10.76578 10.04161 9.387327 8.409352 8.099906 8.042088 9.270298 9.519561 9.269711 9.828229 10.02144 10.45202 10.69524 
  2.480921 2.399123 3.828156 3.958585 3.604289 4.204266 5.742997 7.103144 8.163742 8.688231 10.07934 9.756439 10.40711 8.598504 8.576043 8.795286 9.291438 9.233213 9.230692 9.802317 10.02616 9.838575 10.46583 
  2.67508 3.622529 3.903746 4.214168 3.20627 3.776748 5.523764 6.777251 6.893598 7.399395 7.248802 7.963479 9.387327 8.75613 7.791579 8.017953 8.775426 9.205502 9.1429 9.714864 10.25695 10.26242 10.38228 
  3.645871 3.071996 4.281697 3.873391 5.012666 5.881451 6.212782 6.125466 5.74135 6.351399 6.700261 7.154718 7.437009 7.218407 8.293975 9.235361 8.893942 8.84073 8.79173 9.779644 9.955354 10.59852 10.50113 
  4.131266 4.234232 4.659648 3.7456 3.481822 5.355275 6.94643 6.741041 5.80913 6.588044 7.087466 7.085395 7.485081 7.640491 8.387998 8.379976 8.682306 9.124064 9.643638 9.482756 9.740203 9.989985 10.52129 
  3.69441 4.295403 5.264369 4.640138 4.828965 4.861986 5.899592 6.125466 5.538013 5.911917 6.797062 7.247148 7.749474 7.811962 8.513361 8.392044 8.521462 8.777766 9.671795 9.656562 9.686435 10.12975 10.01637 
  4.713741 5.457638 5.7935 4.128973 4.492179 5.32239 6.400697 6.994513 6.554701 5.97953 6.667994 7.085395 7.725438 7.759201 7.911484 8.669596 8.76696 9.021749 9.603747 9.763449 10.02616 10.32242 10.57423 
  3.257554 3.622529 5.264369 4.938317 4.461562 4.66467 6.557292 7.103144 6.283585 6.689463 6.506658 7.4089 7.316831 7.759201 7.980001 8.343774 9.375998 8.809248 8.928296 9.419888 9.927031 10.30082 10.37313 
  5.490374 3.989551 4.962008 4.17157 3.726757 4.631783 5.30453 5.618522 6.283585 5.97953 6.893864 6.946751 7.749474 7.917482 7.731627 8.609259 8.809288 9.124064 9.716377 9.773166 9.974236 10.31762 10.61205 
  5.996247 7.459413 7.719343 5.364288 6.051476 6.138872 5.930911 6.234097 6.927487 6.689463 6.797062 8.240768 8.78301 7.508589 7.860096 8.727582 8.758495 9.223976 9.741625 9.873575 9.644615 10.50245 10.4381 
  5.587453 6.130512 7.651653 5.966965 6.346718 6.310486 6.30674 6.777251 7.960556 7.467008 7.377871 7.339578 8.831081 8.503928 7.928614 9.167658 9.143459 8.887952 9.531008 9.532152 9.483311 9.774517 9.842558 
  5.490374 5.029446 4.584057 4.810526 5.362578 6.053065 8.113842 7.030723 7.401791 7.669846 7.636008 8.425629 8.734939 7.957053 8.325316 8.795286 8.724633 9.233213 9.653023 9.424378 10.07337 10.45442 10.36398 
  4.519583 4.173062 3.450205 4.853124 4.859581 5.815679 5.96223 7.477425 8.51932 8.580105 9.333202 9.154407 9.263717 8.787656 9.296883 9.370769 9.291438 9.454902 9.60844 9.572567 10.34611 10.43042 9.988922 
  5.150597 5.457638 5.491139 5.966965 5.460992 6.138872 6.400697 6.523779 8.8241 9.841564 9.661501 9.154407 9.418229 9.70189 9.704313 10.86025 10.36957 9.935227 9.671795 9.786122 10.14418 10.08316 10.83142 
  7.972084 8.631973 9.140833 8.37767 7.724514 8.369856 7.724705 7.789326 8.67171 10.09386 10.37779 9.629696 9.54184 11.12053 10.95795 11.02951 10.77123 10.14768 10.22133 10.24102 10.15362 10.44722 11.0601 
  7.631422 8.788314 9.750043 8.63596 7.921342 8.026627 8.892118 8.475509 9.636848 10.88677 10.73593 10.99219 10.49982 11.40426 11.64745 11.43574 12.11086 10.94774 10.19608 10.6377 10.38177 10.64655 10.83142 
  7.631422 7.459413 8.937763 8.980347 9.10231 9.056312 9.903875 10.03501 9.941628 10.49031 12.16851 12.44975 12.29216 12.15535 11.89817 11.6727 11.97533 10.97289 10.62528 10.67076 11.02374 11.07884 11.36949 
  8.108348 9.49185 10.22387 9.41083 8.807068 9.142118 10.60432 10.47168 10.65278 11.24719 11.2433 12.06952 13.49157 13.2486 12.8975 13.5674 12.5852 11.19921 10.85251 11.10051 11.29122 11.44709 11.39639 
  10.01605 10.66441 9.885423 10.44399 11.07059 10.25761 10.91563 11.59452 12.22748 12.11219 12.59312 11.72097 12.26126 12.78828 11.89817 12.21433 11.32086 11.37523 10.9535 11.06745 10.3996 11.4631 11.54436 
  12.46881 14.9638 14.82679 14.14614 14.12142 13.17505 13.48394 13.84021 12.32908 11.06698 11.51191 11.18231 12.19946 11.81409 10.6132 11.50344 11.06719 10.15692 9.994099 9.769927 10.16778 10.25762 10.77761 
  14.17212 16.1691 16.21123 16.6899 17.36909 15.92088 16.13008 16.08913 14.32323 11.67969 10.82547 11.56254 12.91715 12.44305 12.24292 13.58058 12.42708 10.09226 9.406277 9.428868 10.04269 10.26242 10.42802 
  14.3764 16.13636 16.44642 17.05237 18.12647 17.01328 16.86611 16.37523 14.71946 12.47261 11.63129 12.41806 14.24875 13.79522 12.74846 13.85749 13.08212 10.46995 9.671795 10.10879 10.20345 10.12393 11.04664 
  14.55129 16.13636 16.65394 17.30038 18.59413 17.34528 17.35176 16.80436 15.11569 12.92923 11.78052 12.48143 14.30097 13.88153 12.77556 13.6597 13.01436 10.69627 9.690566 10.00961 10.31044 10.00163 10.59188 
  14.69703 16.14181 16.72311 17.43392 18.8193 17.38023 17.61193 16.80436 14.88928 12.80904 11.92974 12.48143 14.19653 13.73768 13.12782 13.85749 12.87884 10.8723 9.561512 9.896249 10.12766 10.50245 10.61961 
  14.80391 16.21275 16.77845 17.54839 18.85394 17.30159 17.5599 16.61364 14.60625 12.68886 12.01928 12.64436 14.43152 13.9103 12.99234 13.4751 12.67555 10.59569 9.584976 9.964268 10.08281 10.42082 10.87177 
  14.88164 16.24549 16.86146 17.58654 18.78465 17.30159 17.49052 16.32754 14.21003 12.2924 11.51191 12.38638 13.98765 13.56506 12.74846 13.64651 12.42708 10.22157 9.453575 9.682473 9.960074 10.61453 10.88522 
  14.9205 16.24549 16.9168 17.54839 18.68073 17.31033 17.29973 15.94609 13.75719 11.93198 11.39253 12.38638 14.01376 13.42121 12.59943 13.60696 12.63037 10.84715 9.631906 9.415397 10.31044 10.37762 10.62718 
  14.9205 16.19092 16.9168 17.54839 18.55949 17.24044 17.23035 15.46927 13.34501 11.71573 11.33284 12.06952 13.96154 13.50752 12.4233 13.22457 12.24638 10.41966 9.50989 10.1749 10.07337 10.03657 10.71793 
  14.88164 16.05819 16.80612 17.51023 18.49021 17.10065 17.02221 15.08781 12.78625 11.35532 10.55686 11.24568 13.12603 12.5869 12.02354 13.09271 11.68169 10.2031 9.766872 9.964268 10.25695 10.58251 10.57928 
  14.82334 15.98001 16.66777 17.41485 18.38628 17.01328 16.79673 14.77591 12.32908 11.06698 10.52701 10.86545 12.57029 11.90866 11.58476 12.14663 10.96149 9.547272 9.716377 9.886532 9.882184 10.14722 10.58684 
  14.76505 15.90184 16.5986 17.31946 18.29968 16.9958 16.58859 14.65115 12.07509 10.9949 10.58671 10.67533 12.53938 12.12658 11.86683 12.31589 10.43299 9.171288 8.967315 9.532152 9.740203 10.07734 10.76416 
  14.78448 15.82367 16.52943 17.35761 18.29968 16.89096 16.79673 14.52639 11.82111 10.85073 10.58671 10.83376 12.26126 11.75104 12.05488 12.62055 10.94035 9.83362 9.561512 9.714864 10.04033 10.41602 10.45071 
  14.79419 15.90184 16.44642 17.31946 18.28236 16.86475 16.88345 14.77591 12.17669 11.10302 10.52701 10.83376 12.41577 12.06629 12.47749 13.02678 11.15174 9.528798 9.259956 9.837946 10.08753 10.42082 10.70533 
  14.85249 15.98001 16.37724 17.2813 18.29968 16.86475 17.16097 15.13549 12.37987 11.03094 10.19872 10.96051 13.02159 12.41428 12.73492 13.23775 11.40542 10.00912 9.191673 9.316604 9.879824 10.22642 10.77761 
  14.87192 15.98001 16.36341 17.18591 18.29968 16.88223 17.4038 15.80304 13.24342 11.8599 11.18361 11.75266 13.3088 12.67321 12.76201 13.52784 11.99792 10.36937 9.416032 9.69543 9.865662 10.59852 10.97939 
  14.86221 16.05819 16.34958 17.09053 18.29968 17.01328 17.45583 16.32754 14.21003 12.58073 11.84021 12.80729 13.75267 12.5869 12.74846 13.30368 12.04309 10.18463 9.538047 9.624171 9.668512 10.27442 11.10045 
  14.82334 16.13636 16.2804 16.95698 18.19576 17.17928 17.54255 17.09045 15.28551 13.24972 12.55365 13.03539 13.72656 12.09781 12.68072 13.09271 11.6591 10.31395 9.867862 10.04267 9.882184 10.27682 10.7507 
  14.75533 16.17455 16.21123 16.84252 18.09183 17.3278 17.38645 17.47191 16.13457 13.73045 12.98789 13.65452 13.72656 12.21289 12.8433 13.50147 12.0205 10.97289 9.162409 9.714864 10.0002 10.44482 11.087 
  14.70675 16.20729 16.12822 16.74713 18.05719 17.41517 17.38645 17.90105 16.75721 14.01088 13.26423 13.78487 13.3088 12.03476 13.04653 13.79156 12.40449 11.14891 9.594362 10.10879 9.898706 10.64655 11.59817 
  14.62902 16.23457 15.97752 16.59451 17.97059 17.41517 17.17831 18.09178 17.26665 14.37144 13.58005 13.88263 12.94326 12.18412 12.85685 13.6597 12.67555 11.02318 9.54978 9.815273 10.43527 10.63054 11.51746 
  14.54157 16.28914 15.77445 16.46097 17.86666 17.30159 16.88345 17.71032 17.21005 14.4115 13.85639 14.53434 12.7248 12.03476 12.30136 13.07952 11.93015 10.59569 9.638945 10.20796 10.38177 10.50245 10.57676 
  14.42498 16.36553 15.63907 16.38465 17.86666 17.2317 16.76204 17.2335 17.04023 14.85217 14.0143 14.30624 12.86493 11.90866 12.59943 13.50147 12.24638 10.62083 9.57559 9.590529 10.04269 10.33922 10.56415 
  14.30839 16.42009 15.436 16.29856 17.76274 17.0657 16.51921 16.51827 16.47419 14.85217 14.21168 13.98038 12.7866 12.03476 12.68072 13.43554 12.0205 10.44481 9.298975 9.640367 9.692409 10.44482 10.57171 
  14.10399 16.43101 15.23293 16.21246 17.56591 16.91717 16.13008 15.94609 16.24778 15.21272 14.68541 14.37141 13.43935 12.67321 12.93814 13.5674 11.88498 11.95361 11.30696 12.09223 10.97024 11.30299 10.66499 
  13.83146 16.44192 15.02986 16.04027 17.17226 16.77895 15.50746 15.3739 15.85155 15.17266 14.0143 14.11073 12.86493 12.18412 12.31491 12.65441 11.04605 11.27465 10.24657 10.80299 10.03797 10.29362 10.7507 
  13.42267 16.39281 14.89448 15.52369 16.58177 16.52152 14.80701 15.27854 15.28551 14.89223 13.73796 13.65452 11.64321 11.49883 11.58476 12.24818 10.30615 10.21234 9.660063 10.00961 9.835791 9.978339 10.37313 
  12.94574 16.38736 15.16524 15.1793 15.59763 16.1783 13.71742 14.83829 15.2289 14.45156 13.26423 13.4916 11.21058 11.05748 12.11756 12.28203 10.60211 10.52025 9.367258 9.795839 9.829816 10.42322 10.59692 
  12.46881 16.3437 15.436 15.09321 14.51508 15.66345 14.02873 14.40163 14.54965 14.33137 13.659 12.64436 11.76682 11.12053 11.74147 11.6727 10.22159 9.972176 9.526315 9.473775 9.877463 10.42802 10.56163 
  12.19629 16.4692 15.77445 13.37127 13.43253 15.49184 13.6396 13.52831 13.75719 13.49009 13.26423 12.64436 13.02159 12.90336 12.27426 12.28203 10.91921 11.85302 10.09509 10.73688 10.3996 10.53447 10.44314 
  11.85563 16.48012 15.97752 12.42421 12.44839 14.46215 12.62784 11.15786 12.78625 13.65033 13.1458 13.13315 12.04494 11.089 11.80415 11.70655 10.45413 10.67113 9.617826 9.76021 10.36394 10.59852 10.60701 
  11.31057 16.44738 16.18356 10.70228 10.38169 12.31698 12.08305 11.0331 13.4466 14.25125 12.31678 12.80729 11.61231 9.859517 10.51918 10.28477 9.375998 9.778198 9.741625 9.672756 9.776048 10.19042 10.59188 
  10.49298 16.36553 16.41875 10.61618 9.003896 12.05956 11.61608 11.59452 12.98943 14.01088 12.67208 12.16457 10.56162 9.733416 10.67588 9.607733 9.481697 9.316346 8.97707 9.828229 9.969516 10.47043 10.57423 
  10.62924 15.82367 16.04521 10.78837 9.692794 11.54472 11.92739 12.15594 13.70059 13.73045 12.59312 13.58935 11.85953 10.08019 10.70722 9.878548 9.735374 9.196265 9.547433 9.922161 10.20345 10.40882 10.61457 
  8.44901 14.10392 14.14989 9.152539 8.11817 10.25761 11.3826 11.40738 12.68465 12.58073 12.19835 12.51402 11.4578 10.39545 10.23711 9.844696 9.566256 9.667354 9.201428 9.928638 10.31044 10.10063 10.3091 
  7.358893 12.46234 12.66071 7.6028 7.921342 10.42922 11.07129 10.59644 12.12589 13.32984 12.39574 13.06798 11.5505 9.859517 9.861017 9.641584 9.904493 9.750486 9.695259 10.00961 9.823842 10.17362 10.3091 
  6.405041 9.960875 10.42694 7.516704 7.429272 10.34342 10.68215 10.53406 12.53226 13.73045 13.10632 11.94277 11.27238 9.954093 9.766995 9.675436 9.904493 9.685827 9.526315 10.14184 10.07101 10.51846 10.77761 
  5.723718 8.710144 9.614662 7.172318 5.657821 9.914382 11.61608 11.0331 11.66872 12.68886 12.19835 12.16457 10.80884 9.63884 9.672973 9.235361 9.397138 9.648879 9.79212 10.43936 9.7641 10.14722 10.11699 
  4.373964 6.286853 7.448583 7.000124 5.854649 10.086 11.92739 10.22215 11.36394 12.18427 11.72083 12.38638 10.96336 8.976808 9.547609 9.336917 9.291438 8.998137 9.716377 10.57159 10.1489 10.41362 10.29995 
  5.587453 6.755877 7.719343 6.827931 7.035616 9.656961 10.60432 10.4093 11.00836 12.07615 12.27731 11.78434 10.83975 9.544264 9.453587 9.57388 9.460557 9.353294 9.074616 9.773166 9.746177 9.890986 10.42802 
  6.609437 7.303071 9.005453 7.774993 7.527686 10.086 10.75998 10.84596 11.71951 12.07615 11.48207 11.46748 11.05606 9.165959 9.672973 9.506177 9.735374 9.713538 9.766872 10.43936 10.59576 10.33442 10.57171 
  7.767687 8.162949 9.682353 7.688897 7.626101 10.25761 10.29301 10.4093 11.05916 12.40052 11.69098 10.42185 10.43801 9.922567 9.57895 9.303065 10.11589 10.00912 9.716377 10.00961 9.952993 10.21682 10.91213 
  7.358893 8.553802 10.08849 7.947186 6.838788 9.571154 10.91563 9.785494 10.24641 11.39136 10.6464 11.21399 10.3453 9.071383 8.245505 8.548921 8.944735 9.556509 9.634252 9.834707 10.15126 10.07734 10.16273 
  5.859982 8.631973 9.817733 7.086221 5.854649 8.112434 9.981703 10.34692 9.992426 11.4274 11.27315 9.756439 9.78906 8.661554 8.387998 8.633393 8.733099 9.39948 9.678834 9.509699 10.23911 10.47043 10.70533 
  5.996247 8.084778 9.817733 7.688897 6.543546 7.08275 8.81429 10.28454 9.789238 11.28323 11.00454 9.756439 9.634547 7.350308 8.732747 9.201509 9.03776 9.147676 9.328239 9.541133 9.981318 10.59852 10.50617 
  6.473173 7.615754 8.328553 6.827931 6.248304 8.112434 8.736463 9.099311 8.722507 10.16594 9.930109 9.629696 8.923789 7.970243 8.151294 8.795286 8.682306 8.683321 9.458268 9.883292 10.14418 10.33442 10.68012 
  5.996247 6.069342 6.776173 5.708675 5.657821 7.425978 8.425153 8.475509 7.808165 9.589272 9.124285 9.502952 9.418229 7.891102 7.714498 8.211032 8.9532 9.131935 9.451228 9.682473 9.841764 10.01328 10.32739 
  6.950099 6.677706 7.380894 5.023512 5.264164 5.881451 8.50298 7.789326 7.029156 9.300939 9.064594 9.027662 9.356424 7.983433 8.293975 8.69373 8.707703 9.24245 9.817367 9.307623 9.943552 10.33682 10.50365 
  5.928114 5.947001 8.396243 6.655737 5.854649 6.567907 7.646877 7.477425 6.69026 7.703652 7.990946 8.900918 8.954692 7.983433 7.954308 8.235168 9.333717 9.260924 9.709338 9.59502 9.596821 10.27682 10.72549 
  5.655585 6.286853 7.583963 5.622578 5.657821 6.310486 7.958187 7.290284 6.72415 8.111563 7.506939 9.249464 8.78301 8.094099 7.894355 8.379976 8.453738 9.076842 9.406277 9.721342 9.80592 9.815282 10.50365 
  6.200644 6.443194 7.583963 5.236497 3.726757 5.289504 5.96223 5.43747 6.554701 7.974102 8.407997 8.333199 8.518617 8.346301 8.228375 8.512718 8.792356 9.139806 9.502851 9.446831 10.29261 10.34642 10.71541 
  4.85936 6.990389 8.193173 5.536481 4.155393 4.894872 6.400697 7.227904 6.893598 7.872684 8.087748 7.524437 7.605259 8.094099 8.1256 8.829138 9.397138 9.83362 9.318484 9.352529 9.710332 10.17842 10.65995 
  5.393294 7.850266 8.328553 6.053061 4.920815 5.749907 7.102085 6.958302 7.198604 8.075521 8.378152 7.847942 7.797545 8.062573 9.046156 8.829138 9.122319 9.187028 9.298975 9.854141 10.09225 10.23842 10.42802 
  5.79185 6.912218 7.651653 5.321692 5.165751 4.697556 5.836954 6.741041 6.69026 7.940296 7.700542 7.732405 8.013866 7.864722 8.099906 8.464449 9.01662 9.006008 9.994099 9.36151 9.971876 10.59852 10.46835 
  3.69441 5.64115 7.002943 4.810526 4.58403 4.697556 5.930911 6.885882 6.758039 8.399897 8.28135 7.339578 7.292795 7.666871 8.387998 8.69373 8.648444 9.297873 9.842614 10.04267 9.893986 10.08316 10.83142 
  5.538913 4.784765 5.56673 4.597541 4.155393 4.894872 6.024868 6.849671 6.69026 7.53462 7.506939 7.547545 7.461045 8.125624 7.99713 7.921413 8.411411 8.683321 9.446536 9.672756 9.602796 10.08898 10.0804 
  5.587453 6.208683 5.86909 5.364288 4.920815 4.039836 6.369378 7.066934 5.77524 6.926106 7.248802 8.055909 8.158081 7.56135 8.262634 8.054155 9.312578 9.084712 9.631906 9.464793 9.92467 10.00746 10.37313 
  5.928114 5.947001 7.305304 5.622578 4.002309 4.072722 5.555082 6.958302 6.148026 7.737458 7.861877 7.524437 7.821581 7.759201 7.988566 8.548921 8.724633 9.362532 9.472346 9.455812 9.68046 10.21682 10.41887 ]
