 [
  5.175516 3.927628 4.779106 5.482669 5.37933 5.133918 5.448349 5.173673 6.091829 6.291889 6.005907 6.224187 7.146561 7.447447 7.716172 8.713105 9.001014 9.199568 9.879323 9.787111 9.658263 10.02764 10.54917 
  5.121842 4.120717 4.030722 5.189893 5.887811 5.367523 5.362567 5.197986 5.790493 5.450841 6.187777 6.69922 7.373055 7.900803 8.030709 8.713105 8.624894 9.478998 10.09361 9.308222 10.03452 10.3257 10.59967 
  5.229189 4.391041 4.509687 5.248448 4.837139 3.65529 5.243105 6.087106 6.023344 6.473808 7.336022 7.629438 8.061789 7.626681 7.978287 8.395197 9.243034 9.275776 9.36589 10.04303 10.17193 9.660287 10.14744 
  5.336535 4.468276 4.120528 5.189893 5.194428 4.690706 5.322746 6.253805 5.763099 6.509226 6.773801 7.346413 7.413024 7.68994 7.841987 8.2889 9.033283 9.631414 10.21632 9.876683 10.18052 10.40435 10.59967 
  4.126601 3.811775 5.721724 5.541224 5.980262 6.115061 6.005937 5.962081 6.21928 6.544645 6.894277 7.2049 7.586225 7.795372 7.883925 8.439487 8.842136 9.644115 9.92328 9.940662 9.385479 9.985895 10.79608 
  4.960822 4.468276 4.988654 5.189893 6.211389 5.274081 5.00418 5.222298 5.639825 6.164938 6.551516 7.128282 7.698793 8.014309 8.724946 8.457204 9.130092 9.029327 8.587587 9.617245 9.684662 10.16957 10.26184 
  5.336535 4.584129 5.547216 5.541224 5.980262 6.021619 6.091719 5.441109 6.671961 6.827995 7.255705 7.189576 6.773513 7.742656 8.093616 8.579331 8.893862 8.991714 9.483711 9.774315 10.06029 10.19462 10.62773 
  4.960822 4.906568 6.245246 5.424114 6.997222 6.115061 5.748589 5.920406 6.807765 6.473808 7.295864 7.097634 7.506286 7.563422 7.915379 8.713105 9.146226 9.186867 9.906796 10.19658 10.52402 10.67525 10.49305 
  5.229189 5.269496 6.3325 6.653771 6.072712 4.71596 5.282926 6.29548 6.445621 6.544645 6.591932 6.438718 7.771392 8.137123 8.062163 8.483778 8.614549 8.784843 9.599098 9.644115 9.895849 10.01094 10.52111 
  4.638783 4.468276 6.507008 6.126775 6.165164 5.274081 4.944449 5.805795 6.490889 6.291889 6.934436 7.558681 7.843991 8.259937 8.208947 8.421771 8.397305 8.766037 9.262115 9.529912 9.991585 10.38687 10.57161 
  3.230283 4.23657 4.6893 5.775445 6.026487 4.665452 5.083822 5.003487 5.99595 6.473808 7.054912 7.311034 7.266469 8.055247 7.925864 8.457204 8.666273 9.019924 9.758442 9.799907 9.807855 10.36065 10.63895 
  3.358328 4.506894 4.659365 5.716889 4.891792 5.180639 5.705698 5.149361 5.872676 6.473808 6.733386 6.454041 7.43967 7.816458 8.610935 8.693995 8.738688 9.250373 9.275087 9.889479 9.931047 10.61407 10.29704 
  2.120556 2.344301 4.569559 4.863244 5.240654 5.133918 5.342657 4.8333 6.132921 6.650901 6.894277 6.929074 7.735093 8.505567 8.895961 8.999764 8.749033 8.972908 9.478217 10.01744 9.816654 10.23831 10.63334 
  2.760783 4.906568 5.983485 5.892555 6.396291 6.301946 6.134611 5.368172 6.264548 7.430114 7.898244 8.903053 8.461084 8.833072 8.610935 8.732216 9.033283 9.377387 9.544152 9.261196 9.508672 10.64903 10.57722 
  1.907147 2.923567 4.958718 6.18533 6.627419 5.834734 4.765256 5.805795 6.490889 5.673005 6.349439 6.898427 7.735093 7.373645 8.030709 7.970009 8.780067 9.212269 9.428765 9.509758 9.851852 10.26453 10.73435 
  3.059556 4.906568 5.896232 6.009665 5.749134 5.180639 5.405458 5.659921 6.536157 7.182183 6.571724 7.735573 7.626194 8.014309 8.268904 8.315475 8.920341 9.40279 9.533163 9.947061 10.0517 10.00259 10.54355 
  2.803465 5.813889 6.507008 5.892555 6.673644 5.22736 5.877263 6.462179 6.581425 6.022119 6.288815 7.112958 7.426347 8.259937 8.696443 8.377481 8.904206 8.954102 9.566131 10.24137 10.44674 10.34318 9.989054 
  3.913192 4.545512 6.157993 6.302441 6.71987 5.64785 6.091719 5.962081 7.215177 6.898833 8.139196 8.513893 8.134388 8.710258 9.950558 10.58595 9.662535 9.12336 9.824377 10.82434 11.29225 10.44804 10.70068 
  4.853476 6.72121 7.815814 7.532099 7.459477 5.180639 6.692198 9.004342 9.976527 8.634351 10.58887 11.0965 11.07465 11.69874 11.83173 12.3272 12.06422 9.860039 9.912291 10.31175 11.09675 10.30822 10.81853 
  3.614419 5.088032 6.157993 5.716889 6.072712 5.133918 5.877263 7.379025 8.211074 6.96967 8.29983 8.832296 8.533684 8.751195 8.924464 9.439309 9.710939 9.263075 9.223201 9.449297 10.21487 10.5529 10.66701 
  5.604902 6.449014 6.768769 8.11765 7.875506 8.077348 9.179893 9.754488 9.840723 9.519819 8.380148 8.549272 8.86038 10.38872 10.52061 10.6815 9.856151 10.10136 10.02768 10.51008 10.59273 10.81506 11.07106 
  7.85918 7.447066 8.077575 9.171642 9.123594 9.572423 10.85266 11.66986 12.50385 12.72058 11.91411 12.11794 11.98214 13.92927 13.67521 12.82035 12.15545 11.76443 11.3591 11.66236 11.73212 11.87926 12.0394 
  6.302655 6.811942 8.42659 9.347307 9.539624 9.806028 9.909046 9.796163 12.23608 12.44612 11.31173 11.30877 11.40135 13.17251 13.61938 11.99843 9.88842 10.72373 10.69248 10.4717 10.59273 10.57912 10.93638 
  4.169283 5.541693 6.943276 7.649209 6.904771 6.115061 6.477741 6.962276 8.663754 7.748882 7.617133 8.053976 8.678882 9.201515 9.551521 9.878853 9.130092 9.12336 9.391832 9.328375 9.97441 10.09443 10.37623 
  5.497555 3.966246 4.180398 4.047933 6.396291 6.395388 6.863763 6.503854 6.21928 6.650901 6.974595 7.59406 7.771392 7.732112 8.382915 8.827769 8.521444 9.085747 9.588109 9.576937 10.03452 9.752125 10.63895 
  4.907149 3.88901 4.090592 4.500884 5.934036 5.741292 6.306176 6.753902 6.626693 7.394695 7.175388 7.487926 7.843991 7.973371 8.208947 8.226893 8.936476 8.521553 9.467228 10.02384 9.948647 10.28201 10.97005 
  4.126601 4.120717 5.108396 4.742457 5.286879 5.040475 5.577024 7.254 6.943569 6.1332 6.268608 6.714543 7.253146 7.89026 8.525427 8.961543 8.686963 8.784843 9.275087 10.08142 9.684662 10.09443 10.36743 
  4.799802 4.275187 4.958718 5.424114 6.442516 7.563416 7.164002 7.295675 8.346878 8.280164 7.938403 8.513893 9.114477 9.569958 9.466013 10.22284 10.96944 9.656816 9.769431 10.56246 10.48967 11.31317 12.09185 
  4.638783 4.661365 3.282337 5.365559 5.749134 6.021619 7.292676 7.504049 9.116434 8.953119 8.29983 8.76154 8.82408 9.447144 10.34959 11.17651 11.97299 10.74913 10.54963 10.66721 10.50685 11.19083 12.09185 
  4.553419 4.082099 4.330075 4.198916 5.518007 4.993754 5.123642 5.830107 5.941162 5.958643 6.470685 7.066987 8.061789 8.096185 7.75811 9.420198 10.437 9.720324 10.06065 9.915071 10.06887 10.81506 11.67222 
  4.853476 4.429659 3.282337 3.896949 4.919119 4.58969 4.347138 5.635608 6.626693 6.68632 6.854119 6.944398 7.880291 7.932433 8.696443 8.218036 9.226899 9.377387 9.236173 9.755121 9.965822 10.50921 10.32343 
  5.551229 4.815836 3.881044 4.621671 5.055752 5.133918 4.725435 5.920406 5.804191 6.323626 6.934436 7.143605 8.02549 8.055247 8.354412 8.84688 8.984879 9.40279 9.262115 9.657552 9.982998 10.29074 10.70068 
  5.658575 5.269496 4.389946 4.229113 5.286879 5.414244 6.220393 6.962276 6.988837 6.509226 7.014753 7.128282 8.751481 9.119638 8.55393 8.47492 8.984879 8.972908 8.808106 9.529912 10.17193 9.960848 10.52672 
  5.175516 5.813889 5.896232 6.419551 5.101977 5.788013 6.005937 6.712228 7.215177 6.40297 7.095071 7.629438 8.315886 8.996824 8.981469 8.923323 9.43665 9.174165 9.275087 9.691141 9.825454 10.12783 10.77925 
  6.087962 5.995353 5.721724 7.532099 6.766095 5.788013 6.606415 6.087106 6.717229 6.898833 7.054912 7.487926 8.206987 8.914948 8.781951 8.560221 8.862826 9.161464 9.197257 9.870285 9.790256 10.50921 11.14401 
  8.020201 9.715368 7.815814 7.239323 7.089673 5.601129 7.121111 6.753902 6.264548 6.650901 8.058879 7.735573 9.404874 10.71623 8.781951 8.732216 9.162361 9.212269 9.665033 9.819101 10.15475 10.57038 10.58284 
  11.50896 13.88904 12.78928 12.50928 10.83394 8.544559 8.965437 7.629073 6.762496 6.323626 7.095071 7.346413 9.513773 10.92092 8.724946 8.333191 8.676619 8.869473 9.314003 9.382118 9.88705 10.40435 10.15624 
  13.53293 15.43149 15.31964 15.45067 12.95353 12.55757 11.97834 10.50463 8.980631 8.457257 8.701417 8.089355 9.586371 11.16655 9.266495 9.267313 10.0659 9.580608 9.670528 9.650834 9.97441 9.810568 10.43783 
  14.05338 15.70369 15.66865 16.0941 13.57257 13.61324 12.96332 11.51761 10.06706 9.023957 8.540783 7.770951 10.63906 12.31281 9.637029 9.095318 9.904555 9.809234 9.857345 9.787111 9.658263 10.24705 10.28824 
  14.516 16.42954 16.19217 16.92136 14.68683 14.93283 14.37042 12.88785 11.19876 10.51154 9.424273 9.398348 12.27254 13.46357 10.12157 9.248203 10.9049 9.87274 9.549646 9.755121 10.00876 10.36939 10.58845 
  14.80514 16.88414 16.46621 17.47287 15.55348 15.59262 15.21468 13.80135 11.96832 10.93657 10.50856 10.95499 13.15035 14.74424 10.63462 10.24195 12.06422 10.36809 9.687012 9.543347 10.37803 10.71894 10.52111 
  14.97862 17.12893 16.63208 17.65671 16.29632 16.38438 16.05895 14.8671 12.63773 10.93657 10.70935 11.30877 13.15035 14.80245 11.29018 10.54772 12.61161 10.29189 9.829872 9.755121 10.29216 11.56476 10.74558 
  15.03645 17.37371 16.59891 17.84054 17.28678 17.17613 16.90321 15.62834 13.44102 10.86573 11.1511 11.86152 13.32591 14.10391 11.66071 11.09432 12.79408 11.06153 9.972732 10.00464 10.88471 12.38245 11.61976 
  15.09428 17.51359 16.56573 17.84054 18.15343 18.09985 17.74748 16.23734 13.97654 11.4855 11.55268 12.37436 13.94037 14.68603 12.72615 12.40939 13.88886 11.45203 10.59725 11.08622 11.73212 12.25665 11.72467 
  15.15211 17.54856 16.53256 17.74862 18.77247 18.8916 18.73245 16.99859 14.24431 12.17166 12.05027 12.63078 13.94037 14.51139 12.39118 12.65596 14.07132 11.37393 10.64486 11.1386 12.172 12.63405 12.30167 
  15.09428 17.51359 16.53256 17.74862 18.77247 19.28748 19.57671 17.60759 14.37819 12.99505 12.59491 13.14362 14.02815 14.33676 12.50284 13.3135 14.61871 11.92063 10.78771 10.98147 12.80737 12.82275 12.7213 
  15.09428 17.54856 16.53256 17.74862 18.27724 19.15552 19.71742 18.21659 14.77983 13.40674 13.13956 13.65646 14.46705 14.51139 12.67032 13.56007 14.25378 12.46733 10.83533 10.35013 12.75849 13.32594 13.19339 
  15.03645 17.51359 16.53256 17.74862 17.90582 18.8916 19.57671 18.82559 15.31536 13.68121 13.54804 14.0411 15.34486 15.15173 13.28442 14.71076 14.98364 12.77973 10.88294 10.51008 11.781 12.63405 12.7213 
  14.97862 17.51359 16.53256 17.93246 17.6582 18.75964 19.57671 19.58683 16.25253 14.23014 13.95652 14.55394 15.69598 15.15173 12.67032 15.12172 15.98718 13.56073 10.88294 10.61484 11.43887 13.32594 13.24584 
  14.92079 17.54856 16.59891 18.02438 17.5344 18.62768 19.57671 20.34808 17.1897 14.9163 14.50117 14.93857 16.13488 15.501 12.78197 14.71076 15.89595 13.71693 10.12109 10.35653 11.34112 13.20014 12.7213 
  14.86297 17.54856 16.59891 18.1163 17.5344 18.36377 19.57671 20.65258 17.99299 15.19076 14.77349 15.19499 16.31044 15.61742 12.78197 15.03953 15.89595 13.56073 10.09911 10.56246 11.82987 14.14363 13.4032 
  14.74731 17.58353 16.59891 18.20822 17.41059 18.23181 19.57671 20.80483 18.52851 15.60246 14.77349 15.19499 16.48601 15.85027 13.22859 15.36829 16.26088 13.63883 9.956247 9.863887 11.781 13.89203 13.87529 
  14.68948 17.58353 16.56573 18.30013 17.28678 18.09985 19.29529 20.65258 18.93016 15.87692 14.90965 15.3232 16.39823 15.79206 13.11694 14.13542 14.8924 13.40453 10.78771 10.61484 11.781 13.51464 13.45566 
  14.63166 17.58353 16.49938 18.30013 17.28678 17.96789 19.15458 20.34808 19.06404 16.28862 15.18197 15.45141 16.39823 15.73385 13.34025 14.95734 15.62226 13.40453 10.69248 10.51008 11.1945 13.26304 13.45566 
  14.57383 17.58353 16.46621 18.30013 17.16298 17.96789 19.15458 20.19583 19.59957 16.97478 15.18197 15.70783 16.66157 15.79206 13.17277 15.20391 16.26088 14.18553 10.59725 10.82434 12.172 14.14363 14.13756 
  14.45817 17.58353 16.39985 18.20822 17.16298 17.96789 19.15458 20.04358 20.00121 17.66094 15.72662 15.96425 16.74935 15.44279 13.17277 15.45049 16.16965 14.18553 10.1687 10.27336 11.39 13.20014 13.66547 
  14.40035 17.58353 16.36668 18.1163 17.16298 17.83593 19.01387 19.89133 20.40286 18.48433 16.27126 16.22067 16.83713 15.55921 13.61938 15.20391 15.89595 14.18553 10.40678 10.17099 12.02537 14.01783 13.77038 
  14.40035 17.6185 16.36668 18.02438 17.16298 17.83593 19.15458 19.89133 20.26897 18.75879 16.67974 16.09246 16.66157 15.501 13.73104 14.13542 14.8924 13.79503 11.12102 9.972652 11.68325 14.01783 14.50474 
  14.34252 17.6185 16.39985 18.02438 17.16298 17.83593 19.15458 19.58683 19.73345 18.62156 17.49671 16.47709 17.10047 15.61742 13.78687 14.79295 15.80472 14.57603 11.40672 10.87672 11.53662 13.70333 14.34738 
  14.22686 17.65347 16.43303 17.93246 17.16298 17.83593 19.01387 19.28234 19.19792 18.75879 18.04135 16.6053 17.36381 15.73385 13.78687 15.77925 16.53457 15.04463 12.12096 12.2385 12.46524 13.07434 14.0851 
  14.11121 17.65347 16.53256 17.74862 17.16298 17.83593 18.87316 18.97783 18.79628 19.44495 19.13064 17.11814 17.36381 16.02491 13.56356 16.10802 16.6258 15.04463 12.59712 13.07652 12.95399 13.26304 13.82283 
  13.93773 17.68844 16.69843 17.47287 17.16298 18.09985 18.59174 18.67334 18.52851 19.58218 19.81144 18.14383 17.80271 16.83988 14.62428 15.94364 16.71704 15.35703 13.1209 13.3384 13.83374 14.14363 13.08848 
  13.82207 17.72341 16.83113 17.19711 17.16298 18.36377 18.31032 18.21659 17.99299 19.03326 20.35609 19.16951 17.62715 16.66524 14.68011 14.79295 16.44334 15.59132 13.02567 13.75741 14.12699 15.27581 13.92774 
  13.70641 17.79335 17.03018 16.92136 17.03917 18.49573 17.88819 17.75984 17.59134 18.48433 20.49225 19.81056 17.80271 16.83988 15.40586 15.12172 16.26088 15.59132 12.59712 13.1289 13.58936 14.89842 13.87529 
  13.59076 17.86329 17.22923 16.73752 16.66775 18.36377 17.46605 17.30309 16.92194 17.79817 20.08377 19.81056 17.62715 16.25776 15.0709 15.20391 16.71704 15.66942 12.50189 13.80979 13.19837 14.64682 13.61302 
  13.53293 17.93323 17.36193 16.36985 16.17252 17.70397 16.90321 16.69409 16.11865 16.83754 19.13064 19.0413 17.36381 16.14133 14.34514 13.64227 15.53102 14.88843 12.02573 12.34325 11.9765 13.07434 12.35412 
  13.64859 18.14304 17.56098 15.91026 15.42967 16.12046 15.63682 15.4761 14.91371 15.73969 17.36055 17.11814 15.52042 15.38457 14.84759 11.99843 13.70639 14.26363 12.16858 11.29573 11.48775 12.25665 11.72467 
  13.64859 18.49273 18.12496 15.54259 15.30587 14.93283 14.65184 14.8671 14.64595 14.36737 15.72662 14.68215 14.90596 15.55921 14.68011 11.42309 11.15191 12.85783 11.69242 11.55761 11.43887 13.57754 12.40657 
  13.41728 18.63261 18.42354 14.89916 14.93445 14.27303 13.94829 14.41035 14.91371 12.85782 14.77349 14.55394 14.90596 15.55921 14.62428 11.09432 11.4256 12.54543 11.16864 11.76711 11.781 13.45174 12.1443 
  13.07031 18.59764 18.45671 14.34765 14.43922 14.00912 13.66687 13.9536 14.91371 11.62273 13.82036 13.91289 15.25708 15.501 13.78687 10.62417 11.06067 12.07683 10.83533 11.29573 11.53662 12.25665 11.40995 
  12.60769 18.45777 18.42354 13.52039 13.69637 13.48128 13.10402 13.3446 14.64595 11.0738 12.45875 12.8872 15.08152 15.15173 14.28931 11.09432 10.66288 11.53013 10.54963 11.24335 11.39 12.31955 11.35749 
  12.02941 18.24795 18.29084 12.78504 12.58211 12.55757 12.11905 12.1266 13.84266 10.93657 12.86724 13.27183 14.37927 14.39497 13.06111 11.2587 10.58221 11.29583 10.26393 10.82434 10.76448 12.19376 11.043 
  11.29427 17.89826 18.05861 12.27506 10.97261 10.97406 10.68109 11.21311 13.17325 11.0738 13.0034 12.50257 13.15035 14.39497 13.61938 10.92994 10.40473 11.21773 10.02218 10.08782 10.73013 12.69695 11.35749 
  10.65019 17.51359 17.72686 11.92373 9.123594 9.478981 10.33796 11.00473 11.56091 9.767751 12.32259 11.73331 12.27254 13.13158 13.34025 10.64328 9.388246 10.24108 10.05515 10.71959 10.86753 11.37607 11.08228 
  10.00611 16.98905 17.26241 11.63096 10.18678 9.292096 9.737481 9.837837 10.2934 9.094795 11.91411 12.24615 12.4481 13.00876 12.33535 10.29929 9.420515 10.71103 9.791409 10.51008 10.61849 10.84128 10.94199 
  9.254686 16.42954 16.73161 11.33818 10.37168 9.712586 9.909046 8.795968 10.61028 9.201051 12.59491 12.24615 11.65545 12.35375 11.60371 9.993517 8.883516 9.644115 9.527668 10.56246 10.13758 10.61407 10.71191 
  8.288567 15.70369 16.27943 11.16252 9.955654 9.665865 10.03772 9.212715 9.976527 8.528095 12.59491 12.24615 10.89316 11.49405 11.09066 9.974406 9.097822 9.542504 9.301031 10.25416 10.06029 10.84128 10.36743 
  7.537141 14.70563 15.49414 10.75263 8.430212 8.544559 9.651699 8.129171 6.898301 6.96967 10.58887 10.88423 10.60276 11.41217 11.14767 9.553972 9.355977 9.898143 9.687012 9.308222 9.799055 10.3257 10.43783 
  6.356328 13.25392 14.18534 9.932859 6.71987 6.90932 8.75098 8.129171 8.618486 7.890557 9.946336 11.02575 10.74796 11.08467 10.3781 9.057096 9.323708 10.24108 9.593603 9.915071 10.16334 10.06938 10.42023 
  5.819595 11.25781 12.1785 8.176205 6.165164 7.189647 8.279177 7.420699 7.848929 7.53637 9.986494 10.7781 10.09457 11.08467 10.83414 9.362866 8.936476 9.440894 9.210229 10.01744 10.0517 10.40435 10.46423 
  5.712248 8.989511 9.822649 6.126775 5.934036 6.815877 7.893155 7.962472 7.984734 7.25302 8.862052 9.75213 9.73157 10.51154 9.808044 8.713105 9.049418 9.466296 9.478217 9.966255 10.20628 10.27327 10.87465 
  5.551229 6.630478 6.943276 5.014228 5.980262 6.48883 8.40785 8.337545 8.437414 6.473808 8.500624 9.115322 9.513773 10.22497 9.637029 8.395197 9.178495 9.301179 8.743248 9.590373 10.07746 10.51795 10.63895 
  5.121842 6.449014 6.070739 4.319703 5.749134 6.301946 8.965437 8.920992 8.754291 7.81972 9.022686 9.716751 10.13087 10.42966 9.180987 8.751327 8.635239 9.326582 10.01119 10.139 10.01735 10.18627 10.52672 
  5.175516 5.723157 5.459963 5.248448 6.396291 5.554408 7.292676 8.087496 7.124641 6.40297 9.22348 10.07053 9.368574 10.02028 8.981469 8.457204 8.293857 8.634392 9.544152 9.697539 9.71986 10.18627 10.64457 
  4.041237 3.580069 3.821174 5.189893 4.891792 4.513927 5.705698 6.378829 6.671961 6.615483 8.621099 8.867675 8.315886 9.242453 9.323501 8.751327 9.049418 9.019924 9.428765 9.844693 10.04311 10.16957 10.27944 
  4.083919 4.906568 5.63447 4.742457 5.656683 5.133918 5.834372 7.128976 7.441517 6.615483 7.817926 9.150701 9.114477 9.815587 9.009972 8.636663 8.936476 8.549763 9.632066 9.793509 10.02594 10.49173 10.45543 
  4.638783 5.088032 4.838977 4.984031 5.980262 5.460966 6.43485 7.545724 7.350981 6.40297 8.29983 8.832296 8.170688 8.628381 9.009972 9.15265 9.501188 10.4062 11.59718 12.60513 12.41637 11.37607 10.95321 
  5.336535 4.622747 4.958718 4.621671 5.37933 5.741292 6.949546 7.670748 8.844826 9.803169 9.946336 9.504482 9.187077 9.569958 9.352003 9.534863 9.452785 10.03786 11.02579 11.87187 11.63437 10.36939 10.52672 
  4.746129 4.9973 5.285455 5.307003 5.028425 5.601129 7.378459 6.920602 8.030002 8.705189 9.504591 9.044566 8.86038 9.0787 9.009972 8.961543 9.275304 9.656816 9.197257 9.774315 9.790256 10.13618 10.40263 
  4.596101 5.360229 5.547216 4.772654 5.001099 4.993754 6.77798 6.420504 7.305713 7.005089 8.139196 8.337002 8.424785 8.341814 8.104101 8.636663 9.146226 9.656816 9.352918 9.469451 10.03452 10.16957 10.38503 
  5.765922 5.450961 4.868912 5.189893 5.286879 5.460966 6.263285 6.837252 7.486785 7.323858 8.058879 8.443136 8.89668 8.710258 8.895961 8.674884 8.936476 9.68222 9.210229 9.623962 10.15475 10.28201 11.01494 
  4.746129 5.723157 6.681515 5.014228 5.564232 5.414244 6.735089 7.587399 6.898301 6.438389 7.456499 8.089355 7.95289 9.037763 9.43751 9.401088 9.388246 9.364686 9.698001 9.915071 10.14616 10.5966 10.90271 
  4.468055 5.450961 5.896232 5.014228 6.118938 6.255224 7.335567 7.379025 7.215177 6.473808 8.621099 8.726162 8.352186 8.751195 9.43751 9.324645 9.856151 9.59331 9.4947 10.17099 10.72154 10.54416 10.53794 
  4.799802 7.17487 7.117784 5.072783 5.286879 5.460966 7.550024 7.754098 7.713125 6.509226 8.179355 9.398348 10.05827 10.10215 9.180987 9.878853 10.8565 10.82723 10.88294 11.81949 11.92762 11.19956 10.54355 
  5.282862 5.904621 6.157993 6.126775 5.055752 5.180639 7.893155 7.629073 6.309816 6.898833 7.536816 7.381791 7.880291 7.742656 7.569387 8.120597 8.800757 9.491699 9.197257 9.940662 10.30074 10.43056 10.34983 
  4.382691 5.904621 6.419754 6.302441 4.263279 5.040475 6.563524 6.670553 6.119224 5.815824 6.773801 6.637925 7.306439 8.219 8.268904 7.916861 9.081688 9.440894 8.937823 9.496323 9.991585 10.22083 10.34983 
  5.229189 5.541693 6.594261 6.243886 4.973772 5.834734 6.992437 7.545724 7.441517 6.863414 6.733386 7.59406 8.061789 8.096185 7.590357 8.138313 8.769722 9.048134 9.489206 9.442579 9.869452 9.735427 10.39383 
  4.960822 5.360229 5.896232 6.009665 5.055752 5.414244 7.206893 6.670553 5.99595 6.180807 6.187777 7.381791 7.559578 7.973371 8.297406 8.395197 9.226899 8.954102 9.184285 9.523194 10.16334 10.23831 10.47303 
  3.614419 5.360229 6.070739 5.424114 4.481893 4.9685 5.534132 5.562671 5.338489 5.387366 6.753593 7.346413 7.333085 7.542336 7.841987 8.0143 8.686963 9.174165 9.741958 9.851091 10.02594 10.14452 10.27944 
  5.497555 6.358281 6.681515 5.248448 5.425556 4.993754 6.477741 5.878732 5.667219 6.180807 6.69297 7.629438 7.319762 7.500163 7.611326 8.439487 9.097822 9.31388 9.171314 9.261196 10.13758 10.07773 10.89148 
  3.87051 4.9973 5.63447 5.072783 4.727832 4.084609 5.491241 6.003756 5.982253 6.053856 7.255705 7.700194 7.880291 7.763742 7.967802 9.095318 8.968745 9.161464 9.615582 10.01104 10.27498 10.12783 10.72874 
  5.390209 4.661365 5.285455 4.3499 3.60744 4.286641 4.98427 6.12878 6.309816 6.053856 6.228192 7.311034 7.843991 7.721569 8.325909 8.732216 8.386961 8.766037 9.041596 9.476169 9.71986 9.977546 10.48182 
  5.014495 4.661365 5.285455 4.229113 3.52546 3.377495 5.203284 5.920406 5.365883 6.438389 6.591932 6.975045 7.319762 7.668853 7.988771 8.421771 8.5111 8.709618 9.423271 9.780713 10.19769 10.36065 10.88587 
  5.497555 5.088032 5.983485 5.189893 5.286879 4.993754 5.662806 8.29587 8.07527 8.209326 8.621099 8.796919 8.02549 8.096185 8.297406 9.286424 9.807747 9.669518 9.14537 9.516476 10.00017 10.01094 10.82414 
  4.960822 5.178764 5.721724 5.189893 4.919119 5.22736 5.534132 6.337154 6.264548 7.182183 7.336022 7.947842 7.735093 7.563422 8.66794 8.47492 8.883516 9.148763 9.632066 9.583654 9.939847 10.46552 10.84098 
  5.980615 5.632425 5.983485 4.470687 3.306847 5.274081 5.163464 5.635608 6.174012 6.580064 6.894277 7.275656 7.735093 7.816458 8.610935 8.395197 9.355977 9.567907 9.582614 9.597091 10.16334 10.20336 11.20013 
  5.068169 5.360229 5.721724 4.802851 4.481893 5.180639 4.725435 5.197986 6.355084 6.757158 6.632347 7.523304 7.266469 7.869174 8.167009 8.598442 8.366271 8.907085 9.868334 9.966255 9.843053 10.64029 11.20013 
  4.638783 5.269496 4.988654 5.95111 5.518007 4.71596 4.805077 6.337154 5.954859 6.615483 6.773801 7.082311 7.386377 8.382752 8.525427 8.598442 9.243034 8.935295 9.404804 9.876683 10.24063 10.41308 10.5155 
  6.141635 5.995353 5.459963 6.009665 7.320801 9.105211 10.25218 11.17143 12.23608 12.58335 12.18643 10.53045 11.11095 11.98531 12.44701 12.3272 11.97299 11.76443 10.64486 10.71959 11.04788 11.12092 10.8971 
  5.014495 6.26755 6.419754 6.536661 7.690605 8.544559 9.608807 10.79636 11.87778 12.17166 11.91411 10.45969 10.67536 11.24842 11.88873 12.16281 12.15545 11.53013 10.59725 11.03385 11.34112 11.12966 11.03178 
  5.658575 4.545512 5.372709 4.621671 3.826053 4.665452 5.534132 5.635608 6.264548 6.27602 6.147361 7.066987 7.079946 7.637224 8.167009 8.448345 8.968745 9.136061 9.687012 9.863887 10.38662 10.43056 10.39383 
  5.926942 5.541693 5.285455 5.307003 4.755159 5.320802 6.134611 5.611296 6.671961 6.27602 6.773801 7.051663 7.333085 7.342015 8.382915 8.200319 9.017149 9.275776 9.593603 9.328375 10.00876 10.2121 10.54355 
  5.282862 4.9973 5.168266 4.893441 5.333105 4.513927 5.342657 6.003756 6.490889 6.069725 6.490893 6.959722 8.098088 8.219 8.125071 8.386339 9.404381 9.186867 9.249144 9.697539 10.14616 10.37813 10.48182 
  6.410001 5.813889 6.157993 5.131338 5.887811 4.943246 5.103732 5.708545 7.350981 6.792576 7.376181 7.770951 8.02549 8.259937 8.354412 8.54111 8.55248 8.963505 9.560636 9.998245 10.30074 10.50921 10.81853 
  5.282862 6.086085 6.070739 4.953835 3.908033 4.917992 5.083822 5.270923 6.091829 5.59366 7.054912 7.021016 7.519609 8.219 8.354412 8.961543 8.95261 8.907085 9.774925 9.755121 9.711061 10.36065 10.28824 
  5.336535 5.904621 6.943276 5.834 3.388827 4.513927 5.662806 6.087106 5.886373 6.355364 7.014753 7.311034 8.098088 8.42369 8.895961 9.037986 9.275304 9.491699 9.417776 9.979051 9.755057 10.17792 9.918657 
  5.658575 4.468276 5.547216 5.599779 4.700505 4.9685 5.79148 5.465422 6.988837 7.500951 7.456499 7.523304 8.315886 8.669319 9.580024 9.611304 9.243034 9.001118 9.391832 9.799907 9.869452 10.69272 11.05422 
  4.638783 5.088032 6.157993 4.682064 4.263279 4.71596 5.405458 5.100736 7.079373 7.182183 7.095071 7.021016 7.01333 7.900803 8.439919 8.885101 8.366271 8.869473 9.184285 9.876683 10.36086 10.42182 10.39383 
  5.175516 4.9973 5.63447 5.014228 4.071993 3.65529 5.405458 5.441109 5.941162 6.615483 6.974595 7.417169 7.466316 7.837544 8.00974 8.049732 8.852482 9.453595 9.50569 9.637398 9.965822 10.00259 10.33223 
  4.907149 5.541693 5.459963 4.410294 5.841585 5.694571 5.877263 6.045431 5.680916 6.149069 6.753593 7.735573 8.206987 8.341814 8.093616 8.235752 8.821447 9.377387 9.615582 10.08142 9.931047 10.06104 10.65579 
  3.827828 4.429659 5.07846 4.953835 3.498134 4.059355 5.662806 5.920406 5.311095 5.482579 6.410062 7.097634 7.253146 8.178061 8.240401 8.54111 8.920341 9.339283 9.106455 9.940662 9.807855 10.26453 10.37623 
  5.121842 3.88901 4.539623 4.500884 4.481893 3.882576 4.844897 5.173673 5.804191 6.228413 6.187777 7.240278 7.626194 7.742656 7.915379 8.235752 8.542134 9.029327 9.249144 9.723131 10.34368 10.24705 10.62212 
  3.998555 4.738601 5.198202 5.424114 4.864465 4.236133 5.024091 5.635608 5.639825 6.164938 5.864453 7.417169 6.893422 7.721569 8.724946 8.999764 9.452785 9.542504 9.698001 9.88308 10.00876 10.28201 10.65579 
  3.486374 5.541693 6.507008 7.005102 5.79536 6.395388 6.906654 7.33735 9.750187 10.01568 10.06681 9.504482 9.985667 10.02028 8.867458 8.923323 9.081688 9.745727 9.681518 9.703938 9.71986 9.94415 10.67824 
  4.553419 4.906568 5.63447 6.18533 5.425556 5.133918 5.103732 6.21213 8.663754 8.457257 8.29983 8.160111 8.715181 8.587442 8.411417 8.395197 8.831792 8.728424 9.593603 9.748723 9.895849 10.67525 10.81292 
  4.746129 4.313806 5.459963 5.365559 4.727832 4.539182 4.785166 5.24661 5.585037 6.180807 6.268608 7.066987 7.159884 7.521249 8.14604 9.095318 8.95261 9.038731 9.719979 9.851091 10.16334 10.12783 10.19144 
  4.34001 5.178764 5.198202 4.742457 3.68942 4.741214 5.044001 5.781482 5.913767 6.509226 6.228192 7.051663 7.413024 7.973371 8.55393 8.54111 9.097822 9.085747 9.301031 9.348529 9.675862 10.05269 10.69507 
  4.638783 4.815836 5.018589 4.651867 4.399913 4.867484 5.024091 5.125048 6.119224 7.075926 6.894277 7.487926 7.807692 7.848087 8.229917 8.732216 9.485054 9.113956 9.288059 9.915071 10.59273 10.44804 10.38503 
  4.596101 4.815836 4.898848 5.014228 4.235953 3.428003 5.123642 5.222298 5.461763 6.244282 6.974595 6.775838 7.807692 8.546505 8.354412 8.579331 9.355977 9.5044 9.428765 9.697539 10.20628 10.31696 9.971455 
  4.297328 3.773157 4.150463 4.16872 5.240654 4.791722 4.745346 5.173673 5.297398 6.149069 6.773801 6.852456 7.492963 7.932433 8.297406 8.200319 8.666273 9.390088 9.456239 9.644115 9.825454 10.08608 10.73997 
  4.746129 4.815836 5.372709 3.866753 4.01734 4.387657 4.765256 5.878732 5.804191 6.196676 5.480506 6.69922 7.880291 8.382752 8.55393 8.732216 8.242132 9.029327 9.615582 10.15819 10.23204 10.41308 10.80731 
  3.913192 4.738601 4.569559 4.380097 5.194428 4.690706 4.98427 4.32274 5.393277 6.650901 6.551516 6.69922 6.986683 7.25767 7.883925 8.84688 8.968745 9.580608 9.752947 9.684423 9.499872 10.02764 10.77364 
  3.571737 4.120717 3.940915 4.53108 4.372586 4.71596 5.705698 6.253805 6.355084 5.704742 6.06653 7.143605 7.492963 8.137123 8.439919 8.483778 8.645583 9.001118 9.758442 10.09421 9.790256 10.49173 10.63334 
  4.382691 4.906568 4.868912 3.081638 4.01734 4.337149 5.143553 6.045431 6.309816 6.721739 7.376181 6.683896 7.266469 7.637224 8.00974 8.84688 8.904206 9.010521 9.560636 9.375401 9.807855 10.08608 10.50988 
  4.382691 5.088032 5.459963 5.131338 4.563872 4.513927 5.063911 5.611296 6.174012 5.720611 5.965492 7.346413 7.599548 7.605595 8.030709 8.865991 8.842136 9.326582 9.989216 9.88308 10.09464 10.14452 10.12105 
  5.282862 5.904621 6.681515 5.248448 5.101977 5.133918 4.884718 5.962081 5.817887 5.831693 6.470685 7.112958 7.279792 7.563422 8.208947 8.386339 8.811102 9.275776 9.714485 9.597091 10.08605 10.46552 10.81853 
  4.169283 4.9973 5.108396 4.923638 5.286879 4.488673 4.088304 5.611296 5.90007 5.926906 6.511101 7.275656 7.519609 7.299843 7.967802 8.598442 9.307572 9.275776 9.621077 9.603808 9.816654 10.42182 10.58284 
  3.913192 4.506894 4.659365 4.712261 5.333105 4.261387 4.42678 5.684233 5.338489 6.68632 6.591932 7.082311 7.199854 7.679397 7.800048 8.297758 8.936476 8.549763 9.314003 9.844693 10.02594 10.47426 9.945056 ]
