 [
  2.465837 2.690056 3.211536 4.782208 4.95621 3.728071 5.762366 5.171913 6.137547 5.975694 6.932343 7.528324 8.121488 8.060228 8.369379 8.42675 9.036505 8.802218 9.440879 9.667985 10.25708 10.46944 10.34193 
  2.549492 3.353307 4.169082 5.303283 4.655285 4.364645 5.046004 6.126006 5.666204 6.143657 6.811168 7.207232 7.414063 7.840557 8.660046 8.176478 9.157507 9.187963 9.01886 9.64401 10.04745 10.02358 10.47317 
  3.664884 3.433701 4.21948 5.303283 4.975018 5.001218 4.364703 6.300066 5.666204 5.114886 6.546281 7.254616 7.490166 7.895204 8.369379 8.1912 9.006254 9.170428 9.352958 9.524136 9.88908 10.27107 10.80509 
  4.438074 3.674883 4.547216 5.231823 4.824555 4.977641 5.357455 5.812697 5.387934 6.290624 6.485055 6.859748 6.820461 7.922526 8.878044 9.174735 8.808203 9.332983 9.300205 9.924945 10.01776 10.08909 10.39818 
  4.57878 4.197755 4.244678 5.279463 4.335553 4.553259 5.937568 5.525397 4.97053 6.598153 7.457438 7.41102 7.216196 7.676618 8.108912 8.737842 9.127256 9.308022 9.74767 9.880377 9.809893 9.89255 10.40755 
  5.247136 5.138679 4.194281 4.996311 4.730516 5.080007 4.754018 5.651641 6.307857 6.563262 6.434033 6.812365 7.444504 8.025532 7.048635 7.661212 8.668402 9.126595 9.352958 9.707943 9.701011 10.16188 10.65656 
  3.971617 3.614588 4.660842 4.93208 4.880979 5.143278 4.851346 5.752636 6.103485 5.975694 6.587098 7.762931 7.140093 8.025532 7.862776 8.456194 9.157507 9.258098 9.647999 9.880377 9.839588 10.26379 10.8546 
  5.376116 4.216204 4.471465 4.91067 4.504823 4.081723 4.948675 5.847509 6.92097 6.458587 6.587098 6.243755 7.727438 8.129622 7.673441 8.588691 9.157507 9.43283 9.045236 9.572085 10.06725 9.936226 9.957573 
  4.731212 3.594489 3.841501 3.968621 4.918594 4.553259 5.007072 6.056382 5.527069 6.332615 6.209538 6.749186 7.490166 7.266768 7.88171 8.088147 9.127256 9.507716 9.476047 9.396269 9.859385 10.19828 10.70607 
  5.211959 3.674883 4.295075 4.589517 5.2336 4.623989 4.754018 5.575894 7.159403 6.164652 7.093911 7.080874 7.261857 7.403385 7.768108 8.132313 8.982954 9.214263 9.291413 9.924945 10.00786 10.42273 10.48255 
  4.055272 4.474497 3.791103 4.568107 5.203042 5.238184 5.587163 5.44965 5.606575 6.563262 6.760571 7.72383 8.003273 8.199016 7.730241 8.235366 8.645102 9.732372 9.947013 10.19235 10.21166 10.60957 10.65656 
  4.719487 4.160856 3.715508 4.289774 4.655285 4.223184 4.559361 5.727387 5.149417 6.458587 6.18913 7.175642 7.642371 7.990835 7.88171 8.529803 8.715002 8.828519 10.07991 9.484178 10.25708 10.3293 10.37005 
  4.414623 3.654785 4.345472 5.470021 4.899787 4.058146 4.987607 4.919424 5.944474 6.31162 7.053519 7.489223 7.018328 7.580986 8.369379 9.006699 8.726652 9.135361 9.780894 9.396269 9.968267 10.46944 10.70607 
  4.285642 3.293011 4.068288 4.91067 3.84655 3.539457 4.500963 4.818429 6.273795 5.975694 6.18913 6.780775 7.444504 8.025532 8.071045 8.382585 8.307248 9.135361 9.440879 10.05865 10.16623 10.22012 10.48255 
  5.645803 3.674883 4.21948 5.060541 4.78694 3.893109 4.559361 5.272908 6.614413 6.702828 6.699346 6.243755 7.766843 7.744925 8.108912 8.872271 9.218007 9.482754 9.814117 9.64401 10.04745 10.3293 10.55754 
  4.250465 3.272913 3.614713 4.482466 4.730516 4.081723 4.968141 5.601143 5.149417 6.493478 6.891952 6.922927 7.657592 7.731264 7.919577 7.985094 9.429761 9.407868 9.947013 9.924945 10.3025 10.74971 10.33256 
  4.22258 3.112125 3.967494 4.91067 4.843363 4.553259 4.131114 4.894175 5.944474 7.365769 6.617711 7.645627 8.121488 7.116491 7.749175 8.470916 9.490261 9.231797 9.581552 9.540118 9.859385 9.987181 10.55754 
  3.832193 3.473898 4.528278 4.739388 4.61767 4.388221 4.520429 6.056382 6.37598 6.94707 7.093911 6.954516 8.042678 7.990835 8.514712 8.973092 9.157507 9.19673 9.847342 10.01408 10.48419 10.22012 10.48255 
  4.22258 3.976361 3.362728 4.161313 4.636477 4.741873 5.279593 4.666935 6.004103 6.332615 6.393216 7.528324 7.924463 8.164318 8.442046 8.805056 9.248258 9.682448 10.04668 9.924945 10.21166 10.60957 10.55754 
  4.91882 4.050159 3.48872 4.075672 4.128667 4.718296 5.411962 5.986757 5.407811 6.185647 6.627915 7.762931 8.082083 7.854218 8.165712 8.50036 9.248258 9.457792 9.40571 9.580076 10.04745 10.37601 10.43568 
  3.748539 3.413603 4.698718 4.782208 4.655285 4.458952 5.084935 5.373904 5.666204 6.185647 6.668733 6.322729 7.353181 8.233712 8.296713 8.838663 9.006254 9.332983 9.36175 9.540118 10.02766 10.14732 10.65656 
  4.273916 4.308452 4.982783 5.612941 5.264158 5.491268 6.077729 8.145103 8.862497 10.19199 11.6178 12.46179 12.73187 13.06674 14.02957 14.47042 14.03845 12.72453 11.50853 11.61853 11.80146 13.13199 13.52807 
  4.379446 4.068608 5.096409 6.827753 6.455938 6.725051 7.409265 9.711643 10.39528 11.1719 12.14545 12.76513 13.01651 13.52011 15.0549 15.64439 15.48862 14.26201 12.07333 12.59902 13.20956 15.00045 15.26087 
  4.965723 4.566745 4.269876 5.874959 5.814211 5.111642 6.323012 8.702094 10.85577 11.66626 10.93114 10.50001 10.76162 11.07885 11.82104 12.2666 12.75731 11.75428 10.2128 10.99457 11.25638 10.98326 10.95361 
  4.484976 3.916065 3.891898 5.060541 4.711709 4.954064 5.260127 5.882321 6.682537 7.121528 7.013127 7.03349 7.657592 7.963511 8.033177 9.409985 10.18602 10.03191 9.880566 9.880377 10.3025 10.37601 10.95361 
  4.555329 3.634686 4.395869 4.675158 4.467207 4.458952 5.221195 5.247659 6.750661 8.23806 9.436642 9.483383 9.540068 8.754164 9.27771 9.342771 9.944018 10.18168 10.71116 11.39569 11.61977 10.88984 10.55754 
  5.551999 5.194027 6.649301 7.375609 7.494926 6.9465 7.128942 7.518486 8.147198 8.552085 9.073114 8.818663 8.830778 8.58068 8.769045 9.174735 9.097006 9.857181 10.57826 10.63803 11.07469 10.703 10.23881 
  9.072743 10.0161 11.07803 12.50721 12.57739 12.06674 12.08121 12.11483 12.66065 11.74866 11.73898 13.06847 13.11139 13.24809 13.00424 13.10079 12.95082 12.0039 10.9105 11.26198 12.43738 12.29118 10.8546 
  7.965607 9.216488 9.791095 11.66192 10.68347 9.879036 10.07344 9.990139 10.46341 9.808184 9.678993 11.16473 10.87984 11.07885 10.87637 10.98952 11.48679 10.90558 10.67793 11.39569 11.75603 11.31024 11.4487 
  4.731212 6.337895 6.876553 8.449821 6.975432 6.060706 7.584467 8.319162 8.930621 8.517193 8.1441 10.1481 10.13114 10.5584 10.22237 10.61984 11.24479 11.18016 12.70458 15.09482 14.79936 13.41226 14.02316 
  6.053279 5.507668 5.626665 6.351356 6.853199 7.421032 8.390396 8.597658 8.930621 9.005676 9.073114 10.65642 10.76162 10.59309 11.0217 11.56084 12.45481 11.70436 13.13649 15.58071 16.19034 15.6077 16.10252 
  5.12988 4.308452 4.793406 6.541915 7.311576 7.895564 8.075032 8.945778 9.714045 9.982642 10.52722 11.16473 11.86496 11.49521 12.40237 12.33381 13.16835 12.54365 13.63485 15.5405 15.98036 16.77371 17.64417 
  5.68098 4.345351 5.210035 6.875392 7.2199 7.705751 7.969911 9.572394 9.884354 10.88982 10.6484 11.94676 12.29842 12.08505 12.69303 12.97035 13.53089 13.62893 13.96105 16.02301 16.8623 16.90062 17.99393 
  4.860193 4.585194 5.323662 6.875392 7.739394 8.085377 9.336487 9.259087 9.339363 9.563942 9.800169 11.20383 11.43151 11.84218 12.8747 13.68778 13.89343 13.44805 14.55307 16.10343 16.48433 16.81602 17.99393 
  5.364391 4.253103 4.641904 6.113157 7.097666 8.117012 8.425436 8.528034 9.577797 9.180134 9.598209 11.39934 11.15567 12.43202 13.19067 13.36168 13.74842 13.35761 14.7645 16.74678 17.66025 17.53518 18.29373 
  4.22258 3.976361 5.531976 6.780113 7.556044 7.737386 7.654548 9.154651 10.54188 9.912859 10.68879 11.75125 11.70734 12.36263 12.69303 12.90513 13.02333 13.35761 14.29935 16.54573 17.53426 18.38126 18.74343 
  4.194695 3.152322 5.816042 7.30415 6.02812 7.579209 9.231365 9.293899 10.46341 9.808184 10.68879 11.51664 11.51032 11.5993 12.5477 12.70349 12.69681 12.45321 13.87648 15.90239 17.11428 17.87361 18.99327 
  4.672585 3.916065 5.134284 6.518095 7.433809 7.769022 9.231365 9.433146 9.237178 10.29667 10.60801 11.63395 12.06199 11.634 12.7657 12.56906 12.24305 11.70436 13.13649 15.82197 16.52632 17.06984 17.94397 
  4.930546 4.806588 5.304724 7.137411 7.342134 7.35776 8.530558 8.667282 8.624064 10.05243 10.56762 12.18136 11.98318 12.29323 13.09746 12.7707 12.75731 12.22855 13.13649 14.4263 15.0719 16.43528 17.7441 
  4.194695 4.825037 6.346297 6.827753 8.106096 7.64248 7.934871 7.831794 8.760311 9.773293 10.24448 11.71215 11.86496 11.5646 12.62037 12.80431 12.87831 12.45321 13.23616 15.09482 15.25359 16.30837 17.39433 
  4.027387 4.142406 4.92597 6.398995 7.739394 8.053741 7.934871 9.050215 9.714045 9.94775 10.24448 11.36024 11.82556 11.5993 12.29337 12.40102 12.87831 12.30344 13.36906 15.66113 16.31634 17.11214 17.99393 
  3.218727 4.123957 4.944908 5.874959 7.281017 8.275189 8.355355 9.642018 9.645921 10.05243 10.00213 11.67305 12.1802 12.25854 12.14804 12.36742 12.66656 12.45321 14.42621 16.30448 17.99623 18.21204 18.74343 
  5.516823 6.497817 5.853917 8.280764 7.800511 8.085377 8.845922 9.816078 10.19091 9.389484 10.32526 12.02496 11.86496 12.29323 12.80203 13.49212 13.89343 14.17157 15.10279 17.51076 17.91223 18.63508 19.2431 
  5.952631 7.457348 8.182425 9.464168 11.2 11.28542 10.81314 10.9504 10.7773 9.94775 10.80997 13.57403 13.5858 13.24809 14.12278 14.20954 14.4735 14.62377 15.82167 18.07369 18.62619 18.97351 19.44297 
  7.66366 9.696254 10.11283 11.3238 13.43826 13.62939 13.34928 13.36883 12.97454 12.57259 12.21362 14.38294 14.91412 14.06416 15.14811 15.0574 14.03845 14.26201 15.10279 16.50553 17.19828 17.57748 17.894 
  9.37469 14.81375 16.38664 15.21213 15.33217 14.09819 11.97554 11.03997 10.69882 11.1719 11.94094 13.47292 12.92163 11.91157 13.56351 13.10079 12.63631 13.44805 13.5684 14.1589 14.11802 14.53333 14.56775 
  9.475339 16.41297 17.03011 17.748 18.94783 15.66084 14.30033 13.72711 11.32661 13.47893 14.46325 17.11298 15.76804 14.6082 14.68205 14.4052 14.4735 14.71421 14.00334 13.53495 12.25568 13.69253 14.76579 
  9.877934 16.41297 16.5475 18.76234 19.8087 16.12963 15.5684 15.16026 13.6808 14.22047 15.34947 17.61855 16.05268 15.24292 15.61416 15.25307 14.83605 15.70905 14.93365 14.4263 12.34653 13.92608 15.11235 
  10.68312 16.25305 16.22577 18.9314 19.46435 17.06722 16.3081 15.69769 15.09331 14.22047 15.62215 17.51743 17.38101 15.24292 17.19876 16.36181 14.61852 15.61861 15.52566 15.13939 12.80076 14.62676 15.60744 
  11.18637 16.25305 15.90404 18.59329 18.60348 17.69228 16.51945 15.78726 15.40721 14.22047 15.2813 18.023 17.85541 15.60562 17.29197 16.23137 14.61852 15.25685 15.77938 15.18396 12.16484 13.78595 15.06284 
  11.48831 16.25305 15.74317 18.42423 18.08696 18.00481 16.51945 15.87683 15.40721 14.38526 15.14496 18.12411 17.85541 16.24034 17.66482 16.68791 15.48862 14.80465 15.3988 15.22853 12.25568 13.27213 14.22119 
  11.58896 16.09313 15.5823 18.25517 17.74261 18.31734 16.51945 15.87683 15.40721 14.46765 14.73593 17.51743 17.47589 16.60303 17.29197 16.29659 15.34361 15.52817 14.46849 14.20346 11.84688 13.27213 14.61726 
  11.68961 15.9332 15.26057 18.08611 17.57043 18.62987 16.41377 15.78726 15.40721 14.55005 14.46325 16.80964 17.19125 16.42168 17.38518 16.16615 15.48862 15.70905 14.1302 13.89149 11.34723 12.43132 14.46873 
  11.68961 15.77328 15.0997 17.91706 17.57043 18.78613 16.20243 15.69769 15.40721 14.79723 14.73593 16.70853 17.28613 16.42168 17.85124 16.10093 15.2711 15.43773 13.50195 13.57951 11.34723 12.38461 14.36972 
  11.68961 15.45344 14.6171 17.748 17.74261 18.9424 16.09676 15.60812 15.32873 15.2092 15.48581 17.31521 17.66565 16.51236 17.75803 15.57917 14.18347 14.98553 13.80097 13.49038 11.4835 11.77736 14.56775 
  11.79026 14.97367 14.45623 17.07177 18.60348 18.9424 15.88541 15.07069 15.09331 15.53877 16.23569 18.62967 18.70933 17.7818 18.3173 16.75313 16.50375 16.88477 15.35651 14.64914 11.43807 12.15105 14.46873 
  12.09221 13.85422 14.45623 15.88836 18.94783 18.16108 15.14571 14.62283 14.77942 15.2092 16.03118 18.32633 18.61445 18.14449 18.78335 17.01402 17.44636 18.15093 16.49826 15.90239 12.61907 12.99186 14.96382 
  10.98507 12.09508 13.49103 15.38119 18.25913 17.22349 13.98331 13.4584 13.05301 13.64371 14.87228 17.01187 17.00148 16.87506 17.38518 15.51395 16.43124 17.15609 15.52566 14.96112 11.71061 12.05763 13.67659 
  5.423018 6.024254 8.665027 12.16909 15.50435 14.41072 8.004951 6.682998 7.125341 8.203169 9.275074 11.63395 11.3921 11.5993 12.40237 9.544414 10.00452 11.00542 10.04668 10.37062 10.43877 10.46944 11.00312 
  5.258861 5.175578 6.895491 9.464168 11.54434 9.566506 6.217891 5.812697 7.295651 7.470444 8.871155 10.1481 9.618877 9.101131 9.096044 9.141128 9.218007 9.457792 9.57276 9.492168 9.859385 10.32202 11.05263 
  5.118155 4.197755 4.850219 6.875392 6.242029 5.997436 5.007072 5.777885 6.648475 6.493478 7.174695 8.935966 8.712563 8.823557 8.769045 8.63702 8.913054 9.012625 9.947013 9.779867 10.34793 10.51615 10.36068 
  4.989174 3.192519 2.858756 4.032852 4.95621 5.048371 5.657244 5.777885 6.004103 6.842395 6.607507 6.622828 7.61193 7.963511 8.660046 8.102869 9.036505 9.135361 9.379334 10.01408 10.21166 10.46944 10.65656 
  5.059527 2.810647 3.589515 4.482466 5.478067 4.859757 5.692285 6.474126 6.37598 5.450811 6.770776 7.528324 7.33796 8.372499 8.333046 8.771448 8.889753 9.152895 9.124365 9.715935 9.532738 10.03086 10.80509 
  4.68431 4.234654 4.143884 4.396825 5.050249 4.789027 5.867487 6.334877 5.884845 6.912178 6.321786 6.907133 6.713917 7.990835 8.333046 8.704234 8.924704 9.70741 9.614776 10.19235 10.57504 10.56286 10.95361 
  6.254577 8.736723 9.147628 8.449821 7.494926 6.693416 5.33799 4.161958 5.586699 6.35361 6.70955 7.762931 8.357918 8.823557 8.442046 8.073425 9.036505 9.117827 9.484838 10.01408 9.740604 10.12549 10.4263 
  6.355226 8.097035 8.021559 6.851573 5.936445 6.218884 5.482042 4.843678 6.103485 6.807503 6.770776 7.159848 8.239703 8.129622 7.88171 9.073914 8.843153 9.249331 9.913789 9.880377 10.06725 10.46944 10.44505 
  4.848467 5.876658 6.422048 5.422382 5.508626 5.364726 5.376921 5.550646 5.884845 6.374605 7.295871 7.841134 7.657592 7.936188 8.732712 8.737842 8.481999 9.161662 9.344166 9.835809 9.928674 9.863434 10.32318 
  3.971617 4.197755 5.210035 4.9749 4.410784 4.152453 4.987607 5.045669 6.239733 6.290624 6.678937 7.489223 7.642371 7.799572 7.465172 7.970372 8.400449 8.924955 9.647999 9.755893 10.48419 10.27835 10.30443 
  4.848467 5.212477 5.475163 6.184617 6.547614 7.041406 7.759668 8.423598 9.134993 9.529051 9.638601 9.248775 8.673158 8.58068 8.514712 8.515081 8.819853 9.308022 9.581552 9.50016 10.3025 10.16188 10.27631 
  8.46885 9.696254 10.43456 11.49286 12.40521 12.6918 13.24361 14.0854 15.25026 16.11553 16.16752 14.8885 13.49091 12.70404 12.36603 11.96413 11.81955 11.23008 12.3059 13.53495 13.75464 13.50568 13.42905 
  8.972095 9.216488 9.791095 11.83098 12.57739 12.37927 12.5039 13.36883 14.30858 15.2092 15.55398 13.87737 12.61366 12.32793 12.03904 11.42642 11.69854 11.45474 12.37235 13.62408 14.57225 14.72018 14.2707 
  6.254577 6.116502 6.15692 8.161665 9.478255 8.971169 9.862093 10.02495 9.81623 11.50147 13.84972 13.06847 13.20627 13.33876 13.28388 12.56906 12.87831 12.72453 13.83419 15.86218 16.98829 16.51989 16.89466 
  4.332544 4.843487 6.649301 9.464168 9.994777 9.879036 10.17911 10.41297 9.782167 11.91344 13.91789 13.87737 13.01651 13.33876 13.37709 13.23123 13.38587 12.90541 14.29935 15.9828 17.15628 17.23905 17.79407 
  4.555329 6.497817 7.378091 8.787937 11.02782 11.44168 11.34151 10.59211 10.08873 12.40781 14.25874 13.47292 13.68068 13.33876 13.09746 12.87152 12.87831 12.25351 14.46849 16.10343 17.36627 17.61979 18.54357 
  5.716156 6.1903 5.721354 7.28033 9.306081 10.66036 10.91882 11.5774 10.93424 11.33669 13.50886 13.37181 13.5858 12.43202 12.6567 12.90513 13.02333 12.27848 14.04562 16.30448 17.40826 17.87361 18.54357 
  5.188508 5.784411 5.816042 6.899212 8.961733 9.722771 10.17911 11.5774 11.40508 10.92472 12.89533 12.66402 12.73187 12.97607 13.65672 13.10079 12.57581 12.30344 14.04562 15.86218 16.94629 17.53518 18.14383 
  5.952631 4.972633 5.153222 7.804367 8.564472 8.876264 10.07344 10.68168 11.32661 11.41908 12.62265 12.46179 12.92163 12.01566 12.80203 12.56906 11.9103 11.8042 13.96105 15.90239 16.8203 17.61979 18.54357 
  4.496702 3.976361 5.797104 8.618879 8.625589 8.465002 9.862093 10.77125 10.93424 11.0895 11.37545 11.75125 12.06199 12.43202 12.69303 13.03557 12.81781 12.42825 14.00334 16.30448 17.28227 17.789 19.14317 
  4.083157 3.694982 5.00172 7.589988 8.197771 9.034441 10.39045 11.21911 9.645921 10.54091 11.49663 12.10316 12.92163 12.43202 12.91103 13.23123 12.63631 12.17863 13.73452 16.50553 16.94629 18.80429 19.8427 
  4.083157 5.212477 4.793406 7.756727 8.931174 9.566506 9.231365 10.41297 11.09119 10.36645 12.00911 11.82945 12.41663 12.18914 12.25703 12.66988 12.3943 11.87909 13.60162 15.86218 16.31634 18.29665 20.04257 
  5.247136 4.769689 5.569852 6.756293 8.167212 8.718086 8.004951 10.68168 11.24814 10.75026 12.21362 12.18136 12.61366 12.36263 13.4703 12.90513 12.45481 11.87909 13.63485 15.90239 17.11428 17.11214 17.99393 
  4.778114 3.293011 5.778166 6.946852 7.983862 8.117012 8.670719 10.12939 10.7773 11.41908 12.28179 11.75125 12.53485 13.06674 13.09746 12.70349 12.63631 12.42825 13.40228 15.4068 16.48433 17.02753 17.894 
  4.22258 3.875868 5.247911 5.755859 7.158783 7.832293 8.285275 9.015403 10.25903 11.58387 12.9635 12.5629 12.92163 12.97607 12.5477 11.96413 12.2128 11.85413 13.5684 15.5405 16.61032 17.11214 17.49426 
  5.399568 4.714341 5.134284 7.423249 7.067108 8.022105 9.756971 10.59211 9.543735 10.82004 12.28179 12.5629 13.39603 12.97607 12.40237 12.80431 13.24086 12.07878 13.83419 16.02301 16.8623 17.06984 17.84403 
  4.438074 4.290002 4.660842 6.923032 8.289447 8.654815 9.54673 9.328711 9.714045 10.50602 11.73898 12.25957 12.73187 13.15741 13.56351 13.03557 12.72706 12.27848 14.7645 16.26427 17.07229 17.36596 17.4443 
  4.484976 5.175578 5.759229 7.28033 8.961733 10.19157 9.862093 10.23382 9.952477 10.26178 11.17349 11.82945 11.3921 13.24809 14.12278 12.66988 12.75731 12.99585 14.17248 15.82197 16.77831 16.6468 17.04456 
  5.851982 6.337895 7.056357 8.280764 9.478255 8.528273 9.792012 10.02495 10.0206 10.68048 11.73898 11.98586 11.3921 11.42581 12.25703 11.76249 11.88005 12.54365 13.63485 15.86218 16.94629 15.84125 15.954 
  8.166904 8.416879 8.182425 9.464168 9.650429 9.097712 9.511688 9.711643 10.32716 11.41908 12.21362 11.79035 12.29842 11.5646 12.1117 11.72888 11.81955 12.54365 12.80425 14.78285 15.34444 14.95374 14.61726 
  7.059768 7.457348 7.217225 8.137844 8.533915 9.410241 9.967765 9.119839 9.237178 10.68048 11.17349 10.77372 11.23448 11.52991 12.1117 11.69527 11.12379 11.95397 12.20623 14.20346 14.02718 13.73924 13.33003 
  6.757821 8.896645 8.182425 7.494709 7.342134 8.781357 7.969911 8.28435 9.134993 10.22688 11.05232 10.1872 9.894712 9.933854 10.07704 10.21656 10.18602 10.80573 10.17958 11.7968 11.52892 11.45038 11.05263 
  5.751333 7.297426 7.217225 7.18505 7.067108 8.370096 9.021123 8.249538 9.679982 9.912859 10.04252 9.444282 9.027803 8.511286 8.241446 9.040306 9.762515 9.682448 10.07991 10.72717 10.62046 10.46944 11.20116 
  5.047801 6.319446 6.251609 6.803933 7.372693 7.515938 7.584467 9.015403 9.611858 9.703508 10.04252 8.271246 9.618877 8.962344 8.587379 8.670627 8.924704 9.582602 10.41214 10.28149 10.34793 10.12549 10.48255 
  4.34427 6.116502 5.83498 7.780547 6.394822 6.914864 7.689588 8.214726 8.419693 9.633725 9.517426 8.232145 9.146018 9.101131 8.841711 8.939485 9.702015 9.932066 11.14307 10.32606 10.48419 10.88984 10.95361 
  3.553345 5.710613 5.853917 7.566168 6.914316 7.167948 7.444305 7.58811 8.794374 8.517193 8.669195 8.701359 7.727438 8.892951 8.660046 9.376378 9.581013 10.05688 10.94372 10.01408 9.988064 10.51615 10.75558 
  5.211959 5.526118 5.816042 7.518528 6.853199 6.788322 6.918699 8.562846 8.930621 8.342735 7.861357 8.193044 8.791373 8.233712 8.014244 8.939485 9.36926 9.457792 10.11313 10.23692 10.3025 10.37601 10.65656 
  3.692769 4.622093 5.645602 6.684834 6.639289 6.693416 7.794709 8.249538 7.670331 7.505336 7.740181 7.802032 7.642371 8.545983 8.146779 8.704234 9.127256 10.13176 9.980236 9.771875 9.968267 10.56286 10.70607 
  3.413921 5.064881 5.986481 5.73204 4.993826 6.282155 7.689588 7.727358 8.317507 7.016853 7.093911 7.567425 8.712563 8.511286 8.405713 8.838663 8.913054 9.308022 9.74767 9.484178 9.968267 10.60957 11.15165 
  3.553345 4.972633 5.853917 5.350922 4.749324 5.396361 6.743497 7.06593 6.784723 7.435553 7.376655 7.841134 8.830778 8.58068 8.014244 8.670627 9.006254 9.457792 9.414502 9.683968 9.710909 10.28563 10.12632 
  3.860078 5.249376 6.478861 5.167593 5.63086 5.775987 5.692285 6.369689 6.682537 6.842395 7.417047 7.001901 7.368401 7.854218 7.635574 8.367863 8.959654 8.942489 9.563968 10.01408 10.34793 10.46944 10.55754 
  2.911994 4.326901 4.793406 5.422382 5.355834 5.048371 6.323012 6.682998 6.478166 5.849722 7.174695 7.254616 7.885058 7.936188 8.623713 8.704234 8.831503 8.960023 9.273829 10.10322 10.43877 10.191 10.60705 
  4.543604 4.566745 5.626665 5.124772 5.600302 5.491268 6.463174 6.439314 5.864968 5.765741 6.393216 7.049285 8.003273 7.94985 7.805975 8.412028 9.550762 9.021391 9.440879 10.01408 10.10684 10.3293 10.5013 
  4.590506 6.245648 6.725051 6.970672 6.975432 6.693416 5.972608 5.812697 6.341918 5.975694 6.750367 6.749186 8.042678 8.650073 8.478379 8.973092 9.39951 9.682448 9.814117 9.715935 10.48419 10.51615 10.75558 
  4.531878 4.73279 5.228973 6.184617 5.141924 5.61781 5.143332 4.818429 6.103485 6.227638 6.229947 7.080874 8.003273 7.799572 8.222513 8.456194 9.006254 9.170428 9.537591 10.01408 10.16623 10.29291 10.60705 
  4.138926 3.795475 4.345472 5.874959 4.918594 4.1053 4.500963 5.474899 6.004103 5.99669 6.26056 6.49647 6.820461 8.129622 7.976377 7.926206 9.006254 9.187963 9.581552 10.28149 10.57504 10.18372 10.27631 
  3.330266 3.293011 4.907032 5.70822 5.508626 5.522903 6.077729 6.126006 5.586699 6.458587 6.972735 7.606526 7.845653 7.731264 7.976377 8.102869 8.435399 9.126595 9.458463 9.667985 9.94847 10.25651 10.33256 
  4.602232 4.898835 4.345472 4.375415 5.447509 5.174913 4.500963 5.626392 5.924597 6.332615 6.434033 7.03349 7.490166 7.335077 8.369379 8.603413 9.006254 9.382907 9.57276 9.667985 10.21166 10.14004 10.44505 
  4.055272 3.936164 3.614713 5.493841 5.050249 4.812603 5.182264 4.666935 5.705957 6.269629 6.18913 7.049285 7.688033 8.199016 8.405713 7.970372 8.691702 8.697016 9.370543 9.924945 10.52962 10.37601 10.49192 
  3.915848 3.976361 4.395869 4.9749 5.141924 4.812603 5.517083 4.414447 4.831395 6.35361 6.932343 7.175642 7.766843 7.649294 8.442046 8.544525 8.447049 9.249331 9.57276 9.348319 10.25708 10.16188 10.70607 
  5.305763 5.157128 5.323662 5.350922 6.180912 5.174913 6.077729 5.777885 5.904721 6.563262 6.1177 6.622828 7.627151 7.758587 7.900643 9.006699 9.490261 9.757334 9.714446 10.28149 9.869283 10.37601 10.80509 
  5.551999 4.991083 5.134284 5.060541 5.111366 5.522903 5.727325 4.79318 6.171609 7.121528 6.372808 6.575444 6.866122 7.540001 8.296713 8.872271 8.5985 8.942489 9.947013 9.835809 10.3025 10.3293 10.37943 
  4.637408 4.216204 5.588789 4.439645 4.880979 4.058146 5.972608 6.091194 6.512228 6.94707 7.376655 6.843954 7.155313 7.608309 8.071045 8.42675 8.668402 9.582602 9.780894 9.707943 10.34793 10.37601 10.70607 
  4.836742 3.71508 4.471465 3.86157 4.918594 5.396361 4.890278 5.373904 6.063732 6.416596 6.729959 7.841134 7.474945 7.52634 8.26038 8.412028 8.260648 9.144128 9.502423 9.324345 10.16623 10.12549 10.55754 
  4.34427 3.936164 4.320273 6.041698 4.655285 5.26982 5.143332 4.868927 5.96435 5.660765 6.383012 7.096669 7.766843 7.990835 8.805378 9.510807 8.784903 9.214263 9.502423 9.476186 10.66589 10.3293 10.31381 
  4.89537 5.563017 4.068288 6.089337 5.722535 5.586174 5.587163 6.682998 6.307857 6.598153 6.811168 6.591238 6.972666 7.499016 8.241446 8.670627 8.773252 9.117827 9.614776 9.572085 10.10684 10.51615 10.4263 
  3.748539 3.835671 5.115347 6.565734 6.180912 4.883334 4.987607 5.626392 5.129541 6.374605 6.85156 7.528324 7.535828 7.143814 7.88171 7.970372 9.066755 9.308022 9.511215 9.787859 10.04745 10.14732 10.41693 
  4.754663 5.064881 4.67978 6.184617 5.080808 5.427997 6.217891 6.056382 5.487316 6.35361 6.729959 7.72383 8.003273 8.199016 8.26038 8.515081 8.447049 9.283059 9.714446 9.835809 10.13654 10.56286 10.80509 ]
