 [
  3.189376 3.468179 3.676297 4.879665 4.754323 4.839666 5.128795 6.173801 5.754813 6.249623 6.856538 6.937148 7.197265 8.124653 8.41455 8.651228 8.881369 8.817716 9.390146 9.605216 10.10419 10.16115 10.12253 
  4.483464 3.558487 4.102352 5.020713 4.897655 4.317879 4.76978 5.258062 5.36313 6.744854 7.197882 6.985766 7.280819 8.205078 7.858733 8.509562 8.570197 8.817716 9.454269 9.81893 10.14243 10.45838 10.41173 
  4.413513 2.790872 4.071919 5.659124 5.130569 4.526594 4.789725 5.557506 6.153849 5.688449 6.529416 7.14254 7.48135 7.5531 8.759614 8.992991 9.120453 9.11886 9.668258 9.796833 10.45026 10.90785 10.96111 
  4.203661 2.203873 3.767594 5.067729 4.306412 4.651823 5.208576 5.873534 6.181544 6.431179 7.276654 6.937148 7.581616 7.95425 8.080337 8.580396 8.762197 9.507718 9.833055 9.907316 10.14243 10.0493 10.55416 
  3.224352 2.565103 3.798027 4.480029 5.341215 4.693566 5.248467 5.760934 5.36313 6.150592 6.484223 6.856117 7.364374 7.734572 7.716274 8.773086 9.145955 9.025402 9.479919 9.456885 9.809776 10.39417 10.19287 
  4.448488 3.558487 4.863164 5.020713 5.410705 4.589209 5.405197 5.557506 6.20924 6.035057 6.348644 6.96956 8.076152 8.553589 8.238625 8.143594 8.603301 9.035786 9.441445 10.0178 9.809776 10.52259 10.32575 
  3.294302 3.423026 3.524134 4.621077 4.861822 5.325724 4.410764 4.769495 5.773464 6.477401 6.619802 6.694055 7.280819 7.839636 8.080337 8.367897 9.477489 9.281551 9.223424 9.907316 10.48874 10.99346 10.67625 
  4.623365 3.016641 4.68057 5.138253 5.184319 4.672694 4.630162 5.873534 6.236936 5.737965 6.710188 7.14254 7.397796 7.963801 7.352211 8.037344 8.808541 8.880022 9.390146 9.446291 9.971231 10.50118 10.41173 
  5.008094 2.474796 3.006781 3.845312 4.360161 5.27443 5.208576 5.760934 5.95998 6.477401 6.454094 6.985766 7.911469 8.071035 7.937877 8.214426 8.99294 9.863121 9.762427 10.0178 10.02821 10.6296 10.59486 
  4.763267 4.145487 3.219809 4.197933 4.073498 4.568337 4.51049 5.210782 6.624673 6.744854 6.198 7.083003 6.729359 7.47669 8.439198 8.627618 8.835024 9.181166 9.597631 9.841026 10.03771 10.41557 10.6152 
  4.483464 3.919718 3.858892 4.150917 4.646824 4.964895 5.14874 4.690694 4.784932 6.299138 6.961567 6.985766 7.163843 8.285504 8.175309 8.592201 9.069448 9.653111 9.621173 9.863123 10.0662 10.41557 10.6152 
  2.769672 3.603641 4.071919 4.385997 4.987237 3.733477 4.729889 4.801016 5.083357 6.084572 7.250397 6.483375 7.147132 7.514895 8.111994 9.087236 9.426483 9.523872 9.479919 9.520456 9.999722 10.71522 10.63555 
  3.364253 4.280948 4.467542 5.361484 5.23698 4.317879 5.188631 4.848296 4.76628 6.035057 6.363708 6.775086 7.314241 7.763226 7.668787 7.954706 8.662887 9.19155 9.550547 9.732356 10.21939 10.54399 10.18506 
  4.06376 4.235794 5.083352 5.547509 5.058903 4.025678 5.72436 5.760934 6.153849 6.381664 6.574609 7.115416 7.779721 8.312312 8.175309 8.202621 8.768818 9.410789 9.527004 10.15038 10.05671 10.47978 10.57451 
  4.763267 5.093717 4.954462 5.249868 4.41391 4.443108 5.405197 6.286402 6.95702 6.685421 6.243194 6.694055 7.878531 8.231887 8.734966 8.804501 8.921093 9.362326 9.644715 9.467481 9.885755 10.0959 10.36483 
  5.008094 6.03242 6.630029 5.435894 5.758155 5.63349 6.362689 6.92447 7.20628 7.368912 7.539227 7.14254 7.615038 8.178269 8.537787 8.261648 8.702611 8.703488 9.6918 10.12828 10.20015 10.22639 10.6559 
  5.420918 6.345321 6.887809 6.849688 6.244585 5.428312 6.089119 6.92447 7.621713 6.952874 7.381683 7.874905 7.944405 8.339121 8.463845 9.055821 8.748956 8.963096 9.762427 10.23877 10.2771 10.6082 10.37265 
  4.693316 5.96984 5.921135 7.854225 7.599641 5.582195 5.769956 7.374871 7.677104 8.349574 8.221914 7.929154 8.076152 8.419547 8.41455 8.710256 8.907851 9.556182 10.1391 9.973606 10.21939 10.16115 10.34138 
  3.60908 6.470482 7.983372 7.519379 7.425916 6.659374 6.864232 7.712672 8.618753 8.79533 8.038114 9.31251 9.360683 8.955717 8.956793 9.087236 9.911032 9.620801 9.903681 10.48183 10.41178 10.5868 10.36483 
  4.518439 5.782099 8.241152 7.072918 7.599641 5.787372 6.362689 8.463341 9.338838 9.865143 8.353201 9.909252 10.05235 8.634015 8.61173 9.024406 9.400981 9.201935 9.40297 9.796833 10.12319 10.43698 10.49312 
  5.420918 6.407901 9.01449 8.040251 7.738621 7.22361 7.137801 7.825273 7.372453 8.29014 8.484487 8.905642 9.360683 9.170186 9.351151 8.930161 9.324473 9.004633 9.738885 10.23877 10.35406 10.02133 10.69659 
  6.590585 6.282741 8.047817 7.593789 6.592035 7.172316 7.730535 8.688541 8.563362 9.68684 11.09188 12.29866 12.63616 13.56551 14.72507 14.96597 16.21268 17.17087 17.04594 15.46074 14.63537 14.49251 14.90405 
  6.108957 6.282741 8.692266 7.928635 7.1827 7.069728 7.548155 8.613475 8.784926 9.865143 11.09188 12.29866 12.7972 13.71019 14.72507 14.96597 16.32642 17.28375 17.25769 15.58498 14.63537 14.57743 15.08385 
  5.214506 4.687332 7.790037 7.258944 6.869995 6.454197 6.818637 8.12554 8.341797 8.498159 8.379457 8.95989 9.722987 8.928909 8.51314 9.150066 9.605001 9.92774 10.49224 11.78553 12.43194 13.47346 13.91516 
  5.696133 5.406618 7.596703 8.11466 8.016581 7.22361 7.183396 8.050473 8.701839 8.111837 8.484487 8.824267 9.49243 9.009335 9.64692 9.055821 9.324473 9.394634 9.833055 9.531051 10.14243 10.13318 10.57451 
  4.763267 5.469198 6.694474 8.11466 7.425916 7.22361 7.821724 8.425808 7.95406 7.517497 8.116885 9.502382 10.08529 9.170186 8.858203 9.809783 9.936534 9.556182 9.99785 10.19457 10.29634 10.39417 10.59486 
  4.938143 6.470482 7.983372 8.412301 7.04372 8.454672 8.460052 8.388274 8.480275 8.260423 8.82583 8.987015 9.722987 9.572314 9.425094 9.432802 9.171458 9.265397 9.621173 10.12828 10.18091 10.17979 9.966197 
  6.384172 7.096284 7.596703 8.189071 7.217445 7.121022 6.818637 9.063876 9.006491 8.914198 9.035889 9.882128 10.44759 8.955717 9.055383 9.212896 9.758017 9.362326 9.927223 9.774736 10.33482 10.39417 10.43208 
  5.283309 5.719519 7.274478 8.077456 6.41831 7.94173 7.912914 8.575941 8.951099 9.270802 8.694545 9.855003 10.48053 9.679548 9.153973 9.464217 9.809022 9.572336 9.527004 9.863123 10.3733 10.50118 10.13034 
  5.145702 5.96984 7.532258 8.263481 6.731015 7.736552 7.912914 9.138943 9.505011 10.22175 8.957117 9.095513 10.28291 9.813591 9.868747 9.652708 9.656006 9.669265 9.78597 10.43764 10.45026 10.50118 10.43208 
  5.076898 5.719519 8.434486 8.709942 7.321681 7.531376 7.912914 8.98881 9.228055 10.43914 9.482262 9.556632 10.01942 9.920825 9.794805 9.652708 9.834524 9.701574 9.762427 9.995703 10.25786 10.54399 10.6152 
  6.315369 7.409185 9.530049 8.784352 8.120815 6.967139 8.505648 9.063876 10.34137 10.43914 9.981149 10.34325 11.00752 10.34976 10.50958 11.00356 11.33917 11.07473 10.11556 10.85747 10.93125 11.72117 11.89707 
  6.8658 7.847247 8.821156 8.189071 7.425916 7.428787 8.414457 8.463341 9.311142 9.627406 9.718576 10.77751 10.67815 11.15402 11.10112 11.63186 12.23176 11.63954 11.38685 11.87392 11.64312 13.6433 14.27475 
  7.20982 7.284025 8.498931 8.375096 7.564896 7.58267 7.274586 8.425808 8.535666 8.022687 9.11466 9.475258 9.624177 10.40338 11.37224 12.38582 12.68672 11.63954 13.02271 12.60311 12.97624 14.91712 14.18486 
  5.489721 8.160148 9.078936 8.189071 7.252191 6.043843 6.955422 7.712672 7.178584 7.576931 8.694545 9.014139 8.339645 9.813591 10.46028 11.12922 11.67071 11.04242 11.6929 11.94021 11.73932 13.13378 12.10055 
  7.20982 6.845963 7.854482 8.040251 8.086071 7.736552 7.137801 6.81187 7.344758 7.666082 7.959342 8.363149 8.109089 8.285504 8.784261 8.450536 9.911032 9.056555 8.659133 10.06199 10.31558 10.33824 10.24759 
  8.379487 7.471766 9.465605 8.635532 9.128421 8.505966 8.095293 6.999537 7.677104 8.379292 8.694545 9.502382 10.51347 11.3953 12.86957 13.32727 12.18076 11.30089 10.56287 10.94586 12.20107 11.87099 12.10055 
  5.420918 5.594358 6.11447 4.456521 5.271725 5.88996 6.089119 6.136268 6.236936 6.834006 6.777767 8.119027 9.09719 10.00125 11.49547 12.19733 11.00764 10.08929 9.668258 10.83538 11.41224 11.20749 11.53083 
  3.958834 4.461563 4.528407 4.926681 4.825989 5.325724 4.151475 5.0847 5.027402 6.566552 6.961567 6.450963 7.46464 7.495793 8.333598 8.835916 8.815163 9.394634 9.503462 9.81893 10.21939 10.3196 10.3023 
  5.008094 4.416409 3.828459 4.973697 4.252662 3.963063 4.80967 5.068939 5.829419 6.134087 5.806328 6.677849 7.447928 7.524446 9.104677 8.867331 9.247966 9.297707 9.503462 9.973606 10.16167 9.797632 10.31012 
  6.52178 5.594358 4.924029 5.733535 5.184319 5.120547 5.029068 5.798467 6.347718 6.536835 6.484223 7.001972 7.163843 7.916045 8.636376 8.426925 8.967438 9.701574 10.1391 10.0178 10.12319 10.03065 10.51347 
  5.696133 4.280948 4.802299 4.738617 5.619175 4.75618 5.359602 4.627653 6.347718 6.744854 6.047357 6.078221 7.431218 8.392738 8.734966 8.741671 9.298971 9.34617 9.377321 10.19457 10.14243 10.20775 10.3961 
  5.145702 4.506717 4.863164 5.547509 6.522545 6.710668 6.362689 6.286402 6.652369 6.414674 5.761135 7.712157 8.570203 8.36593 9.351151 9.684123 10.06405 9.249242 9.550547 9.907316 10.12319 10.17979 10.49312 
  4.273612 5.406618 5.276687 5.473099 6.383565 6.505491 5.952335 5.648334 5.987676 7.279761 7.197882 7.576534 8.339645 8.607206 8.365255 8.898746 9.247966 8.890406 9.503462 9.647596 10.01872 10.02133 9.911482 
  4.798242 4.235794 4.832732 3.704264 4.46766 5.171842 5.268412 5.289583 5.102008 6.414674 6.777767 7.440911 8.240835 8.285504 8.30194 9.024406 9.222464 8.931943 9.597631 9.753547 10.21939 10.65101 10.63555 
  5.558526 4.371256 5.083352 4.597569 4.879738 4.985767 4.211311 5.13198 6.403109 5.490388 6.454094 7.034385 7.531483 7.830085 8.127823 8.804501 8.907851 9.170782 9.274723 9.552241 10.05671 10.88644 10.19287 
  5.008094 4.145487 3.311106 5.114745 5.58443 4.672694 5.029068 4.564612 5.232569 5.78748 7.145368 7.359537 7.647974 8.36593 8.636376 8.17901 8.782059 9.281551 9.467094 9.4251 10.31558 10.5868 10.63555 
  5.076898 3.423026 3.250242 4.221441 4.969321 5.069253 5.541981 5.685867 6.596978 6.381664 7.119111 8.146152 9.59124 10.83232 10.33705 8.867331 9.375479 9.588491 9.550547 10.39344 10.48874 10.36621 10.45243 
  4.693316 3.197257 4.132784 4.315473 4.503493 4.547465 4.650108 5.226542 6.735456 6.744854 7.092854 7.034385 7.046866 7.99061 8.365255 8.497757 9.069448 9.19155 9.415795 9.562836 10.43102 10.47978 10.6152 
  5.627329 3.468179 3.737162 3.63374 4.055581 4.19265 5.90674 6.136268 5.904025 6.233118 6.604737 7.576534 7.878531 8.285504 8.254454 8.544979 8.907851 9.410789 9.467094 9.951509 10.48874 10.56539 10.59486 
  4.06376 2.971488 4.437109 5.020713 4.610991 4.484851 3.991913 5.368383 5.866722 6.536835 6.514351 7.14254 7.647974 7.419383 8.41455 8.69845 9.222464 9.459253 9.287548 9.403911 9.743295 10.03998 10.28667 
  7.072212 6.22016 6.565584 6.403226 6.76576 7.069728 7.137801 7.149671 7.45554 8.260423 9.272203 10.45175 11.99198 12.98678 13.20694 12.73139 11.26267 9.895431 9.950766 9.951509 10.01872 10.39417 10.59486 
  13.815 13.53537 14.70116 15.68463 15.87259 16.30726 15.47256 15.58344 15.19228 15.13112 16.92495 16.67195 19.40004 20.51019 20.62893 20.47794 18.14627 17.28375 17.46944 18.06988 17.75843 16.95521 16.07274 
  14.79025 13.96675 14.32672 15.28573 15.3235 15.75103 15.36336 15.04951 15.02501 15.13112 16.72381 16.67195 18.75586 18.9187 19.9542 20.32897 19.39741 18.41259 18.84581 19.56081 18.2464 18.1441 18.50001 
  15.23355 14.72168 13.32822 13.09175 13.67624 13.5261 14.16216 13.58118 13.8541 15.50647 17.32723 18.1931 19.56108 19.20806 19.61684 19.88205 19.16993 18.41259 19.16344 20.43053 18.73438 18.48379 18.67981 
  16.56344 15.15306 13.20341 13.69011 13.67624 13.41485 13.72536 13.31421 13.51955 15.88183 18.13179 17.81281 18.59481 19.20806 18.60475 19.13719 18.48749 17.6224 17.99882 19.18808 17.66083 17.54966 17.69092 
  15.14489 13.10399 13.57784 14.08901 13.67624 13.63735 12.96096 12.11285 13.01774 15.69415 17.72951 17.62267 18.43377 16.74849 16.58057 17.20055 17.23634 16.38068 15.88132 16.95167 16.1969 15.59648 15.89294 
  17.80467 18.71198 17.69665 18.67642 16.78773 16.19601 15.25416 15.18299 15.86137 17.75862 19.53978 18.95367 18.11168 17.03785 17.25529 17.4985 16.78138 15.70337 16.4107 17.44865 15.12334 16.53061 16.61213 
  19.40055 19.89829 20.44252 21.46876 20.08226 17.97595 17.21976 17.31874 18.37046 20.94916 22.1546 21.99596 21.33257 19.49743 21.30365 21.37177 18.60123 16.9451 16.72832 17.69714 15.02575 18.31395 17.78082 
  19.40055 19.68259 20.94177 22.26657 20.9974 18.64343 17.76576 17.45223 18.37046 21.13684 22.75802 22.56639 21.97675 19.93147 22.14706 22.11664 19.16993 17.84817 17.57532 18.56686 15.31854 18.39887 18.14042 
  19.31189 19.79044 21.06658 22.46603 21.18043 18.53218 17.98417 17.05177 18.20319 20.94916 22.55688 22.37625 21.49362 19.49743 21.97838 21.66972 18.48749 17.28375 16.62245 17.20016 15.41613 17.88934 17.42122 
  19.22323 19.68259 21.06658 22.46603 21.18043 18.42094 17.87497 17.05177 18.03592 21.32452 22.35574 22.37625 21.33257 19.20806 21.8097 21.81869 18.48749 17.17087 16.8342 17.32441 15.51373 17.7195 17.60102 
  19.13457 19.68259 21.06658 22.46603 20.9974 18.19844 17.76576 17.18526 18.37046 22.07524 22.55688 22.1861 21.01048 19.06338 21.8097 21.81869 18.94245 18.18682 17.46944 18.19412 15.41613 18.1441 17.33132 
  19.04591 19.57475 21.06658 22.26657 20.9974 17.8647 17.54737 17.45223 18.70501 21.88756 22.1546 21.80582 20.68839 18.62934 21.8097 21.81869 18.48749 17.17087 17.36357 17.69714 14.92815 17.12506 16.25253 
  18.95725 19.57475 20.94177 21.86767 20.63134 17.64221 17.43816 17.58571 18.87228 20.94916 20.94776 21.42553 20.36631 18.1953 21.13497 21.2228 18.71497 17.50952 17.36357 17.69714 15.90411 17.46474 16.52223 
  18.86859 19.4669 20.94177 21.66821 20.44831 17.53097 17.11056 17.45223 19.3741 20.94916 19.74092 20.8551 20.04422 17.76125 20.62893 20.62691 18.14627 17.05798 16.94007 17.07592 15.90411 17.12506 16.16264 
  18.86859 19.4669 20.81696 21.46876 20.08226 17.30847 17.00136 17.58571 19.70864 20.38613 18.53407 20.09453 19.56108 17.18253 19.9542 20.03102 16.78138 15.36472 16.30482 16.33045 15.31854 16.87029 15.98284 
  18.77993 19.35906 20.81696 21.06986 19.7162 17.08598 16.89216 17.85268 20.04319 19.26005 17.52837 19.33396 18.9169 16.60381 19.44815 19.43514 16.44016 14.57453 15.24608 15.33649 15.22094 16.44569 15.62324 
  18.69127 19.25121 20.69214 20.67095 19.35014 16.86349 16.78296 18.38662 19.3741 18.13398 16.52267 18.38324 18.27272 15.73572 18.77343 18.83925 15.87146 14.01011 15.35195 15.33649 15.70892 16.78537 14.54445 
  18.60261 19.14336 20.69214 20.27205 19.16711 16.86349 16.78296 18.78707 18.87228 16.25719 15.71811 17.81281 17.78959 15.01232 17.76134 18.09439 15.18901 13.55857 14.39908 14.59102 15.51373 16.61553 14.36465 
  18.51395 19.03552 20.56733 19.67369 18.80105 16.75224 17.00136 18.65359 17.19955 15.13112 14.51127 16.67195 16.82332 14.28891 16.91793 17.34953 14.84779 12.88127 13.76383 13.9698 14.83056 16.02109 13.91516 
  18.42529 18.92767 20.56733 19.27478 18.43499 16.75224 17.43816 18.25314 16.36319 13.81736 13.10328 15.34095 15.69601 13.42083 16.41189 16.90261 14.16535 11.86531 14.18733 14.71527 14.34258 14.74727 13.01617 
  18.33663 18.92767 20.1929 18.87588 17.88591 16.641 17.76576 17.45223 14.35592 12.31593 11.6953 14.39023 14.89079 12.26338 14.89375 15.8598 13.48291 11.9782 14.7167 15.088 13.75701 13.89807 12.93478 
  18.24797 18.81983 19.06959 18.47697 18.06894 16.75224 16.89216 16.38435 12.51592 11.37754 10.89074 12.67894 13.28034 11.53998 13.71298 15.11494 13.25543 12.31685 13.55208 14.09405 13.65941 12.96255 13.46566 
  18.15931 18.81983 17.82146 17.47971 17.70288 17.08598 16.67376 14.64905 11.34501 11.00218 10.89074 10.58737 11.83094 10.32295 11.85749 13.92316 12.45924 10.81625 12.70508 13.84556 13.46422 13.2187 13.28586 
  18.07065 18.71198 17.07259 16.88135 16.97076 16.97474 16.12776 13.04724 10.67592 10.25146 10.28732 10.58737 12.63616 11.68466 10.41099 12.57431 11.82372 11.05857 12.49334 13.10009 12.78105 12.66291 13.19597 
  17.71601 18.0649 16.44853 15.88409 16.42167 16.97474 16.01856 13.84814 10.84319 11.7529 11.6953 12.29866 14.72974 14.14423 11.52012 13.1783 12.68672 12.20396 12.81096 13.47282 12.58586 13.02676 12.95513 
  17.18406 17.30998 15.94928 13.49065 12.94412 14.74981 14.27136 12.78027 10.50865 11.56522 10.08618 9.502382 11.83094 11.36849 9.129325 10.81507 11.08415 11.23627 11.59873 12.53682 12.08563 11.44293 11.79534 
  16.03148 15.90798 14.70116 11.69558 11.29686 13.41485 11.86896 10.37755 8.895708 9.508538 8.773316 8.580146 10.05235 10.21572 9.326504 10.09252 10.77812 10.60624 11.03371 11.23312 10.73886 10.39417 11.22562 
  14.08098 13.96675 13.45303 9.900505 9.302146 11.63491 11.10455 8.801142 8.20332 8.735895 8.747059 8.60727 9.722987 10.72508 9.301857 11.91459 11.5687 10.89702 11.6929 11.56457 10.91201 10.97206 11.10354 
  11.47566 11.66464 10.94784 8.523916 9.649596 10.14738 10.42063 10.51103 7.45554 8.022687 8.405715 8.444523 9.887671 9.786782 8.759614 9.338557 9.681509 9.685419 9.903681 10.32715 10.75809 10.50118 10.26322 
  8.517095 8.78595 8.885601 8.337891 9.302146 9.685733 9.37195 9.739478 7.898669 8.706179 7.670513 8.688644 9.39362 9.438272 8.710319 8.930161 9.375479 9.297707 9.172125 9.841026 10.43102 10.45838 10.41173 
  9.961978 8.91111 8.305596 8.263481 9.614851 9.737027 7.365776 9.326611 8.507971 9.330236 8.038114 8.064777 8.570203 8.017419 8.981441 9.401387 9.809022 9.863121 9.644715 9.841026 9.51536 10.16115 10.47277 
  11.33806 9.849813 9.723384 7.854225 8.676736 9.326674 7.50256 9.964678 8.258711 7.666082 7.434197 8.064777 8.570203 8.258696 8.254454 8.898746 9.936534 9.636955 9.40297 10.06199 9.971231 10.39417 10.31794 
  10.51241 11.03884 10.43228 8.821557 7.391171 7.736552 7.456965 8.651009 6.984715 6.774571 6.804024 7.712157 8.174962 8.499972 8.317769 8.804501 9.528494 9.475409 9.621173 10.28296 10.12319 10.43698 10.3492 
  10.65002 10.66336 10.30339 7.74261 6.592035 6.967139 6.864232 6.436535 6.20924 6.447684 7.119111 7.793531 8.174962 7.858738 8.159481 8.741671 9.247966 9.443099 9.108001 10.37135 10.04721 10.5868 10.53382 
  9.205134 9.036271 8.950046 6.366021 5.827645 5.88996 5.168685 7.074604 6.430804 6.625987 7.801799 8.60727 9.031317 8.285504 8.537787 9.087236 9.19696 9.523872 9.762427 10.30506 10.25786 10.50118 10.57451 
  9.136331 10.16271 9.787828 7.035713 6.69627 6.146432 6.043525 5.873534 5.904025 6.863723 7.854313 8.742893 8.504329 8.419547 8.439198 8.143594 8.835024 9.685419 9.715343 9.637001 10.29634 10.03065 10.14597 
  10.306 10.2253 8.498931 7.444969 7.1827 5.479607 5.541981 5.573267 6.181544 6.566552 6.961567 7.983404 8.669012 7.686817 8.001192 8.509562 8.609921 9.410789 9.527004 9.774736 10.14243 10.31028 10.41173 
  10.65002 9.724653 7.210033 7.556584 6.592035 4.964895 5.450791 5.273822 5.810768 6.536835 6.987824 6.661643 7.615038 7.610407 8.439198 8.651228 8.841645 9.19155 9.223424 9.446291 9.999722 10.02133 10.14597 
  9.755566 9.349173 7.081143 6.589252 6.76576 5.63349 5.587576 5.0847 6.098458 6.59627 7.40794 7.251039 7.397796 7.658163 8.463845 9.181481 8.874748 9.37848 9.503462 9.23439 9.942739 10.47978 10.6152 
  10.58121 9.599493 7.918927 6.849688 6.69627 5.63349 5.72436 5.798467 5.381782 6.566552 6.559545 7.305288 6.92989 7.896943 8.439198 8.741671 9.094951 8.568493 9.415795 9.4251 10.20015 10.47978 10.6559 
  10.78763 9.912394 8.241152 7.705404 7.356425 6.095138 5.450791 5.195021 5.885374 6.266128 6.33358 7.413786 8.504329 7.438486 7.668787 8.804501 9.069448 9.233088 9.300372 9.863123 10.4695 10.41557 10.41173 
  11.13165 9.849813 6.758919 6.254406 5.619175 5.479607 4.490545 5.242302 5.680207 5.870006 6.303451 6.41855 7.713848 7.79188 7.953706 8.686645 8.967438 9.19155 9.833055 9.81893 10.35406 10.47978 10.21632 
  9.342743 7.722086 6.887809 6.142791 5.30647 5.171842 6.180309 5.163501 5.307176 6.447684 6.725252 7.001972 7.414507 7.352525 8.41455 9.118651 9.477489 9.139629 8.83868 9.446291 9.847765 10.41557 10.59486 
  8.998722 7.847247 6.11447 5.067729 5.37596 5.479607 5.405197 6.023668 6.070762 5.572914 6.43903 7.386662 7.564905 8.151462 8.389903 8.804501 8.543715 9.098092 9.42862 9.393315 9.819273 10.15183 10.27104 
  8.861115 8.097568 5.98558 5.324279 5.51494 4.401365 5.314007 5.462945 6.098458 6.655704 7.171625 7.413786 7.063578 7.935148 7.937877 8.741671 8.841645 8.890406 9.377321 9.096655 9.76229 10.6082 10.41173 
  8.379487 7.471766 6.630029 4.879665 4.897655 4.547465 5.168685 5.462945 4.87819 6.035057 6.589673 6.467169 6.879757 8.124653 8.238625 8.485952 8.947576 9.233088 9.738885 9.841026 10.20015 10.03998 10.45243 
  9.893173 9.286592 8.176706 5.659124 5.112652 3.796091 4.829616 5.911067 5.95998 7.071742 6.987824 6.856117 7.564905 7.658163 8.463845 8.261648 8.563577 9.150013 9.108001 9.36153 9.648322 10.36621 10.59486 
  10.03078 9.724653 8.112262 6.217201 5.202235 5.684783 6.134715 5.648334 5.885374 6.685421 6.909053 7.440911 7.812658 7.362076 7.937877 9.118651 8.609921 9.201935 9.454269 9.753547 9.952235 10.18911 10.81868 
  9.273938 6.407901 4.467542 5.287074 5.44545 5.582195 4.670053 4.596133 5.419085 5.622429 6.634866 7.14254 7.878531 7.944699 8.463845 8.710256 9.222464 9.491563 9.621173 10.26086 9.980727 10.50118 11.0018 
  8.585899 6.533062 4.741435 4.668093 5.166402 5.006639 5.068959 5.305343 5.530994 6.134087 6.363708 6.483375 6.545539 8.205078 8.349426 8.096372 9.145955 9.782348 8.979753 9.276771 10.25786 10.21707 10.51347 
  6.452977 5.96984 6.11447 5.882355 5.72341 5.223135 5.541981 6.023668 5.885374 6.744854 7.22414 7.766407 8.174962 8.580398 9.055383 9.495632 9.681509 9.313861 10.04494 10.43764 10.16167 10.6082 10.73729 
  8.448291 6.22016 6.307805 4.856157 5.040987 5.88996 6.225904 6.023668 5.083357 6.117582 6.909053 7.603659 7.647974 8.178269 8.784261 8.741671 9.222464 9.077323 9.527004 9.721762 10.14243 10.47978 10.40392 
  8.448291 7.659506 5.921135 4.785633 4.055581 4.088292 4.330983 5.573267 5.027402 5.391357 6.137743 6.807498 7.812658 7.830085 8.365255 8.415119 8.947576 9.265397 9.441445 10.30506 10.16167 10.47978 10.36483 
  7.55384 6.720802 5.792246 5.361484 5.51494 5.787372 5.541981 5.986135 6.486196 6.507118 6.273322 6.775086 7.447928 7.753675 8.41455 8.930161 9.145955 9.410789 9.833055 9.552241 10.16167 10.56539 10.55416 ]
