 [
  5.570143 6.23708 6.931494 7.44115 6.541554 6.151822 6.69538 6.671022 6.669272 6.486832 6.571122 7.793124 7.869422 7.794724 8.093455 8.149645 8.784235 8.949726 9.449431 9.610885 10.17858 10.81668 10.97536 
  6.049009 5.902452 7.615158 7.706859 6.48143 6.642571 5.639382 7.116798 6.606794 6.644386 8.135672 8.369407 8.177007 7.931739 8.384444 9.279734 9.264212 9.416508 9.658212 9.371015 9.987356 10.48953 10.48704 
  6.647723 6.23708 7.068227 6.537741 5.880189 6.826603 5.694961 7.116798 7.294056 7.445541 6.961693 8.753595 8.279535 8.0345 7.934205 8.249908 8.613276 9.25069 9.392821 9.953206 10.23467 10.94063 10.7986 
  6.919866 6.850564 8.11651 7.813142 4.785603 6.029134 6.750958 6.671022 6.73175 7.018259 7.181092 7.841147 8.740911 8.557109 8.853455 8.833221 9.264212 9.136038 9.729881 10.28336 10.48148 10.79602 11.2784 
  6.049009 7.798676 7.797468 6.750308 6.421306 5.845103 6.639801 6.60734 7.106621 7.28531 8.584886 8.465454 7.920686 8.307222 8.226165 8.57298 9.219012 9.524747 9.634322 9.478542 10.42539 10.23902 10.65548 
  6.865438 7.073649 7.341692 7.175441 7.263042 6.826603 6.250749 5.77865 7.044143 7.552361 7.967216 8.081265 8.740911 8.15729 8.265977 9.031672 9.083414 9.452587 9.534348 9.528171 10.32442 10.52746 10.95011 
  5.446806 7.51982 7.02265 6.697166 5.53729 6.029134 5.512355 6.862069 6.73175 6.858027 7.237244 8.513477 8.945969 8.257245 7.85458 8.272189 8.912455 9.380427 9.487172 10.20412 10.06917 10.08352 10.64344 
  6.212295 6.739022 7.159382 7.334867 5.090341 5.661072 5.536171 7.116798 6.544316 6.397566 7.967216 8.177313 7.607921 8.3572 8.645005 8.194207 8.983687 9.107374 9.87322 10.23053 10.39173 10.6101 10.8491 
  5.878484 7.910219 8.207666 7.494292 6.180809 6.274509 6.528644 6.862069 6.440373 6.516588 7.405699 8.465454 8.279535 8.107313 8.384444 9.130897 9.535408 9.380427 9.658212 10.19091 10.16736 10.65141 10.72284 
  4.460115 6.906336 7.979778 7.919426 6.361182 7.071978 7.140011 7.180481 6.669272 6.644386 7.461851 8.465454 8.58712 8.15729 8.053643 9.081284 9.716205 8.813575 9.373951 9.867296 10.25711 10.41178 10.48704 
  5.015129 6.627479 7.159382 6.750308 5.820065 6.765259 6.973274 7.053116 6.919186 7.498951 7.405699 7.480793 8.638384 8.806995 8.252707 9.081284 9.445009 9.849465 9.586542 10.20412 10.33564 10.58944 10.74809 
  6.103438 6.292851 6.749184 7.069158 6.48143 6.519884 6.806538 6.671022 6.73175 7.712592 8.360279 8.321383 8.279535 8.023082 8.905567 9.081284 9.054921 9.11454 9.729881 9.926794 10.33564 10.63076 10.69758 
  5.878484 7.631363 7.02265 6.750308 6.661802 5.415697 6.028434 5.821287 6.21232 6.644386 7.686458 8.609525 8.638384 7.783306 9.009791 8.783608 8.997934 8.94256 9.274882 9.776312 9.938266 10.69273 10.89961 
  6.321152 6.794793 6.885917 7.44115 6.721926 5.967791 5.274196 6.288928 6.794229 6.804617 7.686458 8.417431 7.920686 7.81756 8.14654 8.650962 8.413823 9.596907 9.849331 10.24374 10.53757 10.63076 10.97536 
  5.539309 7.296735 6.931494 7.016016 4.399601 5.599728 5.178931 6.416293 6.544316 7.018259 7.068789 7.7451 8.074478 7.589202 8.384444 8.361313 8.997934 8.935394 9.586542 9.561256 9.954629 10.52746 10.89961 
  4.891792 5.753174 6.475719 6.697166 6.240934 5.722416 5.861697 6.734704 7.231577 6.471954 7.012637 7.793124 7.552867 7.691963 8.74923 9.081284 9.040674 9.380427 9.777661 10.11168 9.938266 10.71339 11.22789 
  4.398447 4.960721 6.019943 6.537741 5.759941 6.274509 6.19517 6.989434 6.794229 6.804617 7.574154 7.793124 8.740911 7.954575 8.905567 9.428572 9.264212 9.193364 10.13601 10.04565 10.22345 10.54812 10.66751 
  4.244276 3.941852 5.928788 6.856591 6.421306 6.274509 6.19517 6.416293 6.794229 7.605772 8.07952 9.041738 10.07378 9.306768 10.62527 10.42082 10.0326 9.560826 10.13601 10.83801 11.83648 11.02326 11.15213 
  5.508474 5.79091 6.019943 6.644024 5.638869 6.397197 5.694961 6.862069 6.544316 5.891724 5.976774 8.177313 8.792176 7.326591 8.645005 8.932446 9.39981 9.488667 9.539064 9.94 10.0119 10.16991 10.55923 
  5.724313 5.1494 5.279481 5.355611 5.53729 5.477041 5.512355 6.671022 7.044143 8.033054 8.07952 9.233831 9.612402 8.806995 9.009791 8.932446 8.769989 10.17418 9.562653 9.979618 10.3132 10.33404 10.8491 
  4.891792 5.187136 5.096419 5.758433 5.699817 4.973468 5.083668 5.672058 6.129391 6.382688 6.605084 8.561502 8.484591 8.107313 8.053643 8.932446 9.026427 9.488667 9.705992 10.29656 10.47026 10.14399 10.92486 
  5.230968 4.017324 4.071271 5.107721 5.273184 4.973468 5.036036 5.714695 6.73175 8.193285 8.191824 9.089761 9.048496 9.406723 9.530914 9.378959 9.625806 10.4989 11.23494 10.79839 11.35654 11.7463 12.08648 
  4.151774 5.262608 4.65707 6.272032 6.240934 5.119962 5.440907 7.116798 7.106621 7.2319 8.07952 10.05023 9.407346 8.707041 9.8957 9.478184 10.3942 11.79777 12.5011 11.68772 12.65243 12.92382 13.55114 
  7.192008 5.79091 4.986582 5.913364 5.415395 5.119962 4.5359 5.885242 6.378177 6.085134 6.774898 7.062305 7.920686 7.97741 8.801342 9.031672 9.35461 9.100208 9.562653 9.966412 10.33564 10.65141 10.92486 
  7.51858 6.460166 5.389319 6.165749 6.000437 5.207859 5.861697 6.925752 6.794229 6.278544 6.995656 7.568895 7.635447 8.856973 8.540781 8.149645 8.869715 9.380427 9.658212 9.875568 9.979175 10.4377 10.5893 
  7.573009 8.300618 7.660735 7.600575 7.924407 6.94929 6.862116 7.817305 8.356188 8.139874 7.74261 8.465454 8.58712 9.156837 9.009791 9.329347 10.0326 9.885545 10.94826 10.86442 11.40142 12.61395 13.6269 
  8.498294 8.914103 8.162088 8.185135 8.345276 7.194665 6.917695 8.454128 8.918493 8.086464 8.07952 8.705572 8.792176 9.506678 9.478802 9.478184 9.897002 9.813385 12.38165 11.93013 12.59415 13.99268 14.89099 
  7.300866 6.739022 6.202253 5.913364 6.721926 6.519884 6.639801 7.371528 6.295248 7.498951 7.518003 7.985218 7.869422 7.943157 8.093455 9.031672 9.173813 8.928228 9.383386 9.850754 10.13463 10.48089 10.8491 
  7.464151 5.073928 5.792056 5.262652 4.887182 5.207859 6.028434 6.798387 6.981664 7.39213 7.293396 7.889171 7.869422 8.057336 7.960747 7.971399 9.35461 9.380427 9.406974 9.892111 10.06917 10.44634 10.95011 
  7.464151 8.858332 9.757303 10.15138 10.26925 10.32319 10.47474 10.93774 11.41763 11.71836 11.95399 12.2113 12.3294 12.30541 11.82385 10.76811 9.445009 9.488667 10.3988 10.87763 10.64976 10.96129 11.05112 
  9.478007 12.31615 13.45963 13.28532 13.33557 13.20635 13.38352 14.12186 14.72254 14.91521 15.13937 15.43528 15.47849 15.63335 15.0027 13.69525 12.15697 11.47306 12.42943 13.43312 13.46838 13.45711 13.50064 
  11.21972 11.08918 10.71443 12.80847 13.63217 13.02232 12.69789 14.48403 14.47907 13.32067 14.20006 13.17177 14.02112 14.00464 13.59567 13.84409 13.42255 13.02449 12.40554 13.43312 13.00212 13.76315 13.5764 
  14.98955 15.03504 14.71423 16.33719 17.65224 17.49629 15.9889 17.01925 16.42688 13.42749 13.41394 12.93165 13.91859 13.95466 14.58581 15.70948 14.94242 12.91625 11.73663 12.36648 12.24446 12.96514 14.71625 
  17.00702 17.50345 17.60946 18.81684 20.48994 20.31156 19.2799 20.39953 19.71382 16.40293 15.19463 16.08241 17.0843 16.88595 18.89148 19.75765 18.10235 15.99866 12.42943 11.88165 14.51746 13.17657 14.0173 
  16.81178 17.50345 17.70597 18.6261 20.84465 21.11592 19.96553 21.00316 20.56599 17.14678 16.13394 16.72955 18.20138 17.18068 19.05696 20.14319 18.76373 16.75548 12.79812 12.07558 14.22605 13.15106 13.92993 
  16.74671 17.43085 17.51296 18.24462 20.48994 21.65217 20.51403 21.36533 21.29642 17.78438 16.29971 16.53043 18.13156 17.62277 19.80161 20.91427 19.42512 16.80953 11.97553 12.85132 15.27512 13.71214 14.86187 
  16.55147 17.28565 17.22343 18.14925 20.01699 21.51811 21.06253 21.48606 21.41816 17.99691 16.63123 16.67977 18.34101 17.99119 19.96709 21.10704 19.4986 16.70142 13.3562 12.6089 13.23525 12.94448 15.76467 
  16.42131 17.14045 17.03042 17.9585 19.66228 21.65217 21.19966 21.12388 21.41816 18.10317 16.9075 16.92866 18.82973 18.65433 20.13257 21.10704 19.27814 16.26896 13.91427 13.09374 13.11869 13.61013 14.94923 
  16.35623 17.06785 16.93391 17.86313 19.4258 21.65217 21.33678 21.7275 22.14859 18.6345 16.9075 17.02822 18.82973 18.87538 19.96709 20.7215 18.9842 16.48519 13.68597 12.56042 12.82728 13.30409 15.32783 
  16.29115 16.92265 16.93391 17.57702 19.07109 21.38404 21.19966 21.48606 21.90512 18.74076 16.57598 16.67977 18.6901 19.02274 19.96709 20.52873 18.46979 16.37707 13.60987 12.318 12.82728 13.3806 14.68713 
  16.16099 16.77745 16.8374 17.38628 18.71638 21.11592 21.33678 20.76171 21.17468 18.42197 16.63123 16.38109 18.41083 18.65433 19.47065 20.04681 18.32281 17.29606 13.88891 12.22103 12.36102 13.91617 14.86187 
  16.16099 16.85005 16.8374 17.2909 18.4799 20.98186 21.33678 20.52026 21.05295 18.52823 16.29971 16.13219 18.13156 18.80169 19.55339 19.95042 18.02887 16.86359 13.55913 12.22103 11.60335 14.0947 14.86187 
  16.03083 16.70485 16.74089 17.10016 18.36167 21.11592 21.33678 20.15808 21.41816 19.05956 16.68648 16.03263 17.78247 18.43328 19.05696 19.95042 18.02887 16.43113 13.33083 11.59075 11.08729 12.9858 13.98818 
  15.96575 16.77745 16.8374 17.10016 18.12519 20.98186 21.33678 20.03736 21.5399 19.48462 16.79699 15.83352 18.06174 18.80169 19.38791 20.14319 18.32281 15.83649 13.96501 11.44548 10.40295 13.22758 14.16292 
  15.90067 16.70485 16.74089 17.00479 18.12519 20.8478 21.06253 19.67519 21.05295 19.48462 16.68648 16.38109 17.85229 18.28592 19.47065 20.23958 18.24933 15.99866 12.64592 11.55113 10.71707 13.3806 13.77842 
  15.77051 16.63225 16.64439 16.81405 18.12519 20.8478 20.92541 19.67519 21.05295 20.12222 16.46547 16.28153 18.55046 18.72801 19.38791 20.23958 18.17584 15.29591 12.52499 11.14174 11.07607 12.75856 14.658 
  15.64035 16.55965 16.45137 16.62331 18.12519 20.71374 20.51403 19.43374 20.44425 19.90969 16.24445 16.18197 18.06174 18.21223 19.30518 20.14319 18.10235 15.78243 12.74739 11.68772 10.98632 13.73765 14.7745 
  15.57527 16.41445 16.45137 16.62331 18.36167 20.57968 20.10265 18.58867 19.9573 20.12222 16.79699 15.83352 18.48065 18.72801 19.55339 20.23958 18.10235 14.37692 13.20399 11.30022 11.16582 13.25308 15.56081 
  15.51019 16.26925 16.25836 16.52794 18.12519 20.04344 19.2799 17.62287 18.86165 19.59089 16.68648 15.68418 17.99192 18.21223 19.80161 20.43235 17.58795 15.29591 13.48303 11.4851 10.34686 11.9942 14.22116 
  15.38003 16.05145 16.06534 16.43257 18.24343 19.77532 18.59428 17.50215 18.25296 19.37836 16.96275 15.93307 18.27119 19.09642 20.21531 20.81789 17.66143 16.05272 13.60987 11.52472 10.34686 13.76315 14.04642 
  15.18479 15.83364 15.87232 16.33719 18.36167 19.64126 17.90865 16.17418 17.76601 19.05956 17.01801 16.67977 17.92211 18.94906 19.80161 20.43235 17.00005 15.89055 13.40693 10.87763 10.66098 12.63461 12.99558 
  15.18479 15.90625 15.87232 16.43257 18.59814 19.23908 17.49728 16.2949 17.52253 19.16583 17.68105 15.78374 18.06174 18.65433 19.63614 20.33596 17.44097 14.05258 12.89959 10.99648 11.71992 13.3806 13.52589 
  15.05464 15.68845 15.77582 16.43257 18.36167 18.56877 16.5374 15.69128 16.91384 18.6345 17.29428 16.43087 18.34101 17.99119 19.63614 20.23958 17.44097 14.10664 12.5011 10.41542 11.22192 12.34539 12.81881 
  14.72924 15.32544 15.38979 16.71868 18.12519 17.76441 15.57752 15.69128 16.67036 18.20944 16.9075 16.33131 18.55046 17.9175 19.05696 19.56488 16.92656 13.8904 12.42943 10.58709 11.26679 11.97354 12.91982 
  14.27368 14.67204 14.90725 16.43257 17.88872 16.82598 15.30327 15.20838 16.1834 17.99691 17.01801 15.83352 18.27119 17.32804 18.39504 18.50465 16.19169 13.8904 12.02331 10.389 10.93023 11.4984 12.54103 
  13.8832 13.87344 14.71423 16.43257 17.65224 16.15568 14.75477 14.60476 15.57471 17.67811 16.68648 15.48506 17.64284 16.22281 18.06408 17.73357 15.67729 13.85432 10.94826 10.36259 10.24589 10.6101 11.85921 
  12.79815 10.8661 10.71443 12.17076 12.61408 11.61141 11.47516 11.00142 11.35515 13.42749 12.90857 11.92315 13.81606 12.80518 12.97033 12.65339 10.57499 11.2205 10.56603 10.28336 9.700992 10.16991 11.88446 
  10.94758 10.97764 9.666147 9.301111 9.427509 10.69126 10.47474 8.899904 11.54258 13.16044 12.57166 11.39489 13.09836 11.6557 12.8661 13.05029 11.56938 12.59153 12.62055 12.65739 12.71071 12.42803 12.74306 
  10.18558 9.917986 9.848457 9.247969 8.946516 9.40304 9.918953 8.963587 10.0431 12.9468 13.07702 12.0192 12.99583 13.45489 13.75201 13.74486 12.97056 13.27705 13.4323 14.30583 14.10948 13.71214 13.98818 
  11.16529 11.2565 10.1675 8.769693 9.307261 9.157664 9.641058 10.3646 11.23019 13.26726 13.58239 13.60398 14.3287 14.67548 15.0027 15.03479 13.78415 13.20489 13.3562 13.77251 13.11869 13.61013 13.87943 
  11.60072 11.2565 9.347105 9.194827 9.487633 9.893789 10.97495 10.68301 10.60541 11.45131 13.97545 13.74805 14.43123 14.25452 14.63792 14.78672 14.37174 14.05258 13.91427 13.72402 13.70151 13.91617 14.3959 
  12.03615 11.47958 9.666147 9.513678 9.788254 10.20051 10.47474 11.12879 11.29267 12.35929 14.31057 13.89212 14.43123 14.45443 14.58581 14.78672 14.86893 14.26881 13.3562 14.35431 13.81807 14.22221 14.42502 
  12.90701 11.86998 10.53212 9.354252 10.50974 10.26185 9.863373 10.55565 12.10489 12.89339 13.69469 13.50793 14.12364 14.20455 14.48158 14.93556 15.08939 14.48504 14.21868 14.64521 14.28433 14.52826 14.27941 
  10.72986 10.97764 8.663442 8.291418 10.02875 10.44588 11.25284 10.30092 11.97993 13.05362 14.0316 13.41189 13.86732 13.95466 14.06468 14.09215 14.59773 14.10664 14.04111 14.40279 14.16776 14.37523 14.42502 
  11.49186 11.20073 10.53212 10.52337 10.149 10.26185 10.53032 9.473045 11.04276 13.05362 13.63854 13.652 13.66227 13.8547 14.79426 15.22756 14.73333 13.74608 13.83817 14.40279 14.6923 14.75779 15.18222 
  10.34886 11.20073 11.62598 10.73594 10.81036 10.62991 10.80821 11.00142 11.10524 12.73316 13.58239 13.26781 13.611 13.75475 14.37736 14.19137 14.46214 14.26881 13.88891 14.20886 13.87635 14.29872 14.62888 
  12.97208 13.36524 11.44367 11.85191 13.3957 13.34041 12.25326 11.70193 11.41763 12.83998 14.08776 14.14102 14.43123 14.10459 15.0027 14.98517 13.37735 13.60176 13.88891 13.43312 13.99292 14.50275 14.80362 
  12.25386 12.92964 11.07905 10.36395 11.6521 11.36604 9.974531 10.30092 10.16806 10.70357 11.33632 11.77908 11.76549 10.45625 12.4492 12.40532 10.71059 10.6793 11.25883 10.89083 11.14338 11.33314 11.88446 
  10.72986 10.41993 8.845752 7.281725 7.864284 7.992134 8.251587 7.944669 8.856014 8.567157 8.023369 8.993713 9.099761 8.856973 8.592893 8.733996 9.35461 10.02986 10.08823 10.08527 9.864629 10.17855 10.49907 
  11.11086 9.416044 7.888623 6.537741 7.323167 7.501384 8.251587 7.944669 8.66858 8.620567 8.304127 7.502818 8.074478 8.507132 8.080185 8.339032 8.826975 9.416508 9.682102 9.660512 10.52636 10.63076 10.55923 
  10.89315 9.750671 7.615158 7.813142 8.104779 7.133322 7.140011 7.053116 7.856361 7.2319 6.910749 8.80162 8.074478 8.107313 8.436556 8.783608 9.128613 9.344348 9.397538 9.478542 10.11827 10.6101 11.17739 
  10.94758 10.97764 8.389977 5.913364 6.842175 6.519884 5.583803 6.671022 5.756213 6.751207 6.588103 7.216485 7.18126 8.257245 8.488668 8.439295 8.656015 8.985555 9.487172 10.07206 10.0119 10.58944 10.43892 
  10.34886 8.300618 6.247831 6.537741 6.48143 5.845103 5.917276 6.097881 6.481837 6.644386 6.180551 7.150408 7.291366 7.81756 7.881122 8.783608 9.535408 9.344348 9.491889 10.01924 10.3132 10.69273 10.63743 
  9.586864 8.691017 6.977072 5.727447 5.476343 4.709778 5.440907 5.970516 6.233052 7.178489 7.068789 7.7451 7.594157 8.407177 8.801342 9.031672 8.855469 9.452587 9.435279 9.817668 10.06099 10.58944 10.45696 
  9.042579 8.189075 5.928788 6.112607 5.699817 5.002767 6.250749 5.011186 5.258642 7.125079 6.622066 7.172433 7.704263 8.107313 8.384444 8.733996 9.040674 8.964057 9.435279 9.867296 10.25711 10.45498 10.59532 
  8.443865 7.51982 5.499156 4.333064 4.907498 4.035903 5.345644 5.352281 6.856708 6.323177 6.486215 6.8861 7.800606 8.15729 8.436556 8.982059 9.264212 8.878067 9.491889 9.544713 10.06099 10.36859 10.5893 
  6.103438 6.181309 4.547233 5.014762 5.476343 5.295755 4.89314 4.94723 6.481837 6.576098 6.503196 6.709895 7.057391 7.669127 8.01383 8.833221 9.083414 9.416508 9.849331 9.76804 9.880993 10.50681 10.82385 
  6.647723 5.715438 3.44886 5.324625 4.887182 4.592582 4.726428 5.842606 5.383035 6.516588 6.961693 6.335459 7.64921 8.107313 8.319061 8.372453 9.173813 9.272188 9.801551 9.734955 10.24589 10.35131 10.95011 
  5.385139 4.092796 4.327559 5.045749 5.252868 5.415697 5.639382 5.288325 5.694016 6.352933 7.293396 6.577741 7.18126 8.707041 8.540781 8.305611 8.171631 9.344348 9.491889 10.00603 10.24589 10.58944 10.33064 
  7.13758 4.281475 5.206257 5.417584 5.212236 5.237158 5.972855 5.757332 6.544316 7.498951 7.405699 7.260536 7.552867 8.045918 8.186352 8.417014 9.083414 9.272188 9.96878 9.94 10.09372 10.58944 10.69758 
  7.681866 5.489023 4.107883 5.293639 5.435711 5.354353 5.694961 5.736013 5.776945 6.293422 6.435271 7.436741 7.800606 8.307222 8.592893 8.833221 9.264212 9.272188 9.402256 9.992824 10.0119 10.37723 10.7986 
  5.076797 3.904116 4.107883 4.95279 5.273184 5.090663 5.440907 5.970516 5.901338 6.590976 6.859805 7.128382 7.26384 7.589202 8.540781 8.617541 8.784235 9.236359 9.26073 9.685327 9.897356 10.25629 10.82385 
  5.816816 3.979588 4.364171 4.023201 5.232552 4.504685 4.726428 4.904593 5.362303 6.367811 6.231494 7.084331 7.318892 8.207268 8.239435 8.439295 8.456563 9.064379 9.82544 9.759768 10.12645 10.35131 10.31259 
  5.785982 4.583362 4.290946 4.921803 5.313816 5.17856 4.869324 4.606135 5.154982 6.293422 7.349547 8.081265 7.6905 7.486441 8.697118 8.684383 9.173813 9.150369 9.340928 9.992824 10.60489 10.12672 10.63141 
  5.940152 4.432418 5.169644 5.572515 5.252868 3.479224 4.05958 4.734046 6.129391 6.397566 5.92583 6.930151 6.988575 7.737635 7.536078 8.639822 9.219012 9.20053 9.849331 10.12488 10.24589 10.67207 10.56524 
  3.966769 3.564494 4.730295 4.828845 5.759941 4.973468 4.273924 5.565465 6.295248 5.876846 7.181092 7.793124 7.511578 8.057336 8.332332 8.684383 9.309411 8.842238 9.94489 10.49465 10.50392 10.52746 10.47501 
  4.059271 3.375814 4.437396 4.95279 4.887182 4.944169 4.631164 5.394918 6.295248 5.906601 6.774898 7.370664 7.250076 7.486441 8.332332 8.932446 9.012181 9.488667 10.08823 10.11168 10.33564 10.58944 10.57727 
  4.305944 4.168267 4.400783 5.014762 5.029393 4.592582 4.464452 5.714695 6.481837 6.697797 7.012637 7.502818 8.228271 8.15729 8.436556 8.439295 8.983687 9.416508 9.801551 9.900382 9.930083 10.2131 10.36673 
  6.049009 4.432418 5.792056 6.006323 5.759941 5.17856 4.41682 5.565465 5.52816 6.100012 7.012637 7.216485 7.387709 7.749053 8.697118 9.081284 9.128613 9.078711 9.416409 9.94 10.57123 10.41178 10.69758 
  6.593295 4.168267 4.94997 6.059465 5.638869 5.237158 5.694961 5.544147 5.673285 5.638803 6.995656 7.018254 7.18126 8.257245 8.186352 8.833221 9.083414 9.308268 9.777661 10.24374 10.36929 10.69273 10.82385 
  6.75658 5.846681 5.316094 6.484599 5.940313 5.78376 5.75054 6.352611 6.544316 7.125079 6.978674 7.326613 7.814369 8.000246 7.482995 8.28333 9.535408 9.669066 9.340928 9.776312 10.23467 10.56878 10.87435 
  6.321152 5.1494 5.169644 5.262652 5.699817 4.621881 4.77406 5.693377 6.233052 6.412444 6.774898 7.889171 7.920686 7.406516 8.30579 8.684383 9.39981 9.380427 9.364515 9.668784 9.643719 9.953949 10.47501 
  7.13758 6.181309 5.242869 5.44857 6.601678 5.032065 5.155116 5.011186 5.859874 6.858027 7.068789 7.634972 7.920686 8.107313 8.384444 7.971399 8.784235 9.560826 9.610433 10.34939 10.29076 10.7547 10.74809 
  7.192008 5.846681 5.974366 7.069158 6.842175 6.151822 5.75054 6.288928 6.170856 5.995868 6.452252 7.841147 7.057391 8.15729 8.74923 8.194207 8.755742 10.02986 9.449431 9.652241 9.987356 10.50681 10.66149 
  5.200133 4.809777 5.837633 7.016016 6.120686 6.151822 5.972855 5.3736 5.756213 6.040501 6.146587 7.39269 7.869422 7.965993 8.080185 8.639822 9.219012 9.050047 9.82544 9.610885 10.26833 10.03169 10.77334 ]
