 [
  5.302634 5.614707 6.373673 7.751789 6.838778 6.118565 6.398678 5.895998 6.281635 7.097711 6.553238 6.737 7.595637 8.290977 8.569348 8.944695 9.176426 9.259106 9.853898 9.81373 10.30301 10.27605 10.99116 
  5.546139 5.234177 6.373673 6.985629 6.556945 4.400361 6.209576 6.795177 6.687621 7.039894 6.851167 6.983766 7.569973 8.084082 8.086125 8.638342 8.912211 9.342257 9.661752 9.301666 10.30301 10.40602 10.68936 
  4.998252 4.313436 5.133216 6.926693 6.387846 5.035852 5.878648 6.038903 5.650784 6.577356 6.49117 7.522165 7.415984 7.729164 8.415322 8.668726 9.362405 9.737746 9.284312 9.413389 9.824017 10.40602 10.81511 
  4.298175 3.853065 4.909194 6.926693 5.99328 5.224146 5.564892 6.29842 6.545662 6.08673 6.677375 7.230533 7.480146 7.885488 8.086125 8.050919 8.407803 8.984704 9.595639 10.4512 10.58967 10.26276 10.56361 
  5.637453 5.740514 5.809205 6.690951 6.106013 4.894632 6.020474 6.038903 6.356383 6.099641 7.049672 7.589889 7.776641 8.135805 8.27775 8.557318 8.828143 9.092802 9.67922 9.729939 10.2589 10.42448 10.68936 
  6.314265 5.425997 5.108325 5.738221 5.824181 3.90609 4.829796 5.20529 6.199349 6.344954 7.34692 7.432432 7.274827 7.729164 8.36398 8.821902 9.22292 9.076172 9.430246 10.27342 10.43531 10.26941 10.45247 
  6.376038 5.677611 6.49911 6.632016 5.022848 6.00993 5.081276 4.72894 6.007351 6.692991 7.049672 6.781867 7.364655 8.3427 8.774715 8.688982 9.044319 9.421355 9.731624 10.03638 9.973335 10.51681 10.63906 
  4.815623 4.658713 4.635388 4.778062 5.10632 5.365367 5.371446 6.659698 6.281635 6.92426 7.446003 7.409999 8.109155 7.677056 8.774715 8.821902 8.696036 9.856393 10.02858 10.03638 10.32506 10.59067 10.71451 
  4.785185 3.853065 4.411366 4.543877 5.10632 5.27122 5.081276 6.15799 5.815353 6.022174 6.354619 7.275399 7.776641 8.704765 8.518006 8.496551 9.092358 9.084487 9.527536 9.870449 10.36916 10.59067 10.78996 
  5.698329 4.083251 4.635388 5.504036 5.590459 5.41244 5.197344 5.514917 6.309063 6.344954 7.148755 7.522165 7.197833 8.084082 8.518006 8.69911 8.672017 9.579551 10.08098 9.823041 10.28095 10.46141 10.5173 
  6.005401 4.236708 3.813972 5.363525 5.673931 5.738344 5.622926 5.634005 6.226778 6.151286 7.446003 7.72576 8.394167 7.928911 8.019057 8.34463 8.804124 9.00965 10.08098 10.19046 10.10454 10.32257 10.81511 
  4.846062 4.275072 4.610497 4.824899 5.306653 5.247683 4.404213 6.253261 6.089636 6.357866 7.049672 7.387566 7.634135 7.746533 8.415322 8.59783 9.068338 9.209214 9.216209 9.227184 9.923562 10.40602 10.43395 
  4.450366 4.505257 4.286909 4.988829 5.223181 4.235604 4.733072 5.4911 5.87021 6.692991 6.875994 6.826733 7.133671 7.859434 8.36398 8.883298 9.269415 9.658648 10.06351 10.06008 10.34711 10.66453 10.78996 
  5.454824 3.124146 4.187343 5.12934 5.70732 5.294757 5.410135 6.086538 6.451022 6.474067 7.446003 6.826733 7.681637 7.798641 8.620689 8.324374 8.780105 9.017965 9.634555 9.92971 9.960892 10.44295 10.50804 
  4.602556 2.970689 3.813972 4.731225 4.772432 5.224146 5.973199 6.015085 6.971539 6.577356 6.664961 7.1408 7.729139 8.032358 8.672031 8.69911 9.641373 9.540002 9.449704 9.748559 9.755579 10.21624 10.15612 
  4.998252 3.776337 4.66028 5.457199 4.889293 4.470971 4.868485 5.705458 5.952495 6.577356 6.677375 7.90692 7.919147 7.928911 8.569348 8.821902 8.98427 9.084487 9.766559 10.19046 10.32506 10.12321 10.11908 
  5.759206 3.737973 4.411366 4.801481 5.523681 4.518044 5.448824 5.991268 6.254206 7.039894 6.851167 7.589889 8.014151 8.290977 8.774715 8.688982 8.635987 8.810085 9.871366 10.02453 10.14864 10.29599 10.66421 
  5.120005 3.699609 4.560714 5.504036 4.755737 4.635728 4.520281 5.96745 6.592981 6.577356 7.446003 7.72576 7.518643 7.928911 7.96157 8.821902 9.269415 9.698197 9.836431 9.580975 10.10454 10.31592 10.76481 
  3.872041 3.546152 4.759845 5.269851 5.790792 5.012316 5.274723 5.20529 6.592981 7.039894 6.702202 6.624834 7.824143 7.980634 8.354399 8.476295 9.22292 9.737746 9.888834 10.07194 10.19275 10.19631 10.55435 
  4.785185 3.584516 3.838864 4.590714 5.440209 5.575392 6.06775 5.348195 5.733068 6.982077 6.714616 6.108868 6.812861 7.399147 8.36398 9.251674 8.936232 9.292366 9.439976 10.00082 10.1707 10.59067 10.46173 
  4.754747 3.124146 4.734954 5.410362 4.889293 5.035852 4.945864 4.990932 5.87021 6.564445 6.615306 6.737 6.96685 7.876803 8.086125 8.883298 9.22292 9.159324 9.449704 9.823041 10.02933 10.40602 10.61391 
  5.789644 6.621161 9.446887 10.99324 11.179 10.84416 10.9844 11.49179 10.56784 10.50893 10.0717 12.11891 12.47934 12.79094 13.44683 11.76891 10.2923 10.09369 10.70982 11.30455 11.40558 12.0679 12.75166 
  5.820082 7.438905 10.76398 12.99704 12.47543 11.65892 11.95504 12.79987 11.46692 11.37618 10.61665 13.25117 13.38188 13.72196 14.73038 12.81264 11.64064 11.51745 12.12002 13.04287 12.88303 13.76841 14.64831 
  6.190719 5.425997 7.126297 9.696659 7.853374 7.693765 7.958768 8.466085 8.580412 8.77441 8.585456 9.175047 9.486714 9.89441 10.31497 10.90937 11.40817 11.2406 11.46094 12.51894 13.36967 14.89833 16.06458 
  5.789644 6.117934 6.310955 5.527454 6.556945 7.259227 6.965983 8.917683 9.00629 10.27766 10.12124 11.21311 11.86182 13.3599 14.42232 15.45267 15.62119 14.55969 13.55914 13.82876 14.14829 15.55745 16.69404 
  6.005401 5.042356 4.286909 6.042662 5.089626 4.04731 5.081276 6.795177 6.403703 6.808625 7.495545 8.405113 9.296706 11.13578 12.77938 14.04056 13.87239 12.42707 11.26879 11.22159 11.00865 11.34775 12.22351 
  6.005401 4.965627 5.307456 5.644547 6.556945 6.064247 6.540504 7.246774 7.586697 7.733701 8.684539 9.854401 10.48426 11.13578 12.16328 13.11962 14.15135 15.10279 14.87834 14.2217 13.467 13.76841 13.78281 
  5.881855 3.929794 4.510931 5.246432 5.022848 5.34183 5.410135 5.848363 5.842782 6.551534 6.739443 7.499732 7.776641 8.290977 9.390819 10.04982 11.1757 12.11068 11.88017 11.34011 10.85429 11.08923 11.36841 
  5.302634 3.929794 4.983868 5.808476 5.072931 4.682802 5.352101 5.824545 5.513642 5.970529 6.789098 7.635179 7.634135 8.135805 8.325656 8.760506 9.269415 9.460904 9.644284 9.988971 10.1707 10.07005 10.63906 
  5.728768 5.157448 3.714407 5.316688 5.289959 5.365367 5.642271 5.324378 4.55365 6.099641 7.000131 7.477299 7.28766 7.581524 8.316074 8.638342 9.269415 9.698197 10.15085 10.00082 9.662254 10.08334 10.71451 
  8.16745 9.451813 10.32495 10.99324 11.12263 11.11575 10.46437 10.81439 11.04104 11.14492 11.70657 11.43956 11.62431 11.85991 11.80389 11.76891 11.26869 10.84512 10.90197 11.07936 10.81019 11.0523 10.99116 
  9.526452 11.33891 11.8302 12.99704 13.03909 12.36505 11.50443 12.0337 12.22403 12.47471 12.99464 12.93414 13.04937 13.30817 13.34414 13.24241 13.87239 14.94762 14.87834 13.82876 13.66166 13.48593 13.27981 
  6.808447 9.074393 8.129795 8.753692 7.740641 8.019669 8.857 9.369279 8.296494 8.600959 9.526743 10.39788 10.91178 11.65301 12.31731 14.47033 16.90414 16.96486 16.79717 16.57937 15.2189 15.18081 15.59249 
  9.094042 11.0873 9.509605 9.755594 9.488003 7.748082 8.478798 9.2338 9.384848 10.21984 10.71574 11.21311 11.33929 11.49784 13.54951 15.08429 16.60808 17.2752 17.51674 17.10329 16.09485 15.93409 16.30063 
  9.958862 11.96795 10.38767 9.991336 9.769835 8.780109 9.424306 10.54343 11.23032 12.06999 12.44969 12.20949 12.47934 13.72196 15.1978 16.37361 17.39759 18.51657 18.11637 18.02016 17.16545 17.34649 17.63822 
  7.673267 9.137297 8.631544 8.51795 9.093437 9.051696 10.13344 10.40795 11.56156 12.99507 13.29189 12.97943 13.14437 13.72196 15.7219 17.3438 17.89103 18.59416 18.2363 18.15114 17.55477 17.91145 17.79559 
  7.364403 8.82278 9.384169 9.696659 9.9953 9.920772 9.991611 11.22083 12.03476 13.97796 14.06024 13.90869 13.7144 14.54954 15.1978 16.5578 17.39759 17.89589 18.59608 18.54409 17.65209 18.38225 18.26768 
  8.538087 9.703426 10.26223 11.46472 12.13723 11.76756 11.95504 12.90933 13.56365 15.4662 15.13846 14.94808 13.7144 15.05965 16.37703 17.00694 18.1871 18.82692 18.95586 19.06801 18.0414 18.38225 18.66109 
  7.426176 9.074393 9.509605 11.22898 11.3481 11.22439 12.21655 12.69042 13.69672 14.78973 14.65925 14.85359 14.63873 15.82482 15.7219 16.89466 18.87792 19.21485 19.43557 19.59194 19.01468 18.66473 18.73977 
  8.105677 7.627615 8.88242 10.28601 10.55897 11.06143 11.50443 12.0337 11.94011 14.24855 13.94044 14.00318 14.50668 15.05965 14.93574 17.3438 18.58185 19.29243 19.31564 19.06801 18.52804 18.00561 18.34636 
  13.23282 13.41473 13.33544 13.5864 13.03909 12.36505 12.0858 12.25261 13.29751 14.78973 14.18005 13.34175 14.11054 14.8046 14.31964 16.67008 17.49628 17.66313 18.11637 17.7582 16.48416 16.68737 16.45799 
  16.81393 17.23815 17.86629 19.21414 18.61594 16.50353 15.87773 15.86456 17.55585 18.84858 17.5345 16.17646 18.60015 19.01304 17.94935 19.58951 18.97661 16.03382 14.99827 14.61465 14.24562 13.95673 14.80567 
  16.96828 18.23583 18.72117 20.62108 20.92829 18.0733 17.57756 17.06854 18.75351 20.47212 18.73252 17.87729 20.44881 20.92596 20.1768 21.61065 20.65432 17.19761 14.99827 12.126 14.05097 12.73265 15.04172 
  16.96828 18.31258 18.63568 20.97281 21.60839 19.64307 18.49285 17.94417 19.2858 21.28389 20.17014 18.44423 21.24109 21.81866 21.88014 22.95807 21.24645 18.05106 15.83776 12.25698 14.53761 12.92097 15.74986 
  16.91683 18.23583 18.37922 20.38659 21.20033 20.3566 18.62361 18.38198 19.95116 21.96037 20.88895 18.82219 21.37314 22.07372 22.40425 23.18264 21.14777 18.3614 16.19754 12.25698 13.75898 13.48593 15.74986 
  16.81393 18.15909 18.20824 19.56588 21.47237 20.92743 19.66965 18.92924 20.35038 22.36625 20.88895 19.20015 21.90133 22.4563 22.79733 23.40721 21.34514 18.98209 16.55732 12.78091 14.63493 13.95673 14.96304 
  16.76248 18.15909 18.12276 19.21414 21.47237 21.35555 19.93117 18.92924 20.48346 22.50155 20.52955 19.29464 22.03337 22.58383 23.19041 23.63178 21.14777 18.28382 15.5979 12.38796 14.63493 14.23921 15.74986 
  16.71103 18.0056 17.95178 19.21414 21.33635 21.35555 19.66965 18.60089 20.48346 22.36625 19.93054 19.20015 21.90133 22.58383 23.19041 23.5195 20.75301 17.8183 14.99827 11.86404 14.24562 13.58009 15.51381 
  16.65958 17.92885 17.86629 19.21414 21.33635 21.07014 19.01587 18.27253 20.48346 22.09566 19.33153 18.91668 21.90133 22.4563 23.19041 23.29493 20.16088 17.19761 13.799 11.47109 14.14829 13.48593 15.35645 
  16.55669 17.85211 17.7808 19.33139 21.20033 20.78472 18.75436 18.27253 20.7496 21.82507 18.61272 18.63321 21.76928 22.20125 23.05938 22.95807 19.56874 16.7321 13.67907 11.34011 14.05097 13.67425 14.17622 
  16.40234 17.69862 17.60983 19.44863 21.06431 20.2139 18.36209 18.27253 20.7496 21.1486 18.13351 18.16076 21.37314 21.43608 22.6663 22.39664 19.0753 17.19761 13.19936 10.40379 13.27234 13.29761 14.41226 
  16.09365 17.39164 17.26788 19.21414 20.11217 18.92954 17.18529 17.83471 20.08424 19.66035 17.17509 17.7828 20.7129 20.41585 21.74912 21.1615 18.08841 16.11141 11.63562 11.05566 12.70662 12.4926 14.01885 
  15.52771 16.85442 16.84044 18.27618 18.20788 16.64624 15.87773 17.50636 18.88658 17.22504 15.73747 16.7434 19.12833 18.37539 20.04577 19.14037 16.11463 14.40452 10.79716 11.31641 11.44968 11.55087 12.12291 
  15.16757 16.54744 16.49849 17.45547 17.25573 15.79 14.96243 16.74018 17.95507 16.14268 14.41965 15.42054 17.80786 16.97258 18.73551 17.68065 14.75578 12.86211 9.941237 11.00825 11.49379 11.49547 12.07261 
  14.96177 16.39395 16.32751 17.22098 16.84767 15.50459 14.43941 16.19292 17.2897 15.4662 13.94044 14.85359 17.01558 16.20741 17.94935 17.00694 13.68641 11.67564 10.15085 11.15048 12.08918 12.0125 12.87741 
  15.16757 16.62418 16.24203 17.57272 17.52777 15.93271 14.57016 16.19292 17.68892 15.73679 14.41965 14.85359 17.01558 16.46247 18.2114 17.45608 14.6163 12.30842 10.08098 10.29712 11.03071 10.94151 12.12291 
  15.37337 16.85442 16.413 17.92445 17.93583 16.21812 14.83168 16.08347 17.82199 16.14268 15.01866 15.23156 16.75148 16.58999 18.47346 17.90522 15.12774 13.3367 9.731624 10.28527 10.67788 10.51681 11.16721 
  15.57916 17.00791 16.24203 17.92445 18.20788 16.50353 15.09319 15.75511 17.68892 16.81915 14.89886 15.23156 17.27967 17.35517 18.60448 18.24208 15.71988 13.49489 9.67922 9.965266 10.43531 10.70146 11.16721 
  15.63061 16.77768 15.98556 17.80721 17.93583 16.36083 14.83168 15.09839 17.42277 16.68386 14.53945 14.7591 17.14762 17.73775 18.08038 16.78237 14.05836 11.83384 9.696688 9.720628 10.39121 10.59067 11.16721 
  15.52771 16.39395 15.7291 16.28303 15.89552 15.07647 13.39336 13.8944 15.69282 15.06032 13.34143 14.19216 15.6951 15.56977 13.6522 12.50566 11.26869 11.3988 9.906301 9.515802 9.985779 10.36909 10.94086 
  15.52771 16.39395 15.38715 15.93129 14.26328 13.22129 11.69353 10.99503 12.49907 11.60745 10.46803 12.02833 12.66935 13.25645 11.39315 12.01449 11.78013 10.92421 9.958705 9.636836 10.43531 10.88612 10.49878 
  15.27047 15.85673 14.78873 15.46231 13.58317 12.36505 10.70074 10.36279 12.36599 11.66527 10.31941 11.03195 12.85936 13.92886 11.7012 11.40053 12.0591 12.03158 9.871366 9.882301 9.792909 9.943789 9.970901 
  14.60163 15.01253 14.27581 14.6416 13.03909 12.79317 11.40987 10.00151 11.4196 11.31837 10.9139 11.84717 11.81431 13.25645 10.98242 10.72518 11.45466 11.87339 9.993641 9.739248 10.06044 10.49834 10.63906 
  13.72701 13.47763 13.50642 14.28987 12.13723 12.14778 10.70074 9.911196 10.7098 11.0871 10.02216 11.48485 10.95928 11.34267 10.77705 10.3568 11.91961 12.26888 9.67922 9.385459 9.917341 10.6276 10.94086 
  14.19004 14.32183 12.45738 11.40579 10.22077 9.486234 9.093378 8.104808 8.95897 10.27766 9.378119 9.718531 9.201702 9.635792 9.185451 9.435862 10.2458 10.68692 9.478891 9.366838 9.942227 10.55374 10.86541 
  11.19432 11.77924 10.07407 10.16814 8.811604 10.40963 9.566133 8.375766 9.337528 10.79801 10.12124 8.088081 8.584175 8.963384 8.774715 9.00609 9.164416 9.895942 9.941237 9.941562 10.52352 10.35579 10.40617 
  9.649998 11.59053 10.13679 8.753692 8.473406 10.40963 9.518857 9.188641 9.242888 9.410399 8.634997 8.314532 8.774183 8.963384 8.928741 9.128882 9.176426 9.460904 9.766559 9.562354 9.861346 10.14979 10.40617 
  8.970497 9.326006 8.568826 8.63582 8.304306 8.888744 7.911492 8.014488 7.492057 8.77441 8.634997 8.858015 8.109155 8.3427 8.672031 9.435862 9.31591 9.421355 9.853898 10.41565 10.06044 10.44295 10.91571 
  7.920359 7.313098 8.694263 8.694757 7.571542 9.16033 8.24242 7.472572 7.444737 7.907152 7.34692 8.405113 8.631678 8.549595 8.877399 9.251674 9.362405 9.856393 9.566452 9.894154 10.23685 10.84918 11.19236 
  7.858586 8.005035 7.878921 8.223272 7.346076 7.422178 7.62784 8.420925 7.586697 6.808625 8.387291 8.858015 7.480146 8.239253 8.143613 8.587702 9.780856 10.17278 9.923769 9.823041 10.30301 10.36909 10.49878 
  8.414541 8.571166 8.004358 8.459015 6.331479 7.150592 6.682331 7.201614 6.498342 7.271163 8.436831 9.854401 8.489171 7.694425 8.258587 8.883298 9.408899 9.698197 9.696688 10.32083 10.2589 10.47988 10.41543 
  8.229223 8.319552 6.875422 7.457112 7.458809 7.58513 6.729606 7.74353 7.492057 7.849335 8.040501 9.175047 9.39171 7.980634 8.826057 8.486423 9.548384 9.192584 9.459434 9.692698 10.2589 10.53527 10.49878 
  8.723406 7.816325 8.192514 8.459015 6.782411 5.955613 6.398678 7.246774 6.734941 7.444614 7.099214 7.997501 8.821686 7.373093 8.124451 8.760506 9.920341 9.816844 9.478891 9.767179 10.23685 10.55374 10.76481 
  9.897089 9.38891 7.43989 7.516047 6.669678 5.34183 6.115026 7.337093 7.018859 7.039894 7.297379 8.450403 8.679179 8.084082 8.229843 8.54719 9.548384 9.092802 9.342686 9.906006 9.761801 10.15644 10.58876 
  9.032269 8.005035 7.878921 6.337339 6.275113 6.390151 5.736822 6.750017 7.255458 6.525712 7.34692 8.993886 8.346665 7.590209 8.569348 8.577574 9.408899 9.167639 9.595639 9.292356 9.880012 10.40602 10.53582 
  9.155815 6.055031 7.565328 7.280306 6.726045 6.498785 6.824157 6.975816 5.952495 5.751039 7.049672 8.405113 7.351822 7.81601 8.928741 9.190278 9.687867 9.975039 10.41287 10.23786 9.942227 10.6276 10.91571 
  9.958862 6.998582 7.753484 6.985629 6.049646 5.846978 5.831373 6.885496 7.350098 7.039894 6.739443 8.042791 8.204159 7.694425 8.518006 8.821902 9.687867 9.777295 9.958705 10.36824 10.28095 10.25612 10.63906 
  9.217588 8.067939 5.683768 7.280306 5.99328 5.846978 5.878648 6.29842 6.8769 6.151286 6.652548 7.544599 7.621303 7.876803 8.229843 8.883298 8.99628 9.250791 9.585911 9.894154 10.2148 10.3425 10.29504 
  9.094042 6.935678 6.624548 6.867758 6.275113 5.955613 7.486013 7.246774 6.545662 6.692991 6.292551 7.997501 7.871645 7.607578 8.672031 8.944695 9.548384 9.325627 9.696688 10.03638 10.23685 10.683 10.52656 
  7.73504 8.885683 8.192514 7.162435 5.824181 5.738344 7.486013 6.975816 6.545662 6.151286 7.148755 7.499732 7.364655 8.084082 8.466664 8.567446 8.936232 9.579551 9.021629 9.357528 10.2148 10.36909 11.14206 
  9.649998 7.438905 7.126297 6.278403 5.673931 5.846978 6.304127 6.704857 6.226778 7.271163 6.205655 7.387566 7.377487 7.70311 8.181937 8.688982 9.594878 9.421355 9.731624 9.320287 9.780465 10.08998 10.61391 
  8.599859 6.621161 5.871924 6.573081 6.444212 6.553102 6.729606 6.38874 6.309063 6.866442 7.198297 8.088081 7.261995 8.239253 8.143613 9.00609 9.501888 9.737746 9.784027 9.664766 10.04799 10.2827 10.52656 
  9.402906 7.690519 6.812704 6.45521 6.782411 5.153536 4.907174 6.704857 6.640301 7.097711 7.297379 7.952211 7.824143 7.746533 8.134031 8.944695 8.948241 9.284051 9.644284 10.11934 10.05422 10.53527 10.50804 
  8.16745 6.935678 5.495612 7.22137 5.790792 5.846978 5.42948 6.29842 6.451022 6.551534 6.925649 7.589889 7.55714 7.659687 8.047801 8.760506 9.501888 9.421355 9.20648 9.846745 10.56762 10.3425 10.471 
  8.661633 6.809872 5.871924 7.103499 6.444212 6.444468 4.945864 6.433899 6.734941 7.675883 7.891876 8.088081 8.156657 8.239253 8.774715 9.00609 8.912211 9.159324 9.714155 9.7858 10.03555 10.42448 10.56361 
  8.229223 7.879229 6.49911 5.480618 6.16238 5.901296 6.493229 5.96745 7.160819 6.525712 6.826339 7.86163 7.621303 7.859434 8.249006 9.190278 9.020299 9.421355 9.313498 10.19046 10.19275 10.42448 10.66421 
  8.661633 6.809872 5.257673 7.162435 6.444212 6.390151 6.776882 6.34358 6.199349 7.213346 7.545086 7.72576 7.729139 7.980634 8.2011 8.607958 8.828143 9.126062 9.469163 9.941562 9.886232 10.55374 10.61391 
  7.549722 6.872775 6.49911 7.280306 6.387846 5.792661 6.256852 6.614538 6.281635 6.551534 6.813925 7.320266 7.261995 7.538101 7.750784 8.526935 9.008289 9.6191 9.993641 10.53417 9.786687 10.07005 10.27652 
  8.043904 6.243741 6.938141 6.632016 6.331479 5.955613 4.84914 6.614538 6.498342 5.893062 6.751857 6.849166 7.095174 8.290977 8.124451 8.821902 9.501888 9.325627 9.67922 10.24972 10.02933 10.51681 10.73966 
  7.920359 7.061485 6.310955 5.785058 5.824181 5.901296 5.689547 6.06272 6.281635 6.073819 7.34692 7.77105 7.776641 7.980634 8.569348 8.668726 9.548384 9.184269 9.225938 9.553043 10.39121 10.25612 10.76481 ]
