 [
  5.588539 6.187255 6.036268 7.094769 6.67462 6.259638 5.949769 6.352836 6.749814 7.104813 8.425826 7.552382 8.396563 8.036511 7.859715 8.49782 8.964275 9.360533 9.439583 9.882687 10.18393 10.8374 10.96767 
  5.482041 7.185818 7.385806 6.330062 6.062662 5.599989 7.312879 7.225657 7.002985 7.038918 7.263919 7.215872 7.962404 7.842816 8.358127 8.527658 9.18729 9.279617 9.371494 10.1166 10.38626 10.50039 10.55951 
  5.482041 7.591369 7.136901 6.750986 6.594838 5.415287 6.142557 7.02483 6.548 7.236605 7.629301 7.909214 7.701156 8.219894 9.046299 9.086816 9.012352 9.506181 9.920046 9.834577 10.22608 10.64229 10.64056 
  4.843054 5.633418 6.112467 5.326321 5.567188 5.045884 6.420687 7.158714 6.813107 6.62017 8.226694 8.863578 8.582631 8.484716 8.632117 9.019742 9.024371 8.753423 9.317023 10.28373 10.51272 10.39074 10.7496 
  5.455417 5.784465 7.136901 7.954227 6.993745 5.969393 6.792433 7.493425 7.192864 7.500188 8.027563 8.684634 8.272518 8.484716 7.859715 8.438143 8.699855 8.736448 8.949344 9.642137 10.23452 10.32884 10.72779 
  5.961282 5.381674 5.464774 6.459577 6.282873 6.18048 6.569386 6.824004 6.453965 6.455505 7.562924 8.982873 8.7687 8.881949 8.839209 9.220964 9.065101 9.587096 9.637965 9.786467 9.845939 10.08123 10.47356 
  5.189172 5.432023 6.645861 6.459577 6.594838 6.101322 6.718084 7.225657 6.686522 7.302501 8.425826 8.624987 8.08645 7.710288 8.701148 8.818521 8.808027 9.489998 9.858126 9.666192 10.14178 10.42943 10.61875 
  4.550184 5.482372 5.807671 6.589092 6.834182 5.863849 5.591737 6.623178 6.566807 7.302501 7.695678 8.326748 8.210495 8.153689 8.448747 8.438143 8.639759 9.008033 9.672365 9.977329 10.1005 10.46491 10.96767 
  4.896303 6.438999 6.645861 8.126119 6.993745 6.359151 5.812065 6.69012 6.190666 7.170709 8.492203 9.57935 8.892744 8.881949 9.184361 8.378466 9.024371 9.409082 9.637965 9.914656 9.962898 10.66003 10.92406 
  5.908033 6.187255 6.970964 7.610444 6.67462 6.432279 6.271988 6.144289 7.129571 7.104813 8.425826 8.80393 8.396563 8.153689 8.908238 8.885594 9.024371 9.18626 9.658606 9.984293 10.07986 10.48265 11.01129 
  5.322294 6.187255 7.385806 7.868281 6.67462 6.432279 6.420687 7.426483 7.762499 7.829667 8.691334 8.982873 8.830722 8.683333 8.839209 8.632092 8.796008 8.897701 9.727406 9.53389 10.11426 10.85514 11.25117 
  5.082674 5.935511 6.607761 7.782336 6.282873 5.758305 6.718084 7.627309 7.192864 7.104813 8.226694 8.744282 8.210495 7.598148 8.478953 9.15389 9.594588 9.10139 9.208081 9.914656 10.15864 10.48265 10.98948 
  4.976176 5.834814 4.93138 6.836932 7.153308 6.797915 7.23853 6.890946 6.749814 7.566084 8.226694 9.281112 9.140835 8.749538 8.977269 8.751447 9.594588 9.522364 9.878765 9.852618 10.01106 10.42943 10.70598 
  4.976176 6.741093 7.468774 8.298011 6.594838 6.505406 7.23853 6.890946 7.066278 7.763771 7.828432 9.400407 9.326903 9.146771 8.46385 9.019742 9.18729 9.18626 9.466818 10.12357 9.928498 9.934207 10.28605 
  5.615164 6.187255 8.049551 8.383956 6.007609 6.578534 7.23853 7.426483 7.509328 7.763771 8.956842 10.17583 9.326903 7.944761 8.701148 8.706689 9.30948 9.279617 9.679245 9.810522 10.0661 10.39848 10.497 
  5.615164 6.942488 7.883615 8.469902 6.67462 7.52919 7.23853 7.359541 7.446035 7.961459 8.55858 9.877589 9.326903 8.087483 8.839209 8.69177 9.920426 9.55473 9.913166 9.557944 10.24295 10.74871 10.77141 
  5.242421 7.834699 8.215488 6.491956 5.769048 6.127708 7.089831 7.292599 7.762499 7.763771 8.956842 9.937237 8.582631 8.352305 7.980542 7.796615 8.279186 9.506181 9.885646 9.828564 10.27667 10.5536 11.01129 
  6.41399 6.036209 7.302837 6.362441 6.099364 6.505406 6.346337 6.422352 7.889085 7.961459 8.824088 9.519703 9.264881 8.815744 8.977269 8.885594 9.30948 8.982572 9.480436 10.08875 10.57174 10.76645 10.61875 
  6.254151 6.287953 7.63471 7.008823 6.411329 7.090425 6.271988 7.359541 7.57262 7.170709 8.425826 8.982873 8.582631 7.720482 8.563087 8.184515 9.012352 9.376716 9.15361 9.816536 10.25138 10.38301 10.54388 
  5.29567 6.791441 7.302837 6.836932 6.392978 5.415287 5.7019 6.556236 7.509328 6.973022 7.828432 8.982873 8.520609 8.352305 8.146679 8.617173 8.49553 9.409082 9.658606 9.720316 10.0661 10.3211 10.88044 
  5.908033 7.185818 7.468774 6.556714 6.081013 4.623709 5.7019 6.757062 6.813107 7.038918 7.828432 8.088157 8.7687 7.832622 8.237299 8.423223 8.255148 9.262643 9.371494 10.15142 10.09362 10.29015 10.77141 
  5.348919 6.640395 6.607761 6.200547 6.246171 5.256972 5.316327 6.422352 5.645262 6.549599 7.43017 7.235667 8.520609 8.881949 9.25339 9.288038 10.20553 10.08877 10.65807 11.46198 11.82384 12.02584 12.79952 
  7.373024 8.808021 9.211107 11.73584 12.25932 10.60054 9.766408 10.03722 9.787868 10.3996 10.68265 12.20385 13.23433 14.11218 15.39709 15.99543 15.15099 13.19328 12.14593 11.79692 11.22089 11.44049 11.94902 
  7.373024 8.808021 9.128139 12.16557 12.17954 9.723011 9.245962 10.03722 10.3575 11.12446 11.6783 13.21786 14.35074 15.23768 16.70867 17.39788 16.36859 14.1144 12.94708 12.69012 11.65157 11.10347 11.36021 
  6.41399 5.079581 5.693372 8.040173 7.951122 8.699227 6.197639 5.866226 6.529193 6.643693 7.363792 7.651356 8.272518 8.749538 8.977269 9.958776 10.00189 9.991674 9.27617 9.816536 10.3694 10.60681 10.48138 
  5.082674 4.425046 4.512285 5.164427 6.374627 7.309807 5.454031 5.634506 6.04021 5.46752 7.144072 7.789918 7.349476 7.516593 9.391451 9.019742 9.024371 9.360533 9.412348 9.921619 9.900978 10.27468 10.53607 
  4.683307 3.720163 4.283688 5.326321 6.191118 6.505406 7.535927 8.899208 8.142256 7.038918 7.303868 7.909214 7.590628 8.087483 8.494057 8.169596 9.146561 9.084416 9.906285 9.768426 10.15864 10.28241 10.57514 
  4.76318 3.720163 4.778982 5.261563 6.246171 6.871043 7.312879 8.832266 8.585305 7.170709 6.564807 7.651356 7.560484 7.812232 8.161782 8.885594 9.22802 9.635646 9.844365 9.935547 10.19236 10.46491 10.3798 
  5.53529 5.583069 4.664684 4.678745 5.420381 5.256972 4.435015 5.773538 6.585614 7.236605 7.124097 7.572177 7.600676 8.683333 8.632117 8.885594 8.723893 9.254156 9.466818 9.858632 10.37783 10.48265 10.85864 
  7.133266 6.640395 6.887996 7.266661 7.153308 7.23668 6.142557 6.556236 7.002985 7.302501 7.044198 7.433614 7.540388 7.863205 8.632117 8.952668 8.591683 9.360533 9.589805 10.15142 10.87524 11.05026 11.29479 
  7.133266 6.741093 6.645861 5.844381 5.970908 6.724788 6.792433 6.957889 6.749814 6.761311 6.824477 7.631561 7.7313 7.791843 8.207092 8.751447 8.844085 9.177773 9.494054 10.13749 9.701458 10.01932 10.45012 
  8.012381 7.429149 5.655272 6.103411 6.466382 6.286024 5.977311 6.422352 7.066278 8.027354 7.629301 7.968862 8.582631 8.683333 8.839209 8.67685 9.22802 9.409082 9.262552 10.04697 10.25981 10.81967 11.75275 
  10.09029 9.781342 7.219869 8.298011 8.509592 8.187336 7.23853 8.29673 7.889085 9.872437 10.08525 9.460054 9.761063 10.33847 9.943694 10.02585 11.63108 12.53535 11.00142 10.1932 10.25981 11.40501 12.71229 
  12.88747 11.56576 8.796266 7.782336 7.233089 7.090425 5.949769 6.051601 6.813107 9.345271 8.492203 8.505692 9.264881 9.01436 8.207092 10.29415 11.95692 12.66693 10.54362 9.963402 10.30196 11.97262 13.0394 
  16.16417 15.78349 14.60404 13.97043 12.09976 11.33181 10.06381 8.028961 10.16763 11.71752 11.01453 10.59336 10.07118 9.808826 10.35788 13.11125 13.74903 11.35106 10.36725 9.963402 9.797778 12.06131 13.36651 
  17.34711 17.24347 17.43947 17.15043 14.65276 13.89127 12.74038 11.84466 12.63604 14.41925 13.66962 13.3968 14.16467 13.64875 13.80939 16.39787 16.47006 13.19328 12.03148 10.68066 10.64761 12.32738 13.06121 
  17.18379 17.76574 18.21927 17.49421 16.16861 14.69567 12.51733 12.3802 13.0158 15.34179 14.93078 13.81434 15.40513 15.03906 15.67321 18.19053 18.09353 16.21981 15.00719 14.14155 13.63271 13.49551 13.70283 
  16.78716 17.55814 17.97558 17.06448 15.68992 14.03753 12.51733 13.04962 13.33227 15.34179 15.06353 13.99328 15.96514 15.83353 16.01836 18.61733 19.1082 18.32521 16.72395 15.70464 16.30295 15.8212 15.00003 
  16.48385 17.16236 17.63442 16.7207 14.33363 12.86749 13.33518 12.98267 13.26897 15.48448 15.86006 14.29152 16.47581 16.36317 16.57061 19.53193 20.63021 19.64109 17.41066 16.26289 16.56136 15.8212 15.33634 
  16.32401 16.83792 17.34199 16.46286 14.17407 11.91683 12.81473 12.51408 12.76263 15.63806 16.00493 14.23187 16.98649 16.49558 17.32994 19.83679 20.52874 19.24633 17.63956 17.37938 16.13067 16.37202 15.91288 
  16.24409 16.75681 17.25903 16.37691 14.41342 11.91683 13.03778 12.71491 12.38287 14.74873 15.4618 14.41082 16.92265 16.72526 18.15928 20.01971 20.42727 18.71997 17.63956 17.82597 16.6475 16.55563 16.39332 
  16.55384 17.08125 17.78063 16.80664 14.97189 12.86749 13.33518 12.78185 13.07909 14.61694 16.51197 15.49721 17.17799 17.32464 18.27775 20.2636 19.717 18.58839 16.95285 16.82113 16.6475 16.43322 16.29723 
  16.97381 17.63599 18.56043 17.75205 15.68992 14.03753 13.40953 13.38433 13.71202 15.40769 17.81579 16.8725 18.19933 17.97852 18.51471 19.77582 18.8038 17.66727 15.57945 16.26289 16.13067 15.51519 15.48047 
  17.46377 18.28474 19.38897 18.81143 16.64729 14.91505 14.67347 14.52234 14.72471 16.40598 19.11962 18.39255 19.09301 19.1228 20.3511 20.81236 18.4994 16.61457 14.43494 14.14155 13.63271 14.35234 14.56763 
  17.81374 18.69995 20.02256 19.76991 16.80686 15.84161 15.11956 14.99094 15.45227 16.86674 19.48179 18.89924 19.92285 19.83116 21.00272 21.1782 17.58619 14.37758 13.40488 13.47166 12.4268 14.29114 15.04807 
  17.95373 18.85565 20.31498 20.17348 17.01099 15.97179 15.71436 15.32582 15.66014 17.09711 19.26448 18.82685 19.92285 19.99463 21.00272 20.56847 17.58619 14.24599 11.91702 11.90857 11.73771 13.49551 14.37545 
  17.88373 18.9335 20.41246 20.42572 17.55533 16.36234 15.92894 15.74443 16.28376 18.01862 19.9164 19.26116 19.79519 19.72219 20.94348 19.95874 17.28179 13.98281 10.88697 11.35033 10.49586 13.80152 14.56763 
  17.9304 18.95945 20.41246 20.42572 17.89554 16.62271 16.18645 16.07932 16.80345 18.86333 20.351 19.69546 19.92285 19.88565 21.06196 20.01971 17.38326 13.19328 10.42917 10.31159 10.31882 13.61791 14.18327 
  17.8604 18.8816 20.31498 20.37527 18.09967 16.7529 16.27228 16.24677 17.11526 19.55446 20.42344 19.84022 19.66752 19.6677 20.41034 19.47095 17.28179 12.79852 9.741165 10.49961 10.9764 13.98512 14.90394 
  17.79041 18.80375 20.16877 20.22393 18.37185 16.81799 16.35812 16.58165 17.53101 19.86163 20.20613 19.69546 18.71001 19.1228 19.581 18.61733 16.36859 11.87741 9.221699 10.47175 11.00169 12.94468 13.79891 
  17.81374 18.69995 20.02256 20.17348 18.57597 16.94818 16.52979 16.91654 18.25857 20.24559 19.77153 19.69546 17.81633 18.68688 18.92938 18.06858 15.15099 10.12114 9.665485 11.35033 12.59907 13.55671 13.41456 
  17.90706 18.6221 19.87634 20.02214 18.84814 16.94818 16.65854 17.16771 18.98613 19.86163 19.19205 19.18877 16.53965 18.03301 18.21852 17.3369 14.23778 9.975491 9.926926 10.38819 11.90998 12.43381 13.55869 
  17.81374 18.5702 19.73013 19.9717 19.05227 17.07836 16.87313 17.67004 19.71369 19.63126 19.11962 18.53732 15.90131 17.37913 17.50766 16.46494 13.42319 9.943125 9.631085 11.12703 11.39316 12.34512 12.95217 
  17.79041 18.44044 19.58392 20.02214 19.2564 17.14345 17.00188 18.17237 20.33731 19.55446 19.19205 18.24779 15.46715 16.88873 17.12285 15.86128 12.77151 9.716561 10.03013 10.49264 10.92582 12.32738 12.77771 
  17.69708 18.38854 19.43771 20.12304 19.52857 17.20855 17.08772 18.50726 20.75306 19.47767 19.19205 18.03064 15.15704 16.29697 16.63964 15.25761 12.16056 10.16969 9.52129 10.2698 10.56331 12.88348 13.895 
  17.60376 18.31069 19.19402 20.47616 20.00488 17.5991 17.3023 18.6747 20.85699 19.47767 19.55422 18.32017 15.15704 16.23076 16.7777 15.32469 11.95692 9.781294 9.988846 10.24195 10.65604 12.59345 13.25748 
  17.4871 18.33664 18.85286 20.93018 20.54922 18.25003 17.68856 19.00959 20.96093 19.70805 19.84396 18.82685 15.65322 16.56179 17.19188 15.59298 11.99765 10.28297 9.665485 10.34641 11.22089 12.69987 13.21386 
  17.32378 18.28474 18.36548 20.77884 20.82139 18.83586 18.16065 19.51192 21.16881 20.01522 19.9164 19.47831 16.34815 16.83424 17.50766 15.86128 12.69005 11.15686 9.981966 10.90373 12.25453 13.61791 14.13523 
  17.16046 18.10309 17.92684 20.02214 20.88943 19.09623 18.41815 19.4282 21.16881 19.86163 19.62666 19.84022 16.98649 16.94322 17.74461 16.26372 12.44567 11.14067 10.40853 11.46198 12.77135 14.04633 14.18327 
  16.97381 17.89549 17.68316 19.76991 21.09356 19.48678 18.2894 19.4282 21.27274 19.40088 18.97475 19.98499 17.68866 16.88873 18.10004 17.00154 12.56786 10.97884 10.25029 11.90857 13.20203 13.92392 13.94305 
  16.83382 17.73979 17.4882 19.51768 20.75335 19.61697 18.07481 19.76308 21.27274 18.78654 18.2504 19.76784 18.45467 17.21566 18.45547 17.3369 13.58611 11.48264 10.77252 11.57363 13.46044 14.16873 14.3274 
  16.64717 17.58409 17.34199 19.11411 20.34509 19.74715 18.2894 20.09797 21.06487 18.1722 17.45362 19.18877 18.77384 17.81505 18.63318 17.45885 13.83049 10.7361 10.54362 11.23868 13.46044 13.86272 13.895 
  16.48385 17.48028 17.09309 18.76098 20.14096 19.68206 18.37524 20.26542 20.75306 17.71145 16.87414 18.39255 18.71001 18.03301 19.22557 17.88566 14.54218 10.16969 9.995726 11.01538 12.68521 13.86272 13.84696 
  16.24409 17.35053 16.84418 18.4583 20.07292 19.61697 18.24648 20.26542 20.33731 16.86674 16.07736 17.66872 18.51851 18.03301 19.64024 18.37344 14.19705 9.81366 9.289787 10.72245 12.59907 13.49551 13.27928 
  16.16417 17.32458 16.84418 18.30696 19.93683 19.3566 18.41815 20.09797 19.71369 16.2524 15.79368 16.8725 18.1355 17.92403 19.34404 18.12955 14.94805 10.86556 10.12645 10.5205 11.4793 13.00589 13.51065 
  16.16417 17.00014 16.42934 18.05473 19.46053 18.4453 18.0319 19.67936 18.77825 15.1441 14.73165 15.42483 16.79498 17.65158 19.16633 18.37344 15.96272 11.87741 10.11957 10.79208 11.1956 11.93715 12.66867 
  16.00433 16.6757 16.09747 17.75205 18.91619 17.40382 17.64564 18.92587 17.32313 14.35335 14.13426 14.82835 15.3431 16.88873 18.87014 18.49539 16.26712 12.14058 10.20901 10.45783 10.63075 11.54692 12.29794 
  15.76457 16.10793 15.51669 17.40826 18.23576 16.62271 17.34522 18.17237 15.34833 13.16723 13.1386 13.6354 13.54445 15.5025 17.86309 17.70274 15.96272 12.40376 10.65807 10.71548 10.52958 11.42275 12.25432 
  14.88546 15.45905 14.76998 16.37691 17.14707 15.64633 16.83021 17.00026 13.77532 12.1129 12.01019 11.66702 10.25724 12.25843 15.53515 15.52591 15.15099 12.14058 11.11587 11.01538 10.68133 11.61787 11.88359 
  12.96739 13.02575 13.11061 13.7126 14.4932 14.69567 15.92894 14.65623 13.0158 11.84931 10.94816 11.13019 10.44331 11.33155 13.05006 12.10514 11.14232 9.748927 11.00142 10.72941 10.21765 10.8374 11.25117 
  10.9694 11.32243 11.53422 13.45476 12.73801 13.74502 14.30172 14.12069 11.56007 10.86088 10.08525 9.877589 8.892744 9.477799 11.3243 11.50148 11.67181 10.33152 11.00142 10.90373 10.20079 10.58907 10.72779 
  8.332059 9.375792 9.377043 11.99368 12.09976 13.08687 11.99689 12.17937 9.534698 8.884 8.890466 9.57935 9.078813 9.212977 10.634 10.62952 10.36845 9.975491 10.77252 10.24195 10.02482 10.48265 10.26261 
  7.293105 9.862452 10.7875 10.44666 9.786095 11.33181 11.17905 9.635571 8.838476 8.554522 8.027563 8.565339 8.706676 8.352305 9.943694 10.02585 9.920426 9.619463 9.968205 10.43693 10.0661 10.10444 10.56732 
  8.332059 8.970241 8.962202 8.899632 7.631996 8.772355 9.320312 8.229788 8.395427 8.356833 8.226694 9.281112 8.830722 8.881949 8.770178 9.355112 9.472399 9.262643 9.878765 10.06089 10.31882 10.24372 10.88044 
  10.56981 9.375792 8.547361 8.383956 7.951122 9.869266 9.54336 7.158714 8.01567 7.697875 7.496547 8.386395 7.962404 8.219894 8.494057 8.482901 9.18729 9.506181 9.534907 10.46479 10.2851 10.42943 10.83683 
  10.25013 9.456902 8.713297 8.126119 8.270247 8.845482 7.833324 6.051601 6.510386 7.697875 7.894809 9.221464 8.396563 8.2861 9.322421 9.220964 9.024371 9.55473 9.548525 10.02608 10.09362 10.30563 10.40324 
  11.52884 10.34911 9.294075 8.383956 8.110685 7.017298 7.089831 6.824004 7.762499 7.566084 8.027563 8.207453 8.520609 9.61021 11.94557 11.36733 9.594588 9.765111 9.761806 10.76423 10.35254 10.5536 10.61875 
  10.48989 10.10578 10.28969 9.587197 7.472434 7.090425 7.387228 6.051601 6.813107 6.502552 6.444959 6.562647 7.962404 8.2861 10.35788 9.891703 9.30948 9.328167 9.4532 10.26284 10.44528 10.92609 10.40324 
  9.930449 10.02467 8.630329 7.954227 7.472434 7.309807 7.16418 6.489294 6.623229 7.038918 7.496547 7.512793 7.841828 7.618537 8.770178 9.355112 8.471492 9.220208 9.768685 9.750384 10.16707 10.02706 10.85864 
  9.211173 8.808021 7.385806 8.126119 7.233089 6.871043 6.643735 6.074773 6.190666 6.408458 7.243945 7.07731 7.319332 7.435037 7.814404 8.602254 8.916199 9.538548 9.610445 9.762412 10.48743 10.71324 10.66237 
  9.051334 9.051351 7.136901 7.438552 6.209469 6.505406 6.087475 5.958913 5.419577 6.196747 7.303868 7.394024 7.560484 8.153689 8.632117 9.220964 9.390939 9.2958 9.823726 9.907692 10.18393 10.50039 10.34074 
  9.530851 9.132462 7.385806 6.621471 6.319575 5.705533 5.756983 6.097945 6.585614 6.737787 6.66468 7.532588 7.42986 8.418511 8.563087 8.438143 8.844085 9.376716 9.596685 9.956438 10.5886 10.89062 10.3798 
  9.530851 9.051351 6.970964 6.836932 6.374627 5.811077 5.316327 4.939349 6.623229 6.126177 6.544832 8.028509 7.922212 7.96515 8.086266 8.818521 9.105831 9.3929 9.816846 9.921619 10.10738 10.48265 10.61875 
  8.811576 8.07803 5.579073 6.750986 6.67462 4.597323 5.068458 5.240584 6.491579 5.491043 7.363792 6.918952 7.359524 8.2861 8.207092 8.393385 9.553859 9.376716 9.569165 9.738357 10.12114 10.07349 10.07509 
  8.571817 7.834699 5.236177 6.330062 7.073526 5.151428 5.894688 6.352836 6.623229 6.596646 7.144072 6.859568 7.4801 7.995733 8.563087 8.818521 9.553859 8.931649 8.676989 9.557944 10.16707 10.44717 10.56732 
  7.772622 7.915809 6.68396 5.747244 6.484733 6.154094 5.261245 5.07838 5.852139 6.761311 6.704629 6.542852 7.32938 7.791843 8.252402 8.408304 8.519568 9.075929 9.494054 9.834577 10.51272 10.80193 10.90225 
  7.133266 7.023598 6.226766 6.265305 7.233089 5.863849 6.197639 6.074773 6.416351 6.361412 6.085415 7.492998 7.721252 7.526787 8.701148 8.617173 8.964275 9.143826 10.17461 9.876673 10.1005 10.05801 10.85864 
  8.651737 8.56469 5.998168 5.812002 7.552215 6.432279 5.784523 6.236977 6.749814 6.69074 6.92435 6.879363 7.791588 7.914177 8.388333 8.378466 8.735912 9.228695 9.892526 10.04 10.19236 10.16634 10.57514 
  7.772622 7.185818 6.805028 7.266661 7.631996 6.871043 6.271988 6.957889 5.682876 6.008559 6.764553 6.523058 7.349476 7.944761 8.977269 8.318789 9.065101 9.619463 9.809965 9.914656 10.08674 10.48265 10.52044 
  7.932461 8.15914 6.68396 7.69639 8.270247 6.94417 5.949769 6.005257 5.645262 6.055606 6.424984 7.730535 7.761444 8.617127 8.222196 8.69177 8.964275 9.058955 9.27617 10.15142 10.20922 10.02706 10.59694 
  8.172219 7.672479 6.72206 6.750986 7.312871 7.163553 5.426491 5.958913 6.397544 5.985036 6.9643 7.968862 7.449956 7.802038 8.388333 8.378466 9.105831 9.570913 9.534907 9.876673 9.832178 10.35979 10.94587 
  8.811576 7.510259 7.302837 8.813685 8.350029 6.206866 6.197639 5.982085 6.529193 5.890942 6.524858 7.492998 8.210495 8.016122 7.708681 8.818521 8.89216 8.87224 9.782445 10.08875 10.14178 10.48265 10.48138 
  8.0923 7.266928 6.645861 7.180715 8.270247 6.94417 6.142557 6.489294 6.284701 7.236605 7.104122 7.849566 8.024427 8.352305 8.116472 8.751447 9.431669 8.838292 9.603565 9.780453 10.3694 10.41396 10.54388 
  8.012381 7.996919 7.468774 7.352607 6.521435 5.309744 6.197639 6.824004 6.623229 6.173223 7.43017 7.136693 7.83178 7.791843 8.071162 8.952668 9.30948 9.473815 9.610445 9.515848 9.928498 10.48265 10.50482 
  8.252139 7.672479 7.468774 7.782336 6.558136 5.837463 4.903212 5.91257 6.002596 6.855404 7.144072 7.849566 7.721252 8.2861 8.343023 9.15389 8.675817 8.770396 9.913166 10.00518 10.34411 10.4217 10.51263 
  8.971415 7.996919 6.68396 6.39482 7.552215 6.127708 5.784523 6.121117 6.153052 6.408458 6.884401 7.136693 7.63082 7.802038 7.52744 8.952668 9.390939 9.01652 9.4532 10.08179 9.852818 10.38301 10.46575 
  8.891495 8.32136 7.883615 6.491956 6.558136 7.52919 6.866783 5.91257 6.378737 6.479029 6.644705 7.275256 8.024427 8.067095 8.632117 8.952668 9.22802 9.160799 9.871885 9.900728 9.832178 9.965158 10.41887 ]
