 [
  5.009679 5.517863 5.547638 5.348629 5.312001 5.401531 5.974779 6.752189 6.015592 6.784445 6.553688 7.301274 8.005628 7.399375 8.253069 9.024379 8.954308 9.130693 9.670042 9.828499 10.11139 10.63446 10.62194 
  6.39916 6.127875 5.160934 6.346915 6.718655 5.9977 6.678685 7.174933 6.927967 7.491664 6.855968 7.000813 7.616852 7.573618 8.422007 8.92223 9.13954 9.996299 9.858207 9.899182 10.1868 10.35037 10.94433 
  6.244774 6.389309 5.80544 5.681391 6.376496 6.173044 5.910788 7.097326 6.721947 7.107604 7.228005 7.38712 7.253715 8.340445 8.175098 8.769005 9.418624 9.392309 9.449641 9.66816 10.28547 11.00733 11.01293 
  3.928971 4.472129 3.807473 4.683104 4.589664 5.471669 5.8148 5.797503 6.427632 6.438204 6.879221 7.558812 7.26824 7.554258 8.409012 9.126529 8.865988 9.708684 9.920929 9.969866 9.572397 10.21164 10.62194 
  4.855292 3.774973 4.516429 5.099057 5.083894 5.015775 5.366859 5.88174 5.927298 5.699556 7.065239 6.786199 7.282766 6.896005 8.123117 9.126529 9.195356 9.449832 10.49253 9.793158 10.32494 10.85641 10.82086 
  5.009679 4.820707 5.612089 5.182248 5.692178 5.647013 4.950915 5.825583 6.251044 6.645949 6.97223 6.464277 7.340868 8.408903 8.537702 8.527886 9.195356 9.24712 9.301541 9.952195 10.28547 9.969688 10.85516 
  4.623712 4.036406 4.903132 5.182248 4.627682 4.524813 5.046902 5.657108 5.721278 6.32279 7.344267 7.515889 7.544224 8.477362 8.711245 8.871155 8.895428 9.060837 9.523691 9.570337 10.13834 10.01001 10.71111 
  4.314938 4.210695 5.032034 5.307034 5.65416 5.15605 5.558834 5.909819 5.750709 6.299707 7.134996 7.773426 7.762106 7.747862 8.711245 8.973304 9.251173 9.392309 9.301541 9.828499 10.16706 10.40364 10.34357 
  4.932486 5.343575 5.547638 5.972558 5.540107 5.506738 5.110894 5.685187 6.869104 6.184294 7.27451 7.751965 7.340868 8.115709 8.942635 8.973304 8.954308 9.002624 9.600351 9.776854 9.823929 10.57232 10.57422 
  6.013193 4.036406 4.903132 5.099057 5.692178 5.15605 4.662953 5.06745 5.897866 6.207376 6.902473 7.129582 7.282766 7.302573 7.590315 8.430609 8.954308 9.42107 9.449641 10.16425 10.42361 10.59895 10.70425 
  4.314938 4.210695 4.774231 5.681391 5.692178 4.840431 5.270873 5.32016 5.839004 5.722639 6.925725 6.979352 7.791157 8.018908 7.92819 8.24995 9.13954 9.449832 9.774578 9.44534 10.34467 10.52793 10.84144 
  4.546518 3.687828 5.160934 5.265438 5.350019 4.735225 5.014906 5.432477 6.36877 6.576701 7.585058 7.344197 7.87831 7.960826 8.188093 8.347228 9.251173 9.165621 9.023853 9.657291 10.30521 10.77651 10.97863 
  5.395646 5.953586 5.869891 5.722986 6.414514 5.541806 5.718813 5.769424 5.544689 6.715197 7.414024 7.580273 7.776632 8.038268 8.123117 8.444506 8.821829 9.060837 9.572474 9.881512 9.761046 10.60783 10.86888 
  5.550033 5.779297 5.74099 6.471702 6.832708 6.067838 5.910788 5.348239 6.133318 6.899859 6.879221 7.23689 7.486123 8.819653 9.231872 8.769005 9.013186 9.165621 9.431129 10.51766 10.64069 10.44803 11.00607 
  4.006164 4.907852 5.225385 5.431819 6.110372 5.331394 5.014906 5.348239 6.192181 6.830611 6.646698 7.601735 7.573275 7.922106 8.59555 8.973304 8.542151 9.177264 9.68398 10.04055 10.68016 10.70549 10.90318 
  4.237744 5.25643 5.80544 5.265438 5.730195 4.735225 5.398855 5.741345 5.956729 6.507452 7.018735 7.837811 7.834734 7.999547 8.175098 8.666855 8.718789 9.478593 9.920929 10.07589 10.10241 10.56344 10.75913 
  5.550033 6.999321 6.449946 5.806177 5.388036 4.980706 4.630958 5.32016 5.397532 5.791887 6.646698 7.108121 6.94868 7.728501 8.032151 8.291641 8.61575 8.851268 9.60732 9.706203 9.752063 10.38588 10.93061 
  5.550033 7.783621 6.578847 6.430106 5.958302 6.102906 5.142889 5.629029 6.015592 6.138128 5.925875 6.635969 7.035833 7.283213 7.720267 7.777459 8.983747 9.536116 9.809423 9.695333 9.805963 10.9807 11.08152 
  5.858807 7.609332 7.287804 5.722986 5.426054 4.770294 4.982911 6.106372 7.281144 7.176852 7.841609 7.911623 8.387578 7.747862 7.798238 8.180467 8.483272 9.060837 9.329309 9.66816 10.26574 10.89192 10.59808 
  8.097416 9.85025 7.287804 6.180534 5.388036 5.576875 5.206881 5.488635 5.574121 6.576701 6.902473 8.059247 8.132944 8.271986 7.759253 8.652958 9.027906 9.200549 9.283029 9.84617 10.10241 10.37701 10.85516 
  10.56792 12.62981 10.37546 7.054035 7.022797 7.084008 6.518706 6.190609 5.927298 6.184294 7.297763 7.151044 7.311817 7.689781 8.30505 9.126529 9.251173 9.392309 9.544599 9.810828 10.22627 10.62559 10.66995 
  13.20363 15.40938 13.39725 10.36281 8.978077 8.028396 7.223686 6.864505 6.457064 6.599783 7.841609 8.059247 8.069285 7.709141 7.811234 8.639061 8.836548 9.593638 9.537629 9.899182 10.36441 9.816451 10.66309 
  15.19505 17.0186 15.06888 13.1236 12.19032 11.41245 9.715118 9.425537 7.872701 7.176852 9.209883 10.49505 9.278798 8.545819 8.711245 8.82008 8.350793 8.618414 9.449641 9.640987 10.22627 10.27616 10.44696 
  15.72219 16.94545 13.8473 13.82985 13.16796 11.64855 10.57155 10.51204 8.538203 7.727774 9.038848 11.08555 10.10636 9.983444 9.52111 9.177604 9.586074 9.316977 9.753671 9.969866 9.635281 10.36813 10.49468 
  15.95648 17.38433 14.16877 13.63724 13.58695 11.41245 11.35012 10.74486 9.425539 8.829617 10.06505 11.67605 10.8066 10.66803 9.98389 8.611268 9.362807 9.564878 9.670042 10.04055 10.38414 10.0826 10.41515 
  16.13219 17.82321 14.74741 13.57304 13.72661 11.64855 11.97298 11.52093 9.869207 9.144428 11.26229 12.41417 10.87026 11.07878 10.44667 8.666855 9.976791 10.05382 9.767609 9.969866 10.46308 10.21971 10.814 
  16.24934 18.1158 15.13317 13.63724 13.86628 12.04204 12.20655 12.14178 10.16499 9.537944 12.54505 12.78324 10.93392 10.80494 9.868195 9.024379 9.418624 10.02506 9.739733 9.689899 10.42361 10.6611 10.55036 
  16.37198 18.33523 15.51893 13.63724 13.93611 12.35684 12.36226 12.37461 10.0171 9.852757 13.3147 13.59517 11.31587 11.55798 10.27313 9.330829 9.920975 9.651161 9.746702 9.810828 10.62096 10.43915 10.59808 
  16.48198 18.48153 15.7761 13.76565 14.07577 12.67163 12.44012 12.60743 10.23893 11.19071 13.8278 13.59517 11.69782 11.6949 10.21528 8.666855 10.42333 10.16887 9.753671 9.472513 10.87751 10.63446 11.0678 
  16.49298 18.67531 16.16187 13.95826 14.1456 13.53732 12.67369 12.91785 12.23544 13.31569 15.53814 14.40711 12.90733 13.61173 13.62828 13.41682 13.15835 12.44102 10.56933 10.27027 11.68663 11.16713 11.4245 
  16.30791 19.0434 17.27876 16.0416 15.96122 16.21308 16.09941 16.02214 15.78478 16.46381 18.86427 18.23316 15.77197 17.36429 17.07725 16.70635 16.27615 15.51461 12.83484 12.01969 13.23665 13.64643 13.97993 
  16.30791 19.12652 17.40863 16.96617 15.82156 16.44918 17.13584 17.67301 16.74606 17.85151 19.31233 18.54895 16.44852 17.80341 17.14139 15.49052 16.95017 15.20591 9.99062 11.66627 13.07572 12.95882 12.24788 
  16.24934 19.07902 17.38266 17.31687 16.0183 16.76398 17.85407 18.38877 17.57022 18.69243 19.45235 18.70685 16.87044 17.80341 17.04518 15.34748 16.98906 14.98541 10.18575 12.96282 14.36322 13.87564 12.09042 
  16.24934 19.11464 17.46058 17.4444 16.08964 17.05437 18.30769 18.82617 18.06472 19.47329 19.76039 18.26474 16.98551 17.66619 16.46791 15.34748 16.62612 14.67671 10.68452 12.17812 13.10254 12.65321 12.32661 
  16.24934 19.13839 17.51253 17.50816 16.11818 17.0826 18.4589 19.18405 18.61417 20.07395 20.12444 17.91737 16.87044 17.6113 16.30755 15.82428 16.82055 14.14751 10.45413 12.43968 13.2903 12.72961 12.20852 
  16.24934 19.16214 17.48655 17.50816 16.07537 17.35075 18.68571 19.22381 18.99878 20.01389 19.39634 17.57 16.67866 17.36429 16.1472 15.6574 16.40577 13.70651 10.68452 12.0858 13.47806 13.18802 12.91708 
  16.24934 19.20963 17.56448 17.50816 15.99689 17.33664 18.72351 19.30334 19.49328 20.37428 19.00429 17.28579 16.44852 17.19963 16.01891 15.75276 16.57427 13.57421 10.38786 11.1008 12.18 12.61501 12.05106 
  16.30791 19.25713 17.6424 17.50816 15.96122 17.36486 18.79912 19.30334 19.71305 20.73468 18.66825 17.28579 16.37181 17.0624 15.98684 15.94348 16.37984 13.26551 11.2221 12.77818 13.42441 12.4622 12.20852 
  16.30791 19.28087 17.66837 17.50816 15.96122 17.4072 18.91252 19.22381 19.82294 20.91488 18.44422 17.13816 16.14167 16.98007 16.01891 15.75276 16.25022 13.26551 11.2605 12.25505 12.49576 11.34469 12.44471 
  16.36648 19.3165 17.69435 17.54004 15.96122 17.52011 18.95033 19.14428 20.04272 20.91488 18.44422 16.99054 16.0266 16.89773 16.08305 15.96732 16.40577 13.30961 10.83812 11.91366 11.92345 11.34469 11.73614 
  16.37198 19.34024 17.7463 17.54004 15.89139 17.49188 18.95033 19.10452 20.04272 20.91488 18.27469 16.84291 15.83563 16.76081 16.01891 15.96732 16.41873 12.64235 10.41573 11.949 12.04186 12.233 11.65741 
  16.36648 19.36399 17.77227 17.57193 15.89139 17.52011 18.98813 18.94546 20.04272 21.03501 18.47222 16.91673 15.70831 16.82927 15.9227 16.015 16.62612 12.98749 11.45249 12.17812 12.47602 11.73639 11.65741 
  16.36648 19.37586 17.79824 17.57193 15.98262 17.52011 19.02593 18.9057 20.04272 20.97494 18.36021 17.06435 15.83563 16.76081 15.95477 16.15804 16.48354 12.75739 11.72128 12.31659 12.80748 11.62178 11.49995 
  16.38848 19.37586 17.77227 17.54004 15.96122 17.56245 19.02593 18.78641 19.98778 20.91488 18.36021 17.06435 15.77197 16.76081 15.9227 16.015 16.21134 12.78616 10.79972 12.13196 12.80748 12.1948 11.81487 
  16.41048 19.35212 17.69435 17.50816 15.96122 17.68947 19.02593 18.66711 20.09767 20.91488 18.41621 17.21197 15.83563 16.76081 15.82649 15.91964 16.005 12.61359 11.06851 12.67048 13.77311 12.2712 12.01169 
  16.43248 19.3165 17.61642 17.41252 15.96122 17.6189 18.87472 18.66711 20.20755 21.03501 18.27469 17.21197 15.77197 16.69236 15.89063 15.99116 16.25022 13.04501 11.2221 12.37814 13.45124 12.57681 12.32661 
  16.49298 19.269 17.51253 17.31687 15.96122 17.73181 18.76132 18.58759 20.20755 20.91488 18.61224 17.34894 15.89928 16.69236 15.71079 15.99116 16.37984 13.44191 11.2989 12.4243 13.58535 12.50041 12.68089 
  16.52048 19.22151 17.40863 17.15746 15.99689 17.66124 18.57231 18.42853 20.04272 20.67461 18.69625 17.38052 15.96294 16.92518 15.95477 15.96732 16.26319 13.04501 10.76132 12.05503 13.07572 12.08019 12.5628 
  16.55897 19.16214 17.25278 16.99805 15.98262 17.63301 18.3455 18.349 19.82294 20.31422 19.0323 17.4121 16.10332 17.0624 16.01891 15.82428 16.005 12.95872 10.83812 11.75462 13.58535 12.4622 12.48407 
  16.61947 19.11464 17.12291 16.71112 16.0397 17.52011 18.08088 18.18995 19.32844 19.77362 19.17231 17.38052 16.21838 16.92518 15.5951 15.25212 15.50265 12.98749 10.95331 12.28582 13.82676 12.3476 12.28725 
  16.65797 19.01965 16.86317 16.26477 16.04683 17.49188 17.89187 18.15018 19.05372 19.95382 19.62037 17.31737 16.37181 16.89773 15.30586 15.2998 15.94918 13.26551 10.87652 12.62432 14.06817 12.50041 11.85423 
  16.69097 18.93654 16.65538 15.78655 16.07537 17.37897 17.66506 17.99113 18.66911 20.07395 19.8164 17.60158 16.6403 17.28196 15.19016 15.5382 16.005 12.92996 10.68452 12.45507 13.93405 12.3858 12.24788 
  16.71297 18.82967 16.36966 15.37076 16.09677 17.28018 17.40045 17.7923 18.2845 19.65349 19.70438 17.66474 16.71702 17.50152 15.24801 15.419 16.17245 13.04501 10.11606 12.33198 13.79994 12.2712 11.69677 
  16.70747 18.71094 16.16187 15.37076 16.0611 17.0826 17.06023 17.63325 17.89989 18.9327 19.95642 17.69632 16.94716 17.55641 15.36371 15.20444 16.17245 13.17731 9.976682 12.68586 14.01452 12.50041 11.23929 
  16.71297 18.62782 16.03328 15.56337 16.12531 16.98381 16.90903 17.47419 17.62517 18.51223 20.04043 18.20158 17.29236 17.6113 15.24801 14.94907 15.72592 13.53011 10.19272 12.20889 13.2903 11.85099 11.43821 
  16.70747 18.55467 15.96898 15.56337 16.05397 16.98381 16.72002 17.15608 17.18561 17.85151 19.31233 18.83317 17.5225 17.8583 15.71079 15.05122 16.005 13.53011 10.64612 12.60893 13.34395 12.04199 11.41764 
  16.67997 18.48153 15.8404 15.49917 16.13244 17.01203 16.64441 16.79821 16.801 17.25084 19.11631 19.27528 17.90607 18.18764 16.21134 15.22828 16.40577 14.10341 10.29726 12.82434 13.47806 11.46898 10.91004 
  16.65247 18.40838 15.7761 15.43497 16.23946 16.96969 16.4887 16.41017 16.30239 16.54251 18.36021 19.2437 18.25128 18.37976 16.75654 15.05122 16.4965 14.41211 10.53093 13.02436 13.88041 11.46898 11.19813 
  16.64697 18.33523 15.64752 15.37076 16.27513 16.84267 16.25513 16.02214 15.85872 15.91289 17.334 19.21212 18.32799 18.62676 17.30175 15.00014 16.25022 14.67671 10.49253 12.93204 13.61217 11.32693 10.90318 
  16.65247 18.26209 15.58323 15.37076 16.28226 16.60658 16.02155 15.6341 15.26717 15.20456 16.64987 18.86475 18.44306 18.62676 17.39796 14.74477 16.40577 15.02951 10.45413 12.27044 12.91478 11.01621 11.73614 
  16.63047 18.04265 15.45464 15.43497 16.30367 16.13438 15.55441 15.24607 14.8235 14.57494 15.79469 18.3279 18.44306 18.32487 17.52624 14.79584 16.4965 15.20591 10.41573 12.16273 12.67337 10.91855 11.43135 
  16.58097 17.89635 15.45464 15.56337 16.36074 15.74089 15.3987 14.85803 14.45378 14.26013 15.45263 18.26474 18.4047 18.24253 17.75074 15.05122 16.52242 15.42641 10.10909 11.45422 11.50902 10.77651 11.65741 
  16.52597 17.60377 15.7761 15.85031 16.41068 15.1113 15.3987 14.47 13.78827 13.70921 14.85401 17.82263 18.28963 17.99553 17.84695 15.25212 16.85944 15.82331 9.997588 12.10119 12.04186 10.51905 11.57868 
  16.41048 17.31118 16.09757 16.10536 16.3108 14.48171 15.24298 14.15957 13.27066 12.92217 14.25539 17.50684 17.90607 17.55641 17.4621 15.05122 16.56131 15.51461 10.0185 11.18916 11.41035 10.09066 10.66995 
  16.24934 16.79916 16.23979 15.72278 15.40257 14.00951 14.30869 13.77153 12.53121 12.05644 13.57125 16.32623 16.21838 16.07623 15.82649 13.67219 14.88867 13.88291 9.844269 10.65903 11.07486 10.25197 10.93061 
  16.24934 17.0186 16.03328 15.30656 14.70425 13.85212 12.98512 13.4611 12.0136 11.97774 13.05815 14.84998 13.09831 12.79023 10.56236 9.943727 9.976791 9.996299 9.649135 10.18192 11.25247 10.39476 10.8826 
  16.13219 16.8723 15.7761 15.24235 14.70425 13.61602 12.90726 13.22828 11.56993 11.58422 12.63056 14.25948 12.78002 12.5164 10.38882 9.432978 9.530257 9.910014 9.586412 9.76055 10.26574 10.47466 10.68367 
  15.95648 16.79916 15.26176 14.92133 14.56459 13.77342 12.67369 13.4611 11.56993 11.34811 11.94643 13.89042 12.39807 12.03719 10.15743 9.177604 9.809341 9.708684 9.68398 9.548598 9.868846 10.22777 10.88946 
  15.83934 16.65287 15.06888 14.66451 14.49476 13.53732 12.59584 13.53871 11.27416 11.0333 11.68988 13.66898 12.01612 11.62644 10.27313 9.024379 9.418624 9.708684 9.47741 9.700768 10.11139 10.25197 10.66309 
  15.78077 16.57972 14.94029 14.5361 14.3551 13.30122 12.44012 13.30589 11.05232 10.79719 11.60436 13.74279 11.69782 11.21569 9.868195 8.92223 9.13954 9.564878 9.739733 10.05822 10.20653 10.56344 10.82086 
  15.78077 16.50657 14.876 14.4719 14.1456 13.14383 12.28441 13.15067 10.83049 10.48238 11.68988 13.66898 11.44319 10.94186 9.7525 9.330829 9.418624 8.921124 8.931291 9.494252 10.85778 10.40364 10.44696 
  15.78077 16.57972 14.94029 14.40769 13.93611 12.90773 11.97298 12.84025 10.38682 10.32497 11.34781 13.44755 11.50685 11.01032 9.926042 8.569577 9.13954 9.6224 9.677011 9.84617 10.64069 10.65222 10.79342 
  15.89791 16.79916 14.74741 14.21508 13.58695 12.43554 11.50583 12.14178 10.16499 9.616647 11.09126 12.78324 10.99758 10.46265 9.694652 8.92223 9.083723 10.08258 9.649135 10.05822 10.28547 10.74988 10.75913 
  16.01505 16.94545 14.49024 13.82985 13.0283 11.49115 11.11655 11.98657 10.09104 8.199992 10.3216 12.41417 10.29733 9.504236 8.711245 8.138776 9.013186 9.363547 8.977571 10.30561 10.30521 10.07453 10.11292 
  15.78077 16.8723 13.59013 12.16054 11.49201 9.287579 10.1044 10.82246 8.16848 7.334259 10.74919 11.74986 9.469773 9.093486 8.769092 8.71793 9.13954 9.82373 9.060878 9.537729 10.10241 10.02614 10.46287 
  15.01934 16.0677 11.9185 9.592359 10.02555 8.736686 9.014402 10.124 8.020591 7.255555 10.3216 11.01174 9.533432 9.504236 8.82694 9.228679 8.68935 9.737446 9.458898 10.11123 10.14733 10.45691 10.58217 
  13.96505 14.89735 10.9541 8.950315 8.559088 10.62546 9.403688 8.882288 7.502978 7.176852 9.894018 11.15936 10.23368 9.641152 8.097127 8.71793 9.195356 9.852491 9.486666 9.934525 10.10241 10.03421 10.39924 
  12.79363 13.50757 10.43975 8.757701 9.187572 9.83847 10.41583 10.66725 8.686092 7.255555 11.86091 12.19274 10.29733 9.572694 9.000482 8.769005 9.195356 10.11134 9.99062 9.987537 10.1868 10.38588 10.25608 
  11.03649 11.38632 9.732525 9.207132 8.209931 8.579288 10.6494 10.82246 8.686092 7.806477 11.51884 12.11892 10.48831 9.230403 8.711245 9.024379 9.641891 9.852491 9.76064 9.863841 10.03054 10.62559 10.44696 
  10.04078 10.14284 8.575243 8.565087 8.698751 9.13018 9.870832 10.35682 8.242425 8.829617 11.86091 11.89749 9.469773 8.95657 8.292055 8.973304 9.586074 9.095765 9.537629 9.586641 10.12936 10.43027 10.79342 
  7.711449 8.829355 9.08959 8.051452 8.908245 9.287579 10.18226 9.89118 8.390314 8.908319 12.03195 11.74986 9.087822 8.271986 8.653397 8.82008 8.60103 9.223835 9.366335 9.613814 10.20653 10.63446 10.77285 
  7.325482 8.480778 7.674507 8.629292 8.209931 8.815385 9.870832 9.89118 8.833982 8.593507 10.66367 10.56887 8.833188 8.203528 8.59555 8.527886 8.851268 9.351905 9.412616 9.952195 10.36441 10.09066 10.25608 
  8.17461 9.923396 9.025297 9.078723 9.11774 8.815385 8.78083 9.425537 7.798757 8.199992 10.57816 10.34743 8.960505 8.477362 8.537702 8.82008 9.362807 9.794969 9.537629 9.899182 10.30521 10.41252 10.80714 
  10.50935 11.02059 9.475351 9.207132 9.187572 8.894083 8.858688 9.037502 8.981871 8.278695 9.038848 9.75693 8.32392 8.203528 8.479855 8.110983 9.530257 9.536116 9.600351 9.67903 10.14733 10.27616 11.08152 
  10.97792 10.36227 8.446656 8.565087 9.885885 9.444976 8.391544 7.873396 8.242425 8.199992 8.782297 9.461681 8.642213 7.554258 8.318046 8.4723 9.474441 9.42107 9.886084 10.51766 10.01258 10.21164 10.99235 
  9.923634 10.14284 8.575243 8.436678 9.11774 8.894083 8.547259 8.727074 7.946646 7.88518 9.209883 9.166432 8.451237 8.888111 8.942635 9.024379 9.083723 9.449832 9.586412 9.619249 10.10241 10.47466 10.78656 
  10.62649 9.265079 8.446656 9.142927 9.11774 7.870997 8.391544 8.261432 8.390314 8.908319 8.183678 8.280684 7.733056 7.709141 8.318046 8.625164 8.777669 8.6417 9.014597 9.828499 10.26574 10.30036 10.4231 
  10.74363 11.38632 9.025297 8.757701 8.070269 8.657987 7.846544 8.261432 8.390314 8.357398 7.756093 7.472966 7.297291 8.13507 8.59555 8.652958 9.13954 9.142336 9.162697 9.793158 9.779013 10.17132 10.40719 
  10.8022 11.38632 10.43975 9.014519 6.984779 7.556202 7.457258 7.485361 8.390314 8.357398 7.018735 8.206872 8.642213 8.477362 8.59555 8.973304 8.895428 9.293691 10.10909 9.969866 10.26574 10.13906 10.27199 
  10.45078 9.703957 8.51095 7.730429 7.511617 6.92661 7.223686 7.407754 7.650867 7.88518 7.344267 7.451504 7.340868 8.076988 8.537702 8.71793 9.083723 9.392309 9.468154 9.67903 10.16706 10.29229 10.48673 
  10.62649 9.85025 7.674507 7.220417 7.162459 7.241406 6.912257 6.836426 7.429033 7.015273 6.809464 8.13306 7.704004 8.203528 8.59555 8.55568 9.418624 9.177264 9.246003 9.810828 10.16706 10.5812 10.35152 
  10.04078 9.557664 7.932309 7.345202 7.790942 6.5588 6.294736 7.019719 7.355089 7.412961 7.499541 7.816349 7.573275 7.902745 7.863214 8.569577 8.60103 8.851268 9.431129 9.613814 10.03054 10.0826 10.37538 
  9.279349 9.177935 9.282471 7.537816 7.302123 6.769213 6.454715 5.825583 7.281144 7.649071 7.390772 7.129582 8.32392 8.614278 8.175098 9.024379 9.418624 9.6224 9.264516 9.828499 9.886812 10.13906 10.83458 
  8.927921 9.630811 8.51095 7.137226 6.870726 6.664006 5.750809 5.825583 5.809572 6.899859 7.414024 7.837811 8.260262 8.096349 7.811234 8.263847 8.865988 9.130693 9.704887 9.640987 10.20653 10.77651 10.71797 
  8.86935 8.306488 7.287804 7.537816 6.186408 5.962631 6.8344 6.864505 6.427632 6.368956 7.088491 7.23689 7.486123 7.767222 8.357031 8.291641 8.085835 9.651161 9.725795 9.810828 10.12936 10.33262 10.61398 ]
