 [
  3.750827 3.23107 3.6627 5.46477 5.499691 5.660105 5.581969 4.58497 5.715086 6.165837 6.5329 6.825705 6.636739 7.653923 8.518211 8.383259 9.284856 9.705884 9.919742 10.25887 10.32307 10.46199 10.79712 
  3.71984 4.214353 5.156281 5.301885 4.993354 5.007096 5.222743 5.978924 6.563245 6.779726 6.093412 6.708059 7.545912 7.924594 8.029741 8.333422 8.918962 8.967705 9.55448 10.28524 10.39648 10.32167 10.70681 
  5.145276 4.257104 4.486745 4.89467 4.453625 4.759779 5.319883 5.382991 6.413526 6.165837 7.229781 7.621297 8.072568 8.607255 8.351191 8.899728 8.918962 9.058717 9.640749 10.1534 9.749714 9.975015 10.40898 
  5.548117 3.658584 3.508192 4.976113 4.863074 5.05656 5.407246 5.814214 5.877158 6.575141 7.229781 7.472757 7.480971 7.829063 8.725776 8.794636 9.144422 9.639769 9.93967 9.995183 10.2944 10.54109 10.76701 
  6.305242 4.898375 5.413795 5.24759 5.790354 5.155487 5.271313 5.649504 6.188948 7.052325 6.825892 6.899234 7.318619 8.036047 8.057693 8.383259 9.096108 10.20175 10.11902 10.12703 10.21795 10.3 10.50075 
  6.079422 4.727369 5.31079 5.35618 5.596579 5.171974 5.494607 5.47507 6.787823 7.324924 6.15201 7.002174 7.286148 8.15859 8.587399 8.74209 9.144422 9.342252 9.760317 9.952525 10.2084 10.28917 10.44569 
  5.052313 4.812872 3.714203 4.541751 4.881686 4.941145 5.198458 5.352298 6.039229 7.393073 6.825892 7.296288 7.578382 8.233368 8.725776 8.602545 9.096108 9.507539 9.700533 9.312657 10.36129 10.65975 10.57417 
  5.778329 4.000596 2.426633 4.67749 4.900297 4.545437 5.581969 5.382991 5.862424 6.711576 6.195959 7.01688 6.750385 8.020125 8.239383 8.492902 9.331667 9.474482 9.389129 9.824552 10.36129 10.22417 10.70681 
  4.95935 3.487579 3.971717 5.46477 4.770018 4.908169 5.319883 5.814214 5.332006 6.458197 7.428575 7.208054 8.072568 8.308146 8.518211 8.203843 8.113748 9.159842 9.453831 9.867209 10.08417 9.964182 10.45793 
  5.36219 4.727369 3.971717 3.917356 4.714184 5.369828 4.591332 5.229525 5.744553 6.575141 7.030987 7.369817 7.610853 8.020125 8.309263 8.66235 9.472101 9.573654 9.700533 9.483289 10.09373 10.27833 10.30498 
  4.711448 3.701336 3.559695 4.460309 5.34697 5.402804 4.882752 5.07606 6.263807 6.614123 6.503601 7.075703 7.643323 7.669844 8.518211 8.572642 9.015587 9.342252 9.660677 9.995183 9.959944 10.00751 10.54358 
  5.579104 4.428109 3.611197 4.134537 4.695572 4.528949 3.76564 5.091406 5.597215 5.678569 7.229781 7.472757 7.497206 7.574313 8.211431 8.572642 9.144422 9.276136 9.489777 9.856544 10.57239 10.46199 10.70681 
  5.703055 3.658584 3.920214 3.727323 4.2489 4.528949 4.154201 5.398337 6.114089 7.393073 7.428575 7.355111 7.643323 8.083813 7.554556 8.104168 9.144422 9.139617 9.180643 9.675249 10.64276 10.54109 10.64661 
  5.548117 3.872341 4.538248 4.188833 4.416402 4.611388 4.809897 5.03002 5.921359 6.438706 6.957739 7.310994 7.94031 8.15859 7.848053 8.572642 9.191233 9.260967 9.740389 9.760565 10.36129 10.6993 10.67671 
  5.300215 4.171601 3.250678 4.080242 4.509459 4.875194 5.125603 5.367644 5.479345 5.464171 7.229781 7.740426 7.675794 7.844985 7.889981 8.492902 9.080005 9.639769 9.680605 10.07429 10.46684 10.54109 10.19485 
  5.853602 4.214353 4.229231 5.166147 5.21669 5.188462 4.567047 5.444377 6.114089 6.847876 6.459652 7.502169 7.594617 7.860907 8.239383 8.522804 8.741815 9.276136 9.84003 9.995183 9.998168 10.19167 10.46405 
  4.525521 3.402076 4.229231 4.867523 5.365581 4.990608 5.407246 5.814214 5.995028 6.341253 6.606148 6.781588 7.140031 8.15859 8.794964 9.00482 8.61298 9.19018 9.680605 9.835217 10.23707 10.58064 10.55582 
  5.114288 3.615833 3.765706 4.243128 5.328359 4.611388 5.174173 6.143633 5.906625 6.916026 7.759898 7.859554 7.545912 7.860907 8.449023 8.70222 9.144422 9.220517 9.532911 9.504618 10.34218 10.32167 10.26215 
  5.703055 4.428109 4.126225 4.297423 4.211677 5.369828 4.858468 4.830515 5.641417 6.633614 6.752644 7.458052 7.351089 7.064814 8.057693 8.682285 9.144422 9.154786 9.525723 9.707243 9.912165 10.31083 10.48852 
  5.114288 3.658584 4.332237 5.301885 5.123633 5.155487 5.271313 5.649504 6.563245 6.126855 7.296045 7.919119 7.675794 7.383251 8.225407 9.057365 8.886753 8.952536 9.360372 9.845881 10.39648 10.42244 10.58029 
  5.176264 3.060065 3.456689 4.704637 4.676961 4.347583 4.591332 4.922595 5.611949 5.912457 7.296045 6.855116 7.659558 7.860907 8.085646 9.00482 8.999483 9.14973 9.496965 9.856544 10.01728 10.15917 10.64661 
  5.486141 4.599115 5.156281 5.843714 5.693467 5.574338 5.319883 5.214179 6.024496 7.120474 6.327806 7.134525 7.94031 8.233368 8.864151 9.057365 8.806231 9.078942 9.489777 10.33798 10.64276 10.85751 11.79046 
  4.463545 8.242638 9.228676 9.633153 10.1503 10.37729 10.91105 11.08493 11.8034 12.7769 12.19963 12.32688 13.49515 14.29035 12.66949 12.9983 13.40426 11.98685 11.79298 13.56143 12.50748 14.61495 16.294 
  4.649472 8.158277 8.98408 8.591057 8.987644 8.919254 9.513262 9.60254 10.68051 11.8228 11.27192 11.55254 12.83386 13.99124 11.90843 12.15757 12.88933 11.35876 10.19873 12.44748 11.73344 12.43959 13.95776 
  3.967741 6.217961 7.679573 8.212113 8.309431 7.890049 7.503935 6.555408 7.461557 9.096814 10.07916 11.43341 12.10644 12.34613 12.66949 12.31521 12.18716 11.65628 11.81291 12.73754 12.71858 13.19108 14.43938 
  4.773423 6.217961 5.967408 3.917356 5.179468 5.831639 5.004178 5.814214 5.700352 6.916026 7.163516 8.395633 9.99031 12.04702 12.87706 12.78812 12.51484 11.68933 12.11183 13.15944 13.07041 13.27018 13.77715 
  4.060705 5.880516 5.722813 4.134537 5.499691 5.303877 4.785612 6.390698 6.413526 6.068383 6.91379 7.919119 7.07509 7.653923 7.903957 8.612513 9.128317 9.970344 10.09909 10.1534 10.57239 10.6993 10.64661 
  3.750827 4.770121 5.31079 5.843714 5.693467 5.221438 4.858468 5.567149 6.638104 6.419216 6.664747 6.561002 7.318619 8.020125 8.253359 8.492902 9.612535 9.937286 9.680605 10.39072 9.883497 10.08334 10.76701 
  5.424166 5.796154 6.130471 6.222658 5.365581 6.088941 5.756694 4.907248 6.039229 7.324924 7.627369 8.514762 9.92418 10.85058 11.42411 12.47285 13.40426 13.20998 12.30336 12.21016 11.24088 11.17392 11.00782 
  7.359069 7.145938 6.53813 6.601602 6.953005 7.975816 6.8924 7.049538 7.536417 8.892365 9.615309 10.7782 11.90805 13.16868 13.7765 15.25778 17.61082 17.94526 16.21707 15.56729 14.5833 14.81271 14.28888 
  8.638716 7.905191 6.048939 7.454226 8.600094 8.14735 8.290194 8.202506 9.183323 9.642012 10.14543 11.07603 13.03224 14.58946 15.57539 17.52711 18.98556 18.75213 17.78256 17.09557 16.79482 16.1595 15.74449 
  10.44527 9.339337 6.701193 6.41213 8.406319 8.318884 8.814365 8.943701 10.38107 10.32351 11.80204 12.02905 13.49515 14.73901 15.78296 18.2135 19.35216 19.35728 18.45348 17.7642 17.58114 17.45122 17.11828 
  12.25183 10.85784 7.761105 6.506866 8.406319 8.404652 9.076451 9.27312 9.707338 10.80056 12.59722 12.68426 13.95805 15.48679 16.95915 19.19404 20.26866 19.0547 18.45348 18.3373 17.7956 17.93562 17.80518 
  14.05839 13.64177 12.97913 11.24366 10.24718 8.576185 8.552279 9.43783 9.48276 11.07315 13.52492 13.16078 14.81773 16.83278 17.98325 19.48821 20.26866 19.86157 19.23622 19.10144 19.01082 18.09709 17.87387 
  14.81113 14.56975 14.85436 13.51733 12.37871 10.8919 10.64897 11.74377 12.77657 15.16213 16.57448 14.53076 15.47902 17.58056 18.79703 20.17459 20.72691 19.65985 18.78894 19.38799 19.22527 18.3662 18.21732 
  15.18749 15.91953 15.58815 14.55942 13.92891 12.60724 12.22149 13.55558 13.89946 16.15508 17.34656 15.87073 17.35869 18.76143 19.20392 20.27265 20.63526 19.76071 18.67712 19.29247 19.36824 18.68913 18.76683 
  16.0045 17.18187 17.18009 16.45414 15.47911 13.63644 13.26983 14.70854 14.79778 17.38995 18.89073 17.17332 18.76451 20.38803 19.88208 21.2532 20.91021 19.45814 18.78894 18.43282 19.15379 18.79677 18.69814 
  16.77618 18.23927 18.42825 17.9495 16.73865 15.00872 14.23081 14.87325 15.62123 18.1103 19.75933 18.47591 20.0766 21.42906 20.08552 21.2532 19.99371 18.44955 17.4471 17.85971 18.08153 17.3974 17.53042 
  17.23218 18.78756 19.10907 18.82021 17.80441 15.69485 15.27916 15.36738 16.49795 19.24226 21.01397 18.94112 21.20126 21.75438 20.96712 21.64542 20.26866 17.44097 16.44071 16.61799 17.50966 16.75154 14.78283 
  17.47771 19.02254 19.50621 19.43482 18.54816 16.4729 16.3275 16.10858 17.27726 20.06552 21.40001 19.87153 21.85731 21.75438 21.44183 21.64542 20.08536 17.64269 15.65797 15.75833 17.15224 17.07447 14.01796 
  17.54787 19.0617 19.73315 19.89578 19.14316 17.0244 16.85765 16.89976 17.86174 21.09458 21.59303 20.15066 22.04475 21.42906 21.57746 21.15514 19.81041 17.8444 15.65797 15.47178 17.15224 16.75154 14.92021 
  17.51279 18.98337 19.73315 20.04944 19.44066 17.52994 16.89319 17.33131 18.54363 21.60911 21.40001 20.70891 21.48243 20.77842 20.83149 19.78237 18.80226 17.23925 15.32251 14.99419 16.0085 15.6751 14.22867 
  17.44264 18.90505 19.73315 20.10065 19.58941 17.75973 16.82211 17.61901 19.51777 21.91783 21.11048 20.98804 20.73265 20.12778 19.543 18.01739 17.51917 16.6341 14.31613 14.5166 15.1507 15.12913 14.16847 
  17.37249 18.86588 19.67641 20.10065 19.639 17.85164 16.89319 17.90672 20.39449 21.4033 20.24188 20.89499 19.32684 19.67233 18.6614 16.2524 15.59453 14.7178 12.86246 13.65694 14.86476 15.40599 15.33235 
  17.30233 18.82672 19.67641 20.04944 19.68858 17.85164 16.99982 18.33827 20.78414 20.99167 20.33839 20.33674 17.92101 19.15181 17.84761 15.20523 14.20005 13.81007 12.19154 13.56143 14.7944 15.51364 15.40104 
  17.26726 18.82672 19.67641 20.04944 19.68858 17.85164 17.14199 18.9856 21.17379 20.47714 20.72443 19.87153 17.26497 18.82649 17.57635 14.78486 13.45107 12.8794 11.49406 13.37039 14.93625 15.83657 16.01925 
  17.1971 18.82672 19.67641 20.04944 19.73816 17.85164 17.53295 19.48908 21.07638 20.16842 20.72443 19.49937 16.51519 18.17585 17.30509 14.57468 13.31063 13.07775 11.49406 13.23855 15.07921 16.37479 16.294 
  17.16203 18.86588 19.61968 20.04944 19.83733 17.8976 17.78175 19.84871 20.88155 19.96261 20.4349 19.03416 16.14031 18.37104 17.7798 14.62723 13.26382 12.71412 11.39442 13.21218 15.1507 16.59007 15.95056 
  17.16203 18.90505 19.61968 20.10065 20.03567 17.8976 18.13717 20.06448 20.88155 19.7568 20.53141 18.84807 16.14031 18.11079 17.50854 14.9425 13.40426 12.648 11.51399 13.37039 15.50812 17.12829 15.95056 
  17.09187 18.94421 19.61968 20.20309 20.234 17.94356 18.59922 20.13641 21.36862 19.8597 20.82094 18.84807 16.32775 17.98066 17.64417 14.83741 13.07658 12.74717 11.53391 13.65694 15.72257 17.28976 16.15663 
  17.02172 18.90505 19.56294 20.40796 20.43233 17.8976 18.67031 20.35219 21.75827 19.55098 20.62792 19.22024 16.32775 18.04572 17.84761 14.88996 13.21701 13.07775 11.61363 13.9435 15.93702 17.34358 15.81318 
  16.91649 18.86588 19.39274 20.66405 20.58108 17.98952 18.74139 20.63989 21.75827 19.55098 20.72443 19.77849 16.70264 18.30598 18.11888 15.04759 13.77875 13.04469 11.21507 14.23005 16.4374 17.77415 16.01925 
  16.77618 18.78756 19.22254 20.81771 20.58108 18.2193 18.70585 20.28026 20.97897 19.55098 20.04886 19.87153 16.89008 18.24091 18.25451 14.9425 14.05962 13.11081 11.25492 14.23005 16.65186 17.8818 16.22532 
  16.67095 18.59174 18.8254 20.66405 20.43233 18.44909 18.38597 19.77678 20.78414 18.93355 19.18027 20.15066 17.54613 18.37104 18.25451 15.46796 15.13628 13.44138 11.91255 13.9435 16.65186 17.82798 16.15663 
  16.49557 18.3176 18.42825 20.15187 20.38275 18.54101 17.995 19.63293 20.78414 18.62483 18.21516 20.15066 18.76451 18.30598 18.6614 16.54656 16.51102 13.81007 13.0861 13.65694 16.72334 17.82798 16.50007 
  16.35526 18.16095 18.25805 19.84456 20.72983 18.72484 17.995 19.20138 20.19966 18.31611 17.34656 19.31328 19.42056 17.91559 18.93266 18.01739 17.61082 14.91951 14.42795 13.46591 16.65186 17.66651 16.50007 
  16.21496 18.0043 18.03111 19.99822 20.92817 19.0925 17.92392 19.2733 20.39449 17.69867 16.7675 18.75503 19.88916 17.98066 19.13611 19.09599 18.43567 15.4238 15.09887 12.97486 15.86553 16.80536 15.60711 
  16.07465 17.76932 17.6907 19.99822 20.77942 19.27633 17.67512 19.77678 20.58931 17.49286 16.47797 17.73157 19.608 18.11079 18.59358 19.48821 18.61897 15.4238 14.87523 13.15944 14.82958 15.32689 14.22867 
  15.82911 17.45601 17.23683 19.53726 20.33316 18.81676 17.35524 20.06448 20.39449 16.97833 16.09193 16.89419 19.51428 18.24091 17.57635 19.58626 18.52732 15.12123 14.42795 12.21016 13.24633 12.83511 13.17513 
  15.61865 17.18187 16.95315 18.92264 19.68858 18.2193 17.17753 19.77678 19.61518 16.25798 15.51286 16.05682 19.13939 18.24091 17.09753 19.48821 18.89391 15.82724 14.76341 12.31564 12.85931 12.63735 12.51289 
  15.44327 16.75108 16.49928 18.46168 19.39108 17.39206 16.82211 19.41715 18.83587 15.43473 14.58516 15.1264 18.10846 17.65534 16.47483 19.19404 18.71061 15.62552 14.42795 12.21016 13.3167 13.54705 11.67006 
  15.33804 16.59443 16.15887 17.74463 18.99441 17.11632 16.71548 18.26634 16.98502 14.61694 13.78998 14.17337 16.23403 16.23456 15.16026 17.23295 16.41937 14.11265 12.41518 11.60368 13.59816 14.17988 11.15833 
  15.26277 16.34134 15.99581 17.59097 18.59775 16.93248 16.89319 18.33827 16.49795 14.13989 13.45866 14.05424 15.94192 16.38412 15.57539 17.91933 17.33587 15.12123 12.75064 11.49821 12.43711 12.5978 10.97772 
  15.11222 16.34134 15.75121 17.11729 18.05233 16.42695 16.75102 17.40324 14.79778 13.45839 12.79601 13.4586 14.09031 14.4399 14.12244 16.44851 15.22793 13.5075 10.91614 10.49619 11.27606 12.04407 11.36904 
  15.11222 16.4257 15.91427 16.26467 17.31997 16.38099 16.99982 16.82783 14.49834 13.79914 12.86228 14.11381 15.01612 14.58946 14.19163 16.15434 14.15324 12.648 10.91614 11.4191 12.29638 12.6769 11.67006 
  14.96167 16.08826 15.75121 15.50678 16.06044 15.43755 16.50223 16.02622 12.77657 13.18579 12.19963 12.68426 13.09837 13.61735 13.84569 14.88996 13.96599 13.27609 11.11542 10.83899 10.81868 11.80676 11.97107 
  15.03695 15.49773 15.09896 14.27522 15.18845 15.43755 15.01707 14.13206 12.92629 14.13989 12.39842 13.16078 13.56128 13.24346 12.60031 13.52376 12.7489 12.1852 11.11542 10.94446 10.53721 11.72765 12.09147 
  14.13367 14.48539 14.28364 12.3805 12.96004 13.46491 12.83302 11.90848 11.8034 12.84505 10.54301 12.32688 13.03224 12.57047 12.18518 12.9983 12.32759 10.59844 10.69694 10.89172 10.0555 11.05527 11.79046 
  13.53148 13.1356 12.16382 9.633153 10.1503 10.6346 11.2605 10.5908 10.08164 11.61835 11.1394 10.36125 11.04837 11.52358 11.63167 12.15757 11.48499 9.507539 10.09909 10.83899 10.13195 10.06168 10.79712 
  12.47766 11.70146 10.69625 8.022642 9.181419 10.72036 11.34787 9.931959 9.931917 11.4139 10.80807 10.30169 11.24676 11.82269 12.0468 11.8423 11.06369 9.309194 9.576047 11.10267 10.60758 10.46199 10.70681 
  10.06891 9.50806 8.739485 8.117377 8.212543 9.433857 10.47424 9.43783 10.08164 11.9591 9.946632 10.30169 11.04837 10.62625 11.4933 11.47447 11.01688 9.937286 9.720461 11.31362 10.92423 10.46199 10.70681 
  7.509615 9.086253 9.147143 6.88581 6.565454 8.833487 10.82369 9.76725 9.55762 11.2776 10.34422 10.65908 11.24676 10.40192 11.14736 10.63374 10.22108 10.2348 10.03931 11.04994 10.78349 10.65975 10.82722 
  7.735435 9.50806 8.902549 6.88581 7.340555 8.061584 9.687986 9.355474 8.734167 11.48205 10.47675 10.89733 11.51128 10.7758 10.80142 10.37101 10.17427 9.309194 10.3183 11.20815 10.67794 10.85751 10.50075 
  8.638716 9.086253 8.331827 6.696338 7.340555 8.061584 9.338537 8.202506 7.760995 10.32351 10.21169 10.65908 10.58547 9.65414 10.66304 10.31847 10.03384 9.220517 9.568857 10.2325 10.50203 10.6993 10.28662 
  9.692542 8.158277 7.108851 6.317394 6.468567 7.118145 8.377555 8.202506 7.686136 9.91461 9.615309 9.825176 10.05644 8.457701 10.17872 9.687916 9.047796 9.245799 9.245345 10.10066 10.27529 10.17001 11.03793 
  11.42383 9.676784 9.065612 7.643698 7.049892 7.375447 7.416573 8.449572 9.632479 9.096814 9.283985 9.884741 9.32902 9.429809 9.417656 9.950645 10.08065 9.139617 9.29567 9.65392 10.60758 10.50154 10.61651 
  11.27328 10.26731 10.12552 7.548962 6.274792 7.718515 7.853383 7.461312 8.43473 8.415318 9.085192 9.169969 8.932245 8.607255 9.556032 8.74209 9.238045 9.276136 9.700533 9.845881 10.85386 10.54109 10.53746 
  11.4991 9.254976 8.250295 5.654242 5.984129 5.831639 6.280866 5.567149 6.563245 7.393073 7.36231 7.859554 8.006439 8.607255 9.140903 9.109911 9.518912 9.441423 9.583236 10.28524 10.88904 10.85751 10.70681 
  9.617269 8.242638 8.087232 6.127922 7.14678 6.68931 6.979762 5.214179 5.405676 6.53616 6.591498 7.919119 8.270955 8.051969 8.449023 8.522804 8.774023 9.266024 9.959598 10.17976 10.95941 10.6202 10.85732 
  10.59582 10.43604 8.98408 6.791074 5.790354 6.088941 6.717676 6.637763 7.087261 7.324924 8.024957 8.157376 7.808052 8.308146 9.002527 9.00482 8.886753 9.441423 9.720461 9.888538 10.43166 10.13751 10.56805 
  10.97219 9.676784 8.657953 7.170018 5.596579 5.745872 5.271313 5.275565 6.862682 7.529372 7.428575 8.097812 8.337084 8.457701 8.864151 9.057365 9.191233 9.507539 9.700533 9.995183 10.39648 10.54109 10.67671 
  10.97219 9.761145 9.147143 7.927906 6.468567 6.432009 6.542952 5.505763 5.744553 6.711576 6.401053 8.514762 8.072568 8.308146 8.518211 8.70222 9.378478 9.250855 9.353183 10.41708 10.71313 10.34333 10.20709 
  10.74637 9.086253 7.434978 5.559506 5.596579 5.917406 7.154487 6.555408 6.114089 6.029402 6.576849 7.680861 7.675794 8.457701 8.794964 9.109911 8.886753 9.164899 9.899814 9.94186 10.53721 10.6202 10.91752 
  9.617269 8.91753 8.821016 5.559506 5.402804 6.517776 6.8924 5.814214 5.995028 6.779726 7.428575 8.157376 8.535471 8.532478 8.183478 8.602545 9.0639 9.375309 9.453831 9.899202 10.39648 10.50154 10.82722 
  9.918362 9.50806 8.739485 6.317394 5.790354 5.402804 5.669332 6.720118 7.012401 6.711576 6.92844 7.384523 7.874181 8.382923 8.351191 8.847182 9.191233 9.738941 9.879886 10.07429 10.46684 9.650029 10.20097 
  10.14418 9.001891 8.98408 6.317394 5.693467 6.088941 6.280866 5.978924 6.263807 6.302272 7.030987 7.978683 8.204825 8.382923 8.518211 8.66235 8.935066 9.245799 9.489777 10.2325 10.88904 10.08334 10.29274 
  9.391449 9.001891 8.821016 5.843714 5.328359 5.35334 5.174173 6.637763 7.012401 7.529372 6.298506 7.978683 7.874181 8.004204 7.736245 8.413161 8.645189 9.441423 9.604803 10.07429 10.46684 10.6993 10.46405 
  9.993635 9.592422 7.190383 3.971652 5.596579 6.174707 6.717676 5.551803 5.096266 6.321763 7.494839 7.978683 8.204825 8.233368 8.794964 8.952273 9.518912 9.573654 9.640749 10.10066 10.36129 10.04001 10.61651 
  9.767815 9.845507 7.679573 6.033186 5.596579 5.488571 5.756694 5.490417 5.42041 5.639588 6.869841 7.740426 7.808052 8.308146 8.725776 8.847182 9.284856 9.540596 9.29567 10.1534 10.50203 10.05084 10.61651 
  9.843088 9.423698 7.108851 5.559506 5.790354 5.488571 5.174173 5.814214 6.413526 6.779726 7.36231 8.395633 7.578382 7.844985 8.267335 9.057365 8.95117 9.01321 9.780245 10.49619 10.39648 10.27833 10.58641 
  10.14418 9.170614 6.048939 6.601602 5.402804 5.488571 4.955607 5.459723 5.980294 6.984175 6.664747 6.855116 7.156266 7.956438 8.518211 8.794636 9.238045 9.240743 9.700533 10.31161 10.30396 10.50154 10.67671 
  9.316175 9.761145 8.331827 7.454226 5.328359 6.003173 6.106142 6.225988 5.611949 6.779726 6.91379 8.21694 7.741923 8.083813 8.015765 9.057365 8.83844 9.27108 9.410696 9.867209 10.17017 10.65975 10.56805 
  9.767815 9.50806 7.842637 6.222658 5.499691 6.088941 5.407246 5.290912 5.155201 5.951439 7.428575 7.472757 7.594617 7.797219 8.794964 8.794636 9.331667 9.672827 9.611992 10.36435 10.36129 10.89706 11.00782 
  9.090355 7.736469 6.864256 5.843714 5.402804 5.303877 5.271313 5.814214 6.039229 6.477688 7.428575 6.663942 7.351089 7.303641 7.568532 8.592577 9.191233 9.27108 9.389129 9.760565 10.13195 10.12667 10.70681 
  8.488169 8.073915 8.0057 5.329032 5.887242 5.402804 5.319883 5.731859 5.464611 5.815004 6.767294 6.781588 7.269913 7.749454 7.876005 8.794636 9.378478 9.180067 9.879886 9.856544 10.14151 10.18084 10.23156 ]
